,日期,开盘,收盘,最高,最低,成交量,pe,pb,roe
0,2020-01-03,491.67,489.85,505.63,485.28,1790841,31.4201,3.8598,0.1228449304744415
1,2020-01-06,483.33,491.8,497.93,481.37,1138538,31.1244,3.8234,0.12284252869131614
2,2020-01-07,491.8,490.5,494.41,483.59,823032,31.3574,3.8521,0.12284500628240863
3,2020-01-08,486.98,478.89,494.15,478.24,820530,31.9937,3.9302,0.12284293470276961
4,2020-01-09,486.85,495.98,500.41,486.85,973297,31.8503,3.9126,0.12284342690649695
5,2020-01-10,498.98,500.41,513.72,495.98,1012875,32.7823,4.0271,0.12284372969559793
6,2020-01-13,504.59,508.24,508.24,498.06,805884,32.0385,3.9357,0.12284282972049254
7,2020-01-14,507.32,491.93,507.46,491.02,1115816,32.4597,3.9875,0.122844635039757
8,2020-01-15,489.2,494.67,496.76,484.11,780883,32.5314,3.9963,0.12284439034286875
9,2020-01-16,500.02,501.06,514.11,499.5,1032444,32.0206,3.9335,0.12284279495075044
10,2020-01-17,505.24,519.72,526.37,505.24,1321882,31.8145,3.9082,0.12284335758852095
11,2020-01-20,517.89,535.63,536.15,514.11,1074075,31.5187,3.8719,0.12284453356261521
12,2020-01-21,528.32,516.72,535.63,516.19,942716,32.1012,3.9434,0.12284275977222035
13,2020-01-22,513.72,543.32,549.32,512.54,1090416,32.3522,3.9743,0.12284481426301765
14,2020-01-23,534.19,524.02,541.37,512.67,1115977,32.1909,3.9544,0.12284216968149385
15,2020-02-03,472.89,481.5,498.46,472.89,1802124,32.7644,4.0249,0.12284369620685864
16,2020-02-04,489.46,513.59,517.37,489.46,1348125,34.1177,4.1911,0.12284239558938614
17,2020-02-05,517.89,511.37,525.06,504.32,1254895,32.0833,3.9412,0.12284272503140262
18,2020-02-06,507.46,524.67,529.5,503.02,1076155,31.1871,3.8311,0.12284245729804952
19,2020-02-07,520.24,520.89,525.85,507.59,963202,28.3552,3.4833,0.12284519241620584
20,2020-02-10,515.93,536.41,544.5,512.8,1028561,28.642,3.5185,0.12284407513441799
21,2020-02-11,538.63,534.98,546.58,529.63,728438,27.8981,3.4271,0.12284349113380481
22,2020-02-12,531.58,536.67,538.76,526.76,813833,28.9198,3.5526,0.12284317318930284
23,2020-02-13,531.06,531.06,542.02,522.98,921121,29.6457,3.6418,0.12284412241910293
24,2020-02-14,528.98,527.93,537.06,522.58,859953,30.9183,3.956,0.1279501136867163
25,2020-02-17,537.45,575.54,579.32,530.67,1813868,29.9325,3.8299,0.12795122358640273
26,2020-02-18,572.02,580.89,580.89,562.37,1286441,30.0131,3.8402,0.12795079481959543
27,2020-02-19,580.36,582.84,613.75,578.28,1327127,29.9594,3.8333,0.12794982543041583
28,2020-02-20,588.58,594.71,601.36,583.36,1088150,30.1386,3.8562,0.127948876191993
29,2020-02-21,600.06,607.23,620.28,591.58,1191126,30.5867,3.9136,0.12795103754246126
30,2020-02-24,628.75,666.71,666.71,628.75,1398446,31.223,3.995,0.12795054927457325
31,2020-02-25,674.4,731.92,731.92,653.14,2768553,30.9183,3.956,0.1279501136867163
32,2020-02-26,710.92,677.66,716.53,671.79,2068191,30.8914,3.9526,0.12795146869355226
33,2020-02-27,680.27,684.58,699.71,654.58,1588426,31.1513,3.9858,0.12794971638422795
34,2020-02-28,644.4,665.27,678.32,644.4,1536741,31.6352,4.0477,0.1279492464090633
35,2020-03-02,691.36,725.27,730.49,671.79,2273848,32.0295,4.0982,0.12795079536052703
36,2020-03-03,752.66,703.62,752.66,697.88,2439031,31.2409,3.9973,0.12795085929022532
37,2020-03-04,691.1,683.01,704.14,653.53,1800910,29.9146,3.8276,0.12795090022931946
38,2020-03-05,710.92,690.18,713.01,683.27,1630876,29.6636,3.7955,0.12795142868701034
39,2020-03-06,672.06,676.49,682.23,665.53,965455,29.4934,3.7737,0.12795066014769405
40,2020-03-09,665.27,678.45,709.49,661.36,1563081,29.2066,3.737,0.1279505317291297
41,2020-03-10,671.79,719.53,721.23,651.97,2171685,29.6726,3.7966,0.1279496909606843
42,2020-03-11,720.05,697.62,747.31,696.58,1739020,29.7353,3.8046,0.12794893611297012
43,2020-03-12,680.01,683.79,692.14,665.4,1250095,30.4881,3.901,0.12795156142888536
44,2020-03-13,656.14,675.58,690.18,652.23,1297494,30.7122,3.9296,0.12794915375648766
45,2020-03-16,630.84,609.32,648.32,609.32,3087663,31.0975,3.9789,0.1279491920572393
46,2020-03-17,608.01,555.06,608.01,549.71,3072236,30.1924,3.8631,0.12794941773426427
47,2020-03-18,559.63,523.11,565.5,519.19,2542153,29.9146,3.8276,0.12795090022931946
48,2020-03-19,517.24,557.67,571.5,505.5,2752128,30.1386,3.8562,0.127948876191993
49,2020-03-20,561.19,559.37,564.84,537.45,1739661,30.1207,3.8539,0.12794855365247154
50,2020-03-23,534.98,545.67,564.58,530.93,1246403,30.0042,3.839,0.12794875384112891
51,2020-03-24,559.89,568.1,568.5,536.67,1576308,30.2013,3.8643,0.12795144579869078
52,2020-03-25,585.45,598.1,602.02,580.63,1862665,29.565,3.7829,0.12795197023507526
53,2020-03-26,587.15,575.28,590.41,572.67,1151427,31.1513,3.9858,0.12794971638422795
54,2020-03-27,586.89,579.06,591.97,576.71,907859,32.4687,4.1544,0.1279509188849569
55,2020-03-30,566.93,570.58,578.67,546.06,1115888,32.8003,4.1968,0.12795004923735454
56,2020-03-31,580.49,571.36,592.23,561.97,1180658,33.5889,4.2977,0.1279500072940763
57,2020-04-01,560.93,554.15,579.71,552.84,1214341,33.7502,4.3183,0.12794887141409533
58,2020-04-02,554.54,570.06,573.97,553.1,1237418,34.8077,4.4537,0.12795157393335385
59,2020-04-03,558.32,547.5,560.15,545.93,1478452,34.6554,4.4342,0.12795119952446082
60,2020-04-07,558.32,557.02,560.54,550.5,1247163,34.9511,4.472,0.12795019327002585
61,2020-04-08,551.8,549.58,562.1,546.58,1138415,34.7987,4.4377,0.1275248788029438
62,2020-04-09,553.5,549.45,560.54,548.8,870990,34.8436,4.4434,0.12752413642677562
63,2020-04-10,543.32,525.58,545.28,522.19,1315760,34.0908,4.3474,0.12752414141058585
64,2020-04-13,519.19,515.28,522.72,509.54,704261,34.2521,4.368,0.12752502766253748
65,2020-04-14,518.02,528.71,528.71,518.02,814616,34.494,4.3988,0.127523627297501
66,2020-04-15,532.24,528.19,540.06,524.41,887962,34.8436,4.4434,0.12752413642677562
67,2020-04-16,523.11,524.41,527.41,517.89,592104,34.8167,4.44,0.1275250095500148
68,2020-04-17,533.54,534.84,546.45,532.5,1228039,34.6374,4.4171,0.1275240058433947
69,2020-04-20,536.93,543.97,553.24,536.8,884399,35.6232,4.5428,0.12752363628197355
70,2020-04-21,539.15,539.8,543.06,533.54,664597,36.0713,4.6,0.12752520702053985
71,2020-04-22,535.24,542.67,542.67,533.54,480707,34.3865,4.3851,0.12752388291916888
72,2020-04-23,547.89,534.45,549.06,533.67,548115,34.2252,4.3646,0.12752591657609014
73,2020-04-24,534.45,519.85,538.76,514.63,880124,34.6106,4.4137,0.12752451561082445
74,2020-04-27,528.32,519.85,529.5,519.06,581637,34.0818,4.2491,0.12467357944709494
75,2020-04-28,516.98,523.89,524.54,502.24,823661,34.3596,4.2838,0.12467549098359702
76,2020-04-29,520.37,518.41,523.11,517.37,506235,34.8615,4.3464,0.1246762187513446
77,2020-04-30,523.76,549.06,555.45,523.5,1538846,34.6912,4.3251,0.12467426897887648
78,2020-05-06,541.37,559.89,560.8,539.41,1135423,35.0766,4.3732,0.1246757097324142
79,2020-05-07,579.32,563.67,595.89,563.41,1501444,34.8436,4.3441,0.12467425868739165
80,2020-05-08,569.93,567.32,573.71,562.23,904654,35.3992,4.4134,0.12467513390133111
81,2020-05-11,570.71,574.49,577.89,566.93,813826,35.1034,4.3765,0.1246745329512241
82,2020-05-12,572.54,563.8,572.67,554.15,772514,34.8704,4.3475,0.12467594292006975
83,2020-05-13,557.02,557.8,561.58,554.28,533452,35.435,4.4179,0.12467616763087343
84,2020-05-14,554.41,543.71,556.89,542.67,785412,34.3955,4.2883,0.12467619310665638
85,2020-05-15,546.19,550.1,554.8,540.06,796786,34.3058,4.2771,0.12467571081274886
86,2020-05-18,549.19,537.58,552.58,521.54,849835,33.9832,4.2369,0.12467631064761414
87,2020-05-19,542.67,540.45,546.84,535.5,630590,35.5964,4.438,0.12467552898607723
88,2020-05-20,538.76,540.71,545.28,533.02,613086,37.1019,4.6257,0.12467555569930382
89,2020-05-21,543.97,525.71,544.63,522.19,844488,36.7255,4.5788,0.12467631482212634
90,2020-05-22,521.8,513.72,525.19,510.32,654426,36.9585,4.6078,0.12467497328084202
91,2020-05-25,508.76,496.76,509.41,492.85,863729,36.143,4.5061,0.12467421077387046
92,2020-05-26,499.76,502.63,504.06,497.54,592409,35.91,4.4771,0.12467557783347258
93,2020-05-27,502.76,495.72,504.06,494.67,494858,38.2849,4.7732,0.12467578601485181
94,2020-05-28,495.72,486.59,495.72,474.85,889704,40.149,5.0056,0.12467558345164263
95,2020-05-29,482.67,483.33,488.67,478.63,602256,41.3767,5.1586,0.12467403152015506
96,2020-06-01,492.06,515.93,520.24,490.5,1220964,40.2744,5.0212,0.12467473134298712
97,2020-06-02,517.89,517.11,521.41,509.8,794234,42.2281,5.2648,0.12467527546823089
98,2020-06-03,517.63,517.89,529.24,512.67,895889,41.2692,5.1452,0.12467409108972309
99,2020-06-04,520.5,511.89,522.85,511.37,521317,40.6419,5.067,0.12467428934178766
100,2020-06-05,512.15,510.98,514.24,507.32,439070,40.0056,4.9877,0.1246750454936309
101,2020-06-08,515.8,520.76,529.76,515.8,814138,38.0071,4.7385,0.12467407405458454
102,2020-06-09,521.02,518.54,522.85,515.41,463860,36.2914,4.5256,0.12470171996671386
103,2020-06-10,518.54,515.8,518.54,509.8,475062,35.6193,4.4418,0.12470205759237266
104,2020-06-11,515.28,512.41,521.41,510.19,611529,35.9598,4.4842,0.12470035984627278
105,2020-06-12,497.28,511.37,515.67,496.11,662499,35.1265,4.3803,0.12470072452421961
106,2020-06-15,508.11,503.41,514.63,502.37,609025,35.5835,4.4373,0.12470105526437814
107,2020-06-16,519.19,536.8,536.8,516.06,1695319,35.691,4.4507,0.12470090499005351
108,2020-06-17,537.06,531.58,537.06,525.32,939173,37.8058,4.7144,0.12470044278920167
109,2020-06-18,532.24,565.89,580.76,526.37,2141500,38.4151,4.7904,0.12470096394386582
110,2020-06-19,567.06,572.28,589.49,559.63,1840450,37.976,4.7357,0.12470244364862017
111,2020-06-22,557.02,563.41,568.76,554.41,1538874,35.6193,4.4418,0.12470205759237266
112,2020-06-23,555.06,532.63,555.84,529.24,1953508,35.9777,4.4865,0.12470224611356481
113,2020-06-24,530.67,531.06,540.06,529.63,797553,33.6838,4.2004,0.12470089479215529
114,2020-06-29,528.45,524.41,533.67,522.06,621959,34.2304,4.2686,0.1247020192577358
115,2020-06-30,529.63,536.54,543.71,529.63,975998,34.3021,4.2775,0.12470082006640991
116,2020-07-01,536.28,531.58,542.15,523.63,993269,34.5351,4.3066,0.12470211466015736
117,2020-07-02,522.45,541.37,542.15,515.67,1447193,34.7232,4.33,0.1247004884342457
118,2020-07-03,542.02,566.28,572.54,536.02,1801844,34.8756,4.349,0.1247003635779743
119,2020-07-06,572.02,595.36,602.67,568.23,2001603,34.2035,4.2652,0.12470068852602804
120,2020-07-07,602.93,604.62,632.27,592.36,2071849,34.2662,4.273,0.12470014183072532
121,2020-07-08,603.97,613.75,615.19,591.06,1470823,34.6784,4.3244,0.12470010150410628
122,2020-07-09,621.84,627.71,637.62,610.62,1627084,34.6247,4.3177,0.12469999740069952
123,2020-07-10,618.97,599.28,621.71,598.75,1535427,34.5397,4.3082,0.12473183032857842
124,2020-07-13,596.28,615.32,615.32,588.19,1419335,32.2998,4.0288,0.12473142248558816
125,2020-07-14,613.1,597.45,613.1,588.71,1212797,32.5238,4.0567,0.12473019757838875
126,2020-07-15,597.45,570.32,602.67,570.32,1213688,33.151,4.1349,0.12472926910198787
127,2020-07-16,570.32,535.76,577.63,530.67,1340588,33.6258,4.1942,0.12473160489861954
128,2020-07-17,535.89,539.15,542.67,528.45,832899,33.2226,4.1439,0.12473135756984705
129,2020-07-20,542.41,551.02,552.58,533.54,840271,34.3874,4.2892,0.12473173313481101
130,2020-07-21,553.1,547.63,555.58,543.58,639717,35.2117,4.392,0.12473126830002529
131,2020-07-22,548.15,553.1,562.76,543.19,832841,36.2421,4.5205,0.12473063095129698
132,2020-07-23,542.41,531.19,545.8,521.28,1609138,36.2241,4.5183,0.12473187739653988
133,2020-07-24,525.71,507.72,528.71,504.19,1135422,36.027,4.4937,0.1247314514114414
134,2020-07-27,507.98,512.41,514.63,504.59,684752,36.8872,4.601,0.12473161421848229
135,2020-07-28,516.45,513.72,519.19,509.54,493857,36.4481,4.5462,0.12473078157709182
136,2020-07-29,513.98,528.85,529.37,510.59,776311,37.4158,4.6669,0.12473072872957415
137,2020-07-30,531.06,520.63,531.45,520.24,558697,37.8279,4.7183,0.1247306881957497
138,2020-07-31,520.5,524.02,530.67,519.72,635017,38.5626,4.8099,0.12472966034447883
139,2020-08-03,524.41,528.32,529.24,520.76,1040432,38.0698,4.7485,0.1247314144019669
140,2020-08-04,529.11,520.24,530.93,516.72,908018,37.819,4.7172,0.12473095533990851
141,2020-08-05,528.32,523.63,529.63,518.02,810334,37.5591,4.6848,0.12473142327691558
142,2020-08-06,522.19,518.02,522.19,511.76,732087,36.8127,4.5923,0.12474770935030573
143,2020-08-07,519.19,520.5,528.19,512.41,799901,34.7073,4.3297,0.12474897211825756
144,2020-08-10,514.11,513.19,516.58,506.15,610249,35.0836,4.3766,0.12474774538530824
145,2020-08-11,513.32,509.15,516.32,508.11,508144,34.8059,4.342,0.12474896497432905
146,2020-08-12,509.15,519.45,519.85,498.19,925880,34.8059,5.2553,0.15098876914546097
147,2020-08-13,519.32,513.85,519.32,511.37,464204,35.8093,5.4068,0.15098870963688202
148,2020-08-14,511.37,516.19,518.67,511.37,377228,36.3737,5.492,0.15098821401177223
149,2020-08-17,524.41,540.71,542.28,521.15,1401029,36.1766,5.4622,0.15098710215995975
150,2020-08-18,537.45,534.19,539.93,531.45,710183,36.4633,5.5055,0.15098743119794425
151,2020-08-19,533.54,519.85,533.54,518.54,691525,35.8362,5.4108,0.1509869908081772
152,2020-08-20,516.19,522.45,522.45,511.37,386902,35.1195,5.3026,0.15098734321388402
153,2020-08-21,525.45,522.85,529.24,519.45,393112,35.3793,5.3419,0.15098942036727692
154,2020-08-24,522.72,517.76,524.02,516.58,437010,35.4151,5.3473,0.15098926728994128
155,2020-08-25,518.28,514.24,520.5,512.28,404611,34.4923,5.2079,0.1509873218080557
156,2020-08-26,514.11,511.89,518.93,510.45,458858,35.2001,5.3148,0.1509882074198653
157,2020-08-27,513.85,522.85,524.93,511.11,606876,36.8396,5.5623,0.15098698140044953
158,2020-08-28,520.11,522.19,522.85,513.72,490013,36.8486,5.5637,0.1509880972411435
159,2020-08-31,528.85,524.41,535.5,524.41,797310,37.3592,5.6408,0.15098824385961154
160,2020-09-01,521.8,520.11,524.02,516.45,488589,36.7052,5.5421,0.1509895055741421
161,2020-09-02,521.67,522.32,528.98,519.06,504105,38.2551,5.7761,0.15098901845766968
162,2020-09-03,517.89,506.93,517.89,504.19,946408,37.1621,5.611,0.1509871616512522
163,2020-09-04,498.46,504.59,504.85,497.28,419763,38.3447,5.7896,0.15098827217320776
164,2020-09-07,504.59,493.11,506.67,491.8,532517,38.291,5.7815,0.1509884829333264
165,2020-09-08,493.24,488.28,495.98,482.41,462004,0.0,6.0369,inf
166,2020-09-09,481.5,469.11,483.98,467.02,657164,0.0,5.9966,inf
167,2020-09-10,474.33,446.02,475.37,435.72,979176,0.0,6.2401,inf
168,2020-09-11,446.02,455.28,456.46,437.02,587416,0.0,5.9201,inf
169,2020-09-14,456.33,452.41,457.76,450.07,394292,0.0,5.6808,inf
170,2020-09-15,452.94,454.11,456.2,449.28,287349,0.0,5.8268,inf
171,2020-09-16,453.98,454.37,458.54,450.72,294372,0.0,5.8088,inf
172,2020-09-17,451.37,451.11,457.76,446.15,364512,0.0,5.4401,inf
173,2020-09-18,452.68,456.33,456.59,450.2,442896,0.0,5.7809,inf
174,2020-09-21,458.15,468.33,474.85,457.89,670657,0.0,6.3597,inf
175,2020-09-22,464.41,462.72,466.89,460.37,309734,0.0,7.0665,inf
176,2020-09-23,462.72,459.46,465.46,456.98,246474,0.0,7.1542,inf
177,2020-09-24,454.11,448.5,456.2,446.55,299936,0.0,7.3016,inf
178,2020-09-25,448.5,447.59,451.63,446.41,208712,0.0,7.5354,inf
179,2020-09-28,447.46,440.81,449.02,440.68,217662,0.0,7.0971,inf
180,2020-09-29,442.63,444.98,448.5,441.85,252184,0.0,7.0762,inf
181,2020-09-30,444.85,447.46,448.76,442.24,228998,0.0,7.2223,inf
182,2020-10-09,454.76,451.11,458.41,449.55,390657,0.0,7.1519,inf
183,2020-10-12,459.2,470.41,470.67,457.76,724314,0.0,7.372,inf
184,2020-10-13,476.15,481.89,489.2,474.2,723773,0.0,7.6031,inf
185,2020-10-14,479.8,476.15,481.89,470.94,451411,0.0,6.9626,inf
186,2020-10-15,476.15,469.11,480.07,468.59,331521,0.0,7.1687,inf
187,2020-10-16,470.67,465.33,471.98,460.63,277833,0.0,7.0949,inf
188,2020-10-19,472.24,465.72,477.46,464.81,294625,0.0,7.6741,inf
189,2020-10-20,465.59,470.15,470.28,459.59,209452,0.0,6.9779,inf
190,2020-10-21,470.28,460.89,470.67,459.85,258410,0.0,6.3429,inf
191,2020-10-22,458.15,454.37,458.54,452.15,223725,0.0,6.2092,inf
192,2020-10-23,452.54,451.76,457.63,450.85,186851,0.0,6.0825,inf
193,2020-10-26,449.41,452.54,456.2,446.15,181652,0.0,6.0616,inf
194,2020-10-27,450.07,451.37,453.46,447.98,144686,0.0,6.0045,inf
195,2020-10-28,451.24,465.72,467.41,448.89,493341,0.0,5.4962,inf
196,2020-10-29,448.76,447.2,450.72,439.89,738882,0.0,5.5297,inf
197,2020-10-30,447.07,436.63,450.2,433.11,544098,0.0,5.5895,inf
198,2020-11-02,434.81,421.76,438.72,409.11,585917,0.0,5.5714,inf
199,2020-11-03,413.81,432.59,435.46,413.81,386030,0.0,5.5868,inf
200,2020-11-04,434.42,428.42,436.11,427.89,275597,0.0,5.4211,inf
201,2020-11-05,440.68,469.63,469.63,436.11,1395268,0.0,5.4614,inf
202,2020-11-06,480.98,482.67,496.76,472.76,2121017,0.0,5.3194,inf
203,2020-11-09,497.67,512.28,523.5,490.5,2173566,0.0,5.3431,inf
204,2020-11-10,506.15,492.59,506.15,486.85,1297933,0.0,7.0171,inf
205,2020-11-11,489.98,484.24,498.19,480.72,876479,0.0,7.6563,inf
206,2020-11-12,489.2,486.59,496.37,483.98,649392,0.0,7.9455,inf
207,2020-11-13,478.5,482.93,484.63,472.24,749585,0.0,7.5468,inf
208,2020-11-16,483.2,474.46,484.5,469.76,568811,0.0,7.8302,inf
209,2020-11-17,474.46,478.76,479.41,463.5,614198,0.0,7.5918,inf
210,2020-11-18,475.63,481.76,486.59,471.72,687496,0.0,7.3122,inf
211,2020-11-19,477.46,489.2,498.19,474.85,848690,0.0,7.2165,inf
212,2020-11-20,489.85,488.15,495.33,483.46,629911,0.0,7.1754,inf
213,2020-11-23,489.2,482.02,491.02,477.46,583998,0.0,7.4197,inf
214,2020-11-24,479.93,492.85,495.59,477.59,818333,0.0,7.3025,inf
215,2020-11-25,487.89,479.28,489.33,477.59,726490,0.0,7.236,inf
216,2020-11-26,479.28,481.37,485.28,476.67,374897,0.0,6.98,inf
217,2020-11-27,478.5,472.11,480.72,467.8,557704,0.0,7.1539,inf
218,2020-11-30,469.11,468.72,480.46,464.15,632352,0.0,7.1735,inf
219,2020-12-01,468.46,473.02,474.85,467.28,429000,0.0,7.1445,inf
