,日期,开盘,收盘,最高,最低,成交量,pe,pb,roe
0,2020-01-03,124.1,122.96,125.02,122.12,526369,38.9464,5.5202,0.14173838917075776
1,2020-01-06,122.04,122.5,124.26,121.05,524978,37.8696,5.3675,0.14173637957623
2,2020-01-07,122.65,125.32,126.16,121.89,946534,37.8171,5.3601,0.14173746797083858
3,2020-01-08,124.03,120.74,124.48,120.52,838582,37.8434,5.3638,0.14173673612836055
4,2020-01-09,121.66,124.94,125.48,121.2,986242,38.1585,5.4085,0.1417377517460068
5,2020-01-10,124.94,122.8,126.7,121.74,726997,39.1302,5.5462,0.14173707264465807
6,2020-01-13,122.8,126.54,126.7,121.66,1001926,39.2878,5.5685,0.14173611146462772
7,2020-01-14,126.24,124.64,127.0,123.26,761441,39.6554,5.6207,0.14173857784816193
8,2020-01-15,124.26,124.71,126.16,123.64,677145,39.7605,5.6355,0.1417361451692006
9,2020-01-16,125.32,127.54,130.06,124.48,1558811,39.4453,5.5909,0.1417380524422428
10,2020-01-17,127.23,124.79,127.92,124.33,812845,39.1302,5.5462,0.14173707264465807
11,2020-01-20,124.87,124.48,125.32,122.04,788707,39.708,5.6281,0.14173718142439812
12,2020-01-21,123.34,119.83,124.71,119.75,767513,39.708,5.6281,0.14173718142439812
13,2020-01-22,118.38,117.54,119.07,110.59,936292,39.7867,5.6393,0.14173831958920946
14,2020-01-23,115.55,111.2,118.38,109.3,839691,41.415,5.8701,0.1417385005432814
15,2020-02-03,100.37,100.37,100.37,100.37,57665,42.9382,6.0859,0.14173626281492935
16,2020-02-04,90.6,96.78,98.76,90.6,1186379,43.7785,6.2051,0.14173852461824868
17,2020-02-05,97.24,96.86,100.37,96.02,1162829,42.0715,5.9631,0.14173728058186658
18,2020-02-06,97.09,99.53,100.14,96.78,1076072,42.3867,6.0078,0.14173785645025444
19,2020-02-07,99.91,107.54,109.22,99.07,1887768,42.124,5.9706,0.14173867628905137
20,2020-02-10,106.4,106.55,109.07,103.8,1205845,41.3624,5.8626,0.1417374233603466
21,2020-02-11,106.85,106.78,109.07,106.01,879666,38.2373,5.4197,0.14173856417686395
22,2020-02-12,106.01,108.91,109.75,105.25,1059501,39.7867,5.7316,0.14405819029977354
23,2020-02-13,108.53,110.06,113.34,108.53,1240930,39.4716,5.6862,0.1440580062627307
24,2020-02-14,109.07,109.37,112.58,108.38,967963,40.417,5.8224,0.14405819333448797
25,2020-02-17,109.22,113.49,114.87,108.99,1217171,41.5463,5.985,0.14405614940439943
26,2020-02-18,113.49,117.84,119.37,112.65,1425759,41.9139,6.038,0.14405722206714242
27,2020-02-19,119.29,119.9,123.8,116.32,1832233,41.4412,5.9699,0.14405712189801453
28,2020-02-20,119.68,119.52,120.82,116.55,1350793,41.3099,5.951,0.14405747774746488
29,2020-02-21,119.37,123.95,127.08,119.37,1943628,41.415,5.9661,0.14405650126765665
30,2020-02-24,123.64,131.28,131.81,122.04,1908036,42.5968,6.1364,0.14405776959771627
31,2020-02-25,127.38,127.0,130.36,119.83,1885838,42.124,6.0683,0.14405801918146424
32,2020-02-26,123.57,127.08,133.41,122.8,2122169,41.8877,6.0342,0.14405660850321217
33,2020-02-27,128.22,121.58,129.06,117.62,1582583,42.6493,6.1439,0.14405629166246575
34,2020-02-28,112.88,109.75,117.31,109.75,1591192,43.5684,6.2764,0.14405853783935146
35,2020-03-02,110.82,120.44,120.44,110.82,1856308,44.5927,6.4239,0.1440572111578801
36,2020-03-03,125.09,120.21,126.16,119.37,1994095,44.9866,6.4806,0.14405623007740082
37,2020-03-04,121.89,119.07,123.03,115.1,1104249,43.2008,6.2234,0.1440575174533805
38,2020-03-05,122.65,118.07,123.19,115.78,1008471,42.124,6.0683,0.14405801918146424
39,2020-03-06,116.17,115.25,118.0,114.64,740322,42.7281,6.1553,0.14405742356903303
40,2020-03-09,112.12,108.3,113.26,107.62,1023492,42.1503,6.0721,0.14405828665513648
41,2020-03-10,106.17,112.73,112.73,106.17,929923,42.3604,6.1023,0.14405671334548303
42,2020-03-11,112.81,109.6,113.65,109.53,710382,42.3867,6.1061,0.1440569801376375
43,2020-03-12,107.69,108.0,109.98,106.78,483027,43.8048,6.3104,0.14405727226240045
44,2020-03-13,102.81,107.01,108.53,101.51,718608,43.8048,6.3104,0.14405727226240045
45,2020-03-16,108.91,101.05,109.45,100.29,754769,45.3543,6.5336,0.14405690309408367
46,2020-03-17,102.96,102.2,104.34,97.47,800725,45.6957,6.5828,0.14405731830347274
47,2020-03-18,102.89,101.59,107.01,101.44,808132,45.4068,6.5412,0.14405771822722588
48,2020-03-19,101.82,104.41,105.25,100.67,744601,43.8048,6.3104,0.14405727226240045
49,2020-03-20,105.63,103.5,106.24,101.59,519787,43.5684,6.2764,0.14405853783935146
50,2020-03-23,99.91,96.7,102.2,96.32,598946,41.4412,5.9699,0.14405712189801453
51,2020-03-24,99.07,98.99,100.9,95.86,586601,42.1766,6.0758,0.1440561828122703
52,2020-03-25,102.2,101.28,102.81,100.21,567511,41.7564,6.0153,0.14405695893324136
53,2020-03-26,101.44,101.89,104.56,100.14,639505,41.8089,6.0229,0.14405784414323267
54,2020-03-27,102.96,99.37,103.8,99.37,461477,44.6452,6.4315,0.1440580398340695
55,2020-03-30,97.62,94.72,97.92,94.03,533910,44.9866,6.4806,0.14405623007740082
56,2020-03-31,95.94,94.11,96.25,93.04,388707,45.6694,6.579,0.14405707103662407
57,2020-04-01,93.5,93.35,95.63,93.12,337815,45.7219,6.5866,0.14405788035930264
58,2020-04-02,92.96,96.63,96.63,92.66,500524,45.827,6.6017,0.14405699696685362
59,2020-04-03,96.55,95.48,97.24,94.72,405911,46.7987,6.7417,0.14405742039842986
60,2020-04-07,97.92,100.29,100.98,97.16,653392,46.5098,6.7001,0.14405781147199084
61,2020-04-08,99.15,99.6,100.6,98.46,446261,46.9825,6.7489,0.1436471026446017
62,2020-04-09,100.6,99.99,101.28,99.15,322109,46.6148,6.6961,0.14364751109089818
63,2020-04-10,100.37,96.55,100.37,96.02,387751,45.9058,6.5942,0.14364633662848703
64,2020-04-13,95.18,94.57,95.86,93.8,243846,47.0875,6.764,0.1436474648261216
65,2020-04-14,95.63,96.32,96.55,94.41,260906,48.3744,6.9488,0.14364622610306277
66,2020-04-15,96.25,93.35,98.38,92.89,912451,48.5319,6.9715,0.14364778630138114
67,2020-04-16,92.28,89.91,92.35,89.91,904741,49.2147,7.0695,0.1436461057367006
68,2020-04-17,91.21,91.9,97.01,91.06,1525253,49.4511,7.1035,0.1436469562861089
69,2020-04-20,92.28,95.86,96.25,90.98,1197793,52.3662,7.5222,0.14364609232672984
70,2020-04-21,94.95,98.61,100.21,94.41,1551712,52.2611,7.5071,0.14364603883194194
71,2020-04-22,96.86,97.39,98.0,95.41,866080,50.6854,7.2808,0.1436468884530851
72,2020-04-23,96.86,94.72,97.47,94.57,680697,50.0551,7.1903,0.14364770023434173
73,2020-04-24,94.72,92.43,95.63,91.59,547925,49.8713,7.1639,0.14364774930671548
74,2020-04-27,92.43,90.98,92.81,90.52,375281,51.2894,7.3676,0.14364761529672798
75,2020-04-28,91.28,90.52,92.05,86.02,546776,54.5984,7.8429,0.14364706658070567
76,2020-04-29,89.53,89.83,91.59,89.3,271509,54.6247,7.8467,0.14364747083279178
77,2020-04-30,90.75,93.27,94.41,90.6,601688,53.8894,7.741,0.14364606026417068
78,2020-05-06,92.51,98.69,98.99,92.43,1087220,52.8651,7.5939,0.14364675371842672
79,2020-05-07,99.37,99.15,100.67,97.92,986864,52.5237,7.5449,0.14364753435115957
80,2020-05-08,100.67,104.87,106.85,99.83,1632068,52.8651,7.5939,0.14364675371842672
81,2020-05-11,106.85,104.87,107.69,103.5,967888,48.0592,6.9036,0.14364783433765024
82,2020-05-12,104.87,104.87,105.71,101.82,734132,46.536,6.6848,0.1436479284854736
83,2020-05-13,104.64,102.96,104.87,102.66,507198,47.0088,6.7527,0.1436475723694287
84,2020-05-14,102.96,101.82,103.65,101.28,512489,45.1179,6.481,0.14364587004271032
85,2020-05-15,102.89,103.8,105.48,101.89,785576,45.4593,6.5301,0.14364717450554673
86,2020-05-18,106.01,110.9,113.88,101.82,2177201,42.0453,6.0397,0.14364744692034545
87,2020-05-19,108.3,116.62,117.46,107.69,2427057,45.2229,6.4961,0.1436462500193486
88,2020-05-20,114.41,112.88,117.46,111.59,1758056,45.1179,6.481,0.14364587004271032
89,2020-05-21,113.65,114.33,116.32,112.04,1413218,41.8877,6.017,0.14364598676938575
90,2020-05-22,114.41,109.53,115.55,106.93,1289718,42.5968,6.1189,0.14364694061525748
91,2020-05-25,108.53,108.3,110.98,107.24,674025,39.7342,5.7077,0.14364703454454852
92,2020-05-26,109.45,111.2,111.89,108.08,834059,39.3665,5.4752,0.1390827226194861
93,2020-05-27,110.98,106.09,110.98,105.56,930322,41.9927,5.8404,0.13908131651453706
94,2020-05-28,105.63,110.82,111.05,104.72,1152601,45.9583,6.392,0.13908260314241389
95,2020-05-29,109.37,107.77,110.59,107.54,701409,45.6169,6.3445,0.13908222610479887
96,2020-06-01,108.3,111.2,112.88,108.3,977187,43.8311,6.0961,0.13908161100223357
97,2020-06-02,111.36,111.2,112.5,110.21,772198,46.4047,6.4541,0.139082894620588
98,2020-06-03,111.89,108.84,112.35,108.69,1150336,42.1766,5.866,0.13908186055775001
99,2020-06-04,108.84,106.63,109.22,105.17,960974,40.3908,5.6176,0.13908117690167068
100,2020-06-05,106.78,106.17,107.31,104.56,541121,38.9989,5.424,0.13908084587001174
101,2020-06-08,106.09,105.4,108.15,105.1,548827,36.5303,5.0807,0.13908180332491113
102,2020-06-09,105.17,106.01,106.17,104.34,397272,36.1626,5.0296,0.13908291992279317
103,2020-06-10,105.63,103.95,106.24,103.34,479501,36.0575,5.015,0.13908340844484504
104,2020-06-11,103.88,104.41,107.08,103.88,642616,34.6657,4.8214,0.1390827244221233
105,2020-06-12,102.2,101.74,102.96,101.51,765434,33.4576,4.6534,0.13908349672421216
106,2020-06-15,101.36,101.28,103.19,100.37,518818,34.2455,4.7629,0.13908104714488034
107,2020-06-16,102.12,103.72,103.88,101.66,452724,34.4556,4.7922,0.13908334204019088
108,2020-06-17,104.11,102.89,104.11,101.97,369918,35.1121,4.8835,0.1390831081023351
109,2020-06-18,102.89,104.79,105.25,102.66,518589,34.8495,4.8469,0.13908090503450551
110,2020-06-19,105.25,104.26,105.48,103.5,488153,35.0333,4.8725,0.13908195916456628
111,2020-06-22,104.18,105.02,106.17,104.11,477544,34.3768,4.7812,0.13908217169719111
112,2020-06-23,105.48,103.11,105.48,102.58,504160,34.6657,4.8214,0.1390827244221233
113,2020-06-24,103.11,102.5,103.72,102.05,344143,33.8253,4.7045,0.13908228456214727
114,2020-06-29,101.89,100.21,101.89,99.45,421669,33.9829,4.7264,0.13908171462706242
115,2020-06-30,100.67,103.72,104.26,100.6,579723,34.902,4.8543,0.13908372013065154
116,2020-07-01,103.65,107.77,111.28,102.27,1188817,34.7445,4.8323,0.13908100562678985
117,2020-07-02,106.01,108.08,109.22,105.63,963999,35.4535,4.931,0.13908358836222096
118,2020-07-03,108.23,109.14,110.9,107.24,996809,35.2434,4.9017,0.1390813599141967
119,2020-07-06,109.83,116.32,117.84,109.75,1469984,35.5061,4.9383,0.13908314345985617
120,2020-07-07,117.46,120.36,125.25,114.41,2164375,35.6636,4.9602,0.1390829865745466
121,2020-07-08,122.42,125.55,126.47,122.42,1873527,36.4252,5.0661,0.13908228369370657
122,2020-07-09,128.91,137.84,137.84,127.08,3216265,37.2393,5.1793,0.13908156168349028
123,2020-07-10,137.61,130.36,137.61,130.06,2610106,37.2393,5.1793,0.13908156168349028
124,2020-07-13,130.21,135.55,136.16,129.06,1958736,36.0575,5.015,0.13908340844484504
125,2020-07-14,137.53,136.54,145.7,133.49,2189888,37.108,5.1611,0.13908321655707667
126,2020-07-15,134.18,125.02,134.86,123.95,2003093,35.4798,4.9346,0.1390819564935541
127,2020-07-16,125.17,117.39,126.62,115.94,1282837,37.2393,5.1793,0.13908156168349028
128,2020-07-17,120.19,119.12,121.79,117.36,821009,36.2414,5.0405,0.13908127169480208
129,2020-07-20,122.32,127.44,127.97,120.11,1007473,36.6616,5.099,0.13908285508543
130,2020-07-21,127.97,125.38,128.28,124.38,752038,38.3161,5.3291,0.1390825266663361
131,2020-07-22,125.15,134.76,137.21,125.15,1772083,37.8171,5.2597,0.1390825843335422
132,2020-07-23,133.39,135.07,139.42,131.02,1894139,39.1039,5.4387,0.13908331394055323
133,2020-07-24,134.92,125.83,136.06,125.0,1432636,37.1343,5.1647,0.13908165765882216
134,2020-07-27,127.67,135.76,138.05,127.59,2293726,34.6919,4.825,0.13908145705481684
135,2020-07-28,135.83,134.76,136.21,131.25,1467331,34.0091,4.7301,0.13908336298226065
136,2020-07-29,133.7,140.26,142.4,131.94,1921207,34.4031,4.7849,0.1390833965543803
137,2020-07-30,139.5,138.89,141.4,134.76,1449032,35.0596,4.8762,0.13908316124542205
138,2020-07-31,137.59,143.31,145.53,137.59,1707510,35.0596,4.8762,0.13908316124542205
139,2020-08-03,145.91,157.28,157.28,143.46,2603199,35.0596,4.8762,0.13908316124542205
140,2020-08-04,157.28,156.29,167.28,154.38,2951721,33.09,4.6022,0.13908129344212752
141,2020-08-05,160.03,157.28,160.03,153.23,1862807,32.9324,4.5803,0.13908187681432269
142,2020-08-06,159.34,160.26,167.51,154.0,2185836,31.0678,4.321,0.1390829089925904
143,2020-08-07,156.97,162.39,167.35,151.55,2095352,33.7582,4.0124,0.11885704806535893
144,2020-08-10,168.42,162.32,173.08,161.25,1781084,34.0252,4.0441,0.11885602435841672
145,2020-08-11,157.51,152.7,159.64,152.32,1474555,34.2032,4.0652,0.11885437619871823
146,2020-08-12,150.56,148.58,151.48,142.55,1454132,34.7668,4.1322,0.11885476949273444
147,2020-08-13,150.03,149.11,151.94,147.2,903379,35.6567,4.238,0.11885564283851283
148,2020-08-14,148.5,150.94,150.94,147.13,646589,36.695,4.3614,0.11885542989508106
149,2020-08-17,151.25,155.52,158.19,149.8,1067336,37.1696,4.4178,0.11885519349145536
150,2020-08-18,155.98,155.83,159.19,154.68,986661,36.1017,4.2909,0.1188558987526903
151,2020-08-19,154.61,147.36,154.68,147.28,920636,34.5591,4.1076,0.11885726190786217
152,2020-08-20,144.61,146.67,150.18,143.77,578513,33.7878,4.0159,0.11885651033805103
153,2020-08-21,147.2,144.69,148.81,142.32,655011,35.1227,4.1745,0.11885475774926187
154,2020-08-24,144.61,144.23,145.6,141.02,509410,36.2797,5.7225,0.15773283682059114
155,2020-08-25,144.53,140.49,146.75,139.5,736348,35.5974,5.6148,0.15773062077567462
156,2020-08-26,140.64,137.05,142.4,136.44,588678,36.3687,5.7365,0.15773178584882058
157,2020-08-27,138.2,139.11,140.03,135.45,470679,37.7036,5.9471,0.15773294857785464
158,2020-08-28,138.66,140.18,140.95,137.66,409286,37.5552,5.9237,0.15773315013633266
159,2020-08-31,141.02,138.81,143.24,138.81,602574,37.8222,5.9658,0.15773276012500592
160,2020-09-01,139.5,139.65,140.64,136.44,463211,35.9534,5.671,0.15773195302808635
161,2020-09-02,139.5,136.83,140.34,136.29,466731,36.3983,5.7412,0.15773264135962395
162,2020-09-03,136.75,136.52,137.82,132.7,602085,35.1227,5.54,0.15773274833654588
163,2020-09-04,134.92,136.37,138.43,134.0,399637,35.4194,5.5868,0.15773276791814655
164,2020-09-07,137.13,134.38,138.43,133.31,511530,35.6567,5.6242,0.15773192695902874
165,2020-09-08,135.99,133.39,135.99,132.09,417959,37.4662,5.9096,0.15773150199379707
166,2020-09-09,131.18,125.15,131.79,125.0,763585,38.4452,6.064,0.15773100413055466
167,2020-09-10,126.98,125.0,129.88,123.85,540371,38.2079,6.0266,0.15773177798308727
168,2020-09-11,124.69,126.22,126.52,123.85,326558,37.3179,5.8862,0.157731276411588
169,2020-09-14,127.36,124.08,127.97,123.24,511599,36.428,5.7459,0.15773306247941143
170,2020-09-15,124.69,130.26,131.71,123.85,818149,39.0681,6.1623,0.1577322675021309
171,2020-09-16,128.05,130.95,132.09,127.82,580831,39.4241,6.2184,0.15773093108022757
172,2020-09-17,130.95,135.6,137.05,129.04,814956,38.3265,6.0453,0.15773159563226488
173,2020-09-18,134.23,136.37,137.66,134.15,615347,38.5638,6.0828,0.15773341838719213
174,2020-09-21,135.68,135.45,138.43,133.85,433428,38.1189,6.0126,0.15773277822812307
175,2020-09-22,133.47,130.95,134.54,130.34,396222,40.4327,6.3775,0.1577312422865651
176,2020-09-23,131.86,130.95,132.17,129.8,260269,40.8183,6.4384,0.15773317360105638
177,2020-09-24,129.65,126.83,130.03,126.37,302503,41.4413,6.5366,0.15773153834459827
178,2020-09-25,127.67,126.75,128.28,125.91,198233,42.6575,6.7285,0.15773310672214735
179,2020-09-28,127.21,126.14,128.58,125.53,219642,40.937,6.4571,0.15773261352810417
180,2020-09-29,127.51,127.82,129.42,126.29,248642,43.6365,6.8829,0.15773263208552474
181,2020-09-30,128.12,126.06,128.51,124.69,278239,44.734,7.056,0.15773237358608663
182,2020-10-09,129.42,129.19,132.32,128.89,382567,45.1197,7.1168,0.15773154520087676
183,2020-10-12,131.94,134.38,136.75,131.33,559308,45.5646,7.187,0.1577320990418
184,2020-10-13,134.92,133.24,135.45,132.7,405793,45.6536,7.201,0.15773126325196699
185,2020-10-14,132.78,130.26,133.54,129.88,329011,41.5006,6.546,0.1577326592868537
186,2020-10-15,130.57,127.59,131.41,127.28,314324,46.0986,7.2712,0.15773147123773826
187,2020-10-16,126.9,125.38,127.82,124.31,316932,48.2345,7.6081,0.15773149923809723
188,2020-10-19,130.41,126.06,131.02,125.53,311914,48.2048,7.6034,0.15773118029739777
189,2020-10-20,125.07,127.44,127.51,123.93,231185,49.866,7.8655,0.1577327236995147
190,2020-10-21,127.67,124.0,127.9,122.17,342043,47.0182,7.4163,0.1577325376130945
191,2020-10-22,123.55,123.7,124.77,122.1,161114,45.2977,7.1449,0.15773207028171407
192,2020-10-23,123.77,124.08,125.91,122.86,191157,45.446,7.1683,0.1577322536636888
193,2020-10-26,123.09,125.45,125.45,122.71,198751,44.645,7.042,0.15773322880501733
194,2020-10-27,124.69,124.38,125.61,123.47,159900,42.9542,6.7753,0.1577331203933492
195,2020-10-28,124.23,121.1,124.38,119.65,265689,41.3523,6.5226,0.1577324598631757
196,2020-10-29,118.58,118.36,119.5,117.21,276329,41.6193,6.5647,0.15773210986249167
197,2020-10-30,118.51,119.27,123.01,118.51,362185,41.1743,6.4945,0.1577318861522843
198,2020-11-02,119.65,114.77,120.34,113.01,436622,40.3437,6.3635,0.15773218619016105
199,2020-11-03,114.92,123.85,125.76,114.39,706044,40.2547,6.3495,0.15773313426755137
200,2020-11-04,124.08,126.06,129.19,122.32,552247,40.6403,6.4103,0.1577325954778877
201,2020-11-05,127.67,126.83,128.05,125.0,368331,37.5256,5.919,0.15773232140192295
202,2020-11-06,126.06,125.91,127.13,124.38,276398,36.4873,5.7552,0.15773159428074976
203,2020-11-09,127.13,130.87,132.86,126.98,673081,36.4577,5.7505,0.15773074000828355
204,2020-11-10,129.65,128.43,131.02,127.28,393776,37.8519,5.9705,0.1577331653100637
205,2020-11-11,127.36,124.0,128.35,123.93,326829,42.0642,6.6349,0.15773270381939988
206,2020-11-12,124.38,119.27,125.53,117.82,563878,44.5264,7.0232,0.15773114377088648
207,2020-11-13,118.28,119.04,119.58,116.37,251038,45.4163,7.1636,0.15773191563381428
208,2020-11-16,118.97,119.04,120.19,118.2,193326,47.2259,7.449,0.1577312449312771
209,2020-11-17,118.89,117.36,118.97,115.46,292093,47.3445,7.4677,0.15773109864926232
210,2020-11-18,117.97,118.28,118.97,116.6,259136,48.4124,7.6362,0.15773231651395098
211,2020-11-19,116.75,119.2,119.88,116.6,242864,47.3149,7.4631,0.1577325535930542
212,2020-11-20,119.42,118.89,120.11,117.97,236666,47.2852,7.4584,0.1577322291118574
213,2020-11-23,118.36,117.82,118.74,116.83,251496,48.0268,7.5754,0.1577327658723879
214,2020-11-24,117.82,117.36,120.03,117.13,345929,46.5732,7.3461,0.15773234392311458
215,2020-11-25,117.36,114.54,117.97,114.39,347074,47.4038,7.4771,0.1577320805505044
216,2020-11-26,114.54,113.62,115.07,113.17,205569,45.7723,7.2198,0.15773295202557006
217,2020-11-27,113.62,113.55,114.08,111.94,255148,47.5522,7.5005,0.15773192407501652
218,2020-11-30,113.47,113.7,115.3,112.56,235147,46.4546,7.3274,0.15773249581311646
219,2020-12-01,113.55,116.83,116.98,113.24,350804,46.6326,7.3555,0.15773300223448833
