,日期,开盘,收盘,最高,最低,成交量,pe,pb,roe
0,2020-01-03,4939.05,4852.65,4952.14,4817.3,805536,9.1903,1.7627,0.191800050052773
1,2020-01-06,4813.37,4781.95,4814.68,4747.92,876841,9.1753,1.7598,0.19179754340457533
2,2020-01-07,4795.05,4814.68,4836.94,4761.01,577933,9.4473,1.8119,0.1917902469488637
3,2020-01-08,4754.46,4804.21,4815.99,4721.74,529997,9.2471,1.7735,0.1917898584421062
4,2020-01-09,4865.74,4872.28,4908.94,4826.46,783734,9.2052,1.7655,0.19179376873940818
5,2020-01-10,4846.1,4775.41,4874.9,4761.01,557444,9.2202,1.7684,0.19179627339970934
6,2020-01-13,4767.55,4804.21,4817.3,4749.23,620749,9.277,1.7793,0.19179691710682337
7,2020-01-14,4787.19,4766.25,4818.61,4763.63,419712,9.2261,1.7695,0.1917928485492245
8,2020-01-15,4754.46,4648.43,4779.34,4644.5,672944,9.2381,1.7718,0.19179268464294608
9,2020-01-16,4665.45,4653.66,4706.03,4636.64,581396,9.1933,1.7632,0.19179184841134303
10,2020-01-17,4665.45,4644.5,4695.55,4626.17,472219,8.9512,1.7168,0.19179551345071053
11,2020-01-20,4649.74,4567.26,4651.05,4521.44,915638,8.727,1.6738,0.19179557694511284
12,2020-01-21,4526.68,4480.86,4565.95,4455.99,817969,8.6822,1.6652,0.19179470641081753
13,2020-01-22,4479.55,4598.68,4628.79,4476.94,937710,8.8944,1.7059,0.19179483720093543
14,2020-01-23,4545.01,4450.75,4555.48,4411.48,986949,8.8974,1.7065,0.1917976037943669
15,2020-02-03,4072.42,4143.12,4259.62,4071.11,1530865,8.7659,1.6813,0.19180004334979864
16,2020-02-04,4178.46,4272.72,4305.44,4178.46,1036283,8.8376,1.695,0.19179415225853172
17,2020-02-05,4258.32,4275.33,4319.84,4220.35,800686,8.8047,1.6887,0.1917952911513169
18,2020-02-06,4289.73,4309.37,4338.17,4246.53,871869,8.742,1.6767,0.19179821551132462
19,2020-02-07,4255.7,4257.01,4270.1,4219.04,713785,8.4162,1.6142,0.19179677289037808
20,2020-02-10,4224.28,4410.17,4437.66,4207.26,911238,8.3773,1.6067,0.19179210485478615
21,2020-02-11,4394.46,4463.84,4522.75,4394.46,685354,8.3534,1.6021,0.19179016927239206
22,2020-02-12,4452.06,4463.84,4492.64,4433.73,417587,8.2339,1.5792,0.19179246772489342
23,2020-02-13,4516.21,4577.74,4682.46,4513.59,895698,8.1831,1.7306,0.2114846451833657
24,2020-02-14,4584.28,4689.01,4689.01,4580.35,1197703,8.0456,1.7015,0.21148205230187928
25,2020-02-17,4707.34,4639.26,4708.65,4573.81,1022139,8.21,1.7363,0.21148599269183918
26,2020-02-18,4585.59,4545.01,4590.83,4521.44,785952,8.3684,1.7698,0.21148606663161418
27,2020-02-19,4547.63,4538.46,4597.37,4525.37,608207,8.3325,1.7622,0.2114851485148515
28,2020-02-20,4520.14,4564.64,4567.26,4490.03,801996,8.3654,1.7691,0.21147823176417146
29,2020-02-21,4558.1,4486.1,4558.1,4453.37,1059202,8.2578,1.7464,0.2114848991256751
30,2020-02-24,4466.46,4440.28,4473.01,4377.44,949996,8.213,1.7369,0.21148179715085844
31,2020-02-25,4429.81,4496.57,4538.46,4427.19,1052970,8.2907,1.7533,0.21147792104406143
32,2020-02-26,4433.73,4598.68,4709.95,4401.01,1654457,8.3265,1.7609,0.2114814147601033
33,2020-02-27,4614.39,4541.08,4618.32,4503.12,922759,8.2787,1.7508,0.2114824791331972
34,2020-02-28,4486.1,4530.61,4662.83,4476.94,1101300,8.3026,1.7559,0.21148796762459954
35,2020-03-02,4571.19,4732.21,4797.66,4571.19,1375747,8.3654,1.7691,0.21147823176417146
36,2020-03-03,4781.95,4728.28,4797.66,4640.57,942832,8.461,1.7894,0.21148800378205887
37,2020-03-04,4751.85,4880.14,4905.01,4681.15,1129796,8.3773,1.7717,0.21148818831843197
38,2020-03-05,4817.3,4885.37,4937.74,4793.74,924170,8.3744,1.771,0.21147783721818877
39,2020-03-06,4821.23,4732.21,4844.79,4713.88,679529,8.4551,1.7881,0.21148182753604333
40,2020-03-09,4662.83,4656.28,4732.21,4585.59,843613,8.4879,1.7951,0.21148929652799867
41,2020-03-10,4662.83,4689.01,4789.81,4610.46,765994,8.2548,1.7458,0.21148907302417988
42,2020-03-11,4692.94,4634.03,4715.19,4631.41,563319,8.3983,1.7761,0.21148327637736206
43,2020-03-12,4585.59,4577.74,4666.75,4531.92,593494,8.5776,1.814,0.21148106696511845
44,2020-03-13,4387.92,4512.28,4558.1,4348.64,732531,8.6553,1.8304,0.2114773606922926
45,2020-03-16,4513.59,4393.15,4513.59,4360.43,646615,8.7091,1.8418,0.21147994626310412
46,2020-03-17,4394.46,4336.86,4435.04,4230.82,710786,8.733,1.8469,0.21148517118974006
47,2020-03-18,4243.92,4099.91,4275.33,4061.95,1928697,8.3863,1.7736,0.2114877836471388
48,2020-03-19,4034.46,3959.84,4051.48,3822.39,1510079,8.4252,1.7818,0.211484593837535
49,2020-03-20,3995.19,4034.46,4052.79,3937.59,975291,8.3295,1.7616,0.21148928507113274
50,2020-03-23,3908.79,3870.82,3940.2,3849.88,703782,8.2787,1.7508,0.2114824791331972
51,2020-03-24,3940.2,3916.64,3950.68,3845.95,934048,8.3684,1.7698,0.21148606663161418
52,2020-03-25,3975.55,4126.1,4139.19,3975.55,1497606,8.5059,1.7988,0.21147673967481392
53,2020-03-26,4089.44,4086.82,4127.41,4060.64,576254,8.3624,1.7685,0.21148234956471829
54,2020-03-27,4154.9,4135.26,4212.5,4115.62,834894,8.458,1.7887,0.21148025537952234
55,2020-03-30,4073.73,4065.88,4156.21,4060.64,850018,8.4969,1.797,0.21148889595028775
56,2020-03-31,4106.46,4014.82,4115.62,3995.19,607044,8.3893,1.7742,0.2114836756344391
57,2020-04-01,4119.55,4143.12,4186.32,4093.37,1074332,8.3116,1.7578,0.21148755955532028
58,2020-04-02,4126.1,4175.84,4183.7,4106.46,663097,8.2249,1.7394,0.21147977483008912
59,2020-04-03,4158.82,4161.44,4215.12,4139.19,569453,8.1353,1.7205,0.21148574729880887
60,2020-04-07,4236.06,4200.72,4246.53,4165.37,671540,8.1502,1.7236,0.21147947289637065
61,2020-04-08,4178.46,4186.32,4224.28,4158.82,412514,8.2399,1.7406,0.21124042767509313
62,2020-04-09,4204.64,4150.97,4212.5,4139.19,387263,8.0546,1.7015,0.21124574777145977
63,2020-04-10,4170.61,4175.84,4236.06,4137.88,624603,8.0934,1.7097,0.21124620060790272
64,2020-04-13,4157.52,4196.79,4208.57,4140.5,432649,8.1263,1.7166,0.21124004774620672
65,2020-04-14,4204.64,4237.37,4289.73,4194.17,642419,8.1084,1.7128,0.21123772877509744
66,2020-04-15,4217.73,4152.28,4221.66,4132.64,703593,8.1771,1.7273,0.2112362573528513
67,2020-04-16,4128.72,4136.57,4160.13,4113.01,502389,8.213,1.7349,0.21123828077438211
68,2020-04-17,4162.75,4154.9,4195.48,4132.64,838133,8.201,1.7324,0.2112425313986099
69,2020-04-20,4162.75,4136.57,4166.68,4067.19,850123,8.2787,1.7488,0.21124089530965004
70,2020-04-21,4106.46,4063.26,4131.33,4027.91,790727,8.4311,1.781,0.21124171223209307
71,2020-04-22,4037.08,4077.66,4081.59,4016.13,525407,8.2727,1.7475,0.21123696012184656
72,2020-04-23,4085.51,4060.64,4093.37,4047.55,450519,8.5477,1.6967,0.19849784152462066
73,2020-04-24,4054.1,4018.75,4055.41,3999.11,497940,8.5806,1.7032,0.19849427778943196
74,2020-04-27,4022.68,4044.93,4082.9,4003.04,710753,8.3325,1.654,0.1984998499849985
75,2020-04-28,4080.28,4111.7,4126.1,4030.53,779427,8.3116,1.6499,0.19850570287309302
76,2020-04-29,4113.01,4173.22,4188.93,4094.68,801688,8.0785,1.6036,0.1985021971900724
77,2020-04-30,4178.46,4165.37,4211.19,4152.28,696878,8.1831,1.6243,0.19849445809045474
78,2020-05-06,4086.82,4094.68,4106.46,4054.1,923065,8.1741,1.6226,0.19850503419336687
79,2020-05-07,4084.21,4056.71,4084.21,4044.93,573165,8.2907,1.6457,0.198499523562546
80,2020-05-08,4082.9,4094.68,4109.08,4048.86,913214,8.1532,1.6184,0.19849874895746455
81,2020-05-11,4086.82,4114.31,4123.48,4072.42,795067,8.0217,1.5923,0.19849907126918237
82,2020-05-12,4105.15,4051.48,4110.39,4038.39,776058,8.0336,1.5947,0.19850378410675165
83,2020-05-13,4035.77,4051.48,4051.48,4012.21,628099,8.1024,1.6083,0.19849674170616116
84,2020-05-14,4035.77,3993.88,4038.39,3988.64,705512,8.0307,1.5941,0.19850075335898493
85,2020-05-15,4009.59,3993.88,4021.37,3983.41,460156,7.9739,1.5828,0.19849759841482836
86,2020-05-18,4038.39,4088.13,4110.39,4034.46,1385653,8.0785,1.6036,0.1985021971900724
87,2020-05-19,4123.48,4077.66,4126.1,4064.57,680787,8.2249,1.6326,0.1984948145266204
88,2020-05-20,4076.35,4009.59,4077.66,4004.35,1105354,8.3325,1.654,0.1984998499849985
89,2020-05-21,4020.06,4005.66,4026.61,3995.19,410363,8.3714,1.6617,0.19849726449578328
90,2020-05-22,3996.5,3950.68,4000.42,3948.06,534242,8.458,1.6789,0.1984984629936155
91,2020-05-25,3959.84,3989.95,4006.97,3924.5,512761,8.1383,1.6154,0.19849354287750515
92,2020-05-26,4005.66,4038.39,4042.31,3987.33,552782,8.2309,1.6338,0.19849591174719652
93,2020-05-27,4038.39,4047.55,4073.73,4021.37,555244,8.4521,1.6777,0.19849504856781156
94,2020-05-28,4044.93,4078.97,4133.95,4044.93,709769,8.6493,1.7169,0.19850161284728243
95,2020-05-29,4076.35,4021.37,4076.35,4021.37,520784,8.727,1.7323,0.19849891142431533
96,2020-06-01,4058.02,4113.01,4126.1,4058.02,779004,8.7181,1.7305,0.19849508493823195
97,2020-06-02,4109.08,4222.97,4225.59,4099.91,1020845,9.1544,1.8172,0.19850563663374987
98,2020-06-03,4243.92,4170.61,4317.23,4169.3,927492,9.0857,1.8035,0.19849873977789276
99,2020-06-04,4194.17,4156.21,4208.57,4101.22,724556,9.0558,1.7976,0.1985026171072683
100,2020-06-05,4145.73,4114.31,4154.9,4085.51,649401,9.271,1.8403,0.19850070111099125
101,2020-06-08,4137.88,4139.19,4171.92,4115.62,709041,8.5626,1.6997,0.19850279120827785
102,2020-06-09,4139.19,4118.24,4171.92,4105.15,730994,8.4849,1.6843,0.19850558050183267
103,2020-06-10,4111.7,4084.21,4114.31,4058.02,829018,8.3953,1.6665,0.1985039248150751
104,2020-06-11,4075.04,4047.55,4088.13,4037.08,650468,7.8125,1.5508,0.1985024
105,2020-06-12,4000.42,4022.68,4051.48,3988.64,578495,7.7467,1.5377,0.19849742470987647
106,2020-06-15,3995.19,4008.28,4076.35,3995.19,693732,7.8902,1.5662,0.19849940432435173
107,2020-06-16,4044.93,4037.08,4058.02,4021.37,577040,7.6361,1.5158,0.19850447217820616
108,2020-06-17,4027.91,4018.75,4039.7,4010.9,454634,7.678,1.5241,0.19850221411825997
109,2020-06-18,4025.3,4046.24,4067.19,4023.99,733262,7.7557,1.5395,0.19849916835359802
110,2020-06-19,4054.1,4054.1,4059.33,4023.99,797460,7.7378,1.5359,0.19849311173718628
111,2020-06-22,4044.93,4020.06,4052.79,4016.13,701394,7.675,1.5235,0.19850162866449514
112,2020-06-23,4017.44,4001.73,4018.75,3993.88,643002,7.7168,1.5318,0.19850196972838483
113,2020-06-24,4020.06,4113.01,4119.55,4017.44,1426040,7.6511,1.5187,0.198494334148031
114,2020-06-29,4073.73,4050.17,4093.37,4022.68,893959,7.684,1.5314,0.19929724102030194
115,2020-06-30,4073.73,4078.97,4093.37,4044.93,714384,7.5305,1.5516,0.2060420954783879
116,2020-07-01,4084.21,4334.24,4387.92,4082.9,2602749,7.6119,1.5683,0.20603265938858892
117,2020-07-02,4322.46,4373.52,4438.97,4292.35,2134744,7.6875,1.5839,0.20603577235772358
118,2020-07-03,4407.55,4407.55,4469.08,4340.79,1744356,7.734,1.5935,0.2060382725627101
119,2020-07-06,4492.64,4717.81,4734.83,4492.64,2301285,7.6788,1.5821,0.20603479710371414
120,2020-07-07,4780.65,4623.55,4848.72,4584.28,1713196,7.7718,1.6013,0.20603978486322344
121,2020-07-08,4623.55,4636.64,4702.1,4538.46,1601288,7.8038,1.6079,0.20604064686434814
122,2020-07-09,4643.19,4666.75,4666.75,4568.57,1342454,7.9201,1.6318,0.20603275211171576
123,2020-07-10,4586.9,4475.63,4593.44,4452.06,2098406,7.6759,1.5815,0.20603447152776871
124,2020-07-13,4442.9,4479.55,4504.43,4385.3,1804033,7.4723,1.5396,0.2060409780121248
125,2020-07-14,4471.7,4445.52,4518.83,4381.37,1343018,7.6003,1.5659,0.20603134086812364
126,2020-07-15,4453.37,4359.12,4490.03,4359.12,1154990,7.5305,1.5516,0.2060420954783879
127,2020-07-16,4355.19,4262.24,4416.72,4259.62,1438432,7.5101,1.5474,0.20604252939374976
128,2020-07-17,4225.59,4221.66,4275.33,4179.77,1166351,7.4025,1.5252,0.2060385005065856
129,2020-07-20,4242.61,4361.73,4387.92,4229.52,1132750,7.3153,1.5072,0.2060339288887674
130,2020-07-21,4381.37,4323.77,4391.84,4301.52,776308,7.4374,1.5324,0.20603974507220263
131,2020-07-22,4308.06,4306.75,4361.73,4276.64,882147,7.4462,1.5342,0.2060379791034353
132,2020-07-23,4275.33,4259.62,4319.84,4205.95,991226,7.5974,1.5654,0.20604417300655486
133,2020-07-24,4237.37,4195.48,4306.75,4171.92,1160240,7.6206,1.5701,0.20603364564469992
134,2020-07-27,4226.9,4149.66,4228.21,4103.84,943467,7.4113,1.527,0.20603672769959386
135,2020-07-28,4169.3,4174.53,4191.55,4141.81,619447,7.4113,1.527,0.20603672769959386
136,2020-07-29,4153.59,4205.95,4209.88,4127.41,926894,7.5392,1.5534,0.2060430814940577
137,2020-07-30,4196.79,4175.84,4204.64,4164.06,733969,7.5392,1.5534,0.2060430814940577
138,2020-07-31,4175.84,4170.61,4221.66,4140.5,733327,7.6788,1.5821,0.20603479710371414
139,2020-08-03,4194.17,4228.21,4237.37,4181.08,1062237,7.6352,1.5731,0.20603258591785414
140,2020-08-04,4243.92,4288.42,4315.92,4200.72,1246383,7.5508,1.5558,0.20604439264713675
141,2020-08-05,4257.01,4237.37,4264.86,4205.95,811324,7.6352,1.5731,0.20603258591785414
142,2020-08-06,4241.3,4241.3,4274.02,4190.24,827242,7.7922,1.6055,0.20603937270603936
143,2020-08-07,4216.42,4195.48,4238.68,4178.46,664063,7.8096,1.6091,0.20604128252407294
144,2020-08-10,4202.02,4297.59,4314.61,4198.1,1052840,7.6729,1.5809,0.2060368309244223
145,2020-08-11,4311.99,4306.75,4380.06,4297.59,1038366,7.5247,1.5554,0.20670591518598747
146,2020-08-12,4308.06,4415.41,4415.41,4296.28,1249774,7.4665,1.5433,0.20669657804861716
147,2020-08-13,4431.12,4401.01,4461.23,4363.04,790903,7.5596,1.5626,0.2067040584157892
148,2020-08-14,4442.45,4413.65,4442.45,4344.27,940947,7.5974,1.5704,0.20670229288967276
149,2020-08-17,4421.51,4483.04,4540.64,4397.95,1347818,7.5654,1.5638,0.20670420599043013
150,2020-08-18,4483.04,4416.27,4492.2,4390.09,848393,7.7282,1.5974,0.20669754923526823
151,2020-08-19,4408.42,4382.24,4442.45,4363.91,730577,7.7689,1.6058,0.20669592863854597
152,2020-08-20,4370.45,4387.47,4394.02,4345.58,568976,7.7282,1.5974,0.20669754923526823
153,2020-08-21,4421.51,4371.76,4424.13,4352.13,515551,7.7631,1.6046,0.20669577874818051
154,2020-08-24,4400.56,4341.65,4422.82,4337.73,566269,7.9521,1.6437,0.20670011695023957
155,2020-08-25,4349.51,4349.51,4383.55,4340.35,489635,7.8619,1.6251,0.2067057581500655
156,2020-08-26,4340.35,4335.11,4380.93,4319.4,520894,7.8154,1.6155,0.206707270261279
157,2020-08-27,4336.42,4318.09,4346.89,4264.42,541847,7.7602,1.604,0.20669570371897633
158,2020-08-28,4328.56,4399.25,4421.51,4328.56,891557,7.8387,1.6203,0.20670519346320182
159,2020-08-31,4404.49,4359.98,4435.91,4348.2,803902,7.8707,1.6269,0.20670334277764366
160,2020-09-01,4348.2,4353.44,4354.75,4315.47,524296,7.7834,1.6089,0.20670915024282446
161,2020-09-02,4377.0,4392.71,4417.58,4341.65,730023,7.8154,1.6155,0.206707270261279
162,2020-09-03,4403.18,4430.67,4481.73,4379.62,799221,7.7427,1.6004,0.20669792191354439
163,2020-09-04,4397.95,4464.71,4475.18,4384.85,816186,7.4578,1.5415,0.20669634476655316
164,2020-09-07,4449.0,4511.84,4593.0,4449.0,1432294,7.5712,1.565,0.20670435333896872
165,2020-09-08,4534.09,4494.82,4608.71,4476.49,964997,7.7253,1.5968,0.2066974745317334
166,2020-09-09,4468.64,4452.93,4507.91,4409.73,645614,7.6177,1.5746,0.20670281055961773
167,2020-09-10,4502.67,4515.76,4599.55,4502.67,954677,7.7049,1.5926,0.206699632701268
168,2020-09-11,4515.76,4455.55,4515.76,4442.45,541108,7.2397,1.4965,0.2067074602538779
169,2020-09-14,4456.85,4416.27,4494.82,4391.4,588403,7.138,1.4754,0.20669655365648643
170,2020-09-15,4409.73,4438.53,4467.33,4387.47,584232,7.5014,1.5506,0.2067080811581838
171,2020-09-16,4445.07,4480.42,4505.29,4411.04,554701,7.3357,1.5163,0.20670147361533323
172,2020-09-17,4483.04,4463.4,4511.84,4449.0,565623,7.6468,1.5806,0.2067008421823508
173,2020-09-18,4492.2,4625.73,4625.73,4466.02,1615106,9.4071,1.8993,0.2019006920304876
174,2020-09-21,4624.42,4604.78,4659.76,4591.69,725102,9.551,1.9284,0.20190555962726414
175,2020-09-22,4581.22,4581.22,4636.2,4547.18,583742,9.8556,1.9898,0.20189536913024067
176,2020-09-23,4599.55,4547.18,4612.64,4527.55,386289,10.0229,2.0236,0.2018976543714893
177,2020-09-24,4530.16,4468.64,4540.64,4452.93,564596,10.1668,2.0527,0.20190227013416218
178,2020-09-25,4456.85,4405.8,4501.36,4377.0,697230,10.3073,2.0811,0.20190544565502122
179,2020-09-28,4429.36,4507.91,4541.95,4424.13,669628,10.2237,2.0642,0.2019034204837779
180,2020-09-29,4511.84,4493.51,4556.35,4493.51,412967,10.4178,2.1034,0.20190443279771164
181,2020-09-30,4548.49,4458.16,4548.49,4411.04,489833,10.8093,2.1824,0.2019002155551238
182,2020-10-09,4462.09,4459.47,4493.51,4421.51,684346,10.7959,2.1797,0.20190072157022573
183,2020-10-12,4476.49,4496.13,4532.78,4462.09,926245,10.4077,2.1013,0.20189859430998205
184,2020-10-13,4481.73,4454.24,4481.73,4438.53,588380,10.4178,2.1034,0.20190443279771164
185,2020-10-14,4435.91,4426.75,4455.55,4409.73,537839,9.9024,1.9993,0.2019005493617709
186,2020-10-15,4404.49,4416.27,4446.38,4399.25,528975,9.9292,2.0047,0.20189944809249488
187,2020-10-16,4416.27,4437.22,4447.69,4409.73,480962,10.0764,2.0344,0.2018975030764956
188,2020-10-19,4455.55,4421.51,4532.78,4412.35,1102098,9.8154,1.9817,0.2018970189701897
189,2020-10-20,4408.42,4387.47,4408.42,4361.29,623973,9.6715,1.9527,0.20190249702734842
190,2020-10-21,4392.71,4407.11,4407.11,4363.91,473353,9.7886,1.9763,0.20189812639192528
191,2020-10-22,4391.4,4454.24,4468.64,4390.09,627002,9.9894,2.0169,0.20190401825935494
192,2020-10-23,4443.76,4439.84,4473.87,4422.82,579140,9.9225,2.0034,0.20190476190476192
193,2020-10-26,4455.55,4455.55,4473.87,4431.98,593624,9.9392,2.0067,0.20189753702511268
194,2020-10-27,4445.07,4386.16,4456.85,4379.62,597369,10.1802,2.0554,0.2019017308107896
195,2020-10-28,4383.55,4314.16,4387.47,4311.54,750400,10.3073,2.0811,0.20190544565502122
196,2020-10-29,4305.0,4374.38,4386.16,4274.89,628714,10.0229,2.0236,0.2018976543714893
197,2020-10-30,4403.18,4396.64,4509.22,4377.0,937181,9.7317,1.9648,0.2018968936568123
198,2020-11-02,4411.04,4449.0,4480.42,4411.04,826286,9.7317,1.9648,0.2018968936568123
199,2020-11-03,4455.55,4459.47,4475.18,4430.67,617666,9.5945,1.9371,0.20189692011047997
200,2020-11-04,4462.09,4476.49,4488.27,4442.45,454992,9.203,1.8581,0.20190155384113878
201,2020-11-05,4514.46,4619.18,4633.58,4496.13,1201196,9.3368,1.8851,0.20190000856824608
202,2020-11-06,4630.96,4646.67,4661.07,4590.38,852881,9.2498,1.8675,0.20189625721637222
203,2020-11-09,4680.71,4661.07,4699.04,4611.33,811185,9.2431,1.8662,0.20190195929936927
204,2020-11-10,4678.09,4629.66,4731.77,4612.64,613771,8.9118,1.7993,0.20190085055768756
205,2020-11-11,4634.89,4687.26,4750.09,4619.18,885212,9.6983,1.9581,0.20190136415660476
206,2020-11-12,4685.95,4685.95,4692.49,4636.2,459057,10.0764,2.0344,0.2018975030764956
207,2020-11-13,4659.76,4593.0,4676.78,4564.2,660135,9.7752,1.9736,0.20189868237990016
208,2020-11-16,4637.51,4612.64,4651.91,4586.46,516576,9.9961,2.0182,0.20189874050879844
209,2020-11-17,4625.73,4710.82,4760.57,4624.42,980541,10.1936,2.0581,0.20190119290535238
210,2020-11-18,4717.37,4816.86,4858.75,4684.64,1247658,10.217,2.0628,0.20189879612410688
211,2020-11-19,4789.37,4836.49,4861.37,4782.82,660882,10.2036,2.0601,0.20189932964835938
212,2020-11-20,4836.49,4831.26,4854.82,4774.97,453121,10.5048,2.1209,0.20189817987967404
213,2020-11-23,4819.47,4853.51,4887.55,4799.84,665387,10.6018,2.1405,0.20189967741326942
214,2020-11-24,4848.28,4828.64,4900.64,4795.91,493783,10.5282,2.1256,0.20189586064094525
215,2020-11-25,4848.28,4822.09,4886.24,4795.91,525685,10.7758,2.1756,0.20189684292581528
216,2020-11-26,4819.47,4840.42,4857.44,4733.07,584040,10.6018,2.1405,0.20189967741326942
217,2020-11-27,4861.37,4928.13,4966.09,4860.06,667013,10.6286,2.1459,0.20189865081007846
218,2020-11-30,4939.91,4809.0,5074.75,4809.0,1353477,10.5449,2.129,0.20189854811330596
219,2020-12-01,4823.4,4815.55,4843.04,4735.69,849853,10.7257,2.1655,0.2018982444036287
