,日期,开盘,收盘,最高,最低,成交量,pe,pb,roe
0,2020-01-03,2857.38,2896.38,2917.51,2854.13,1116195,13.7999,1.3471,0.09761664939601011
1,2020-01-06,2868.75,2878.51,2922.39,2852.5,862084,13.5866,1.3263,0.09761824150265702
2,2020-01-07,2888.26,2891.51,2912.64,2859.0,728608,13.559,1.3236,0.09761781842318756
3,2020-01-08,2867.13,2811.87,2875.26,2806.99,847824,13.4214,1.3102,0.09762021845709092
4,2020-01-09,2836.25,2833.0,2855.75,2790.74,1031637,13.1185,1.2806,0.09761786789648207
5,2020-01-10,2833.0,2816.75,2836.25,2789.12,585548,13.325,1.3008,0.09762101313320826
6,2020-01-13,2826.5,2865.5,2872.01,2803.74,872133,13.504,1.3182,0.09761552132701422
7,2020-01-14,2865.5,2828.12,2911.01,2828.12,1304494,12.9809,1.2672,0.09762034989869732
8,2020-01-15,2833.0,2789.12,2844.38,2777.74,859439,12.974,1.2665,0.09761831355017728
9,2020-01-16,2789.12,2758.24,2797.24,2737.11,1028105,12.7056,1.2403,0.0976183730008815
10,2020-01-17,2766.36,2767.99,2793.99,2761.49,605437,12.2719,1.198,0.09762139521997408
11,2020-01-20,2774.49,2777.74,2803.74,2761.49,746075,11.9553,1.1671,0.09762197519091952
12,2020-01-21,2759.86,2704.6,2759.86,2693.23,896603,11.8246,1.1543,0.09761852409383828
13,2020-01-22,2691.6,2719.23,2730.61,2657.47,719465,12.1549,1.1866,0.09762318077483156
14,2020-01-23,2691.6,2629.84,2691.6,2605.46,1100592,12.2582,1.1966,0.09761628950416865
15,2020-02-03,2377.92,2377.92,2493.32,2377.92,2259195,12.4647,1.2168,0.09761967797058894
16,2020-02-04,2387.67,2477.06,2486.82,2382.8,1706172,12.2788,1.1986,0.09761540215656253
17,2020-02-05,2475.44,2481.94,2524.2,2431.56,1491380,12.1412,1.1852,0.09761802787203902
18,2020-02-06,2511.19,2504.69,2520.95,2462.44,1185816,12.1825,1.1892,0.09761543197209112
19,2020-02-07,2477.06,2480.31,2491.69,2446.18,924853,12.6092,1.2309,0.09761919868032866
20,2020-02-10,2462.44,2460.81,2465.69,2428.31,1339495,12.3614,1.2067,0.09761839273868657
21,2020-02-11,2477.06,2507.94,2532.32,2470.56,1407507,12.1343,1.1845,0.09761584928673266
22,2020-02-12,2507.94,2504.69,2512.82,2477.06,1070503,12.2169,1.1926,0.0976188722179931
23,2020-02-13,2494.94,2485.19,2522.57,2478.69,1013205,12.2306,1.1939,0.09761581606789527
24,2020-02-14,2501.44,2546.95,2564.83,2493.32,1512435,12.1343,1.1845,0.09761584928673266
25,2020-02-17,2548.58,2602.21,2602.21,2530.7,1543696,12.2238,1.1933,0.09762103437556242
26,2020-02-18,2595.71,2574.58,2595.71,2543.7,973612,12.1825,1.1892,0.09761543197209112
27,2020-02-19,2558.33,2581.08,2602.21,2555.08,874107,12.4784,1.2181,0.09761668162584947
28,2020-02-20,2585.96,2637.97,2642.84,2558.33,1235444,12.0861,1.1798,0.0976162699299195
29,2020-02-21,2621.71,2636.34,2659.09,2615.21,995071,12.327,1.2349,0.10017847002514806
30,2020-02-24,2616.84,2579.46,2616.84,2566.45,1191795,12.0723,1.2094,0.1001797503375496
31,2020-02-25,2542.07,2548.58,2563.2,2506.32,1144575,12.031,1.2052,0.10017454908153936
32,2020-02-26,2504.69,2540.45,2585.96,2493.32,1176599,11.7695,1.179,0.10017417902204852
33,2020-02-27,2535.57,2559.95,2566.45,2524.2,975271,11.3978,1.1418,0.10017722718419343
34,2020-02-28,2517.7,2460.81,2548.58,2454.31,1300644,11.0331,1.1053,0.1001803663521585
35,2020-03-02,2468.94,2507.94,2533.95,2454.31,1116581,11.0537,1.1073,0.10017460216940934
36,2020-03-03,2535.57,2496.57,2540.45,2481.94,1153584,10.9436,1.0963,0.10017727256113163
37,2020-03-04,2490.07,2491.69,2506.32,2462.44,862595,10.448,1.0466,0.10017228177641653
38,2020-03-05,2509.57,2605.46,2646.09,2498.19,2686602,10.4411,1.046,0.1001810154102537
39,2020-03-06,2571.33,2546.95,2585.96,2545.33,1228531,10.1865,1.0204,0.10017179600451577
40,2020-03-09,2494.94,2452.68,2498.19,2447.81,1665794,10.5375,1.0556,0.1001755634638197
41,2020-03-10,2441.31,2503.07,2517.7,2441.31,1167865,10.4549,1.0473,0.10017312456360174
42,2020-03-11,2504.69,2491.69,2522.57,2480.31,814382,10.4067,1.0425,0.10017584825160714
43,2020-03-12,2485.19,2490.07,2516.07,2465.69,986497,10.7577,1.0777,0.1001794063786869
44,2020-03-13,2363.29,2464.06,2473.81,2363.29,1169766,10.7164,1.0735,0.10017356574969205
45,2020-03-16,2452.68,2338.92,2454.31,2338.92,1406202,10.916,1.0935,0.10017405643092707
46,2020-03-17,2338.92,2283.66,2374.67,2238.15,1177849,11.0675,1.1087,0.10017619155184097
47,2020-03-18,2283.66,2169.89,2306.41,2160.14,1384784,10.7164,1.0735,0.10017356574969205
48,2020-03-19,2165.01,2091.87,2174.76,2039.86,1891457,10.627,1.0646,0.10017878987484707
49,2020-03-20,2119.5,2139.01,2165.01,2096.75,1578353,10.565,1.0584,0.10017983909133933
50,2020-03-23,2054.49,2078.87,2111.38,2043.12,1071114,10.5306,1.0549,0.10017472888534366
51,2020-03-24,2119.5,2153.63,2165.01,2098.37,1180200,10.331,1.0349,0.10017423289129804
52,2020-03-25,2197.52,2195.89,2228.4,2168.26,1136958,10.5581,1.0577,0.10017900948087252
53,2020-03-26,2181.26,2226.77,2272.28,2171.51,1075192,10.4687,1.0487,0.10017480680504742
54,2020-03-27,2257.65,2241.4,2278.78,2230.02,653019,10.6201,1.0639,0.10017796442594702
55,2020-03-30,2192.64,2207.27,2223.52,2178.01,661739,10.2828,1.0301,0.10017699459291243
56,2020-03-31,2225.15,2184.51,2231.65,2181.26,513370,10.2966,1.0315,0.10017869976497097
57,2020-04-01,2194.27,2199.14,2238.15,2187.76,520836,10.2553,1.0273,0.10017259368326623
58,2020-04-02,2176.39,2212.14,2212.14,2161.76,518365,10.5444,1.0563,0.10017639695003984
59,2020-04-03,2187.76,2153.63,2199.14,2143.88,825348,10.4205,1.0439,0.10017753466724245
60,2020-04-07,2199.14,2197.52,2207.27,2186.14,870314,10.3792,1.0398,0.10018113149375674
61,2020-04-08,2197.52,2181.26,2204.02,2171.51,528716,10.4136,1.0432,0.10017669201813012
62,2020-04-09,2197.52,2174.76,2199.14,2171.51,408554,9.9525,1.0087,0.10135141924139662
63,2020-04-10,2178.01,2182.89,2213.77,2160.14,666675,9.8905,1.0025,0.10135989080430717
64,2020-04-13,2163.39,2150.38,2169.89,2130.88,446214,10.0488,1.0185,0.10135538571769763
65,2020-04-14,2160.14,2194.27,2194.27,2147.13,686087,9.9525,1.0087,0.10135141924139662
66,2020-04-15,2194.27,2195.89,2205.64,2181.26,656396,9.9456,1.008,0.10135135135135134
67,2020-04-16,2182.89,2165.01,2182.89,2142.26,789155,10.0419,1.0178,0.1013553212041546
68,2020-04-17,2179.64,2199.14,2223.52,2160.14,1331165,10.393,1.0534,0.10135668238237273
69,2020-04-20,2194.27,2215.39,2225.15,2179.64,818456,10.4274,1.0569,0.10135796075723573
70,2020-04-21,2265.78,2290.16,2330.79,2265.78,2122448,10.4549,1.0597,0.10135917129766904
71,2020-04-22,2277.15,2254.4,2285.28,2243.02,1032803,9.9593,1.0094,0.101352504694105
72,2020-04-23,2254.4,2254.4,2267.4,2234.9,646990,9.7597,0.9892,0.1013555744541328
73,2020-04-24,2244.65,2256.03,2262.53,2234.9,566002,9.8974,1.0032,0.10135995311900096
74,2020-04-27,2265.78,2298.28,2321.04,2257.65,936830,9.7253,0.9857,0.101354199870441
75,2020-04-28,2290.16,2301.53,2308.04,2260.9,771564,9.6014,0.9732,0.10136021830149769
76,2020-04-29,2295.03,2382.8,2395.8,2290.16,1108722,9.4294,0.9557,0.10135321441449086
77,2020-04-30,2382.8,2368.17,2431.56,2360.04,819540,9.567,0.9697,0.10135883767116129
78,2020-05-06,2340.54,2342.17,2361.67,2316.16,1008998,9.4707,0.9599,0.10135470450969832
79,2020-05-07,2340.54,2329.16,2340.54,2314.54,662749,9.6634,0.9794,0.10135149119357577
80,2020-05-08,2340.54,2371.42,2382.8,2327.54,934782,9.3537,0.948,0.10135026780846082
81,2020-05-11,2366.54,2379.55,2400.68,2363.29,612862,9.1816,0.9306,0.1013548836804043
82,2020-05-12,2371.42,2345.42,2387.67,2334.04,558511,9.2022,0.9327,0.1013561974310491
83,2020-05-13,2338.92,2319.41,2343.79,2303.16,640359,9.3192,0.9446,0.1013606318138896
84,2020-05-14,2306.41,2265.78,2312.91,2252.78,944672,9.1816,0.9306,0.1013548836804043
85,2020-05-15,2280.41,2254.4,2286.91,2239.77,756794,9.1128,0.9236,0.10135194451760161
86,2020-05-18,2249.53,2249.53,2272.28,2236.52,637209,9.2917,0.9418,0.10135927763487843
87,2020-05-19,2283.66,2275.53,2290.16,2260.9,600369,9.6427,0.9773,0.10135128128013939
88,2020-05-20,2278.78,2299.91,2317.79,2260.9,690851,9.918,1.0052,0.10135107884654165
89,2020-05-21,2301.53,2282.03,2309.66,2275.53,552312,9.9731,1.0108,0.10135263859782814
90,2020-05-22,2270.65,2204.02,2272.28,2204.02,856237,10.1383,1.0276,0.10135821587445629
91,2020-05-25,2212.14,2210.52,2213.77,2178.01,410171,9.7322,0.9864,0.10135426727769671
92,2020-05-26,2220.27,2223.52,2228.4,2207.27,396212,9.7391,0.9871,0.10135433458943845
93,2020-05-27,2225.15,2217.02,2247.9,2210.52,482963,9.8217,0.9955,0.10135719885559527
94,2020-05-28,2231.32,2263.83,2281.71,2221.57,960760,10.1039,1.0241,0.10135690179039777
95,2020-05-29,2254.08,2252.45,2258.95,2239.45,457808,10.2484,1.0387,0.10135240622926504
96,2020-06-01,2268.7,2304.46,2315.84,2265.45,882961,10.2278,1.0366,0.101351219226031
97,2020-06-02,2299.58,2341.84,2354.84,2297.96,883459,10.6889,1.0834,0.10135748299637941
98,2020-06-03,2356.47,2340.22,2395.47,2333.71,956803,10.8472,1.0994,0.10135334464193523
99,2020-06-04,2338.59,2345.09,2356.47,2319.09,583066,10.6545,1.0799,0.10135623445492516
100,2020-06-05,2349.97,2348.34,2353.22,2322.34,383027,10.7922,1.0938,0.10135097570467562
101,2020-06-08,2362.97,2353.22,2390.6,2346.72,585972,9.8079,0.9941,0.10135706930127754
102,2020-06-09,2356.47,2361.34,2371.1,2338.59,474300,9.2435,0.9369,0.10135771082382215
103,2020-06-10,2367.85,2332.09,2367.85,2317.46,580476,9.0302,0.9153,0.10135988128723615
104,2020-06-11,2314.21,2265.45,2315.84,2252.45,1349040,8.8099,0.8929,0.10135188821666534
105,2020-06-12,2236.2,2250.83,2255.7,2231.32,1030551,8.8099,0.8929,0.10135188821666534
106,2020-06-15,2228.07,2223.2,2247.57,2219.95,660313,8.8099,0.8929,0.10135188821666534
107,2020-06-16,2236.2,2234.57,2250.83,2229.7,718059,8.6723,0.879,0.1013571947464917
108,2020-06-17,2234.57,2228.07,2239.45,2213.44,716468,8.6998,0.8818,0.10135865192303271
109,2020-06-18,2213.44,2213.44,2219.95,2185.81,1119648,8.8099,0.8929,0.10135188821666534
110,2020-06-19,2208.57,2219.95,2226.45,2189.06,1539522,8.7824,0.8901,0.10135042812898523
111,2020-06-22,2210.19,2193.94,2213.44,2190.69,1319080,8.8443,0.8964,0.101353414063295
112,2020-06-23,2195.57,2187.44,2202.07,2174.44,990807,8.8719,0.8992,0.10135371228260012
113,2020-06-24,2193.94,2219.95,2232.95,2187.44,1523220,8.8237,0.8943,0.10135204052721647
114,2020-06-29,2239.45,2219.95,2247.57,2205.32,1038480,8.9407,0.9062,0.10135671703557887
115,2020-06-30,2224.82,2219.95,2232.95,2206.94,937940,9.0026,0.9125,0.10135960722457957
116,2020-07-01,2218.32,2271.95,2276.83,2210.19,1697390,9.2848,0.9411,0.10135921075305876
117,2020-07-02,2265.45,2322.34,2332.09,2247.57,2590501,9.4087,0.9536,0.1013530030716252
118,2020-07-03,2345.09,2455.61,2466.99,2343.47,3768334,9.3743,0.9501,0.10135156758371291
119,2020-07-06,2512.49,2688.02,2688.02,2510.87,4711461,9.3537,0.948,0.10135026780846082
120,2020-07-07,2788.79,2655.52,2842.43,2582.38,3964428,9.3399,0.9466,0.1013501215216437
121,2020-07-08,2614.89,2701.03,2740.03,2614.89,2631339,9.3192,0.9446,0.1013606318138896
122,2020-07-09,2684.77,2663.65,2684.77,2627.89,2243994,9.3261,0.8013,0.0859201595522244
123,2020-07-10,2634.39,2554.75,2655.52,2538.5,2158773,9.1678,0.7877,0.08592028621915836
124,2020-07-13,2528.75,2559.63,2590.51,2496.24,1937160,8.9476,0.7687,0.08591130582502572
125,2020-07-14,2561.25,2525.5,2608.39,2504.37,1953566,8.9958,0.7729,0.0859178727850775
126,2020-07-15,2541.75,2458.86,2554.75,2452.36,2042563,8.9476,0.8933,0.09983682775269347
127,2020-07-16,2463.74,2439.36,2504.37,2434.48,1930891,8.9751,0.896,0.09983175674922842
128,2020-07-17,2442.61,2437.73,2460.49,2406.85,1291347,8.92,0.8905,0.09983183856502242
129,2020-07-20,2452.36,2533.62,2540.12,2431.23,1979632,8.8925,0.8878,0.09983694124262019
130,2020-07-21,2525.5,2494.62,2525.5,2479.99,1252866,9.2229,0.9208,0.09983844560821434
131,2020-07-22,2494.62,2481.61,2520.62,2458.86,1312952,9.2986,0.9283,0.0998322328092401
132,2020-07-23,2453.98,2416.6,2462.11,2384.1,2027526,9.1954,0.918,0.09983252495813125
133,2020-07-24,2410.1,2333.71,2413.35,2320.71,1830882,9.0852,0.907,0.09983269493241756
134,2020-07-27,2361.34,2291.46,2362.97,2268.7,1880653,9.1059,0.9091,0.09983636982615667
135,2020-07-28,2307.71,2307.71,2322.34,2281.71,1217006,9.1541,0.9139,0.09983504659114496
136,2020-07-29,2309.34,2340.22,2354.84,2286.58,1519580,9.3812,0.9366,0.09983797381998039
137,2020-07-30,2333.71,2312.59,2335.34,2312.59,964068,9.4913,0.9476,0.09983879974292245
138,2020-07-31,2297.96,2307.71,2338.59,2293.08,1165822,9.6359,0.962,0.09983499206093878
139,2020-08-03,2328.84,2348.34,2353.22,2322.34,1445096,9.6014,0.9586,0.09983960672401941
140,2020-08-04,2359.72,2421.48,2439.36,2330.46,2445663,9.4225,0.9407,0.09983550013266118
141,2020-08-05,2385.72,2375.97,2390.6,2353.22,1440203,9.4775,0.9462,0.09983645476127673
142,2020-08-06,2385.72,2398.73,2408.48,2358.09,1352511,9.5877,0.9572,0.09983624852675825
143,2020-08-07,2382.47,2366.22,2398.73,2353.22,988678,9.6496,0.9634,0.09983833526778313
144,2020-08-10,2361.34,2406.85,2418.23,2353.22,1587710,9.3055,0.929,0.09983343184138413
145,2020-08-11,2410.1,2436.11,2522.25,2410.1,2603308,9.2917,0.9277,0.0998417942895272
146,2020-08-12,2449.11,2476.74,2496.24,2439.36,1596812,9.1128,0.9098,0.09983759108067773
147,2020-08-13,2479.99,2444.23,2489.74,2437.73,837262,9.1059,0.9091,0.09983636982615667
148,2020-08-14,2431.23,2491.37,2497.87,2424.73,1103216,9.1059,0.9091,0.09983636982615667
149,2020-08-17,2512.49,2608.39,2634.39,2504.37,3268028,9.2573,0.9242,0.09983472502781587
150,2020-08-18,2610.01,2601.88,2626.26,2562.88,1350261,8.9407,0.9233,0.10326931895712864
151,2020-08-19,2595.38,2593.76,2634.39,2571.0,1420928,8.8719,0.9162,0.10326987454772935
152,2020-08-20,2579.13,2510.87,2600.26,2501.12,1333802,8.7273,0.9012,0.10326217730569592
153,2020-08-21,2530.37,2488.12,2530.37,2466.99,1234517,8.8581,0.9147,0.10326142174958512
154,2020-08-24,2496.24,2489.74,2530.37,2481.61,919449,8.8512,0.914,0.10326283441793203
155,2020-08-25,2505.99,2512.49,2527.12,2489.74,748320,8.6654,0.8948,0.10326124587439703
156,2020-08-26,2512.49,2475.11,2514.12,2460.49,734118,8.803,0.909,0.10326025218675451
157,2020-08-27,2479.99,2489.74,2489.74,2432.86,626667,8.7686,0.9055,0.10326619984946286
158,2020-08-28,2457.24,2598.63,2606.76,2457.24,2410400,8.7962,0.9083,0.10326049885177689
159,2020-08-31,2626.26,2590.51,2688.02,2575.88,1797130,8.865,0.9154,0.10326001128031584
160,2020-09-01,2571.0,2600.26,2614.89,2558.0,813643,8.6791,0.8963,0.10327107649410652
161,2020-09-02,2579.13,2629.51,2663.65,2579.13,1679383,8.9269,0.9218,0.10326093044617952
162,2020-09-03,2629.51,2561.25,2631.14,2551.5,1279842,8.8719,0.9162,0.10326987454772935
163,2020-09-04,2533.62,2571.0,2587.26,2512.49,909890,8.8099,0.9098,0.1032701846786002
164,2020-09-07,2558.0,2567.75,2616.51,2549.88,1031377,8.9063,0.9197,0.10326398167589235
165,2020-09-08,2577.51,2647.39,2647.39,2577.51,1407602,9.0508,0.9346,0.10326159013567861
166,2020-09-09,2619.76,2611.64,2668.52,2598.63,1013572,8.9889,0.9282,0.10326068818209126
167,2020-09-10,2629.51,2632.77,2655.52,2610.01,957092,8.8581,0.9147,0.10326142174958512
168,2020-09-11,2606.76,2579.13,2626.26,2548.25,954236,8.6791,0.8963,0.10327107649410652
169,2020-09-14,2579.13,2626.26,2626.26,2564.5,680251,8.3625,0.8636,0.10327055306427503
170,2020-09-15,2610.01,2634.39,2655.52,2601.88,657133,8.6172,0.8899,0.10327020377848953
171,2020-09-16,2629.51,2649.02,2665.27,2611.64,722415,8.4176,0.8692,0.10325983653297852
172,2020-09-17,2665.27,2670.15,2694.53,2642.52,988216,8.748,0.9034,0.10326931870141748
173,2020-09-18,2678.27,2751.41,2754.66,2662.02,1373193,9.2298,0.9531,0.10326334265097836
174,2020-09-21,2740.03,2717.28,2748.16,2692.9,896162,9.4638,0.9773,0.10326718654240367
175,2020-09-22,2686.4,2670.15,2714.03,2640.89,867756,9.9938,1.032,0.1032640236946907
176,2020-09-23,2673.4,2679.9,2712.4,2660.39,599200,10.1039,1.0434,0.10326705529547998
177,2020-09-24,2673.4,2597.01,2676.65,2597.01,1061011,10.1108,1.0441,0.10326581477232268
178,2020-09-25,2610.01,2608.39,2627.89,2595.38,614087,10.1589,1.0491,0.10326905472049139
179,2020-09-28,2608.39,2627.89,2637.64,2574.26,612711,9.9456,1.027,0.10326174388674388
180,2020-09-29,2640.89,2545.0,2644.14,2538.5,1182374,10.3448,1.0683,0.10326927538473436
181,2020-09-30,2545.0,2605.14,2621.39,2545.0,1217065,10.5926,1.0938,0.10326076695051264
182,2020-10-09,2626.26,2606.76,2666.9,2598.63,900426,10.1108,1.0441,0.10326581477232268
183,2020-10-12,2613.26,2723.78,2748.16,2611.64,1591347,10.1314,1.0462,0.1032631225694376
184,2020-10-13,2723.78,2749.78,2757.91,2702.65,908819,10.1796,1.0512,0.10326535423788752
185,2020-10-14,2746.53,2744.91,2759.54,2707.53,662562,9.98,1.0306,0.10326653306613226
186,2020-10-15,2772.54,2831.05,2889.56,2764.41,1600062,10.3998,1.0739,0.10326160118463816
187,2020-10-16,2831.05,2918.81,2962.7,2827.8,2095614,10.3172,1.0654,0.10326445159539409
188,2020-10-19,2951.32,2980.57,3081.34,2951.32,2016106,10.3517,1.069,0.10326806225064482
189,2020-10-20,2980.57,2990.33,3000.08,2943.19,960072,10.4824,1.0825,0.10326833549568801
190,2020-10-21,3006.58,3050.46,3065.09,2956.19,1244560,10.7233,1.1073,0.10326112297520353
191,2020-10-22,3055.34,2993.58,3146.35,2951.32,1890519,10.7302,1.1081,0.10326927736668469
192,2020-10-23,2988.7,3086.22,3191.86,2988.7,1698502,10.4893,1.0832,0.10326713889392046
193,2020-10-26,3097.59,3016.33,3112.22,2975.7,1175599,10.4618,1.0803,0.10326138905350896
194,2020-10-27,3065.09,3026.08,3065.09,2983.82,1034865,10.5788,1.0924,0.10326313003365221
195,2020-10-28,3026.08,3004.95,3048.84,2949.69,1205824,10.3448,1.0683,0.10326927538473436
196,2020-10-29,2990.33,3027.71,3053.71,2959.45,846604,11.4553,1.0412,0.09089242534023552
197,2020-10-30,3022.83,3024.46,3123.6,3000.08,1007804,11.5491,1.0498,0.09089885791966475
198,2020-11-02,3008.2,3004.95,3073.21,2956.19,968453,11.5647,1.0512,0.0908972995408441
199,2020-11-03,3017.96,3058.59,3120.35,3016.33,957869,11.338,1.0306,0.09089786558475922
200,2020-11-04,3121.97,3117.1,3143.1,3058.59,1247636,11.4318,1.0391,0.09089557200090972
201,2020-11-05,3125.22,3016.33,3146.35,2990.33,1429469,11.5491,1.0498,0.09089885791966475
202,2020-11-06,3017.96,3006.58,3024.46,2938.32,848782,11.4396,1.0398,0.09089478653099758
203,2020-11-09,3011.45,3039.08,3065.09,2990.33,951424,11.4162,1.0377,0.09089714616071899
204,2020-11-10,3065.09,3082.97,3146.35,3053.71,1021063,10.9392,0.9943,0.09089330115547754
205,2020-11-11,3097.59,3034.21,3113.85,3000.08,940130,12.1512,1.1045,0.09089637237474489
206,2020-11-12,3034.21,3009.83,3055.34,2975.7,677258,12.5812,1.1436,0.09089752964741041
207,2020-11-13,2970.82,2931.82,2978.95,2852.18,1289189,12.5109,1.1372,0.09089673804442526
208,2020-11-16,2915.56,2962.7,2972.45,2886.31,759857,12.8627,1.1692,0.09089848943067941
209,2020-11-17,2964.32,3037.46,3053.71,2943.19,852931,12.8158,1.1649,0.09089561322742241
210,2020-11-18,3029.33,3139.85,3146.35,3024.46,1373401,12.7689,1.1607,0.09090054742381881
211,2020-11-19,3160.98,3203.24,3224.37,3113.85,1211741,12.9175,1.1742,0.09089994193922972
212,2020-11-20,3199.99,3204.86,3225.99,3149.6,673919,13.1051,1.1912,0.09089591075230254
213,2020-11-23,3203.24,3328.38,3328.38,3195.11,1165858,13.285,1.2297,0.09256304102371095
214,2020-11-24,3328.38,3286.13,3338.13,3255.25,678543,13.0504,1.208,0.09256421259118494
215,2020-11-25,3305.63,3237.37,3341.38,3235.74,552585,13.1286,1.2152,0.09256127843029721
216,2020-11-26,3235.74,3308.88,3326.76,3232.49,639658,13.0269,1.2058,0.09256231336695607
217,2020-11-27,3390.14,3341.38,3390.14,3289.38,753774,13.4101,1.2413,0.0925645595484001
218,2020-11-30,3373.89,3347.89,3533.17,3323.51,1581441,13.3475,1.2355,0.09256415058999813
219,2020-12-01,3341.38,3398.27,3473.03,3292.63,1263720,13.4335,1.2434,0.09255964566196449
