,日期,开盘,收盘,最高,最低,成交量,pe,pb,roe
0,2020-01-03,275.75,274.52,276.37,273.29,471068,4.812,0.8442,0.17543640897755608
1,2020-01-06,273.29,275.14,277.6,272.68,470015,4.8386,0.8489,0.1754433100483611
2,2020-01-07,275.75,277.29,277.29,273.6,299664,4.8386,0.8489,0.1754433100483611
3,2020-01-08,276.37,270.83,276.37,269.3,438993,4.7854,0.8395,0.17542943118652568
4,2020-01-09,273.29,274.83,276.98,273.29,433822,4.7722,0.8372,0.17543271447131303
5,2020-01-10,275.45,271.76,276.37,271.14,421106,4.8386,0.8489,0.1754433100483611
6,2020-01-13,272.68,274.52,274.83,270.53,281824,4.8519,0.8512,0.1754364269667553
7,2020-01-14,274.52,276.68,277.6,274.52,314848,4.7722,0.8372,0.17543271447131303
8,2020-01-15,276.98,273.29,277.29,271.45,262139,4.8054,0.843,0.17542764390061183
9,2020-01-16,273.6,269.3,273.91,267.45,486822,4.7921,0.8407,0.17543456939546337
10,2020-01-17,270.22,269.6,272.68,267.76,294959,4.7921,0.8407,0.17543456939546337
11,2020-01-20,270.53,269.91,271.14,268.68,261856,4.6924,0.8232,0.17543261444037167
12,2020-01-21,268.07,260.69,268.37,259.15,620819,4.5927,0.8057,0.17543057460752934
13,2020-01-22,260.07,262.53,263.45,257.61,352107,4.6658,0.8186,0.1754468687041879
14,2020-01-23,259.46,253.92,260.38,252.69,483954,4.7123,0.8267,0.17543450119898987
15,2020-02-03,232.09,232.09,233.62,232.09,663502,4.6658,0.8186,0.1754468687041879
16,2020-02-04,231.47,232.7,234.24,228.09,750312,4.6791,0.8209,0.17543972131392788
17,2020-02-05,232.39,233.62,237.93,231.16,717026,4.6459,0.8151,0.17544501603564433
18,2020-02-06,234.24,238.24,239.47,231.16,596758,4.6193,0.8104,0.17543783690169507
19,2020-02-07,236.08,236.08,236.39,233.01,443661,4.5528,0.7987,0.17543050430504303
20,2020-02-10,234.24,237.01,237.62,232.7,724692,4.5129,0.7917,0.17543043275942297
21,2020-02-11,236.7,237.62,239.77,235.78,445760,4.4997,0.7894,0.17543391781674333
22,2020-02-12,236.39,237.31,237.31,234.85,377786,4.3601,0.7649,0.17543175615238182
23,2020-02-13,237.31,237.01,242.23,237.01,485173,4.3667,0.7661,0.1754414088442073
24,2020-02-14,237.31,241.62,241.93,237.31,440533,4.4465,0.7801,0.17544135837175306
25,2020-02-17,241.93,244.69,245.92,239.77,616556,4.4664,0.7836,0.17544331004836108
26,2020-02-18,244.39,241.31,245.92,239.47,500536,4.4531,0.8205,0.18425366598549325
27,2020-02-19,241.31,242.54,245.0,241.31,368481,4.493,0.8278,0.1842421544624972
28,2020-02-20,242.54,246.54,246.85,241.0,527312,4.493,0.8278,0.1842421544624972
29,2020-02-21,245.62,244.39,245.92,243.16,398935,4.5196,0.8327,0.18424196831578019
30,2020-02-24,243.16,239.77,243.46,238.24,527559,4.5196,0.8327,0.18424196831578019
31,2020-02-25,237.01,237.62,239.47,235.47,498129,4.5395,0.8364,0.18424936667033814
32,2020-02-26,235.16,241.93,244.39,234.24,835261,4.5395,0.8364,0.18424936667033814
33,2020-02-27,242.23,239.47,243.77,239.16,440594,4.5595,0.8401,0.1842526592828161
34,2020-02-28,237.01,237.01,243.16,237.01,584085,4.5595,0.8401,0.1842526592828161
35,2020-03-02,238.85,245.0,245.92,236.08,684936,4.6858,0.8633,0.18423748346066837
36,2020-03-03,245.62,244.39,247.46,242.85,476143,4.719,0.8694,0.18423394787031147
37,2020-03-04,244.69,251.46,252.08,243.77,682998,4.5661,0.8413,0.18424914040428378
38,2020-03-05,251.15,252.69,254.54,249.31,466132,4.5063,0.8303,0.18425315669174266
39,2020-03-06,252.38,247.46,253.0,246.54,430370,4.5063,0.8303,0.18425315669174266
40,2020-03-09,244.08,240.08,245.31,238.85,619654,4.5861,0.845,0.18425241490591132
41,2020-03-10,239.16,242.54,243.77,238.24,463000,4.4531,0.8205,0.18425366598549325
42,2020-03-11,242.54,243.16,248.38,241.31,370608,4.5129,0.8315,0.1842495956037138
43,2020-03-12,240.39,240.39,243.16,238.54,366681,4.6459,0.856,0.18424847715189735
44,2020-03-13,230.24,236.39,237.62,229.63,454337,4.699,0.8658,0.18425196850393702
45,2020-03-16,236.7,228.4,237.01,227.47,490619,4.7788,0.8805,0.18425127647108058
46,2020-03-17,228.09,225.01,230.86,222.55,482270,4.812,0.8866,0.1842477140482128
47,2020-03-18,226.24,217.63,226.86,217.02,691850,4.6725,0.8609,0.18424826110219367
48,2020-03-19,216.1,209.02,217.02,205.64,1119748,4.7256,0.8707,0.18425173522938887
49,2020-03-20,211.48,219.79,222.25,210.25,1045473,4.719,0.8694,0.18423394787031147
50,2020-03-23,219.17,217.02,225.01,216.71,735800,4.6858,0.8633,0.18423748346066837
51,2020-03-24,222.55,229.32,231.16,221.63,820006,4.7256,0.8707,0.18425173522938887
52,2020-03-25,233.93,236.7,239.16,232.39,784793,4.7722,0.8792,0.18423368676920499
53,2020-03-26,237.01,235.47,237.93,234.55,346485,4.7655,0.878,0.18424089812191793
54,2020-03-27,238.54,237.01,240.7,237.01,482320,4.8652,0.8964,0.18424730740771192
55,2020-03-30,234.85,235.47,237.01,232.09,414239,4.8519,0.8939,0.18423710299058102
56,2020-03-31,237.31,232.7,237.93,231.47,468998,4.7788,0.8805,0.18425127647108058
57,2020-04-01,232.7,232.39,236.7,232.39,339046,4.7854,0.8817,0.18424792075897523
58,2020-04-02,232.09,232.39,233.93,229.63,257491,4.8851,0.9001,0.18425416061083702
59,2020-04-03,232.09,233.01,233.93,230.24,232192,4.8851,0.9001,0.18425416061083702
60,2020-04-07,235.78,234.55,236.39,233.32,318963,4.7522,0.8756,0.18425150456630612
61,2020-04-08,233.32,232.39,234.55,230.86,251109,4.8054,0.8854,0.18425105090106964
62,2020-04-09,234.55,232.39,234.85,232.09,210240,4.7323,0.8719,0.18424444773154702
63,2020-04-10,233.32,233.62,237.62,231.78,276856,4.7522,0.8756,0.18425150456630612
64,2020-04-13,233.62,231.16,233.62,230.86,149889,4.8519,0.8939,0.18423710299058102
65,2020-04-14,231.47,232.39,233.32,230.24,191203,4.8719,0.8976,0.18424023481598553
66,2020-04-15,233.01,231.16,233.01,230.55,185734,4.945,0.9111,0.18424671385237612
67,2020-04-16,230.86,230.55,231.47,229.63,191440,4.9051,0.9037,0.18423681474383805
68,2020-04-17,231.16,231.47,233.01,231.16,247066,4.9051,0.9282,0.18923161607306682
69,2020-04-20,232.09,232.39,232.7,229.32,213006,5.0181,0.9496,0.18923496941073317
70,2020-04-21,232.09,227.47,232.09,226.86,220555,5.0712,0.9596,0.18922542987852972
71,2020-04-22,226.86,228.09,228.7,224.4,200237,4.9317,0.9332,0.18922481091712798
72,2020-04-23,229.01,230.86,233.93,228.09,284222,4.8586,0.9194,0.18923146585436135
73,2020-04-24,232.09,230.86,233.62,229.63,224713,4.8519,0.9181,0.18922483975349866
74,2020-04-27,232.7,236.39,237.93,231.78,331381,4.8519,0.9181,0.18922483975349866
75,2020-04-28,231.78,231.16,233.32,228.4,402688,4.925,0.9319,0.18921827411167513
76,2020-04-29,231.16,233.93,234.24,229.32,378525,4.8586,0.9194,0.18923146585436135
77,2020-04-30,233.62,236.7,237.93,233.01,338052,4.8984,0.9269,0.18922505307855628
78,2020-05-06,233.32,231.47,236.08,230.55,501166,4.8851,0.9244,0.18922847024625902
79,2020-05-07,231.47,232.09,235.47,229.63,503149,5.0845,0.9621,0.18922214573704393
80,2020-05-08,232.39,235.16,236.08,231.16,509220,4.9583,0.9382,0.18921807877700017
81,2020-05-11,236.08,233.01,236.39,232.09,469280,4.7655,0.9018,0.18923512747875354
82,2020-05-12,232.39,229.01,232.7,228.7,457749,4.7655,0.9018,0.18923512747875354
83,2020-05-13,228.4,226.86,229.01,225.63,446060,4.8054,0.9093,0.1892246222999126
84,2020-05-14,225.94,223.17,225.94,221.94,416297,4.6858,0.8867,0.18923129454948995
85,2020-05-15,224.09,224.71,226.55,222.55,468782,4.6858,0.8867,0.18923129454948995
86,2020-05-18,224.71,224.09,225.63,222.25,330646,4.7655,0.9018,0.18923512747875354
87,2020-05-19,225.32,222.86,225.63,222.25,323673,4.9317,0.9332,0.18922481091712798
88,2020-05-20,223.17,222.86,224.09,220.71,375881,5.0314,0.9521,0.18923162539253488
89,2020-05-21,223.17,218.56,223.48,217.63,523521,5.151,0.9747,0.18922539312754805
90,2020-05-22,218.56,215.17,218.86,214.25,472541,5.1709,0.9785,0.18923204857955098
91,2020-05-25,215.48,217.02,219.17,213.94,378502,4.9184,0.9307,0.18922820429407936
92,2020-05-26,217.33,217.63,217.94,216.1,354398,4.9848,0.9433,0.18923527523671962
93,2020-05-27,217.94,217.02,217.94,215.48,309026,5.1842,0.981,0.18922881061687435
94,2020-05-28,217.02,216.4,219.48,215.17,385871,5.4235,1.0263,0.18923204572692912
95,2020-05-29,216.4,215.79,217.63,215.17,286434,5.3969,1.0212,0.18921973725657326
96,2020-06-01,216.4,221.02,221.63,216.1,639436,5.3903,1.02,0.1892287998812682
97,2020-06-02,220.71,223.48,224.4,220.4,607695,5.5963,1.059,0.1892321712560084
98,2020-06-03,224.4,221.63,226.24,221.02,552478,5.5498,1.0502,0.18923204439799632
99,2020-06-04,223.17,222.25,223.48,221.32,359589,5.6766,1.0741,0.18921537540076808
100,2020-06-05,221.94,221.32,222.86,220.09,236584,5.1581,0.976,0.1892169597332351
101,2020-06-08,222.55,221.94,222.86,220.09,368699,4.6862,0.8867,0.18921514233280695
102,2020-06-09,221.94,223.17,224.4,221.63,367269,4.4867,0.849,0.18922593442842178
103,2020-06-10,223.17,222.86,223.48,221.32,272229,4.3206,0.8175,0.18920983196778227
104,2020-06-11,223.48,224.4,230.24,222.55,785067,4.0281,0.7622,0.18922072441101262
105,2020-06-12,222.55,223.78,223.78,220.4,340295,4.0148,0.7597,0.18922486798844276
106,2020-06-15,222.86,221.63,225.01,221.32,357692,4.068,0.7697,0.18920845624385452
107,2020-06-16,223.17,225.94,226.55,222.86,342748,4.0347,0.7634,0.18920861526259697
108,2020-06-17,226.24,226.55,227.78,224.71,376090,3.9949,0.7559,0.18921625071966758
109,2020-06-18,226.55,229.93,231.78,225.63,609002,4.0613,0.7685,0.18922512495998817
110,2020-06-19,232.23,233.46,234.69,230.69,569584,4.1876,0.7636,0.18234788422963033
111,2020-06-22,233.15,230.38,233.77,229.46,462772,4.1145,0.7502,0.1823307813829141
112,2020-06-23,230.69,232.23,234.38,228.54,393585,4.1012,0.7478,0.18233687701160634
113,2020-06-24,232.23,233.77,235.3,231.92,327412,4.0082,0.7308,0.1823262312259867
114,2020-06-29,233.15,231.3,233.15,229.77,518531,4.0547,0.7393,0.18233161516265073
115,2020-06-30,232.53,231.92,232.53,230.38,359353,4.068,0.7417,0.18232546705998035
116,2020-07-01,231.92,245.45,248.22,231.61,1102490,4.0347,0.7357,0.1823431729744467
117,2020-07-02,245.76,253.14,256.52,245.45,1173322,4.0414,0.7369,0.1823378037313802
118,2020-07-03,254.98,262.36,264.21,250.99,1459605,4.0148,0.732,0.1823253960346717
119,2020-07-06,283.89,284.2,284.2,283.89,496134,4.0015,0.7296,0.18233162564038485
120,2020-07-07,308.18,308.18,308.18,305.41,931720,4.0215,0.7333,0.1823448961830163
121,2020-07-08,313.1,302.34,313.1,290.35,3175475,4.0082,0.7308,0.1823262312259867
122,2020-07-09,301.11,304.49,309.72,296.19,1797828,4.048,0.7381,0.18233695652173912
123,2020-07-10,302.03,294.96,303.57,291.58,1463089,3.9949,0.7284,0.1823324739042279
124,2020-07-13,291.27,295.27,296.8,286.66,1485591,3.8819,0.7078,0.18233339344135605
125,2020-07-14,294.96,296.5,303.88,291.58,1371729,3.8952,0.7102,0.18232696652289998
126,2020-07-15,297.11,285.43,301.11,285.12,1222877,3.9085,0.7127,0.18234616860688244
127,2020-07-16,285.43,276.2,290.65,274.66,1020769,3.9217,0.7151,0.18234439146288597
128,2020-07-17,278.97,273.13,281.12,268.21,1106141,3.9085,0.7127,0.18234616860688244
129,2020-07-20,277.43,284.81,290.96,277.12,1332736,3.8686,0.7054,0.1823398645504834
130,2020-07-21,285.43,283.89,287.89,281.74,825774,3.9417,0.7187,0.18233249613111094
131,2020-07-22,283.89,278.35,286.66,276.2,1061437,4.0347,0.7357,0.1823431729744467
132,2020-07-23,276.51,273.74,276.82,269.13,797948,4.0347,0.7357,0.1823431729744467
133,2020-07-24,274.36,266.05,279.28,262.98,1021883,4.0613,0.7405,0.18233078078447787
134,2020-07-27,266.05,262.36,267.59,260.83,584812,4.0746,0.743,0.1823491876503215
135,2020-07-28,263.59,262.36,265.75,260.83,390028,4.0414,0.7369,0.1823378037313802
136,2020-07-29,261.75,267.9,268.51,259.6,551253,4.1212,0.7514,0.1823255362515772
137,2020-07-30,266.67,266.05,268.21,263.9,539723,4.1677,0.7599,0.1823307819660724
138,2020-07-31,265.44,266.05,270.05,263.29,584679,4.2541,0.7757,0.18234174090877034
139,2020-08-03,267.59,274.97,274.97,265.44,965967,4.3006,0.7842,0.18234664930474817
140,2020-08-04,273.74,280.81,284.81,272.2,1080313,4.2342,0.772,0.18232487837135702
141,2020-08-05,278.97,271.59,278.97,270.67,935721,4.2209,0.7696,0.18233078253453053
142,2020-08-06,273.43,272.2,273.74,267.28,525103,4.3339,0.7902,0.18233000299960775
143,2020-08-07,272.82,270.36,275.59,269.13,599508,4.274,0.7793,0.18233504913430043
144,2020-08-10,269.74,273.43,275.89,267.9,609633,4.2142,0.7684,0.18233591191685256
145,2020-08-11,274.05,270.05,278.35,269.44,587427,5.0429,0.8567,0.16988240893136886
146,2020-08-12,270.05,270.05,272.82,265.75,658822,4.9034,0.833,0.16988212260880203
147,2020-08-13,270.36,270.36,272.51,268.82,370999,4.9034,0.833,0.16988212260880203
148,2020-08-14,270.36,273.74,274.05,268.82,393725,4.8337,0.8211,0.16986987194074932
149,2020-08-17,274.36,280.2,283.27,271.59,847594,4.8182,0.8185,0.16987671744634925
150,2020-08-18,280.81,277.74,282.35,276.2,462245,4.9422,0.8396,0.16988385739144513
151,2020-08-19,278.97,272.51,279.28,271.9,495851,4.9189,0.8356,0.1698753786415662
152,2020-08-20,271.28,272.51,274.36,270.36,364276,4.8957,0.8317,0.16988377555814288
153,2020-08-21,272.51,274.36,277.12,271.28,436456,4.9112,0.8343,0.169877015800619
154,2020-08-24,274.05,270.97,275.28,270.67,392587,4.9422,0.8396,0.16988385739144513
155,2020-08-25,271.59,270.05,274.66,269.44,387122,4.9112,0.8343,0.169877015800619
156,2020-08-26,269.74,265.44,271.9,265.13,439044,4.9732,0.8448,0.16987050591168662
157,2020-08-27,265.75,264.52,266.67,262.98,317121,4.9422,0.8396,0.16988385739144513
158,2020-08-28,264.82,267.9,268.21,264.21,390221,4.9422,0.8396,0.16988385739144513
159,2020-08-31,267.9,265.44,271.59,265.44,464622,4.9964,0.8488,0.1698823152669922
160,2020-09-01,265.44,271.59,272.82,262.98,647269,4.9577,0.8422,0.1698771607802005
161,2020-09-02,272.82,271.59,273.43,269.13,393758,4.9422,0.8396,0.16988385739144513
162,2020-09-03,271.28,266.98,272.51,266.36,354669,4.9422,0.8396,0.16988385739144513
163,2020-09-04,265.44,266.67,268.51,263.59,328155,4.9499,0.8409,0.1698822198428251
164,2020-09-07,266.67,270.05,278.05,266.05,888546,5.0196,0.8527,0.16987409355327118
165,2020-09-08,271.9,270.67,275.59,269.74,524093,5.0584,0.8593,0.16987585007116876
166,2020-09-09,269.44,266.05,270.36,265.13,457030,5.0196,0.8527,0.16987409355327118
167,2020-09-10,268.82,266.36,272.82,264.52,469534,5.0506,0.858,0.16988080624084267
168,2020-09-11,264.52,264.21,266.36,262.98,380742,4.8647,0.8264,0.16987686804941723
169,2020-09-14,264.21,262.36,265.44,261.13,341799,4.5549,0.7738,0.16988298316099146
170,2020-09-15,262.36,263.9,265.13,261.44,234497,4.6246,0.7856,0.16987415127794836
171,2020-09-16,264.21,264.21,266.98,262.67,334241,4.3534,0.7396,0.16989020076262235
172,2020-09-17,263.9,261.75,264.21,260.83,312355,4.5703,0.7764,0.1698794389864998
173,2020-09-18,260.83,268.82,269.44,260.52,658806,4.7563,0.808,0.16987994869961945
174,2020-09-21,268.51,266.67,270.05,266.05,389298,4.8415,0.8225,0.1698853661055458
175,2020-09-22,264.82,262.98,266.67,262.06,363275,5.0429,0.8567,0.16988240893136886
176,2020-09-23,263.29,260.52,263.9,260.52,391543,5.1436,0.8738,0.1698810171864064
177,2020-09-24,259.9,254.37,260.52,254.37,410165,5.2133,0.8856,0.16987320890798535
178,2020-09-25,254.37,251.6,255.6,250.37,310045,5.1978,0.883,0.16987956443110547
179,2020-09-28,253.14,257.75,259.29,253.14,362089,5.1358,0.8725,0.1698858989836053
180,2020-09-29,257.14,254.06,258.37,254.06,266270,5.3217,0.904,0.16987053009376704
181,2020-09-30,255.91,254.06,257.44,252.52,287883,5.4534,0.9264,0.1698756738915172
182,2020-10-09,255.91,256.83,257.44,254.98,219827,5.4224,0.9211,0.1698694305104751
183,2020-10-12,260.83,263.9,266.98,260.83,613620,5.2443,0.8909,0.16987967888946096
184,2020-10-13,263.29,262.36,264.52,261.75,255973,5.2598,0.8935,0.16987337921593976
185,2020-10-14,262.67,256.52,263.29,255.91,412734,5.0584,0.8593,0.16987585007116876
186,2020-10-15,256.52,256.52,257.44,255.29,195217,5.1203,0.8698,0.16987285901216725
187,2020-10-16,256.21,255.6,257.44,254.98,228762,5.1823,0.8804,0.1698859579723289
188,2020-10-19,255.91,255.6,260.52,255.6,295518,5.0739,0.8619,0.16986933128362797
189,2020-10-20,255.91,254.68,256.21,252.83,228164,5.1281,0.8711,0.16986798229363703
190,2020-10-21,255.29,254.68,256.21,252.83,196115,5.2443,0.8909,0.16987967888946096
191,2020-10-22,254.06,253.45,255.29,252.83,184721,5.2985,0.9001,0.1698782674341795
192,2020-10-23,253.45,253.45,254.68,252.83,162210,5.1978,0.883,0.16987956443110547
193,2020-10-26,252.52,251.6,254.68,250.68,207390,5.1668,0.8777,0.16987303553456684
194,2020-10-27,252.83,252.22,254.37,251.29,224143,5.252,0.8922,0.1698781416603199
195,2020-10-28,252.52,251.29,253.45,249.76,239830,5.1746,0.879,0.1698682023731303
196,2020-10-29,249.76,247.6,250.06,246.07,473426,5.0584,0.8593,0.16987585007116876
197,2020-10-30,247.6,247.3,252.22,246.68,351407,5.0661,0.8606,0.16987426225301516
198,2020-11-02,247.3,253.75,254.68,246.99,451851,5.0739,0.8619,0.16986933128362797
199,2020-11-03,254.06,254.37,255.29,251.29,258741,5.0584,0.8593,0.16987585007116876
200,2020-11-04,254.06,256.21,256.52,251.6,273005,5.0351,0.8554,0.16988739051855972
201,2020-11-05,256.52,259.29,261.13,255.6,343030,5.0893,0.8646,0.16988583891694342
202,2020-11-06,258.98,260.52,262.06,258.67,283184,4.9732,0.8448,0.16987050591168662
203,2020-11-09,261.13,262.06,264.52,261.13,355805,4.9499,0.8409,0.1698822198428251
204,2020-11-10,263.9,261.44,265.75,260.83,353716,4.9344,0.8382,0.16986867704280154
205,2020-11-11,260.83,263.59,265.44,259.29,426102,5.4844,0.9317,0.16988184669243672
206,2020-11-12,263.9,261.44,263.9,260.21,276414,5.7013,0.9685,0.16987353761422835
207,2020-11-13,260.52,258.06,260.83,257.14,253833,5.6548,0.9606,0.1698733819056377
208,2020-11-16,258.06,262.67,263.29,257.44,290596,5.8872,1.0001,0.16987702133442042
209,2020-11-17,263.59,267.28,269.13,262.67,647048,5.8795,0.9988,0.16987839101964453
210,2020-11-18,266.98,267.28,269.44,264.52,424001,5.8717,0.9975,0.16988265749271933
211,2020-11-19,268.21,267.9,270.36,264.82,398390,5.9724,1.0146,0.16988145469158125
212,2020-11-20,267.9,266.36,268.21,265.44,251672,6.0576,1.0291,0.16988576333861594
213,2020-11-23,266.36,270.05,272.2,265.44,489039,6.0034,1.0198,0.1698704067694973
214,2020-11-24,268.82,269.44,271.59,268.51,279905,5.9337,1.008,0.1698771424237828
215,2020-11-25,269.13,266.36,273.74,266.36,452889,6.0112,1.0212,0.1698828852808092
216,2020-11-26,266.98,266.98,267.9,264.21,299685,5.9105,1.0041,0.16988410455968192
217,2020-11-27,268.51,269.44,270.97,266.36,284873,6.0731,1.0317,0.16988029177849864
218,2020-11-30,270.36,269.44,276.82,268.51,591361,6.0189,1.0225,0.16988153981624549
219,2020-12-01,270.05,268.21,270.67,265.75,400633,6.0034,1.0198,0.1698704067694973
