,日期,开盘,收盘,最高,最低,成交量,pe,pb,roe
0,2020-01-03,316.52,314.35,317.25,313.26,315395,17.0647,1.6709,0.0979155801156774
1,2020-01-06,312.53,307.46,315.07,304.56,603320,15.5068,1.5183,0.09791188381871178
2,2020-01-07,307.46,308.55,310.36,307.1,342503,14.9995,1.4687,0.09791659721990732
3,2020-01-08,307.82,303.83,307.82,302.75,355294,14.6191,1.4314,0.09791300422050606
4,2020-01-09,306.01,307.46,308.18,304.92,344164,14.601,1.4296,0.09791110197931648
5,2020-01-10,307.82,308.18,308.91,304.92,349044,14.6916,1.4385,0.09791309319611206
6,2020-01-13,308.91,307.46,309.63,304.2,397199,14.5648,1.4261,0.09791414918158849
7,2020-01-14,307.82,307.46,309.63,306.37,278579,14.1662,1.3871,0.09791616665019554
8,2020-01-15,307.1,304.92,307.1,302.75,315933,13.967,1.3675,0.09790935777189087
9,2020-01-16,305.28,307.82,310.0,304.92,597451,14.0213,1.3729,0.09791531455713808
10,2020-01-17,308.55,315.43,315.43,307.82,590021,14.0213,1.3729,0.09791531455713808
11,2020-01-20,315.43,315.07,316.16,311.81,391647,14.0213,1.3729,0.09791531455713808
12,2020-01-21,315.07,303.83,315.43,303.83,543433,13.5141,1.3232,0.09791255059530417
13,2020-01-22,302.75,307.82,308.91,294.05,542025,13.9126,1.3622,0.09791124592096374
14,2020-01-23,303.11,294.77,305.28,292.23,462999,14.0394,1.3746,0.09791016710115817
15,2020-02-03,271.93,271.93,271.93,271.93,163957,13.6221,1.3338,0.09791441848173191
16,2020-02-04,260.7,278.1,279.91,260.7,805256,13.7671,1.348,0.09791459348737208
17,2020-02-05,277.01,278.1,285.35,277.01,479140,13.5678,1.3285,0.09791565323781305
18,2020-02-06,278.82,283.17,285.71,274.83,450033,13.441,1.316,0.09790938174242987
19,2020-02-07,282.08,282.81,284.62,280.63,366646,13.2961,1.3018,0.09790840923278256
20,2020-02-10,282.45,291.87,294.05,280.63,470706,13.1693,1.2894,0.09790953201764711
21,2020-02-11,291.15,292.96,296.95,290.42,354340,13.1149,1.2841,0.09791153573416496
22,2020-02-12,291.15,291.51,294.41,290.06,314385,13.4048,1.374,0.10250059680114587
23,2020-02-13,290.42,294.05,298.4,289.7,503285,13.7489,1.4093,0.10250274567419938
24,2020-02-14,292.23,294.05,295.13,291.51,251982,13.8033,1.4148,0.1024972289235183
25,2020-02-17,294.77,298.4,299.12,293.68,315246,13.9663,1.4316,0.1025038843501858
26,2020-02-18,298.4,297.31,299.12,295.13,254449,14.5098,1.4314,0.098650567202856
27,2020-02-19,296.22,296.58,299.85,295.86,251927,14.5098,1.4314,0.098650567202856
28,2020-02-20,296.58,299.48,300.21,295.13,385677,15.1981,1.4994,0.09865706897572724
29,2020-02-21,299.48,302.02,304.2,298.4,333256,15.6329,1.5422,0.09865092209378938
30,2020-02-24,301.66,298.76,304.2,297.31,368072,15.5604,1.5351,0.09865427623968535
31,2020-02-25,291.15,293.68,298.4,288.97,454858,15.6494,1.5439,0.09865553950950197
32,2020-02-26,291.51,295.5,299.85,291.15,486247,16.066,1.585,0.09865554587327276
33,2020-02-27,297.31,304.92,306.73,297.31,711048,15.6313,1.5421,0.09865462245622565
34,2020-02-28,302.38,294.05,304.92,293.32,692496,15.8305,1.5617,0.09865133760778244
35,2020-03-02,296.22,311.08,314.71,295.13,999231,15.5588,1.5349,0.09865156695889143
36,2020-03-03,316.16,307.46,318.33,302.75,908443,15.6313,1.5421,0.09865462245622565
37,2020-03-04,305.65,308.55,309.63,302.02,670186,15.0698,1.4867,0.09865426216671754
38,2020-03-05,309.27,308.91,310.72,305.65,503624,14.6862,1.4488,0.09865043374051832
39,2020-03-06,306.73,303.11,306.73,301.66,524841,14.5051,1.431,0.09865495584311725
40,2020-03-09,299.12,290.42,299.48,290.42,712969,14.5775,1.4381,0.09865203224146801
41,2020-03-10,286.8,292.6,294.77,285.71,555650,14.7043,1.4506,0.0986514148922424
42,2020-03-11,293.32,288.61,294.05,288.61,384832,14.6681,1.4471,0.09865626768293098
43,2020-03-12,286.43,282.08,286.43,280.27,459906,15.0664,1.4864,0.09865661339138745
44,2020-03-13,266.5,276.65,282.81,266.5,525116,15.1751,1.4971,0.09865503357473757
45,2020-03-16,278.46,263.6,279.55,262.87,692173,15.5373,1.5328,0.09865291910434888
46,2020-03-17,262.87,267.58,269.03,262.15,522613,15.5146,1.5306,0.09865546001830534
47,2020-03-18,268.67,263.96,274.11,263.96,517365,15.406,1.5199,0.09865636764896793
48,2020-03-19,263.23,263.6,271.21,257.8,819987,15.0078,1.4806,0.09865536587641092
49,2020-03-20,266.5,269.03,270.12,263.23,550032,15.0259,1.4824,0.0986563200873159
50,2020-03-23,265.77,270.48,271.93,263.23,516196,14.6095,1.4413,0.09865498477018378
51,2020-03-24,271.93,272.3,275.56,267.95,614263,14.4828,1.4288,0.09865495622393461
52,2020-03-25,277.01,274.47,278.82,271.93,544888,14.4647,1.427,0.09865396447904208
53,2020-03-26,274.11,276.65,277.37,271.93,434318,14.5009,1.4306,0.09865594549303837
54,2020-03-27,278.46,282.45,284.26,276.65,586374,15.044,1.4841,0.09865062483382078
55,2020-03-30,279.55,282.45,283.53,278.82,379370,14.8448,1.4645,0.09865407415391247
56,2020-03-31,278.46,272.66,279.55,271.57,757426,15.3517,1.5145,0.09865356931154205
57,2020-04-01,269.4,269.03,273.75,268.67,484175,15.569,1.5359,0.09865116577814888
58,2020-04-02,267.58,271.57,272.3,266.5,364460,15.4241,1.5217,0.09865729604968848
59,2020-04-03,271.93,274.83,276.28,271.57,408669,15.585,1.5375,0.09865255052935515
60,2020-04-07,280.27,285.35,286.8,278.46,719595,15.4221,1.5215,0.09865712192243599
61,2020-04-08,285.35,287.52,288.25,283.9,459620,15.6936,1.5482,0.09865167966559617
62,2020-04-09,287.88,287.52,288.97,286.07,304501,15.4583,1.525,0.09865250383289235
63,2020-04-10,289.7,292.23,299.12,289.33,779089,15.4402,1.5232,0.09865157187083069
64,2020-04-13,295.86,302.02,305.65,295.86,924217,15.8747,1.5661,0.09865383282833691
65,2020-04-14,304.2,303.47,307.1,300.93,729811,15.5488,1.534,0.09865713109693353
66,2020-04-15,303.83,298.4,304.56,295.86,615841,15.0963,1.6474,0.10912607725071706
67,2020-04-16,294.77,297.31,298.4,294.77,347180,15.0963,1.6474,0.10912607725071706
68,2020-04-17,298.03,299.48,304.56,298.03,581983,15.3497,1.6751,0.10912916864824719
69,2020-04-20,301.66,300.57,304.2,299.48,397837,15.4221,1.683,0.10912910693096271
70,2020-04-21,299.48,296.22,300.57,293.32,491530,15.1506,1.6533,0.10912439111322324
71,2020-04-22,296.58,295.5,296.95,292.96,287096,14.6438,1.598,0.10912468075226375
72,2020-04-23,296.95,290.42,298.03,290.42,579806,14.5533,1.5882,0.10912988806662406
73,2020-04-24,291.87,290.78,296.22,289.33,437814,14.499,1.5822,0.10912476722532588
74,2020-04-27,291.15,289.7,292.96,286.07,417690,14.8248,1.6178,0.1091279477632076
75,2020-04-28,290.78,290.78,292.96,286.07,379116,15.0601,1.6435,0.10912942145138478
76,2020-04-29,290.78,291.87,293.32,287.52,312030,14.8429,1.6198,0.1091296175275721
77,2020-04-30,295.5,298.4,299.85,294.77,521439,14.8248,1.6178,0.1091279477632076
78,2020-05-06,296.58,304.56,305.28,296.58,807599,14.9973,1.6366,0.1091263094023591
79,2020-05-07,304.92,308.91,310.0,302.38,848814,15.2502,1.6642,0.10912643768606313
80,2020-05-08,308.55,316.52,318.33,308.18,975284,15.3044,1.6701,0.10912548025404459
81,2020-05-11,317.61,318.33,321.96,316.88,935524,14.925,1.6287,0.10912562814070352
82,2020-05-12,320.15,319.06,325.22,316.88,803636,14.8888,1.6248,0.1091290097254312
83,2020-05-13,317.97,320.51,321.23,315.07,539435,15.1779,1.6563,0.10912576838693101
84,2020-05-14,318.33,315.43,319.78,315.07,549688,15.0334,1.6405,0.10912368459563372
85,2020-05-15,317.25,314.35,319.06,312.9,423034,14.8527,1.6208,0.1091249402465545
86,2020-05-18,316.88,315.43,318.33,312.9,385128,14.8888,1.6248,0.1091290097254312
87,2020-05-19,317.25,318.33,321.96,316.16,509788,15.7019,1.7135,0.1091269209458728
88,2020-05-20,319.06,313.98,319.42,313.26,394249,15.8646,1.7313,0.10912976059906963
89,2020-05-21,315.43,307.1,316.16,306.01,469117,16.1175,1.7589,0.10912982782689623
90,2020-05-22,307.1,299.85,307.82,297.31,528270,16.0995,1.7569,0.10912761265877823
91,2020-05-25,300.57,301.66,303.83,298.4,353923,14.7262,1.607,0.10912523257866931
92,2020-05-26,302.02,302.02,304.2,300.21,480764,14.5094,1.5834,0.10912925413869629
93,2020-05-27,302.38,299.12,303.47,296.58,398556,14.9069,1.6267,0.10912396272866927
94,2020-05-28,299.48,298.4,304.2,295.86,403654,14.1299,1.542,0.10913028400767168
95,2020-05-29,298.03,297.31,299.85,294.77,508828,14.4913,1.5814,0.10912754549281292
96,2020-06-01,299.85,303.83,304.92,299.48,585700,13.9493,1.5222,0.10912375531388673
97,2020-06-02,304.2,302.38,305.65,300.21,412501,13.9131,1.5183,0.10912736917006274
98,2020-06-03,303.11,300.93,307.1,299.85,493048,13.7866,1.5045,0.10912770371230035
99,2020-06-04,300.21,298.76,301.66,298.03,315791,13.871,1.5137,0.1091269555187081
100,2020-06-05,299.12,296.58,300.21,295.13,259793,13.3111,1.4526,0.1091269692211763
101,2020-06-08,299.48,296.22,300.21,295.13,409384,13.0402,1.423,0.10912409318875477
102,2020-06-09,297.31,299.12,300.57,296.58,498452,12.9499,1.4132,0.10912825581664724
103,2020-06-10,298.76,298.03,299.85,295.5,450892,12.4622,1.36,0.10913000914766255
104,2020-06-11,298.03,298.4,302.38,295.86,610446,11.6133,1.2673,0.10912488267761963
105,2020-06-12,294.05,292.96,294.41,290.42,699556,11.216,1.224,0.10912981455064194
106,2020-06-15,292.6,288.97,293.32,288.61,407671,11.2882,1.2319,0.10913165960914938
107,2020-06-16,291.15,299.12,299.85,290.06,700925,11.3244,1.2358,0.10912719437674402
108,2020-06-17,298.4,298.4,300.21,295.5,332912,11.4147,1.2456,0.10912244737049595
109,2020-06-18,298.76,298.76,299.48,296.58,270674,11.6133,1.2673,0.10912488267761963
110,2020-06-19,299.12,299.48,300.93,297.31,390358,11.5772,1.2634,0.10912828663234635
111,2020-06-22,299.48,295.5,299.85,294.77,387679,11.5592,1.2614,0.10912519897570766
112,2020-06-23,294.77,293.68,297.67,292.23,597000,11.5953,1.2654,0.10913042353367314
113,2020-06-24,293.68,292.96,295.86,291.87,350184,11.0896,1.2102,0.10912927427499639
114,2020-06-29,291.15,291.51,292.96,290.42,319309,11.2882,1.2319,0.10913165960914938
115,2020-06-30,292.96,299.48,300.57,292.96,516545,11.5592,1.2614,0.10912519897570766
116,2020-07-01,302.02,316.52,319.42,301.3,1331981,11.5411,1.2594,0.10912304719654106
117,2020-07-02,319.78,326.31,328.48,316.52,1450317,11.5953,1.2654,0.10913042353367314
118,2020-07-03,326.67,328.12,337.19,325.22,1346682,11.4508,1.2496,0.10912774653299334
119,2020-07-06,338.27,333.56,339.0,328.12,1640774,11.4689,1.2516,0.10912990783771766
120,2020-07-07,338.64,344.8,349.15,338.64,1796840,11.5772,1.2634,0.10912828663234635
121,2020-07-08,340.45,342.99,343.71,335.01,1074190,11.6856,1.2752,0.10912576162114053
122,2020-07-09,342.99,345.52,347.7,341.54,826962,11.7578,1.2831,0.10912755787647349
123,2020-07-10,344.8,346.25,353.86,341.9,871431,11.797,1.2874,0.10912943968805629
124,2020-07-13,345.52,357.12,360.02,345.52,1028454,11.4728,1.252,0.10912767589428911
125,2020-07-14,355.67,349.87,355.67,345.52,902838,11.5268,1.2579,0.10912829232744561
126,2020-07-15,363.65,365.46,375.61,360.02,1673590,11.5628,1.2618,0.1091258172760923
127,2020-07-16,370.9,357.49,376.7,355.67,1238597,11.7069,1.2775,0.1091236791977381
128,2020-07-17,360.02,361.84,367.64,353.5,1038729,11.6889,1.2756,0.10912917383158381
129,2020-07-20,367.27,389.39,391.56,367.27,1774119,11.5989,1.2657,0.10912241678090163
130,2020-07-21,391.2,389.75,391.2,381.05,1073403,11.9591,1.3051,0.10913028572384209
131,2020-07-22,389.02,384.67,389.75,382.5,771256,12.3013,1.3424,0.10912667766821393
132,2020-07-23,381.77,381.41,385.4,370.17,1008740,12.5174,1.366,0.10912809369357855
133,2020-07-24,378.51,365.1,383.22,362.92,1068481,12.3733,1.3503,0.10913014313077352
134,2020-07-27,367.27,364.37,374.16,361.84,657522,12.3193,1.3444,0.10912957716753387
135,2020-07-28,368.72,368.0,373.44,362.92,721157,12.3733,1.3503,0.10913014313077352
136,2020-07-29,363.65,370.9,372.35,360.02,844270,12.6255,1.3778,0.10912835135242167
137,2020-07-30,371.99,365.1,375.61,364.37,733308,12.5534,1.3699,0.10912581452036897
138,2020-07-31,366.55,365.82,373.07,360.02,730993,12.5174,1.366,0.10912809369357855
139,2020-08-03,366.91,373.44,376.34,366.55,752876,12.4273,1.3562,0.10913070417548462
140,2020-08-04,375.61,372.35,375.97,368.0,695333,12.0491,1.3149,0.10912848262525832
141,2020-08-05,369.81,367.27,370.54,364.01,500103,11.833,1.2913,0.10912701766246935
142,2020-08-06,368.72,363.29,368.72,360.39,497533,11.5268,1.2579,0.10912829232744561
143,2020-08-07,360.75,363.65,367.27,357.49,498963,11.2026,1.2602,0.11249174298823487
144,2020-08-10,362.2,368.0,368.72,360.75,525680,11.1486,1.2541,0.11248946056007032
145,2020-08-11,367.27,363.29,370.17,362.56,523367,11.0946,1.248,0.11248715591368774
146,2020-08-12,361.11,356.76,363.65,349.51,713077,11.1486,1.2541,0.11248946056007032
147,2020-08-13,357.85,357.85,361.84,355.67,351167,11.1306,1.2521,0.11249168957648285
148,2020-08-14,358.21,359.66,360.02,352.41,315594,11.3827,1.2804,0.11248649265991373
149,2020-08-17,359.66,369.81,371.62,359.66,753490,11.4187,1.2845,0.11249091402699082
150,2020-08-18,371.26,375.25,376.7,368.72,633540,11.6349,1.3088,0.11248914902577589
151,2020-08-19,373.07,373.8,375.97,369.45,526417,11.5808,1.3027,0.11248791102514506
152,2020-08-20,372.35,368.72,376.34,367.27,417748,11.4728,1.2906,0.1124921553587616
153,2020-08-21,374.16,368.72,374.52,364.37,450845,11.5268,1.2967,0.11249436096748447
154,2020-08-24,373.8,377.79,389.02,372.35,1132264,11.779,1.325,0.11248832668308005
155,2020-08-25,379.6,384.31,390.11,377.06,977870,11.7069,1.3169,0.11248921576164485
156,2020-08-26,384.67,375.61,386.85,373.8,673733,11.2206,1.2622,0.1124895281892234
157,2020-08-27,375.61,375.97,377.79,371.99,372084,10.9865,1.2359,0.112492604560142
158,2020-08-28,374.52,380.69,381.77,369.81,521075,10.9865,1.2359,0.112492604560142
159,2020-08-31,384.31,375.25,391.2,375.25,692442,10.8784,1.2237,0.11248896896602442
160,2020-09-01,375.25,378.51,380.69,374.89,461873,10.3561,1.165,0.1124940856113788
161,2020-09-02,378.51,375.25,379.6,369.09,553214,10.194,1.1467,0.1124877378850304
162,2020-09-03,375.61,378.15,389.02,373.8,813333,10.0679,1.1325,0.11248621857586985
163,2020-09-04,371.62,373.8,376.34,368.72,463773,10.2481,1.1528,0.11248914432919273
164,2020-09-07,373.07,363.65,375.61,362.2,468851,23.2317,1.2398,0.053366735968525765
165,2020-09-08,363.65,367.64,368.72,361.11,377104,23.2317,1.2398,0.053366735968525765
166,2020-09-09,363.65,356.76,364.37,355.31,549548,22.608,1.2065,0.05336606510969568
167,2020-09-10,359.66,356.04,361.47,355.67,408413,22.3742,1.194,0.05336503651527206
168,2020-09-11,355.67,356.4,359.3,354.22,339284,22.1403,1.1815,0.05336422722366002
169,2020-09-14,358.21,358.94,359.66,354.95,372609,21.9454,1.1711,0.05336425856899396
170,2020-09-15,357.85,367.27,368.0,355.31,593701,21.7895,1.1628,0.05336515294063655
171,2020-09-16,365.46,366.91,369.81,362.56,365968,21.2048,1.1316,0.053365275786614354
172,2020-09-17,367.27,374.89,377.42,365.46,755693,21.2438,1.1337,0.053366158596861196
173,2020-09-18,374.16,377.42,378.15,371.62,588588,21.6335,1.1545,0.053366306885154965
174,2020-09-21,378.15,377.42,383.22,374.52,510227,21.2048,1.1316,0.053365275786614354
175,2020-09-22,373.8,370.17,376.7,369.45,440979,22.608,1.2065,0.05336606510969568
176,2020-09-23,372.35,368.0,374.89,366.91,328445,23.1927,1.2377,0.053365929796875745
177,2020-09-24,366.91,360.02,368.0,358.94,390489,23.8944,1.2752,0.05336815320744609
178,2020-09-25,361.47,360.75,362.2,357.85,275334,24.3231,1.298,0.053364908255937774
179,2020-09-28,361.47,358.21,363.65,357.12,284685,24.0892,1.2856,0.05336831443136343
180,2020-09-29,360.75,356.76,360.75,355.31,403108,25.4535,1.3584,0.05336790618186105
181,2020-09-30,354.95,360.39,367.27,354.59,494793,26.0772,1.3916,0.05336462503643029
182,2020-10-09,368.0,368.0,376.7,367.27,567033,26.0382,1.3896,0.0533677443141231
183,2020-10-12,368.0,379.24,381.41,366.55,794202,25.9213,1.3833,0.053365379051204996
184,2020-10-13,376.7,377.79,379.96,373.07,440525,26.3111,1.4041,0.053365309698188215
185,2020-10-14,375.61,383.22,383.22,374.52,629290,24.479,1.3064,0.05336819314514482
186,2020-10-15,385.4,379.24,388.3,378.15,792283,25.6484,1.3688,0.053367851405935654
187,2020-10-16,379.6,387.94,389.75,379.24,879377,24.635,1.3147,0.05336716054394154
188,2020-10-19,388.3,379.6,389.75,378.15,718431,24.4401,1.3043,0.053367212081783626
189,2020-10-20,381.41,377.79,382.86,373.07,633663,24.9858,1.3334,0.05336631206525306
190,2020-10-21,378.87,379.24,380.69,374.16,410218,25.3366,1.3521,0.05336548708192891
191,2020-10-22,378.15,370.54,378.15,368.36,451579,25.0637,1.3376,0.053368018289398605
192,2020-10-23,370.17,356.76,371.26,355.67,946895,24.7519,1.3209,0.053365600216549035
193,2020-10-26,355.31,356.76,358.94,349.15,401992,24.8299,1.3251,0.0533671098151825
194,2020-10-27,357.49,353.5,358.57,350.6,503147,24.9468,1.3313,0.053365561915756726
195,2020-10-28,353.86,350.24,354.22,344.8,561200,24.479,1.3064,0.05336819314514482
196,2020-10-29,345.89,349.15,351.32,344.07,540792,24.479,1.3064,0.05336819314514482
197,2020-10-30,349.51,342.26,350.6,338.27,719762,24.2062,1.2918,0.053366492881988914
198,2020-11-02,344.07,336.46,345.16,334.65,907429,24.3621,1.3001,0.05336567865660185
199,2020-11-03,338.64,337.55,342.26,335.37,864443,24.2452,1.2939,0.05336726444822068
200,2020-11-04,337.19,340.09,340.81,334.65,539983,23.2707,1.2419,0.05336753943800573
201,2020-11-05,341.17,342.99,344.8,339.36,715644,23.3097,1.244,0.05336834021887884
202,2020-11-06,342.26,345.52,345.52,340.09,679096,22.764,1.2148,0.05336496222105079
203,2020-11-09,348.06,349.51,352.05,345.89,818479,22.764,1.2148,0.05336496222105079
204,2020-11-10,350.6,346.61,350.6,345.16,514527,22.1013,1.1795,0.05336790143566216
205,2020-11-11,346.61,354.95,358.94,345.52,959626,24.557,1.3105,0.053365639125300325
206,2020-11-12,354.95,352.41,355.67,348.79,633497,25.9603,1.3854,0.05336610131624057
207,2020-11-13,351.32,344.44,351.32,341.9,652294,25.5315,1.3625,0.05336545052190431
208,2020-11-16,344.8,354.59,355.31,344.44,900180,26.7398,1.427,0.053366143351857534
209,2020-11-17,354.59,354.59,360.75,352.05,647615,26.7788,1.4291,0.05336684242759197
210,2020-11-18,356.76,354.59,358.21,353.14,426912,25.9603,1.3854,0.05336610131624057
211,2020-11-19,352.41,353.5,354.59,347.7,426996,25.6484,1.3688,0.053367851405935654
212,2020-11-20,353.5,357.49,358.57,352.41,573308,25.9203,1.3833,0.05336743787687642
213,2020-11-23,359.66,365.46,369.45,358.57,794975,25.9203,1.3833,0.05336743787687642
214,2020-11-24,367.64,368.0,372.35,364.74,740512,25.9982,1.3875,0.05336907939780446
215,2020-11-25,370.17,366.19,371.62,364.74,534287,25.9203,1.3833,0.05336743787687642
216,2020-11-26,366.91,366.55,367.64,361.11,391947,25.5305,1.3624,0.053363623900824504
217,2020-11-27,367.64,374.16,374.89,366.55,676298,26.0438,1.3898,0.05336394842534499
218,2020-11-30,378.51,384.31,394.46,377.42,1748185,25.9269,1.3835,0.05336156655828502
219,2020-12-01,386.12,415.49,415.49,386.12,2906864,26.6676,1.4231,0.05336438224662137
