,日期,开盘,收盘,最高,最低,成交量,pe,pb,roe
0,2020-01-03,10.49,10.61,10.77,10.39,3477126,37.5971,3.1672,0.08424053982886978
1,2020-01-06,10.41,10.53,10.73,10.35,3249024,36.2027,3.0497,0.08423957329149484
2,2020-01-07,10.59,10.45,10.65,10.31,2976841,35.1182,2.9584,0.08424121965248789
3,2020-01-08,10.93,10.75,11.19,10.67,7862130,35.3247,2.9758,0.0842413382137711
4,2020-01-09,10.97,10.87,11.15,10.77,4280764,36.1511,3.0454,0.08424086680626593
5,2020-01-10,10.87,10.65,10.91,10.51,3373615,36.7708,3.0976,0.08424075625224363
6,2020-01-13,10.65,10.85,10.85,10.51,2909357,36.6159,3.0846,0.08424209155039203
7,2020-01-14,10.81,11.05,11.31,10.79,4369357,35.5313,2.9932,0.0842412183061132
8,2020-01-15,11.01,10.99,11.09,10.83,2481138,35.583,2.9975,0.08423966500857151
9,2020-01-16,11.03,11.13,11.31,10.97,3151449,35.9961,3.0323,0.08423968152105368
10,2020-01-17,11.15,11.03,11.25,10.89,2352446,35.583,2.9975,0.08423966500857151
11,2020-01-20,11.11,11.71,11.77,11.03,5301182,37.1323,3.1281,0.08424202109753502
12,2020-01-21,11.57,11.51,11.69,11.45,2874978,37.0806,3.1237,0.08424081595227693
13,2020-01-22,11.41,11.57,11.71,11.17,3439092,35.4797,2.9888,0.08423972017801729
14,2020-01-23,11.35,11.43,11.83,11.21,4466446,35.0665,2.954,0.08423994410619823
15,2020-02-03,10.41,10.41,10.63,10.41,3715570,36.306,3.0584,0.08423951963862722
16,2020-02-04,10.41,11.15,11.31,10.39,6106025,35.1182,2.9584,0.08424121965248789
17,2020-02-05,11.07,11.27,11.49,10.99,5621901,34.3951,2.8975,0.0842416507002451
18,2020-02-06,11.21,12.27,12.27,11.13,7997062,33.6205,2.8322,0.08424027007331836
19,2020-02-07,12.41,12.69,12.89,12.29,7837169,33.2073,2.7974,0.08424051338109392
20,2020-02-10,12.41,12.51,12.77,12.27,5354868,32.8458,2.767,0.08424212532500351
21,2020-02-11,12.49,12.31,12.55,12.11,4456425,32.4327,2.7322,0.08424213833569208
22,2020-02-12,12.19,12.41,12.45,12.05,4789498,31.1415,2.6234,0.08424128574410353
23,2020-02-13,12.33,12.67,12.81,12.03,6696679,32.2261,2.7148,0.08424227567096235
24,2020-02-14,12.55,12.43,12.75,12.33,4484267,31.658,2.7613,0.08722281887674521
25,2020-02-17,12.53,12.89,12.97,12.35,5352214,31.0383,2.7073,0.08722449360950825
26,2020-02-18,12.99,13.61,13.85,12.91,7155258,31.0899,2.7118,0.0872244683964889
27,2020-02-19,13.47,13.49,13.87,13.39,4899669,31.5547,2.7523,0.08722313950061322
28,2020-02-20,13.63,14.71,14.71,13.51,6965115,31.7613,2.7704,0.087225648824198
29,2020-02-21,15.09,14.65,15.35,14.53,9396221,31.3481,2.7343,0.0872237870875747
30,2020-02-24,14.91,15.65,15.91,14.55,8736849,31.5547,2.7523,0.08722313950061322
31,2020-02-25,15.21,16.03,16.05,14.91,10691656,30.5218,2.6622,0.08722290297426757
32,2020-02-26,15.65,14.61,15.87,14.55,10568554,31.4514,2.7433,0.08722346223061613
33,2020-02-27,14.61,14.19,14.81,14.01,7942839,32.4327,2.8289,0.08722369707116584
34,2020-02-28,13.47,13.07,13.81,12.93,11581696,32.6909,2.8514,0.0872230498395578
35,2020-03-02,13.39,14.03,14.25,13.39,10619590,33.6205,2.9325,0.08722356895346589
36,2020-03-03,14.29,14.11,14.93,13.83,9731815,33.982,2.9641,0.08722559001824497
37,2020-03-04,14.01,13.71,14.07,13.23,7254822,33.5172,2.9235,0.08722387311589273
38,2020-03-05,14.09,13.81,14.19,13.45,6531246,31.7613,2.7704,0.087225648824198
39,2020-03-06,13.49,14.05,14.19,13.41,6770507,32.3294,2.8199,0.08722401281805416
40,2020-03-09,13.51,13.21,13.87,13.11,7059523,31.658,2.7613,0.08722281887674521
41,2020-03-10,13.15,13.65,13.65,12.65,8673189,31.658,2.7613,0.08722281887674521
42,2020-03-11,13.55,12.97,13.55,12.93,7494424,31.8129,2.7749,0.0872256223104464
43,2020-03-12,12.51,12.31,12.65,12.09,8553986,32.9491,2.874,0.0872254477360535
44,2020-03-13,11.77,12.23,12.47,11.55,6992304,33.2073,2.8965,0.08722479695729554
45,2020-03-16,12.15,11.15,12.15,11.13,8546904,34.3951,3.0001,0.0872246337414341
46,2020-03-17,11.41,11.49,11.63,10.95,8238825,35.4797,3.0947,0.0872245255737788
47,2020-03-18,11.51,11.11,11.75,11.11,6967954,35.0665,3.0587,0.08722569974191893
48,2020-03-19,11.11,11.39,11.47,10.87,6930428,35.8412,3.1262,0.08722364206555583
49,2020-03-20,11.59,11.29,11.61,11.03,5731295,36.3576,3.1713,0.08722522938807843
50,2020-03-23,10.77,10.47,10.85,10.29,7164142,36.0994,3.1487,0.08722305633888651
51,2020-03-24,10.71,10.53,10.73,10.01,7025450,34.0336,2.9686,0.08722556532368013
52,2020-03-25,10.67,10.79,10.99,10.63,7822412,34.9116,3.0451,0.08722315791885792
53,2020-03-26,10.67,10.39,10.69,10.37,5210191,36.3576,3.1713,0.08722522938807843
54,2020-03-27,10.61,10.29,10.65,10.29,4272431,36.2543,3.1623,0.08722551531818294
55,2020-03-30,10.01,9.87,10.07,9.67,5440960,38.3718,3.347,0.08722551457059612
56,2020-03-31,9.97,9.59,10.01,9.55,5167778,38.475,3.356,0.0872254710851202
57,2020-04-01,9.57,10.05,10.41,9.57,9664293,39.0431,3.4055,0.08722411898645342
58,2020-04-02,10.07,10.45,10.47,9.99,7930408,36.9774,3.2253,0.08722354735595254
59,2020-04-03,10.33,10.11,10.37,10.07,5009551,36.5642,3.1893,0.0872246623746725
60,2020-04-07,10.41,10.59,10.77,10.33,7320420,34.9116,3.1429,0.0900245190710251
61,2020-04-08,10.49,10.53,10.75,10.43,5590874,34.3435,3.0917,0.09002285730924338
62,2020-04-09,10.61,10.43,10.63,10.33,3496879,33.259,2.9941,0.09002375296912114
63,2020-04-10,10.37,10.13,10.39,10.01,3754934,34.1886,3.0778,0.09002416010015034
64,2020-04-13,9.97,9.91,10.15,9.83,2633497,34.9632,3.1475,0.0900232244188175
65,2020-04-14,10.01,10.25,10.25,9.95,3676132,33.8271,3.0453,0.0900254529652261
66,2020-04-15,10.23,10.17,10.45,10.13,4566529,33.4139,3.0081,0.09002540858744416
67,2020-04-16,10.09,10.21,10.25,9.95,2730841,33.7238,3.036,0.09002544197273143
68,2020-04-17,10.41,10.53,10.75,10.33,7125758,34.8083,3.1336,0.09002450564951461
69,2020-04-20,10.47,10.53,10.55,10.35,2980278,34.3435,3.0917,0.09002285730924338
70,2020-04-21,10.39,10.21,10.41,10.09,3856755,32.4843,2.9244,0.0900250274748109
71,2020-04-22,10.03,10.19,10.21,9.99,2566782,32.3294,2.9104,0.09002332242478982
72,2020-04-23,10.23,9.99,10.23,9.99,2691470,32.4843,2.9244,0.0900250274748109
73,2020-04-24,9.99,9.79,10.05,9.73,2289842,32.2261,2.9011,0.09002330409202478
74,2020-04-27,9.79,9.85,9.95,9.75,1615212,33.5172,3.0174,0.09002541978446886
75,2020-04-28,9.87,9.77,9.89,9.37,2922680,33.982,3.0592,0.09002413042198812
76,2020-04-29,9.59,9.95,10.01,9.57,3060458,35.0149,3.1522,0.09002453241334404
77,2020-04-30,10.07,10.79,10.79,9.99,8244641,33.2073,2.9895,0.09002538598440706
78,2020-05-06,10.61,11.11,11.21,10.57,7595385,32.0711,2.8872,0.09002497575698994
79,2020-05-07,11.07,10.93,11.15,10.87,4195392,32.7425,2.9476,0.09002366954264335
80,2020-05-08,11.05,10.99,11.17,10.95,4231863,32.3294,2.9104,0.09002332242478982
81,2020-05-11,11.09,11.19,11.41,11.03,5067180,31.8129,2.8639,0.09002322957039441
82,2020-05-12,11.15,11.17,11.17,10.89,3301622,32.6392,2.9383,0.09002365254050343
83,2020-05-13,11.09,11.29,11.45,10.99,3936605,31.658,2.85,0.09002463832206709
84,2020-05-14,11.17,11.49,11.63,11.13,4942765,31.2143,2.8086,0.08997799085675476
85,2020-05-15,11.55,11.89,12.19,11.39,6312238,31.5244,2.8365,0.08997792186369923
86,2020-05-18,11.81,11.31,11.95,11.23,5612079,34.7285,3.1247,0.08997509250327541
87,2020-05-19,11.41,11.69,11.71,11.37,3817175,36.0722,3.2456,0.08997510548289264
88,2020-05-20,11.63,11.83,12.15,11.57,5233077,35.9688,3.2363,0.08997520072952113
89,2020-05-21,11.87,11.75,12.11,11.65,4409748,34.6252,3.1154,0.08997493155274194
90,2020-05-22,11.67,11.41,11.71,11.23,4647214,34.2117,3.0782,0.08997506700923952
91,2020-05-25,11.27,11.31,11.47,11.15,2298135,32.558,2.9295,0.0899778856195098
92,2020-05-26,11.41,11.57,11.59,11.33,2991171,33.2298,2.9899,0.0899764669062107
93,2020-05-27,11.57,11.27,11.57,11.23,2553013,34.9352,3.1433,0.0899751539994046
94,2020-05-28,11.23,11.39,11.55,11.21,2654167,36.1239,3.2503,0.08997644218924314
95,2020-05-29,11.45,11.95,12.07,11.35,6469806,34.16,3.0736,0.08997658079625294
96,2020-06-01,12.03,12.31,12.47,11.93,5252238,35.5037,3.1945,0.0899765376566386
97,2020-06-02,12.31,12.95,13.15,12.25,7695135,35.5037,3.1945,0.0899765376566386
98,2020-06-03,13.07,12.93,13.39,12.83,7391879,35.1936,3.1666,0.08997658665211855
99,2020-06-04,13.17,13.11,13.39,13.01,5001572,33.6433,3.0271,0.08997631029060763
100,2020-06-05,13.13,13.05,13.33,12.83,4067462,31.9378,2.8737,0.08997801977593949
101,2020-06-08,13.37,13.53,14.01,13.37,7745857,32.6613,2.9387,0.089974985686424
102,2020-06-09,13.49,13.03,13.49,12.99,5410716,31.421,2.8272,0.08997804016422138
103,2020-06-10,12.95,13.47,13.53,12.95,4989693,32.0412,2.883,0.089977903449309
104,2020-06-11,13.47,13.17,13.53,13.09,4091578,31.8345,2.8644,0.08997785421476699
105,2020-06-12,12.71,13.03,13.17,12.65,3526596,31.7311,2.8551,0.0899779711387251
106,2020-06-15,12.87,12.65,12.97,12.55,3582309,31.7828,2.8597,0.08997633940370263
107,2020-06-16,12.97,13.09,13.21,12.93,3207874,31.8345,2.8644,0.08997785421476699
108,2020-06-17,13.11,13.09,13.15,12.87,2639299,31.7828,2.8597,0.08997633940370263
109,2020-06-18,13.05,13.77,13.83,12.99,6022553,31.6794,2.8504,0.08997645157420911
110,2020-06-19,13.77,13.81,13.97,13.63,3971830,29.9223,2.6923,0.0899763721371686
111,2020-06-22,13.93,13.83,14.17,13.75,4156131,29.9223,2.6923,0.0899763721371686
112,2020-06-23,14.07,13.81,14.15,13.71,3454097,28.7854,2.59,0.089976168474296
113,2020-06-24,14.11,13.79,14.11,13.57,3088845,29.7673,2.6784,0.08997792880106695
114,2020-06-29,13.67,13.83,14.01,13.55,2931788,30.1291,2.7109,0.08997613602795967
115,2020-06-30,13.83,13.91,13.99,13.73,3103872,30.9042,2.7807,0.08997806123439532
116,2020-07-01,13.89,13.67,13.93,13.47,3399706,29.7673,2.6784,0.08997792880106695
117,2020-07-02,13.65,14.15,14.17,13.47,5372287,31.0593,2.7946,0.08997627119735474
118,2020-07-03,14.11,13.87,14.11,13.71,4406510,29.819,2.683,0.08997618967772225
119,2020-07-06,13.81,14.53,14.59,13.77,6182439,29.974,2.697,0.08997798091679456
120,2020-07-07,14.83,15.13,15.77,14.83,7900820,29.5089,2.6551,0.0899762444550627
121,2020-07-08,15.33,15.25,15.45,14.77,5849984,29.5606,2.6598,0.08997787595650968
122,2020-07-09,15.09,15.25,15.59,14.99,5866836,27.9068,2.511,0.08997806986110912
123,2020-07-10,15.01,14.73,15.15,14.71,4731356,26.9766,2.4273,0.08997798091679454
124,2020-07-13,14.63,15.49,15.51,14.61,5566352,25.5296,2.2971,0.08997790799699174
125,2020-07-14,15.51,15.03,15.59,14.73,5737951,25.2195,2.2692,0.08997799321953251
126,2020-07-15,14.99,14.37,15.11,14.23,5032894,25.9947,2.3389,0.08997603357607513
127,2020-07-16,14.75,14.11,15.25,13.91,7057583,25.3229,2.2785,0.08997784613926525
128,2020-07-17,14.11,14.75,14.85,13.95,5263693,25.5813,2.3017,0.08997588081919214
129,2020-07-20,14.89,14.91,14.97,14.31,4603540,26.4598,2.3808,0.08997800436889167
130,2020-07-21,15.13,15.43,16.01,15.05,8036784,26.6665,2.3994,0.08997806236288977
131,2020-07-22,15.21,15.47,15.79,15.13,5220614,26.3048,2.3668,0.0899759739667285
132,2020-07-23,15.23,14.95,15.33,14.67,6123793,25.3229,2.2785,0.08997784613926525
133,2020-07-24,14.73,13.71,14.81,13.63,7284424,26.8216,2.4133,0.08997598950099919
134,2020-07-27,13.73,13.59,13.83,13.13,3935110,25.788,2.3203,0.08997595780983403
135,2020-07-28,13.67,13.77,13.99,13.53,3267690,25.2712,2.2738,0.0899759409921175
136,2020-07-29,13.67,14.15,14.21,13.51,4308411,24.9611,2.2459,0.08997600266013918
137,2020-07-30,14.17,13.83,14.19,13.75,3537671,25.0128,2.2506,0.08997793129917482
138,2020-07-31,13.81,14.03,14.17,13.79,3703566,24.496,2.2041,0.08997795558458524
139,2020-08-03,14.11,14.19,14.35,13.97,4765332,24.341,2.1901,0.08997576106158334
140,2020-08-04,14.11,13.93,14.15,13.81,3864065,24.8061,2.232,0.08997786834689855
141,2020-08-05,14.01,14.37,14.37,13.79,4937296,23.9792,2.1576,0.08997798091679456
142,2020-08-06,14.57,15.07,15.27,14.13,8142217,22.3255,1.9228,0.08612573066672638
143,2020-08-07,14.89,14.67,15.03,14.35,4989119,21.8604,1.9004,0.08693345044006515
144,2020-08-10,14.49,14.49,14.71,14.23,2898673,22.0671,1.9184,0.08693484871143015
145,2020-08-11,14.55,13.99,14.61,13.91,3212057,21.912,1.9049,0.08693410003650968
146,2020-08-12,13.93,14.09,14.13,13.71,3078410,22.4288,1.9498,0.08693287202168641
147,2020-08-13,14.13,14.03,14.31,13.85,2721494,22.9456,1.9948,0.08693605745763894
148,2020-08-14,13.93,14.09,14.23,13.87,2399559,22.9973,1.9993,0.08693629252129599
149,2020-08-17,14.31,14.81,14.99,14.27,5930510,23.8242,2.0711,0.08693261473627656
150,2020-08-18,14.97,14.99,15.15,14.73,4202267,23.8242,2.0711,0.08693261473627656
151,2020-08-19,14.89,14.57,15.09,14.53,3379384,22.9973,1.9993,0.08693629252129599
152,2020-08-20,14.35,14.45,14.67,14.25,2441984,22.894,1.9903,0.08693544160041933
153,2020-08-21,14.81,14.61,14.97,14.49,3374125,23.1007,2.0082,0.08693243061898558
154,2020-08-24,14.77,15.05,15.31,14.59,4724319,22.2221,1.9319,0.0869359781478798
155,2020-08-25,15.07,14.75,15.07,14.59,3380251,22.7906,1.9813,0.08693496441515361
156,2020-08-26,14.67,14.39,14.75,14.35,2538423,23.5658,2.0487,0.08693530455151109
157,2020-08-27,14.41,14.81,14.81,14.41,2631250,23.8242,2.0711,0.08693261473627656
158,2020-08-28,14.77,15.03,15.11,14.57,3873480,23.9792,2.0846,0.08693367585240543
159,2020-08-31,15.41,15.67,16.19,15.13,8349766,22.7389,1.9768,0.08693472419510177
160,2020-09-01,15.71,15.83,16.05,15.63,4898588,23.6175,2.0532,0.08693553509050492
161,2020-09-02,15.85,16.63,16.79,15.79,7371645,22.5839,1.9633,0.08693361199792773
162,2020-09-03,16.49,16.41,16.53,16.13,4331751,21.3952,1.86,0.08693538737660784
163,2020-09-04,16.07,16.37,16.75,15.99,4660704,16.695,1.9067,0.11420784666067685
164,2020-09-07,16.37,15.55,16.67,15.37,5994756,17.5141,2.0002,0.11420512615549758
165,2020-09-08,15.57,15.59,15.73,15.23,4213173,17.7092,2.0225,0.11420617532130192
166,2020-09-09,15.25,15.03,15.39,14.87,3625924,18.4893,2.1116,0.11420659516585269
167,2020-09-10,15.21,14.69,15.27,14.65,4063080,17.9822,2.0537,0.11420738285638021
168,2020-09-11,14.81,15.49,15.55,14.47,4474736,17.8652,2.0403,0.11420527058191342
169,2020-09-14,15.47,15.59,15.69,15.35,3102161,19.4645,2.223,0.11420791697706079
170,2020-09-15,15.49,15.39,15.49,15.05,2961213,19.6595,2.2452,0.11420432869605025
171,2020-09-16,15.25,15.09,15.55,15.03,2722565,19.1134,2.1829,0.11420783324787846
172,2020-09-18,15.23,15.25,15.25,14.73,3246980,19.8545,2.2675,0.11420584754085975
173,2020-09-21,15.11,14.83,15.35,14.83,2782159,19.1914,2.1918,0.11420740540033557
174,2020-09-22,14.65,14.37,14.79,14.31,3085785,21.2978,2.4324,0.11420897933119853
175,2020-09-23,14.41,14.27,14.47,14.03,2787922,21.4538,2.4502,0.114208205539345
176,2020-09-24,14.19,13.83,14.21,13.79,2838633,22.7411,2.5972,0.11420731626878207
177,2020-09-25,13.91,13.77,13.99,13.65,1915805,24.0673,2.7486,0.11420475084450687
178,2020-09-28,13.81,13.77,13.89,13.71,1611359,23.2091,2.6506,0.11420520399326126
179,2020-09-29,13.83,14.03,14.29,13.81,2515990,24.8474,2.8377,0.11420510797910445
180,2020-09-30,14.03,13.81,14.03,13.73,1752852,24.3794,2.7843,0.11420707646619686
181,2020-10-09,14.41,14.49,14.61,14.25,3020704,24.1843,2.762,0.11420632393743048
182,2020-10-12,14.47,14.67,14.69,14.31,3432034,24.9645,2.8511,0.11420617276532677
183,2020-10-13,14.63,14.53,14.65,14.41,1797963,24.8084,2.8333,0.11420728462939972
184,2020-10-14,14.53,14.17,14.53,14.15,2296197,22.9361,2.6195,0.11420860564786516
185,2020-10-15,14.15,14.07,14.31,13.93,1633038,25.1205,2.8689,0.11420552934854004
186,2020-10-16,14.05,13.69,14.19,13.59,3205958,25.9396,2.9625,0.11420762078058258
187,2020-10-19,13.71,13.33,13.77,13.23,2946599,28.7091,3.2788,0.1142076902445566
188,2020-10-20,13.31,13.73,13.73,13.07,2822751,27.968,3.1941,0.11420552059496568
189,2020-10-21,13.67,13.65,13.73,13.43,1647073,26.0176,2.9714,0.11420730582375008
190,2020-10-22,13.55,13.81,13.93,13.43,2212087,26.1347,2.9848,0.11420831308566771
191,2020-10-23,13.81,13.73,13.99,13.63,1491455,23.7552,2.713,0.11420657371859635
192,2020-10-26,13.61,13.55,13.65,13.45,1440546,23.9893,2.7397,0.11420508309954855
193,2020-10-27,13.47,13.53,13.57,13.17,2042781,22.585,2.5794,0.11420854549479743
194,2020-10-28,13.47,13.77,13.83,13.25,2250534,21.6879,2.4769,0.11420653913011404
195,2020-10-29,13.43,13.99,14.19,13.39,3422422,22.156,2.5304,0.11420834085575016
196,2020-10-30,14.15,13.57,14.17,13.55,2638182,21.6489,2.4724,0.11420441685258835
197,2020-11-02,13.53,14.07,14.11,13.51,3353684,21.4538,2.4502,0.114208205539345
198,2020-11-03,14.03,14.23,14.35,13.97,3116945,21.8439,2.4947,0.11420579658394334
199,2020-11-04,14.17,14.37,14.39,14.03,2644276,22.195,2.5348,0.11420590223023204
200,2020-11-05,14.47,14.53,14.65,14.31,3584936,21.3758,2.4413,0.11420859102349384
201,2020-11-06,14.49,14.83,15.01,14.45,3647533,19.4255,2.2185,0.11420555455458033
202,2020-11-09,15.05,15.11,15.33,14.73,5088875,19.1914,2.1918,0.11420740540033557
203,2020-11-10,15.05,15.57,15.61,14.89,4581168,17.7482,2.027,0.11420876483249005
204,2020-11-11,15.17,15.09,16.03,14.95,6454476,19.7375,2.2542,0.11420899303356555
205,2020-11-12,14.83,15.25,15.49,14.71,3635816,20.0106,2.2853,0.11420447163003608
206,2020-11-13,15.11,15.87,16.03,15.01,6610677,19.8936,2.272,0.11420758434873526
207,2020-11-16,15.71,15.89,15.89,15.51,4051603,20.2836,2.3165,0.11420556508706542
208,2020-11-17,15.53,15.29,15.67,14.93,5112520,18.9574,2.1651,0.1142086995052064
209,2020-11-18,15.29,15.45,15.61,15.15,2896277,19.1524,2.1873,0.11420500824961885
210,2020-11-19,15.41,15.29,15.65,15.09,2530740,18.8794,2.1561,0.1142038412237677
211,2020-11-20,15.21,15.27,15.39,15.05,2020646,18.9964,2.1695,0.11420584952938452
212,2020-11-23,15.35,15.69,15.71,15.21,3664574,18.6063,2.125,0.11420862826032042
213,2020-11-24,15.63,15.75,16.03,15.61,3045691,18.2163,2.0804,0.11420540944099515
214,2020-11-25,15.77,15.51,15.91,15.47,2520231,18.6453,2.1294,0.11420572476709949
215,2020-11-26,15.55,15.19,15.59,15.01,2727688,18.4113,2.1027,0.11420703589643316
216,2020-11-27,15.21,15.11,15.27,14.85,2156917,17.8262,2.0359,0.1142083001424869
217,2020-11-30,15.11,15.53,15.75,14.93,3621162,17.9822,2.0537,0.11420738285638021
218,2020-12-01,15.61,16.07,16.23,15.45,4870113,18.1382,2.0715,0.11420648134875565
