,日期,开盘,收盘,最高,最低,成交量,pe,pb,roe
0,2020-01-03,7.36,7.39,7.45,7.33,741718,24.1868,1.5895,0.06571766418046206
1,2020-01-06,7.35,7.33,7.45,7.32,923976,23.5756,1.5494,0.06572049067680144
2,2020-01-07,7.35,7.39,7.41,7.31,722776,23.5319,1.5465,0.06571930018400554
3,2020-01-08,7.32,7.22,7.36,7.18,848021,23.139,1.5207,0.0657202126280306
4,2020-01-09,7.28,7.26,7.33,7.24,607640,23.0517,1.5149,0.06571749588967407
5,2020-01-10,7.33,7.24,7.36,7.2,691432,23.401,1.5379,0.06571941370026922
6,2020-01-13,7.24,7.28,7.29,7.14,619303,23.5756,1.5494,0.06572049067680144
7,2020-01-14,7.28,7.25,7.31,7.24,466781,23.139,1.5207,0.0657202126280306
8,2020-01-15,7.24,7.2,7.26,7.18,410546,23.0953,1.5178,0.06571899910371375
9,2020-01-16,7.2,7.18,7.24,7.17,359736,22.8334,1.5006,0.0657195161473981
10,2020-01-17,7.2,7.21,7.28,7.18,437070,22.7461,1.4949,0.06572115659387763
11,2020-01-20,7.21,7.26,7.26,7.16,445197,22.7461,1.4949,0.06572115659387763
12,2020-01-21,7.24,7.17,7.25,7.14,481700,22.4841,1.4776,0.06571755151418113
13,2020-01-22,7.14,7.17,7.21,7.04,550526,22.6151,1.4863,0.06572157540758165
14,2020-01-23,7.12,6.93,7.13,6.86,693371,22.7897,1.4977,0.06571828501472156
15,2020-02-03,6.28,6.28,6.28,6.28,323698,23.139,1.5207,0.0657202126280306
16,2020-02-04,6.04,6.27,6.33,6.04,974335,23.4883,1.5436,0.06571782547055344
17,2020-02-05,6.29,6.33,6.48,6.27,675468,22.877,1.5035,0.0657210298553132
18,2020-02-06,6.36,6.45,6.5,6.29,761716,22.9207,1.5063,0.06571788819713185
19,2020-02-07,6.44,6.43,6.45,6.37,541772,22.6151,1.4863,0.06572157540758165
20,2020-02-10,6.39,6.47,6.52,6.37,467615,22.8334,1.5006,0.0657195161473981
21,2020-02-11,6.48,6.48,6.58,6.44,475749,22.3095,1.4662,0.06572088123893409
22,2020-02-12,6.44,6.55,6.58,6.44,539449,22.0039,1.5273,0.06941042269779449
23,2020-02-13,6.54,6.44,6.58,6.44,437200,22.7024,1.5758,0.06941116357741912
24,2020-02-14,6.44,6.5,6.58,6.43,530341,22.6151,1.5697,0.06940937692072996
25,2020-02-17,6.59,6.77,6.78,6.56,950261,22.4841,1.5606,0.06940904906133667
26,2020-02-18,6.74,6.77,6.86,6.71,603837,22.6588,1.5728,0.0694123254541282
27,2020-02-19,6.77,6.77,6.89,6.72,619847,23.1827,1.6091,0.06940951657917326
28,2020-02-20,6.78,7.09,7.13,6.74,1299110,23.401,1.6243,0.0694115636083928
29,2020-02-21,7.08,7.05,7.24,7.01,1183167,23.3136,1.6182,0.06941012970969734
30,2020-02-24,7.02,7.02,7.09,6.98,783618,23.4446,1.6273,0.06941043993073032
31,2020-02-25,6.91,7.16,7.16,6.86,1353644,23.5756,1.6364,0.06941074670421962
32,2020-02-26,7.08,7.01,7.21,7.01,1196769,23.7939,1.6515,0.06940854588781158
33,2020-02-27,7.04,6.99,7.13,6.95,827065,23.7502,1.6485,0.06940994181101633
34,2020-02-28,6.83,6.74,6.9,6.66,953145,23.7502,1.6485,0.06940994181101633
35,2020-03-02,6.74,6.98,7.06,6.74,1021580,24.0558,1.6697,0.0694094563473258
36,2020-03-03,7.04,6.99,7.13,6.94,1066134,24.3614,1.6909,0.06940898306337075
37,2020-03-04,6.95,7.06,7.06,6.91,1043667,23.6192,1.6394,0.06940963284107844
38,2020-03-05,7.13,7.17,7.28,7.01,1908438,23.1827,1.6091,0.06940951657917326
39,2020-03-06,7.09,7.04,7.12,7.02,932218,23.7066,1.6455,0.06941105008731745
40,2020-03-09,6.94,6.89,7.02,6.83,945181,23.7502,1.6485,0.06940994181101633
41,2020-03-10,6.85,7.04,7.05,6.83,1134663,23.5319,1.6334,0.06941215966411551
42,2020-03-11,7.02,6.89,7.04,6.89,754782,23.139,1.6061,0.06941095120791738
43,2020-03-12,6.83,6.72,6.89,6.68,769859,23.401,1.6243,0.0694115636083928
44,2020-03-13,6.43,6.66,6.74,6.36,829623,23.5756,1.6364,0.06941074670421962
45,2020-03-16,6.68,6.45,6.71,6.41,690683,23.4883,1.6303,0.06940902491878936
46,2020-03-17,6.5,6.47,6.58,6.36,639371,23.5756,1.6364,0.06941074670421962
47,2020-03-18,6.5,6.33,6.55,6.31,559554,22.6588,1.5728,0.0694123254541282
48,2020-03-19,6.33,6.35,6.41,6.23,688968,22.877,1.5879,0.06941032478034707
49,2020-03-20,6.39,6.55,6.62,6.29,887522,22.9644,1.594,0.06941178519795858
50,2020-03-23,6.39,6.39,6.56,6.37,549513,23.008,1.597,0.06941063977746871
51,2020-03-24,6.5,6.45,6.52,6.36,544755,23.008,1.597,0.06941063977746871
52,2020-03-25,6.55,6.52,6.59,6.47,541778,23.0517,1.6,0.06940919758629516
53,2020-03-26,6.48,6.43,6.51,6.41,318329,23.8375,1.6546,0.06941164132144731
54,2020-03-27,6.47,6.44,6.56,6.44,378840,24.0558,1.6697,0.0694094563473258
55,2020-03-30,6.39,6.37,6.41,6.35,341857,23.7066,1.6455,0.06941105008731745
56,2020-03-31,6.43,6.37,6.44,6.35,308032,24.2741,1.6849,0.06941143028989746
57,2020-04-01,6.37,6.33,6.44,6.32,328874,24.6234,1.7091,0.0694095860035576
58,2020-04-02,6.31,6.41,6.43,6.29,325829,24.798,1.7212,0.069408823292201
59,2020-04-03,6.39,6.35,6.41,6.33,279536,24.798,1.7212,0.069408823292201
60,2020-04-07,6.41,6.44,6.47,6.39,539623,24.6234,1.7091,0.0694095860035576
61,2020-04-08,6.4,6.4,6.44,6.39,313835,25.06,1.7345,0.06921388667198723
62,2020-04-09,6.44,6.4,6.48,6.4,439356,24.3614,1.6862,0.06921605490653246
63,2020-04-10,6.43,6.36,6.43,6.33,314801,24.1431,1.6711,0.06921646350302985
64,2020-04-13,6.33,6.32,6.36,6.31,236213,24.8853,1.7224,0.0692135517755462
65,2020-04-14,6.33,6.43,6.45,6.32,454375,24.8417,1.7194,0.06921426472423385
66,2020-04-15,6.4,6.36,6.45,6.36,356712,24.9727,1.7285,0.06921558341709146
67,2020-04-16,6.33,6.37,6.45,6.33,404020,24.7107,1.7104,0.06921697887959467
68,2020-04-17,6.4,6.37,6.43,6.36,332836,25.5402,1.726,0.06757973704199655
69,2020-04-20,6.37,6.37,6.4,6.36,239884,25.6712,1.7349,0.06758157000841411
70,2020-04-21,6.36,6.29,6.36,6.25,336928,25.8458,1.7467,0.06758157998591648
71,2020-04-22,6.25,6.29,6.31,6.24,217686,24.798,1.6759,0.06758206306960239
72,2020-04-23,6.29,6.25,6.31,6.25,199354,24.3178,1.6434,0.06758012649170567
73,2020-04-24,6.25,6.18,6.27,6.17,256862,24.1868,1.6346,0.06758231762779698
74,2020-04-27,6.2,6.16,6.24,6.14,260413,24.3614,1.6464,0.06758232285500834
75,2020-04-28,6.2,6.18,6.23,6.08,424511,24.798,1.6759,0.06758206306960239
76,2020-04-29,6.16,6.2,6.21,6.14,226109,24.667,1.667,0.06758016783556979
77,2020-04-30,6.23,6.32,6.32,6.21,494843,25.6712,1.7349,0.06758157000841411
78,2020-05-06,6.25,6.41,6.45,6.24,628817,25.3219,1.7113,0.06758181653035515
79,2020-05-07,6.41,6.39,6.48,6.36,408762,25.6275,1.732,0.06758365037557311
80,2020-05-08,6.43,6.47,6.54,6.39,527910,25.8022,1.7438,0.06758338436257373
81,2020-05-11,6.5,6.48,6.51,6.44,418528,25.4529,1.7201,0.06757972568941063
82,2020-05-12,6.56,6.5,6.6,6.47,520970,25.1909,1.7024,0.06757995942979408
83,2020-05-13,6.45,6.54,6.55,6.4,365110,25.3656,1.7142,0.06757971425868105
84,2020-05-14,6.5,6.47,6.52,6.45,217539,24.6234,1.6641,0.06758205609298472
85,2020-05-15,6.48,6.44,6.52,6.43,231989,24.7107,1.67,0.06758205959361734
86,2020-05-18,6.45,6.44,6.5,6.43,217300,23.9685,1.6198,0.06758036589690636
87,2020-05-19,6.5,6.47,6.52,6.45,270688,25.2346,1.7054,0.06758181227362431
88,2020-05-20,6.44,6.47,6.51,6.43,293981,25.3656,1.7142,0.06757971425868105
89,2020-05-21,6.48,6.47,6.51,6.44,245371,25.2346,1.7054,0.06758181227362431
90,2020-05-22,6.45,6.41,6.47,6.39,332056,25.5839,1.729,0.06758156496859354
91,2020-05-25,6.4,6.43,6.45,6.39,236701,24.2741,1.6405,0.0675823202508023
92,2020-05-26,6.45,6.41,6.45,6.39,286070,25.2783,1.7083,0.06757970274899815
93,2020-05-27,6.4,6.27,6.41,6.25,326807,26.588,1.7969,0.06758312020460358
94,2020-05-28,6.28,6.32,6.39,6.27,288728,27.5048,1.8588,0.06758093132834997
95,2020-05-29,6.29,6.25,6.33,6.25,246313,27.4175,1.8529,0.06758092459195769
96,2020-06-01,6.36,6.51,6.55,6.36,789191,26.9373,1.8205,0.06758286836468391
97,2020-06-02,6.5,6.51,6.56,6.47,417664,28.4653,1.9237,0.067580527870776
98,2020-06-03,6.51,6.44,6.54,6.44,331549,29.2512,1.9768,0.06758013346460999
99,2020-06-04,6.47,6.43,6.5,6.41,262747,27.7668,1.8765,0.0675807078957604
100,2020-06-05,6.4,6.48,6.5,6.4,334566,28.509,1.9267,0.06758216703497141
101,2020-06-08,6.51,6.44,6.52,6.43,280300,25.9331,1.7526,0.06758158492428595
102,2020-06-09,6.43,6.51,6.51,6.43,507279,23.5756,1.5933,0.06758258538488945
103,2020-06-10,6.5,6.43,6.5,6.43,313613,22.3095,1.5077,0.06758107532665457
104,2020-06-11,6.44,6.4,6.51,6.37,448415,22.0475,1.49,0.06758135843066107
105,2020-06-12,6.33,6.36,6.39,6.29,458705,20.9997,1.4192,0.06758191783692148
106,2020-06-15,6.35,6.32,6.43,6.32,409645,21.1307,1.428,0.06757939869479004
107,2020-06-16,6.36,6.37,6.39,6.33,296787,21.2617,1.4369,0.0675816138878829
108,2020-06-17,6.36,6.4,6.43,6.35,374820,21.4363,1.4487,0.06758162556038123
109,2020-06-18,6.4,6.44,6.48,6.37,399825,20.0829,1.3572,0.0675798813916317
110,2020-06-19,6.45,6.63,6.7,6.43,1373309,19.4717,1.3159,0.06758012911045261
111,2020-06-22,6.72,7.05,7.25,6.68,3545322,19.3407,1.3071,0.06758286928601344
112,2020-06-23,6.97,6.99,7.02,6.86,1860165,19.2534,1.3012,0.0675828684803723
113,2020-06-24,6.98,6.95,7.1,6.89,1190170,19.0788,1.2894,0.06758286684697151
114,2020-06-29,6.98,6.91,7.01,6.75,1293395,19.2097,1.2982,0.06758044113130345
115,2020-06-30,6.94,7.24,7.39,6.9,1864440,19.3407,1.3071,0.06758286928601344
116,2020-07-01,7.18,7.32,7.44,7.13,1908721,19.428,1.313,0.06758287008441424
117,2020-07-02,7.25,7.71,7.79,7.22,3003497,19.69,1.3307,0.06758252920264093
118,2020-07-03,7.83,8.44,8.44,7.79,4974861,19.4717,1.3159,0.06758012911045261
119,2020-07-06,8.76,9.24,9.24,8.59,6027408,19.6027,1.3248,0.06758252689680504
120,2020-07-07,9.51,9.01,9.61,8.83,6845674,19.428,1.313,0.06758287008441424
121,2020-07-08,8.87,9.47,9.72,8.8,6101772,19.4717,1.3159,0.06758012911045261
122,2020-07-09,9.22,9.22,9.44,9.06,4984737,19.69,1.3307,0.06758252920264093
123,2020-07-10,8.86,8.75,9.05,8.68,4619175,19.69,1.3307,0.06758252920264093
124,2020-07-13,8.68,8.9,9.02,8.66,4205930,18.8605,1.2746,0.06758039288460009
125,2020-07-14,8.83,8.93,9.06,8.74,3373477,19.0788,1.2894,0.06758286684697151
126,2020-07-15,8.98,8.64,9.06,8.61,3224941,18.9041,1.2776,0.06758322268714195
127,2020-07-16,8.68,8.24,8.88,8.2,3443933,19.3844,1.31,0.06758011596954253
128,2020-07-17,8.29,7.93,8.37,7.79,3118338,19.428,1.313,0.06758287008441424
129,2020-07-20,8.09,8.33,8.43,8.05,2873282,19.3844,1.31,0.06758011596954253
130,2020-07-21,8.33,8.22,8.37,8.18,2031607,19.559,1.3218,0.06758014213405593
131,2020-07-22,8.26,8.26,8.56,8.2,2946575,19.559,1.3218,0.06758014213405593
132,2020-07-23,8.18,8.22,8.32,7.9,2777213,19.559,1.3218,0.06758014213405593
133,2020-07-24,8.18,7.83,8.34,7.78,2424467,19.4717,1.3159,0.06758012911045261
134,2020-07-27,7.87,8.06,8.17,7.7,2084226,19.4717,1.3159,0.06758012911045261
135,2020-07-28,8.07,8.03,8.1,7.93,1330145,19.559,1.3218,0.06758014213405593
136,2020-07-29,8.03,8.26,8.34,7.99,2277102,19.7773,1.3366,0.06758253148812021
137,2020-07-30,8.3,8.21,8.32,8.17,1463629,19.6463,1.3277,0.06758015504191629
138,2020-07-31,8.18,8.29,8.4,8.16,1797773,19.6027,1.3248,0.06758252689680504
139,2020-08-03,8.33,8.4,8.41,8.24,2154006,19.559,1.3218,0.06758014213405593
140,2020-08-04,8.39,8.34,8.45,8.32,1587809,19.2971,1.3041,0.0675801027097336
141,2020-08-05,8.29,8.25,8.32,8.21,1237972,19.3844,1.31,0.06758011596954253
142,2020-08-06,8.25,8.36,8.45,8.03,2327840,19.0788,1.2894,0.06758286684697151
143,2020-08-07,8.24,8.05,8.24,7.94,2251658,18.6858,1.288,0.06892934741889563
144,2020-08-10,7.98,8.09,8.21,7.95,1444884,18.6422,1.285,0.06892963276866464
145,2020-08-11,8.09,7.95,8.22,7.94,1411395,18.5549,1.279,0.068930578984527
146,2020-08-12,7.94,7.9,8.01,7.8,1070606,18.6422,1.285,0.06892963276866464
147,2020-08-13,7.93,7.94,8.03,7.89,837172,18.8605,1.3001,0.06893242490920178
148,2020-08-14,7.93,8.09,8.1,7.9,952622,18.9914,1.3091,0.06893120043809303
149,2020-08-17,8.18,8.41,8.57,8.18,2553343,18.9914,1.3091,0.06893120043809303
150,2020-08-18,8.41,8.36,8.45,8.3,1250139,19.2534,1.3271,0.06892808542906707
151,2020-08-19,8.39,8.32,8.47,8.29,1476030,19.2534,1.3271,0.06892808542906707
152,2020-08-20,8.33,8.17,8.34,8.13,1203946,19.2534,1.3271,0.06892808542906707
153,2020-08-21,8.22,8.25,8.32,8.16,886203,19.2097,1.3241,0.06892871830377362
154,2020-08-24,8.25,8.21,8.3,8.17,735477,19.428,1.3392,0.0689314391599753
155,2020-08-25,8.24,8.22,8.34,8.17,994635,19.0788,1.3151,0.06892991173449063
156,2020-08-26,8.2,7.99,8.22,7.97,1216058,19.2097,1.3241,0.06892871830377362
157,2020-08-27,8.06,8.06,8.09,7.99,597120,19.3407,1.3332,0.06893235508538988
158,2020-08-28,8.03,8.28,8.3,8.01,1186248,19.3407,1.3332,0.06893235508538988
159,2020-08-31,8.3,8.14,8.43,8.14,1497337,19.4717,1.3422,0.06893080727414659
160,2020-09-01,8.13,8.2,8.21,8.12,853241,19.1661,1.3211,0.0689289944224438
161,2020-09-02,8.21,8.2,8.28,8.13,996403,19.3844,1.3362,0.06893171828893338
162,2020-09-03,8.18,8.14,8.29,8.09,908738,19.1224,1.3181,0.0689296322637326
163,2020-09-04,7.98,8.03,8.06,7.97,924188,19.2534,1.3271,0.06892808542906707
164,2020-09-07,7.99,7.86,8.06,7.82,1113509,19.2534,1.3271,0.06892808542906707
165,2020-09-08,7.86,7.97,8.02,7.85,771165,26.8445,1.3613,0.05071057386056734
166,2020-09-09,7.9,7.9,8.01,7.86,759351,26.7843,1.3582,0.05070881075854138
167,2020-09-10,7.97,7.66,7.98,7.64,954639,27.2056,1.3796,0.05071014791072426
168,2020-09-11,7.62,7.64,7.68,7.56,583898,26.9047,1.3643,0.0507086122499043
169,2020-09-14,7.68,7.64,7.7,7.59,435722,26.6037,1.3491,0.050710991328273884
170,2020-09-15,7.64,7.63,7.67,7.58,456928,27.326,1.3857,0.05070994657103125
171,2020-09-16,7.63,7.6,7.68,7.58,513371,26.4232,1.3399,0.05070922522631627
172,2020-09-17,7.6,7.53,7.62,7.48,602313,26.363,1.3369,0.05071122406402913
173,2020-09-18,7.53,7.85,7.87,7.52,1212074,26.9649,1.3674,0.05071036792274401
174,2020-09-21,8.03,7.79,8.07,7.78,1298730,26.9047,1.3643,0.0507086122499043
175,2020-09-22,7.71,7.82,8.03,7.7,1218679,27.8075,1.4101,0.05070934100512451
176,2020-09-23,7.82,7.76,7.87,7.75,611865,28.1085,1.4254,0.050710639130512124
177,2020-09-24,7.72,7.68,7.83,7.68,577864,28.8307,1.462,0.050709833614861935
178,2020-09-25,7.71,7.8,7.85,7.68,711924,29.4928,1.4956,0.050710681929148814
179,2020-09-28,7.79,7.87,7.93,7.76,799935,28.8307,1.462,0.050709833614861935
180,2020-09-29,7.91,7.86,7.94,7.83,605754,29.4928,1.4956,0.050710681929148814
181,2020-09-30,7.85,7.7,7.87,7.67,615607,30.0947,1.5261,0.05070992566797476
182,2020-10-09,7.79,7.83,7.86,7.75,539018,29.6132,1.5017,0.050710493968905763
183,2020-10-12,7.86,8.06,8.09,7.86,1268603,29.3123,1.4864,0.05070908799377735
184,2020-10-13,7.99,7.97,8.02,7.91,764479,29.2521,1.4834,0.05071088913274603
185,2020-10-14,7.98,7.87,7.98,7.86,565023,28.1687,1.4284,0.05070876540273424
186,2020-10-15,7.87,7.87,7.98,7.86,484401,29.3123,1.4864,0.05070908799377735
187,2020-10-16,7.89,7.89,7.98,7.87,703478,29.3724,1.4895,0.050710871430322345
188,2020-10-19,7.93,7.82,8.01,7.8,787854,30.0345,1.5231,0.05071168156619887
189,2020-10-20,7.78,7.78,7.79,7.68,524512,29.4326,1.4925,0.05070907768936485
190,2020-10-21,7.78,7.74,7.83,7.71,376518,29.553,1.4986,0.050708895881974754
191,2020-10-22,7.72,7.76,7.83,7.68,430446,29.7336,1.5078,0.05071030753087417
192,2020-10-23,7.76,7.7,7.8,7.68,444294,28.289,1.4345,0.05070875605358974
193,2020-10-26,7.66,7.53,7.67,7.49,631192,28.289,1.4345,0.05070875605358974
194,2020-10-27,7.49,7.48,7.55,7.45,422138,28.289,1.4345,0.05070875605358974
195,2020-10-28,7.49,7.52,7.53,7.41,390118,27.0852,1.3735,0.0507103510404206
196,2020-10-29,7.43,7.55,7.6,7.41,498409,26.8445,1.3613,0.05071057386056734
197,2020-10-30,7.56,7.33,7.59,7.32,686038,27.326,1.3857,0.05070994657103125
198,2020-11-02,7.35,7.43,7.53,7.35,667750,27.0251,1.3705,0.050712115773854684
199,2020-11-03,7.41,7.59,7.64,7.37,711835,26.9649,1.3674,0.05071036792274401
200,2020-11-04,7.55,7.52,7.58,7.47,475328,26.7843,1.3582,0.05070881075854138
201,2020-11-05,7.59,7.62,7.66,7.56,613200,26.9047,1.3643,0.0507086122499043
202,2020-11-06,7.6,7.6,7.67,7.53,672819,26.363,1.3369,0.05071122406402913
203,2020-11-09,7.63,7.79,7.89,7.6,1279965,26.062,1.3216,0.0507098457524365
204,2020-11-10,7.79,7.68,7.85,7.67,763117,26.1222,1.3247,0.05071165522046382
205,2020-11-11,7.7,7.58,7.7,7.56,624060,29.0113,1.4712,0.05071127457232182
206,2020-11-12,7.59,7.52,7.62,7.51,434696,30.0947,1.5261,0.05070992566797476
207,2020-11-13,7.51,7.48,7.52,7.45,439560,30.0947,1.5261,0.05070992566797476
208,2020-11-16,7.52,7.56,7.59,7.48,481704,30.516,1.5475,0.05071110237252589
209,2020-11-17,7.56,7.56,7.58,7.48,450350,30.2753,1.5353,0.050711305916043774
210,2020-11-18,7.56,7.59,7.67,7.55,578195,30.1549,1.5292,0.05071149299118882
211,2020-11-19,7.58,7.67,7.71,7.55,587183,30.2151,1.5322,0.050709744465515585
212,2020-11-20,7.66,7.68,7.7,7.63,452631,30.4559,1.5444,0.05070938635863659
213,2020-11-23,7.64,7.82,7.94,7.64,1366034,30.5762,1.5505,0.05070937526572956
214,2020-11-24,7.82,7.76,7.87,7.76,645903,30.3957,1.5414,0.050711120322940416
215,2020-11-25,7.82,7.66,7.86,7.64,718829,30.516,1.5475,0.05071110237252589
216,2020-11-26,7.63,7.68,7.72,7.62,456107,30.3355,1.5383,0.050709564701422426
217,2020-11-27,7.67,7.8,7.83,7.64,717844,31.0578,1.575,0.050711898460290165
218,2020-11-30,7.83,7.82,8.01,7.78,1684841,30.817,1.5627,0.0507090242398676
219,2020-12-01,7.75,8.01,8.05,7.74,1542430,31.0578,1.575,0.050711898460290165
