,日期,开盘,收盘,最高,最低,成交量,pe,pb,roe
0,2020-01-03,245.26,239.11,245.49,238.81,270043,25.4988,5.4692,0.21448852495019374
1,2020-01-06,237.39,235.14,238.89,230.64,288425,25.1884,5.4027,0.21449159136745485
2,2020-01-07,235.89,238.33,238.93,235.14,225265,25.464,5.4617,0.2144871190700597
3,2020-01-08,236.3,239.19,241.81,235.78,253210,25.2377,5.4132,0.21448864199194062
4,2020-01-09,241.14,243.58,244.63,240.01,296354,25.9744,5.5712,0.21448811137119628
5,2020-01-10,245.53,245.6,247.48,243.58,280706,26.2905,5.639,0.21448812308628593
6,2020-01-13,247.51,246.05,248.11,243.76,279512,27.1084,5.8145,0.21449071136621858
7,2020-01-14,247.51,245.19,248.64,244.59,162500,26.5631,5.6975,0.21448927271289872
8,2020-01-15,245.26,243.76,245.64,241.44,214900,27.2621,5.8474,0.2144882455863635
9,2020-01-16,245.64,244.36,245.86,242.75,199814,25.8961,5.5544,0.2144878958607667
10,2020-01-17,245.6,246.8,249.39,243.73,217133,26.0788,5.5936,0.21448839670536987
11,2020-01-20,248.64,246.39,249.24,245.0,201911,25.9164,5.5588,0.21448966677470635
12,2020-01-21,244.51,238.51,244.74,238.25,276432,26.2528,5.631,0.21449140663091176
13,2020-01-22,236.34,236.19,237.99,230.64,411606,26.276,5.6359,0.2144885066220125
14,2020-01-23,231.01,227.26,233.41,226.89,596537,25.551,5.4804,0.2144886697193848
15,2020-02-03,206.6,208.85,217.85,206.6,705067,26.0034,5.5775,0.214491181922364
16,2020-02-04,209.26,218.6,218.71,209.26,404131,26.3108,5.6434,0.21448986727883607
17,2020-02-05,219.09,218.9,221.15,217.33,348950,26.1426,5.6073,0.21448899497372106
18,2020-02-06,218.9,222.35,222.99,216.99,393668,24.9738,5.3566,0.21448878424588969
19,2020-02-07,221.26,218.75,221.38,216.39,344090,24.8433,5.3286,0.21448841337503471
20,2020-02-10,216.76,216.76,218.56,214.59,346048,23.9413,5.1352,0.21449127658063682
21,2020-02-11,220.1,225.69,226.85,218.64,493882,24.1879,5.188,0.21448740899375307
22,2020-02-12,225.28,226.48,228.24,223.21,234338,22.584,5.2111,0.23074300389656394
23,2020-02-13,225.24,222.39,225.31,221.26,319307,23.544,5.4326,0.2307424396873938
24,2020-02-14,221.26,222.16,222.99,220.06,210044,22.2476,5.1334,0.23073949549614342
25,2020-02-17,220.66,224.64,224.71,220.29,325053,21.9576,5.0665,0.2307401537508653
26,2020-02-18,224.64,221.38,224.64,220.59,332035,22.2331,5.1301,0.23074155201029095
27,2020-02-19,220.74,221.41,222.65,220.03,237329,21.7836,5.0264,0.2307423933601425
28,2020-02-20,222.01,226.36,226.81,220.59,370412,22.7378,5.2465,0.23073912163885688
29,2020-02-21,225.01,224.19,226.21,223.21,297799,22.4767,5.1863,0.23074116752014306
30,2020-02-24,228.24,226.55,228.28,224.83,407824,22.1287,5.106,0.2307410738091257
31,2020-02-25,223.14,224.75,224.86,222.39,315462,21.7517,5.019,0.23074058579329432
32,2020-02-26,222.01,224.26,228.09,220.18,387240,21.6937,5.0056,0.2307398000341113
33,2020-02-27,224.26,226.55,227.64,223.93,284935,22.0707,5.0926,0.2307403027543304
34,2020-02-28,222.69,219.58,223.81,218.6,334057,21.8242,5.0357,0.23073927108439254
35,2020-03-02,219.58,224.41,225.95,219.58,318934,22.0098,5.0786,0.2307426691746404
36,2020-03-03,225.05,225.01,226.89,223.03,264999,21.4559,4.9507,0.23073839829603981
37,2020-03-04,223.14,224.08,224.79,221.68,239084,21.2847,4.9113,0.23074320991134475
38,2020-03-05,225.2,232.66,233.64,224.45,575718,21.0556,4.8584,0.23074146545337107
39,2020-03-06,229.96,229.89,231.76,228.91,280243,21.0121,4.8484,0.23074323841976765
40,2020-03-09,224.64,222.73,224.9,222.43,356343,20.5626,4.7446,0.230739303395485
41,2020-03-10,222.73,228.09,229.44,222.73,375632,20.3886,4.7045,0.23074168898305916
42,2020-03-11,227.34,224.9,228.09,224.86,192607,20.435,4.7152,0.23074137509175438
43,2020-03-12,222.58,220.03,222.65,218.94,344055,20.6119,4.756,0.23074049456867152
44,2020-03-13,211.4,215.26,219.24,208.4,452084,20.2697,4.677,0.23073849144289257
45,2020-03-16,216.39,208.51,216.65,208.14,396679,20.3103,4.6864,0.23074006784734838
46,2020-03-17,206.71,204.39,213.01,202.78,477082,20.5046,4.7312,0.23073846844122783
47,2020-03-18,207.01,207.01,215.23,206.56,586059,20.4756,4.7245,0.23073804919025573
48,2020-03-19,209.45,202.89,210.39,198.76,554869,20.203,4.6616,0.2307380092065535
49,2020-03-20,205.33,204.58,207.13,202.51,367067,20.4234,4.7125,0.2307402293447712
50,2020-03-23,198.76,195.01,200.56,194.26,477036,19.7215,4.5506,0.2307430976345613
51,2020-03-24,198.2,200.6,201.58,196.55,419576,19.1937,4.4288,0.23074237900977926
52,2020-03-25,206.26,206.23,208.74,203.86,390113,19.1125,4.41,0.23073904512753435
53,2020-03-26,205.89,204.39,207.28,203.79,232484,18.8109,4.3404,0.23073856115337382
54,2020-03-27,208.14,206.08,209.83,205.81,260154,19.3967,4.4756,0.2307402805631886
55,2020-03-30,203.64,200.98,203.64,198.76,370522,19.3445,4.4636,0.23074258833260097
56,2020-03-31,203.49,202.21,205.7,201.91,225253,19.9506,4.6034,0.2307399276212244
57,2020-04-01,204.2,202.81,205.59,200.83,234391,20.5713,4.7466,0.23073894211838822
58,2020-04-02,201.28,204.24,204.39,199.89,235144,20.5713,4.7466,0.23073894211838822
59,2020-04-03,203.64,202.06,204.61,201.43,196382,20.7946,4.7982,0.23074259663566501
60,2020-04-07,205.18,204.28,205.89,203.26,400486,20.4582,4.7205,0.23073877467225856
61,2020-04-08,202.89,201.54,203.38,200.86,244268,20.3828,5.2044,0.2553329277626234
62,2020-04-09,202.59,201.76,202.7,201.05,171399,19.7186,5.0348,0.2553325286785066
63,2020-04-10,201.76,205.44,210.24,200.79,412461,20.0956,5.1311,0.2553345010848146
64,2020-04-13,206.6,207.73,210.31,205.51,310765,20.2958,5.1822,0.2553336158219927
65,2020-04-14,210.65,209.94,210.76,206.64,307942,20.4089,5.211,0.25532978259484834
66,2020-04-15,208.14,208.89,212.94,205.14,395915,20.1218,5.1377,0.2553300400560586
67,2020-04-16,208.89,206.23,208.89,205.4,279294,20.0231,5.1126,0.2553350879733907
68,2020-04-17,208.14,208.48,209.3,206.64,352499,20.3364,5.1925,0.25533034362030643
69,2020-04-20,209.23,210.88,211.81,208.18,208857,20.8236,5.3169,0.2553304904051173
70,2020-04-21,211.85,209.08,211.89,208.14,209713,20.9193,5.3414,0.25533359146816575
71,2020-04-22,208.89,213.39,213.65,208.1,207637,20.8932,5.3347,0.2553318783144755
72,2020-04-23,214.48,215.6,217.1,213.05,271166,20.3045,5.1844,0.2553325617473959
73,2020-04-24,215.79,215.68,216.76,214.55,133416,20.203,5.1585,0.2553333663317329
74,2020-04-27,212.9,213.76,216.54,211.33,215235,20.6786,5.2799,0.25533159885098605
75,2020-04-28,213.76,214.85,215.41,210.95,251835,20.8816,5.3317,0.25533005133706227
76,2020-04-29,213.39,216.58,218.53,212.45,206235,20.4611,5.2244,0.255333290976536
77,2020-04-30,220.51,222.2,223.74,220.51,340323,20.4756,5.2281,0.2553331770497568
78,2020-05-06,219.39,223.89,223.89,218.26,328565,20.7076,5.2873,0.2553313759199521
79,2020-05-07,223.85,223.14,224.83,222.54,213755,20.8961,5.3354,0.25532994195089037
80,2020-05-08,224.94,231.88,232.44,224.0,409621,21.0145,5.3628,0.255195222346475
81,2020-05-11,232.85,234.05,240.01,232.21,379598,20.8,5.3081,0.25519711538461537
82,2020-05-12,236.26,238.14,239.56,234.5,286034,20.5739,5.2504,0.255197118679492
83,2020-05-13,236.64,237.2,238.14,234.05,219386,20.7652,5.2992,0.25519619363165297
84,2020-05-14,237.2,238.14,239.26,236.3,180020,19.4549,4.9648,0.2551953492436353
85,2020-05-15,238.14,234.2,238.51,233.9,233617,19.4752,4.97,0.2551963522839303
86,2020-05-18,236.26,236.23,238.89,233.0,261775,19.278,4.9197,0.2551976346093993
87,2020-05-19,239.64,240.99,242.64,238.14,278551,20.3477,5.1926,0.2551934616688864
88,2020-05-20,240.13,242.0,242.26,240.09,190615,19.5244,4.9825,0.2551935014648337
89,2020-05-21,243.95,240.84,244.29,239.49,149135,19.5244,4.9825,0.2551935014648337
90,2020-05-22,239.79,234.84,240.2,232.93,260862,19.5331,4.9848,0.2551975876844945
91,2020-05-25,239.26,233.79,239.6,231.16,159445,18.5243,4.7273,0.2551945282682746
92,2020-05-26,235.51,238.14,239.08,233.53,184308,17.7242,4.5231,0.2551934643030433
93,2020-05-27,239.08,239.08,243.31,237.73,258065,18.2576,4.6593,0.2551978354219613
94,2020-05-28,242.53,238.7,243.28,237.5,206031,17.8966,4.5671,0.25519372394756545
95,2020-05-29,238.1,241.96,242.83,238.1,182549,18.3047,4.6713,0.25519675274656234
96,2020-06-01,243.01,247.21,247.44,243.01,294803,18.3481,4.6823,0.25519263574975065
97,2020-06-02,250.36,246.76,250.36,246.2,206805,18.8053,4.799,0.2551940144533722
98,2020-06-03,248.45,245.38,249.28,243.8,180929,18.5159,4.7252,0.25519688483951636
99,2020-06-04,247.33,247.33,251.26,246.8,140258,18.6317,4.7547,0.25519410467107134
100,2020-06-05,247.85,247.7,248.56,246.39,127259,18.5304,4.7289,0.25519686569097266
101,2020-06-08,249.39,252.24,257.49,248.0,359440,18.0558,4.6078,0.2551977757839586
102,2020-06-09,253.7,254.11,257.0,252.69,240135,18.2179,4.6491,0.2551940673732977
103,2020-06-10,255.69,252.84,256.18,252.31,190148,18.0703,4.6114,0.2551922214905121
104,2020-06-11,252.95,250.36,253.93,248.26,201377,17.3034,4.4157,0.255192621103367
105,2020-06-12,246.76,251.56,251.64,246.01,185190,17.3497,4.4275,0.2551917324218863
106,2020-06-15,248.23,244.14,249.5,244.14,320004,17.2649,4.4059,0.2551940642575398
107,2020-06-16,246.73,247.89,249.01,246.35,183088,17.0624,4.3542,0.2551927044261065
108,2020-06-17,247.18,243.76,247.44,242.83,221283,17.0885,4.3609,0.25519501419083007
109,2020-06-18,243.58,243.58,244.1,240.99,267225,17.2851,4.4111,0.25519667227843634
110,2020-06-19,243.58,250.78,251.56,243.58,324280,16.7244,4.268,0.2551960010523546
111,2020-06-22,250.14,248.23,251.45,247.59,219797,16.7389,4.2717,0.25519598061999293
112,2020-06-23,247.36,247.89,249.61,245.94,181146,17.0569,4.3528,0.25519291313192904
113,2020-06-24,248.64,250.51,252.31,248.23,200320,16.7678,4.2791,0.2551974618017867
114,2020-06-29,250.51,251.45,251.64,246.8,261061,17.3402,4.4251,0.25519313502727764
115,2020-06-30,251.64,250.85,255.39,249.76,261252,17.2477,4.4015,0.25519344608266614
116,2020-07-01,250.51,260.79,260.98,247.59,442610,17.4385,4.4502,0.25519396737104677
117,2020-07-02,258.43,262.7,264.46,257.68,435262,17.5368,4.4753,0.2551947903836504
118,2020-07-03,263.26,260.6,266.45,258.5,340798,17.3923,4.4384,0.2551933901784123
119,2020-07-06,262.18,266.75,270.35,261.05,599258,17.0425,4.3492,0.2551973008654833
120,2020-07-07,267.16,268.06,279.95,267.01,490390,17.0135,4.3418,0.2551973432862139
121,2020-07-08,267.76,266.56,271.51,263.86,284820,16.8632,4.3034,0.25519474358366145
122,2020-07-09,266.64,270.31,270.39,262.89,312281,16.9702,4.3307,0.2551943995945835
123,2020-07-10,268.51,264.39,268.59,263.64,273297,17.4674,3.9895,0.22839689936682045
124,2020-07-13,262.59,263.83,267.01,262.29,344679,17.0627,3.8971,0.2283987879995546
125,2020-07-14,266.11,258.54,266.15,256.1,382960,16.8112,3.8396,0.22839535547730086
126,2020-07-15,258.73,262.81,266.64,258.58,436949,16.8401,3.8462,0.2283953183175872
127,2020-07-16,262.89,255.91,268.48,255.73,369589,16.7678,3.8297,0.22839609251064538
128,2020-07-17,254.64,266.26,268.21,254.34,360876,16.4325,3.7531,0.22839494903392665
129,2020-07-20,266.26,279.31,280.44,263.94,600694,16.5134,3.7716,0.22839633267528187
130,2020-07-21,277.89,279.2,281.34,274.4,328747,16.976,3.8773,0.22839891611687088
131,2020-07-22,277.14,279.2,281.56,275.3,303898,17.0656,3.8977,0.22839513407087944
132,2020-07-23,276.01,289.85,290.9,275.49,487159,16.9875,3.8799,0.2283973509933775
133,2020-07-24,286.03,276.01,289.7,274.14,409256,16.6204,3.796,0.22839402180452936
134,2020-07-27,280.18,278.56,280.89,269.64,273029,16.4643,3.7604,0.22839719878768
135,2020-07-28,278.56,278.3,283.66,276.46,234103,16.7678,3.8297,0.22839609251064538
136,2020-07-29,279.2,295.25,296.64,279.2,460542,16.6955,3.8132,0.22839687340900244
137,2020-07-30,295.14,292.78,297.76,290.08,194808,16.7678,3.8297,0.22839609251064538
138,2020-07-31,291.31,295.7,303.2,289.4,293575,16.4527,3.7577,0.22839412376084167
139,2020-08-03,296.64,298.48,306.91,295.93,343310,16.285,3.7195,0.22840036843721215
140,2020-08-04,296.64,296.83,297.69,290.38,292271,15.6114,3.5656,0.22839719692019933
141,2020-08-05,292.89,294.39,298.14,292.14,191118,15.6692,3.5788,0.22839711025451204
142,2020-08-06,292.89,291.39,295.89,289.29,218735,15.5391,3.5491,0.2283980410705897
143,2020-08-07,290.56,291.2,293.3,284.83,254144,18.0413,3.7185,0.20611042441509206
144,2020-08-10,289.89,296.64,298.14,286.51,241055,17.8825,3.6857,0.20610652872920454
145,2020-08-11,297.2,294.01,302.23,293.56,205681,17.7823,3.6651,0.2061094459096967
146,2020-08-12,291.61,287.86,295.18,286.03,289738,17.9584,3.7014,0.2061096756949394
147,2020-08-13,288.43,289.18,293.19,288.31,130645,17.9515,3.7,0.20611090995181464
148,2020-08-14,289.14,296.79,296.9,288.13,161197,17.7478,3.658,0.20611005307700106
149,2020-08-17,298.14,297.13,303.39,294.39,245172,17.3507,3.5761,0.2061069582207058
150,2020-08-18,297.16,295.89,299.41,293.11,193015,17.5165,3.6103,0.2061085262466817
151,2020-08-19,295.51,289.59,297.76,289.14,253273,17.2955,3.5647,0.2061056344135758
152,2020-08-20,288.39,285.54,289.48,284.08,219076,17.0883,3.522,0.20610593212900052
153,2020-08-21,285.95,286.81,288.69,284.83,126456,17.3335,3.5726,0.20610955663887845
154,2020-08-24,286.51,290.53,290.6,285.99,174279,17.4301,3.5925,0.20610897240979684
155,2020-08-25,290.45,289.06,290.64,287.41,179318,17.2264,3.5505,0.2061080666883388
156,2020-08-26,289.06,286.48,294.39,284.08,237702,17.0158,3.5071,0.2061084403906957
157,2020-08-27,286.51,281.6,288.58,278.23,342932,16.6774,3.4374,0.20611126434576132
158,2020-08-28,279.39,290.19,291.09,278.26,323186,16.6567,3.4331,0.20610925333349342
159,2020-08-31,293.0,291.16,302.23,291.13,258683,16.9088,3.485,0.20610569644208931
160,2020-09-01,291.24,295.51,297.46,291.2,205477,16.705,3.443,0.20610595630050885
161,2020-09-02,296.64,292.63,298.48,290.56,183108,16.9053,3.4843,0.20610696053900257
162,2020-09-03,292.89,292.63,300.31,291.84,325309,16.7741,3.4573,0.20610941868714266
163,2020-09-04,287.26,284.6,288.69,282.39,359336,16.7188,3.4459,0.2061092901404407
164,2020-09-07,282.01,276.76,284.15,275.98,442226,16.6049,3.4224,0.2061078356388777
165,2020-09-08,276.76,277.44,277.89,272.79,263509,17.0745,3.5192,0.20610852440774255
166,2020-09-09,274.14,269.86,276.31,269.38,284542,16.9191,3.4872,0.2061102540915297
167,2020-09-10,272.3,273.76,274.93,270.05,210302,17.0883,3.522,0.20610593212900052
168,2020-09-11,272.26,274.81,277.14,268.81,215127,16.5704,3.4153,0.20610848259547143
169,2020-09-14,275.19,281.64,282.58,274.89,217393,16.0559,3.3093,0.20611114917257828
170,2020-09-15,283.59,290.71,292.03,283.36,290016,16.9364,3.4907,0.20610637443612576
171,2020-09-16,290.23,287.86,296.56,286.14,291213,16.781,3.4587,0.20610809844466957
172,2020-09-17,288.39,291.39,292.89,286.55,274435,17.1608,3.537,0.20610927229499793
173,2020-09-18,293.34,290.19,294.13,289.29,217515,16.9191,3.4872,0.2061102540915297
174,2020-09-21,290.08,289.25,293.49,286.93,165610,17.2989,3.5655,0.20611137124325826
175,2020-09-22,287.26,288.73,291.24,287.11,139967,17.9204,3.6936,0.20611147072609987
176,2020-09-23,289.18,293.15,294.24,287.19,171445,18.359,3.7839,0.2061059970586633
177,2020-09-24,291.24,290.86,292.7,287.9,200758,18.8173,3.875,0.2059275241400201
178,2020-09-25,291.58,290.26,295.78,289.44,120815,19.1109,3.9355,0.20592960038512054
179,2020-09-28,290.26,292.51,294.76,288.99,173937,18.6169,3.8338,0.20593117006590786
180,2020-09-29,292.89,298.33,300.01,292.89,233914,19.2767,3.9697,0.20593255069591784
181,2020-09-30,300.01,298.89,302.75,297.69,221337,19.5324,4.0223,0.2059296348630993
182,2020-10-09,300.61,301.85,304.74,300.43,251587,18.7413,3.8594,0.20593021828795227
183,2020-10-12,298.89,304.06,304.06,297.76,263256,18.8276,3.8772,0.2059317172661412
184,2020-10-13,304.06,311.23,311.45,302.04,255775,18.7724,3.8658,0.20592998231446166
185,2020-10-14,308.26,308.83,313.4,307.14,196134,18.3267,3.774,0.20592905433056688
186,2020-10-15,308.0,312.01,315.24,307.06,192110,18.9693,3.9063,0.20592747228416441
187,2020-10-16,310.51,307.14,313.06,306.76,145917,18.7586,3.8629,0.20592688153700167
188,2020-10-19,307.21,307.89,315.95,306.05,177792,18.8035,3.8722,0.20592974712154652
189,2020-10-20,306.05,312.76,315.31,306.05,154354,18.9693,3.9063,0.20592747228416441
190,2020-10-21,311.19,317.26,319.33,311.19,213889,18.7464,3.8604,0.20592753808731273
191,2020-10-22,316.51,320.64,321.24,312.39,156502,18.9467,3.9017,0.2059303203196335
192,2020-10-23,318.2,308.3,320.08,308.26,181233,18.4908,3.8078,0.2059294351785753
193,2020-10-26,307.81,314.11,314.64,302.64,165905,18.4874,3.8071,0.2059294438374244
194,2020-10-27,312.01,310.55,314.6,309.35,156921,18.7878,3.869,0.20593150874503668
195,2020-10-28,310.74,314.3,317.26,310.25,187216,18.5324,3.8164,0.2059312339470333
196,2020-10-29,311.64,331.06,333.73,310.89,377794,18.5531,3.8206,0.2059278503322895
197,2020-10-30,334.33,318.65,336.01,317.45,328417,18.929,3.898,0.2059274129642348
198,2020-11-02,322.93,339.39,345.39,322.89,522253,18.8566,3.8831,0.2059278979243342
199,2020-11-03,339.43,336.2,339.58,330.01,351575,18.0358,3.7141,0.20592931835571476
200,2020-11-04,336.39,347.86,352.44,334.89,389583,18.2186,3.7518,0.20593239875731395
201,2020-11-05,349.33,349.55,358.51,345.54,356240,18.5497,3.8199,0.2059278586715688
202,2020-11-06,349.63,364.66,369.01,345.88,468036,18.2324,3.7546,0.2059301024549703
203,2020-11-09,365.86,366.84,380.86,362.0,470786,18.2048,3.7489,0.2059292054842679
204,2020-11-10,363.01,362.86,363.09,351.05,352383,17.3082,3.5643,0.20593129268208132
205,2020-11-11,357.39,357.01,363.28,351.69,341980,19.0014,3.913,0.20593219446988115
206,2020-11-12,366.01,366.39,367.1,357.5,282238,19.8222,4.082,0.20593072413758312
207,2020-11-13,365.26,366.09,366.24,359.6,216052,20.036,4.126,0.20592932721102017
208,2020-11-16,369.76,361.74,370.89,353.11,372724,20.7602,4.2751,0.20592768855791369
209,2020-11-17,363.39,363.84,369.76,361.78,289689,20.7981,4.2829,0.20592746452800975
210,2020-11-18,364.29,361.48,369.95,357.2,229527,20.5739,4.2368,0.2059308152562227
211,2020-11-19,364.14,379.14,384.09,362.3,413156,20.5188,4.2254,0.20592822192330934
212,2020-11-20,379.63,370.1,382.1,369.61,461606,20.6498,4.2524,0.20592935524799272
213,2020-11-23,366.01,377.15,377.94,361.96,456914,20.7291,4.2687,0.205927898461583
214,2020-11-24,376.96,366.58,377.08,360.43,399669,20.5758,4.2372,0.20593123961158252
215,2020-11-25,366.58,362.49,369.35,359.83,291595,20.3906,4.199,0.20592822182770493
216,2020-11-26,360.39,352.96,362.49,349.18,475096,19.9893,4.1164,0.20593017264236366
217,2020-11-27,354.61,355.89,359.86,351.16,230373,19.9104,4.1001,0.2059275554484089
218,2020-11-30,354.05,352.33,358.51,350.11,299269,19.6189,4.0401,0.205928976650067
219,2020-12-01,350.08,356.34,356.64,350.08,236925,19.9824,4.115,0.2059312194731364
