,日期,开盘,收盘,最高,最低,成交量,pe,pb,roe
0,2020-01-03,210.26,208.83,211.33,206.33,994205,12.5059,1.4872,0.11891986982144429
1,2020-01-06,207.4,201.33,213.82,196.33,2487808,11.7703,1.3998,0.11892645047280018
2,2020-01-07,201.69,203.47,207.4,201.33,1165836,11.489,1.3663,0.11892244755853425
3,2020-01-08,202.4,200.62,204.9,199.19,1000139,11.3159,1.3457,0.11892116402583974
4,2020-01-09,203.47,202.76,204.9,200.97,838436,11.3159,1.3457,0.11892116402583974
5,2020-01-10,203.47,207.04,208.83,201.33,1110041,11.5106,1.3689,0.11892516463086199
6,2020-01-13,207.76,208.47,209.9,205.61,805381,11.4241,1.3586,0.11892402902635657
7,2020-01-14,207.04,203.47,208.83,203.12,837138,11.1428,1.3251,0.11891984061456726
8,2020-01-15,203.83,201.69,204.19,197.76,713950,11.0346,1.3123,0.11892592391205845
9,2020-01-16,202.05,199.19,203.12,198.83,564218,11.1212,1.3226,0.11892601517821817
10,2020-01-17,199.9,201.33,202.05,198.83,652103,11.1861,1.3303,0.11892437936367457
11,2020-01-20,202.4,205.97,207.4,202.4,820937,11.2943,1.3431,0.11891839246345502
12,2020-01-21,205.61,193.48,205.61,189.91,1863124,11.1428,1.3251,0.11891984061456726
13,2020-01-22,192.41,196.33,197.41,189.55,1004665,11.3376,1.3483,0.1189228760937059
14,2020-01-23,193.48,187.77,197.05,186.34,1143852,11.3808,1.3534,0.11891958386053703
15,2020-02-03,169.21,169.21,169.21,169.21,335561,11.1645,1.3277,0.11892158179945363
16,2020-02-04,159.57,170.28,171.71,159.57,1853242,11.2943,1.3431,0.11891839246345502
17,2020-02-05,171.35,170.99,176.35,168.49,1463786,11.1861,1.3303,0.11892437936367457
18,2020-02-06,170.99,173.13,174.56,167.78,1080778,10.7101,1.2737,0.11892512674951682
19,2020-02-07,172.06,172.06,173.85,169.57,916526,10.6019,1.2608,0.11892208000452748
20,2020-02-10,170.99,178.85,180.27,169.57,1322133,10.8399,1.2891,0.11892176127086042
21,2020-02-11,177.77,177.42,181.34,176.35,1273246,10.7534,1.2788,0.11892052746108207
22,2020-02-12,176.7,179.2,179.92,174.56,1069461,11.5972,1.3951,0.12029627841203049
23,2020-02-13,179.2,177.77,183.13,177.06,1088398,11.965,1.4393,0.12029251984956123
24,2020-02-14,176.7,178.85,179.56,175.63,939168,11.8568,1.4263,0.12029383982187436
25,2020-02-17,178.85,184.2,184.2,178.49,1129391,11.9217,1.4341,0.12029324676849779
26,2020-02-18,184.56,184.91,187.05,182.77,1104560,11.9866,1.4419,0.12029266013715316
27,2020-02-19,184.56,183.13,187.41,182.77,1120749,12.1165,1.4575,0.12029051293690422
28,2020-02-20,183.49,188.84,189.2,182.77,1377116,12.1814,1.4654,0.12029815948905709
29,2020-02-21,188.84,192.05,193.48,187.41,1323326,12.2896,1.4784,0.12029683634943367
30,2020-02-24,190.98,193.48,194.91,188.84,1167012,12.5059,1.5044,0.12029522065585044
31,2020-02-25,188.48,187.41,190.27,182.06,1448208,12.4843,1.5018,0.1202950906338361
32,2020-02-26,184.56,191.34,197.05,182.77,2009401,12.4843,1.5018,0.1202950906338361
33,2020-02-27,195.26,197.05,204.54,192.41,2385370,12.5276,1.507,0.1202943899869089
34,2020-02-28,191.34,190.62,199.9,188.48,1898571,12.679,1.5252,0.12029339853300733
35,2020-03-02,192.77,206.33,207.76,192.77,2594475,12.8088,1.5408,0.12029229904440697
36,2020-03-03,212.75,204.19,213.82,200.97,2440147,12.8305,1.5434,0.12029149292700986
37,2020-03-04,201.69,209.54,209.9,200.26,1890336,12.5708,1.5122,0.12029465109619117
38,2020-03-05,210.97,209.54,212.75,207.04,1591484,12.0083,1.4445,0.12029179817293038
39,2020-03-06,207.4,203.47,207.4,201.33,1260768,12.2246,1.4706,0.1202984146720547
40,2020-03-09,198.83,194.19,199.55,193.48,1347403,12.203,1.468,0.12029828730640008
41,2020-03-10,192.05,197.05,198.12,188.48,1163723,12.3977,1.4914,0.12029650661009704
42,2020-03-11,198.48,190.62,198.48,189.91,973027,12.5492,1.5096,0.12029452076626398
43,2020-03-12,188.48,187.77,190.27,183.49,1066261,13.0468,1.5695,0.12029769751969832
44,2020-03-13,176.35,185.27,188.84,173.85,1128929,12.9387,1.5565,0.12029802066668212
45,2020-03-16,188.13,177.06,188.48,176.7,1036089,13.2416,1.5929,0.12029513049782503
46,2020-03-17,177.42,186.34,186.34,173.13,1455651,13.3065,1.6007,0.12029459286814714
47,2020-03-18,187.41,180.99,191.34,180.99,987389,13.1117,1.5773,0.12029713919629033
48,2020-03-19,180.27,181.34,184.56,176.7,986709,12.8954,1.5512,0.12029095646509606
49,2020-03-20,183.84,187.05,188.13,181.34,909938,12.8737,1.5486,0.12029175761436106
50,2020-03-23,182.77,181.7,185.63,180.63,742348,12.7007,1.5278,0.12029258229861348
51,2020-03-24,185.63,186.34,187.05,182.41,731402,12.4627,1.4992,0.12029496016112079
52,2020-03-25,189.91,187.77,190.98,185.98,757923,12.5059,1.5044,0.12029522065585044
53,2020-03-26,186.34,183.49,188.84,183.13,572034,13.0036,1.5643,0.12029745608908302
54,2020-03-27,185.63,187.05,190.62,184.56,1044829,13.2632,1.5955,0.12029525303094275
55,2020-03-30,184.56,185.98,187.05,183.49,688465,13.1334,1.5799,0.12029634367338238
56,2020-03-31,187.41,182.77,188.13,182.06,599029,13.1983,1.5877,0.12029579567065454
57,2020-04-01,182.41,181.7,185.27,181.34,503005,13.1983,1.5877,0.12029579567065454
58,2020-04-02,180.99,183.13,183.13,178.49,592036,13.393,1.6111,0.12029418352870902
59,2020-04-03,182.77,182.06,184.56,180.99,506019,13.1767,1.5851,0.12029567342354307
60,2020-04-07,188.13,199.9,199.9,187.77,2429299,13.4363,1.6163,0.1202935331899407
61,2020-04-08,199.9,205.61,206.69,198.83,2207259,14.0421,1.5232,0.10847380377578854
62,2020-04-09,205.97,204.19,207.76,202.4,1290430,13.9556,1.5138,0.10847258448221503
63,2020-04-10,205.97,204.19,208.47,201.69,1102961,13.9339,1.5115,0.10847644952238786
64,2020-04-13,208.47,210.26,216.68,205.61,1875537,14.2801,1.549,0.10847262974348919
65,2020-04-14,210.97,212.75,213.47,208.11,1315494,14.0421,1.5232,0.10847380377578854
66,2020-04-15,213.11,205.97,214.18,205.61,1334311,13.869,1.5044,0.1084721320931574
67,2020-04-16,204.54,206.33,209.18,204.19,939205,14.0421,1.5232,0.10847380377578854
68,2020-04-17,207.76,210.97,212.04,205.61,1507257,14.2585,1.5467,0.1084756461058316
69,2020-04-20,214.54,210.97,217.04,208.83,1360227,14.0205,1.5209,0.10847687315003031
70,2020-04-21,209.18,207.4,209.54,204.19,1023153,14.0854,1.5279,0.10847402274695785
71,2020-04-22,205.97,208.83,210.26,203.47,659810,13.7392,1.4904,0.10847793175730755
72,2020-04-23,209.9,203.47,210.26,202.4,983899,13.6527,1.481,0.10847671156621036
73,2020-04-24,204.19,202.76,206.69,202.76,720862,13.7176,1.488,0.10847378550183706
74,2020-04-27,203.12,203.47,204.54,201.33,553417,13.9772,1.5162,0.1084766619923876
75,2020-04-28,202.4,201.69,203.83,197.76,927035,14.0205,1.5209,0.10847687315003031
76,2020-04-29,200.97,197.76,201.33,196.69,726216,13.869,1.5044,0.1084721320931574
77,2020-04-30,196.33,200.62,202.05,195.26,812703,13.869,1.5044,0.1084721320931574
78,2020-05-06,198.83,207.04,207.04,198.83,1093500,14.0205,1.5209,0.10847687315003031
79,2020-05-07,207.76,207.76,209.18,204.9,914865,14.1719,1.5373,0.1084752220944263
80,2020-05-08,208.11,213.47,213.82,208.11,1304924,14.0638,1.5256,0.10847708300743754
81,2020-05-11,215.25,230.24,234.53,213.82,2888568,13.7392,1.4904,0.10847793175730755
82,2020-05-12,232.38,234.53,243.45,229.89,2368351,13.7825,1.4951,0.10847814257210231
83,2020-05-13,230.96,234.53,238.81,230.24,1523055,13.8907,1.5068,0.10847545480069398
84,2020-05-14,233.81,229.89,234.53,228.46,1151582,13.631,1.4786,0.10847333284425206
85,2020-05-15,230.6,226.32,232.03,223.82,1429055,13.8041,1.4974,0.10847501829166697
86,2020-05-18,229.89,225.6,231.67,224.89,979878,13.6743,1.4833,0.10847355988972013
87,2020-05-19,229.89,227.39,230.24,225.96,828848,14.4532,1.5678,0.10847424791741621
88,2020-05-20,227.39,222.39,229.17,220.96,983706,14.821,1.6077,0.10847446191215167
89,2020-05-21,223.46,218.11,223.82,215.97,1103417,15.2538,1.6546,0.10847133173373193
90,2020-05-22,218.82,217.04,222.75,213.47,1181481,15.1239,1.6406,0.10847731074656669
91,2020-05-25,217.04,222.03,222.75,212.4,1229350,14.0205,1.5209,0.10847687315003031
92,2020-05-26,222.03,220.25,224.18,218.11,1097744,14.0205,1.5209,0.10847687315003031
93,2020-05-27,220.25,212.04,220.25,209.54,1537112,14.8859,1.6148,0.10847849307062388
94,2020-05-28,210.97,210.97,213.47,207.76,602991,14.6047,1.5842,0.10847193026902299
95,2020-05-29,210.97,212.04,213.47,209.54,702227,14.8643,1.6124,0.10847466749191015
96,2020-06-01,213.11,217.39,218.46,212.75,1201188,13.6959,1.4857,0.10847771960951817
97,2020-06-02,218.46,219.89,221.32,216.32,1062688,14.2368,1.5443,0.1084724095302315
98,2020-06-03,220.61,218.11,225.6,217.39,1388494,13.9556,1.5138,0.10847258448221503
99,2020-06-04,218.46,214.18,218.82,213.11,882593,13.869,1.5044,0.1084721320931574
100,2020-06-05,213.47,213.82,214.18,210.61,663038,13.9556,1.5138,0.10847258448221503
101,2020-06-08,214.9,213.47,217.39,212.04,660940,13.4796,1.4622,0.10847502893260927
102,2020-06-09,214.9,215.61,218.11,213.47,722876,13.631,1.6918,0.12411415156628273
103,2020-06-10,215.61,223.1,223.82,213.82,1385667,13.3281,1.6543,0.12412121757789935
104,2020-06-11,223.82,220.61,227.03,219.18,1276588,12.7872,1.5871,0.1241163038038038
105,2020-06-12,215.61,218.11,218.11,214.54,900459,12.679,1.5737,0.12411862134237717
106,2020-06-15,216.32,214.54,217.39,213.82,729645,12.7223,1.5791,0.1241206385637817
107,2020-06-16,215.25,221.32,221.68,215.25,972360,12.6141,1.5656,0.12411507757192349
108,2020-06-17,221.32,218.82,221.68,217.04,731245,12.7656,1.5844,0.12411480854797269
109,2020-06-18,218.82,218.82,219.89,216.68,493630,13.1117,1.6274,0.12411815401511626
110,2020-06-19,218.11,218.82,219.89,216.68,703788,13.1117,1.6274,0.12411815401511626
111,2020-06-22,218.46,213.11,218.46,212.75,1223434,13.1117,1.6274,0.12411815401511626
112,2020-06-23,213.11,210.61,213.11,209.9,837452,13.2632,1.6462,0.12411785994330178
113,2020-06-24,210.97,212.4,213.11,209.9,565623,12.8521,1.5952,0.12411979365239921
114,2020-06-29,216.68,211.68,217.75,211.33,672136,13.0685,1.622,0.12411523893331293
115,2020-06-30,212.4,213.47,214.54,212.04,512823,13.2199,1.6408,0.12411591615670314
116,2020-07-01,214.18,222.39,223.1,213.82,1581574,13.3714,1.6596,0.12411564981976457
117,2020-07-02,220.61,227.39,228.82,220.25,1534898,12.917,1.6032,0.12411550669660137
118,2020-07-03,228.1,227.03,230.96,224.53,1429078,12.7872,1.5871,0.1241163038038038
119,2020-07-06,230.6,234.88,235.95,228.46,1746788,12.8088,1.5898,0.12411779401661359
120,2020-07-07,236.31,233.46,243.45,232.74,2004006,12.8305,1.5925,0.12411831183508047
121,2020-07-08,230.96,234.88,235.6,228.82,1495029,13.0685,1.622,0.12411523893331293
122,2020-07-09,234.88,239.52,239.52,231.31,1908739,13.1767,1.6355,0.12412060682872039
123,2020-07-10,238.1,230.6,239.52,229.17,1691123,13.0252,1.6167,0.12412093480330437
124,2020-07-13,230.96,249.87,250.94,230.6,2967536,12.7007,1.5764,0.12411914303936004
125,2020-07-14,249.87,245.59,253.8,240.24,2138881,12.6357,1.5683,0.12411659029574935
126,2020-07-15,249.16,250.23,259.87,246.3,2874418,12.7007,1.5764,0.12411914303936004
127,2020-07-16,252.02,235.95,253.44,233.46,2189148,13.1983,1.6381,0.12411446928771129
128,2020-07-17,236.31,235.95,241.66,230.24,1347920,13.3065,1.6516,0.12411979107954758
129,2020-07-20,238.45,254.16,254.87,237.74,2089226,13.0036,1.614,0.1241194746070319
130,2020-07-21,254.51,256.3,257.37,248.09,1645536,13.0685,1.622,0.12411523893331293
131,2020-07-22,257.01,249.16,257.01,248.09,1770048,13.3281,1.6543,0.12412121757789935
132,2020-07-23,245.59,243.09,249.52,238.1,2035572,13.631,1.6918,0.12411415156628273
133,2020-07-24,241.31,230.24,245.23,227.39,1773001,13.5228,1.6784,0.12411630727364155
134,2020-07-27,230.6,232.38,233.46,228.82,846798,13.5661,1.6838,0.12411820641157001
135,2020-07-28,232.74,229.53,234.17,228.46,808665,13.7825,1.7106,0.12411391257028839
136,2020-07-29,228.82,233.81,233.81,225.25,959855,14.0638,1.7456,0.12412008134359134
137,2020-07-30,233.81,232.03,238.1,231.31,805792,14.0638,1.7456,0.12412008134359134
138,2020-07-31,231.67,231.31,234.53,227.74,938516,13.8041,1.7133,0.12411529907781021
139,2020-08-03,232.74,236.67,236.67,229.89,1210018,12.7872,1.5871,0.1241163038038038
140,2020-08-04,239.52,238.45,240.24,233.81,1126802,12.441,1.5441,0.12411381721726548
141,2020-08-05,237.74,235.95,238.1,232.74,847543,12.3977,1.5388,0.12411979641385094
142,2020-08-06,234.88,233.46,237.38,231.31,817864,12.0083,1.4904,0.12411415437655621
143,2020-08-07,232.74,233.46,235.6,229.53,691200,20.9461,1.5385,0.07345042752588787
144,2020-08-10,233.81,235.95,237.38,231.31,951687,21.3673,1.5694,0.07344868092833441
145,2020-08-11,236.67,235.24,240.59,234.53,1215970,21.5588,1.5835,0.07345028480249363
146,2020-08-12,234.88,230.96,234.88,227.39,989753,21.4822,1.5779,0.07345150869091621
147,2020-08-13,230.96,229.89,232.38,229.53,494478,21.5588,1.5835,0.07345028480249363
148,2020-08-14,229.89,231.31,231.31,227.03,609147,22.1332,1.6257,0.0734507436791788
149,2020-08-17,232.03,237.02,239.17,231.31,1056822,21.98,1.6144,0.07344858962693358
150,2020-08-18,237.02,235.95,238.81,234.88,746592,22.3629,1.6426,0.07345201203779475
151,2020-08-19,235.24,239.88,244.52,235.24,1410383,22.3629,1.6426,0.07345201203779475
152,2020-08-20,237.74,236.31,242.02,235.24,801712,21.8651,1.606,0.07345038440254104
153,2020-08-21,236.67,233.46,238.81,232.38,700898,21.8268,1.6032,0.07345098686019023
154,2020-08-24,233.81,236.31,240.24,233.46,619485,22.5544,1.6566,0.07344908310573546
155,2020-08-25,236.67,240.24,242.38,235.95,983059,22.2864,1.6369,0.0734483810754541
156,2020-08-26,240.24,234.53,241.31,233.46,754419,21.6354,1.5891,0.07344906958040988
157,2020-08-27,234.17,234.88,235.95,231.31,473654,21.6354,1.5891,0.07344906958040988
158,2020-08-28,234.88,236.31,236.67,230.96,703038,21.7886,1.6004,0.07345125432565654
159,2020-08-31,233.1,226.32,234.53,224.89,2265889,21.1759,1.5554,0.07345142355224571
160,2020-09-01,224.89,222.03,225.6,220.61,1188717,19.2612,1.4147,0.07344817560691962
161,2020-09-02,222.39,225.6,225.6,220.61,877805,19.3761,1.4232,0.07345131373186554
162,2020-09-03,224.18,222.39,227.03,221.68,771304,19.2229,1.4119,0.07344885527157713
163,2020-09-04,218.82,222.39,223.82,217.75,649925,19.3378,1.4204,0.07345199557343648
164,2020-09-07,222.39,221.32,224.89,220.25,538593,19.6825,1.4457,0.07345103518353867
165,2020-09-08,221.32,223.46,223.82,219.54,468437,19.7973,1.4541,0.07344940976799866
166,2020-09-09,221.32,219.18,221.32,218.82,582122,19.4144,1.426,0.07345063458051755
167,2020-09-10,220.61,210.97,220.96,210.97,949749,19.8739,1.4597,0.07344809020876628
168,2020-09-11,210.97,210.26,213.11,205.26,754025,19.7207,1.4485,0.07345073957820969
169,2020-09-14,212.04,214.18,216.68,210.26,672639,19.2229,1.4119,0.07344885527157713
170,2020-09-15,215.97,217.04,218.11,213.47,506935,19.7973,1.4541,0.07344940976799866
171,2020-09-16,217.04,217.39,219.54,213.82,489366,19.1846,1.4091,0.0734495376499901
172,2020-09-17,216.68,220.96,222.03,215.25,664905,19.1464,1.4063,0.07344983913424978
173,2020-09-18,220.25,224.89,224.89,219.89,832590,19.7207,1.4485,0.07345073957820969
174,2020-09-21,225.6,223.1,227.39,222.75,634747,18.7251,1.3754,0.07345221120314444
175,2020-09-22,222.03,218.11,222.75,217.39,637900,19.6059,1.4401,0.07345237913077186
176,2020-09-23,224.18,219.89,231.31,218.46,1654573,19.8739,1.4597,0.07344809020876628
177,2020-09-24,220.96,211.68,220.96,209.9,1018382,20.1803,1.4822,0.07344786747471545
178,2020-09-25,212.75,209.18,213.11,206.69,612167,20.8695,1.5329,0.07345168786985792
179,2020-09-28,209.18,205.97,210.26,203.83,602230,20.5632,1.5104,0.07345160286336758
180,2020-09-29,205.97,206.33,207.04,204.9,433229,21.5588,1.5835,0.07345028480249363
181,2020-09-30,206.33,202.76,207.04,201.33,616307,22.2098,1.6313,0.07344955830309143
182,2020-10-09,205.97,212.04,212.75,204.9,902678,22.2098,1.6313,0.07344955830309143
183,2020-10-12,212.04,216.32,216.68,211.33,751785,21.6354,1.5891,0.07344906958040988
184,2020-10-13,215.25,215.97,216.32,213.11,541160,21.8651,1.606,0.07345038440254104
185,2020-10-14,215.25,213.82,215.61,213.47,465145,20.1803,1.4822,0.07344786747471545
186,2020-10-15,214.9,211.33,215.97,210.61,577210,20.8695,1.5329,0.07345168786985792
187,2020-10-16,210.61,210.61,212.04,208.11,413238,20.2568,1.4879,0.07345187788791913
188,2020-10-19,212.75,210.61,215.61,210.26,523867,19.8356,1.4569,0.07344874871443265
189,2020-10-20,209.54,210.97,212.04,208.47,381661,20.4866,1.5047,0.07344800991867854
190,2020-10-21,211.33,207.4,211.33,206.69,409363,20.3334,1.4935,0.07345057885056114
191,2020-10-22,205.26,205.61,207.4,203.83,324187,19.9888,1.4682,0.07345113263427519
192,2020-10-23,205.26,204.54,207.76,203.47,289499,19.3761,1.4232,0.07345131373186554
193,2020-10-26,204.54,202.4,205.26,200.62,382474,19.5676,1.4372,0.07344794456141786
194,2020-10-27,201.33,201.33,202.4,199.19,448145,19.491,1.4316,0.07344928428505464
195,2020-10-28,200.97,200.26,202.4,198.48,426963,18.9166,1.3894,0.0734487169998837
196,2020-10-29,198.12,202.05,202.76,197.05,400978,18.8017,1.381,0.07345080498040071
197,2020-10-30,202.4,195.98,202.4,195.62,481340,18.9549,1.3922,0.07344802663163616
198,2020-11-02,186.34,182.06,186.34,176.7,1762079,18.7634,1.3782,0.0734515066565761
199,2020-11-03,181.7,183.49,184.2,180.63,676786,18.9166,1.3894,0.0734487169998837
200,2020-11-04,183.49,179.56,183.84,178.13,728800,18.189,1.336,0.07345098686019023
201,2020-11-05,180.27,181.34,182.77,180.27,512006,18.3039,1.3444,0.07344882784543186
202,2020-11-06,182.06,189.2,191.34,180.63,1053730,18.0742,1.3276,0.07345276692744353
203,2020-11-09,190.98,190.98,192.77,189.2,765645,17.9976,1.3219,0.0734486820464951
204,2020-11-10,192.41,188.84,194.55,188.13,687037,17.8827,1.3135,0.07345087710468777
205,2020-11-11,189.2,192.41,196.69,188.13,857078,19.8739,1.4597,0.07344809020876628
206,2020-11-12,192.05,191.69,192.41,189.55,425603,20.7929,1.5272,0.07344814816596049
207,2020-11-13,190.27,188.48,190.62,187.05,447128,20.4866,1.5047,0.07344800991867854
208,2020-11-16,188.48,190.98,191.69,187.77,512551,21.8268,1.6032,0.07345098686019023
209,2020-11-17,190.98,189.2,192.77,186.7,559113,21.329,1.5666,0.07344929438792254
210,2020-11-18,188.84,188.13,189.91,187.77,424579,21.0993,1.5497,0.07344793429165897
211,2020-11-19,187.77,186.7,188.13,185.27,457963,21.3673,1.5694,0.07344868092833441
212,2020-11-20,187.05,188.48,188.84,185.98,451750,21.5588,1.5835,0.07345028480249363
213,2020-11-23,188.84,193.12,194.91,188.13,943540,22.0949,1.6229,0.0734513394493752
214,2020-11-24,193.48,194.55,196.69,192.41,687189,21.9417,1.6116,0.07344918579690725
215,2020-11-25,195.26,191.34,197.41,190.62,626815,21.4822,1.5779,0.07345150869091621
216,2020-11-26,190.27,191.34,192.41,189.2,411309,21.2525,1.561,0.07345018233149041
217,2020-11-27,190.98,194.19,195.98,190.27,620101,21.5588,1.5835,0.07345028480249363
218,2020-11-30,194.91,198.83,201.33,193.48,1235905,21.329,1.5666,0.07344929438792254
219,2020-12-01,197.05,210.97,213.47,196.69,2113882,22.1332,1.6257,0.0734507436791788
