,日期,开盘,收盘,最高,最低,成交量,pe,pb,roe
0,2020-01-03,1843.78,1839.85,1867.75,1828.61,124658,58.1453,12.3295,0.21204637348160557
1,2020-01-06,1825.24,1836.66,1853.15,1817.37,87200,57.8487,12.2666,0.21204625168759195
2,2020-01-07,1823.74,1843.78,1852.21,1819.43,91843,60.8685,12.9069,0.21204563937011756
3,2020-01-08,1830.86,1822.24,1841.53,1816.81,72142,60.8211,12.8968,0.2120448331253463
4,2020-01-09,1832.54,1871.88,1892.1,1817.56,176764,60.6634,12.8634,0.21204548376780727
5,2020-01-10,1871.13,1928.06,1945.67,1868.13,214657,62.7207,13.2996,0.2120448273058177
6,2020-01-13,1928.06,1975.45,2004.48,1926.19,189760,62.4336,13.2388,0.2120460777530048
7,2020-01-14,1963.65,1957.47,1982.94,1946.79,89732,61.2629,12.9905,0.21204513661612492
8,2020-01-15,1958.03,1962.52,1998.3,1956.16,89071,60.4772,12.8239,0.2120452005053144
9,2020-01-16,1959.9,1968.33,1976.94,1952.41,49948,60.4267,12.8132,0.21204533757428423
10,2020-01-17,1974.88,1952.41,1986.12,1943.61,53572,62.1622,13.1812,0.21204526223331865
11,2020-01-20,1952.41,1929.75,1961.77,1918.7,108568,62.4683,13.2461,0.21204514929972482
12,2020-01-21,1918.7,1867.38,1918.7,1854.46,156729,58.9089,12.4914,0.212046057556668
13,2020-01-22,1841.72,1872.06,1882.55,1836.48,86195,60.6192,12.854,0.21204502863779132
14,2020-01-23,1869.44,1781.04,1869.44,1761.0,187862,60.1743,12.7597,0.21204567398374388
15,2020-02-03,1626.34,1626.34,1626.34,1626.34,44408,59.7798,12.676,0.21204487134450098
16,2020-02-04,1562.85,1583.82,1661.74,1541.87,431005,58.6754,12.4419,0.21204627492952752
17,2020-02-05,1581.95,1589.07,1619.03,1564.16,306887,57.6815,12.2311,0.21204545651552056
18,2020-02-06,1588.51,1616.97,1625.03,1578.02,183769,57.8582,12.2686,0.21204600212243035
19,2020-02-07,1609.86,1633.27,1635.7,1586.26,176716,57.915,12.2806,0.21204523871190536
20,2020-02-10,1619.03,1613.79,1628.4,1591.31,172087,57.5647,12.2063,0.21204488167227487
21,2020-02-11,1618.85,1682.71,1693.95,1614.35,216261,56.1353,11.9032,0.21204482740806588
22,2020-02-12,1682.71,1684.4,1698.82,1658.93,136895,54.4314,11.5419,0.21204488585632558
23,2020-02-13,1676.72,1684.59,1727.66,1673.35,129124,56.4729,11.9748,0.21204506940497123
24,2020-02-14,1690.2,1688.71,1695.07,1668.1,80650,51.339,11.7396,0.22866826389294687
25,2020-02-17,1678.97,1698.07,1698.07,1672.97,113168,49.1933,11.2489,0.22866731851695252
26,2020-02-18,1699.76,1688.33,1702.75,1676.34,86254,49.0703,11.2208,0.22866785000295495
27,2020-02-19,1682.53,1713.24,1729.53,1675.6,152590,49.0987,11.2273,0.22866796880569137
28,2020-02-20,1710.81,1783.29,1783.85,1710.81,177957,51.1182,11.689,0.2286661110915486
29,2020-02-21,1768.68,1781.79,1800.7,1760.44,95310,49.8244,11.3932,0.22866707878067777
30,2020-02-24,1778.04,1752.2,1778.04,1731.41,119737,49.5688,11.3348,0.22866803311760622
31,2020-02-25,1717.92,1722.98,1738.15,1690.2,147484,47.3316,10.8232,0.22866752867006396
32,2020-02-26,1696.76,1703.31,1737.96,1686.46,97471,47.2938,10.8145,0.228666336813705
33,2020-02-27,1705.0,1713.05,1730.47,1705.0,81344,47.868,10.9459,0.22866842149243752
34,2020-02-28,1683.27,1634.02,1683.46,1621.66,181801,47.5525,10.8737,0.2286672624993428
35,2020-03-02,1632.14,1690.58,1697.32,1630.27,122668,48.1047,11.0,0.2286678848428532
36,2020-03-03,1699.57,1712.68,1725.79,1699.57,115828,47.8964,10.9523,0.22866645509892183
37,2020-03-04,1703.88,1710.43,1726.73,1697.51,81222,45.9432,10.5057,0.22866713681241185
38,2020-03-05,1721.67,1795.09,1818.68,1716.24,232678,45.2964,10.3578,0.2286671788486502
39,2020-03-06,1770.74,1757.25,1818.68,1755.01,137304,45.4384,10.3903,0.22866782281066234
40,2020-03-09,1731.22,1690.2,1731.41,1688.33,115690,45.552,10.4162,0.22866613979627678
41,2020-03-10,1690.02,1754.26,1758.0,1682.71,114131,43.8228,10.0208,0.22866635632593077
42,2020-03-11,1768.87,1759.69,1798.83,1753.51,152419,43.4567,9.9371,0.22866669581445437
43,2020-03-12,1740.77,1736.09,1740.77,1705.56,91076,44.0626,10.0757,0.22866784983183014
44,2020-03-13,1673.35,1711.18,1746.02,1661.17,107264,44.1541,10.0966,0.2286673264770429
45,2020-03-16,1719.98,1619.97,1719.98,1607.42,163725,44.334,10.1377,0.22866648621825236
46,2020-03-17,1610.04,1575.02,1654.24,1536.63,173351,44.8862,10.264,0.22866716273598564
47,2020-03-18,1579.7,1539.81,1613.04,1536.81,116276,44.1762,10.1016,0.22866611433305714
48,2020-03-19,1525.39,1478.75,1534.38,1448.23,212921,45.2743,10.3527,0.22866615276216312
49,2020-03-20,1495.42,1518.83,1538.31,1487.93,146145,46.1357,10.5497,0.22866673747228283
50,2020-03-23,1473.88,1481.0,1505.35,1468.64,94908,46.2083,10.5663,0.22866671139167638
51,2020-03-24,1509.09,1547.3,1547.49,1505.16,137978,46.0694,10.5346,0.22866805298093743
52,2020-03-25,1592.81,1598.62,1606.86,1577.83,127014,44.6747,10.2156,0.22866633687523363
53,2020-03-26,1587.38,1599.93,1632.89,1575.58,86246,43.6745,9.9869,0.22866661324113613
54,2020-03-27,1617.35,1628.4,1661.36,1615.48,117310,44.6937,10.22,0.2286675750721019
55,2020-03-30,1600.3,1579.89,1612.29,1577.83,102356,47.9627,10.9675,0.22866727686306235
56,2020-03-31,1599.74,1612.48,1627.27,1591.13,79108,48.0826,10.9949,0.22866691901020328
57,2020-04-01,1612.85,1616.04,1632.71,1591.13,69790,47.4926,10.86,0.22866720289055556
58,2020-04-02,1600.49,1623.72,1623.72,1590.94,77915,46.4165,10.6139,0.22866653022093436
59,2020-04-03,1623.72,1624.65,1646.75,1616.22,65158,46.628,10.6623,0.22866732435446513
60,2020-04-07,1652.18,1660.99,1681.4,1652.18,97422,47.1739,10.7871,0.2286666991705159
61,2020-04-08,1647.13,1658.74,1666.04,1641.51,60483,47.8018,10.9307,0.22866712132179123
62,2020-04-09,1675.22,1663.05,1682.71,1651.81,56085,44.9587,11.13,0.24756053889458549
63,2020-04-10,1656.3,1672.41,1700.88,1648.25,88107,43.6082,10.7957,0.2475612384826707
64,2020-04-13,1665.11,1696.38,1702.75,1656.49,83486,43.6618,10.809,0.24756194201796536
65,2020-04-14,1709.12,1701.25,1714.36,1691.14,84810,40.4086,10.0036,0.24756116272278675
66,2020-04-15,1708.0,1705.75,1730.85,1700.69,77043,40.3455,8.8845,0.22021043239022936
67,2020-04-16,1695.45,1678.59,1703.31,1664.55,82791,39.5566,8.7108,0.22021103937143233
68,2020-04-17,1692.08,1700.13,1715.68,1684.4,92118,40.3486,8.8852,0.22021086233475262
69,2020-04-20,1707.25,1694.89,1711.37,1684.59,90302,39.6513,8.7316,0.22020967786680387
70,2020-04-21,1684.02,1632.71,1684.02,1619.41,187230,39.0959,8.6093,0.22020979181960254
71,2020-04-22,1624.47,1680.46,1688.71,1615.48,145218,37.1048,8.1708,0.22020870615122573
72,2020-04-23,1683.09,1689.08,1722.04,1683.09,110532,35.0822,7.7254,0.22020853880315372
73,2020-04-24,1696.95,1691.7,1718.11,1678.97,104941,34.9938,7.706,0.2202104372774606
74,2020-04-27,1693.95,1696.76,1708.37,1680.46,61848,35.6123,7.8422,0.22021043291222417
75,2020-04-28,1714.55,1778.23,1798.46,1701.63,226743,35.3094,7.7755,0.22021048219454312
76,2020-04-29,1750.14,1714.36,1775.98,1707.06,191255,35.0254,7.7129,0.22020876278357995
77,2020-04-30,1715.49,1715.86,1737.59,1703.31,121667,36.2024,7.9721,0.22020915740392905
78,2020-05-06,1710.81,1713.24,1722.98,1697.32,135138,37.5056,8.2591,0.22020978200588712
79,2020-05-07,1720.17,1737.03,1751.26,1704.81,136613,36.9502,8.1368,0.22020990414124952
80,2020-05-08,1742.83,1762.12,1792.84,1727.85,174332,37.0796,8.1653,0.22021003462820526
81,2020-05-11,1772.8,1783.85,1816.06,1764.18,162812,37.2279,8.1979,0.22020849953932403
82,2020-05-12,1777.67,1808.57,1811.57,1774.48,114027,37.2942,8.2125,0.2202085042714417
83,2020-05-13,1808.2,1893.6,1908.4,1806.32,211020,37.2942,8.2125,0.2202085042714417
84,2020-05-14,1888.54,1877.49,1899.97,1861.95,125726,36.8871,8.1229,0.22020977523307608
85,2020-05-15,1869.44,1873.0,1897.16,1843.41,125145,36.3034,7.9944,0.22021077915567133
86,2020-05-18,1873.0,1909.33,1931.06,1862.89,144433,35.9657,7.92,0.22020981101438317
87,2020-05-19,1929.93,1901.84,1930.87,1888.73,122466,37.8653,8.3383,0.22020953221022943
88,2020-05-20,1902.22,1878.06,1907.27,1871.88,87433,36.9502,8.1368,0.22020990414124952
89,2020-05-21,1885.92,1874.31,1901.84,1864.38,100292,36.297,7.993,0.22021103672479822
90,2020-05-22,1873.37,1807.82,1873.37,1804.08,150704,35.5934,7.838,0.22020936465749266
91,2020-05-25,1807.63,1820.93,1829.73,1787.41,118510,35.9752,7.9221,0.22021003357868754
92,2020-05-26,1825.05,1831.61,1836.29,1798.83,101816,36.316,7.9971,0.22020872342769024
93,2020-05-27,1831.98,1809.32,1840.04,1802.58,93608,40.3518,8.8859,0.22021074648466735
94,2020-05-28,1806.32,1806.32,1840.22,1796.02,103564,39.0644,8.6024,0.22021072895014385
95,2020-05-29,1805.2,1830.67,1839.1,1794.71,102803,39.4146,8.6795,0.22021027740989382
96,2020-06-01,1842.1,1904.09,1929.19,1838.16,194289,38.3386,8.4425,0.2202088756501281
97,2020-06-02,1916.82,1883.3,1927.69,1875.62,141565,37.7075,8.3036,0.22021083338858313
98,2020-06-03,1883.3,1871.5,1896.41,1858.58,116740,36.2529,7.9832,0.220208590209335
99,2020-06-04,1880.3,1901.47,1924.32,1880.12,119357,36.2402,7.9805,0.22021125711226758
100,2020-06-05,1919.26,1985.93,1998.67,1897.35,221008,35.1737,7.7456,0.22020998643873121
101,2020-06-08,2002.98,2012.9,2051.67,1993.8,169110,34.7414,7.6504,0.22020989367152735
102,2020-06-09,2012.9,2027.14,2055.42,1996.05,122719,33.9557,7.4774,0.22021045067543887
103,2020-06-10,2027.51,2030.13,2032.01,2005.04,88997,31.627,6.9646,0.22021057956809056
104,2020-06-11,2030.13,2010.47,2042.68,1987.43,131446,28.7524,6.3316,0.22021118237086293
105,2020-06-12,1974.88,2012.34,2012.34,1965.52,112375,28.6767,6.3149,0.22021013575481138
106,2020-06-15,1984.44,1925.44,1991.55,1914.76,216585,29.1752,6.4247,0.2202110011242425
107,2020-06-16,1935.18,1927.87,1973.2,1921.51,212073,29.434,6.4816,0.22020792281035537
108,2020-06-17,1928.06,1911.21,1940.98,1890.6,141181,28.5283,6.2822,0.22020940609850567
109,2020-06-18,1909.33,1916.64,1925.63,1898.1,101980,28.9954,6.3851,0.22021079205667107
110,2020-06-19,1919.45,1954.1,1971.14,1919.45,175146,28.3643,6.2461,0.22020991175526983
111,2020-06-22,1958.78,1926.38,1961.77,1911.21,177228,28.2728,6.2259,0.22020811522028239
112,2020-06-23,1924.88,1980.13,1984.25,1911.21,204118,28.5536,6.2878,0.22021041129664912
113,2020-06-24,1979.75,1964.77,1997.36,1946.79,162712,28.5126,6.2787,0.22020790808274238
114,2020-06-29,1942.11,1935.18,1947.73,1914.95,175229,29.9767,6.6012,0.22021103056707378
115,2020-06-30,1941.17,1939.67,1953.72,1935.18,141729,29.9451,6.5942,0.22020965032676465
116,2020-07-01,1948.29,2110.3,2110.3,1946.79,440457,30.2765,6.6672,0.22021039420012223
117,2020-07-02,2133.71,2248.51,2296.09,2124.72,426302,30.226,6.6561,0.2202110765566069
118,2020-07-03,2274.74,2295.15,2317.25,2209.93,327626,29.9862,6.6032,0.22020796232933817
119,2020-07-06,2294.96,2320.81,2364.45,2270.8,290370,29.5318,6.5032,0.22021007862710704
120,2020-07-07,2308.26,2384.11,2443.48,2272.11,253572,28.1087,6.1898,0.22020940135972136
121,2020-07-08,2339.54,2384.86,2424.38,2338.41,176460,27.6038,6.0786,0.22020881183025526
122,2020-07-09,2384.86,2471.2,2471.2,2376.43,157411,27.8026,6.1224,0.22020962068295769
123,2020-07-10,2467.46,2508.66,2577.4,2432.06,185745,28.1528,6.1995,0.22020900230172485
124,2020-07-13,2480.57,2572.53,2611.67,2468.96,263571,26.9159,5.9271,0.22020812976716364
125,2020-07-14,2574.21,2551.74,2609.98,2480.57,179935,26.5057,5.8368,0.2202092380129557
126,2020-07-15,2546.12,2628.15,2690.33,2542.19,209542,26.5562,5.8479,0.22020846356029852
127,2020-07-16,2589.2,2388.61,2590.13,2388.61,310380,26.9317,5.9306,0.2202088988069821
128,2020-07-17,2315.94,2368.38,2447.79,2315.94,246060,26.7518,5.891,0.22020948123116948
129,2020-07-20,2386.92,2345.72,2405.65,2235.22,237361,26.531,5.8424,0.22021032000301533
130,2020-07-21,2343.66,2387.48,2425.88,2326.99,176062,27.6511,6.0891,0.22021185413961833
131,2020-07-22,2380.37,2426.25,2458.28,2350.78,161711,27.7142,6.1029,0.22020841301571034
132,2020-07-23,2405.65,2480.57,2488.06,2397.78,171109,28.115,6.1912,0.2202098523919616
133,2020-07-24,2464.46,2367.82,2478.32,2333.92,173770,28.2412,6.219,0.22021018936872372
134,2020-07-27,2367.63,2387.86,2413.14,2349.46,106373,27.629,6.0842,0.2202106482319302
135,2020-07-28,2368.38,2422.51,2465.4,2368.19,157619,27.7048,6.1009,0.22021093817677806
136,2020-07-29,2443.48,2446.67,2454.35,2375.31,144068,27.9761,6.1606,0.22020939301761144
137,2020-07-30,2424.57,2446.67,2480.57,2424.38,128436,26.5436,5.8452,0.2202112750342832
138,2020-07-31,2442.92,2442.73,2471.58,2401.34,121967,26.1271,5.7534,0.22020813637946807
139,2020-08-03,2444.98,2433.93,2469.33,2411.27,114793,25.761,5.6728,0.22020884282442452
140,2020-08-04,2434.12,2426.25,2471.02,2416.51,113556,25.3382,5.5797,0.22020901247918162
141,2020-08-05,2405.65,2459.22,2461.65,2377.74,130933,24.9375,5.4915,0.2202105263157895
142,2020-08-06,2443.11,2381.87,2452.47,2368.94,148122,24.9816,5.5012,0.22021007461491657
143,2020-08-07,2377.56,2312.01,2396.66,2276.42,188746,24.9564,5.4956,0.22020804282668974
144,2020-08-10,2325.12,2328.86,2341.04,2275.48,101291,34.6685,6.511,0.1878073755714842
145,2020-08-11,2349.46,2346.84,2392.92,2330.74,100708,32.8405,6.1677,0.18780773739742088
146,2020-08-12,2344.78,2310.13,2353.96,2275.48,89967,32.7271,6.1464,0.1878076578737499
147,2020-08-13,2330.74,2315.38,2349.09,2295.15,70905,32.6683,6.1353,0.18780591582665762
148,2020-08-14,2330.74,2435.43,2443.11,2310.13,187517,32.4749,6.099,0.1878065829302015
149,2020-08-17,2480.57,2553.61,2563.72,2478.32,228555,31.4034,5.8978,0.18780768961322658
150,2020-08-18,2544.06,2586.57,2630.4,2525.33,145354,32.7985,6.1598,0.18780736923944694
151,2020-08-19,2586.39,2627.96,2695.95,2565.03,189941,32.9162,6.1819,0.187807219545391
152,2020-08-20,2622.91,2580.95,2622.91,2535.26,118019,32.4329,6.0911,0.18780620912715176
153,2020-08-21,2611.67,2627.78,2674.6,2593.88,100120,33.0422,6.2056,0.18780831784808516
154,2020-08-24,2653.62,2661.3,2688.27,2600.81,104918,32.9414,6.1866,0.187806225600612
155,2020-08-25,2678.91,2854.4,2872.94,2677.97,189865,32.8321,6.1661,0.18780705468124184
156,2020-08-26,2854.58,2851.21,2884.93,2798.77,192775,32.2943,6.0651,0.18780713624385728
157,2020-08-27,2842.04,2931.37,2931.75,2820.87,135182,32.0841,6.0256,0.18780642124915456
158,2020-08-28,2962.46,3100.12,3165.49,2909.27,249875,31.9875,6.0075,0.18780773739742088
159,2020-08-31,3120.91,3062.85,3182.34,3053.86,178738,32.0379,6.017,0.18780881393599455
160,2020-09-01,3010.41,3030.45,3041.69,2913.02,192345,31.2227,5.8639,0.18780886982868233
161,2020-09-02,3035.51,3017.9,3063.79,2980.44,114419,31.2017,5.8599,0.1878070746145242
162,2020-09-03,3016.03,3081.77,3135.33,2999.17,170352,31.0294,5.8276,0.1878089811598033
163,2020-09-04,3010.41,3116.79,3119.04,2942.42,144429,30.9495,5.8126,0.18780917300764147
164,2020-09-07,3108.18,3109.67,3202.94,3044.12,180445,30.2183,5.6752,0.18780672638765253
165,2020-09-08,3109.49,2915.64,3126.53,2866.38,221978,31.3067,5.8796,0.18780644398802812
166,2020-09-09,2819.37,2855.15,2936.99,2783.04,127803,30.668,5.7597,0.18780813877657493
167,2020-09-10,2913.02,2914.52,2977.63,2903.65,118498,30.6386,5.7542,0.1878088424405815
168,2020-09-11,2903.65,2997.3,3004.42,2885.49,124005,29.4872,5.5379,0.18780691282997367
169,2020-09-14,3016.03,3005.54,3044.12,2950.48,112204,27.9996,5.2585,0.1878062543750625
170,2020-09-15,2999.17,3001.23,3015.84,2965.46,65549,28.8484,5.4179,0.18780590951317924
171,2020-09-16,2998.8,2950.1,3043.75,2941.11,79704,27.9491,5.2491,0.18780926756138838
172,2020-09-17,2914.89,2884.93,2937.37,2812.07,149988,29.3191,5.5063,0.1878059012725493
173,2020-09-18,2870.5,2925.57,2928.0,2848.22,92703,30.1091,5.6547,0.18780700851237664
174,2020-09-21,2913.02,2894.29,2921.45,2872.94,61703,31.1176,5.8441,0.18780690027508548
175,2020-09-22,2864.32,2883.61,2925.01,2857.02,57956,33.1641,6.2285,0.1878085037736589
176,2020-09-23,2810.01,2878.18,2894.1,2760.0,115514,33.723,6.3334,0.18780654152951992
177,2020-09-24,2883.05,2842.22,2907.96,2839.98,56949,34.2525,6.4329,0.1878081891832713
178,2020-09-25,2856.83,2863.95,2909.84,2849.53,53671,34.1306,6.41,0.18780800806314568
179,2020-09-28,2903.65,2966.58,3006.66,2884.93,123085,32.6935,6.1401,0.18780797406212246
180,2020-09-29,2996.36,2959.84,3001.05,2924.26,75808,34.1979,6.4226,0.18780685363721167
181,2020-09-30,3015.84,2951.41,3015.84,2931.75,74209,35.0467,6.582,0.187806555253419
182,2020-10-09,2974.82,2989.81,3025.39,2939.99,88247,33.1473,6.2253,0.18780715171371423
183,2020-10-12,2990.18,3105.74,3128.96,2990.0,141530,33.1977,6.2348,0.18780819153134104
184,2020-10-13,3105.74,3118.1,3161.74,3073.71,115849,32.7019,6.1417,0.18780865943569028
185,2020-10-14,3109.67,3085.33,3155.75,3066.41,94365,31.4328,5.9033,0.18780700414853274
186,2020-10-15,3087.95,3104.05,3147.13,3085.7,62774,33.2061,6.2364,0.18780886644321373
187,2020-10-16,3101.62,3069.97,3120.54,3044.12,59468,32.9876,6.1953,0.18780693351441147
188,2020-10-19,3076.15,3072.22,3124.66,3053.86,56360,33.4289,6.2782,0.18780755573770003
189,2020-10-20,3060.98,3205.0,3214.18,3055.92,143136,34.0844,6.4013,0.18780732534531924
190,2020-10-21,3199.2,3220.17,3240.78,3185.53,97142,34.7484,6.526,0.18780720838945103
191,2020-10-22,3227.67,3296.96,3332.55,3163.43,143307,34.782,6.5323,0.1878069116209534
192,2020-10-23,3279.36,3177.1,3315.32,3128.78,133040,33.2103,6.2372,0.1878092037711192
193,2020-10-26,3073.34,3175.41,3176.16,3016.22,94800,32.6514,6.1322,0.18780817974114433
194,2020-10-27,3169.98,3182.72,3227.67,3152.0,73010,32.87,6.1732,0.18780651049589292
195,2020-10-28,3178.78,3310.07,3334.42,3168.11,124985,32.6598,6.1338,0.18780886594529056
196,2020-10-29,3448.67,3614.79,3614.79,3429.19,228567,32.5674,6.1164,0.18780743934118166
197,2020-10-30,3542.5,3493.62,3570.78,3447.17,212869,32.5632,6.1156,0.18780709512578614
198,2020-11-02,3519.65,3594.75,3623.78,3495.49,161500,32.5254,6.1085,0.18780706770708433
199,2020-11-03,3594.75,3679.6,3686.34,3578.83,142481,30.9789,5.8181,0.18780847609179152
200,2020-11-04,3667.8,3700.39,3720.24,3639.52,78849,31.416,5.9002,0.18780875986758339
201,2020-11-05,3737.09,3697.01,3753.2,3665.74,107778,31.0504,5.8315,0.18780756447581995
202,2020-11-06,3679.03,3686.53,3694.02,3617.23,106629,30.4243,5.7139,0.18780711470765146
203,2020-11-09,3695.7,3745.52,3758.63,3662.55,110411,30.3066,5.6918,0.18780727630285152
204,2020-11-10,3746.08,3811.07,3867.82,3709.19,108860,31.2605,5.871,0.18780889621087316
205,2020-11-11,3798.9,3834.49,3921.76,3784.85,127717,34.7316,6.5228,0.18780591737783459
206,2020-11-12,3821.38,3860.89,3905.66,3785.6,92088,36.7738,6.9064,0.18780762390615055
207,2020-11-13,3803.58,3759.38,3830.93,3638.77,134798,36.6688,6.8867,0.1878081638886465
208,2020-11-16,3768.93,3970.65,3970.65,3765.19,150086,38.0681,7.1495,0.1878081648414289
209,2020-11-17,3961.84,3952.48,4023.46,3859.02,155128,38.5766,7.245,0.187808153129099
210,2020-11-18,3952.67,3849.47,3969.33,3767.06,147420,38.9338,7.3121,0.18780853654151408
211,2020-11-19,3784.85,3852.47,3877.56,3747.4,90013,38.8035,7.2876,0.18780780084270748
212,2020-11-20,3871.57,3899.1,3980.38,3840.1,83399,38.6901,7.2663,0.1878077337613498
213,2020-11-23,3936.18,3968.58,4018.03,3916.89,98661,39.0935,7.3421,0.18780871500377302
214,2020-11-24,3971.21,3985.63,3998.93,3900.22,68684,38.0303,7.1424,0.1878081424548321
215,2020-11-25,3993.31,3863.52,3995.74,3858.83,96557,36.7696,6.9056,0.1878073190896828
216,2020-11-26,3840.1,3872.88,3904.16,3746.65,99326,35.656,6.6965,0.18780850347767558
217,2020-11-27,3872.88,3875.69,3896.1,3821.38,72614,36.1393,6.7872,0.1878066260276209
218,2020-11-30,3871.94,3696.45,3873.82,3665.55,193130,35.9796,6.7572,0.18780642364006273
219,2020-12-01,3709.0,3714.06,3740.84,3671.54,129516,36.0511,6.7707,0.18780841638673992
