,日期,开盘,收盘,最高,最低,成交量,pe,pb,roe
0,2020-01-03,283.69,277.43,286.99,272.67,39177,51.5118,11.1087,0.21565350075128417
1,2020-01-06,275.27,281.53,283.19,272.11,44459,50.7075,10.9352,0.2156525168860622
2,2020-01-07,280.29,282.13,283.27,278.69,18452,51.3317,11.0698,0.21565231621006126
3,2020-01-08,283.49,287.61,295.05,281.89,26967,51.1516,11.031,0.21565307830058103
4,2020-01-09,287.63,302.65,309.25,287.63,38597,50.7435,10.943,0.21565323637510223
5,2020-01-10,305.09,319.89,324.27,299.29,29489,51.6678,11.1423,0.21565268890875944
6,2020-01-13,316.09,311.01,327.49,306.55,47485,52.5226,11.3267,0.21565383282625006
7,2020-01-14,310.99,303.09,311.03,301.01,38964,52.5658,11.336,0.21565352377401276
8,2020-01-15,303.09,305.49,309.13,303.09,27436,52.4121,11.3028,0.21565249245880244
9,2020-01-16,306.01,310.55,314.15,305.49,25779,52.4313,11.307,0.215653626745856
10,2020-01-17,314.09,305.89,314.09,302.39,22985,54.2632,11.702,0.21565259697179673
11,2020-01-20,302.29,305.15,306.83,301.29,21104,55.6942,12.0106,0.21565261732819574
12,2020-01-21,305.33,304.73,310.29,299.29,30723,54.825,11.8232,0.21565344277245782
13,2020-01-22,305.41,306.05,307.25,302.31,17679,57.4324,12.3855,0.21565353354552483
14,2020-01-23,302.67,297.69,307.25,293.95,25504,56.4409,12.1717,0.2156538963765638
15,2020-02-03,269.05,269.05,269.05,269.05,10795,56.6497,12.2167,0.21565339269228256
16,2020-02-04,248.29,265.29,267.29,243.51,98912,54.0447,11.6549,0.21565296874624154
17,2020-02-05,257.29,261.95,262.19,251.39,94471,53.4205,11.5203,0.21565316685542069
18,2020-02-06,256.27,261.07,261.31,251.69,75744,54.0159,11.6487,0.21565316878918983
19,2020-02-07,257.89,255.85,258.35,253.63,41614,50.7339,10.9409,0.21565265039746598
20,2020-02-10,253.65,257.89,258.29,251.65,51565,50.8251,10.9606,0.21565328941802375
21,2020-02-11,257.09,260.09,267.99,256.33,68000,50.9932,10.9968,0.21565228304950465
22,2020-02-12,260.25,259.71,261.29,255.29,35498,50.4674,10.8835,0.21565406579296734
23,2020-02-13,257.79,256.45,264.09,256.29,46332,54.5874,11.7719,0.21565233002487755
24,2020-02-14,255.37,253.89,257.23,253.11,26431,55.1252,12.5495,0.22765450284080602
25,2020-02-17,254.69,257.99,258.07,253.31,33010,50.3857,11.4705,0.227653877985222
26,2020-02-18,257.99,257.29,257.99,254.11,29184,48.9212,11.1371,0.22765385967637752
27,2020-02-19,257.47,259.89,264.67,254.91,48570,49.7303,11.3213,0.22765396548985228
28,2020-02-20,260.29,276.91,277.49,260.29,77215,50.5298,11.5033,0.2276537805413835
29,2020-02-21,271.21,278.25,279.27,271.09,48848,50.2513,11.4399,0.22765381194118361
30,2020-02-24,279.17,270.63,279.17,269.29,42667,50.7003,11.5421,0.22765348528509693
31,2020-02-25,263.89,265.91,270.83,261.81,35756,49.6847,11.3109,0.22765358349753548
32,2020-02-26,262.09,264.11,271.69,260.47,37711,50.5874,11.5164,0.22765352637217964
33,2020-02-27,265.07,268.07,271.73,264.29,30652,52.5802,11.9701,0.22765413596753153
34,2020-02-28,259.69,255.89,263.25,251.85,41219,53.5382,12.1882,0.22765427302374752
35,2020-03-02,255.91,259.79,262.43,253.69,30970,54.1672,12.3314,0.22765437386462656
36,2020-03-03,264.33,257.79,264.35,255.73,46435,55.1612,12.5577,0.22765458329405452
37,2020-03-04,255.79,261.07,261.81,254.09,34885,53.0244,12.0712,0.22765368396436356
38,2020-03-05,259.47,277.03,281.89,259.47,74196,52.0472,11.8488,0.22765489786194074
39,2020-03-06,273.09,270.09,285.29,269.69,66846,50.8995,11.5875,0.2276544956237291
40,2020-03-09,265.29,259.21,265.29,255.29,42153,52.0832,11.857,0.22765498279675594
41,2020-03-10,255.29,267.29,270.55,255.29,38968,52.1528,11.8728,0.22765412403552637
42,2020-03-11,267.29,272.45,277.29,266.29,46615,52.3401,11.9155,0.22765527769339378
43,2020-03-12,270.29,266.77,270.39,262.29,27290,53.3509,12.1456,0.22765501612906247
44,2020-03-13,254.41,262.19,265.25,254.33,32100,52.3305,11.9133,0.22765500042995956
45,2020-03-16,257.17,255.29,264.01,251.29,30388,53.0292,12.0723,0.2276538209137607
46,2020-03-17,253.35,245.09,259.29,242.43,30882,54.2128,12.3418,0.22765472360770886
47,2020-03-18,247.35,235.01,253.29,234.25,34821,53.9655,12.2855,0.22765470532099213
48,2020-03-19,234.69,222.05,234.69,214.29,53729,54.717,12.4566,0.22765502494654313
49,2020-03-20,224.01,223.01,226.69,216.69,44589,56.1672,12.7867,0.22765421812018402
50,2020-03-23,215.29,210.29,217.03,209.31,29932,56.7818,12.9266,0.22765393136533188
51,2020-03-24,213.29,215.29,215.65,210.07,34239,57.0699,12.9922,0.2276541574455186
52,2020-03-25,221.29,229.29,231.29,221.29,39707,55.2188,12.5708,0.2276543496055691
53,2020-03-26,227.29,234.49,238.49,225.29,34988,53.1924,12.1095,0.22765470255149234
54,2020-03-27,237.69,237.75,244.15,237.51,32308,54.2368,12.3473,0.22765539264853385
55,2020-03-30,231.97,236.99,240.29,231.29,22809,55.9391,12.7348,0.22765471736227433
56,2020-03-31,238.67,239.75,242.39,237.31,17252,57.6197,13.1174,0.22765477779301177
57,2020-04-01,240.29,237.59,241.09,235.69,18810,58.8322,13.3934,0.2276542437644691
58,2020-04-02,237.53,238.35,239.19,235.59,14083,57.8694,13.1742,0.2276539933021597
59,2020-04-03,238.61,236.67,241.29,235.31,14644,59.9078,13.6383,0.22765482958813374
60,2020-04-07,240.69,241.65,248.25,239.93,36789,62.0302,14.1215,0.22765523889976172
61,2020-04-08,241.65,238.53,242.49,238.17,19476,64.8513,15.413,0.2376667853998301
62,2020-04-09,239.49,242.65,243.61,238.67,17425,61.6917,14.6621,0.2376673037053607
63,2020-04-10,242.63,244.41,250.45,241.31,26581,60.3568,14.3448,0.23766667550300877
64,2020-04-13,244.23,247.01,248.15,242.35,21205,58.7073,13.9528,0.2376672066335873
65,2020-04-14,247.99,253.29,256.29,247.99,24511,56.4217,13.4096,0.2376674222861062
66,2020-04-15,253.95,265.25,266.67,253.95,45063,53.4805,12.7105,0.23766606520133507
67,2020-04-16,263.25,265.27,266.29,261.31,21427,53.4253,12.6974,0.23766642396018367
68,2020-04-17,267.07,265.89,271.09,264.29,32808,56.4289,13.4113,0.23766722370983664
69,2020-04-20,266.75,266.97,269.29,264.05,18863,54.9571,13.0615,0.23766719859672364
70,2020-04-21,266.27,263.89,266.89,259.29,20836,53.3749,12.6854,0.23766601904640572
71,2020-04-22,265.89,268.01,270.41,261.45,23949,52.633,12.5091,0.23766648300495885
72,2020-04-23,268.29,274.09,277.65,268.29,31648,49.3581,11.7308,0.23766717114313557
73,2020-04-24,275.25,283.41,291.49,273.29,38037,48.7555,11.5876,0.23766754520002872
74,2020-04-27,280.29,281.29,285.29,271.29,36212,49.6991,11.8118,0.2376662756468427
75,2020-04-28,283.37,288.29,295.71,279.69,37329,49.6991,11.8118,0.2376662756468427
76,2020-04-29,289.29,280.83,290.25,279.43,14615,49.7687,11.8284,0.23766744962195113
77,2020-04-30,279.29,281.07,288.45,277.89,16541,50.04,11.8928,0.23766586730615508
78,2020-05-06,280.97,279.53,284.01,278.45,24148,50.4674,11.9944,0.23766629546994697
79,2020-05-07,280.59,284.29,288.27,277.29,27970,50.4001,11.9784,0.23766619510675574
80,2020-05-08,286.79,291.77,296.29,283.29,32117,50.6619,12.0406,0.237665780399077
81,2020-05-11,291.77,303.05,308.39,291.31,28653,51.1156,12.1485,0.2376671701007129
82,2020-05-12,302.89,306.69,308.33,295.31,23509,50.4698,11.995,0.2376668819769446
83,2020-05-13,306.47,309.51,311.39,303.71,20819,47.4278,11.272,0.23766651626261392
84,2020-05-14,311.09,312.85,315.29,306.81,20611,45.7232,10.8669,0.23766709241697867
85,2020-05-15,312.91,307.67,314.85,305.55,15635,43.3606,10.3054,0.23766737545144673
86,2020-05-18,307.67,315.89,319.49,304.49,22566,43.5167,10.3425,0.2376673782708707
87,2020-05-19,317.31,321.19,323.05,314.49,20634,46.5299,11.0586,0.23766653270262778
88,2020-05-20,321.21,320.59,328.37,313.53,19396,46.794,11.1214,0.23766722229345644
89,2020-05-21,322.49,322.71,328.23,319.99,17733,47.2261,11.2241,0.23766730684939047
90,2020-05-22,321.29,316.27,324.67,311.43,22825,45.1397,10.7282,0.23766662162132224
91,2020-05-25,318.63,316.49,320.65,311.51,27773,46.5779,11.07,0.23766636108540745
92,2020-05-26,316.51,315.69,318.45,310.49,16736,46.1985,10.9799,0.23766788965009686
93,2020-05-27,315.55,306.81,316.17,306.25,22773,51.3317,12.1998,0.23766600365855797
94,2020-05-28,309.87,307.05,313.89,303.29,25981,48.2105,11.458,0.2376660685950156
95,2020-05-29,307.29,310.81,310.81,305.17,20871,47.7327,11.3445,0.23766725955162812
96,2020-06-01,310.81,314.11,321.09,310.69,35688,43.3943,10.3134,0.23766715905084307
97,2020-06-02,314.83,305.21,316.09,302.69,42661,41.3559,9.8289,0.2376662096581141
98,2020-06-03,307.09,302.85,308.09,298.63,29955,40.746,8.9205,0.2189294654690031
99,2020-06-04,302.85,305.91,308.79,302.85,20945,41.0294,8.9825,0.21892837818734856
100,2020-06-05,305.91,307.29,310.29,301.49,23720,39.8025,8.7139,0.21892845926763393
101,2020-06-08,308.33,306.91,314.59,303.81,26142,39.3415,8.613,0.21892912064867884
102,2020-06-09,308.69,308.07,310.89,303.63,20120,41.1278,9.004,0.2189273435486459
103,2020-06-10,309.19,306.71,312.67,305.05,22969,39.183,8.5783,0.218929127427711
104,2020-06-11,306.65,301.49,309.49,296.43,29490,36.0714,7.8971,0.2189296783601413
105,2020-06-12,295.25,301.93,303.23,292.29,20323,36.0138,7.8844,0.218927189021986
106,2020-06-15,299.83,294.59,303.45,289.29,26231,35.985,7.8781,0.21892733083229124
107,2020-06-16,295.29,299.59,302.01,295.29,21172,36.2539,7.937,0.21892817048648558
108,2020-06-17,300.29,296.61,302.03,294.29,14032,34.7725,7.6127,0.2189287511683083
109,2020-06-18,296.77,298.39,298.61,293.09,15507,35.3224,7.7331,0.21892906484270605
110,2020-06-19,298.39,305.53,309.09,297.29,34715,34.4652,7.5454,0.21892807817740792
111,2020-06-22,311.29,300.95,315.29,298.29,41956,34.2515,7.4986,0.21892763820562602
112,2020-06-23,300.87,313.29,314.29,297.39,41142,34.6093,7.5769,0.21892670467186567
113,2020-06-24,311.29,311.05,320.05,309.29,21940,34.0091,7.4455,0.21892669903055362
114,2020-06-29,308.05,311.29,313.29,304.31,17136,34.8902,7.6384,0.21892680466148087
115,2020-06-30,311.85,311.77,319.33,309.79,19226,34.8374,7.6269,0.21892850786798096
116,2020-07-01,310.09,337.69,339.99,308.77,53177,35.464,7.7641,0.2189290548161516
117,2020-07-02,332.89,353.89,365.09,332.43,62216,35.6273,7.7998,0.2189276201115437
118,2020-07-03,351.29,339.01,351.49,334.49,43875,35.488,7.7693,0.21892752479711453
119,2020-07-06,339.09,342.85,345.51,327.89,45489,35.5336,7.7793,0.21892800054033365
120,2020-07-07,345.25,353.07,359.65,336.53,40238,35.368,7.743,0.21892671341325493
121,2020-07-08,350.07,350.71,355.89,345.29,29370,35.0006,7.6626,0.21892767552556244
122,2020-07-09,352.19,358.79,361.71,348.51,29356,35.2839,7.7246,0.2189270460464971
123,2020-07-10,357.39,375.77,382.93,354.45,27280,36.3524,7.9586,0.21892914910707406
124,2020-07-13,375.77,411.91,411.91,373.33,30118,35.9562,7.8718,0.21892747286976932
125,2020-07-14,413.17,415.89,425.27,404.93,30500,35.5048,7.773,0.2189281449268831
126,2020-07-15,412.23,441.89,444.89,412.23,34533,35.476,7.7667,0.21892828954786336
127,2020-07-16,434.29,399.13,435.21,399.13,46136,36.542,8.0001,0.218928903727218
128,2020-07-17,391.45,402.29,407.11,385.61,34412,36.6381,8.0211,0.21892783741514982
129,2020-07-20,402.27,390.31,403.09,368.29,30705,36.6117,8.0153,0.2189272828085011
130,2020-07-21,388.29,407.69,413.05,388.29,34919,37.3848,8.1846,0.21892854850099505
131,2020-07-22,405.61,404.09,413.29,400.93,28426,37.1303,8.1289,0.218929014847712
132,2020-07-23,400.25,401.89,409.95,394.69,29259,37.2023,8.1446,0.21892732438585788
133,2020-07-24,401.89,376.79,403.65,363.13,36454,36.566,8.0053,0.218927418913745
134,2020-07-27,378.03,375.49,384.01,371.41,28430,35.5793,7.7893,0.21892785973866824
135,2020-07-28,384.29,395.17,396.69,372.31,33800,36.2011,7.9254,0.21892704917806366
136,2020-07-29,395.13,409.37,412.99,387.29,39906,35.8001,7.8377,0.21892955606269254
137,2020-07-30,409.37,434.71,448.71,406.51,38328,35.4616,7.7635,0.21892695197058226
138,2020-07-31,433.69,440.09,449.69,432.05,26061,35.0246,7.6679,0.2189289813445407
139,2020-08-03,445.75,436.31,447.23,432.29,19926,33.6705,7.3714,0.21892754785346227
140,2020-08-04,436.45,434.13,444.29,430.73,20524,32.7726,7.1748,0.21892678640083488
141,2020-08-05,432.19,434.69,437.61,426.29,15215,32.2012,7.0497,0.21892662385252723
142,2020-08-06,434.69,431.13,434.85,420.89,15023,32.386,7.0902,0.21892793182239237
143,2020-08-07,431.09,428.87,437.69,418.29,15918,32.3572,7.0839,0.2189280901932182
144,2020-08-10,424.67,428.29,431.49,412.85,16966,33.2528,7.28,0.21892893230043786
145,2020-08-11,429.97,428.29,444.29,427.65,15210,32.4124,7.096,0.21892855820611867
146,2020-08-12,426.29,420.43,426.29,412.27,13896,40.4191,7.9784,0.19739182713123252
147,2020-08-13,426.29,425.45,435.05,416.85,13939,39.0348,7.7051,0.19739053357516884
148,2020-08-14,426.31,452.73,456.17,426.31,28518,38.1317,7.5269,0.19739219599440885
149,2020-08-17,452.73,458.91,471.89,450.29,28835,37.5198,7.4061,0.19739177714166922
150,2020-08-18,458.29,472.09,480.29,457.29,21534,37.9772,7.4964,0.19739211948221563
151,2020-08-19,470.29,484.35,498.29,464.29,23921,37.8168,7.4647,0.1973911065981257
152,2020-08-20,477.85,459.33,479.19,454.33,22278,37.7247,7.4465,0.19739056904362395
153,2020-08-21,461.29,459.79,469.83,454.29,20641,37.7218,7.4459,0.19738983823677553
154,2020-08-24,464.25,484.29,484.29,459.89,28066,35.9453,7.0953,0.19739159222485275
155,2020-08-25,481.29,503.33,513.83,481.29,25116,35.0125,6.9111,0.19738950374866118
156,2020-08-26,502.31,517.07,531.89,500.49,29552,34.6263,6.8349,0.19739042288664974
157,2020-08-27,517.49,528.19,532.29,507.05,23457,34.3649,6.7833,0.19739036051319805
158,2020-08-28,524.29,554.51,569.45,519.29,26379,33.7529,6.6625,0.19739044645052722
159,2020-08-31,544.33,531.01,554.25,528.41,36600,34.2164,6.754,0.19739072491553755
160,2020-09-01,528.39,513.33,530.09,492.89,43246,33.4767,6.608,0.19739102121774246
161,2020-09-02,512.29,496.35,517.33,484.29,36269,33.7262,6.6572,0.19738956656842455
162,2020-09-03,496.29,504.37,512.29,494.33,29864,33.6133,6.635,0.19739210372084856
163,2020-09-04,494.09,494.27,496.49,480.15,27190,33.9341,6.6983,0.19739141453582087
164,2020-09-07,492.73,480.27,500.29,478.91,24163,33.5242,6.6174,0.19739173492581477
165,2020-09-08,480.49,466.09,484.25,452.65,34841,33.6371,6.6397,0.1973921651985457
166,2020-09-09,462.29,457.39,466.09,449.83,21160,33.1528,6.5441,0.19739207548080404
167,2020-09-10,468.31,474.27,487.47,464.71,25100,32.3805,6.3916,0.19739040471888947
168,2020-09-11,469.49,489.69,489.83,467.31,21490,30.301,5.9811,0.19738952509818158
169,2020-09-14,490.31,487.29,493.57,476.79,17823,29.5583,5.8345,0.19738956570574087
170,2020-09-15,482.29,482.17,487.09,476.51,14682,31.4477,6.2075,0.19739122415947746
171,2020-09-16,481.35,470.09,484.19,466.23,16557,31.3051,6.1793,0.19738956272300678
172,2020-09-17,469.81,463.83,469.89,452.33,18650,33.2301,6.5593,0.1973903178142708
173,2020-09-18,467.89,465.45,467.89,455.47,13580,34.7273,6.8549,0.19739225335686908
174,2020-09-21,468.37,456.03,468.37,453.31,18753,36.2424,7.1539,0.19739034942498287
175,2020-09-22,450.31,450.21,458.49,449.29,16347,37.2672,7.3562,0.1973907350163146
176,2020-09-23,442.13,458.71,460.09,430.77,26220,37.9475,7.4905,0.197391132485671
177,2020-09-24,454.29,450.29,460.05,448.69,13088,38.7912,7.657,0.1973901297201427
178,2020-09-25,450.37,448.73,456.25,444.69,9450,38.0248,7.5057,0.1973895983673813
179,2020-09-28,450.29,448.15,456.29,444.29,14693,36.8246,7.2688,0.1973897883480065
180,2020-09-29,450.09,438.29,450.09,437.29,15972,38.4407,7.5878,0.19738974576425505
181,2020-09-30,439.89,447.85,452.29,437.89,20415,39.4715,7.7913,0.19739052227556592
182,2020-10-09,450.29,455.99,458.29,446.65,15968,37.1009,7.3234,0.19739143794355393
183,2020-10-12,458.27,473.79,474.29,456.31,27651,36.6137,7.2272,0.19739059423112112
184,2020-10-13,476.09,465.51,476.09,463.83,24937,36.9108,7.2858,0.19738938196950484
185,2020-10-14,467.35,460.27,473.89,458.65,20229,36.3315,7.1715,0.19739069402584536
186,2020-10-15,456.57,452.29,459.97,451.47,16000,38.1406,7.5286,0.19739070701562114
187,2020-10-16,450.25,435.69,454.09,434.29,25450,37.5524,7.4125,0.19739084585805433
188,2020-10-19,436.49,428.17,440.69,424.19,18236,37.8198,7.4653,0.19739131354475697
189,2020-10-20,428.19,436.63,436.63,422.49,24525,38.5209,7.6037,0.19739154588807636
190,2020-10-21,436.69,432.89,439.69,426.53,19618,39.6527,7.8271,0.19739135039984665
191,2020-10-22,428.27,435.21,441.09,424.51,23330,39.4537,7.7878,0.19739086574896653
192,2020-10-23,435.21,428.55,438.27,423.29,17669,36.9256,7.2888,0.197391511580042
193,2020-10-26,420.29,421.81,425.85,407.21,14526,36.5394,7.2126,0.1973924038161546
194,2020-10-27,421.81,434.01,436.49,418.29,23301,36.6434,7.2331,0.1973916175900708
195,2020-10-28,433.11,473.49,475.51,430.29,53316,36.0344,7.1129,0.19739193659392137
196,2020-10-29,468.29,469.01,480.01,462.69,55846,36.4147,7.1879,0.19739006500122203
197,2020-10-30,472.29,434.69,472.67,432.29,47445,36.8989,7.2835,0.19739070812409043
198,2020-11-02,434.21,439.07,443.49,432.29,18877,36.9553,7.2946,0.19738981959285948
199,2020-11-03,438.29,437.67,440.89,430.49,17203,36.6286,7.2301,0.19738947161507675
200,2020-11-04,437.67,436.91,441.21,432.29,16036,36.3255,7.1703,0.1973902630383615
201,2020-11-05,438.31,464.25,471.07,438.27,41605,37.1009,7.3234,0.19739143794355393
202,2020-11-06,465.39,459.29,469.61,448.69,30971,37.2316,7.3492,0.19739146316569794
203,2020-11-09,460.05,464.49,467.39,455.29,28175,37.7277,7.4471,0.19739077653819342
204,2020-11-10,462.29,486.19,494.29,459.09,44951,38.2862,7.5573,0.1973896599819256
205,2020-11-11,485.29,484.45,508.49,480.35,47835,42.5402,8.3971,0.19739211381234692
206,2020-11-12,476.29,492.71,497.51,470.23,28345,43.782,8.6422,0.1973916221278151
207,2020-11-13,484.29,470.99,484.29,456.29,33108,43.5859,8.6035,0.19739181707845885
208,2020-11-16,470.29,478.23,478.67,459.33,36286,43.6483,8.6158,0.19739142188813769
209,2020-11-17,474.21,466.31,481.45,459.93,31390,43.7582,8.6375,0.19739157460773063
210,2020-11-18,461.65,451.05,467.89,444.31,29945,44.4504,8.7741,0.1973907996328492
211,2020-11-19,450.29,450.89,458.65,441.95,16660,43.6988,8.6257,0.19738985967578057
212,2020-11-20,448.23,452.17,458.27,446.73,19170,43.3423,8.5554,0.1973914628434578
213,2020-11-23,452.17,451.81,461.69,445.89,26385,44.5187,8.7876,0.19739120863816775
214,2020-11-24,446.47,444.69,449.77,438.29,29272,45.8377,9.0479,0.19738992139657968
215,2020-11-25,446.53,436.99,447.25,432.29,25006,43.2769,8.5425,0.19739168008799154
216,2020-11-26,432.05,440.39,441.29,430.49,23177,41.043,8.1015,0.19739054162707403
217,2020-11-27,440.41,441.89,443.87,435.69,18163,40.229,7.9408,0.19738994257873674
218,2020-11-30,441.89,436.69,443.55,428.05,24412,40.1399,7.9233,0.19739212105660456
219,2020-12-01,436.69,443.39,446.15,434.45,18944,39.5309,7.803,0.19738988993420337
