,日期,开盘,收盘,最高,最低,成交量,pe,pb,roe
0,2020-01-03,10059.41,9892.51,10101.13,9866.43,368704,16.3689,3.7146,0.2269303374081337
1,2020-01-06,9853.39,9733.44,9888.6,9618.7,467803,16.2325,3.6836,0.22692746034190667
2,2020-01-07,9771.25,9921.2,9951.19,9749.08,410766,16.2374,3.6847,0.22692672472193823
3,2020-01-08,9827.32,10114.17,10227.61,9827.32,487809,16.1862,3.6731,0.22692787683335186
4,2020-01-09,10226.3,10254.99,10343.65,10148.07,348538,16.2788,3.6941,0.22692704621962306
5,2020-01-10,10271.94,10238.04,10342.35,10195.01,200325,16.2715,3.6924,0.226924376978152
6,2020-01-13,10260.2,10239.34,10296.71,10161.11,271152,16.6247,3.7726,0.22692740320126079
7,2020-01-14,10277.15,10245.86,10328.01,10192.4,213077,16.5394,3.7533,0.2269308439242052
8,2020-01-15,10287.59,10127.21,10291.5,10071.14,278534,16.5394,3.7533,0.2269308439242052
9,2020-01-16,10184.58,9921.2,10184.58,9871.65,459585,16.2447,3.6864,0.2269293985115145
10,2020-01-17,10008.56,9998.12,10082.88,9938.15,300553,16.6612,3.7809,0.22692843252586847
11,2020-01-20,10048.98,10055.5,10060.71,9883.38,259467,16.2715,3.6924,0.226924376978152
12,2020-01-21,9983.78,9814.28,9983.78,9788.2,370209,16.1399,3.6626,0.22692829571434764
13,2020-01-22,9768.64,9832.53,9892.51,9592.62,392412,16.1667,3.6687,0.22692942901148658
14,2020-01-23,9739.96,9480.49,9749.08,9425.72,531577,16.0303,3.45,0.2152174319881724
15,2020-02-03,8705.98,8806.38,9227.53,8647.31,1097909,16.0425,3.4526,0.21521583294374316
16,2020-02-04,8962.85,9171.47,9253.61,8919.82,659832,16.4542,3.5412,0.2152155680616499
17,2020-02-05,9227.53,9338.36,9423.11,9175.38,562789,16.1692,3.4799,0.21521782153724367
18,2020-02-06,9423.11,9389.21,9450.5,9188.42,494925,15.2971,3.2922,0.2152172634028672
19,2020-02-07,9279.69,9277.08,9331.84,9198.85,475444,15.1461,3.2597,0.21521711859818698
20,2020-02-10,9227.53,9240.57,9266.65,9132.35,338489,14.6224,3.147,0.21521774811248492
21,2020-02-11,9326.63,9477.88,9546.98,9294.03,447176,14.6614,3.1554,0.21521819198712266
22,2020-02-12,9473.97,9464.84,9539.16,9329.24,349949,14.2327,3.0938,0.21737266997828944
23,2020-02-13,9453.1,9344.88,9537.86,9300.55,386067,14.0378,3.0515,0.21737736682386127
24,2020-02-14,9305.77,9322.72,9412.68,9267.95,300185,13.9477,3.0319,0.21737634161904829
25,2020-02-17,9162.34,9373.57,9387.91,9150.6,514074,13.9404,3.0303,0.21737539812343978
26,2020-02-18,9357.92,9248.4,9360.53,9214.49,499015,14.1742,3.0811,0.2173738200392262
27,2020-02-19,9227.53,9184.51,9266.65,9111.49,399452,14.2059,3.088,0.21737447117042918
28,2020-02-20,9214.49,9423.11,9423.11,9192.33,586762,14.2741,3.1028,0.217372724024632
29,2020-02-21,9400.95,9310.98,9400.95,9253.61,543470,14.1279,3.0711,0.2173783789522859
30,2020-02-24,9243.18,9171.47,9266.65,9138.87,662048,14.0427,3.0525,0.21737272746694014
31,2020-02-25,9077.59,8999.35,9077.59,8914.6,733078,13.9452,3.0314,0.21737945673063133
32,2020-02-26,8862.45,9004.57,9133.65,8836.37,566464,14.0549,3.0552,0.21737614639734187
33,2020-02-27,8970.67,9059.33,9110.18,8970.67,356348,14.1133,3.0679,0.2173765171859168
34,2020-02-28,8893.74,8862.45,8966.76,8758.14,513706,14.0305,3.0499,0.21737642992053027
35,2020-03-02,8849.41,8970.67,9015.0,8797.25,502839,13.6188,2.9604,0.21737598026257818
36,2020-03-03,9095.84,8965.45,9097.15,8884.61,474563,13.5969,2.9556,0.21737307768682568
37,2020-03-04,8908.08,8943.29,8953.72,8838.98,423394,13.3363,2.899,0.21737663369900198
38,2020-03-05,9033.26,9356.62,9357.92,8947.2,1018445,12.9831,2.8222,0.21737489505588034
39,2020-03-06,9247.09,9159.73,9305.77,9137.57,503533,12.9246,2.8095,0.21737616638039087
40,2020-03-09,8966.76,8866.36,8966.76,8836.37,587232,12.9149,2.8074,0.21737682831458238
41,2020-03-10,8835.07,9067.16,9120.62,8829.85,541438,13.1804,2.8651,0.2173758004309429
42,2020-03-11,9068.46,8918.51,9081.5,8909.39,361947,13.234,2.8767,0.21737192081003476
43,2020-03-12,8820.72,8734.67,8842.89,8703.37,496562,13.5214,2.9392,0.21737394056828435
44,2020-03-13,8369.58,8563.86,8653.83,8314.82,543464,13.519,2.9387,0.2173755455285154
45,2020-03-16,8623.84,8236.59,8625.14,8231.37,562406,13.7747,2.9943,0.21737678497535337
46,2020-03-17,8145.32,8047.52,8394.36,7917.14,605902,13.5287,2.9408,0.21737491407156637
47,2020-03-18,8054.04,7981.03,8336.99,7913.23,703231,13.3485,2.9016,0.21737273850994496
48,2020-03-19,7871.5,7702.0,7917.14,7454.26,1098838,13.4094,2.9149,0.2173773621489403
49,2020-03-20,7751.54,7867.59,7897.58,7694.17,632670,13.5847,2.953,0.21737690195587683
50,2020-03-23,7662.88,7561.18,7703.3,7542.92,484671,13.4654,2.927,0.21737193102321506
51,2020-03-24,7675.92,7811.52,7845.42,7640.71,600436,13.3631,2.9048,0.21737471095778674
52,2020-03-25,8054.04,8116.63,8151.83,8012.32,635878,13.2997,2.891,0.21737332421032055
53,2020-03-26,8054.04,8031.88,8164.87,8000.58,353930,13.2754,2.8857,0.2173719812585685
54,2020-03-27,8164.87,7997.98,8275.7,7961.47,586615,13.5141,2.9376,0.21737296601327505
55,2020-03-30,7904.1,7934.09,7940.61,7805.0,377274,13.3996,2.9128,0.21737962327233648
56,2020-03-31,8039.7,7949.73,8039.7,7938.0,312374,13.3558,2.9032,0.21737372527291512
57,2020-04-01,7864.98,7922.35,8041.01,7864.98,356842,13.3363,2.899,0.21737663369900198
58,2020-04-02,7855.85,7962.77,7962.77,7777.62,398753,13.2827,2.8873,0.21737297386826473
59,2020-04-03,7987.55,7918.44,7988.85,7898.88,305947,13.3363,2.899,0.21737663369900198
60,2020-04-07,8052.74,8017.54,8107.5,7991.46,498041,13.2754,2.8857,0.2173719812585685
61,2020-04-08,7986.24,7897.58,7988.85,7862.37,431372,13.4069,3.1318,0.23359613333432785
62,2020-04-09,7932.78,7908.01,7962.77,7891.06,330199,12.8954,3.0123,0.23359492532220794
63,2020-04-10,7921.05,8150.53,8343.5,7896.27,779233,13.0074,3.0385,0.23359779817642265
64,2020-04-13,8314.82,8511.7,8574.29,8299.17,857819,13.2242,3.0891,0.23359447074303175
65,2020-04-14,8621.23,8497.36,8653.83,8393.05,616765,13.1877,3.0806,0.2335964573049129
66,2020-04-15,8288.74,8237.89,8400.88,8158.35,974742,13.2072,3.0851,0.23359228299715307
67,2020-04-16,8179.22,8312.21,8321.34,8164.87,491719,13.1853,3.08,0.2335934715175233
68,2020-04-17,8352.63,8275.7,8378.71,8257.45,459703,13.4435,3.1403,0.23359244244430394
69,2020-04-20,8282.22,8247.02,8300.48,8211.81,367521,13.6456,3.1875,0.23359178050067422
70,2020-04-21,8236.59,8106.2,8236.59,8054.04,419665,13.8356,3.2319,0.23359304981352455
71,2020-04-22,8063.17,8210.51,8210.51,8021.45,320788,13.7017,3.2006,0.23359145215557192
72,2020-04-23,8210.51,8297.87,8327.86,8210.51,474841,13.5872,3.1739,0.2335948539802167
73,2020-04-24,8316.12,8203.99,8327.86,8177.91,287880,13.5774,3.1716,0.233594060718547
74,2020-04-27,8181.82,8194.86,8273.1,8134.88,244655,13.6091,3.179,0.23359369833420285
75,2020-04-28,8194.86,8313.52,8327.86,8127.06,408555,13.7138,3.2035,0.23359681488719392
76,2020-04-29,8287.44,8343.5,8429.56,8267.88,320440,13.7017,3.2006,0.23359145215557192
77,2020-04-30,8194.86,8284.83,8400.88,8184.43,631454,13.6943,3.1989,0.23359353891765186
78,2020-05-06,8160.96,8244.41,8244.41,8160.96,603182,13.8478,3.2348,0.23359667239561518
79,2020-05-07,8247.02,8197.47,8310.91,8187.04,435386,13.9258,3.253,0.23359519740338078
80,2020-05-08,8224.85,8574.29,8651.22,8183.13,1233737,13.9623,3.2615,0.23359331915228865
81,2020-05-11,8703.37,8733.36,8866.36,8679.9,871716,13.8624,3.2382,0.23359591412742384
82,2020-05-12,8785.52,8836.37,8872.88,8712.5,659116,14.0013,3.2706,0.23359259497332388
83,2020-05-13,8835.07,8756.83,8835.07,8677.3,481904,14.4689,3.3799,0.23359757825404837
84,2020-05-14,8759.44,8780.3,8883.31,8752.92,402485,13.877,3.2416,0.2335951574547813
85,2020-05-15,8836.37,8696.86,8838.98,8666.87,382784,13.8308,3.2308,0.23359458599647165
86,2020-05-18,8705.98,8704.68,8763.35,8575.59,408131,13.9233,3.2524,0.23359404738819103
87,2020-05-19,8836.37,8708.59,8836.37,8694.25,351415,14.637,3.4191,0.23359294937487188
88,2020-05-20,8705.98,8625.14,8705.98,8580.81,370543,14.4982,3.3867,0.2335945151811949
89,2020-05-21,8666.87,8576.9,8666.87,8544.3,282576,14.3496,3.352,0.2335953615431789
90,2020-05-22,8578.2,8395.66,8579.51,8394.36,391141,14.3545,3.3531,0.23359225330035877
91,2020-05-25,8398.27,8301.78,8438.69,8235.28,393736,13.9355,3.2552,0.23359047038140002
92,2020-05-26,8380.01,8559.95,8562.56,8374.8,444970,13.6383,3.1858,0.2335921632461524
93,2020-05-27,8549.52,8476.5,8635.57,8445.21,350574,14.2936,3.3389,0.23359405608104328
94,2020-05-28,8483.02,8552.12,8653.83,8451.73,419757,14.2546,3.3298,0.23359476940777013
95,2020-05-29,8485.63,8567.77,8579.51,8473.89,291691,14.4811,3.3827,0.23359413304237936
96,2020-06-01,8642.09,8702.07,8739.88,8600.37,579251,14.3691,3.3565,0.2335915262612133
97,2020-06-02,8820.72,8717.72,8833.76,8668.17,468375,14.5713,3.4037,0.23358931598416063
98,2020-06-03,8719.02,8708.59,8769.87,8642.09,458200,14.4909,3.385,0.23359487678474075
99,2020-06-04,8784.22,8921.12,8926.34,8758.14,656228,14.6346,3.4185,0.23359025870198022
100,2020-06-05,8966.76,8988.92,9098.45,8952.42,585366,14.922,3.4857,0.2335946924004825
101,2020-06-08,9172.77,9278.38,9357.92,9097.15,698377,14.2351,3.3252,0.23359161509227194
102,2020-06-09,9307.07,9217.1,9312.29,9140.17,423431,14.1791,3.3121,0.23359028429166873
103,2020-06-10,9287.51,9140.17,9288.82,9081.5,414142,13.9842,3.2666,0.23359219690793898
104,2020-06-11,9140.17,8982.4,9142.78,8912.0,502725,13.7796,3.2188,0.23359168626084936
105,2020-06-12,8803.77,8982.4,8992.84,8741.19,458145,13.7528,3.2126,0.23359606770984817
106,2020-06-15,8878.09,8769.87,8932.86,8762.05,434865,13.9379,3.2558,0.23359329597715578
107,2020-06-16,8862.45,8841.59,8884.61,8771.18,373334,13.6968,3.1995,0.23359470825302261
108,2020-06-17,8827.24,8832.46,8835.07,8747.71,340597,13.9477,3.2581,0.23359406927307014
109,2020-06-18,8797.25,8870.27,8931.55,8797.25,354163,14.3325,3.348,0.2335949764521193
110,2020-06-19,8927.64,8971.97,8991.53,8888.53,554184,14.1425,3.3036,0.23359377762064698
111,2020-06-22,8837.67,8765.96,8848.11,8712.5,737390,14.0719,3.2871,0.23359318926370998
112,2020-06-23,8732.06,8631.66,8771.18,8627.75,717338,14.089,3.2911,0.23359358364681668
113,2020-06-24,8640.79,8760.75,8764.66,8640.79,537127,13.955,3.2598,0.23359369401648153
114,2020-06-29,8732.06,8661.65,8733.36,8631.66,373017,14.352,3.3525,0.23359113712374582
115,2020-06-30,8700.77,8675.99,8745.1,8625.14,429141,14.352,3.3525,0.23359113712374582
116,2020-07-01,8679.9,8785.52,8836.37,8601.67,722333,14.9391,3.2666,0.21866109738873157
117,2020-07-02,8756.83,8889.83,8898.96,8719.02,1020712,15.0828,3.298,0.21865966531413264
118,2020-07-03,8914.6,8919.82,9058.03,8867.66,939737,15.1973,3.3231,0.2186638416034427
119,2020-07-06,8882.01,9287.51,9314.89,8849.41,1421416,14.6565,3.2048,0.21866066250469077
120,2020-07-07,9390.52,9133.65,9514.39,9129.74,1462406,14.5298,3.1771,0.21866095885696982
121,2020-07-08,9123.22,9056.73,9227.53,8947.2,1270422,14.1328,3.0903,0.218661553266161
122,2020-07-09,9074.98,9099.75,9108.88,9013.7,1041825,14.1499,3.0941,0.2186658562958042
123,2020-07-10,9191.02,8991.53,9278.38,8977.19,1205133,14.1206,3.0877,0.21866634562270726
124,2020-07-13,9018.91,9051.51,9094.54,8930.25,1243771,13.8697,3.0328,0.21866370577589997
125,2020-07-14,9048.9,8930.25,9093.23,8862.45,948720,13.8405,3.0264,0.2186626205700661
126,2020-07-15,8862.45,8951.11,9058.03,8798.56,1132756,13.6992,2.9955,0.2186624036440084
127,2020-07-16,8992.84,8600.37,9058.03,8533.87,1240511,13.8551,3.0296,0.21866316374475822
128,2020-07-17,8705.98,8759.44,8797.25,8660.35,769392,13.3728,2.9241,0.2186602656137832
129,2020-07-20,8759.44,8983.71,9007.18,8670.78,886204,13.5482,2.9625,0.21866373392775423
130,2020-07-21,9026.74,8981.1,9095.84,8913.3,684675,13.8868,3.0365,0.21866088659734426
131,2020-07-22,8992.84,9060.64,9155.82,8986.32,942786,13.9769,3.0562,0.2186607903040016
132,2020-07-23,9071.07,9134.96,9162.34,8935.46,937554,14.1328,3.0903,0.218661553266161
133,2020-07-24,9067.16,8752.92,9082.8,8678.6,1015201,14.1255,3.0887,0.21866128632614773
134,2020-07-27,8777.7,8703.37,8845.5,8653.83,538754,14.1109,3.0855,0.2186607516175439
135,2020-07-28,8784.22,8728.15,8797.25,8675.99,440741,14.2668,3.1196,0.21866150783637536
136,2020-07-29,8728.15,9044.99,9123.22,8705.98,1430140,14.2229,3.11,0.21866145441506304
137,2020-07-30,9108.88,8794.65,9108.88,8764.66,1236862,14.3715,3.1425,0.21866193507984555
138,2020-07-31,8779.0,8720.33,8803.77,8660.35,1155645,14.1791,3.1004,0.21865985852416586
139,2020-08-03,8752.92,8773.78,8814.2,8713.81,823898,13.8819,3.0355,0.21866603274767862
140,2020-08-04,8786.82,8754.23,8801.17,8703.37,751430,13.1779,2.8815,0.2186615469839656
141,2020-08-05,8709.89,8712.5,8745.1,8666.87,594136,13.2656,2.9007,0.2186633096128332
142,2020-08-06,8690.34,8630.36,8709.89,8576.9,709541,13.3411,2.9172,0.21866262901859665
143,2020-08-07,8610.8,8634.27,8669.47,8535.17,668633,12.6776,3.0164,0.23793146967880355
144,2020-08-10,8632.97,8640.79,8660.35,8552.12,561396,12.6248,3.0038,0.23792852163994677
145,2020-08-11,8666.87,8584.72,8712.5,8576.9,546665,12.4159,2.9541,0.2379287848645688
146,2020-08-12,8556.04,8567.77,8604.28,8476.5,602009,12.432,2.9579,0.23792631917631918
147,2020-08-13,8588.63,8572.99,8652.52,8569.08,342039,12.5973,2.9972,0.2379239995872131
148,2020-08-14,8572.99,8634.27,8639.48,8537.78,317245,12.4434,2.9606,0.23792532587556453
149,2020-08-17,8634.27,8705.98,8755.53,8601.67,677724,12.2598,2.9169,0.23792394655704008
150,2020-08-18,8678.6,8604.28,8702.07,8588.63,618495,12.5077,2.9759,0.237925437930235
151,2020-08-19,8582.11,8496.06,8582.11,8494.75,500985,12.5582,2.988,0.23793218773391092
152,2020-08-20,8466.07,8357.85,8466.07,8343.5,626313,12.6225,3.0032,0.2379243414537532
153,2020-08-21,8464.77,8369.58,8466.07,8342.2,382465,12.4916,2.9721,0.23792788754042718
154,2020-08-24,8407.39,8359.15,8433.47,8340.9,455096,12.9485,3.3662,0.2599683361007067
155,2020-08-25,8343.5,8378.71,8396.96,8343.5,351155,12.9738,3.3728,0.25997009357320133
156,2020-08-26,8380.01,8262.66,8413.91,8210.51,616866,12.3378,3.2074,0.2599653098607531
157,2020-08-27,8262.66,8202.69,8271.79,8128.36,527948,11.9108,3.0964,0.25996574537394634
158,2020-08-28,8211.81,8476.5,8479.11,8194.86,826886,11.8924,3.0917,0.25997275570952877
159,2020-08-31,8595.15,8406.09,8640.79,8376.1,743452,12.1036,3.1466,0.2599722396642321
160,2020-09-01,8380.01,8438.69,8458.25,8346.11,325279,11.9292,3.1012,0.2599671394561245
161,2020-09-02,8494.75,8410.0,8509.1,8344.81,380873,12.0072,3.1215,0.25996901858884675
162,2020-09-03,8463.46,8438.69,8486.93,8400.88,488935,11.9361,3.103,0.25996766112884445
163,2020-09-04,8377.41,8449.12,8471.28,8321.34,373602,11.9843,3.1155,0.25996512103335195
164,2020-09-07,8471.28,8472.59,8575.59,8449.12,564502,11.9567,3.1084,0.25997139679008424
165,2020-09-08,8507.79,8533.87,8544.3,8471.28,418972,12.0692,3.1376,0.25996752063102774
166,2020-09-09,8432.17,8406.09,8503.88,8351.33,364947,12.1289,3.1531,0.25996586664907784
167,2020-09-10,8428.26,8419.13,8450.42,8394.36,343108,12.2781,3.1919,0.2599669329945187
168,2020-09-11,8429.56,8453.03,8484.32,8381.32,324752,11.7409,3.0523,0.25997155243635495
169,2020-09-14,8464.77,8507.79,8563.86,8453.03,257775,11.3001,2.9377,0.25997115069778143
170,2020-09-15,8507.79,8571.68,8612.1,8469.98,436826,11.8396,3.0779,0.25996655292408527
171,2020-09-16,8571.68,8477.8,8593.85,8464.77,335306,11.5481,3.0021,0.25996484270139675
172,2020-09-17,8476.5,8445.21,8509.1,8434.78,278681,12.0394,3.1298,0.25996312108576836
173,2020-09-18,8497.36,8556.04,8565.16,8446.51,338102,12.1565,3.1603,0.2599679183975651
174,2020-09-21,8569.08,8673.39,8725.54,8561.25,685782,12.4893,3.2468,0.2599665313508363
175,2020-09-22,8621.23,8536.48,8661.65,8507.79,336980,13.0656,3.3966,0.25996509919177074
176,2020-09-23,8536.48,8537.78,8561.25,8477.8,243259,13.3664,3.4748,0.2599652860904956
177,2020-09-24,8486.93,8383.92,8505.19,8356.54,314259,13.6901,3.559,0.2599688826232095
178,2020-09-25,8386.53,8355.24,8413.91,8339.59,248545,13.9518,3.627,0.25996645594116885
179,2020-09-28,8356.54,8213.12,8399.57,8210.51,463814,13.5982,3.5351,0.25996823108940886
180,2020-09-29,8262.66,8218.33,8290.05,8218.33,293495,14.1148,3.6694,0.25996826026582026
181,2020-09-30,8231.37,8249.63,8265.27,8214.42,227172,14.4615,3.7595,0.25996611693116206
182,2020-10-09,8402.18,8438.69,8497.36,8355.24,480338,13.7337,3.5703,0.2599663601214531
183,2020-10-12,8473.89,8578.2,8588.63,8473.89,411485,13.7727,3.5805,0.2599708118233897
184,2020-10-13,8578.2,8589.94,8606.89,8536.48,245898,13.7819,3.5829,0.2599714117792177
185,2020-10-14,8789.43,8810.29,8859.84,8734.67,1053449,13.5914,3.5333,0.2599658607648955
186,2020-10-15,8827.24,8854.62,8923.73,8811.6,682500,13.938,3.6234,0.25996556177356867
187,2020-10-16,8862.45,8823.33,8964.15,8792.04,473935,13.8416,3.5984,0.25996994567102066
188,2020-10-19,8882.01,8764.66,8906.78,8758.14,365088,13.8324,3.596,0.25996934732945837
189,2020-10-20,8799.86,8816.81,8844.19,8758.14,282633,14.1355,3.6748,0.2599695801351208
190,2020-10-21,8862.45,8862.45,8927.64,8773.78,404811,14.3811,3.7386,0.25996620564490897
191,2020-10-22,8855.93,8940.68,8953.72,8765.96,512063,14.5786,3.79,0.2599700931502339
192,2020-10-23,8964.15,8904.17,8966.76,8872.88,373801,14.1584,3.6807,0.2599658153463668
193,2020-10-26,8901.56,8887.22,8966.76,8812.9,335540,14.2709,3.71,0.25996958846323637
194,2020-10-27,8888.53,8762.05,8927.64,8758.14,329553,14.4913,3.7673,0.2599697749684293
195,2020-10-28,8762.05,8765.96,8836.37,8738.58,316767,14.4018,3.744,0.25996750406199226
196,2020-10-29,8679.9,8814.2,8898.96,8646.0,472399,14.4408,3.7541,0.25996482189352393
197,2020-10-30,8862.45,8918.51,9065.85,8861.14,792678,14.652,3.8091,0.25997133497133496
198,2020-11-02,8875.49,9148.0,9207.98,8875.49,825206,14.675,3.815,0.2599659284497444
199,2020-11-03,9154.52,9127.13,9168.86,9028.04,493743,14.2571,3.7064,0.2599687173408337
200,2020-11-04,9181.9,9407.47,9479.18,9168.86,910747,14.3214,3.7231,0.2599676009328697
201,2020-11-05,9501.35,9488.31,9673.46,9437.46,695416,14.5189,3.7744,0.25996459786898457
202,2020-11-06,9578.28,9955.1,9970.74,9514.39,1085986,14.4293,3.7512,0.25997103116575304
203,2020-11-09,10159.81,10107.65,10333.22,9957.7,932328,14.1355,3.6748,0.2599695801351208
204,2020-11-10,10075.05,9887.3,10075.05,9820.8,604279,13.4926,3.5077,0.259972132872834
205,2020-11-11,9867.74,9880.78,10017.68,9719.09,490630,14.6796,3.8162,0.25996621161339545
206,2020-11-12,9972.05,10084.18,10178.06,9969.44,515618,15.2995,3.9774,0.2599692800418314
207,2020-11-13,10003.34,10069.84,10111.56,9906.85,445707,15.2673,3.969,0.2599673812658427
208,2020-11-16,10234.13,10140.25,10295.41,9983.78,402445,15.692,4.0794,0.2599668620953352
209,2020-11-17,10121.99,10348.87,10492.29,10098.52,608315,15.591,4.0532,0.25997049579885834
210,2020-11-18,10309.75,10125.9,10361.91,10034.63,524829,15.4556,4.018,0.2599704961308522
211,2020-11-19,10127.21,10283.67,10341.04,10127.21,510614,15.8183,4.1123,0.25997104619333306
212,2020-11-20,10286.28,10283.67,10334.53,10153.29,383513,16.0272,4.1666,0.25997055006488967
213,2020-11-23,10294.1,10329.31,10335.83,10198.92,462542,16.0158,4.1636,0.25996828132219435
214,2020-11-24,10361.91,10140.25,10386.68,10051.58,503309,16.0135,4.163,0.2599681518718581
215,2020-11-25,10167.63,10144.16,10277.15,10121.99,331981,16.0433,4.1707,0.259965219125741
216,2020-11-26,10231.52,10094.61,10291.5,10033.33,366858,15.7954,4.1063,0.25996809197614495
217,2020-11-27,10095.92,10121.99,10208.05,10038.54,270542,15.4556,4.018,0.2599704961308522
218,2020-11-30,10202.83,10119.39,10318.88,10112.87,434160,15.125,3.932,0.2599669421487603
219,2020-12-01,10062.01,10192.4,10192.4,10015.08,346930,15.4051,4.0048,0.25996585546345047
