,日期,开盘,收盘,最高,最低,成交量,pe,pb,roe
0,2020-01-03,57.63,56.94,57.94,56.85,413517,0.0,2.7828,inf
1,2020-01-06,56.72,56.68,57.94,56.33,384648,0.0,2.5294,inf
2,2020-01-07,56.85,57.85,58.64,56.85,385307,0.0,2.3963,inf
3,2020-01-08,57.68,59.03,59.99,57.2,517455,0.0,2.225,inf
4,2020-01-09,59.11,59.07,60.25,58.77,350431,0.0,2.3692,inf
5,2020-01-10,58.94,60.46,60.99,58.77,449766,0.0,2.1539,inf
6,2020-01-13,60.94,63.08,63.08,60.81,442943,0.0,2.201,inf
7,2020-01-14,63.51,59.9,63.69,58.64,823565,0.0,2.0608,inf
8,2020-01-15,60.03,60.16,60.77,58.94,452069,0.0,2.0278,inf
9,2020-01-16,60.03,60.07,60.42,59.16,274750,0.0,2.236,inf
10,2020-01-17,59.72,58.72,60.16,58.03,557462,0.0,2.0328,inf
11,2020-01-20,59.51,58.77,59.81,57.85,364375,0.0,1.8806,inf
12,2020-01-21,58.72,56.5,58.81,56.07,558397,0.0,1.7093,inf
13,2020-01-22,56.33,56.85,57.42,55.72,396687,0.0,1.6512,inf
14,2020-01-23,56.28,54.28,56.76,53.76,448648,0.0,1.6082,inf
15,2020-02-03,49.97,49.97,49.97,49.97,99142,0.0,1.6532,inf
16,2020-02-04,47.36,51.23,51.41,47.36,713392,0.0,1.7464,inf
17,2020-02-05,51.23,50.36,52.32,50.01,455180,0.0,1.7724,inf
18,2020-02-06,50.01,50.49,51.1,49.66,374932,0.0,1.8485,inf
19,2020-02-07,50.1,50.54,50.93,50.1,275140,0.0,1.7604,inf
20,2020-02-10,50.41,52.19,52.45,50.23,413467,0.0,1.7354,inf
21,2020-02-11,52.23,53.15,54.11,51.58,370800,0.0,1.8029,inf
22,2020-02-12,52.71,53.06,53.28,52.19,245473,0.0,1.6827,inf
23,2020-02-13,53.02,53.89,54.59,53.02,395464,0.0,1.6603,inf
24,2020-02-14,53.76,53.02,53.76,52.36,311510,0.0,1.6226,inf
25,2020-02-17,54.59,57.2,57.2,54.59,649299,0.0,1.5788,inf
26,2020-02-18,57.33,58.03,58.5,56.28,570281,0.0,1.6114,inf
27,2020-02-19,57.85,57.63,59.46,57.5,449129,0.0,1.6085,inf
28,2020-02-20,57.63,58.55,59.55,57.46,318236,0.0,1.6342,inf
29,2020-02-21,59.72,60.55,61.2,59.2,502581,0.0,1.7155,inf
30,2020-02-24,59.81,60.9,61.77,59.59,473531,0.0,1.7165,inf
31,2020-02-25,59.94,61.77,62.64,58.85,699897,0.0,1.5601,inf
32,2020-02-26,60.81,58.72,61.81,58.55,526102,0.0,1.5282,inf
33,2020-02-27,58.68,58.2,59.81,57.33,515413,0.0,1.5735,inf
34,2020-02-28,56.55,55.54,57.72,54.93,625169,0.0,1.5869,inf
35,2020-03-02,56.11,58.24,59.55,55.54,664960,0.0,1.6332,inf
36,2020-03-03,59.11,57.46,60.16,57.02,387018,0.0,1.485,inf
37,2020-03-04,56.98,59.94,59.94,56.59,508692,0.0,1.4665,inf
38,2020-03-05,60.03,61.16,62.03,59.29,573531,0.0,1.3821,inf
39,2020-03-06,61.16,61.2,61.77,59.85,321278,0.0,1.378,inf
40,2020-03-09,60.07,57.76,60.68,57.72,359582,0.0,1.4212,inf
41,2020-03-10,57.59,60.33,60.64,57.42,432332,0.0,1.4253,inf
42,2020-03-11,60.33,59.77,61.9,59.55,370914,0.0,1.4171,inf
43,2020-03-12,59.07,60.38,60.86,58.59,424717,0.0,1.4747,inf
44,2020-03-13,57.85,62.25,63.29,57.24,687710,0.0,1.4757,inf
45,2020-03-16,62.9,57.5,62.9,57.42,527424,0.0,1.4973,inf
46,2020-03-17,57.94,55.94,58.64,53.71,495896,0.0,1.5138,inf
47,2020-03-18,55.72,53.76,57.5,53.5,444364,0.0,1.5395,inf
48,2020-03-19,53.5,54.93,56.33,52.19,548609,0.0,1.4696,inf
49,2020-03-20,55.59,56.68,56.81,54.98,278045,0.0,1.4109,inf
50,2020-03-23,54.37,53.06,55.11,52.76,342408,0.0,1.4006,inf
51,2020-03-24,54.37,56.55,56.94,53.54,398575,0.0,1.4099,inf
52,2020-03-25,58.07,59.11,60.12,56.72,530173,0.0,1.4006,inf
53,2020-03-26,58.16,56.59,58.37,55.94,411464,0.0,1.3389,inf
54,2020-03-27,57.46,56.94,57.9,55.28,313764,0.0,1.3234,inf
55,2020-03-30,56.11,57.81,58.5,55.46,376513,0.0,1.2586,inf
56,2020-03-31,58.24,57.33,58.85,56.5,359564,0.0,1.2884,inf
57,2020-04-01,57.33,55.46,58.2,54.85,418533,0.0,1.2689,inf
58,2020-04-02,54.85,54.8,54.93,53.28,435890,0.0,1.2596,inf
59,2020-04-03,54.67,54.02,55.2,53.5,243707,0.0,1.2771,inf
60,2020-04-07,54.59,54.54,54.85,53.93,341160,0.0,1.2051,inf
61,2020-04-08,53.93,54.11,54.28,53.02,400539,0.0,1.292,inf
62,2020-04-09,54.37,55.02,55.67,54.28,379899,0.0,1.2672,inf
63,2020-04-10,55.02,53.93,55.02,53.58,223353,0.0,1.2382,inf
64,2020-04-13,53.98,54.45,54.63,53.19,234715,0.0,1.2296,inf
65,2020-04-14,54.32,54.54,54.89,53.76,228092,0.0,1.2651,inf
66,2020-04-15,54.72,54.76,55.98,54.72,258827,0.0,1.2748,inf
67,2020-04-16,54.93,54.19,55.06,53.93,217931,0.0,1.2285,inf
68,2020-04-17,54.59,54.45,55.02,53.5,246639,0.0,1.2447,inf
69,2020-04-20,54.19,53.71,54.59,53.45,325318,0.0,1.2629,inf
70,2020-04-21,53.45,51.84,53.71,51.45,419402,0.0,1.2801,inf
71,2020-04-22,51.19,51.28,51.58,50.67,421753,0.0,1.2307,inf
72,2020-04-23,51.58,50.54,51.84,50.45,323753,0.0,1.2264,inf
73,2020-04-24,50.67,51.06,51.41,50.06,374700,0.0,1.2447,inf
74,2020-04-27,50.93,50.49,51.15,50.01,297401,0.0,1.2318,inf
75,2020-04-28,50.67,51.23,51.54,49.58,419492,0.0,1.1984,inf
76,2020-04-29,51.23,50.84,51.8,50.54,249472,0.0,1.1383,inf
77,2020-04-30,51.54,53.5,54.19,51.49,516847,0.0,1.1716,inf
78,2020-05-06,54.32,57.07,57.24,54.19,653161,0.0,1.1683,inf
79,2020-05-07,57.02,57.15,57.76,56.41,336854,0.0,1.2017,inf
80,2020-05-08,57.63,57.76,58.07,56.85,328386,0.0,1.206,inf
81,2020-05-11,57.76,58.16,59.07,57.15,413046,0.0,1.1898,inf
82,2020-05-12,58.5,58.5,59.07,57.42,322979,0.0,1.1845,inf
83,2020-05-13,58.2,58.29,58.77,57.9,225771,0.0,1.2081,inf
84,2020-05-14,58.24,57.5,58.64,57.33,242500,0.0,1.1791,inf
85,2020-05-15,57.85,57.15,58.2,56.94,228966,0.0,1.1834,inf
86,2020-05-18,57.11,56.33,57.72,55.98,299232,0.0,1.1963,inf
87,2020-05-19,57.07,56.94,57.5,56.37,259835,0.0,1.2339,inf
88,2020-05-20,56.94,55.63,57.11,55.46,264008,0.0,1.2318,inf
89,2020-05-21,56.37,55.2,56.72,54.85,204683,0.0,1.2393,inf
90,2020-05-22,55.24,54.76,56.24,54.54,306331,0.0,1.2156,inf
91,2020-05-25,54.98,55.67,57.15,54.98,316864,0.0,1.1533,inf
92,2020-05-26,55.98,55.06,56.11,54.5,311959,0.0,1.1769,inf
93,2020-05-27,55.15,55.06,55.67,54.59,216108,0.0,1.2758,inf
94,2020-05-28,54.8,53.98,55.33,53.58,251977,0.0,1.4177,inf
95,2020-05-29,54.28,54.19,55.02,53.67,273888,0.0,1.4414,inf
96,2020-06-01,54.59,55.46,55.85,54.5,406863,0.0,1.3994,inf
97,2020-06-02,55.94,54.37,55.98,54.24,400109,0.0,1.3898,inf
98,2020-06-03,54.89,58.68,58.68,54.63,890006,0.0,1.3908,inf
99,2020-06-04,59.11,57.42,59.11,56.28,866785,0.0,1.3919,inf
100,2020-06-05,56.94,56.07,56.94,55.5,462209,0.0,1.3489,inf
101,2020-06-08,55.76,57.37,57.9,55.76,520593,0.0,1.3167,inf
102,2020-06-09,59.16,58.81,60.03,58.03,755145,0.0,1.2038,inf
103,2020-06-10,58.64,58.72,59.33,57.85,450641,0.0,1.1888,inf
104,2020-06-11,58.94,59.46,60.55,58.29,533588,0.0,1.1823,inf
105,2020-06-12,58.72,61.2,61.64,58.59,604976,0.0,1.2027,inf
106,2020-06-15,60.46,61.34,62.08,59.72,457072,0.0,1.2178,inf
107,2020-06-16,61.77,61.6,62.03,60.99,277918,0.0,1.2242,inf
108,2020-06-17,61.9,61.29,62.03,60.46,288101,0.0,1.2307,inf
109,2020-06-18,61.25,61.29,61.94,60.59,317971,0.0,1.2468,inf
110,2020-06-19,61.77,61.77,62.6,61.38,269438,0.0,1.235,inf
111,2020-06-22,61.73,61.12,62.12,60.77,308475,0.0,1.235,inf
112,2020-06-23,61.16,60.86,61.42,60.16,300203,0.0,1.2425,inf
113,2020-06-24,61.34,60.59,61.51,60.46,249723,0.0,1.2361,inf
114,2020-06-29,60.25,59.99,60.99,59.33,297914,0.0,1.2328,inf
115,2020-06-30,60.42,59.16,60.73,58.72,422576,0.0,1.1898,inf
116,2020-07-01,59.46,59.42,59.59,58.46,329087,0.0,1.1716,inf
117,2020-07-02,59.29,60.03,60.64,58.9,530836,0.0,1.1737,inf
118,2020-07-03,60.46,64.6,64.86,60.29,1024575,0.0,1.1383,inf
119,2020-07-06,64.34,65.91,66.39,62.77,996683,0.0,1.106,inf
120,2020-07-07,65.82,67.65,68.3,64.86,783503,0.0,1.1393,inf
121,2020-07-08,67.34,67.61,68.65,66.95,536769,0.0,1.1705,inf
122,2020-07-09,67.48,67.56,68.96,67.0,460708,0.0,1.0641,inf
123,2020-07-10,67.21,67.95,69.39,66.78,522137,0.0,1.091,inf
124,2020-07-13,67.61,69.65,70.48,67.48,456462,0.0,1.0598,inf
125,2020-07-14,69.7,68.69,69.96,67.0,560654,0.0,1.0544,inf
126,2020-07-15,65.95,62.95,66.78,62.95,1258862,0.0,1.0813,inf
127,2020-07-16,61.12,58.94,61.6,58.37,1083158,0.0,1.0813,inf
128,2020-07-17,58.98,57.98,60.03,57.42,689875,0.0,1.0963,inf
129,2020-07-20,58.33,60.51,60.64,57.81,854611,0.0,1.0738,inf
130,2020-07-21,60.59,61.47,62.12,60.2,620908,0.0,1.0845,inf
131,2020-07-22,61.03,61.16,62.25,60.33,535822,0.0,1.0953,inf
132,2020-07-23,60.55,61.25,61.29,59.24,455840,0.0,1.1275,inf
133,2020-07-24,60.64,59.72,62.95,58.46,669438,0.0,1.1125,inf
134,2020-07-27,59.16,59.2,59.99,58.11,368613,0.0,1.1329,inf
135,2020-07-28,59.59,59.03,60.25,58.42,328305,0.0,1.1415,inf
136,2020-07-29,58.94,60.2,60.25,58.07,367070,0.0,1.1608,inf
137,2020-07-30,60.16,59.24,60.77,58.98,343114,0.0,1.1662,inf
138,2020-07-31,59.11,59.46,59.77,58.33,410394,0.0,1.1576,inf
139,2020-08-03,59.55,60.12,60.16,59.2,553493,0.0,1.1479,inf
140,2020-08-04,60.25,59.94,60.46,59.24,395787,0.0,1.1329,inf
141,2020-08-05,59.81,58.59,59.85,58.33,627402,0.0,1.1307,inf
142,2020-08-06,58.64,58.72,59.33,57.76,401194,0.0,1.0426,inf
143,2020-08-07,58.29,57.37,58.29,56.98,426970,64.1314,0.9901,0.015438615093386392
144,2020-08-10,57.85,59.81,60.03,57.85,741696,64.7664,0.9999,0.015438560735196026
145,2020-08-11,60.03,61.16,62.38,59.85,922171,63.567,0.9814,0.01543882832287193
146,2020-08-12,61.16,61.68,62.12,59.77,579637,64.4842,0.9956,0.015439440979340677
147,2020-08-13,62.21,60.94,62.38,60.68,402952,63.6376,0.9825,0.015438985756848154
148,2020-08-14,60.81,61.12,61.42,60.12,289170,64.8369,1.001,0.015438739359839842
149,2020-08-17,61.25,63.12,63.38,60.99,564542,65.7541,1.0152,0.015439341425097449
150,2020-08-18,63.12,62.42,63.95,62.25,409379,68.7878,1.062,0.015438784203012743
151,2020-08-19,62.42,61.68,62.9,61.42,342860,69.9872,1.0805,0.015438537332540808
152,2020-08-20,61.16,61.03,61.99,60.59,288768,69.5639,1.074,0.015439042376865011
153,2020-08-21,61.42,62.9,63.03,61.25,479667,70.4811,1.0881,0.015438181299667572
154,2020-08-24,63.08,62.51,63.25,61.86,331714,70.1283,1.0957,0.015624220179299939
155,2020-08-25,62.69,61.07,62.69,60.59,414509,69.9872,1.0935,0.01562428558364958
156,2020-08-26,60.64,61.42,61.42,59.9,381437,69.1406,1.0803,0.015624683615704809
157,2020-08-27,61.42,62.6,62.99,60.99,459478,70.9044,1.1078,0.015623854090860369
158,2020-08-28,61.94,63.6,63.77,61.51,526288,69.4228,1.0847,0.015624549859700273
159,2020-08-31,64.34,62.25,64.6,62.25,425548,70.1283,1.0957,0.015624220179299939
160,2020-09-01,62.38,65.3,65.6,62.38,774126,69.2817,1.0825,0.015624616601497943
161,2020-09-02,65.34,64.56,65.56,64.12,481518,70.5516,1.1023,0.015624025535919812
162,2020-09-03,64.6,64.95,65.95,64.12,477392,71.6099,1.1189,0.015624934541173778
163,2020-09-04,63.73,65.78,65.91,63.34,463995,74.6436,1.1663,0.015624916268775886
164,2020-09-07,65.47,64.51,66.52,64.08,387677,75.4197,1.1784,0.01562456493462583
165,2020-09-08,65.08,67.26,68.26,64.82,718089,74.0086,1.1563,0.015623859929791943
166,2020-09-09,66.56,67.91,69.52,66.56,872953,73.4442,1.1475,0.01562410646449958
167,2020-09-10,68.26,70.52,72.7,68.04,1002579,77.5362,1.2115,0.015624959696245111
168,2020-09-11,71.39,70.92,71.79,69.09,506786,73.3737,1.1464,0.01562412690105583
169,2020-09-14,70.96,70.52,71.35,68.69,622216,67.7295,1.0582,0.015623915723576876
170,2020-09-15,70.04,70.96,72.31,69.39,490937,73.5853,1.1497,0.015624044476274471
171,2020-09-16,70.57,73.44,74.66,70.04,564641,70.7633,1.1056,0.015623918047914666
172,2020-09-17,73.22,76.4,78.88,72.92,897520,68.8584,1.0759,0.015624818468044567
173,2020-09-18,76.27,75.27,76.27,73.79,578656,72.386,1.131,0.015624568286685271
174,2020-09-21,74.66,74.62,76.31,74.18,354836,74.9258,1.1707,0.015624791460351443
175,2020-09-22,74.14,73.7,75.14,73.22,326163,82.6159,1.2908,0.015624111097258519
176,2020-09-23,73.79,73.66,74.44,72.96,284434,79.5822,1.2434,0.015624096845777072
177,2020-09-24,73.4,71.22,73.53,71.13,436386,78.5945,1.228,0.015624502986850225
178,2020-09-25,71.92,71.57,72.92,70.92,234474,79.5117,1.2423,0.01562411569618056
179,2020-09-28,72.18,71.39,73.61,70.31,399951,75.3491,1.1773,0.015624606000602528
180,2020-09-29,71.48,69.57,71.7,69.17,432108,80.9227,1.2644,0.015624787605949875
181,2020-09-30,69.83,69.74,70.61,68.87,627825,80.8521,1.2633,0.015624826071307983
182,2020-10-09,72.0,73.31,73.7,71.22,596916,78.8767,1.2324,0.015624385908639687
183,2020-10-12,73.53,74.09,75.05,73.18,500789,74.8553,1.1696,0.015624812137550714
184,2020-10-13,74.09,80.36,80.36,72.48,628810,76.1252,1.1894,0.015624261085685159
185,2020-10-14,80.93,78.4,81.63,77.84,701656,71.751,1.1211,0.01562486933980014
186,2020-10-15,79.75,77.84,80.63,77.62,640799,76.0546,1.1883,0.015624301488667352
187,2020-10-16,78.01,75.92,78.75,75.36,490104,76.9013,1.2015,0.01562392313263885
188,2020-10-19,75.92,77.27,78.06,74.83,407271,81.8399,1.2787,0.015624408143216206
189,2020-10-20,76.58,83.89,83.89,75.79,780356,80.4288,1.2567,0.015625
190,2020-10-21,83.94,83.85,88.07,82.5,1116102,79.8644,1.2478,0.015623982650592755
191,2020-10-22,83.46,80.41,83.5,77.71,1012174,76.6191,1.1971,0.015624041524893923
192,2020-10-23,79.23,79.32,81.8,77.23,666836,75.1375,1.174,0.01562468807186824
193,2020-10-26,77.97,80.15,81.15,76.62,455197,75.7724,1.1839,0.01562442261298309
194,2020-10-27,78.8,78.75,79.84,77.49,417915,74.432,1.163,0.015625
195,2020-10-28,78.58,80.63,81.98,78.58,650621,67.659,1.0571,0.015623937687521244
196,2020-10-29,78.67,82.24,84.11,78.14,734937,69.07,1.0792,0.015624728536267556
197,2020-10-30,81.63,83.19,86.29,80.71,837016,67.7295,1.0582,0.015623915723576876
198,2020-11-02,84.07,88.33,89.12,82.32,957069,67.8707,1.0604,0.015623825892469063
199,2020-11-03,88.33,86.72,88.33,84.85,754234,66.3185,1.0362,0.015624599470735918
200,2020-11-04,86.29,87.81,89.77,85.63,725170,63.6376,0.9943,0.01562441072573447
201,2020-11-05,89.86,91.64,92.73,88.38,821294,63.567,0.9932,0.015624459231991442
202,2020-11-06,91.38,88.33,93.43,85.42,956584,63.3553,0.9899,0.015624580737523144
203,2020-11-09,87.33,87.2,88.12,85.07,822604,64.7664,1.0119,0.015623841992144075
204,2020-11-10,85.94,83.15,86.24,82.06,832106,62.7204,0.98,0.01562490035140082
205,2020-11-11,82.19,81.19,83.76,80.5,596990,69.705,1.0891,0.015624417186715443
206,2020-11-12,81.37,83.06,83.37,81.37,533772,73.8675,1.1541,0.015623921210275152
207,2020-11-13,84.41,85.59,86.33,82.19,695246,73.3031,1.1453,0.01562416869136503
208,2020-11-16,93.04,93.04,93.04,89.12,1458240,76.9718,1.2026,0.01562390381932084
209,2020-11-17,96.13,99.66,101.22,96.08,2565449,76.9013,1.2015,0.01562392313263885
210,2020-11-18,101.75,108.49,108.49,99.13,2644070,79.0884,1.2357,0.015624288770540309
211,2020-11-19,112.72,99.44,114.33,98.78,3323118,79.2295,1.2379,0.015624230873601373
212,2020-11-20,97.91,100.87,102.22,95.13,2595555,78.8062,1.2313,0.015624405186393964
213,2020-11-23,98.35,106.97,109.24,95.78,2499628,83.9564,1.3118,0.015624776669795275
214,2020-11-24,108.93,104.92,110.11,104.18,1935330,79.7233,1.2456,0.01562403964712951
215,2020-11-25,106.62,114.29,114.29,105.32,3415603,77.4657,1.2104,0.01562497982978273
216,2020-11-26,111.11,108.02,111.11,105.23,2476077,77.3951,1.2093,0.01562502018861659
217,2020-11-27,107.58,115.46,117.2,104.53,2619540,75.4902,1.1795,0.015624544642880798
218,2020-11-30,112.41,121.25,124.65,111.5,2646838,73.5853,1.1497,0.015624044476274471
219,2020-12-01,119.73,132.27,132.27,118.73,3007342,74.0086,1.1563,0.015623859929791943
