,日期,开盘,收盘,最高,最低,成交量,pe,pb,roe
0,2020-01-03,47.07,46.17,47.39,45.7,528908,7.5733,1.4575,0.19245243156880093
1,2020-01-06,46.07,45.8,46.54,45.7,410982,7.5074,1.4448,0.1924501158856595
2,2020-01-07,45.91,45.91,46.44,45.59,342802,7.3757,1.4194,0.1924427511964966
3,2020-01-08,45.7,44.64,45.7,44.54,355868,7.2064,1.3868,0.19244005328596803
4,2020-01-09,45.33,45.59,45.86,45.17,370573,7.3851,1.4212,0.1924415376907557
5,2020-01-10,46.02,45.54,46.12,45.12,293398,7.5263,1.4484,0.19244515897585798
6,2020-01-13,45.65,45.86,45.96,45.38,453372,7.6768,1.4774,0.1924499791579825
7,2020-01-14,46.28,47.02,47.76,46.28,994516,7.5921,1.4611,0.19245004675913122
8,2020-01-15,46.7,46.6,46.97,46.12,295556,7.7991,1.5009,0.19244528214794013
9,2020-01-16,46.86,46.44,46.86,46.23,309397,7.7144,1.4846,0.19244529710670952
10,2020-01-17,46.6,46.6,46.91,46.12,444660,7.9026,1.5208,0.19244299344519525
11,2020-01-20,46.6,45.91,46.65,45.07,499618,7.4886,1.4412,0.19245252784232034
12,2020-01-21,45.65,44.06,45.8,43.85,413810,7.3851,1.4212,0.1924415376907557
13,2020-01-22,44.06,44.54,44.96,43.64,240846,7.4228,1.4285,0.1924475938998761
14,2020-01-23,43.69,43.22,44.48,42.74,331629,7.6956,1.481,0.1924476324133271
15,2020-02-03,39.47,39.47,39.79,39.47,357200,7.5451,1.452,0.19244277743171065
16,2020-02-04,38.94,40.52,40.79,38.78,470595,7.5263,1.4484,0.19244515897585798
17,2020-02-05,40.26,40.1,41.21,39.89,412210,7.4792,1.4394,0.19245373836773988
18,2020-02-06,40.37,41.42,41.74,39.89,440109,7.3663,1.4176,0.19244396779930223
19,2020-02-07,41.26,41.95,42.11,40.52,314648,7.2064,1.3868,0.19244005328596803
20,2020-02-10,41.53,42.32,42.85,41.21,311353,7.3005,1.405,0.19245257174166153
21,2020-02-11,42.27,42.43,43.11,42.27,240346,7.3475,1.414,0.19244641034365428
22,2020-02-12,42.11,42.11,42.64,42.0,249949,7.2911,1.4031,0.1924400982019174
23,2020-02-13,42.48,43.43,43.9,42.48,412682,8.1001,1.7507,0.21613313415883756
24,2020-02-14,43.43,45.38,45.59,43.16,566795,8.0155,1.7324,0.2161312457114341
25,2020-02-17,45.38,45.28,46.12,44.8,417315,8.1284,1.7568,0.21613109591063434
26,2020-02-18,45.22,45.01,45.38,44.33,468554,8.1001,1.7507,0.21613313415883756
27,2020-02-19,44.7,45.12,45.96,44.59,344496,8.3447,1.8036,0.21613718887437539
28,2020-02-20,45.07,44.75,45.07,44.11,320313,8.4482,1.8259,0.21612887952463247
29,2020-02-21,45.12,44.33,45.22,44.27,334863,8.5141,1.8402,0.21613558685004877
30,2020-02-24,44.43,43.9,44.54,43.32,348362,8.4859,1.8341,0.21613500041244887
31,2020-02-25,43.16,44.27,45.43,43.06,446007,8.6458,1.8686,0.21612806218048072
32,2020-02-26,44.48,45.7,47.23,43.64,827983,8.8057,1.9032,0.2161327322075474
33,2020-02-27,46.7,45.65,46.7,44.7,570859,8.674,1.8747,0.21612866036430714
34,2020-02-28,45.07,45.28,47.02,44.33,723427,8.6458,1.8686,0.21612806218048072
35,2020-03-02,45.28,46.86,48.02,45.28,813035,8.627,1.8646,0.2161353888953286
36,2020-03-03,47.02,45.12,47.18,45.01,777421,8.5705,1.8524,0.21613674814771602
37,2020-03-04,46.44,47.86,48.02,45.96,1144582,8.467,1.83,0.2161332231014527
38,2020-03-05,47.71,48.66,50.24,47.34,1257840,8.5141,1.8402,0.21613558685004877
39,2020-03-06,48.23,47.92,48.66,47.12,571512,8.4576,1.828,0.2161369655694287
40,2020-03-09,46.75,46.86,47.44,45.91,524304,8.5047,1.8381,0.21612755300010583
41,2020-03-10,46.7,47.81,48.81,46.6,556149,8.5423,1.8463,0.21613616941573116
42,2020-03-11,47.71,47.23,48.5,46.97,361736,8.9751,1.9398,0.21613129658722466
43,2020-03-12,47.12,46.54,47.65,46.28,319022,9.2667,2.0028,0.2161287189614426
44,2020-03-13,44.06,45.86,46.33,43.85,383577,9.5395,2.0618,0.21613292101263168
45,2020-03-16,45.86,44.17,46.07,43.64,328398,9.5772,2.0699,0.216127887065113
46,2020-03-17,44.27,44.64,45.01,42.69,334457,9.7277,2.1025,0.2161353660166329
47,2020-03-18,45.01,43.27,45.65,42.9,379233,9.4266,2.0374,0.21613307024802153
48,2020-03-19,43.06,41.84,44.06,41.37,556556,9.4078,2.0333,0.21612916941261506
49,2020-03-20,43.01,44.01,44.17,42.32,455399,9.2291,1.9947,0.21613158379473618
50,2020-03-23,42.21,42.85,43.75,41.9,385587,9.0315,1.952,0.21613242539998895
51,2020-03-24,44.59,45.59,45.96,43.75,495057,9.1726,1.9825,0.21613283038615005
52,2020-03-25,46.44,47.76,48.29,45.91,597322,9.3326,2.0171,0.21613483916593448
53,2020-03-26,47.39,47.97,48.55,47.23,377779,9.182,1.9845,0.21612938357656283
54,2020-03-27,49.03,48.34,49.24,48.02,449322,9.1914,1.9866,0.2161368235524512
55,2020-03-30,48.23,48.44,48.87,47.76,418975,9.2197,1.9927,0.21613501523910755
56,2020-03-31,48.6,47.55,48.66,47.07,428269,9.3232,2.015,0.21612750986785653
57,2020-04-01,47.55,47.6,48.34,47.28,317951,9.3232,2.015,0.21612750986785653
58,2020-04-02,47.49,47.55,47.76,46.54,320702,9.3702,2.0252,0.21613199291370513
59,2020-04-03,47.55,47.86,48.71,47.23,338824,9.3232,2.015,0.21612750986785653
60,2020-04-07,48.29,48.44,48.76,47.39,392340,9.6148,2.0781,0.21613554104089527
61,2020-04-08,48.13,47.71,48.13,47.28,228634,9.9629,2.0819,0.20896526111875058
62,2020-04-09,47.81,47.65,48.34,47.39,169829,9.7935,2.0465,0.20896512993311891
63,2020-04-10,47.86,47.12,48.34,46.7,268713,10.1604,2.1231,0.20895830872800286
64,2020-04-13,47.18,46.49,47.18,46.17,175188,10.3016,2.1526,0.20895783179311953
65,2020-04-14,47.28,49.13,49.55,47.07,580274,10.1981,2.131,0.208960492640786
66,2020-04-15,49.29,48.87,49.61,48.39,432844,10.0005,2.0897,0.20895955202239888
67,2020-04-16,49.18,48.39,49.29,48.02,280560,9.8876,2.0661,0.2089586957401189
68,2020-04-17,48.34,48.34,48.76,47.76,269511,9.9158,2.072,0.20895943847193368
69,2020-04-20,48.39,47.28,48.44,46.39,506224,10.2357,2.1389,0.20896470197446193
70,2020-04-21,46.7,47.34,47.65,46.12,377264,10.1416,2.1192,0.20896111067287215
71,2020-04-22,46.81,47.07,47.34,46.44,194374,9.7277,2.0327,0.20895998026254922
72,2020-04-23,47.07,46.7,47.18,45.8,463107,9.3608,1.956,0.20895649944449193
73,2020-04-24,46.28,46.81,47.55,45.91,320370,9.4455,1.9737,0.20895664602191522
74,2020-04-27,46.97,46.91,47.34,46.65,188192,9.182,1.9187,0.2089631888477456
75,2020-04-28,47.18,47.12,47.6,46.23,287087,9.1632,1.9148,0.20896629998253885
76,2020-04-29,48.39,47.39,48.71,46.81,291765,8.7211,1.8224,0.20896446549173844
77,2020-04-30,47.23,47.55,48.07,47.18,239333,8.7305,1.8243,0.2089571044041006
78,2020-05-06,46.86,47.49,47.76,46.6,335320,8.5517,1.787,0.20896429949600662
79,2020-05-07,47.49,47.07,47.49,46.44,420834,8.627,1.8027,0.20896024110351222
80,2020-05-08,47.18,48.5,48.97,46.86,528496,8.3918,1.7536,0.20896589527872447
81,2020-05-11,48.81,49.55,49.76,48.66,497576,8.1848,1.7103,0.20896051216889847
82,2020-05-12,49.61,48.23,49.71,47.97,555832,8.2413,1.7221,0.20895975149551646
83,2020-05-13,48.23,48.34,48.55,47.39,512935,8.4482,1.7654,0.20896759072938614
84,2020-05-14,48.29,48.55,48.71,47.71,385394,8.0719,1.6867,0.20895947670313064
85,2020-05-15,48.55,47.86,48.81,47.65,573554,8.2789,1.73,0.20896495911292562
86,2020-05-18,47.92,48.07,48.71,47.71,311574,8.5611,1.7889,0.20895679293548727
87,2020-05-19,48.29,47.23,48.44,47.02,360816,8.7493,1.8283,0.20896528865166356
88,2020-05-20,47.34,47.71,47.86,46.97,282938,8.7587,1.8302,0.20895795038076428
89,2020-05-21,47.76,48.18,48.81,47.71,254923,8.8151,1.842,0.20895962609613053
90,2020-05-22,48.13,46.86,48.18,46.81,284313,8.8245,1.844,0.20896368066179385
91,2020-05-25,46.7,47.23,47.49,46.39,233878,8.3071,1.7359,0.20896582441525924
92,2020-05-26,47.39,47.18,47.39,46.7,263154,8.5517,1.787,0.20896429949600662
93,2020-05-27,47.34,47.07,47.39,46.7,223031,8.7399,1.8263,0.20896120092907242
94,2020-05-28,47.12,46.91,47.76,46.6,335871,8.8998,1.8597,0.20895975190453714
95,2020-05-29,46.75,46.17,46.75,45.91,304043,8.9468,1.8695,0.2089573925872938
96,2020-06-01,46.39,47.18,47.18,45.96,465278,8.7211,1.8224,0.20896446549173844
97,2020-06-02,47.23,47.97,48.02,46.97,513261,9.0503,1.8912,0.20896544865916047
98,2020-06-03,48.07,47.97,48.81,47.76,500009,9.0127,1.8833,0.20896068880579624
99,2020-06-04,47.92,48.07,48.39,47.55,226845,8.881,1.8558,0.20896295462222722
100,2020-06-05,47.76,46.6,48.07,46.28,386116,9.1914,1.9207,0.208967077920665
101,2020-06-08,46.86,47.44,47.76,46.65,342152,8.6082,1.7988,0.20896354638600403
102,2020-06-09,47.6,48.23,48.34,47.39,468026,9.2949,1.8431,0.19829153621878665
103,2020-06-10,48.29,47.44,48.34,47.12,249959,8.4482,1.6752,0.19829076016192798
104,2020-06-11,47.44,46.49,47.49,46.39,304148,7.6768,1.5222,0.198285744060025
105,2020-06-12,46.17,46.97,46.97,45.86,249442,7.5545,1.498,0.1982924084982461
106,2020-06-15,46.86,46.65,47.34,46.49,181035,7.5545,1.498,0.1982924084982461
107,2020-06-16,46.7,46.6,47.18,46.17,285906,7.3381,1.4551,0.19829383627914585
108,2020-06-17,46.33,46.28,46.49,46.12,220849,7.3475,1.4569,0.19828513099693773
109,2020-06-18,46.28,46.86,47.23,46.17,283609,7.451,1.4774,0.19828210978392163
110,2020-06-19,47.02,47.34,47.39,46.91,249401,7.3663,1.4607,0.19829493775708296
111,2020-06-22,47.02,46.75,47.55,46.44,350628,7.2628,1.4401,0.1982844082172165
112,2020-06-23,46.7,46.7,46.86,46.39,214665,7.3193,1.4513,0.19828398890604293
113,2020-06-24,46.7,47.92,48.29,46.65,441148,7.3287,1.4532,0.1982889189078554
114,2020-06-29,48.02,47.92,48.5,47.44,314671,7.3851,1.4644,0.1982911538096979
115,2020-06-30,48.13,48.6,48.76,47.86,336057,7.3005,1.4476,0.19828778850763645
116,2020-07-01,48.71,52.93,52.93,48.55,984104,7.4698,1.4812,0.1982917882674235
117,2020-07-02,53.41,57.68,57.68,53.35,1427021,7.6109,1.5092,0.19829455123572773
118,2020-07-03,57.68,56.21,57.68,55.04,1349211,7.4698,1.4812,0.1982917882674235
119,2020-07-06,56.63,59.48,60.11,56.63,1393047,7.3193,1.4513,0.19828398890604293
120,2020-07-07,59.48,57.74,60.64,57.0,954673,7.5827,1.5036,0.19829348385139858
121,2020-07-08,57.42,58.48,59.37,56.47,727433,7.5639,1.4998,0.19828395404487104
122,2020-07-09,58.21,58.69,58.79,57.53,556988,7.5639,1.4998,0.19828395404487104
123,2020-07-10,57.68,56.84,58.27,56.68,566361,7.4228,1.4718,0.19828097213989332
124,2020-07-13,56.47,58.11,58.9,55.57,637132,7.244,1.4364,0.19828823854224184
125,2020-07-14,57.95,57.84,58.74,56.84,495689,7.3757,1.4625,0.19828626435456972
126,2020-07-15,58.05,56.95,58.32,55.84,661586,7.404,1.4681,0.19828471096704484
127,2020-07-16,57.05,55.89,58.05,55.68,495467,7.4228,1.4718,0.19828097213989332
128,2020-07-17,55.41,54.52,56.42,53.67,593375,7.4322,1.4737,0.19828583730254837
129,2020-07-20,54.62,57.42,58.11,54.36,581651,7.3663,1.4607,0.19829493775708296
130,2020-07-21,57.53,57.37,57.79,56.21,449542,7.6015,1.5073,0.19828981122146946
131,2020-07-22,57.63,57.05,58.85,56.68,541526,7.5168,1.4905,0.198289165602384
132,2020-07-23,56.31,57.0,57.63,55.78,381052,7.4322,1.4737,0.19828583730254837
133,2020-07-24,56.79,55.94,58.53,55.73,501294,7.5827,1.5036,0.19829348385139858
134,2020-07-27,56.68,54.36,56.68,53.94,486875,7.5451,1.4961,0.19828763038263245
135,2020-07-28,54.46,53.2,54.78,52.72,376832,7.6674,1.5203,0.19828103398805333
136,2020-07-29,53.2,55.31,55.41,52.62,370992,7.6297,1.5129,0.19829088955004784
137,2020-07-30,55.52,54.15,55.63,54.09,331937,7.6109,1.5092,0.19829455123572773
138,2020-07-31,54.25,53.83,55.04,53.2,287758,7.8461,1.5558,0.19828959610507133
139,2020-08-03,54.78,54.99,55.68,53.94,393485,7.658,1.5185,0.19828937059284407
140,2020-08-04,55.15,56.31,56.95,54.04,568239,7.404,1.4681,0.19828471096704484
141,2020-08-05,56.26,55.89,56.52,55.15,377390,7.4792,1.483,0.19828323884907478
142,2020-08-06,55.94,56.89,57.37,55.84,434383,7.4886,1.4849,0.1982880645247443
143,2020-08-07,56.89,56.84,57.9,56.15,337814,7.4604,1.4793,0.19828695512304972
144,2020-08-10,57.05,59.32,60.11,56.68,683134,7.4134,1.47,0.19828958372676503
145,2020-08-11,59.59,59.43,61.06,59.22,610301,7.3757,1.4625,0.19828626435456972
146,2020-08-12,60.17,60.91,61.54,59.0,742101,7.3569,1.4588,0.19829004064211828
147,2020-08-13,61.17,60.43,61.49,59.48,381443,7.3381,1.4551,0.19829383627914585
148,2020-08-14,60.75,62.49,64.02,60.38,561140,7.404,1.4681,0.19828471096704484
149,2020-08-17,62.7,64.81,66.13,62.59,606983,7.451,1.4774,0.19828210978392163
150,2020-08-18,64.92,65.34,65.97,63.91,358851,7.4416,1.4756,0.1982906901741561
151,2020-08-19,64.92,63.55,65.76,63.33,414356,7.6297,1.5129,0.19829088955004784
152,2020-08-20,63.6,63.39,64.55,62.65,492599,7.6392,1.5148,0.1982930149753901
153,2020-08-21,64.76,64.02,65.55,63.12,455268,7.7238,1.5315,0.19828322846267382
154,2020-08-24,62.96,65.13,67.4,62.81,440398,7.7709,1.5409,0.1982910602375529
155,2020-08-25,65.5,65.71,66.55,64.65,298658,7.3005,1.5597,0.21364290117115267
156,2020-08-26,66.34,64.92,66.82,64.28,292217,7.4134,1.5838,0.21364016510642891
157,2020-08-27,64.07,62.86,64.76,62.33,412593,7.5074,1.6039,0.21364253936116367
158,2020-08-28,64.18,63.81,64.55,60.75,486092,7.5168,1.6059,0.21364144316730524
159,2020-08-31,63.6,61.86,63.91,61.54,605523,7.6486,1.634,0.21363386763590722
160,2020-09-01,62.17,60.22,62.17,59.85,607395,7.5451,1.6119,0.21363533949185567
161,2020-09-02,60.32,60.48,61.12,58.48,550766,7.4886,1.5999,0.21364474000480732
162,2020-09-03,60.43,60.22,61.17,59.74,328885,7.498,1.6019,0.21364363830354763
163,2020-09-04,59.64,60.22,60.64,59.11,271390,7.4886,1.5999,0.21364474000480732
164,2020-09-07,60.17,59.64,61.59,59.11,542675,7.6486,1.634,0.21363386763590722
165,2020-09-08,59.9,59.48,60.06,58.74,262087,7.6297,1.63,0.21363880624402007
166,2020-09-09,59.37,59.43,60.01,58.48,311850,7.5639,1.616,0.21364639934425364
167,2020-09-10,61.01,60.27,63.02,60.17,476267,7.5263,1.6079,0.21363751112764573
168,2020-09-11,60.17,59.37,60.96,58.63,317880,7.1405,1.5255,0.2136405013654506
169,2020-09-14,59.48,58.58,59.95,57.31,513566,9.715,1.4373,0.14794647452393206
170,2020-09-15,58.48,59.69,60.11,58.05,325072,10.0173,1.4821,0.14795403951164485
171,2020-09-16,59.74,60.69,61.43,59.53,259885,9.4539,1.3987,0.1479495234770835
172,2020-09-17,60.54,60.8,61.33,59.9,215881,9.825,1.4536,0.14794910941475828
173,2020-09-18,60.48,62.65,62.96,60.48,407836,10.1822,1.5065,0.14795427314332854
174,2020-09-21,62.7,61.64,62.75,61.33,256152,10.0586,1.4882,0.14795299544668244
175,2020-09-22,61.22,61.43,61.96,60.48,249766,10.4983,1.5532,0.1479477629711477
176,2020-09-23,61.54,59.9,61.86,59.64,247190,10.6769,1.5796,0.14794556472384304
177,2020-09-24,59.95,58.27,60.17,58.0,302121,10.8555,1.6061,0.14795265073004468
178,2020-09-25,57.95,55.84,58.27,54.15,786737,11.0067,1.6284,0.14794625091989425
179,2020-09-28,56.21,55.63,57.21,55.41,334918,10.7594,1.5918,0.14794505269810587
180,2020-09-29,55.57,55.36,56.21,54.83,283334,11.0342,1.6325,0.1479491036957822
181,2020-09-30,55.94,55.68,56.42,54.99,254056,11.2266,1.661,0.14795218498922202
182,2020-10-09,55.84,55.41,56.15,53.62,458858,11.0204,1.6305,0.14795288737250917
183,2020-10-12,55.41,55.99,56.1,54.78,365558,10.3059,1.6285,0.1580162819355903
184,2020-10-13,55.89,56.31,56.89,55.63,273843,10.7594,1.7002,0.1580199639385096
185,2020-10-14,56.31,56.42,56.73,55.78,237691,10.3471,1.6351,0.1580249538518039
186,2020-10-15,55.73,56.58,57.16,55.15,333649,10.4433,1.6503,0.1580247622877826
187,2020-10-16,57.0,57.31,58.0,55.99,327770,10.457,1.6524,0.15801855216601318
188,2020-10-19,57.37,56.42,60.06,56.05,438521,10.086,1.5938,0.1580210192345826
189,2020-10-20,56.1,55.52,56.21,55.1,309266,9.9898,1.5786,0.15802118160523734
190,2020-10-21,55.57,55.68,55.84,54.89,156911,10.0998,1.596,0.15802293114715144
191,2020-10-22,55.2,55.31,55.99,54.46,227279,10.2097,1.6133,0.15801639617226754
192,2020-10-23,55.15,54.73,55.36,54.57,155444,10.3059,1.6285,0.1580162819355903
193,2020-10-26,54.67,53.35,54.99,53.09,183460,10.2784,1.6242,0.15802070361145706
194,2020-10-27,53.2,53.51,54.15,52.99,196329,10.3471,1.6351,0.1580249538518039
195,2020-10-28,53.51,52.88,53.67,52.46,236084,10.3746,1.6394,0.15802055018988684
196,2020-10-29,52.3,53.35,53.83,51.88,229379,9.8662,1.5591,0.15802436601731162
197,2020-10-30,51.77,48.81,52.25,48.81,887492,9.5226,1.5048,0.1580240690567702
198,2020-11-02,48.29,49.13,49.66,47.76,719951,9.6051,1.5178,0.15802021842562805
199,2020-11-03,49.55,48.87,49.76,48.5,495586,9.5776,1.5135,0.15802497494153023
200,2020-11-04,48.81,48.34,49.03,47.97,410112,9.4814,1.4983,0.15802518615394348
201,2020-11-05,48.71,49.24,49.92,48.18,652782,9.344,1.4765,0.1580158390410959
202,2020-11-06,49.5,49.87,50.4,49.08,412978,9.0005,1.4223,0.1580245541914338
203,2020-11-09,50.13,50.13,51.03,49.71,473025,9.1104,1.4396,0.15801721109940287
204,2020-11-10,50.24,50.24,51.14,50.03,368329,8.8356,1.3962,0.15801982887410027
205,2020-11-11,50.61,51.08,51.77,50.08,456133,9.8112,1.5504,0.15802348336594912
206,2020-11-12,50.77,49.55,50.98,49.13,488074,10.1547,1.6047,0.1580253478684747
207,2020-11-13,49.61,49.34,49.61,48.29,304584,10.0311,1.5851,0.15801856227133612
208,2020-11-16,49.39,49.92,50.08,48.71,270516,10.512,1.6611,0.15801940639269407
209,2020-11-17,49.82,52.25,53.04,49.66,648610,10.6906,1.6893,0.15801732363010496
210,2020-11-18,52.14,51.19,52.51,50.29,670752,10.6494,1.6828,0.15801829211035365
211,2020-11-19,51.08,51.67,52.56,50.82,546638,10.6906,1.6893,0.15801732363010496
212,2020-11-20,51.67,50.5,51.77,50.19,365871,10.8006,1.7067,0.1580189989445031
213,2020-11-23,50.35,50.98,51.3,49.66,418340,10.4983,1.6589,0.158016059743006
214,2020-11-24,50.87,50.13,51.08,50.08,330978,10.4158,1.6459,0.15801954722632922
215,2020-11-25,50.4,49.34,50.4,49.34,236713,10.4296,1.6481,0.15802140062897904
216,2020-11-26,49.34,48.34,49.34,48.07,422759,10.1822,1.609,0.15802085993203827
217,2020-11-27,48.39,49.29,49.87,48.34,385169,10.512,1.6611,0.15801940639269407
218,2020-11-30,49.76,50.03,52.4,49.76,902384,10.4845,1.6568,0.1580237493442701
219,2020-12-01,49.92,50.4,50.45,48.66,559191,10.5807,1.672,0.1580235712192955
