,日期,开盘,收盘,最高,最低,成交量,pe,pb,roe
0,2020-01-03,1925.04,1976.15,1981.98,1908.39,46109,87.0133,15.2298,0.17502841519629755
1,2020-01-06,1968.1,1991.61,2054.94,1967.76,35342,83.5772,14.6284,0.17502859631574158
2,2020-01-07,2000.59,2051.87,2053.96,1984.67,21624,79.6941,13.9488,0.17502926816414263
3,2020-01-08,2028.53,2045.78,2057.07,2010.64,13726,76.9284,13.4647,0.17502898799403083
4,2020-01-09,2052.81,2045.99,2065.33,2023.42,17483,78.2075,13.6886,0.17502924911293674
5,2020-01-10,2056.21,2078.36,2095.74,2040.54,22427,79.8492,13.9759,0.17502867906002814
6,2020-01-13,2068.56,2069.25,2095.31,2059.19,17453,81.0782,14.191,0.17502855268123862
7,2020-01-14,2061.32,1960.39,2065.54,1959.11,38968,81.4886,14.2628,0.17502816344862962
8,2020-01-15,1966.65,2038.75,2057.02,1962.09,22861,81.1716,14.2074,0.17502919740401815
9,2020-01-16,2044.29,2046.46,2061.32,2001.74,15519,79.1652,13.8562,0.17502892685169746
10,2020-01-17,2057.07,2065.58,2108.0,2042.59,21181,79.9951,14.0014,0.17502822047850433
11,2020-01-20,2093.01,2151.23,2159.28,2076.31,19881,81.3541,14.2393,0.17502867095819385
12,2020-01-21,2146.5,2145.22,2206.12,2122.31,19050,80.7247,14.1292,0.17502945195212866
13,2020-01-22,2151.18,2167.79,2184.23,2109.87,17919,79.8287,13.9723,0.1750285298395189
14,2020-01-23,2180.44,2086.88,2193.35,2065.8,23078,78.2349,13.6934,0.17502930277919446
15,2020-02-03,1890.97,1874.79,2001.49,1874.79,41864,79.1196,13.8482,0.17502869074161143
16,2020-02-04,1905.07,1971.89,1984.67,1892.33,34302,80.7749,14.1379,0.17502838134123347
17,2020-02-05,1975.72,1952.94,1983.39,1918.19,38242,79.416,13.9001,0.175028961418354
18,2020-02-06,1958.69,2001.7,2041.99,1934.84,36207,83.9078,14.6863,0.17502901994808587
19,2020-02-07,1997.44,1978.32,2023.68,1949.32,25850,85.9097,15.0367,0.17502912942310356
20,2020-02-10,1974.49,1955.92,1974.49,1920.27,25468,85.7319,15.0055,0.17502819837190126
21,2020-02-11,1959.07,2026.53,2038.33,1948.38,29181,83.1325,14.5506,0.1750290199380507
22,2020-02-12,2018.74,2025.12,2031.85,1984.67,22348,85.3944,14.9465,0.17502904171702124
23,2020-02-13,2011.37,1964.65,2014.39,1947.19,29411,86.368,15.1169,0.17502894590589108
24,2020-02-14,1966.78,1935.48,1969.25,1916.57,31892,86.0784,15.0662,0.17502881094444134
25,2020-02-17,1929.26,1939.69,1943.06,1899.92,38906,86.9107,15.2119,0.1750290815745357
26,2020-02-18,1941.18,1947.83,1971.85,1914.61,32202,79.0101,15.2588,0.19312467646541395
27,2020-02-19,1946.34,1976.91,1993.18,1908.01,36723,75.2411,14.531,0.1931258314936916
28,2020-02-20,1991.1,2055.45,2067.71,1968.18,42145,82.5397,15.9405,0.19312524760812072
29,2020-02-21,2036.88,2048.55,2066.6,2023.85,26804,84.5918,16.3368,0.19312510196023727
30,2020-02-24,2026.4,1978.58,2039.9,1964.18,38065,84.8198,16.3808,0.1931247185209114
31,2020-02-25,1946.34,1978.62,2002.6,1940.25,30240,84.1358,16.2487,0.19312468651869952
32,2020-02-26,1948.47,1976.15,1990.88,1937.39,26567,86.3201,16.6706,0.19312535550816093
33,2020-02-27,1988.92,2028.53,2063.03,1967.67,31019,87.7771,16.952,0.19312554185544978
34,2020-02-28,2018.99,2027.25,2129.46,2005.96,45570,88.24,17.0414,0.19312556663644606
35,2020-03-02,2040.03,2035.77,2081.26,1960.31,36176,90.7481,17.5257,0.1931247045392686
36,2020-03-03,2059.54,2155.87,2159.28,2040.41,42874,87.6471,16.9269,0.19312561396783237
37,2020-03-04,2154.59,2150.42,2154.8,2117.11,21651,84.8198,16.3808,0.1931247185209114
38,2020-03-05,2137.98,2232.1,2242.32,2128.57,33418,84.2817,16.2769,0.1931249606972807
39,2020-03-06,2227.37,2214.64,2284.49,2201.86,21867,84.6351,16.3452,0.19312554720204736
40,2020-03-09,2176.78,2142.62,2214.43,2123.97,28360,83.4974,16.1254,0.1931245763341134
41,2020-03-10,2137.6,2156.51,2176.91,2090.2,23986,83.3833,16.1034,0.1931250022486517
42,2020-03-11,2150.76,2154.97,2193.35,2138.32,16485,84.2498,16.2708,0.19312568101051875
43,2020-03-12,2129.04,2039.99,2129.04,2027.25,30460,86.3475,16.6759,0.19312545238715653
44,2020-03-13,1925.13,2026.91,2052.81,1911.33,25368,84.1312,16.2479,0.19312573694420143
45,2020-03-16,2027.25,1895.23,2046.84,1888.84,27411,83.4084,16.1083,0.19312563243030678
46,2020-03-17,1916.87,1925.94,1967.12,1858.09,34046,82.314,15.8969,0.19312510630026486
47,2020-03-18,1950.6,1912.27,2004.26,1908.48,26710,82.7677,15.9845,0.19312485426078047
48,2020-03-19,1895.66,1871.0,1959.11,1816.44,36142,82.4143,15.9163,0.19312546487684784
49,2020-03-20,1903.75,1937.82,1985.3,1871.81,25961,87.41,16.8811,0.19312550051481525
50,2020-03-23,1912.27,1925.51,1965.5,1886.71,19529,84.7332,16.3641,0.19312500885131215
51,2020-03-24,1967.63,2005.96,2012.82,1954.85,24311,94.1477,18.1823,0.19312527018716338
52,2020-03-25,2052.81,2107.74,2108.68,2031.98,27748,93.8718,18.129,0.1931250918806287
53,2020-03-26,2095.39,2150.33,2161.83,2086.54,22102,93.7578,18.107,0.19312526531125943
54,2020-03-27,2304.08,2227.29,2319.41,2216.77,44815,96.3685,18.6112,0.1931253469754121
55,2020-03-30,2223.16,2230.23,2270.01,2180.06,24551,92.5722,17.878,0.19312493383542792
56,2020-03-31,2246.58,2299.82,2304.93,2238.96,21933,98.9564,19.111,0.19312545727209154
57,2020-04-01,2291.3,2223.58,2302.76,2218.9,21915,102.8326,19.8596,0.19312552634086858
58,2020-04-02,2227.46,2243.73,2243.73,2197.99,19021,104.3147,20.1458,0.19312522587899886
59,2020-04-03,2223.67,2252.03,2284.91,2223.67,16723,106.8205,20.6297,0.19312491516141564
60,2020-04-07,2275.12,2329.42,2331.76,2270.01,21510,106.6176,20.5905,0.19312477489645236
61,2020-04-08,2313.79,2305.18,2321.03,2287.3,13511,105.5551,20.3853,0.19312472822251128
62,2020-04-09,2327.5,2352.2,2403.18,2308.72,24532,103.4961,19.9877,0.19312515157575985
63,2020-04-10,2348.15,2314.13,2400.67,2288.66,19087,103.0606,19.9036,0.19312520982800413
64,2020-04-13,2314.08,2356.88,2386.7,2295.56,13284,102.1007,19.7182,0.19312502264920808
65,2020-04-14,2393.51,2389.25,2397.26,2321.11,18860,100.5525,19.4192,0.1931249844608538
66,2020-04-15,2379.97,2349.77,2395.64,2344.87,15828,101.6949,19.6398,0.19312472896870936
67,2020-04-16,2333.04,2363.49,2372.22,2315.06,11800,102.3789,19.7719,0.19312475519858094
68,2020-04-17,2369.75,2330.05,2376.22,2324.82,14786,102.3082,21.556,0.2106966987983368
69,2020-04-20,2317.32,2304.8,2346.54,2289.43,19208,106.572,22.4544,0.21069699358180385
70,2020-04-21,2306.2,2291.3,2336.66,2265.87,18451,104.1961,21.9538,0.2106969454710877
71,2020-04-22,2338.49,2472.72,2504.07,2313.49,40942,103.1769,21.7391,0.21069735570655834
72,2020-04-23,2465.23,2457.22,2489.76,2435.59,19669,102.73,21.6449,0.2106969726467439
73,2020-04-24,2457.39,2414.8,2465.91,2406.29,16089,108.5078,22.8623,0.2106972954939645
74,2020-04-27,2440.4,2513.65,2568.12,2439.29,25186,110.9657,23.3802,0.2106975398704284
75,2020-04-28,2514.63,2528.47,2545.89,2491.89,19083,111.383,23.4681,0.21069732364903082
76,2020-04-29,2521.7,2494.15,2542.48,2484.99,12806,110.4003,23.261,0.21069689122221588
77,2020-04-30,2513.18,2503.73,2516.97,2435.59,21478,112.0762,23.6141,0.2106968294785155
78,2020-05-06,2474.43,2571.1,2583.5,2457.39,25846,113.7748,23.972,0.21069692058346842
79,2020-05-07,2563.86,2567.27,2578.34,2535.29,15070,114.0188,24.0234,0.2106968324521921
80,2020-05-08,2559.6,2570.68,2605.94,2555.39,14846,113.0976,23.8293,0.2106967787114846
81,2020-05-11,2568.12,2563.86,2584.18,2528.94,17005,113.3211,23.8764,0.21069686051406136
82,2020-05-12,2555.34,2636.26,2654.96,2542.61,20693,113.5377,23.9221,0.2106974159244022
83,2020-05-13,2629.19,2695.89,2712.41,2622.97,16921,114.7393,24.1752,0.21069677085357852
84,2020-05-14,2695.93,2704.4,2731.66,2679.28,11685,105.0215,22.1277,0.21069685731016982
85,2020-05-15,2713.05,2698.01,2728.98,2659.69,16028,103.5805,21.8241,0.21069699412534212
86,2020-05-18,2705.81,2785.32,2802.27,2670.42,21560,101.9707,21.4849,0.21069679819791373
87,2020-05-19,2802.36,2797.67,2842.86,2770.84,14630,109.4221,23.0549,0.21069692502702836
88,2020-05-20,2798.1,2735.07,2827.91,2715.69,19995,111.212,23.432,0.21069668740783368
89,2020-05-21,2734.68,2784.51,2815.05,2734.68,14629,109.2762,23.0242,0.2106972973071904
90,2020-05-22,2769.22,2735.49,2777.65,2702.49,19857,108.3345,22.8258,0.21069742325851876
91,2020-05-25,2733.7,2742.73,2763.09,2691.63,14717,111.0752,23.4032,0.21069689723718704
92,2020-05-26,2793.84,2824.03,2864.96,2784.04,19445,107.2788,22.6033,0.21069680123193027
93,2020-05-27,2823.99,2753.29,2840.26,2736.98,15724,114.1305,24.047,0.2106974034110076
94,2020-05-28,2751.25,2733.92,2762.62,2652.79,18463,111.0547,23.3989,0.2106970709028974
95,2020-05-29,2730.55,2802.36,2804.91,2719.35,15071,107.9195,22.7383,0.21069686201288923
96,2020-06-01,2800.86,2823.31,2835.57,2773.69,17003,103.7447,21.8587,0.21069702837831716
97,2020-06-02,2797.54,2785.32,2804.48,2760.96,12832,103.6489,21.8385,0.21069688149126523
98,2020-06-03,2814.71,2773.44,2866.58,2764.03,22306,101.1225,21.3062,0.2106969269944869
99,2020-06-04,2764.03,2798.1,2801.93,2730.08,15753,102.1326,21.5191,0.21069766166728354
100,2020-06-05,2804.61,2863.64,2871.35,2794.26,18648,92.8481,19.5628,0.21069682632170178
101,2020-06-08,2871.39,2804.31,2878.08,2782.76,21682,93.4728,19.6945,0.21069765750036373
102,2020-06-09,2806.61,2821.95,2867.09,2792.65,38467,93.5047,19.7012,0.2106974301826539
103,2020-06-10,2824.33,2993.83,3005.76,2822.2,68768,97.561,20.5558,0.21069689732577568
104,2020-06-11,3001.5,3006.95,3033.95,2968.45,41870,99.2529,20.9123,0.2106971181698469
105,2020-06-12,2951.41,2967.94,3036.67,2951.41,43306,96.6763,20.3694,0.2106969339951984
106,2020-06-15,3001.5,2987.02,3032.25,2951.41,37125,95.2171,20.062,0.21069744825246725
107,2020-06-16,3004.22,3058.82,3080.45,2980.29,40068,96.649,20.3637,0.21069747229666114
108,2020-06-17,3078.92,3172.02,3205.24,3047.24,56254,91.1995,19.2155,0.21069742706922734
109,2020-06-18,3151.58,3173.72,3187.35,3112.23,40012,88.5136,18.6496,0.21069756511993637
110,2020-06-19,3173.72,3276.79,3281.04,3172.02,51246,85.7547,18.0683,0.21069748946704964
111,2020-06-22,3283.6,3377.12,3408.81,3283.51,57030,85.7091,18.0587,0.21069758053695584
112,2020-06-23,3386.32,3580.69,3632.65,3386.32,67634,82.6788,17.4202,0.21069730088003216
113,2020-06-24,3590.23,3527.2,3637.42,3453.95,74703,80.7567,17.0152,0.2106970690976724
114,2020-06-29,3551.9,3581.72,3632.82,3528.05,56476,80.2459,16.9076,0.21069736896215255
115,2020-06-30,3616.98,3677.96,3677.96,3539.13,51212,81.2902,17.1276,0.21069698438434153
116,2020-07-01,3677.96,3614.76,3803.17,3590.23,78956,80.9391,17.0536,0.21069668429720617
117,2020-07-02,3615.36,3463.24,3621.75,3401.82,114747,76.3378,16.0842,0.21069771463154557
118,2020-07-03,3428.4,3462.04,3487.94,3343.39,74899,75.9799,15.6332,0.20575441662860836
119,2020-07-06,3445.43,3438.7,3452.25,3376.27,86925,77.5679,15.96,0.20575521575290812
120,2020-07-07,3391.6,3785.54,3785.54,3351.83,143093,75.8134,15.599,0.20575518312066204
121,2020-07-08,3803.17,3747.81,3879.83,3700.96,84311,75.1533,15.4632,0.2057554358890428
122,2020-07-09,3735.03,3842.18,3884.09,3701.05,77049,75.4714,15.5286,0.2057547627313128
123,2020-07-10,3811.69,3845.76,3916.46,3764.59,63643,76.4883,15.7378,0.20575434412844842
124,2020-07-13,3845.85,4001.72,4022.93,3845.85,68386,75.9274,15.6224,0.20575444437712867
125,2020-07-14,4016.11,4118.84,4127.52,3970.8,70970,74.0954,15.2455,0.20575501313171937
126,2020-07-15,4122.33,4233.74,4338.76,4120.88,79912,74.6141,15.3522,0.20575467639494413
127,2020-07-16,4233.74,3977.78,4254.52,3947.97,106866,76.5077,15.7418,0.20575445347331053
128,2020-07-17,3947.97,4119.6,4143.88,3922.85,73547,74.3313,15.294,0.20575450718607102
129,2020-07-20,4143.79,4017.22,4183.91,3922.42,73720,74.1375,15.2542,0.20575552183442927
130,2020-07-21,3989.71,4052.4,4091.92,3939.54,53475,75.4497,15.5241,0.20575429723378622
131,2020-07-22,4050.18,4124.71,4210.31,4026.25,56191,74.1261,15.2518,0.20575478812456072
132,2020-07-23,4058.79,4057.85,4177.95,4029.49,75881,75.802,15.5966,0.20575446558138308
133,2020-07-24,4058.53,3779.49,4058.53,3726.34,100033,75.4714,15.5286,0.2057547627313128
134,2020-07-27,3803.6,3839.63,3868.76,3794.66,51602,73.1343,15.0477,0.20575434508841955
135,2020-07-28,3854.28,3893.46,3922.42,3792.36,52087,73.3053,15.0829,0.20575456344902757
136,2020-07-29,3896.87,4256.48,4258.52,3896.87,121724,73.0773,15.036,0.2057547282124545
137,2020-07-30,4259.03,4211.59,4340.21,4190.72,81140,71.4812,14.7076,0.2057547998634606
138,2020-07-31,4186.46,4203.5,4246.0,4101.37,62910,69.5431,14.3088,0.20575441704496925
139,2020-08-03,4288.68,4195.15,4294.13,4142.17,64483,69.7255,14.3464,0.20575542663731347
140,2020-08-04,4194.98,4229.56,4344.04,4160.91,66106,69.6343,14.3276,0.2057549225022726
141,2020-08-05,4170.28,4220.45,4271.64,4118.32,49108,69.7369,14.3487,0.2057547725809435
142,2020-08-06,4203.5,4156.99,4242.85,4135.36,48319,67.9334,13.9776,0.20575445951476004
143,2020-08-07,4152.39,4094.39,4218.83,3991.5,56717,67.6769,13.9248,0.2057541051673466
144,2020-08-10,4058.7,4131.1,4186.46,3965.01,48805,68.5957,14.1139,0.20575487967904693
145,2020-08-11,4101.46,4115.51,4212.02,4101.37,38164,68.199,14.0323,0.20575521635214591
146,2020-08-12,4117.3,4023.69,4142.17,3930.94,52932,65.5529,13.4878,0.2057544364932749
147,2020-08-13,4023.78,3807.86,4045.41,3788.69,80744,66.6884,13.7215,0.20575542373186342
148,2020-08-14,3786.14,3824.55,3867.57,3706.24,68968,67.1034,13.8068,0.20575410485906828
149,2020-08-17,3870.21,3862.63,3871.14,3772.25,42570,62.2468,13.667,0.21956148749815252
150,2020-08-18,3846.61,3951.38,3965.01,3836.39,41183,62.6082,13.7463,0.2195606965221808
151,2020-08-19,3943.71,3792.1,3943.71,3787.93,46249,63.2842,13.8948,0.2195619127681159
152,2020-08-20,3811.69,3794.74,3879.92,3754.45,40557,64.1792,14.0913,0.21956178948942962
153,2020-08-21,3845.76,3769.19,3872.85,3736.74,42002,63.8121,14.0107,0.2195618072434538
154,2020-08-24,3767.4,3726.51,3775.92,3658.37,48133,64.8689,14.2427,0.21956129979080885
155,2020-08-25,3726.51,3784.35,3861.77,3709.82,47532,64.0025,14.0525,0.2195617358696926
156,2020-08-26,3813.22,3820.21,3941.24,3803.17,56898,62.8579,13.8012,0.21956190073165027
157,2020-08-27,3820.21,3836.48,3836.48,3728.73,36765,63.8771,14.0249,0.2195606876329702
158,2020-08-28,3837.24,3913.39,3930.68,3803.17,50421,62.6185,13.7486,0.2195613117529165
159,2020-08-31,3966.2,3953.08,4028.89,3896.95,58323,63.2671,13.891,0.21956119373260352
160,2020-09-01,3956.49,3960.66,4049.16,3932.21,44984,61.1957,13.4362,0.21956117831808442
161,2020-09-02,3965.86,3867.05,3993.97,3845.76,48872,60.9734,13.3874,0.21956131690212452
162,2020-09-03,3867.05,3811.69,3878.55,3786.56,50845,60.4341,13.269,0.21956147274469215
163,2020-09-04,3720.98,3666.89,3760.58,3608.8,67302,62.4748,13.7171,0.21956212744978776
164,2020-09-07,3657.78,3428.4,3686.74,3420.82,95785,60.612,13.308,0.21956048307265888
165,2020-09-08,3461.28,3570.22,3576.43,3432.23,58287,60.5333,13.2908,0.2195617949128827
166,2020-09-09,3492.45,3472.69,3547.64,3436.92,36530,103.1207,8.2536,0.08003824644324564
167,2020-09-10,3514.94,3476.95,3606.5,3464.17,36005,101.1102,8.0927,0.08003841353295711
168,2020-09-11,3453.87,3487.26,3509.74,3428.31,33169,96.305,7.7081,0.0800384196043819
169,2020-09-14,3518.69,3135.56,3529.67,3135.56,150609,92.5071,7.4041,0.08003818085314533
170,2020-09-15,3147.4,3235.56,3280.19,3011.29,140604,93.0881,7.4506,0.0800381574014294
171,2020-09-16,3147.23,3048.94,3178.41,2955.76,152029,89.9336,7.1981,0.08003793910173729
172,2020-09-17,2994.94,3062.14,3104.56,2994.94,61197,91.8818,7.354,0.08003761354261671
173,2020-09-18,3053.62,3052.77,3095.36,2925.86,81192,92.5272,7.4057,0.08003808609792581
174,2020-09-21,3114.78,3086.08,3168.61,3070.74,67833,91.0776,7.2897,0.08003834093124983
175,2020-09-22,3040.08,3113.08,3166.31,3039.23,46064,97.2942,7.7872,0.08003765897658853
176,2020-09-23,3117.08,3195.87,3249.1,3087.69,81464,97.9114,7.8366,0.08003766670683904
177,2020-09-24,3172.87,3117.51,3189.91,3105.16,41426,103.3399,8.2711,0.08003781695163244
178,2020-09-25,3121.85,3085.14,3138.8,3067.51,31720,103.4122,8.2769,0.0800379452327675
179,2020-09-28,3087.69,3089.4,3104.56,3021.09,41099,102.7568,8.2244,0.08003752549709604
180,2020-09-29,3096.21,3131.9,3164.35,3046.9,34217,106.1566,8.4966,0.08003835842519448
181,2020-09-30,3162.65,3118.7,3232.49,3112.31,49738,106.981,8.5625,0.08003757676596779
182,2020-10-09,3164.44,3138.8,3197.57,3062.14,52772,103.1247,8.2539,0.08003805101978478
183,2020-10-12,3136.07,3244.42,3274.83,3121.85,70345,103.3821,8.2745,0.08003803366346786
184,2020-10-13,3223.98,3360.26,3377.29,3198.42,69133,97.7124,7.8207,0.08003794810075282
185,2020-10-14,3327.12,3266.56,3348.08,3258.05,48183,97.3102,7.7885,0.0800378583129004
186,2020-10-15,3267.5,3249.27,3287.86,3222.27,32312,97.3706,7.7933,0.08003750618769938
187,2020-10-16,3227.81,3194.85,3263.84,3138.8,36677,94.8976,7.5954,0.08003785132606094
188,2020-10-19,3198.42,3113.25,3215.37,3102.94,31673,95.0142,7.6047,0.08003751018268848
189,2020-10-20,3096.21,3138.8,3154.13,3080.45,25656,95.0122,7.6046,0.08003814247012488
190,2020-10-21,3129.43,3130.28,3205.15,3104.99,31524,98.3155,7.869,0.08003824422395248
191,2020-10-22,3109.93,3053.62,3129.43,3046.55,40629,98.6412,7.895,0.08003755023256003
192,2020-10-23,3057.88,2780.98,3065.8,2745.88,113061,94.9338,7.5983,0.08003787902728006
193,2020-10-26,2738.47,2921.77,2948.43,2683.19,80181,93.5606,7.4884,0.08003796469881554
194,2020-10-27,2959.93,3216.91,3216.91,2959.93,108956,93.1766,7.4577,0.08003833580534168
195,2020-10-28,3258.05,3185.82,3258.05,3152.0,56103,92.9775,7.4417,0.08003764351590438
196,2020-10-29,3180.96,3196.63,3224.83,3138.97,46645,94.3547,7.552,0.08003840826159163
197,2020-10-30,3181.39,3160.26,3249.53,3145.27,52340,97.2097,7.7805,0.08003830893419073
198,2020-11-02,3155.84,3075.77,3181.39,3021.26,61842,97.2761,7.7858,0.08003815942456574
199,2020-11-03,3130.28,3172.87,3184.54,3088.55,42830,93.9426,7.519,0.08003823611439326
200,2020-11-04,3172.87,3179.51,3206.86,3096.38,45352,95.0001,7.6036,0.08003781048651527
201,2020-11-05,3206.09,3104.73,3242.71,3073.9,76905,96.1039,7.692,0.08003837513357939
202,2020-11-06,3096.21,2936.93,3096.21,2851.5,107186,93.8018,7.5077,0.08003790972028255
203,2020-11-09,2934.38,2987.7,3029.09,2899.12,68804,94.6965,7.5793,0.08003780498751274
204,2020-11-10,3028.16,2925.86,3079.18,2920.75,53121,90.1125,7.2124,0.08003773061450964
205,2020-11-11,2904.4,2892.81,2959.93,2837.96,51870,100.125,8.0138,0.08003795255930088
206,2020-11-12,2908.91,2952.35,2972.71,2900.31,38816,103.945,8.3195,0.08003751984222425
207,2020-11-13,2951.84,2985.82,3015.98,2909.76,38964,102.8794,8.2343,0.08003837502940335
208,2020-11-16,3011.04,3009.33,3044.94,2917.34,45790,103.1629,8.2569,0.08003749409913835
209,2020-11-17,3024.49,2958.57,3036.59,2944.6,34004,99.1197,7.9333,0.0800375707351818
210,2020-11-18,2993.92,2927.56,3014.7,2912.06,33675,98.217,7.8611,0.08003807894763636
211,2020-11-19,2904.57,3002.52,3019.55,2867.26,47728,97.8531,7.832,0.08003834318994493
212,2020-11-20,3003.97,3014.36,3035.74,2995.02,33240,94.1537,7.5359,0.08003827783719598
213,2020-11-23,3010.78,2999.03,3028.07,2939.49,30095,99.2926,7.9472,0.08003819015717184
214,2020-11-24,3015.47,2953.12,3028.16,2951.41,24869,99.7229,7.9816,0.08003778470140761
215,2020-11-25,2938.81,2891.79,2951.33,2891.79,30675,98.1949,7.8593,0.08003776163527841
216,2020-11-26,2893.07,2844.01,2922.28,2832.25,29343,98.1848,7.8585,0.08003784699872078
217,2020-11-27,2852.61,2947.32,2957.29,2786.77,47017,98.4723,7.8815,0.08003773650051842
218,2020-11-30,2934.46,3092.38,3163.59,2909.68,78457,95.6274,7.6538,0.08003772977201096
219,2020-12-01,3080.8,3220.74,3255.32,3080.45,82895,94.8976,7.5954,0.08003785132606094
