,日期,开盘,收盘,最高,最低,成交量,pe,pb,roe
0,2020-01-03,45.36,45.31,45.62,44.46,50330,20.2205,4.0827,0.20190895378452559
1,2020-01-06,45.15,44.88,45.54,44.66,48232,19.6583,3.9692,0.20190962595951836
2,2020-01-07,44.81,47.69,48.86,44.61,105339,19.8738,4.0127,0.20190904608076965
3,2020-01-08,47.13,45.47,47.13,45.36,70812,19.9113,4.0203,0.20191047294752223
4,2020-01-09,45.78,45.71,46.48,45.33,36151,19.5459,3.9465,0.20190935183337683
5,2020-01-10,45.49,45.63,46.12,45.38,23056,20.0425,4.0468,0.20191093925408507
6,2020-01-13,45.51,46.66,47.02,45.33,44657,19.6864,3.9749,0.20191096391417426
7,2020-01-14,46.66,45.62,47.33,45.53,34868,20.005,4.0392,0.20190952261934517
8,2020-01-15,46.08,46.1,46.19,45.15,29869,19.5084,3.939,0.2019130220827951
9,2020-01-16,46.08,46.14,46.52,45.33,35449,19.6583,3.9692,0.20190962595951836
10,2020-01-17,46.5,46.37,46.91,46.01,43766,19.499,3.9371,0.20191291861121086
11,2020-01-20,46.07,46.5,46.95,45.99,31838,18.8806,3.8122,0.20191095621961164
12,2020-01-21,47.45,46.26,49.45,46.23,43441,17.9811,3.6306,0.20191200760798836
13,2020-01-22,45.33,45.62,46.66,45.33,40491,18.1404,3.6627,0.2019084474432758
14,2020-01-23,45.47,42.77,45.47,42.36,60131,17.2221,3.4773,0.2019091748393053
15,2020-02-03,38.92,38.92,39.84,38.92,30085,17.194,3.4717,0.20191345818308712
16,2020-02-04,35.57,42.05,42.36,35.57,83497,17.0816,3.449,0.2019131697264893
17,2020-02-05,42.14,42.09,43.76,41.37,75055,16.2758,3.2862,0.2019071259170056
18,2020-02-06,42.3,42.99,43.58,41.94,48666,15.8822,3.2068,0.20191157396330484
19,2020-02-07,42.97,44.14,44.39,41.91,49768,15.3387,3.0971,0.20191411266926143
20,2020-02-10,43.96,44.88,45.67,42.47,64360,15.2169,3.0725,0.20191366178393758
21,2020-02-11,45.02,47.81,48.24,44.32,89218,14.9171,3.0119,0.20190921827969244
22,2020-02-12,47.09,47.33,47.76,45.87,66516,15.1045,3.0498,0.20191333708497466
23,2020-02-13,47.33,45.69,47.33,45.56,51192,15.1139,3.0517,0.2019134703815693
24,2020-02-14,46.01,45.6,47.07,45.08,52855,15.2825,3.0857,0.20191068215278915
25,2020-02-17,45.71,48.53,48.71,45.71,79868,15.4512,3.1198,0.2019131200165683
26,2020-02-18,48.93,47.99,49.0,46.95,62842,15.3106,3.0914,0.20191240055908977
27,2020-02-19,48.15,47.94,48.55,46.79,42205,15.5543,3.1406,0.2019120114694972
28,2020-02-20,48.06,48.37,48.5,47.49,27061,15.7229,3.1746,0.20190931698350814
29,2020-02-21,48.66,48.71,49.04,47.85,29858,15.8073,3.1917,0.20191304017763945
30,2020-02-24,48.71,50.24,51.36,48.24,49556,16.0321,3.2371,0.20191366071818415
31,2020-02-25,48.93,52.1,52.89,48.93,65564,16.0134,3.2333,0.20191214857556794
32,2020-02-26,51.99,50.64,52.1,50.19,51517,16.0696,3.4533,0.21489645044058345
33,2020-02-27,51.23,53.52,54.69,50.87,65500,15.9572,3.4292,0.21489985711779008
34,2020-02-28,52.35,53.39,55.39,51.41,63341,15.7885,3.3929,0.21489691864331634
35,2020-03-02,53.59,56.36,57.17,53.07,78265,16.1633,3.4735,0.2149004225622243
36,2020-03-03,56.85,56.0,56.94,54.87,59327,16.2476,3.4916,0.2148994313006229
37,2020-03-04,56.02,55.5,56.45,54.78,44599,16.1539,3.4714,0.21489547415794327
38,2020-03-05,56.13,54.58,56.13,53.68,59297,15.4793,3.3265,0.21489989857422492
39,2020-03-06,54.9,56.69,58.29,54.9,135058,15.7136,3.3768,0.2148966500356379
40,2020-03-09,56.09,54.2,56.09,51.97,116302,15.6667,3.3667,0.21489528745683517
41,2020-03-10,52.89,54.06,54.42,52.01,66998,15.5355,3.3385,0.21489491809082423
42,2020-03-11,54.06,53.07,54.58,53.03,40974,15.4043,3.3103,0.21489454243295703
43,2020-03-12,53.07,51.23,53.18,50.28,75640,15.8073,3.3969,0.21489438424019283
44,2020-03-13,49.09,50.12,51.21,48.17,54339,15.751,3.3849,0.21490064122912833
45,2020-03-16,51.09,49.16,51.48,49.07,52148,16.1446,3.4694,0.21489538297635122
46,2020-03-17,49.16,48.8,50.31,47.7,49543,16.688,3.5862,0.21489693192713327
47,2020-03-18,50.01,48.93,51.75,48.57,65044,16.332,3.5097,0.2148971344599559
48,2020-03-19,48.8,50.13,50.53,48.75,60446,16.51,3.548,0.2149000605693519
49,2020-03-20,50.37,51.38,52.53,49.29,68118,16.4632,3.5379,0.21489746829291997
50,2020-03-23,50.46,49.59,50.73,49.56,35706,16.0696,3.4533,0.21489645044058345
51,2020-03-24,50.15,50.19,50.62,49.32,23738,16.3788,3.5198,0.2148997484553203
52,2020-03-25,51.18,51.3,51.63,50.39,35065,16.1165,3.4634,0.21489777557161918
53,2020-03-26,51.09,51.32,51.77,50.73,20855,16.1914,3.4795,0.21489803228874585
54,2020-03-27,51.54,52.65,53.37,51.54,42166,15.8635,3.409,0.21489583005011503
55,2020-03-30,51.84,50.4,52.17,50.37,40810,15.9291,3.4231,0.21489600793516267
56,2020-03-31,51.03,49.49,51.05,49.31,34018,16.4913,3.5439,0.21489512652125667
57,2020-04-01,49.13,48.98,49.83,48.77,30137,16.4444,3.5339,0.21489990513487872
58,2020-04-02,48.93,50.51,50.55,48.8,27536,16.6224,3.5721,0.21489676580999134
59,2020-04-03,50.57,52.01,52.53,50.42,45126,17.0066,3.6547,0.21489892159514543
60,2020-04-07,52.29,53.12,53.36,52.29,49508,16.9317,3.6386,0.2148986811720028
61,2020-04-08,53.77,53.48,53.79,52.71,38006,16.8192,3.6144,0.2148972602739726
62,2020-04-09,53.64,53.27,54.06,53.16,22186,16.6599,3.5802,0.2148992490951326
63,2020-04-10,53.7,52.33,53.7,52.2,27123,16.6037,3.5681,0.21489788420653227
64,2020-04-13,52.65,52.42,52.8,52.06,21680,17.2034,3.697,0.2148993803550461
65,2020-04-14,52.53,53.34,53.66,52.44,30795,17.4283,3.7453,0.2148976090611247
66,2020-04-15,53.52,52.44,53.57,52.42,26580,17.8874,3.844,0.21489987365408053
67,2020-04-16,52.02,52.51,52.89,51.68,21868,18.0279,3.8742,0.2149002379644884
68,2020-04-17,52.67,52.49,53.09,52.2,27668,17.8499,3.8359,0.21489756245133024
69,2020-04-20,52.49,54.85,55.01,52.17,53210,17.5594,3.7735,0.21489914233971547
70,2020-04-21,54.4,54.94,55.43,54.09,34322,17.5501,4.0072,0.2283291833094968
71,2020-04-22,54.17,53.75,54.42,53.3,38267,17.2783,3.9451,0.22832686086015405
72,2020-04-23,53.81,53.0,53.95,52.89,23310,17.0347,3.8895,0.22832805978385295
73,2020-04-24,54.08,54.83,55.32,53.57,58269,17.1472,3.9152,0.22832882336474758
74,2020-04-27,55.01,56.09,57.39,55.01,52390,17.7468,4.0521,0.22832848738927583
75,2020-04-28,55.73,56.24,56.58,54.72,42659,18.1966,4.1548,0.22832836903597375
76,2020-04-29,56.47,55.66,56.49,54.56,42981,17.8874,4.0842,0.2283283204937554
77,2020-04-30,55.05,55.05,56.42,53.61,88967,17.9717,4.1035,0.22833120962402004
78,2020-05-06,54.65,53.27,54.89,52.94,107171,18.1779,4.1505,0.2283267044047992
79,2020-05-07,53.27,54.92,54.92,52.54,76559,17.9998,4.1099,0.22833031478127533
80,2020-05-08,54.59,55.23,55.29,53.98,56814,18.4871,4.2211,0.2283267792136138
81,2020-05-11,55.23,55.2,55.87,54.47,56752,18.2154,4.1591,0.22832877674934396
82,2020-05-12,55.2,54.68,55.51,54.5,40779,18.4777,4.219,0.22832928340648462
83,2020-05-13,54.89,55.11,55.29,54.22,35834,18.9275,4.3217,0.22832915070664378
84,2020-05-14,55.17,53.67,55.23,53.43,48373,18.9743,4.3324,0.22832989886319915
85,2020-05-15,53.67,53.73,53.88,52.97,43582,17.9436,4.097,0.22832653425176666
86,2020-05-18,54.07,54.1,54.59,53.06,50030,17.4845,3.9922,0.22832794761074093
87,2020-05-19,54.22,53.88,55.2,53.58,60696,17.2502,3.9387,0.228327787503913
88,2020-05-20,53.82,52.54,53.98,52.45,57707,17.1846,3.9237,0.2283265249118397
89,2020-05-21,52.91,52.29,53.0,52.2,31964,17.3627,3.9644,0.2283285433717106
90,2020-05-22,52.02,51.96,52.29,51.38,30290,17.3346,3.958,0.22832946823116776
91,2020-05-25,51.71,50.89,51.93,50.03,51722,16.5381,3.7761,0.22832731692274202
92,2020-05-26,51.07,53.27,53.52,50.89,60838,17.2877,3.9473,0.22832996870607425
93,2020-05-27,53.61,53.33,54.77,53.0,57792,17.6438,4.0286,0.22832949818066403
94,2020-05-28,53.39,53.49,54.19,52.54,34405,17.4845,3.9922,0.22832794761074093
95,2020-05-29,53.0,54.65,54.77,53.0,55710,17.7094,4.0435,0.22832507030164773
96,2020-06-01,54.83,54.89,55.29,54.31,64244,17.3533,3.9622,0.22832544818564768
97,2020-06-02,55.05,54.71,55.44,54.19,54232,18.2809,4.1741,0.2283312090761396
98,2020-06-03,55.14,53.82,55.17,53.76,49617,17.2315,3.9344,0.22832603081565736
99,2020-06-04,53.88,54.01,54.65,53.64,29524,17.1097,3.9066,0.22832662174088383
100,2020-06-05,54.01,53.33,54.31,52.81,36120,17.3346,3.958,0.22832946823116776
101,2020-06-08,53.24,53.88,54.47,53.24,40758,16.8192,3.8403,0.22832833904109592
102,2020-06-09,54.34,53.91,54.37,53.03,42732,16.0509,3.6649,0.22832987558330065
103,2020-06-10,53.85,54.59,54.92,53.85,53338,16.0321,3.6606,0.22832941411293592
104,2020-06-11,54.62,53.79,54.89,53.52,54651,16.0134,3.6563,0.22832752569722856
105,2020-06-12,52.78,53.03,54.65,52.23,85359,15.7698,3.6007,0.22832883105683013
106,2020-06-15,53.55,55.2,57.16,53.21,131098,16.079,3.6713,0.22832887617389142
107,2020-06-16,56.03,56.18,57.5,54.74,99658,16.0228,3.6584,0.2283246373917168
108,2020-06-17,56.82,60.03,60.1,56.73,157986,16.1633,3.6905,0.22832589879541926
109,2020-06-18,59.88,60.03,61.84,59.12,136015,16.257,3.7119,0.22832625945746446
110,2020-06-19,60.25,59.18,60.31,58.75,122117,16.5194,3.7718,0.22832548397641558
111,2020-06-22,59.7,58.87,59.94,58.35,67526,16.5194,3.7718,0.22832548397641558
112,2020-06-23,59.12,58.41,59.33,58.11,57881,15.3387,3.5023,0.2283309537314114
113,2020-06-24,58.44,58.6,59.88,57.83,56689,15.0389,3.4338,0.22832786972451444
114,2020-06-29,57.5,57.59,59.33,57.19,44060,14.3736,3.2819,0.22832832414983023
115,2020-06-30,57.56,58.38,58.81,57.56,39991,14.6079,3.3354,0.22832850717762304
116,2020-07-01,58.38,58.44,58.81,57.19,46543,14.8515,3.391,0.22832710500622833
117,2020-07-02,58.05,58.5,58.69,57.53,56888,14.6454,3.3439,0.228324251983558
118,2020-07-03,58.6,61.01,61.93,58.6,133305,14.636,3.3418,0.22832741186116426
119,2020-07-06,61.6,62.7,62.76,61.11,158315,14.4673,3.3033,0.2283287137199063
120,2020-07-07,62.7,61.96,63.25,61.35,128316,14.6735,3.3504,0.22832998262173304
121,2020-07-08,61.53,62.36,62.57,60.28,117566,14.6173,3.3375,0.22832534052116327
122,2020-07-09,61.81,65.79,67.13,61.41,159544,14.889,3.3996,0.22832963933104977
123,2020-07-10,65.45,62.76,65.45,62.45,124382,14.9452,3.4124,0.22832748976259937
124,2020-07-13,62.51,63.92,64.23,61.44,121367,14.8702,3.3953,0.2283291415044855
125,2020-07-14,63.92,63.19,65.6,62.15,108242,14.5142,3.314,0.22832812004795303
126,2020-07-15,63.31,63.71,64.69,62.7,98632,14.4673,3.3033,0.2283287137199063
127,2020-07-16,63.31,62.54,65.54,62.24,112048,14.4486,3.299,0.22832661988012679
128,2020-07-17,61.99,60.1,62.39,59.51,92747,13.7177,3.1321,0.22832544814363923
129,2020-07-20,59.18,62.7,62.94,59.18,82534,14.0457,3.207,0.2283261069224033
130,2020-07-21,62.76,62.79,64.07,62.09,58360,14.1488,3.2306,0.2283303177654642
131,2020-07-22,62.79,62.21,63.86,62.05,56160,14.2237,3.2477,0.22833018131709754
132,2020-07-23,62.36,62.42,63.0,61.38,67778,14.636,3.3418,0.22832741186116426
133,2020-07-24,62.97,63.19,63.77,61.78,130903,14.7016,3.3568,0.2283288893725853
134,2020-07-27,63.62,64.69,64.81,61.87,125391,14.5891,3.3311,0.22832799830010078
135,2020-07-28,65.02,68.05,68.14,63.92,165376,14.5704,3.3268,0.22832592104540714
136,2020-07-29,68.21,67.9,68.33,66.25,116356,15.0108,3.4274,0.22832893649905403
137,2020-07-30,67.29,66.43,68.39,66.37,104511,14.8796,3.3974,0.22832603026963091
138,2020-07-31,66.03,65.57,66.98,65.02,82259,15.0389,3.4338,0.22832786972451444
139,2020-08-03,65.82,66.46,66.58,65.45,68179,15.0483,3.4359,0.22832479416279583
140,2020-08-04,66.37,64.87,66.52,64.53,82837,14.9546,3.4145,0.22832439516937933
141,2020-08-05,65.15,65.45,66.03,64.26,58070,14.4486,3.299,0.22832661988012679
142,2020-08-06,65.45,64.78,66.09,63.43,70326,14.9921,3.4231,0.22832691884392445
143,2020-08-07,64.41,64.5,65.15,63.46,52150,15.7306,3.1903,0.20280853877156624
144,2020-08-10,64.53,65.51,65.63,63.95,61850,15.907,3.226,0.2028037970704721
145,2020-08-11,65.91,64.04,65.91,63.89,53152,15.8629,3.2171,0.20280654861343134
146,2020-08-12,64.23,62.09,64.53,61.35,58994,15.4771,3.1388,0.20280285066323794
147,2020-08-13,62.33,61.72,63.13,61.47,35982,14.9149,3.0248,0.2028039075018941
148,2020-08-14,61.72,62.51,62.64,61.41,30356,15.1464,3.0718,0.20280726773358687
149,2020-08-17,62.33,63.4,63.62,62.09,42601,15.5102,3.3094,0.21336926667612283
150,2020-08-18,63.16,63.43,64.5,63.03,41874,15.4826,3.3035,0.2133685556689445
151,2020-08-19,63.31,64.38,65.08,63.25,64809,14.7606,3.1494,0.21336531035323766
152,2020-08-20,64.26,64.96,65.51,63.92,54744,14.7661,3.1506,0.21336710438098075
153,2020-08-21,64.96,64.5,65.33,63.68,50131,14.744,3.1459,0.2133681497558329
154,2020-08-24,64.56,63.0,64.96,63.0,55260,15.0196,3.2047,0.21336786598844176
155,2020-08-25,63.13,62.27,63.62,62.09,36319,14.7385,3.1447,0.21336635342809646
156,2020-08-26,62.24,60.31,62.64,59.64,62327,14.711,3.1388,0.2133641492760519
157,2020-08-27,60.22,60.49,60.95,59.21,48879,14.9976,3.2,0.21336747212887397
158,2020-08-28,60.56,61.01,61.17,59.94,40944,15.0637,3.2141,0.21336723381373765
159,2020-08-31,61.23,61.38,62.24,61.01,42934,14.9535,3.1906,0.2133681078008493
160,2020-09-01,61.17,61.63,62.24,60.46,39367,14.6117,3.1177,0.21337010751657917
161,2020-09-02,61.69,60.37,62.09,59.85,48796,14.1543,3.02,0.21336272369527282
162,2020-09-03,60.43,59.79,61.26,59.51,41608,13.6858,2.9201,0.21336713966300838
163,2020-09-04,59.03,59.94,60.37,58.05,59663,13.8401,2.953,0.2133655103648095
164,2020-09-07,59.94,58.11,60.65,57.8,51670,14.1212,3.013,0.21336713593745574
165,2020-09-08,57.8,57.89,58.11,56.55,48786,14.8102,3.16,0.21336646365342804
166,2020-09-09,57.22,58.96,59.18,57.22,58522,14.4023,3.073,0.21336869805517172
167,2020-09-10,59.48,58.72,60.25,58.35,50122,14.3968,3.0718,0.2133668593020671
168,2020-09-11,59.3,59.58,60.07,58.41,44575,14.0551,2.9989,0.21336738977310726
169,2020-09-14,60.0,58.57,61.44,57.83,58285,13.8732,2.9601,0.21336822074215034
170,2020-09-15,59.21,59.85,60.46,58.29,42393,14.4188,3.0765,0.21336727050794796
171,2020-09-16,60.19,60.0,60.62,59.09,25367,14.0385,2.9954,0.21337037432774156
172,2020-09-17,60.0,59.42,60.28,58.5,27562,13.6692,2.9166,0.21337020454744973
173,2020-09-18,59.7,60.71,60.71,59.09,47792,13.6306,2.9083,0.21336551582468857
174,2020-09-21,60.71,58.81,61.08,58.41,46703,13.7409,2.9318,0.21336302571156182
175,2020-09-22,58.2,57.53,58.57,57.5,31176,14.033,2.9942,0.2133684885626737
176,2020-09-23,58.17,57.71,58.78,57.46,21109,14.3747,3.0671,0.21336793115682412
177,2020-09-24,57.77,56.39,58.02,56.33,28774,14.9369,3.187,0.2133642188138101
178,2020-09-25,56.42,56.82,57.01,55.97,23281,15.2401,3.2517,0.21336474170116995
179,2020-09-28,56.55,57.25,57.83,55.9,34129,15.2842,3.2611,0.21336412766124493
180,2020-09-29,57.31,57.4,58.05,56.21,23481,16.0448,3.4234,0.21336507778220984
181,2020-09-30,57.4,56.64,57.5,56.42,23227,162.5927,3.3737,0.020749394037985713
182,2020-10-09,56.85,58.84,59.03,56.85,42786,165.5605,3.4353,0.020749514527921818
183,2020-10-12,58.69,59.15,59.55,58.2,37433,167.19,3.4691,0.02074944673724505
184,2020-10-13,58.87,58.87,58.9,58.26,17904,168.3538,3.4932,0.020749160399111868
185,2020-10-14,59.03,57.65,59.03,57.5,28082,158.7519,3.294,0.020749357960440157
186,2020-10-15,57.46,58.2,58.78,57.22,18896,159.1593,3.3024,0.02074902314850593
187,2020-10-16,58.6,58.57,59.24,57.56,25386,149.8483,3.1092,0.02074898413929287
188,2020-10-19,58.57,58.38,59.82,58.23,48715,154.562,3.207,0.020748955111864493
189,2020-10-20,58.35,58.44,58.84,57.53,42360,148.568,3.0827,0.020749421140487855
190,2020-10-21,58.6,57.71,58.72,56.94,46009,143.6216,2.98,0.020748968121786695
191,2020-10-22,57.5,57.43,58.14,57.4,30398,142.5159,2.9571,0.020749263766358703
192,2020-10-23,57.74,56.88,57.8,56.79,25689,141.1193,2.9281,0.020749110858684815
193,2020-10-26,56.55,56.09,56.91,55.41,29668,141.2939,2.9317,0.020748949530022175
194,2020-10-27,55.54,56.55,56.58,54.59,52452,143.0397,2.968,0.020749484234097247
195,2020-10-28,55.78,56.0,56.39,55.44,29599,133.5541,2.7711,0.020748895017075476
196,2020-10-29,55.51,55.44,55.97,55.2,28890,133.8451,2.7772,0.0207493587736869
197,2020-10-30,55.44,55.41,56.45,54.8,32714,139.1407,2.8871,0.020749500325929076
198,2020-11-02,55.97,54.8,55.97,54.44,41780,140.7119,2.9197,0.02074948884920181
199,2020-11-03,55.05,55.78,57.22,54.96,48112,131.2264,2.7229,0.020749635744027117
200,2020-11-04,55.81,56.18,57.31,55.44,39058,128.8404,2.6733,0.02074892657893021
201,2020-11-05,56.45,57.95,58.08,56.09,65917,125.1161,2.5961,0.020749527838543558
202,2020-11-06,57.98,59.24,59.94,57.5,68060,122.2064,2.5357,0.020749322457743618
203,2020-11-09,59.64,61.87,62.12,59.48,108391,122.09,2.5333,0.020749447129167008
204,2020-11-10,62.67,62.24,63.31,61.26,83469,111.9643,2.3232,0.02074947103675011
205,2020-11-11,61.96,62.33,63.58,61.66,65258,124.4177,2.5816,0.020749459281115146
206,2020-11-12,63.31,65.33,65.54,62.18,97715,133.6123,2.7724,0.020749586677274473
207,2020-11-13,65.15,64.81,65.42,63.77,44521,135.7073,2.8158,0.02074906803097549
208,2020-11-16,64.35,67.75,68.73,63.62,94870,136.4638,2.8315,0.02074909243330466
209,2020-11-17,68.42,69.77,72.43,67.75,106481,136.0564,2.8231,0.020749483302512785
210,2020-11-18,69.98,70.29,70.44,68.21,62953,135.2999,2.8074,0.020749461012166303
211,2020-11-19,69.64,69.8,70.35,68.51,59572,135.1835,2.805,0.020749573727562906
212,2020-11-20,69.74,71.42,71.48,69.4,48707,133.6123,2.7724,0.020749586677274473
213,2020-11-23,72.24,70.38,74.39,70.01,99212,136.9875,2.8424,0.02074933844328862
214,2020-11-24,70.35,71.54,71.82,69.74,56823,133.6705,2.7736,0.020749529626955834
215,2020-11-25,71.85,69.92,72.95,69.74,44371,133.9033,2.7784,0.020749301921610595
216,2020-11-26,69.74,71.11,71.27,69.18,48264,133.1468,2.7627,0.020749278240258122
217,2020-11-27,70.59,70.99,72.03,70.01,31139,140.3046,2.9112,0.02074914151068461
218,2020-11-30,71.08,70.29,71.33,69.89,54171,131.2264,2.7229,0.020749635744027117
219,2020-12-01,71.23,72.12,73.22,70.5,66184,132.623,2.7518,0.02074904051333479
