,日期,开盘,收盘,最高,最低,成交量,pe,pb,roe
0,2020-01-03,73.91,73.71,74.35,73.07,98788,14.9734,1.9106,0.12759960997502237
1,2020-01-06,74.94,74.79,76.51,73.96,283110,14.6054,1.8636,0.1275966423377655
2,2020-01-07,74.99,74.1,75.18,73.22,196326,14.8469,1.8945,0.12760239511278448
3,2020-01-08,73.76,73.46,74.45,72.83,105239,15.0654,1.9223,0.1275970103681283
4,2020-01-09,73.46,72.97,73.71,72.09,137970,15.1689,1.9355,0.12759659566613268
5,2020-01-10,73.22,73.27,73.51,72.48,127386,15.4909,1.9766,0.12759749272153328
6,2020-01-13,73.27,74.2,74.55,72.73,144601,15.5254,1.981,0.12759735658984633
7,2020-01-14,74.05,75.48,76.12,74.0,158871,15.7094,2.0045,0.12759876252434849
8,2020-01-15,75.43,75.04,75.87,74.45,109286,15.5714,1.9869,0.12759931669599395
9,2020-01-16,75.28,75.82,76.41,74.59,121488,15.8014,2.0163,0.12760261748958954
10,2020-01-17,75.97,76.46,78.13,75.58,132994,16.3074,2.0808,0.12759851355826188
11,2020-01-20,77.4,76.61,77.79,75.82,115028,16.5144,2.1072,0.1275977328876617
12,2020-01-21,76.85,74.1,76.85,73.86,149804,16.0889,2.0529,0.12759728757093403
13,2020-01-22,73.96,74.69,75.18,72.87,96137,15.4104,1.9664,0.1276021388153455
14,2020-01-23,74.69,72.58,74.69,70.61,146982,14.7434,1.8813,0.1276028595846277
15,2020-02-03,65.85,65.85,66.54,65.85,146484,14.5249,1.8534,0.12760156696431643
16,2020-02-04,65.01,65.41,66.19,63.69,183758,14.3409,1.8299,0.12760008088753147
17,2020-02-05,65.41,68.26,68.99,65.41,225300,14.2834,1.8226,0.1276026716328045
18,2020-02-06,68.8,69.29,69.68,67.86,126194,14.0764,1.7961,0.1275965445710551
19,2020-02-07,69.24,70.02,70.32,67.71,154009,14.3524,1.8314,0.1276023522198378
20,2020-02-10,70.52,69.53,70.52,68.89,133567,13.9269,1.7771,0.12760197890413516
21,2020-02-11,69.53,69.98,70.12,68.89,88543,13.6049,1.736,0.12760108490323338
22,2020-02-12,69.53,70.17,70.52,68.94,99703,13.2483,1.6905,0.12760127714499217
23,2020-02-13,69.78,69.83,70.17,69.34,82762,13.4898,1.7213,0.12760011267772686
24,2020-02-14,69.34,69.93,70.27,69.29,53631,13.6509,1.7418,0.1275959826824605
25,2020-02-17,69.83,71.6,71.84,69.73,86382,13.3518,1.7037,0.12760077292949265
26,2020-02-18,71.6,71.01,71.74,70.27,77821,13.6969,1.7477,0.1275982156546372
27,2020-02-19,70.91,70.57,70.96,69.93,66247,13.8004,1.8174,0.1316918350192748
28,2020-02-20,70.61,70.86,71.45,69.93,88556,13.6164,1.7932,0.13169413354484297
29,2020-02-21,70.52,70.07,71.15,70.02,110965,13.5933,1.7901,0.1316898766303988
30,2020-02-24,70.17,69.53,71.45,69.53,172625,13.4553,1.772,0.13169531708694715
31,2020-02-25,68.3,68.16,68.6,66.83,157302,13.5128,1.7795,0.13168995322953053
32,2020-02-26,67.47,69.78,70.22,66.88,196736,13.1678,1.7341,0.13169246191467063
33,2020-02-27,69.04,69.43,70.02,68.6,142680,13.2598,1.7462,0.1316912773948325
34,2020-02-28,68.3,73.02,73.91,66.98,334979,13.3978,1.7644,0.13169326307304183
35,2020-03-02,73.46,73.46,74.45,72.38,309410,13.2253,1.7417,0.13169455513296485
36,2020-03-03,73.66,73.51,74.2,72.58,226914,13.1563,1.7326,0.13169356125962467
37,2020-03-04,73.22,72.24,73.42,71.74,138151,12.5353,1.6508,0.1316921015053489
38,2020-03-05,72.68,73.22,73.22,71.84,138165,11.9373,1.572,0.1316880701666206
39,2020-03-06,72.28,74.45,75.14,72.19,280345,12.0638,1.5887,0.13169150682206268
40,2020-03-09,72.48,71.84,72.48,69.53,240226,12.0638,1.5887,0.13169150682206268
41,2020-03-10,70.02,72.14,72.68,69.88,192617,12.1558,1.6008,0.13169022195166094
42,2020-03-11,71.89,71.74,72.33,69.68,184264,12.3168,1.622,0.13169004936347103
43,2020-03-12,70.37,71.65,71.74,69.09,130828,12.7998,1.6856,0.13168955764933826
44,2020-03-13,69.09,71.35,71.35,67.47,106648,12.8573,1.6932,0.13169172376782062
45,2020-03-16,70.61,70.02,71.01,69.14,90213,13.5703,1.7871,0.13169200386137372
46,2020-03-17,69.43,69.78,70.02,67.57,109627,13.6854,1.8022,0.13168778406184695
47,2020-03-18,69.68,67.08,70.12,67.08,108330,13.5243,1.781,0.13168888593124967
48,2020-03-19,66.58,63.24,66.58,60.93,255216,13.3058,1.7523,0.13169444903726193
49,2020-03-20,62.95,63.64,64.28,61.82,119276,13.8004,1.8174,0.1316918350192748
50,2020-03-23,63.64,62.26,63.64,61.13,102765,13.3863,1.7629,0.1316943442175956
51,2020-03-24,62.9,62.21,63.1,61.03,75442,13.5243,1.781,0.13168888593124967
52,2020-03-25,62.41,62.85,63.14,62.06,82806,13.5358,1.7826,0.13169520826253342
53,2020-03-26,62.6,62.26,62.7,61.82,76530,13.5243,1.781,0.13168888593124967
54,2020-03-27,62.41,62.51,63.39,62.06,90180,13.8004,1.8174,0.1316918350192748
55,2020-03-30,64.03,63.0,65.95,62.85,185486,13.6624,1.7992,0.13168989343014403
56,2020-03-31,63.83,66.58,66.58,62.8,241094,13.9729,1.8401,0.13169062971895598
57,2020-04-01,65.85,63.49,65.95,63.49,160759,14.1684,1.8659,0.13169447502893764
58,2020-04-02,62.75,63.78,64.52,62.16,156922,14.1454,1.8628,0.1316894538153746
59,2020-04-03,63.69,62.9,63.93,62.85,71088,14.3179,1.8855,0.1316883062460277
60,2020-04-07,63.69,64.67,65.31,63.39,136874,14.3179,1.8855,0.1316883062460277
61,2020-04-08,64.37,64.37,65.36,64.08,84977,13.2828,1.8465,0.13901436444123227
62,2020-04-09,64.57,64.03,64.86,63.69,82679,12.8343,1.7841,0.13901030831443864
63,2020-04-10,63.59,62.65,63.73,62.31,91181,12.4663,1.733,0.13901478385727922
64,2020-04-13,62.9,63.05,63.59,62.56,100327,12.6848,1.7634,0.1390167759838547
65,2020-04-14,63.0,63.44,63.69,62.8,93685,12.5928,1.7506,0.1390159456197192
66,2020-04-15,63.39,62.9,63.93,62.46,96604,12.5813,1.749,0.13901584097032899
67,2020-04-16,62.51,63.24,63.59,62.16,89384,12.8458,1.7857,0.1390104158557661
68,2020-04-17,63.59,64.08,64.37,63.24,130439,13.1793,1.8321,0.13901345291479822
69,2020-04-20,64.13,64.52,64.82,63.29,104954,12.8458,1.7857,0.1390104158557661
70,2020-04-21,64.18,63.39,64.18,62.56,104621,12.5123,1.7394,0.13901520903431025
71,2020-04-22,62.65,63.64,63.78,62.46,82455,11.8798,1.6515,0.13901749187696763
72,2020-04-23,63.88,64.62,65.16,63.78,134436,11.8338,1.6451,0.13901705284862007
73,2020-04-24,64.72,64.13,64.77,63.64,83915,11.7303,1.6307,0.13901605244537651
74,2020-04-27,64.32,63.14,65.21,62.6,141968,12.0868,1.6802,0.13901115266240857
75,2020-04-28,63.93,62.36,64.13,61.47,116197,12.4548,1.7314,0.13901467707229342
76,2020-04-29,62.11,63.44,63.54,61.97,92498,12.4778,1.7346,0.13901489044543108
77,2020-04-30,63.73,65.55,65.75,63.64,156297,12.5583,1.7458,0.13901563109656562
78,2020-05-06,64.72,65.31,65.85,64.42,107209,12.8228,1.7825,0.1390102005802165
79,2020-05-07,65.75,64.57,65.75,64.42,86278,12.0868,1.6802,0.13901115266240857
80,2020-05-08,64.86,65.16,65.41,64.23,101149,11.7533,1.6339,0.13901627627985333
81,2020-05-11,65.21,65.41,66.39,65.06,86819,11.6728,1.6227,0.13901548900006852
82,2020-05-12,65.36,64.72,65.41,64.32,56453,11.6383,1.6179,0.13901514826048478
83,2020-05-13,64.23,65.01,65.21,64.23,48717,11.6268,1.6163,0.13901503423125883
84,2020-05-14,64.82,64.42,64.82,64.32,45448,11.4543,1.5923,0.13901329631666712
85,2020-05-15,64.67,64.03,64.77,64.03,63991,11.6268,1.6163,0.13901503423125883
86,2020-05-18,64.13,63.93,64.57,63.78,55469,12.0983,1.6818,0.13901126604564276
87,2020-05-19,64.47,64.52,65.16,64.23,53793,12.6618,1.7602,0.1390165695240803
88,2020-05-20,64.37,64.42,64.77,64.03,55135,12.2133,1.6978,0.13901238813424707
89,2020-05-21,65.06,65.11,66.0,64.77,101842,11.5578,1.6067,0.13901434529062623
90,2020-05-22,65.21,64.08,65.26,63.78,56573,11.8338,1.6451,0.13901705284862007
91,2020-05-25,64.03,64.42,64.52,63.83,38792,11.2703,1.5667,0.13901138390282422
92,2020-05-26,64.62,64.86,65.06,64.18,52156,11.0748,1.5395,0.13900928233466972
93,2020-05-27,64.67,64.86,65.5,64.62,82928,11.3853,1.5827,0.13901258640527697
94,2020-05-28,64.94,65.19,65.58,64.04,132896,11.5808,1.6099,0.13901457584968224
95,2020-05-29,65.0,65.58,65.58,64.68,97670,11.9603,1.6626,0.13900989105624442
96,2020-06-01,65.9,66.15,66.41,65.51,114255,11.7303,1.6307,0.13901605244537651
97,2020-06-02,66.28,66.79,67.05,65.96,123348,11.6383,1.6179,0.13901514826048478
98,2020-06-03,67.11,66.54,68.2,66.54,166452,11.4428,1.5907,0.13901317859265214
99,2020-06-04,66.85,66.54,67.49,66.15,73691,11.4773,1.5955,0.1390135310569559
100,2020-06-05,66.54,65.77,66.54,65.51,82730,11.3968,1.5843,0.1390127053207918
101,2020-06-08,66.34,66.41,67.17,66.28,92860,10.8448,1.5076,0.13901593390380645
102,2020-06-09,66.66,67.17,67.62,66.34,130600,10.5573,1.4676,0.1390128157767611
103,2020-06-10,66.92,67.75,67.88,66.6,116986,10.4078,1.4468,0.1390111262706816
104,2020-06-11,67.69,66.98,67.75,66.41,113737,10.4998,1.4596,0.13901217166041258
105,2020-06-12,65.9,66.15,66.92,65.58,85537,10.1318,1.4085,0.13901774610631873
106,2020-06-15,66.22,65.45,66.79,65.45,77040,10.2698,1.4276,0.1390095230676352
107,2020-06-16,65.96,65.77,66.15,65.51,101292,10.1893,1.4164,0.1390085678113315
108,2020-06-17,65.77,65.07,65.9,64.49,136629,10.3043,1.4324,0.1390099278941801
109,2020-06-18,65.07,65.0,65.26,64.68,150268,10.4308,1.45,0.13901138934693408
110,2020-06-19,65.13,65.07,65.39,64.68,134749,10.4193,1.4484,0.13901125795398922
111,2020-06-22,64.75,64.36,65.0,64.24,137949,10.4308,1.45,0.13901138934693408
112,2020-06-23,64.49,63.72,64.62,63.53,94823,10.5573,1.4676,0.1390128157767611
113,2020-06-24,64.11,64.17,64.56,63.98,87776,10.4998,1.4596,0.13901217166041258
114,2020-06-29,63.92,63.41,63.92,63.15,93248,10.6263,1.4772,0.139013579514977
115,2020-06-30,63.66,65.45,65.71,63.47,145331,10.7758,1.498,0.1390152007275562
116,2020-07-01,65.07,64.94,65.26,64.56,105819,10.9138,1.5172,0.13901665780937897
117,2020-07-02,65.0,65.77,66.02,64.87,179948,10.8473,1.5079,0.13901155126160428
118,2020-07-03,66.15,67.37,67.75,65.96,204307,10.7088,1.4887,0.13901650978634394
119,2020-07-06,67.81,70.43,70.62,67.81,386949,10.5934,1.4726,0.13901108237204296
120,2020-07-07,70.56,70.88,72.28,69.54,281351,10.7319,1.4919,0.1390154585860845
121,2020-07-08,70.5,70.69,71.33,69.41,269234,10.7319,1.4919,0.1390154585860845
122,2020-07-09,70.69,71.77,72.09,70.3,222853,10.778,1.4983,0.13901465949155686
123,2020-07-10,71.77,72.28,73.5,71.2,229290,10.6626,1.4823,0.13901862585110575
124,2020-07-13,72.28,73.56,73.95,71.77,250417,10.5588,1.4678,0.1390120089404099
125,2020-07-14,73.37,71.45,73.37,70.56,273674,10.4895,1.4582,0.13901520568187234
126,2020-07-15,71.01,70.37,71.97,70.3,190814,10.7851,1.4288,0.13247906834428982
127,2020-07-16,70.37,68.64,72.16,68.2,268307,10.7851,1.4288,0.13247906834428982
128,2020-07-17,68.77,69.73,70.56,68.77,178535,10.7052,1.4182,0.13247767440122557
129,2020-07-20,71.01,72.86,73.69,70.37,381270,10.6431,1.4099,0.13247080267967037
130,2020-07-21,72.86,71.33,73.12,70.82,275326,10.8295,1.4346,0.13247148991181495
131,2020-07-22,71.84,74.97,75.1,71.07,503818,10.7052,1.4182,0.13247767440122557
132,2020-07-23,73.56,77.46,77.46,72.99,454150,10.723,1.4205,0.13247225589853587
133,2020-07-24,76.12,74.33,77.4,72.92,362447,10.6165,1.4064,0.1324730372533321
134,2020-07-27,74.33,71.71,74.97,71.33,292150,10.6342,1.4088,0.13247823061443267
135,2020-07-28,72.09,70.75,72.8,70.3,204803,10.7052,1.4182,0.13247767440122557
136,2020-07-29,70.88,71.71,72.03,69.92,177305,10.8118,1.4323,0.13247562847999408
137,2020-07-30,71.77,71.77,73.05,71.07,153433,10.7585,1.4252,0.13247199888460287
138,2020-07-31,71.33,71.97,72.86,71.14,178213,10.8828,1.4417,0.13247509832028523
139,2020-08-03,72.28,72.41,72.6,71.71,237742,10.8384,1.4358,0.1324734278122232
140,2020-08-04,72.48,74.27,75.93,72.22,439514,10.7319,1.4217,0.1324742123948229
141,2020-08-05,74.71,78.35,78.99,73.31,658803,10.865,1.4393,0.13247123791992638
142,2020-08-06,78.03,76.88,80.59,75.48,634646,10.9094,1.4452,0.13247291326745742
143,2020-08-07,77.4,76.44,77.65,75.67,312798,10.5277,1.3947,0.13247907900111136
144,2020-08-10,76.25,76.31,77.08,75.8,224152,10.3324,1.3688,0.13247648174673843
145,2020-08-11,75.93,74.27,76.88,74.01,296769,17.0904,1.4425,0.08440410990965688
146,2020-08-12,73.75,72.28,74.9,71.01,340078,17.3801,1.467,0.08440687913188072
147,2020-08-13,72.54,72.86,73.18,72.03,150531,17.525,1.4792,0.08440513552068475
148,2020-08-14,72.73,73.12,73.43,72.28,126582,17.2353,1.4547,0.084402360272232
149,2020-08-17,73.43,76.63,77.4,73.24,382601,17.1629,1.4486,0.08440298550944188
150,2020-08-18,77.33,78.48,78.99,76.88,587346,17.496,1.4767,0.08440214906264289
151,2020-08-19,78.48,80.33,82.44,77.59,526444,17.3656,1.4657,0.08440249689040401
152,2020-08-20,79.7,78.48,80.14,77.78,302090,17.1194,1.4449,0.08440132247625502
153,2020-08-21,79.63,77.01,79.82,76.44,314220,17.018,1.4364,0.08440474791397343
154,2020-08-24,77.71,77.08,79.06,76.88,216346,17.1773,1.4498,0.08440208880324615
155,2020-08-25,77.71,77.59,80.14,77.27,338446,17.0615,1.4401,0.0844064120974123
156,2020-08-26,77.65,76.37,78.29,75.8,224224,16.9456,1.4303,0.08440539137003115
157,2020-08-27,77.2,78.42,78.61,76.37,233279,17.3511,1.4645,0.08440387064797045
158,2020-08-28,79.06,80.91,81.16,78.93,434481,17.4525,1.4731,0.08440624552356396
159,2020-08-31,85.51,86.66,88.32,83.78,949383,17.5394,1.4804,0.0844042555617638
160,2020-09-01,85.96,86.66,87.87,85.57,498100,17.018,1.4364,0.08440474791397343
161,2020-09-02,87.3,85.7,87.94,85.57,376013,17.2787,1.4584,0.08440449802357816
162,2020-09-03,86.21,85.83,86.79,85.19,256721,17.1918,1.4511,0.08440651938714969
163,2020-09-04,84.49,84.74,85.38,83.72,296949,18.1043,1.5281,0.08440536226200407
164,2020-09-07,84.74,83.02,86.72,82.83,318163,17.047,1.4388,0.08440194755675486
165,2020-09-08,83.02,83.78,84.04,82.19,204761,16.9022,1.4896,0.08813053921974653
166,2020-09-09,82.38,82.25,83.02,80.65,226065,16.8297,1.4832,0.08812991318918342
167,2020-09-10,82.83,82.31,83.53,81.23,200295,17.0035,1.4985,0.08812891463522217
168,2020-09-11,82.25,82.25,82.83,80.59,183370,16.8153,1.4819,0.08812807383751702
169,2020-09-14,82.83,81.48,84.1,80.97,289015,16.8297,1.4832,0.08812991318918342
170,2020-09-15,81.48,83.78,83.91,79.76,337351,17.2353,1.5189,0.08812727367669841
171,2020-09-16,84.04,81.04,84.23,80.59,396977,17.1194,1.5087,0.08812808860123603
172,2020-09-17,81.36,82.25,82.57,79.95,254717,18.2491,1.6083,0.08813037355266837
173,2020-09-18,82.19,82.57,83.78,81.23,315643,19.0457,1.6785,0.08813012911050788
174,2020-09-21,83.34,82.51,83.72,81.8,163963,19.1181,1.6849,0.08813114273907974
175,2020-09-22,81.36,78.55,81.87,78.42,270337,19.5092,1.7193,0.08812765259467328
176,2020-09-23,79.25,78.23,79.38,77.59,117672,19.5961,1.727,0.08812978092579646
177,2020-09-24,77.65,75.54,78.23,75.54,198131,19.625,1.7295,0.08812738853503185
178,2020-09-25,76.05,74.65,76.37,74.14,160590,19.7409,1.7397,0.08812668115435467
179,2020-09-28,74.84,74.14,75.8,73.82,118158,19.654,1.7321,0.08812964282079984
180,2020-09-29,74.84,74.14,75.16,73.56,115579,20.4216,1.7997,0.08812727700082265
181,2020-09-30,74.27,73.43,74.84,72.67,163037,20.0596,1.7678,0.08812738040638897
182,2020-10-09,74.84,76.76,76.88,73.82,272423,19.7699,1.7423,0.08812892326213081
183,2020-10-12,76.5,80.21,80.4,76.05,392302,20.1465,1.7755,0.08812945176581541
184,2020-10-13,80.53,80.59,80.91,78.67,185917,20.132,1.7742,0.08812835287105106
185,2020-10-14,80.97,81.55,82.7,80.53,328353,20.0016,1.7627,0.08812794976401887
186,2020-10-15,81.55,80.78,82.06,80.59,228498,18.9443,1.6695,0.0881267716410741
187,2020-10-16,80.97,80.27,81.74,79.63,226716,19.0457,1.6785,0.08813012911050788
188,2020-10-19,80.72,82.19,83.27,80.72,327809,18.5678,1.6364,0.08813106560820345
189,2020-10-20,82.19,81.87,83.08,80.85,251690,18.9733,1.6721,0.08812910774614854
190,2020-10-21,81.8,82.63,83.02,80.65,356088,19.1326,1.6861,0.08812707107241044
191,2020-10-22,81.93,82.76,83.4,81.48,191157,19.3643,1.7066,0.08813125183972567
192,2020-10-23,82.76,83.78,85.64,82.63,338438,19.2774,1.6989,0.08812910454729372
193,2020-10-26,83.08,83.21,83.78,79.82,320949,19.4078,1.7104,0.08812951493729324
194,2020-10-27,82.19,81.29,82.83,80.53,293385,19.5816,1.7257,0.08812865138701638
195,2020-10-28,81.23,82.95,83.4,81.1,322800,19.0892,1.6823,0.08812836577750768
196,2020-10-29,81.87,82.06,82.95,80.85,344251,19.0602,1.6798,0.0881312892834283
197,2020-10-30,82.19,80.72,82.76,79.95,229445,19.1616,1.6887,0.08812938376753507
198,2020-11-02,80.27,82.7,82.95,79.44,418828,19.1036,1.6836,0.08812998597123055
199,2020-11-03,82.63,84.49,85.25,82.06,338984,18.9733,1.6721,0.08812910774614854
200,2020-11-04,84.23,86.85,87.04,83.91,616063,19.1181,1.6849,0.08813114273907974
201,2020-11-05,86.79,85.32,87.55,84.29,406400,18.9009,1.6657,0.08812807855710575
202,2020-11-06,85.38,86.47,87.42,84.1,404227,18.5967,1.6389,0.08812853893432707
203,2020-11-09,86.66,86.79,87.3,85.51,461080,17.7567,1.5649,0.0881301142667275
204,2020-11-10,87.49,87.81,90.24,86.53,817421,17.887,1.5764,0.088131044892939
205,2020-11-11,87.04,89.02,89.21,86.15,855687,19.8713,1.7512,0.08812709787482449
206,2020-11-12,88.32,92.73,93.69,88.32,906606,20.4941,1.8061,0.08812780263588058
207,2020-11-13,92.79,96.5,96.56,91.51,880980,20.3203,1.7908,0.08812862014832458
208,2020-11-16,96.88,98.86,99.43,94.84,1360124,21.0589,1.8559,0.08812900958739535
209,2020-11-17,98.03,97.71,99.75,95.35,798725,21.0155,1.8521,0.08813018962194571
210,2020-11-18,96.56,94.9,98.09,94.52,727661,20.8272,1.8355,0.08812994545594222
211,2020-11-19,94.45,93.62,96.37,92.79,631199,20.5954,1.8151,0.08813133029705661
212,2020-11-20,94.32,94.39,96.3,93.24,893044,20.7258,1.8265,0.08812687568151772
213,2020-11-23,94.96,93.37,96.56,93.37,728892,20.3492,1.7934,0.08813122874609322
214,2020-11-24,92.34,93.17,94.13,90.94,470546,20.074,1.7691,0.08812892298495566
215,2020-11-25,94.2,91.39,96.24,89.98,653263,19.9871,1.7614,0.08812684181296936
216,2020-11-26,91.07,90.81,91.71,87.68,407718,20.132,1.7742,0.08812835287105106
217,2020-11-27,90.81,89.6,91.19,88.77,193701,20.3203,1.7908,0.08812862014832458
218,2020-11-30,90.68,88.26,91.13,88.26,339825,20.523,1.8087,0.0881303902938167
219,2020-12-01,88.7,90.3,90.62,87.94,335520,20.2044,1.7806,0.08812931836629645
