,日期,开盘,收盘,最高,最低,成交量,pe,pb,roe
0,2020-01-03,116.98,119.72,120.89,116.63,435724,155.7949,5.3015,0.034028713391773414
1,2020-01-06,121.64,120.13,123.15,119.1,354680,151.6092,5.159,0.03402827796730014
2,2020-01-07,119.45,120.0,120.96,119.31,216694,149.6624,5.0928,0.03402858700648927
3,2020-01-08,120.89,121.09,123.22,119.38,360065,154.5295,5.2584,0.034028454113939406
4,2020-01-09,118.9,119.38,119.45,117.87,239313,142.7998,4.8593,0.03402875914392037
5,2020-01-10,119.31,118.42,119.93,118.07,144674,147.2775,5.0116,0.03402827994771774
6,2020-01-13,118.07,118.97,119.1,116.84,156908,146.0121,4.9686,0.03402868666363952
7,2020-01-14,119.24,118.9,121.09,118.69,242272,147.4722,5.0183,0.0340287864424617
8,2020-01-15,118.76,116.63,119.17,116.15,195316,139.7336,4.7549,0.03402832246503346
9,2020-01-16,117.11,116.98,119.86,116.91,227632,127.0305,4.3227,0.0340288355946013
10,2020-01-17,116.98,117.11,118.01,116.43,142605,123.4775,4.2018,0.03402887165677958
11,2020-01-20,117.25,119.24,120.2,117.25,221037,129.9508,4.422,0.03402826300415234
12,2020-01-21,118.9,118.76,120.13,118.35,173624,128.9773,4.3889,0.034028468575478005
13,2020-01-22,118.14,119.17,119.86,116.29,174847,119.1459,4.0544,0.03402886712845344
14,2020-01-23,118.21,117.11,122.74,116.5,344653,122.3581,4.1637,0.034028805612378754
15,2020-02-03,105.72,105.72,106.54,105.72,213761,120.7033,4.1074,0.03402889564742638
16,2020-02-04,103.11,106.41,107.57,103.11,326118,121.6767,4.1405,0.034028700646878164
17,2020-02-05,105.86,107.09,108.74,105.17,291627,120.2166,4.0908,0.034028578415959194
18,2020-02-06,106.95,109.15,109.91,106.13,269236,122.8935,4.1819,0.034028650823680666
19,2020-02-07,109.29,110.73,111.0,107.98,236211,123.8669,4.215,0.034028461195040806
20,2020-02-10,109.49,111.07,111.55,109.43,180256,124.597,4.2398,0.03402810661572911
21,2020-02-11,111.9,109.7,111.9,109.63,157396,120.9953,4.1173,0.034028594499125174
22,2020-02-12,109.29,110.59,110.8,108.88,173137,117.8317,4.0096,0.0340281944502201
23,2020-02-13,110.45,108.94,110.8,108.74,155383,115.7389,3.9908,0.03448106038678439
24,2020-02-14,108.46,108.94,109.77,108.46,140720,115.3009,3.9757,0.034481083842363765
25,2020-02-17,110.66,118.07,118.42,110.66,564898,116.5176,4.0177,0.034481486058758504
26,2020-02-18,119.52,118.21,121.3,117.39,530258,116.2743,4.0093,0.034481394426799386
27,2020-02-19,116.7,115.74,119.52,115.19,396707,115.9823,3.9992,0.03448112341279661
28,2020-02-20,115.88,116.43,116.84,114.02,336656,117.199,4.0412,0.03448152287988805
29,2020-02-21,116.22,118.62,120.61,116.01,480956,117.1017,4.0378,0.03448113904409586
30,2020-02-24,117.59,118.01,119.52,116.91,308680,121.8227,4.2006,0.03448125841899744
31,2020-02-25,115.47,117.87,117.94,113.82,329150,120.7033,4.162,0.03448124450615683
32,2020-02-26,116.22,120.96,127.2,116.08,874807,122.4068,4.2208,0.034481744478247936
33,2020-02-27,122.67,125.14,127.34,119.45,786831,126.0084,4.345,0.03448182819558061
34,2020-02-28,120.96,119.65,124.8,119.58,573764,125.8624,4.3399,0.03448130656971423
35,2020-03-02,121.44,128.23,130.43,119.79,701901,125.5704,4.3298,0.0344810560450552
36,2020-03-03,129.88,136.4,139.7,128.51,1036995,124.1103,4.2795,0.03448142499051247
37,2020-03-04,134.68,136.4,142.51,133.52,733268,112.8187,3.8902,0.03448187224281081
38,2020-03-05,137.43,133.93,139.21,132.97,592160,112.0399,3.8633,0.03448146597774543
39,2020-03-06,132.42,131.12,133.72,130.7,400918,111.0665,3.8297,0.034481144179388024
40,2020-03-09,129.74,123.98,129.74,122.88,549411,106.9782,3.6888,0.03448179161735756
41,2020-03-10,124.11,129.06,130.15,123.57,529932,109.8984,3.7895,0.034481848689334876
42,2020-03-11,129.12,128.23,134.0,127.96,547948,108.5843,3.7441,0.034481043760469975
43,2020-03-12,125.76,127.13,129.47,125.08,294341,112.8187,3.8902,0.03448187224281081
44,2020-03-13,120.96,125.69,128.44,120.06,344474,109.5577,3.7777,0.034481373741873
45,2020-03-16,126.45,118.83,127.41,118.21,413578,111.6992,3.8516,0.0344818942302183
46,2020-03-17,121.03,120.27,122.67,116.7,288103,109.1684,3.7643,0.03448158991063348
47,2020-03-18,120.96,116.77,121.99,116.56,272242,106.7348,3.6804,0.034481724798285096
48,2020-03-19,117.11,120.27,120.61,116.29,313326,107.0755,3.6921,0.03448127722961835
49,2020-03-20,121.51,122.05,122.33,120.2,242976,107.8056,3.7173,0.03448151116454062
50,2020-03-23,118.9,117.8,120.0,117.39,195045,106.6375,3.677,0.0344813034814207
51,2020-03-24,120.27,121.3,121.64,118.21,229337,106.8808,3.6854,0.034481403582308515
52,2020-03-25,123.36,123.02,123.98,121.51,215874,107.9516,3.7223,0.03448119342371952
53,2020-03-26,122.26,119.52,122.33,119.1,238111,112.8673,3.8918,0.0344812004894243
54,2020-03-27,120.82,118.83,121.09,118.83,154947,112.624,3.8834,0.03448110527063503
55,2020-03-30,116.36,117.87,120.54,115.12,199278,110.9205,3.8247,0.034481452932505714
56,2020-03-31,117.87,111.76,118.21,110.66,366954,116.0309,4.0009,0.034481332127907306
57,2020-04-01,111.76,109.7,112.38,109.7,232162,117.6857,4.058,0.03448167449401244
58,2020-04-02,109.29,111.83,111.83,108.94,152315,118.2211,4.0764,0.03448115437937897
59,2020-04-03,111.69,110.39,111.69,109.63,131018,120.314,4.1486,0.034481440231394524
60,2020-04-07,112.03,114.02,114.64,111.83,210289,117.7831,4.0613,0.034481177690177965
61,2020-04-08,113.13,116.29,117.46,113.13,236577,119.6326,4.1251,0.03448140389826853
62,2020-04-09,118.55,117.25,120.06,116.98,221959,117.7344,4.0597,0.03448185067405958
63,2020-04-10,117.18,116.77,119.45,116.29,190174,116.3716,4.0127,0.034481780778127996
64,2020-04-13,115.81,115.95,116.77,114.37,116187,120.4113,4.152,0.03448181358394104
65,2020-04-14,116.08,117.94,118.01,115.12,130555,125.3757,4.3798,0.03493340416045534
66,2020-04-15,118.35,115.6,118.35,115.47,138901,124.7917,4.3594,0.034933413039489006
67,2020-04-16,115.12,119.45,120.41,114.85,271077,126.9332,4.4342,0.03493333501400737
68,2020-04-17,119.58,121.78,123.7,117.94,373895,131.4109,4.5906,0.03493317525410754
69,2020-04-20,121.57,122.95,122.95,119.93,211569,133.9904,4.6807,0.034933099684753534
70,2020-04-21,122.33,121.03,123.7,119.86,243539,133.3577,4.6586,0.03493311597305592
71,2020-04-22,119.79,120.61,121.99,119.24,160734,127.0792,4.4393,0.03493333291364755
72,2020-04-23,121.03,122.33,123.98,119.93,291312,115.5442,4.0363,0.03493295206509716
73,2020-04-24,122.05,119.79,122.47,118.35,213330,113.6947,3.9717,0.034933026781371515
74,2020-04-27,119.79,117.32,120.68,117.32,181239,120.0706,4.1945,0.03493361405706309
75,2020-04-28,118.14,118.07,118.83,113.54,227632,123.4289,4.3118,0.034933471820619
76,2020-04-29,117.18,119.72,120.13,116.98,174865,125.9598,4.4002,0.03493336762998989
77,2020-04-30,119.93,123.84,124.59,119.1,298092,127.2739,4.4461,0.03493332097154248
78,2020-05-06,122.54,126.45,127.2,122.19,299846,123.0395,4.2982,0.03493349696642135
79,2020-05-07,126.31,125.62,127.82,124.59,209928,120.9467,4.2251,0.03493356991137418
80,2020-05-08,125.69,125.9,127.27,124.94,189679,126.7385,4.4274,0.03493334700978787
81,2020-05-11,126.1,126.79,128.51,125.21,219153,115.3495,4.0295,0.034932964598892925
82,2020-05-12,126.45,126.38,127.55,125.28,147680,116.5663,4.0721,0.0349337673066744
83,2020-05-13,126.52,126.17,127.07,124.87,130945,117.0043,4.0874,0.0349337588447604
84,2020-05-14,125.76,125.28,128.16,125.01,237681,114.8628,4.0125,0.03493298091288041
85,2020-05-15,125.42,124.46,125.83,123.84,167874,108.925,3.8051,0.03493321092494836
86,2020-05-18,125.21,129.19,131.05,124.87,404825,112.332,3.9241,0.0349330555852295
87,2020-05-19,129.19,128.58,129.54,127.48,203527,114.3275,3.9938,0.03493297763005401
88,2020-05-20,128.51,123.7,128.51,123.02,260581,111.7479,3.9037,0.03493309493959171
89,2020-05-21,125.97,122.54,125.97,122.12,169578,110.7258,3.868,0.03493314114686911
90,2020-05-22,122.33,120.13,123.57,119.17,178725,119.1945,4.1639,0.03493365885170876
91,2020-05-25,120.48,119.31,121.23,118.49,140744,112.332,3.9241,0.0349330555852295
92,2020-05-26,119.65,120.68,120.68,119.31,118653,109.071,3.8102,0.03493320864391085
93,2020-05-27,120.82,121.64,122.33,120.27,164783,112.4293,3.9275,0.03493306460148734
94,2020-05-28,121.37,120.89,121.92,119.65,143478,115.7876,4.0448,0.0349329289146679
95,2020-05-29,121.16,120.96,121.44,119.93,97913,113.8408,3.9768,0.0349329941462112
96,2020-06-01,120.96,123.5,123.7,120.27,188332,111.6019,3.8986,0.03493309701716548
97,2020-06-02,123.02,125.08,126.1,122.67,190230,116.0309,4.0533,0.03493293596791889
98,2020-06-03,124.8,124.11,125.83,123.7,134352,115.7876,4.0448,0.0349329289146679
99,2020-06-04,124.59,122.4,124.59,122.33,155697,105.6641,3.6912,0.03493334065212309
100,2020-06-05,122.4,121.64,123.36,120.89,108077,98.7042,3.4481,0.03493367050236971
101,2020-06-08,121.99,122.12,124.18,121.71,111113,89.7488,3.1352,0.03493305760077015
102,2020-06-09,122.6,120.96,122.6,120.54,124097,90.1381,3.1488,0.034933063820959176
103,2020-06-10,120.96,120.82,121.57,119.52,169036,89.116,3.1131,0.03493312087616141
104,2020-06-11,120.48,119.86,121.57,119.52,145104,86.3418,3.0162,0.03493325365002814
105,2020-06-12,118.9,118.55,119.58,118.21,223399,85.4657,2.9856,0.03493331242826069
106,2020-06-15,118.21,116.84,118.83,116.84,167303,86.1958,3.0111,0.03493325660879068
107,2020-06-16,117.46,118.28,118.83,117.46,119438,86.4392,3.0196,0.03493322474062694
108,2020-06-17,119.79,120.48,122.67,119.52,249407,83.0322,2.9006,0.03493343546238688
109,2020-06-18,119.24,119.1,119.65,117.8,137304,82.5942,2.8276,0.03423484942041935
110,2020-06-19,119.1,119.38,119.93,118.69,110727,82.3995,2.8209,0.03423443103416889
111,2020-06-22,120.0,120.82,121.44,119.72,131165,83.3729,2.8543,0.03423534505816638
112,2020-06-23,121.44,125.62,126.1,120.2,357333,81.8154,2.8009,0.03423438619135273
113,2020-06-24,124.53,125.28,127.13,123.91,272551,80.7934,2.7659,0.03423423200409934
114,2020-06-29,126.45,124.25,126.59,123.43,167482,82.0101,2.8076,0.03423480766393408
115,2020-06-30,125.21,125.49,126.86,123.77,223382,82.9349,2.8393,0.034235285748219386
116,2020-07-01,125.76,129.4,130.02,123.84,326330,83.6163,2.8626,0.034234951797675814
117,2020-07-02,128.1,130.84,131.8,127.96,347193,83.7136,2.8659,0.03423458076107108
118,2020-07-03,131.05,130.29,133.11,129.67,273040,84.541,2.8942,0.03423427685974853
119,2020-07-06,131.05,142.92,142.92,131.05,496289,84.2003,2.8826,0.03423503241674911
120,2020-07-07,148.96,152.74,156.86,144.02,959874,84.7357,2.9009,0.034234685026500046
121,2020-07-08,150.47,167.01,167.49,150.06,831642,85.9524,2.9426,0.034235227870309616
122,2020-07-09,169.35,167.36,178.34,163.38,885310,86.6338,2.9659,0.03423490600666253
123,2020-07-10,168.52,161.11,171.89,159.33,725973,85.5144,2.9276,0.03423516974918844
124,2020-07-13,159.19,164.27,165.02,158.71,521254,83.7136,2.8659,0.03423458076107108
125,2020-07-14,163.58,167.01,175.11,162.14,601356,83.6649,2.8643,0.03423538425313363
126,2020-07-15,167.08,162.28,169.14,160.77,392565,84.2003,2.8826,0.03423503241674911
127,2020-07-16,162.0,157.54,170.03,154.8,509930,83.5189,2.8593,0.03423536468990851
128,2020-07-17,158.16,162.14,166.74,157.27,479092,82.5455,2.8259,0.034234452514067995
129,2020-07-20,165.09,171.82,172.09,163.93,665600,83.1295,2.8459,0.034234537679163235
130,2020-07-21,172.57,159.88,172.92,157.4,731360,84.833,2.9042,0.03423431919182394
131,2020-07-22,158.23,161.32,166.47,157.61,585431,85.6604,2.9326,0.034235189188936775
132,2020-07-23,164.68,164.95,167.77,158.16,675665,89.116,3.0509,0.03423515418106737
133,2020-07-24,165.09,162.14,171.82,160.77,889300,89.5541,3.0659,0.03423517181234583
134,2020-07-27,161.45,157.34,163.58,155.07,479092,86.1958,2.9509,0.03423484670946844
135,2020-07-28,158.16,165.71,172.23,156.24,616726,86.7798,2.9709,0.034234925639376905
136,2020-07-29,164.47,168.73,169.07,161.59,509917,87.4126,2.9926,0.03423533907011118
137,2020-07-30,168.73,168.11,174.63,165.5,528666,87.5586,2.9976,0.034235357806086435
138,2020-07-31,167.36,166.4,168.87,163.86,335614,87.8506,3.0076,0.03423539509121167
139,2020-08-03,168.52,182.46,182.66,167.08,870979,87.2179,2.9859,0.03423494489089969
140,2020-08-04,181.77,174.29,181.77,172.57,613859,87.0232,2.9792,0.034234548947866775
141,2020-08-05,173.05,177.24,181.57,172.44,540851,87.6072,2.9992,0.034234629117241504
142,2020-08-06,176.56,183.21,187.61,175.39,740212,85.7578,2.9359,0.034234786806564534
143,2020-08-07,181.5,181.36,186.03,174.02,668641,82.8375,2.8474,0.034373321261505954
144,2020-08-10,181.36,177.79,193.17,176.69,634558,81.6694,2.8073,0.0343739515657027
145,2020-08-11,175.73,173.05,181.22,172.51,477024,81.134,2.7889,0.03437399857026647
146,2020-08-12,172.71,164.06,173.12,160.91,450913,82.8862,2.8491,0.0343736351769052
147,2020-08-13,164.2,166.67,169.55,163.17,308806,84.687,2.911,0.03437363467828593
148,2020-08-14,167.77,182.94,182.94,167.77,825718,83.4702,2.8692,0.034373944233990095
149,2020-08-17,185.62,191.79,194.4,181.36,1022924,83.7623,2.8792,0.03437345918151722
150,2020-08-18,191.18,192.69,199.82,189.8,686706,85.125,2.9261,0.034374155653450804
151,2020-08-19,191.31,189.05,198.04,187.26,563233,84.2976,2.8976,0.034373457844588694
152,2020-08-20,192.48,182.73,192.55,181.43,506693,82.6428,2.8407,0.03437323033585503
153,2020-08-21,185.82,179.71,186.71,177.72,349895,79.9173,2.7471,0.03437428441651558
154,2020-08-24,180.19,180.54,185.96,179.16,292785,81.5721,2.8039,0.03437327223401138
155,2020-08-25,180.4,173.53,181.36,170.17,402406,80.1606,2.7554,0.034373495208369194
156,2020-08-26,173.95,167.84,176.01,166.6,298227,80.7447,2.7755,0.03437377313928964
157,2020-08-27,168.46,169.76,169.97,164.41,227481,81.0854,2.7872,0.03437363569767184
158,2020-08-28,170.03,172.44,173.47,167.15,324912,80.404,2.7638,0.03437391174568429
159,2020-08-31,174.5,169.83,175.59,169.83,358598,78.7979,2.7086,0.03437401250540941
160,2020-09-01,171.82,173.4,175.11,170.58,294302,76.2183,2.6199,0.03437363467828592
161,2020-09-02,175.32,170.45,175.32,168.94,244513,77.2404,2.655,0.03437320366026069
162,2020-09-03,169.83,169.69,171.75,166.74,189276,75.7316,2.6032,0.03437402616609183
163,2020-09-04,166.6,167.36,169.69,166.12,137792,77.1917,2.6534,0.034374161988918496
164,2020-09-07,166.4,160.15,168.32,159.26,242772,83.1033,2.8361,0.034127405289561305
165,2020-09-08,162.07,162.55,162.96,159.53,151802,83.7979,2.8598,0.03412734686668759
166,2020-09-09,161.52,162.9,166.47,160.22,239779,84.294,2.8767,0.03412698412698413
167,2020-09-10,164.2,155.96,164.41,155.35,224447,86.8243,2.963,0.03412639088365815
168,2020-09-11,154.73,154.45,156.17,150.75,220338,85.584,2.9207,0.03412670592634137
169,2020-09-14,154.8,154.11,156.51,152.53,142861,83.0537,2.8344,0.03412731762702926
170,2020-09-15,154.38,155.76,157.34,154.04,146471,86.1297,2.9393,0.03412643954408293
171,2020-09-16,155.28,154.73,156.99,152.19,103009,84.8398,2.8953,0.03412667168003697
172,2020-09-17,153.9,154.25,156.24,151.5,131115,82.3095,2.809,0.034127287858631145
173,2020-09-18,154.93,157.82,157.82,154.25,192171,84.8398,2.8953,0.03412667168003697
174,2020-09-21,159.53,161.25,165.57,159.46,279154,83.7979,2.8598,0.03412734686668759
175,2020-09-22,158.23,158.23,160.01,157.27,143626,88.7593,3.0291,0.03412712808685963
176,2020-09-23,165.02,162.83,167.08,160.15,302916,89.8012,3.0646,0.034126492741745104
177,2020-09-24,161.25,156.86,163.58,156.65,179910,90.595,3.0917,0.03412660742866604
178,2020-09-25,157.2,158.71,160.36,156.24,135243,91.1903,3.112,0.03412643669337638
179,2020-09-28,158.43,154.59,158.71,154.18,102762,87.5189,2.9867,0.03412634299562723
180,2020-09-29,155.48,160.36,161.66,155.21,180532,92.6788,3.1628,0.03412646689426276
181,2020-09-30,160.77,161.73,162.07,158.43,150701,94.7129,3.2323,0.0341273469611848
182,2020-10-09,163.1,162.83,163.99,160.56,173862,96.499,3.2932,0.03412677851583955
183,2020-10-12,164.41,178.75,178.75,164.06,604418,96.499,3.2932,0.03412677851583955
184,2020-10-13,177.86,180.81,185.07,176.9,483521,90.595,3.0917,0.03412660742866604
185,2020-10-14,182.6,181.22,185.96,180.06,329677,84.3932,2.8801,0.0341271571643213
186,2020-10-15,182.87,181.43,186.3,179.09,276622,88.3624,3.0155,0.03412650629679592
187,2020-10-16,182.94,176.35,183.56,174.7,294480,85.3359,2.9122,0.03412631729436263
188,2020-10-19,178.48,173.95,180.6,173.74,175450,83.1033,2.8361,0.034127405289561305
189,2020-10-20,175.18,175.53,175.66,171.89,160968,83.2025,2.8394,0.034126378414110155
190,2020-10-21,176.35,168.87,176.49,167.01,243512,83.649,2.8547,0.03412712644502624
191,2020-10-22,168.8,169.0,169.83,165.78,154042,82.0614,2.8005,0.03412688547843444
192,2020-10-23,168.66,167.29,170.31,165.78,129653,81.5652,2.7836,0.03412729938748387
193,2020-10-26,166.88,167.7,168.87,162.35,118644,83.3513,2.8445,0.034126642295921
194,2020-10-27,166.47,168.04,170.79,164.68,174548,83.2521,2.8411,0.03412646647952424
195,2020-10-28,167.15,166.33,167.29,162.83,145395,76.6535,2.6159,0.034126295602940504
196,2020-10-29,164.34,166.95,167.22,163.1,127278,76.6535,2.6159,0.034126295602940504
197,2020-10-30,169.69,169.9,176.35,168.8,356285,77.8442,2.6566,0.03412714113575578
198,2020-11-02,170.31,174.36,174.56,168.59,222854,77.1992,2.6346,0.03412729665592389
199,2020-11-03,174.91,179.44,180.47,172.99,270476,78.1915,2.6684,0.03412647154741884
200,2020-11-04,179.99,178.41,181.22,175.59,222453,77.9434,2.66,0.03412732829206835
201,2020-11-05,178.41,177.04,180.74,174.02,201789,76.8023,2.621,0.03412658214662842
202,2020-11-06,175.87,173.26,176.62,171.48,166197,75.3139,2.5702,0.03412650254468298
203,2020-11-09,171.61,175.32,175.32,166.6,306031,74.8178,2.5533,0.034126905629409045
204,2020-11-10,175.39,173.95,182.11,172.78,243536,74.3216,2.5364,0.03412736001377796
205,2020-11-11,172.99,176.28,181.84,171.96,299284,82.5575,2.8174,0.03412651788147655
206,2020-11-12,177.17,171.75,179.78,171.41,220524,84.0459,2.8682,0.03412659035122474
207,2020-11-13,171.82,185.62,188.57,170.72,791738,83.7483,2.8581,0.03412725989661879
208,2020-11-16,185.62,186.99,188.22,181.84,522646,84.0956,2.8699,0.034126636827610475
209,2020-11-17,186.99,177.86,187.33,175.53,424634,82.5575,2.8174,0.03412651788147655
210,2020-11-18,177.38,182.87,184.59,176.01,324042,82.4583,2.814,0.03412634022287629
211,2020-11-19,181.43,200.79,200.79,180.47,946680,82.2102,2.8056,0.03412715210521322
212,2020-11-20,202.78,211.7,212.66,201.06,1102107,83.8475,2.8615,0.034127433733862074
213,2020-11-23,209.3,209.64,215.68,204.29,883396,83.8971,2.8631,0.03412632856201228
214,2020-11-24,209.91,211.42,219.46,207.31,718702,83.5002,2.8496,0.03412686436679194
215,2020-11-25,210.88,205.11,215.47,205.11,711761,84.1948,2.8733,0.03412681068189484
216,2020-11-26,207.03,221.65,225.22,206.83,1095171,85.4351,2.9156,0.034126488995740625
217,2020-11-27,218.63,214.79,232.29,213.41,1218857,84.6413,2.8885,0.03412636620656819
218,2020-11-30,214.86,217.53,220.97,211.01,820214,84.7405,2.8919,0.03412653925808793
219,2020-12-01,216.5,223.44,227.21,215.13,725211,84.4429,2.8818,0.03412720311595173
