,日期,开盘,收盘,最高,最低,成交量,pe,pb,roe
0,2020-01-03,44.66,44.44,45.12,44.15,612564,29.8421,1.7747,0.05946967539147714
1,2020-01-06,44.04,44.55,45.18,43.76,662000,29.3442,1.7451,0.059470014517349255
2,2020-01-07,44.78,44.84,44.95,44.1,576451,29.9749,1.7826,0.059469756362823555
3,2020-01-08,44.32,43.3,44.49,43.19,722759,28.2488,1.68,0.05947155277392314
4,2020-01-09,43.98,44.04,44.27,43.7,431088,28.5143,1.6957,0.059468407079956376
5,2020-01-10,45.97,45.29,46.99,45.23,1892027,28.8795,1.7175,0.05947125123357399
6,2020-01-13,44.95,45.57,45.63,44.49,1088074,29.0786,1.7293,0.05946985068056922
7,2020-01-14,45.46,44.84,45.63,44.84,612014,28.4811,1.6938,0.05947101762221262
8,2020-01-15,44.89,45.06,45.46,44.78,522227,28.8795,1.7175,0.05947125123357399
9,2020-01-16,45.12,45.01,45.29,44.89,355112,28.7135,1.7076,0.05947028401274662
10,2020-01-17,45.23,45.29,45.97,45.18,485748,28.6139,1.7017,0.059471096215475694
11,2020-01-20,45.23,45.74,45.8,44.95,462711,28.7135,1.7076,0.05947028401274662
12,2020-01-21,45.46,44.61,45.52,44.49,565754,27.784,1.6523,0.05946947883674058
13,2020-01-22,44.38,44.78,44.95,43.81,504574,28.4811,1.6938,0.05947101762221262
14,2020-01-23,44.49,43.13,44.66,42.79,637476,27.7508,1.6503,0.059468555861452645
15,2020-02-03,39.21,39.21,39.21,39.21,116095,28.1492,1.674,0.059468830375285976
16,2020-02-04,36.43,37.96,39.1,36.37,1093967,28.116,1.6721,0.05947147531654574
17,2020-02-05,38.08,38.65,39.44,37.85,595541,27.3857,1.6286,0.0594689929415717
18,2020-02-06,38.65,39.27,39.55,38.13,651755,27.1865,1.6168,0.05947069317492138
19,2020-02-07,39.33,39.44,39.72,38.99,514970,26.8214,1.5951,0.05947116854452042
20,2020-02-10,39.27,39.95,40.12,39.1,441633,27.4189,1.6306,0.05946992767762383
21,2020-02-11,40.18,39.84,40.63,39.67,456623,25.5932,1.522,0.05946892143225545
22,2020-02-12,39.61,40.29,40.52,39.61,487532,24.9957,1.5387,0.06155858807714927
23,2020-02-13,40.12,39.67,40.46,39.55,363272,26.1907,1.6122,0.06155620124700753
24,2020-02-14,39.44,40.24,40.46,39.38,537792,26.1243,1.6082,0.061559544179174176
25,2020-02-17,41.03,41.94,42.17,40.58,917038,26.1575,1.6102,0.061557870591608534
26,2020-02-18,41.88,41.77,42.34,41.31,605635,26.3567,1.6225,0.06155929991235625
27,2020-02-19,41.83,42.11,42.96,41.6,812083,26.6222,1.6388,0.06155764737700115
28,2020-02-20,42.22,44.27,44.55,41.94,1123445,26.921,1.6572,0.06155789160878125
29,2020-02-21,44.1,45.35,46.94,43.93,1622055,26.755,1.647,0.061558587179966366
30,2020-02-24,44.95,45.12,45.74,44.78,994734,27.0538,1.6654,0.06155881983307336
31,2020-02-25,44.27,45.35,45.52,43.25,1172214,27.1533,1.6715,0.06155789535710208
32,2020-02-26,44.72,44.89,45.97,44.38,1053765,27.2861,1.6797,0.06155881566072102
33,2020-02-27,45.06,44.66,45.69,44.27,782441,27.2529,1.6776,0.06155675175852845
34,2020-02-28,43.13,42.34,43.93,42.0,761298,27.2861,1.6797,0.06155881566072102
35,2020-03-02,42.85,44.27,44.61,42.56,757451,27.6845,1.7042,0.061557911466705195
36,2020-03-03,44.95,44.32,45.29,43.87,828273,28.116,1.7308,0.06155925451700099
37,2020-03-04,43.93,45.23,45.23,43.87,844045,27.0205,1.6633,0.06155696600729076
38,2020-03-05,45.97,45.8,46.6,44.89,1253104,26.6221,1.6388,0.06155787860461797
39,2020-03-06,45.23,44.72,45.52,44.49,774471,26.9873,1.6613,0.06155858496403864
40,2020-03-09,44.27,43.93,44.84,43.76,705645,26.9873,1.6613,0.06155858496403864
41,2020-03-10,43.59,45.97,47.11,43.53,1391228,26.8877,1.6552,0.061559746649955185
42,2020-03-11,46.25,45.4,46.94,45.29,1375129,26.5557,1.6347,0.06155740575469673
43,2020-03-12,44.84,47.33,47.33,44.66,2252446,26.8545,1.6531,0.06155765327971103
44,2020-03-13,45.52,48.24,48.81,45.29,2411802,27.1201,1.6695,0.06155950752393981
45,2020-03-16,46.71,43.93,47.56,43.81,1910635,27.0537,1.6654,0.06155904737614448
46,2020-03-17,44.78,43.7,45.18,42.28,1028453,27.1532,1.6715,0.061558122062961275
47,2020-03-18,43.93,41.54,44.32,41.54,1001229,26.1906,1.6123,0.06156025444243355
48,2020-03-19,41.26,41.77,42.56,40.41,847673,26.4562,1.6286,0.06155834927162632
49,2020-03-20,42.0,41.6,42.22,40.92,575045,26.5557,1.6347,0.06155740575469673
50,2020-03-23,40.41,40.07,41.26,39.67,503415,26.5225,1.6327,0.06155905363370723
51,2020-03-24,40.92,41.09,41.09,39.95,553456,26.4562,1.6286,0.06155834927162632
52,2020-03-25,42.0,41.77,42.17,41.43,459443,26.2238,1.6143,0.061558584186883675
53,2020-03-26,41.43,41.37,41.88,41.26,276794,27.0205,1.6633,0.06155696600729076
54,2020-03-27,41.77,41.37,42.34,41.14,393751,27.618,1.7001,0.061557679774060396
55,2020-03-30,40.86,40.63,41.03,40.41,357486,27.0869,1.6674,0.061557431821286306
56,2020-03-31,41.03,40.35,41.09,40.12,267103,27.9831,1.7226,0.061558583573656955
57,2020-04-01,40.24,39.95,40.8,39.78,300753,28.2487,1.7389,0.06155681500387628
58,2020-04-02,39.67,40.35,40.41,39.5,298610,28.481,1.7532,0.06155682735858994
59,2020-04-03,40.29,39.78,40.35,39.61,213036,28.3815,1.7471,0.06155770484294347
60,2020-04-07,40.46,40.92,41.14,40.24,456350,28.3151,1.743,0.06155726096676332
61,2020-04-08,40.69,40.8,40.92,40.52,244523,28.5806,1.7288,0.06048858316480409
62,2020-04-09,41.14,41.09,41.71,40.97,370406,27.8503,1.6846,0.060487678768271796
63,2020-04-10,41.03,40.29,41.14,40.24,279757,27.6512,1.6726,0.06048923735678741
64,2020-04-13,40.12,39.9,40.18,39.72,160986,28.3151,1.7127,0.06048716056097276
65,2020-04-14,40.12,40.69,40.97,40.01,308104,28.4478,1.7208,0.06048973910109042
66,2020-04-15,40.63,40.58,41.14,40.41,309409,28.6802,1.7348,0.06048772323763432
67,2020-04-16,40.46,40.75,41.14,40.29,292682,28.3815,1.7168,0.060490107992882694
68,2020-04-17,40.92,40.63,41.09,40.58,270152,29.0122,1.7549,0.06048834628190899
69,2020-04-20,40.69,40.46,40.86,40.35,231392,29.676,1.7951,0.06048995821539291
70,2020-04-21,40.35,39.78,40.35,39.61,267072,29.5433,1.787,0.06048748785680679
71,2020-04-22,39.67,39.95,40.07,39.44,181095,27.9831,1.6927,0.06049008151348493
72,2020-04-23,40.01,39.61,40.01,39.61,149273,27.7508,1.6786,0.06048834628190899
73,2020-04-24,39.61,39.16,39.72,39.04,193779,27.7176,1.6766,0.0604886425953185
74,2020-04-27,39.16,39.1,39.61,39.04,132499,28.0827,1.6987,0.0604891979759781
75,2020-04-28,39.33,39.44,39.72,38.76,208757,29.3773,1.777,0.06048888087060417
76,2020-04-29,39.33,39.38,39.72,39.21,155590,29.1449,1.7629,0.060487426616663634
77,2020-04-30,39.72,40.24,40.29,39.61,327481,29.7092,1.7971,0.06048967996445545
78,2020-05-06,39.61,40.29,40.46,39.55,311068,29.1781,1.765,0.06049057340950918
79,2020-05-07,40.29,39.95,40.63,39.95,237567,29.5101,1.785,0.06048776520581089
80,2020-05-08,40.24,40.63,41.14,40.12,401396,29.3773,1.777,0.06048888087060417
81,2020-05-11,40.86,40.58,41.03,40.29,236706,28.6802,1.7348,0.06048772323763432
82,2020-05-12,40.8,40.41,40.92,40.24,164230,28.2487,1.7087,0.06048773925879775
83,2020-05-13,40.24,40.46,40.58,40.12,119115,28.7798,1.7409,0.06049034392177846
84,2020-05-14,40.29,39.9,40.41,39.9,157860,27.8503,1.6846,0.060487678768271796
85,2020-05-15,40.12,39.95,40.29,39.84,130139,28.4146,1.7188,0.06049002977342634
86,2020-05-18,39.9,39.84,40.18,39.84,124530,28.647,1.7328,0.06048800921562467
87,2020-05-19,40.18,40.07,40.29,39.95,144258,29.6428,1.7931,0.06049023708961366
88,2020-05-20,40.18,40.18,40.46,39.95,152359,29.2445,1.769,0.06049000666792046
89,2020-05-21,40.18,39.78,40.24,39.67,139081,28.5474,1.7268,0.060488871140629265
90,2020-05-22,39.78,39.04,39.9,38.99,219594,29.4769,1.783,0.06048804317957451
91,2020-05-25,39.1,38.87,39.27,38.82,111257,27.1201,1.6405,0.06049018993292798
92,2020-05-26,39.04,39.16,39.16,38.93,102790,27.9167,1.6887,0.06049067404098622
93,2020-05-27,39.33,38.93,39.33,38.82,101139,29.2113,1.767,0.06049028971665074
94,2020-05-28,39.1,39.33,39.72,38.93,196256,30.4395,1.8413,0.06049048111828381
95,2020-05-29,39.21,39.55,39.55,39.04,120902,30.7051,1.8573,0.060488322786768314
96,2020-06-01,40.35,40.69,40.92,40.12,483647,30.5723,1.8493,0.06048939726484432
97,2020-06-02,40.8,40.63,40.97,40.52,267659,32.4644,1.9637,0.060487795862544824
98,2020-06-03,40.8,40.29,40.92,40.24,218502,30.008,1.8151,0.060487203412423356
99,2020-06-04,40.46,40.18,40.58,40.12,158185,28.2819,1.7107,0.06048744957021983
100,2020-06-05,40.41,40.58,40.58,40.07,212739,28.9126,1.7489,0.0604891984809391
101,2020-06-08,40.63,40.35,40.69,40.24,172348,26.2902,1.5903,0.06049022069059955
102,2020-06-09,40.35,40.46,40.69,40.24,202440,24.2985,1.4698,0.06048933061711628
103,2020-06-10,40.46,40.52,40.52,40.01,223521,22.8379,1.3814,0.060487172638465
104,2020-06-11,40.29,40.69,40.86,40.18,404441,22.3732,1.3533,0.06048754760159476
105,2020-06-12,40.24,40.86,40.92,40.07,312972,21.8089,1.3192,0.060489066390326876
106,2020-06-15,41.37,42.22,44.44,41.37,1067185,22.9043,1.3855,0.06049082486694638
107,2020-06-16,42.22,42.39,42.56,41.94,552354,23.2695,1.4075,0.06048690345731537
108,2020-06-17,42.39,41.88,42.39,41.37,384710,23.1035,1.3975,0.060488670547752504
109,2020-06-18,41.83,42.22,42.56,41.6,419696,22.5392,1.3634,0.06049016824022148
110,2020-06-19,42.0,43.47,43.64,41.94,820427,21.8089,1.3192,0.060489066390326876
111,2020-06-22,43.13,44.44,45.4,42.96,1025530,21.6097,1.3071,0.06048672586847573
112,2020-06-23,44.21,44.72,44.78,43.7,577516,21.9085,1.3252,0.06048793847136956
113,2020-06-24,44.84,44.1,45.23,44.04,391700,21.8089,1.3192,0.060489066390326876
114,2020-06-29,43.53,42.22,43.53,41.83,600290,21.0122,1.271,0.060488668487830875
115,2020-06-30,42.56,43.19,43.7,42.28,455381,20.9126,1.265,0.060489848225471717
116,2020-07-01,43.25,43.98,43.98,42.85,458756,20.8131,1.259,0.06049074861505494
117,2020-07-02,43.98,46.48,46.65,43.7,1232338,20.7799,1.257,0.06049114769560969
118,2020-07-03,46.6,49.89,50.34,46.6,1849303,20.7135,1.2529,0.060487121925314406
119,2020-07-06,51.14,54.38,54.38,51.14,2144233,20.8463,1.261,0.06049035080565855
120,2020-07-07,56.02,53.3,56.02,52.61,1990044,20.6139,1.2469,0.060488311285103735
121,2020-07-08,52.96,56.25,57.73,52.96,1720627,20.6803,1.2509,0.06048751710565127
122,2020-07-09,55.45,60.45,61.25,54.77,2080088,20.8794,1.263,0.06049024397252794
123,2020-07-10,59.14,57.21,59.71,56.87,1660282,21.4106,1.2998,0.060708247316749654
124,2020-07-13,56.65,57.44,58.97,55.45,1398390,20.7467,1.2595,0.06070845001855717
125,2020-07-14,56.87,56.99,57.61,56.08,888060,20.6139,1.2515,0.060711461683621244
126,2020-07-15,57.73,54.89,58.18,54.6,1007821,20.3815,1.2374,0.060711920123641544
127,2020-07-16,55.0,52.67,56.76,52.1,1194744,20.5143,1.2454,0.060708871372652254
128,2020-07-17,53.41,51.31,53.69,50.46,912774,20.3483,1.2353,0.06070777411380804
129,2020-07-20,52.67,55.34,55.45,52.39,1223675,20.4479,1.2414,0.060710390798077066
130,2020-07-21,55.45,53.75,55.45,53.3,827552,20.8794,1.2676,0.060710556816766764
131,2020-07-22,53.81,54.94,56.59,53.52,1141927,21.1118,1.2817,0.0607101241959473
132,2020-07-23,54.03,55.62,55.91,53.3,880043,21.0454,1.2777,0.060711604436123806
133,2020-07-24,55.91,53.92,57.61,52.67,1377855,20.9126,1.2696,0.06070981130992799
134,2020-07-27,53.24,53.52,54.03,52.05,682505,20.979,1.2736,0.06070832737499405
135,2020-07-28,53.75,52.56,54.03,51.82,648416,20.9458,1.2716,0.06070906816641046
136,2020-07-29,52.1,54.15,54.2,51.76,880005,21.2778,1.2918,0.06071116374813186
137,2020-07-30,54.26,53.24,54.26,53.24,562292,21.2446,1.2898,0.060711898553044076
138,2020-07-31,53.07,53.98,54.83,53.01,738677,21.3442,1.2958,0.06070970099605513
139,2020-08-03,54.55,55.17,55.17,54.09,848566,21.3774,1.2978,0.06070897302758988
140,2020-08-04,55.23,55.4,57.04,54.49,853218,20.979,1.2736,0.06070832737499405
141,2020-08-05,55.11,54.83,55.34,54.26,505654,21.1782,1.2857,0.060708653237763366
142,2020-08-06,54.89,55.74,56.14,53.64,803848,21.145,1.2837,0.060709387562071414
143,2020-08-07,55.17,54.77,55.85,53.75,786246,20.6471,1.2803,0.062008708244741396
144,2020-08-10,54.66,55.17,56.02,53.98,821792,133.9384,1.2823,0.009573804077098128
145,2020-08-11,55.06,52.96,55.74,52.73,736062,132.6484,1.27,0.009574182575892359
146,2020-08-12,52.61,52.33,53.13,51.31,529725,132.8634,1.272,0.009573742655991039
147,2020-08-13,52.5,52.39,53.18,52.1,338651,134.5833,1.2885,0.009573996179317939
148,2020-08-14,52.16,52.79,52.9,51.93,327138,135.8733,1.3009,0.00957436081996978
149,2020-08-17,53.52,55.45,56.19,53.52,1107156,135.2283,1.2947,0.009574179369259245
150,2020-08-18,55.45,55.68,56.87,55.23,839785,137.8082,1.3194,0.009574176282688548
151,2020-08-19,55.68,54.55,56.14,54.49,546780,138.4532,1.3256,0.00957435436667408
152,2020-08-20,54.49,53.47,54.77,53.3,440396,138.8831,1.3297,0.009574239054283782
153,2020-08-21,53.98,53.98,54.6,53.3,438149,138.2382,1.3235,0.00957405406031039
154,2020-08-24,54.03,53.58,54.26,53.35,296871,138.6681,1.3276,0.009573939500144589
155,2020-08-25,53.75,53.35,54.32,53.18,350588,135.6583,1.2988,0.009574054812716951
156,2020-08-26,53.24,52.22,53.64,52.22,368123,137.1632,1.3132,0.009573996523848962
157,2020-08-27,52.39,52.56,52.79,51.93,237822,140.1731,1.342,0.009573876870811874
158,2020-08-28,52.56,53.81,53.98,52.27,362131,139.0981,1.3317,0.009573818765317429
159,2020-08-31,53.92,53.35,55.06,53.35,492196,139.5281,1.3359,0.009574415476165735
160,2020-09-01,53.35,53.47,53.69,52.96,250936,135.2283,1.2947,0.009574179369259245
161,2020-09-02,53.58,53.64,54.03,52.96,294721,137.3782,1.3153,0.009574299270189884
162,2020-09-03,53.64,53.24,54.26,53.18,271365,135.8732,1.3009,0.009574367866510836
163,2020-09-04,52.5,52.79,52.84,52.22,257628,137.3781,1.3153,0.009574306239495232
164,2020-09-07,52.61,51.25,53.01,51.08,344588,138.453,1.3256,0.009574368197149935
165,2020-09-08,51.48,52.16,52.33,51.14,272462,141.2479,1.3523,0.00957394764807123
166,2020-09-09,51.54,51.14,52.1,50.91,275724,141.2479,1.3523,0.00957394764807123
167,2020-09-10,51.42,49.78,51.71,49.66,314155,142.7528,1.3667,0.009573892771280143
168,2020-09-11,49.78,50.17,50.29,49.38,205928,140.1729,1.342,0.009573890530908614
169,2020-09-14,50.4,50.29,50.57,49.89,171785,136.3031,1.305,0.009574250328862659
170,2020-09-15,50.46,50.34,50.57,50.12,131072,142.1078,1.3606,0.009574421671435348
171,2020-09-16,50.57,50.17,50.85,49.89,179071,142.7528,1.3667,0.009573892771280143
172,2020-09-17,50.06,49.72,50.23,49.15,212748,141.8928,1.3585,0.009574129201763586
173,2020-09-18,49.89,51.42,51.65,49.32,485472,150.0624,1.4367,0.009574017208841122
174,2020-09-21,52.44,51.2,52.73,51.08,484003,150.9224,1.4449,0.009573794214775276
175,2020-09-22,50.68,51.31,52.9,50.57,537716,167.2616,1.6014,0.009574223850543101
176,2020-09-23,51.37,50.85,51.71,50.57,283886,163.8217,1.5684,0.009573823248080078
177,2020-09-24,50.8,50.34,51.42,50.29,280548,156.5121,1.4985,0.009574339619748249
178,2020-09-25,50.63,50.91,51.14,50.06,297193,158.662,1.519,0.009573810994441012
179,2020-09-28,50.91,51.08,51.71,50.74,267055,150.9224,1.4449,0.009573794214775276
180,2020-09-29,51.2,51.08,51.71,51.02,258366,153.9322,1.4738,0.009574345068803019
181,2020-09-30,51.14,50.46,51.37,50.12,231674,158.017,1.5129,0.009574286310966542
182,2020-10-09,51.08,51.14,51.37,50.85,172382,155.8671,1.4923,0.00957418210770586
183,2020-10-12,51.37,53.01,53.35,51.37,538451,152.4273,1.4594,0.00957440038628251
184,2020-10-13,52.61,52.27,52.79,52.1,243667,152.2123,1.4573,0.009574127715040112
185,2020-10-14,52.27,51.59,52.39,51.37,199005,144.9027,1.3873,0.009574010698213353
186,2020-10-15,51.71,51.54,52.27,51.48,171487,153.7173,1.4717,0.00957406876129102
187,2020-10-16,51.71,51.59,51.88,51.25,175197,154.5772,1.4799,0.00957385694656133
188,2020-10-19,51.82,51.37,52.22,51.31,209895,156.2971,1.4964,0.009574073991136111
189,2020-10-20,51.2,51.2,51.37,50.63,170974,155.4372,1.4882,0.009574284662873495
190,2020-10-21,51.14,50.68,51.31,50.4,206131,156.2971,1.4964,0.009574073991136111
191,2020-10-22,50.57,50.97,51.14,50.46,160247,152.2123,1.4573,0.009574127715040112
192,2020-10-23,50.8,50.46,51.14,50.4,139875,144.0427,1.3791,0.009574244303945982
193,2020-10-26,50.23,50.0,50.46,49.09,254140,142.7528,1.3667,0.009573892771280143
194,2020-10-27,49.61,49.66,50.06,49.32,154256,143.3978,1.3729,0.009574065989854797
195,2020-10-28,49.61,49.61,49.89,49.09,163326,136.9481,1.3112,0.009574430021300038
196,2020-10-29,49.09,49.72,50.06,48.98,211234,134.7982,1.2906,0.009574311823154907
197,2020-10-30,49.72,47.67,50.17,47.67,267449,137.1631,1.3132,0.009574003503857816
198,2020-11-02,48.02,48.7,50.12,48.02,448116,135.4432,1.2967,0.009573754902424042
199,2020-11-03,48.81,51.82,53.07,48.81,1000835,135.8732,1.3009,0.009574367866510836
200,2020-11-04,51.14,50.8,51.2,50.12,582885,133.9382,1.2823,0.009573818372951107
201,2020-11-05,51.37,51.42,51.76,50.85,433226,133.2933,1.2762,0.00957437470600548
202,2020-11-06,51.42,51.76,52.5,51.2,429796,130.9284,1.2535,0.009573935066799868
203,2020-11-09,51.82,53.01,53.98,51.76,706561,128.3485,1.2288,0.009573933470200274
204,2020-11-10,53.18,53.07,54.6,52.9,679989,133.0783,1.2741,0.009574062788598892
205,2020-11-11,52.67,52.39,53.35,52.27,425608,147.9125,1.4161,0.009573903490239162
206,2020-11-12,52.79,53.64,55.28,52.73,759101,154.1472,1.4758,0.009573965663988706
207,2020-11-13,52.61,52.44,53.01,52.1,472608,153.5023,1.4696,0.00957379791703447
208,2020-11-16,53.13,54.03,54.6,52.84,712699,157.802,1.5108,0.009574023142925945
209,2020-11-17,53.69,53.86,53.86,52.79,488335,156.0821,1.4943,0.009573807630727675
210,2020-11-18,53.75,54.03,55.06,53.52,575352,155.0072,1.4841,0.009574393963635236
211,2020-11-19,53.47,54.32,54.43,53.3,433676,155.2222,1.4861,0.009574017118685343
212,2020-11-20,53.98,53.64,54.43,53.18,412030,154.3622,1.4779,0.009574235143059636
213,2020-11-23,53.3,54.66,55.57,52.96,781467,157.1571,1.5046,0.009573859532913244
214,2020-11-24,54.55,54.32,55.11,54.26,541769,156.0821,1.4943,0.009573807630727675
215,2020-11-25,54.66,53.69,55.45,53.69,515955,151.3524,1.4491,0.009574344377756812
216,2020-11-26,53.69,53.24,53.92,52.96,411799,148.5575,1.4223,0.009574070646046142
217,2020-11-27,53.3,56.19,56.53,53.3,1378514,154.3622,1.4779,0.009574235143059636
218,2020-11-30,55.68,55.11,57.5,54.94,1648741,153.2873,1.4676,0.009574178682774112
219,2020-12-01,54.89,55.96,56.59,53.98,1144010,152.8573,1.4635,0.009574289222693322
