,日期,开盘,收盘,最高,最低,成交量,pe,pb,roe
0,2020-01-03,88.22,88.87,89.47,88.03,521390,17.5896,1.3791,0.07840428434984309
1,2020-01-06,88.03,89.01,90.41,87.8,720775,17.1145,1.3419,0.07840719857430835
2,2020-01-07,89.24,89.43,90.03,88.26,442888,17.1145,1.3419,0.07840719857430835
3,2020-01-08,88.64,86.77,88.78,86.59,604633,16.8416,1.3205,0.07840703971119134
4,2020-01-09,88.03,88.26,88.5,87.56,395164,16.7809,1.3157,0.07840461477036394
5,2020-01-10,89.15,88.68,89.75,88.4,502652,17.0539,1.3371,0.07840435325643988
6,2020-01-13,88.17,89.29,89.43,87.05,479942,17.2156,1.3498,0.0784056321011176
7,2020-01-14,89.29,88.26,89.66,88.26,339674,16.9831,1.3316,0.07840735790285636
8,2020-01-15,88.22,87.7,88.5,87.38,258418,17.0134,1.3339,0.07840290594472592
9,2020-01-16,87.98,87.05,88.03,86.82,303230,16.9528,1.3292,0.07840592704450002
10,2020-01-17,87.33,87.19,88.17,86.96,303451,16.9932,1.3324,0.07840783372172398
11,2020-01-20,87.19,88.64,88.78,86.96,351305,17.1954,1.3482,0.07840468962629542
12,2020-01-21,88.73,88.26,89.43,87.98,420895,17.0235,1.3347,0.07840338355802275
13,2020-01-22,87.84,88.45,89.1,86.59,423285,17.2055,1.349,0.07840516114033302
14,2020-01-23,87.75,85.47,87.89,84.82,553759,17.3369,1.3593,0.07840502050539601
15,2020-02-03,78.57,78.57,78.57,78.57,171211,18.085,1.418,0.07840752004423554
16,2020-02-04,77.03,79.64,80.11,77.03,721528,17.8626,1.4005,0.0784040397254599
17,2020-02-05,79.88,80.34,82.02,79.27,499694,16.235,1.2729,0.07840468124422544
18,2020-02-06,80.2,81.83,82.3,79.88,478165,16.2148,1.2713,0.0784036805881047
19,2020-02-07,81.55,81.88,82.11,80.99,416968,15.9722,1.2523,0.07840497865040508
20,2020-02-10,81.41,82.63,82.67,81.27,363235,15.9621,1.2515,0.07840447058970938
21,2020-02-11,83.18,82.63,84.54,82.63,426184,15.5982,1.223,0.07840648279929736
22,2020-02-12,82.67,84.02,84.54,82.58,423801,15.5678,1.2857,0.0825871349837485
23,2020-02-13,83.79,82.77,84.12,82.49,339474,16.0531,1.3258,0.0825884097152575
24,2020-02-14,82.86,84.12,84.86,82.67,510806,15.9318,1.3158,0.08258953790532143
25,2020-02-17,85.56,87.05,87.47,85.05,734265,15.7902,1.3041,0.08258920089675875
26,2020-02-18,87.0,86.63,87.52,85.89,443479,15.8711,1.3108,0.08259036865749696
27,2020-02-19,86.35,86.63,88.08,86.35,500438,16.2249,1.34,0.08258910686660627
28,2020-02-20,86.82,90.08,90.87,86.45,1008243,16.2856,1.345,0.0825882988652552
29,2020-02-21,90.03,89.33,91.48,88.68,956805,16.2755,1.3442,0.08259039660839913
30,2020-02-24,88.59,88.73,89.57,88.12,713552,16.2957,1.3458,0.0825862037224544
31,2020-02-25,87.05,88.31,88.5,85.61,853687,16.2957,1.3458,0.0825862037224544
32,2020-02-26,87.19,87.75,89.33,87.0,744453,16.508,1.3634,0.08259025926823359
33,2020-02-27,87.94,87.89,89.43,87.66,485836,16.4372,1.3575,0.08258705862312316
34,2020-02-28,85.89,84.02,86.73,84.02,674377,16.4473,1.3584,0.0825910635788245
35,2020-03-02,84.86,87.24,87.89,84.54,603799,16.4777,1.3609,0.08259041006936649
36,2020-03-03,88.59,87.94,89.38,87.38,664601,16.6798,1.3776,0.0825909183563352
37,2020-03-04,87.66,89.15,89.15,87.38,644966,16.1744,1.3358,0.0825872984469285
38,2020-03-05,90.27,90.87,91.76,88.92,1046943,15.952,1.3174,0.0825852557673019
39,2020-03-06,89.47,88.45,90.08,87.98,730285,16.1137,1.3308,0.08258810825570786
40,2020-03-09,87.05,86.03,87.52,85.65,651356,16.0834,1.3283,0.08258825870151833
41,2020-03-10,85.79,87.7,87.94,85.0,609965,16.1137,1.3308,0.08258810825570786
42,2020-03-11,87.52,86.12,87.8,86.07,401118,16.0227,1.3233,0.08258907674736467
43,2020-03-12,85.28,84.91,85.84,84.49,407117,16.2654,1.3433,0.08258634893700739
44,2020-03-13,81.69,84.35,84.95,80.95,572387,16.5282,1.365,0.08258612553091081
45,2020-03-16,84.58,81.27,84.72,81.23,480263,16.6091,1.3717,0.08258725638354876
46,2020-03-17,82.07,81.13,82.95,80.02,453814,16.7102,1.3801,0.08259027420377973
47,2020-03-18,81.51,79.46,82.07,79.41,373123,15.9318,1.3158,0.08258953790532143
48,2020-03-19,79.6,80.06,80.81,78.2,416272,16.0531,1.3258,0.0825884097152575
49,2020-03-20,80.58,80.85,80.95,79.55,255460,16.1137,1.3308,0.08258810825570786
50,2020-03-23,79.08,78.94,80.06,78.57,253137,16.1744,1.3358,0.0825872984469285
51,2020-03-24,79.83,80.3,80.53,79.04,266275,16.1744,1.3358,0.0825872984469285
52,2020-03-25,81.74,81.46,81.97,81.04,315821,16.0126,1.3225,0.08259120942257972
53,2020-03-26,81.18,80.71,81.69,80.62,185437,16.2957,1.3458,0.0825862037224544
54,2020-03-27,81.51,80.81,82.02,80.62,278190,16.6394,1.3742,0.08258711251607631
55,2020-03-30,80.3,80.02,80.58,79.36,249474,16.0227,1.3233,0.08258907674736467
56,2020-03-31,80.76,80.2,80.9,79.97,190393,16.4777,1.3609,0.08259041006936649
57,2020-04-01,80.2,79.97,81.09,79.83,197517,16.791,1.3867,0.08258590911797987
58,2020-04-02,79.97,80.99,80.99,79.74,217406,16.6697,1.3767,0.08258696917161078
59,2020-04-03,80.58,80.3,80.81,80.11,145671,16.7203,1.3809,0.08258823107240898
60,2020-04-07,81.46,81.51,81.79,80.9,370411,16.3462,1.35,0.08258800210446465
61,2020-04-08,81.13,81.27,81.55,80.76,168263,16.1036,1.3422,0.08334782284706525
62,2020-04-09,81.93,81.55,82.39,81.51,261397,15.7296,1.311,0.08334604821483063
63,2020-04-10,81.51,80.81,81.65,80.67,219396,15.6083,1.3009,0.08334668093258074
64,2020-04-13,80.39,80.3,80.67,80.06,131945,15.9014,1.3253,0.08334486271649036
65,2020-04-14,80.53,81.74,82.39,80.3,313268,16.0632,1.3388,0.08334578415259725
66,2020-04-15,81.41,80.85,82.16,80.76,239886,16.0025,1.3337,0.08334322762068427
67,2020-04-16,80.62,81.18,81.83,80.44,262470,15.7801,1.3152,0.0833454794329567
68,2020-04-17,81.69,81.18,81.83,81.04,228713,16.043,1.3371,0.08334476095493362
69,2020-04-20,81.32,81.51,81.74,80.99,143590,16.2553,1.3548,0.08334512435943969
70,2020-04-21,81.23,80.3,81.23,79.92,289589,16.4473,1.3708,0.08334498671514474
71,2020-04-22,79.88,80.3,80.48,79.78,213046,15.8307,1.3194,0.08334438780344519
72,2020-04-23,80.48,79.97,80.58,79.88,151688,15.6487,1.3042,0.08334238626850793
73,2020-04-24,79.83,78.99,80.2,78.8,222747,15.578,1.2983,0.08334189241237643
74,2020-04-27,78.99,78.71,79.46,78.62,194627,15.6083,1.3009,0.08334668093258074
75,2020-04-28,79.22,79.13,79.69,78.01,231161,15.9419,1.3287,0.08334640162088584
76,2020-04-29,78.62,79.27,79.5,78.53,159659,15.7296,1.311,0.08334604821483063
77,2020-04-30,79.64,80.34,80.53,79.6,282099,16.2856,1.3573,0.08334356732327947
78,2020-05-06,79.36,80.34,80.39,78.99,272337,15.8913,1.3245,0.08334749202393762
79,2020-05-07,80.3,79.88,80.53,79.88,181867,16.3563,1.3242,0.08095963023422167
80,2020-05-08,80.39,80.85,81.51,80.25,288919,16.2553,1.316,0.08095821055286585
81,2020-05-11,80.9,80.48,81.27,80.16,210744,15.77,1.2767,0.0809575142675967
82,2020-05-12,80.76,80.25,80.9,79.92,150994,15.6487,1.2669,0.08095880168959721
83,2020-05-13,80.25,80.16,80.34,79.6,188834,15.8105,1.28,0.08095885645615256
84,2020-05-14,79.83,79.41,79.88,79.36,154419,15.3859,1.2456,0.08095724007045413
85,2020-05-15,80.06,79.92,80.62,79.88,240647,15.3151,1.2399,0.08095931466330615
86,2020-05-18,79.6,79.36,79.88,79.27,213424,15.3151,1.2399,0.08095931466330615
87,2020-05-19,79.92,79.92,80.16,79.74,183460,16.0834,1.3021,0.08095924990984493
88,2020-05-20,79.92,79.74,80.25,79.6,167356,16.1643,1.3086,0.08095618121415712
89,2020-05-21,79.97,79.32,80.06,79.22,160592,16.0126,1.2963,0.08095499793912295
90,2020-05-22,78.99,77.55,79.18,77.45,337946,16.2148,1.3127,0.08095690356957841
91,2020-05-25,77.55,77.45,77.83,77.17,157537,15.5072,1.2554,0.08095594304581098
92,2020-05-26,77.73,78.06,78.15,77.64,126636,16.0834,1.3021,0.08095924990984493
93,2020-05-27,77.78,77.78,77.97,77.69,110812,16.8112,1.361,0.0809579328067003
94,2020-05-28,77.87,78.11,78.99,77.73,191414,17.1347,1.3872,0.08095852276374842
95,2020-05-29,77.92,77.87,78.2,77.78,114012,17.4784,1.415,0.08095706700842183
96,2020-06-01,79.27,79.83,80.39,78.94,487908,17.8424,1.4445,0.0809588396179886
97,2020-06-02,79.69,79.64,80.25,79.41,228184,18.6511,1.5099,0.08095501069642005
98,2020-06-03,80.11,79.13,80.25,79.13,237052,18.3781,1.4879,0.0809604910192022
99,2020-06-04,79.46,79.04,79.55,78.9,162586,17.5795,1.4232,0.08095793395716602
100,2020-06-05,79.69,80.48,80.62,79.5,455715,18.4085,1.4903,0.08095716652633295
101,2020-06-08,81.04,80.02,81.23,79.92,330503,16.7405,1.3553,0.08095935007914937
102,2020-06-09,79.97,80.58,80.99,79.97,285134,15.6892,1.2702,0.08096015093185122
103,2020-06-10,80.48,79.64,80.53,79.5,245864,14.7692,1.1957,0.08095902283129756
104,2020-06-11,79.83,79.18,80.48,78.99,280352,14.2739,1.1556,0.0809589530541758
105,2020-06-12,78.2,78.9,79.13,78.06,234698,14.0313,1.1359,0.08095472265577672
106,2020-06-15,79.13,78.94,80.11,78.94,332829,14.5266,1.176,0.08095493783817273
107,2020-06-16,79.6,79.5,79.88,79.13,206934,14.5266,1.176,0.08095493783817273
108,2020-06-17,79.6,79.41,79.6,79.08,183471,14.4356,1.1687,0.0809595721688049
109,2020-06-18,79.46,79.88,80.39,79.18,291351,14.0616,1.1384,0.08095807020538204
110,2020-06-19,79.88,81.27,81.69,79.78,701185,13.7583,1.1138,0.08095476912118502
111,2020-06-22,81.27,83.0,85.28,80.85,967960,13.6572,1.1057,0.0809609583223501
112,2020-06-23,82.63,83.42,83.7,81.93,547927,13.6775,1.1073,0.08095777737159568
113,2020-06-24,83.56,83.42,84.72,83.0,453903,13.5562,1.0975,0.08095926587096679
114,2020-06-29,82.44,81.13,82.58,80.85,568736,13.546,1.0967,0.08096116934888528
115,2020-06-30,81.55,82.25,83.42,80.81,782045,13.6067,1.1016,0.0809601152373463
116,2020-07-01,82.16,84.54,84.63,81.69,805209,13.7078,1.1098,0.08096120456966106
117,2020-07-02,84.35,88.78,89.43,84.12,1540141,13.91,1.1261,0.08095614665708124
118,2020-07-03,89.52,93.62,94.41,88.22,2265745,13.7887,1.1163,0.08095759571243119
119,2020-07-06,95.72,101.31,101.31,94.88,3024466,13.8898,1.1245,0.08095868910999439
120,2020-07-07,101.26,97.49,101.26,96.51,2419571,13.5764,1.0991,0.0809566600866209
121,2020-07-08,97.07,101.17,104.38,96.84,2620501,13.5966,1.1007,0.08095406204492299
122,2020-07-09,102.29,102.43,104.43,99.86,2416762,13.7078,1.1098,0.08096120456966106
123,2020-07-10,99.82,98.7,101.82,98.47,1748363,13.7482,1.113,0.08095605242868156
124,2020-07-13,95.67,97.02,98.89,92.55,4188967,13.3236,1.0787,0.08096160196943769
125,2020-07-14,95.44,95.44,96.14,93.43,2186500,13.3742,1.0827,0.080954374841112
126,2020-07-15,96.32,93.95,96.84,93.81,1795719,13.3034,1.077,0.08095674789903333
127,2020-07-16,94.37,90.59,95.44,90.03,1477670,13.3641,1.0819,0.08095569473440037
128,2020-07-17,91.24,87.94,91.52,86.91,1419935,13.2327,1.0713,0.0809585345394364
129,2020-07-20,89.19,91.2,91.94,88.78,1275313,13.2529,1.0729,0.08095586626323295
130,2020-07-21,91.76,90.27,91.8,89.66,835390,13.637,1.104,0.08095622204297133
131,2020-07-22,90.5,90.97,93.25,90.13,1244901,13.728,1.1114,0.08095862470862471
132,2020-07-23,90.08,90.59,91.29,88.68,903199,13.7684,1.1147,0.08096075070451178
133,2020-07-24,90.08,87.05,91.15,86.45,965485,13.6471,1.1048,0.08095492815323402
134,2020-07-27,87.33,87.05,87.66,85.75,616533,13.7684,1.1147,0.08096075070451178
135,2020-07-28,87.38,87.38,88.12,86.82,515585,13.6572,1.1057,0.0809609583223501
136,2020-07-29,87.05,89.33,89.61,86.87,846532,13.819,1.1188,0.08096099573051595
137,2020-07-30,89.61,88.59,89.66,88.4,583444,13.8392,1.1204,0.08095843690386728
138,2020-07-31,88.22,89.15,90.41,88.22,806743,13.8898,1.1245,0.08095868910999439
139,2020-08-03,90.36,91.38,91.43,89.38,878786,13.9706,1.131,0.08095572130044522
140,2020-08-04,91.62,91.85,93.2,90.73,955320,13.7583,1.1138,0.08095476912118502
141,2020-08-05,92.04,91.34,92.04,90.59,553205,13.8594,1.122,0.0809558855361704
142,2020-08-06,91.24,93.16,93.9,90.31,815547,13.8594,1.122,0.0809558855361704
143,2020-08-07,91.62,90.59,92.13,89.52,1058894,13.6269,1.1032,0.08095751785072174
144,2020-08-10,90.08,91.57,92.41,89.61,833576,13.5966,1.1235,0.08263095185561095
145,2020-08-11,91.48,90.03,92.36,89.85,676006,13.5056,1.116,0.0826323895273072
146,2020-08-12,89.99,89.89,90.55,88.82,516656,13.5663,1.121,0.08263122590536845
147,2020-08-13,90.17,90.22,90.92,89.52,439763,13.7786,1.1386,0.08263539111375612
148,2020-08-14,89.89,91.06,91.15,89.66,439157,13.8493,1.1444,0.08263233520827769
149,2020-08-17,92.13,93.9,95.34,92.08,1519665,13.8493,1.1444,0.08263233520827769
150,2020-08-18,93.34,93.02,94.04,92.55,694755,14.1121,1.1661,0.08263121718241792
151,2020-08-19,92.92,92.04,93.39,91.85,556139,14.0414,1.1603,0.0826342102639338
152,2020-08-20,91.71,90.83,91.71,90.59,411028,14.0414,1.1603,0.0826342102639338
153,2020-08-21,91.29,91.85,91.9,91.01,376686,13.9706,1.1544,0.08263066725838548
154,2020-08-24,92.13,92.13,93.16,91.62,416664,14.1627,1.1703,0.08263254887839183
155,2020-08-25,92.36,91.38,92.92,91.34,392683,13.8493,1.1444,0.08263233520827769
156,2020-08-26,91.24,90.03,91.62,89.71,487693,13.9605,1.1536,0.08263314351205187
157,2020-08-27,90.13,90.59,91.06,89.8,305544,14.1223,1.167,0.08263526479397833
158,2020-08-28,90.45,92.32,92.41,90.36,509684,14.0616,1.162,0.08263639984070091
159,2020-08-31,93.71,93.43,96.51,93.39,1555993,14.1121,1.1661,0.08263121718241792
160,2020-09-01,93.85,95.16,95.58,93.85,918759,13.8493,1.1444,0.08263233520827769
161,2020-09-02,95.21,94.93,95.62,94.32,761956,14.0009,1.1569,0.0826304023312787
162,2020-09-03,95.21,95.48,96.14,94.51,765361,13.7786,1.1386,0.08263539111375612
163,2020-09-04,94.32,94.04,94.79,93.43,601762,13.8291,1.1427,0.082630106080656
164,2020-09-07,93.95,91.94,94.41,91.85,598144,13.7887,1.1394,0.08263288054711466
165,2020-09-08,92.27,94.79,95.21,91.76,884555,24.4754,1.1707,0.04783170040121919
166,2020-09-09,93.76,93.2,94.46,93.16,623793,24.4399,1.1691,0.04783571127541438
167,2020-09-10,94.04,91.9,94.13,91.76,594464,24.7235,1.1826,0.04783303334883815
168,2020-09-11,91.76,92.64,92.74,91.06,433038,24.2804,1.1614,0.047832819887646004
169,2020-09-14,92.74,92.64,92.92,92.04,341388,23.7665,1.1368,0.047832032482696234
170,2020-09-15,92.69,92.36,92.88,92.04,315905,24.4931,1.1716,0.04783387974572431
171,2020-09-16,92.22,92.08,93.34,91.76,400779,24.1918,1.1572,0.04783439016526261
172,2020-09-17,92.04,91.52,92.5,91.06,379377,23.9614,1.1462,0.04783526838999391
173,2020-09-18,91.62,95.16,95.67,91.43,1097893,24.5994,1.1767,0.04783450002845598
174,2020-09-21,96.7,94.65,97.07,94.55,961290,24.6526,1.1792,0.04783268296244615
175,2020-09-22,94.09,94.27,96.6,93.81,794141,25.8223,1.2352,0.04783462356180511
176,2020-09-23,94.6,93.06,94.83,92.69,631385,26.035,1.2453,0.04783176493182255
177,2020-09-24,92.55,91.94,93.16,91.66,490772,26.4958,1.2674,0.04783399633149405
178,2020-09-25,92.08,92.36,92.97,91.43,556607,27.0984,1.2962,0.04783308239600862
179,2020-09-28,91.71,92.22,92.55,91.57,375320,26.4603,1.2657,0.047833924785433274
180,2020-09-29,92.5,92.36,92.92,92.22,314878,27.3819,1.3098,0.04783451842275371
181,2020-09-30,92.41,91.62,92.64,91.06,417866,28.3035,1.3539,0.04783507340081616
182,2020-10-09,92.55,92.64,92.92,92.04,439394,27.6478,1.3225,0.04783382402939836
183,2020-10-12,93.29,94.97,95.21,93.25,813980,27.187,1.3005,0.04783536248942509
184,2020-10-13,94.41,94.04,94.51,93.57,478478,26.9211,1.2877,0.04783236940541063
185,2020-10-14,93.99,93.9,94.23,93.48,318261,25.6983,1.2292,0.04783195775596052
186,2020-10-15,94.04,93.85,94.88,93.81,372068,27.1693,1.2996,0.04783340019801762
187,2020-10-16,93.85,94.18,94.65,93.76,367910,27.1161,1.2971,0.04783505002563053
188,2020-10-19,94.83,93.2,95.21,93.16,472051,27.3288,1.3072,0.04783232340973624
189,2020-10-20,93.16,93.2,93.34,92.13,353867,27.4883,1.3149,0.04783489702891776
190,2020-10-21,93.11,93.11,93.57,92.41,245408,27.7187,1.3259,0.04783413363541581
191,2020-10-22,93.06,93.16,93.99,92.55,297678,28.0022,1.3395,0.04783552720857647
192,2020-10-23,93.2,92.88,94.27,92.78,422080,26.6907,1.2767,0.047833140382230514
193,2020-10-26,92.78,91.24,92.78,91.06,507608,26.6907,1.2767,0.047833140382230514
194,2020-10-27,91.2,90.87,91.52,90.22,312341,26.8503,1.2843,0.04783186780035977
195,2020-10-28,90.83,91.52,91.9,90.59,287774,25.7337,1.2309,0.04783222000722788
196,2020-10-29,90.97,92.08,92.69,90.64,357590,25.2197,1.2064,0.04783562056646193
197,2020-10-30,91.85,89.85,92.46,89.75,419992,25.6983,1.2292,0.04783195775596052
198,2020-11-02,89.85,89.99,91.06,89.15,421062,25.1666,1.2038,0.04783323929334912
199,2020-11-03,90.13,91.66,92.08,90.13,420410,25.1666,1.2038,0.04783323929334912
200,2020-11-04,91.71,91.71,92.32,91.06,333783,24.883,1.1902,0.04783185307237873
201,2020-11-05,92.64,92.83,93.43,92.41,444487,24.8653,1.1894,0.047833728127149075
202,2020-11-06,92.88,92.92,93.76,92.32,474972,24.2981,1.1623,0.047835015906593524
203,2020-11-09,94.04,100.42,100.42,93.9,1858932,24.0323,1.1496,0.047835621226432756
204,2020-11-10,103.64,101.45,104.57,101.03,2983647,23.6247,1.1301,0.04783552807019772
205,2020-11-11,101.22,98.0,102.99,97.67,1867182,26.2477,1.2555,0.04783276248966577
206,2020-11-12,98.05,97.39,99.07,96.98,830944,27.3819,1.3098,0.04783451842275371
207,2020-11-13,97.49,96.56,97.72,95.72,695262,27.311,1.3064,0.04783420599758339
208,2020-11-16,97.63,97.35,97.91,96.42,715213,27.4528,1.3132,0.04783482923417647
209,2020-11-17,97.02,96.42,97.07,95.3,699672,26.9034,1.2869,0.047834102752811906
210,2020-11-18,96.51,96.23,98.0,95.81,819593,26.8503,1.2843,0.04783186780035977
211,2020-11-19,95.81,96.51,97.02,94.6,640405,27.0984,1.2962,0.04783308239600862
212,2020-11-20,96.28,96.37,96.56,95.53,433633,27.311,1.3064,0.04783420599758339
213,2020-11-23,96.32,97.44,99.07,95.67,1274459,27.701,1.325,0.047832208223529835
214,2020-11-24,97.44,96.7,97.49,96.42,609546,27.4706,1.314,0.04783295596019017
215,2020-11-25,97.21,95.44,98.09,95.44,702725,27.311,1.3064,0.04783420599758339
216,2020-11-26,95.39,95.72,96.18,94.79,502934,26.7439,1.2793,0.04783520728091266
217,2020-11-27,95.72,96.98,96.98,95.44,563196,27.7541,1.3276,0.047834374020414995
218,2020-11-30,97.49,96.98,100.33,96.98,1559720,27.5946,1.32,0.04783544606553456
219,2020-12-01,96.74,99.17,99.96,96.14,1148699,27.5414,1.3174,0.04783344347055705
