,日期,开盘,收盘,最高,最低,成交量,pe,pb,roe
0,2020-01-03,299.86,295.88,303.02,292.18,451424,23.4014,3.2578,0.13921389318587776
1,2020-01-06,292.04,298.35,299.86,291.9,315865,23.2048,3.2304,0.13921257670826725
2,2020-01-07,301.1,310.43,314.0,300.0,594040,23.1423,3.2217,0.13921261067396068
3,2020-01-08,310.98,303.02,311.26,301.79,396177,22.2309,3.0948,0.13921163785541749
4,2020-01-09,305.35,300.96,306.45,299.73,266253,22.2934,3.1035,0.13921160522845327
5,2020-01-10,300.82,293.82,300.82,291.76,332350,23.035,3.2068,0.13921423920121553
6,2020-01-13,292.31,298.35,298.9,290.94,254184,22.9725,3.1981,0.13921427794101643
7,2020-01-14,297.53,295.47,300.41,293.14,217468,23.312,3.2454,0.13921585449553878
8,2020-01-15,298.35,293.27,300.69,290.94,238843,23.4997,3.2715,0.1392145431643808
9,2020-01-16,291.9,289.57,294.37,286.55,230130,23.0529,3.2093,0.13921458905387174
10,2020-01-17,289.84,283.8,291.49,283.39,232591,22.9635,3.1968,0.139212228101117
11,2020-01-20,285.31,288.61,288.61,278.72,256754,23.4014,3.2578,0.13921389318587776
12,2020-01-21,287.92,278.04,287.92,276.8,260666,23.0976,3.2155,0.13921359794957053
13,2020-01-22,276.25,278.17,280.23,269.11,277169,22.9546,3.1956,0.1392139266203724
14,2020-01-23,275.56,264.45,279.41,262.52,396777,23.2763,3.2404,0.1392145658889085
15,2020-02-03,239.6,239.6,239.6,239.6,196243,23.5533,3.2789,0.1392119151031915
16,2020-02-04,230.81,250.58,251.95,230.67,566205,24.2681,3.3784,0.13921155755910022
17,2020-02-05,259.78,265.68,273.37,255.93,466685,24.2055,3.3697,0.13921216252504595
18,2020-02-06,270.76,279.55,281.74,265.27,487008,24.7595,3.4469,0.13921525071184798
19,2020-02-07,276.39,278.45,284.21,270.76,339017,24.7327,3.4431,0.1392124596182382
20,2020-02-10,278.31,295.61,302.06,275.98,692875,24.4915,3.4095,0.13921156319539432
21,2020-02-11,296.84,293.96,302.2,291.76,455303,24.2234,3.3722,0.13921249700702626
22,2020-02-12,294.78,293.82,297.94,290.53,366269,24.0177,3.4399,0.14322353930642817
23,2020-02-13,293.41,289.7,296.16,287.23,313810,24.8933,3.5654,0.14322729409118115
24,2020-02-14,292.59,303.71,305.08,291.35,623226,23.7771,3.8414,0.16155881078853182
25,2020-02-17,303.57,304.81,308.79,298.9,557671,23.7771,3.8414,0.16155881078853182
26,2020-02-18,303.98,303.02,305.63,299.73,349622,22.9187,3.7027,0.16155802903306032
27,2020-02-19,303.84,311.26,321.28,303.84,650210,22.9187,3.7027,0.16155802903306032
28,2020-02-20,313.04,313.04,317.44,306.32,402377,23.6741,3.8248,0.16156052394811207
29,2020-02-21,310.98,309.34,316.61,305.08,416186,24.4466,3.9496,0.1615602987736536
30,2020-02-24,304.53,315.51,319.08,302.88,439402,24.687,3.9884,0.16155871511321748
31,2020-02-25,309.88,325.4,326.77,307.96,615289,24.6183,3.9773,0.1615586778940869
32,2020-02-26,327.18,356.29,356.42,327.18,1259897,25.0046,4.0397,0.1615582732777169
33,2020-02-27,354.5,362.46,373.03,344.75,1031989,24.7042,3.9912,0.16155957286615233
34,2020-02-28,348.05,347.64,365.21,346.95,605744,24.9188,4.0258,0.16155673627943562
35,2020-03-02,354.78,372.35,376.74,349.15,856952,25.76,4.1618,0.1615605590062112
36,2020-03-03,379.21,379.07,391.98,370.7,803731,24.8157,4.0092,0.16155901304416156
37,2020-03-04,379.9,386.76,401.18,379.9,734084,23.7053,3.8884,0.1640308285488899
38,2020-03-05,392.94,401.86,420.12,388.55,1029574,23.6456,3.8786,0.16403051730554521
39,2020-03-06,404.06,409.55,419.3,404.06,692886,23.9785,3.9332,0.16403027712325624
40,2020-03-09,406.67,416.14,424.24,399.8,896797,23.4748,3.8506,0.16403121645338833
41,2020-03-10,411.88,407.49,423.55,383.33,939013,24.3626,3.9962,0.16403011172863322
42,2020-03-11,406.67,422.45,434.12,402.55,869214,24.1321,3.9584,0.16403048222077649
43,2020-03-12,414.49,396.65,416.83,392.94,737598,24.8236,4.0718,0.1640293913856169
44,2020-03-13,370.97,401.73,409.82,366.86,644785,24.5077,4.02,0.16403008034209654
45,2020-03-16,404.33,388.82,410.79,381.82,616246,25.2077,4.1348,0.1640292450322719
46,2020-03-17,391.02,384.84,399.8,367.82,461701,25.2675,4.1446,0.16402889086771544
47,2020-03-18,392.12,413.26,421.77,390.06,1038181,24.4565,4.0116,0.1640300124711222
48,2020-03-19,417.79,413.81,421.49,394.31,805342,25.9931,4.2636,0.16402814593103557
49,2020-03-20,413.53,402.96,417.65,398.57,542856,26.5052,4.3476,0.16402819069465616
50,2020-03-23,389.92,377.84,395.27,373.58,554602,26.215,4.3,0.16402822811367537
51,2020-03-24,388.68,396.1,400.63,380.45,512004,27.4869,4.5087,0.16403086561234625
52,2020-03-25,403.92,400.08,408.86,396.65,400602,27.6235,4.5311,0.16403062609734467
53,2020-03-26,394.04,409.55,416.83,394.04,521509,28.0674,4.6039,0.1640301559816727
54,2020-03-27,410.37,398.98,413.53,398.71,349356,29.0917,4.7719,0.1640296029451699
55,2020-03-30,391.57,407.63,411.47,386.49,397921,30.8588,5.0617,0.1640277651755739
56,2020-03-31,416.14,446.89,446.89,414.49,915313,33.8806,5.5574,0.16402897233224914
57,2020-04-01,450.46,454.58,467.07,436.87,872728,34.2989,5.626,0.16402858400706727
58,2020-04-02,453.75,453.34,457.32,437.01,550088,35.2208,5.7772,0.16402807431972016
59,2020-04-03,453.34,463.78,486.15,449.36,811792,33.7184,5.5308,0.16402913542754105
60,2020-04-07,465.29,481.48,484.64,454.72,720206,32.438,5.3208,0.1640298415438683
61,2020-04-08,475.31,466.8,484.23,460.07,591231,33.1806,5.697,0.1716967143451294
62,2020-04-09,460.76,463.23,466.66,444.14,564397,31.9087,5.4786,0.17169612049378383
63,2020-04-10,460.21,465.01,480.52,454.85,437025,30.9185,5.3086,0.17169655707747788
64,2020-04-13,454.72,460.21,470.09,451.56,301482,31.3026,5.3745,0.1716950029709992
65,2020-04-14,462.68,467.07,475.03,461.3,321696,31.3112,5.376,0.171695751041161
66,2020-04-15,468.17,461.58,472.15,458.83,325655,30.099,5.1679,0.1716967341107678
67,2020-04-16,458.42,459.11,463.78,452.52,301294,29.3051,5.0316,0.17169707661806308
68,2020-04-17,461.44,463.91,472.29,454.99,356303,29.9283,5.1386,0.17169702255056252
69,2020-04-20,462.95,469.13,469.82,456.23,296848,30.0307,5.1562,0.1716976294258875
70,2020-04-21,468.99,471.88,478.05,461.72,315816,29.8651,5.1591,0.17274678470857285
71,2020-04-22,466.38,495.35,503.45,465.97,641084,29.7799,5.1443,0.17274403204846223
72,2020-04-23,492.06,479.29,500.43,479.15,475753,29.5159,5.0987,0.17274418194939
73,2020-04-24,480.25,473.93,483.0,466.93,330888,29.1155,5.0296,0.17274647524514433
74,2020-04-27,479.43,482.17,493.7,475.31,361373,29.5499,5.1046,0.17274508543176118
75,2020-04-28,479.84,485.6,490.13,473.52,315690,29.8566,5.1576,0.17274572456341314
76,2020-04-29,484.92,477.37,487.53,472.01,245098,29.9248,5.1694,0.17274635085280438
77,2020-04-30,478.46,467.07,480.25,461.44,358711,30.4536,5.5059,0.18079635905114663
78,2020-05-06,462.81,461.03,462.81,448.13,450752,31.1644,5.6344,0.18079603650318954
79,2020-05-07,460.89,460.76,474.21,459.11,336411,29.1408,5.2685,0.1807946247186076
80,2020-05-08,462.27,460.62,465.56,454.72,304153,28.4301,5.14,0.18079429900000352
81,2020-05-11,456.91,439.2,459.25,435.22,680815,27.1925,4.9163,0.18079617541601545
82,2020-05-12,437.56,436.32,443.05,432.48,391617,27.4434,4.9616,0.18079392495099003
83,2020-05-13,434.95,438.93,441.26,434.4,281593,27.1173,4.9027,0.1807960232029
84,2020-05-14,437.01,428.63,438.24,426.98,427371,26.8664,4.8573,0.18079459845755294
85,2020-05-15,431.51,429.32,433.03,425.34,279575,25.7543,4.6563,0.1807969931234784
86,2020-05-18,432.75,438.65,443.6,430.83,518145,26.2811,4.7515,0.18079532439661963
87,2020-05-19,439.07,423.14,439.89,418.89,609280,26.5152,4.7938,0.18079441226164616
88,2020-05-20,417.38,410.92,417.38,407.9,516505,26.8497,4.8543,0.1807953161487838
89,2020-05-21,413.67,403.65,414.9,401.59,317796,26.7494,4.8362,0.1807965786148474
90,2020-05-22,406.67,402.69,412.16,399.8,319411,26.5152,4.7938,0.18079441226164616
91,2020-05-25,406.67,405.57,421.77,404.47,348265,25.8379,4.6714,0.18079642695420292
92,2020-05-26,406.8,403.37,409.0,396.92,255438,25.9216,4.6865,0.18079516696500214
93,2020-05-27,403.51,399.53,407.77,397.06,250055,27.5605,4.9828,0.18079497832042235
94,2020-05-28,401.73,398.98,402.27,391.29,277341,28.196,5.0977,0.1807951482479784
95,2020-05-29,397.33,400.08,402.82,391.02,382909,28.1458,5.0886,0.18079429257651228
96,2020-06-01,404.88,402.14,404.88,394.72,352416,26.7494,4.8362,0.1807965786148474
97,2020-06-02,403.37,413.26,424.24,403.37,542893,27.1173,4.9027,0.1807960232029
98,2020-06-03,413.81,407.77,416.14,403.65,356369,26.3647,4.7666,0.1807947748314982
99,2020-06-04,408.18,406.12,413.67,404.61,199835,26.7995,4.8452,0.18079441780630237
100,2020-06-05,404.88,398.84,404.88,394.17,303923,26.3898,4.7712,0.18079712616238092
101,2020-06-08,399.25,401.31,404.88,392.12,293917,25.3613,4.5852,0.1807951485136803
102,2020-06-09,409.41,400.63,412.16,398.43,231373,25.4617,4.6033,0.18079311279293997
103,2020-06-10,401.18,400.35,406.67,398.29,230810,26.1724,4.7319,0.1807973284834406
104,2020-06-11,398.57,384.7,398.98,384.29,466197,24.9181,4.5051,0.18079628864158984
105,2020-06-12,377.84,392.53,392.53,375.23,328287,24.2743,4.3887,0.1807961506613991
106,2020-06-15,398.43,402.27,415.32,398.43,573415,23.7475,4.2934,0.18079376776502792
107,2020-06-16,406.39,398.16,406.39,390.19,369549,23.7642,4.2965,0.18079716548421576
108,2020-06-17,397.74,402.27,404.88,390.47,335141,24.2492,4.3841,0.1807935931907032
109,2020-06-18,406.67,413.12,417.1,403.24,499282,24.3328,4.3993,0.18079711336138876
110,2020-06-19,415.32,416.96,420.53,409.41,383718,24.2241,4.4091,0.1820129540416362
111,2020-06-22,421.08,415.59,424.38,411.47,385855,23.5635,4.2888,0.18201031255967917
112,2020-06-23,411.88,407.63,414.9,406.67,333864,23.3127,4.2432,0.1820123795184599
113,2020-06-24,410.92,407.35,413.26,404.75,233561,23.5635,4.2888,0.18201031255967917
114,2020-06-29,410.51,416.0,420.67,410.37,409499,22.9698,4.1808,0.18201290389990335
115,2020-06-30,420.4,426.57,427.26,415.73,376911,22.4932,4.094,0.1820105631924315
116,2020-07-01,426.57,447.16,454.85,426.57,766936,23.4465,4.2675,0.1820101081184825
117,2020-07-02,445.38,435.5,446.89,434.4,576284,23.4632,4.2706,0.18201268369190904
118,2020-07-03,430.0,433.85,438.93,422.59,446819,23.505,4.2782,0.182012337800468
119,2020-07-06,440.44,450.73,452.11,437.83,646853,23.3545,4.2508,0.1820120319424522
120,2020-07-07,457.46,457.46,461.58,443.18,750736,23.7977,4.3314,0.18200918576164926
121,2020-07-08,455.4,450.32,458.15,447.85,638938,23.898,4.3497,0.18201104694953554
122,2020-07-09,448.81,462.68,462.68,445.79,701559,24.2325,4.4106,0.18201176106468583
123,2020-07-10,458.83,456.64,462.27,448.13,587772,23.5552,4.2873,0.18201076620024453
124,2020-07-13,457.46,479.56,484.37,456.77,719394,23.4297,4.2645,0.1820125737845555
125,2020-07-14,485.6,480.39,489.04,464.32,639909,23.3628,4.2523,0.18201157395517661
126,2020-07-15,480.39,469.95,484.92,469.54,622458,23.3963,4.2584,0.18201168560840816
127,2020-07-16,470.5,443.05,471.74,436.87,698563,23.6304,4.301,0.18201130746834585
128,2020-07-17,442.91,441.67,452.66,432.48,450775,23.7642,4.3253,0.18200907247035458
129,2020-07-20,447.85,452.79,455.4,437.14,415529,23.5886,4.2934,0.18201164969519176
130,2020-07-21,463.78,456.64,468.44,453.89,374150,23.6471,4.304,0.18200963331655892
131,2020-07-22,452.11,458.28,460.89,446.48,390660,24.0903,4.3847,0.1820110168823136
132,2020-07-23,456.64,452.79,464.74,445.79,392933,24.8345,4.5202,0.18201292556725523
133,2020-07-24,451.56,448.95,473.93,440.03,666369,25.7794,4.6921,0.1820096666330481
134,2020-07-27,449.09,440.3,459.25,434.67,418919,25.2108,4.5886,0.18200929760261475
135,2020-07-28,443.32,458.56,460.76,439.89,568896,25.169,4.581,0.18200961500258256
136,2020-07-29,458.28,462.68,466.66,450.32,483349,25.7961,4.6952,0.1820120095673377
137,2020-07-30,462.68,468.03,479.84,461.3,554606,25.6373,4.6663,0.18201214636486682
138,2020-07-31,457.46,463.91,469.82,456.36,445333,25.8128,4.6982,0.18201047542304594
139,2020-08-03,467.76,484.23,487.66,466.38,647881,27.1173,4.9356,0.18200927083448573
140,2020-08-04,484.23,495.9,503.04,482.58,648337,27.1257,4.9372,0.18201189278064714
141,2020-08-05,495.9,529.12,535.02,490.41,754438,27.1424,4.9402,0.1820104338599387
142,2020-08-06,527.06,517.45,531.18,510.45,531967,27.5103,5.0072,0.18201182829703783
143,2020-08-07,513.06,499.74,516.49,493.84,547143,28.1374,5.4436,0.19346492568609752
144,2020-08-10,497.82,498.64,502.08,488.49,319822,28.6391,5.5406,0.19346278339752299
145,2020-08-11,502.63,493.7,516.63,492.47,441783,28.4301,5.5002,0.1934639695252567
146,2020-08-12,493.84,486.7,496.59,477.37,335178,27.9284,5.4031,0.19346256856819583
147,2020-08-13,489.58,493.15,507.43,484.92,364559,28.2545,5.4662,0.19346298819657046
148,2020-08-14,495.62,497.41,501.67,488.35,218876,29.2328,5.6555,0.19346419090884212
149,2020-08-17,496.59,498.78,504.27,494.94,278683,27.803,5.3789,0.19346473402150846
150,2020-08-18,498.37,500.43,508.67,494.8,311831,27.6357,5.3465,0.19346352724917407
151,2020-08-19,501.8,498.78,505.1,496.17,258257,27.318,5.285,0.19346218610440002
152,2020-08-20,493.84,488.76,499.06,485.88,239511,27.0253,5.2284,0.1934631622960707
153,2020-08-21,490.68,501.53,506.2,490.68,334717,27.1758,5.2575,0.1934625659594198
154,2020-08-24,503.86,521.02,524.87,503.86,459309,27.5103,5.3223,0.19346572011210347
155,2020-08-25,521.43,520.88,530.63,516.77,310681,27.0922,5.2414,0.19346527782904305
156,2020-08-26,520.61,514.71,531.59,510.18,300345,27.3849,5.298,0.19346428141055838
157,2020-08-27,514.71,530.63,530.77,510.45,339172,27.2762,5.277,0.19346536541013779
158,2020-08-28,529.26,551.09,552.6,521.57,515151,27.4936,5.319,0.19346320598248318
159,2020-08-31,567.42,539.14,573.46,537.91,673053,28.3883,5.4921,0.1934635043310096
160,2020-09-01,541.2,559.73,560.97,537.77,432513,27.3096,5.2834,0.193463104549316
161,2020-09-02,560.7,583.9,596.8,560.56,632175,26.6741,5.1605,0.19346482168095644
162,2020-09-03,578.13,569.07,582.25,565.36,368885,26.7494,5.175,0.1934622832661667
163,2020-09-04,559.73,562.34,570.31,552.73,303397,77.7342,5.5044,0.0708105312719498
164,2020-09-07,553.69,513.75,554.24,507.84,777790,70.6607,5.0035,0.07081022407080598
165,2020-09-08,513.33,485.33,514.71,478.6,690891,69.1026,4.8932,0.07081064967164767
166,2020-09-09,481.48,468.86,489.58,462.13,347132,71.007,5.028,0.07080992014871772
167,2020-09-10,475.58,461.72,479.7,459.25,314479,69.3004,4.9072,0.07081055809201678
168,2020-09-11,462.27,459.52,465.29,452.52,287226,68.5832,4.8564,0.0708103442242415
169,2020-09-14,462.95,439.07,467.35,434.26,570809,65.2938,4.6235,0.07081070484487041
170,2020-09-15,438.65,443.73,446.2,429.32,382001,69.8198,4.944,0.07081085881082444
171,2020-09-16,443.05,435.5,446.62,426.44,420984,71.7737,5.0823,0.07081005995232237
172,2020-09-17,430.69,410.79,431.65,407.49,798851,71.6747,5.0753,0.07081020220524119
173,2020-09-18,417.38,423.69,426.3,416.69,629808,66.5551,4.7128,0.07081050137404947
174,2020-09-21,424.65,422.87,427.4,411.33,464061,67.2724,4.7636,0.07081061475434204
175,2020-09-22,418.34,411.61,422.18,411.61,309463,69.5972,4.9282,0.0708103199554005
176,2020-09-23,412.16,416.69,416.96,410.51,241650,68.6821,4.8634,0.0708102984620447
177,2020-09-24,412.84,405.57,416.14,404.75,333584,73.3318,5.1927,0.07081102604872648
178,2020-09-25,406.26,409.28,411.33,402.27,296548,70.636,5.0018,0.07081091794552354
179,2020-09-28,409.28,395.0,410.92,392.25,369426,72.1941,5.1121,0.07081049559451533
180,2020-09-29,401.86,403.1,408.04,397.74,252352,71.007,5.028,0.07080992014871772
181,2020-09-30,404.33,397.74,405.98,395.96,226435,69.6219,4.93,0.07081105226947268
182,2020-10-09,402.82,398.71,404.06,388.82,335156,66.9014,4.7373,0.0708101773654961
183,2020-10-12,399.39,414.35,414.35,395.68,475161,65.5164,4.6392,0.07080975145154494
184,2020-10-13,406.53,429.46,433.03,401.86,532709,64.3045,4.5534,0.07080997441858657
185,2020-10-14,426.57,416.0,426.57,412.16,445627,59.8526,4.2382,0.0708106247681805
186,2020-10-15,414.49,412.57,415.45,404.61,262291,62.5237,4.4273,0.07080994886738949
187,2020-10-16,411.47,417.38,418.34,408.59,241694,61.4108,4.3485,0.07081002038729343
188,2020-10-19,418.34,411.2,420.4,410.37,198414,55.8459,3.9545,0.07081092792846028
189,2020-10-20,411.2,412.3,412.57,403.37,167617,54.0652,3.8284,0.0708107988132847
190,2020-10-21,415.32,408.45,415.32,405.84,138782,52.9522,3.7496,0.0708110333470564
191,2020-10-22,408.45,396.1,408.73,395.27,252556,53.62,3.7969,0.0708112644535621
192,2020-10-23,396.1,384.02,399.8,380.45,303613,53.2985,3.7741,0.07081062318826983
193,2020-10-26,380.58,384.02,390.88,367.82,219314,51.8146,3.669,0.0708101577547641
194,2020-10-27,384.7,397.74,398.84,382.37,246562,52.1361,3.6918,0.07081082014189785
195,2020-10-28,397.19,397.74,406.53,393.63,222329,51.9382,3.6778,0.07081107932119327
196,2020-10-29,391.84,399.94,401.86,389.92,183231,49.4155,3.4991,0.07080976616648622
197,2020-10-30,399.94,386.49,402.14,386.49,217329,50.1575,3.5517,0.07081094552160694
198,2020-11-02,392.25,389.64,399.53,386.49,197736,50.1822,3.5534,0.07080996847487754
199,2020-11-03,389.92,393.76,395.41,385.11,176710,50.479,3.5744,0.07080964361417619
200,2020-11-04,395.41,397.47,404.75,392.66,223345,47.3874,3.3555,0.07080996214183517
201,2020-11-05,400.49,397.88,405.02,396.51,242789,47.5853,3.3695,0.07080968282221611
202,2020-11-06,397.88,389.37,398.16,385.39,305248,45.0873,3.1926,0.07080929663120214
203,2020-11-09,389.64,390.33,394.59,385.39,310655,42.3667,3.0,0.07081032981091281
204,2020-11-10,388.13,379.35,388.13,378.8,350861,40.3881,2.8599,0.07081046149732223
205,2020-11-11,379.49,375.09,384.15,373.58,254619,44.8647,3.1769,0.07081068189467443
206,2020-11-12,375.64,370.15,375.64,362.05,391802,47.338,3.352,0.07080992014871773
207,2020-11-13,370.15,372.35,372.9,366.44,210445,47.3132,3.3503,0.0708111055688476
208,2020-11-16,374.54,377.01,379.49,364.8,364607,49.2176,3.4851,0.07081003543447872
209,2020-11-17,377.01,370.29,378.25,367.95,279481,48.352,3.4238,0.07080989410986102
210,2020-11-18,371.52,371.66,373.72,369.19,211175,49.3908,3.4974,0.07081075827886975
211,2020-11-19,370.29,378.52,381.27,367.68,361590,50.0585,3.5447,0.07081115095338454
212,2020-11-20,376.05,375.64,377.29,368.92,304024,50.4543,3.5727,0.07081061475434204
213,2020-11-23,374.68,370.43,375.5,366.44,302205,50.9737,3.6095,0.07081102607815402
214,2020-11-24,369.74,371.39,375.5,366.31,166938,50.1575,3.5517,0.07081094552160694
215,2020-11-25,371.39,359.99,372.35,359.99,247762,51.4436,3.6427,0.07080958564330646
216,2020-11-26,359.31,359.03,363.29,353.81,267622,51.8146,3.669,0.0708101577547641
217,2020-11-27,359.03,373.03,378.66,359.03,461276,53.1501,3.7636,0.07081077928357613
218,2020-11-30,380.17,373.99,382.51,371.25,422645,50.9737,3.6095,0.07081102607815402
219,2020-12-01,373.99,377.01,377.15,371.11,304050,50.5285,3.5779,0.07080954312912514
