,日期,开盘,收盘,最高,最低,成交量,pe,pb,roe
0,2020-01-03,135.12,133.72,135.65,132.54,86404,57.7021,6.0212,0.10434975503491208
1,2020-01-06,133.28,132.96,134.17,131.72,49514,58.2062,6.0738,0.10434970845030254
2,2020-01-07,132.48,136.18,136.57,132.22,49281,60.2687,6.289,0.1043493554697546
3,2020-01-08,134.86,135.09,137.26,134.15,32376,57.6746,6.0183,0.10434922825645952
4,2020-01-09,135.94,135.17,137.6,134.65,46265,53.9622,5.6309,0.10434897020506946
5,2020-01-10,135.07,137.41,138.55,133.43,106567,55.3188,5.7725,0.10434969666731743
6,2020-01-13,135.38,131.69,139.08,130.66,218106,53.0639,5.5372,0.1043496614459171
7,2020-01-14,131.75,126.37,131.9,125.84,286370,52.8439,5.5142,0.10434884631906426
8,2020-01-15,127.45,129.11,129.32,126.37,159066,51.8356,5.409,0.10434913457160716
9,2020-01-16,128.45,129.85,130.45,127.74,91530,50.8915,5.3105,0.10434944931864851
10,2020-01-17,135.25,142.9,142.9,135.25,202430,51.2215,5.3449,0.10434875979813164
11,2020-01-20,146.67,142.37,146.69,138.57,201658,52.0098,5.4272,0.10434956488969387
12,2020-01-21,141.66,137.49,141.66,136.7,114995,49.5349,5.1689,0.10434865115302544
13,2020-01-22,136.44,140.18,142.24,135.65,111198,53.6322,5.5965,0.10434962578451006
14,2020-01-23,139.97,137.49,141.98,133.01,109363,49.6174,5.1775,0.10434847452708122
15,2020-02-03,123.68,123.68,123.68,123.68,24398,49.4066,5.1555,0.1043484068930062
16,2020-02-04,115.35,123.68,124.5,115.35,179213,50.1032,5.2282,0.10434862443915759
17,2020-02-05,123.65,125.37,128.21,121.94,81250,49.7824,5.1948,0.10435013177347817
18,2020-02-06,125.08,126.42,127.16,123.78,56845,49.5991,5.1756,0.10434866761695273
19,2020-02-07,126.37,128.45,131.01,125.37,69079,47.6741,4.9748,0.10435016077912325
20,2020-02-10,128.27,134.67,136.86,126.39,84256,47.665,4.9738,0.10434910311549354
21,2020-02-11,134.67,135.89,139.08,133.54,64604,47.3808,4.9442,0.10435028534765138
22,2020-02-12,136.44,135.89,138.76,134.36,53964,50.3599,5.255,0.10434889664197108
23,2020-02-13,136.44,133.28,136.52,132.75,33947,55.9513,5.7532,0.10282513543027597
24,2020-02-14,132.75,131.96,135.09,131.09,48563,54.3564,5.5892,0.10282505831879962
25,2020-02-17,131.83,133.8,134.54,130.8,47719,53.1373,5.4638,0.10282419317503899
26,2020-02-18,133.8,135.6,136.25,131.64,60456,52.2848,5.3762,0.10282529530571027
27,2020-02-19,134.15,141.71,142.34,134.15,103740,53.7972,5.5317,0.10282505409203453
28,2020-02-20,141.71,149.65,150.94,141.71,117118,54.558,5.6099,0.10282451702775028
29,2020-02-21,146.85,148.07,149.54,146.19,68138,54.2464,5.5779,0.10282525660689003
30,2020-02-24,144.45,147.96,150.81,144.45,65010,54.4297,5.5967,0.10282437713233769
31,2020-02-25,144.53,156.21,157.77,144.53,95357,52.8898,5.4384,0.10282511939920362
32,2020-02-26,153.29,147.25,155.95,147.17,71850,52.6148,5.4101,0.10282468050814599
33,2020-02-27,147.38,152.26,157.93,147.38,107535,54.998,5.6552,0.10282555729299248
34,2020-02-28,147.99,144.35,153.58,144.35,97438,56.9046,5.8512,0.10282472770215413
35,2020-03-02,145.22,151.2,153.29,145.03,95363,58.3346,5.9983,0.10282576721191197
36,2020-03-03,152.26,151.6,156.21,150.23,78526,57.0421,5.8654,0.10282580760525999
37,2020-03-04,150.7,156.21,157.0,147.85,89034,54.8147,5.6363,0.10282460726775847
38,2020-03-05,157.13,170.0,171.9,154.81,162574,55.1447,5.6703,0.10282583820385277
39,2020-03-06,167.28,163.36,173.14,162.43,129036,55.0714,5.6627,0.1028246966665093
40,2020-03-09,158.32,155.68,162.04,153.58,111212,55.0164,5.6571,0.10282570288132266
41,2020-03-10,155.82,160.22,164.12,154.13,113235,54.7689,5.6316,0.10282477829571161
42,2020-03-11,160.17,158.06,166.81,156.61,103389,55.2639,5.6825,0.10282480968588899
43,2020-03-12,154.89,150.65,156.21,149.83,92837,56.923,5.8531,0.10282486868225497
44,2020-03-13,142.66,147.7,151.73,141.98,85493,57.3996,5.9021,0.10282475836068544
45,2020-03-16,148.3,146.22,153.63,145.8,94124,58.7379,6.0397,0.10282458174364421
46,2020-03-17,144.35,143.85,150.89,140.66,149841,60.5895,6.2301,0.10282474686208007
47,2020-03-18,145.17,141.18,149.52,140.92,103561,60.4795,6.2188,0.10282492414785174
48,2020-03-19,141.71,135.38,141.74,128.79,162357,61.5611,6.33,0.1028246733732828
49,2020-03-20,137.76,142.24,144.35,137.07,111161,62.5053,6.4271,0.10282488045013784
50,2020-03-23,137.31,138.81,141.4,134.49,110544,63.4219,6.5214,0.10282568008842372
51,2020-03-24,141.74,149.49,152.18,140.76,133462,61.7445,6.3489,0.10282535286543741
52,2020-03-25,154.31,149.62,155.21,146.06,130853,60.1403,6.1839,0.10282456189942518
53,2020-03-26,147.01,152.07,154.58,147.01,96557,60.7637,6.248,0.10282454820888129
54,2020-03-27,153.97,157.53,162.25,152.81,92450,61.5428,6.3281,0.10282437588150035
55,2020-03-30,154.89,157.42,162.83,154.37,92145,62.1478,6.3904,0.10282584419722017
56,2020-03-31,158.87,161.19,161.19,156.48,88113,63.3119,6.5101,0.10282585106433388
57,2020-04-01,160.93,155.68,161.22,155.26,83760,66.9601,6.8852,0.10282541394054072
58,2020-04-02,155.55,156.95,158.11,153.89,69566,67.2351,6.9135,0.10282575618984727
59,2020-04-03,156.48,155.03,158.72,153.31,67933,67.2901,6.9191,0.10282493264239466
60,2020-04-07,156.48,159.82,162.57,155.95,124571,68.9767,7.0925,0.1028245769948403
61,2020-04-08,159.3,157.82,159.3,156.29,70688,69.105,7.1057,0.1028246870704001
62,2020-04-09,157.53,161.96,164.86,157.27,100781,65.2735,6.7118,0.10282580220150597
63,2020-04-10,161.48,165.47,170.18,160.51,106952,61.717,6.3461,0.1028258016429833
64,2020-04-13,164.09,164.04,166.99,160.9,70667,63.4769,6.527,0.10282480713456392
65,2020-04-14,164.15,166.52,167.5,163.07,71367,62.5969,6.4365,0.10282458076997424
66,2020-04-15,166.84,164.04,169.08,162.86,67101,60.8462,6.4159,0.10544454707114001
67,2020-04-16,162.8,160.59,163.8,158.87,69001,59.187,6.241,0.10544545254870157
68,2020-04-17,161.75,158.35,163.28,157.69,122207,60.177,6.3453,0.10544394037589112
69,2020-04-20,158.58,160.96,161.04,157.53,63240,62.3036,6.5696,0.10544495021154476
70,2020-04-21,160.43,157.85,161.22,155.95,61013,60.9653,6.4285,0.10544522867926509
71,2020-04-22,157.85,163.2,163.83,155.9,90319,61.2128,6.4546,0.10544526634952167
72,2020-04-23,163.15,161.41,165.7,160.25,77149,59.1229,6.2342,0.10544475998301843
73,2020-04-24,161.67,164.91,167.18,160.96,98024,57.8671,6.1018,0.10544506291139524
74,2020-04-27,154.37,148.36,154.37,148.36,260530,56.9963,6.01,0.10544544119530566
75,2020-04-28,144.64,145.67,148.54,138.23,328063,55.5572,5.8582,0.10544447884342623
76,2020-04-29,145.17,140.39,145.48,138.34,180032,54.9889,5.7983,0.10544491706508041
77,2020-04-30,141.95,142.71,143.14,140.92,158008,55.6488,5.8679,0.10544522074150744
78,2020-05-06,141.71,140.47,142.21,138.79,145894,57.6838,6.0824,0.10544381611474972
79,2020-05-07,140.37,141.13,142.71,139.08,168893,57.6563,6.0795,0.10544381099723708
80,2020-05-08,141.45,143.93,145.38,140.34,169126,57.6929,6.0834,0.10544451743628766
81,2020-05-11,144.35,143.0,146.4,141.79,155739,56.7213,5.981,0.10544539705542715
82,2020-05-12,142.21,140.16,142.29,138.79,163168,57.0146,6.0119,0.1054449211254661
83,2020-05-13,140.29,142.95,143.61,139.18,136470,58.0229,6.1182,0.10544457446973522
84,2020-05-14,140.92,140.82,142.71,139.6,102454,57.4454,6.0573,0.105444474231183
85,2020-05-15,140.29,136.47,140.79,133.86,212848,56.648,5.9732,0.10544414630701879
86,2020-05-18,135.36,136.39,138.02,134.99,124217,57.0971,6.0206,0.10544493503172665
87,2020-05-19,137.2,136.83,139.29,136.12,105489,61.4145,6.4758,0.10544415406785042
88,2020-05-20,135.91,133.3,136.33,132.96,129817,61.7994,6.5164,0.10544438942772907
89,2020-05-21,133.83,139.55,140.92,133.57,218238,60.6353,6.3937,0.1054451779738865
90,2020-05-22,138.55,134.28,139.02,133.38,125980,59.3979,6.2632,0.10544480528772904
91,2020-05-25,133.93,138.36,139.0,129.85,150184,60.0028,6.327,0.10544507922963595
92,2020-05-26,138.36,141.47,142.16,136.99,140425,59.902,6.3163,0.10544389168975994
93,2020-05-27,141.5,141.37,143.69,139.89,108620,66.5018,7.0123,0.10544526614317205
94,2020-05-28,141.69,144.08,145.14,141.58,138428,63.2477,6.6691,0.10544415053828045
95,2020-05-29,143.53,143.82,145.53,141.92,90824,64.586,6.8102,0.10544390425169542
96,2020-06-01,143.79,144.32,147.38,143.72,177961,58.7104,6.1907,0.10544469123017386
97,2020-06-02,144.35,141.4,144.37,139.63,127775,55.9238,5.8969,0.10544526659490235
98,2020-06-03,141.4,140.68,142.13,139.21,96865,55.5847,5.8611,0.10544448382378606
99,2020-06-04,141.4,148.46,148.83,140.79,235495,54.3106,5.7268,0.10544534584408936
100,2020-06-05,146.98,151.6,153.84,144.98,154986,54.1272,5.7074,0.10544421289111573
101,2020-06-08,151.81,150.94,153.39,149.12,110049,52.7798,5.5653,0.1054437493131842
102,2020-06-09,151.44,152.73,155.63,150.2,97083,54.3472,5.7306,0.10544425471781435
103,2020-06-10,152.68,154.42,154.74,151.57,73942,53.7881,5.6717,0.1054452564786635
104,2020-06-11,154.87,150.1,156.42,149.3,125251,52.2298,5.5073,0.105443635625639
105,2020-06-12,147.41,144.72,150.89,144.72,144120,49.5991,5.23,0.10544546171200687
106,2020-06-15,145.8,142.9,147.99,141.26,161928,50.7632,5.3527,0.10544449522488732
107,2020-06-16,144.69,145.93,146.48,143.11,93040,50.1949,5.2928,0.1054449754855573
108,2020-06-17,145.98,142.61,146.85,141.58,103209,50.2407,5.2976,0.10544439070315502
109,2020-06-18,142.32,140.79,142.61,140.47,77455,50.534,5.3285,0.10544385957968892
110,2020-06-19,141.32,145.09,146.06,141.32,122299,49.0399,5.171,0.10544475009125222
111,2020-06-22,145.11,144.24,145.32,142.08,95484,49.6724,5.2377,0.10544487481981946
112,2020-06-23,143.53,144.11,145.22,142.27,154795,50.8273,5.3595,0.1054453020325691
113,2020-06-24,143.5,145.75,146.09,142.63,169165,49.7732,5.2483,0.1054442953235878
114,2020-06-29,144.48,142.4,144.48,140.79,111846,50.4057,5.315,0.10544442394411743
115,2020-06-30,143.14,149.96,151.28,142.5,188962,52.4131,5.4477,0.10393775601901052
116,2020-07-01,149.81,154.45,162.14,148.33,223968,53.9164,5.6039,0.10393683554539991
117,2020-07-02,154.76,156.05,160.3,152.68,171037,53.3298,5.543,0.10393813590150348
118,2020-07-03,155.08,151.55,155.76,148.96,136889,52.7064,5.4782,0.10393804167994779
119,2020-07-06,149.96,155.42,156.77,148.72,157420,52.9356,5.502,0.10393761476208827
120,2020-07-07,155.42,155.95,160.98,153.65,175179,51.8448,5.3886,0.10393713545042127
121,2020-07-08,156.24,159.61,163.07,155.82,146574,49.1407,5.1076,0.10393828333743718
122,2020-07-09,158.77,160.59,162.59,157.98,133798,49.3882,5.1333,0.10393778270923015
123,2020-07-10,160.59,168.6,176.38,160.59,165203,50.4057,5.2391,0.10393864185994836
124,2020-07-13,170.16,185.5,185.5,165.31,157483,50.2315,5.2209,0.10393677274220361
125,2020-07-14,192.25,181.65,192.25,176.06,177200,50.3232,5.2305,0.10393814383822969
126,2020-07-15,183.76,191.01,198.0,179.86,185550,49.3791,5.1323,0.10393668576381505
127,2020-07-16,186.66,172.03,187.98,171.92,189627,49.4157,5.1362,0.10393862679269948
128,2020-07-17,169.26,172.32,178.01,165.6,116038,48.3341,5.0237,0.1039369720342367
129,2020-07-20,172.43,170.58,173.59,159.45,171138,46.9133,4.8761,0.10393854194865848
130,2020-07-21,169.53,174.14,176.01,166.7,100298,48.7466,5.0666,0.10393750538499096
131,2020-07-22,172.4,177.49,180.02,170.53,88693,46.5742,4.8408,0.1039373730520331
132,2020-07-23,175.33,176.38,181.13,171.61,80909,47.8025,4.9685,0.10393807855237695
133,2020-07-24,174.48,163.96,174.59,163.46,113904,47.6466,4.9523,0.10393816137982563
134,2020-07-27,164.67,162.67,170.84,161.35,96705,47.6741,4.9551,0.1039369385053939
135,2020-07-28,164.46,164.96,168.21,161.56,89808,49.1866,5.1123,0.10393684458775358
136,2020-07-29,163.46,166.63,166.76,162.28,98504,49.929,5.1895,0.10393759137975925
137,2020-07-30,166.65,163.73,169.6,163.2,102333,48.9574,5.0885,0.1039373005919432
138,2020-07-31,162.12,162.88,166.1,160.09,129701,49.9474,5.1914,0.10393734208387223
139,2020-08-03,162.88,165.68,166.12,162.88,104027,50.2682,5.2248,0.10393847402532815
140,2020-08-04,165.83,165.57,169.42,163.73,122276,49.2966,5.1238,0.10393820263466447
141,2020-08-05,164.41,165.65,165.83,160.25,80917,49.0674,5.1,0.10393866396018538
142,2020-08-06,165.04,159.8,165.57,156.26,118344,49.8465,5.1809,0.10393708685664993
143,2020-08-07,158.93,157.9,161.38,155.29,97104,49.0399,5.0971,0.1039378139025569
144,2020-08-10,157.77,159.53,160.46,156.32,77403,50.8732,5.2876,0.10393684690563991
145,2020-08-11,160.43,163.67,166.1,158.48,149536,51.8081,5.6405,0.108872936857364
146,2020-08-12,163.7,166.18,166.23,159.56,132888,62.59,6.3916,0.10211854928902381
147,2020-08-13,166.23,169.79,173.37,164.83,137763,61.2644,6.2562,0.10211803265844438
148,2020-08-14,169.53,175.8,177.22,166.63,137231,61.9422,6.3254,0.10211778076981444
149,2020-08-17,175.8,175.09,183.76,173.37,158209,59.9189,6.1188,0.1021180295365903
150,2020-08-18,173.74,178.94,182.05,172.16,131173,61.095,6.2389,0.10211801293068173
151,2020-08-19,177.62,172.82,178.91,172.43,104273,60.1083,6.1381,0.10211734485919581
152,2020-08-20,172.48,169.97,173.74,168.5,72150,60.9555,6.2246,0.10211711822559079
153,2020-08-21,171.4,174.75,176.38,170.61,89035,62.2611,6.358,0.1021183371318528
154,2020-08-24,174.8,179.78,182.18,171.11,146857,63.1979,6.4536,0.10211731718933699
155,2020-08-25,180.33,182.31,186.93,180.33,125858,62.2611,6.358,0.1021183371318528
156,2020-08-26,180.36,177.25,185.95,176.3,115945,62.7993,6.4129,0.10211738028927073
157,2020-08-27,179.02,187.48,187.48,178.28,127650,61.4737,6.2776,0.10211846692162664
158,2020-08-28,185.34,198.5,205.38,183.97,187106,59.909,6.1178,0.10211821262247743
159,2020-08-31,204.8,198.13,208.02,198.13,140748,60.6664,6.1951,0.10211748183508498
160,2020-09-01,196.15,193.28,199.61,190.35,90561,58.8525,6.0099,0.10211800688161081
161,2020-09-02,195.05,193.12,198.97,191.01,64826,59.5801,6.0842,0.10211798906010564
162,2020-09-03,192.46,192.33,198.53,190.35,95346,59.1017,6.0353,0.10211719798246074
163,2020-09-04,186.93,181.84,188.24,180.02,133482,61.1847,6.2481,0.10211866692163236
164,2020-09-07,179.28,178.49,183.74,176.72,88597,59.7595,6.1025,0.1021176549335252
165,2020-09-08,178.15,176.75,179.89,172.69,84203,59.7993,6.1066,0.10211825222034372
166,2020-09-09,174.01,174.51,177.41,171.58,72652,57.7363,5.8959,0.10211773182555862
167,2020-09-10,174.56,172.72,178.94,171.4,75771,56.8094,5.8013,0.10211866346062448
168,2020-09-11,171.11,177.33,178.65,171.0,61883,56.7595,5.7962,0.1021185880777667
169,2020-09-14,178.73,182.15,183.68,176.17,90594,52.7231,5.384,0.1021184262685616
170,2020-09-15,182.18,179.52,182.44,177.46,63866,54.0187,5.5163,0.10211834050060442
171,2020-09-16,177.75,176.8,180.33,175.48,45259,51.4274,5.2517,0.10211871492628442
172,2020-09-17,175.88,173.69,177.91,172.11,62118,53.6201,5.4756,0.10211842200965683
173,2020-09-18,174.03,174.22,175.85,170.32,63092,54.6267,5.5784,0.10211856106995297
174,2020-09-21,175.06,168.68,175.06,168.1,75457,55.5237,5.67,0.10211855477931046
175,2020-09-22,166.36,164.83,169.47,164.09,57094,56.0818,5.727,0.10211869091220326
176,2020-09-23,164.83,163.46,165.52,162.54,86852,57.1981,5.8409,0.10211702836283025
177,2020-09-24,163.46,158.69,164.09,158.4,85879,59.9987,6.1269,0.10211721253960503
178,2020-09-25,160.51,157.27,161.85,156.87,44982,60.8159,6.2104,0.10211803163317487
179,2020-09-28,157.82,157.98,161.27,157.16,70538,59.1017,6.0353,0.10211719798246074
180,2020-09-29,158.45,158.14,160.27,157.71,62660,62.002,6.3315,0.1021176736234315
181,2020-09-30,158.37,158.35,160.72,157.66,72222,64.5135,6.588,0.1021181613150736
182,2020-10-09,159.77,157.4,160.4,156.08,84396,59.301,6.0557,0.10211800812802482
183,2020-10-12,156.74,163.8,164.52,154.68,122945,57.5569,5.8776,0.10211807793678951
184,2020-10-13,163.73,167.52,169.13,162.12,101730,57.4074,5.8623,0.10211749704741897
185,2020-10-14,166.63,163.41,167.05,162.86,99258,54.8161,5.5977,0.10211780845408557
186,2020-10-15,162.78,157.93,164.91,157.66,98254,57.806,5.903,0.10211742725668616
187,2020-10-16,157.66,151.07,158.48,150.25,139905,55.9124,5.7097,0.1021186713501835
188,2020-10-19,152.57,151.86,153.39,150.54,81374,59.301,6.0557,0.10211800812802482
189,2020-10-20,151.07,156.29,156.29,150.81,84266,56.1815,5.7371,0.10211724500057848
190,2020-10-21,156.0,155.76,157.61,154.02,52967,56.2214,5.7412,0.10211769895449063
191,2020-10-22,155.58,156.66,159.24,151.44,79657,56.8193,5.8023,0.10211847030850432
192,2020-10-23,156.66,154.47,160.48,153.18,69132,53.8194,5.4959,0.10211745207118622
193,2020-10-26,152.02,150.12,152.2,148.17,93699,51.5072,5.2598,0.10211776217693838
194,2020-10-27,148.72,152.57,153.13,148.51,54085,50.8294,5.1906,0.10211806552900486
195,2020-10-28,152.57,156.08,157.4,151.89,70861,50.1318,5.1194,0.10211881480417619
196,2020-10-29,153.44,160.67,164.36,152.94,143522,50.6301,5.1702,0.10211712005309095
197,2020-10-30,144.74,144.59,149.44,144.59,174994,51.6168,5.271,0.10211791509741015
198,2020-11-02,138.23,136.02,140.87,134.94,259429,51.6168,5.271,0.10211791509741015
199,2020-11-03,135.91,136.83,138.68,135.67,140821,51.1583,5.2242,0.10211832684041494
200,2020-11-04,136.7,136.86,140.02,135.73,106112,48.8062,4.984,0.1021181735107425
201,2020-11-05,137.39,142.4,143.27,136.57,162391,48.0388,4.9056,0.10211745505716212
202,2020-11-06,142.37,142.92,143.93,140.08,103231,47.6401,4.8649,0.10211775374107107
203,2020-11-09,142.92,143.85,145.35,141.45,115791,47.0023,4.7998,0.10211840697157375
204,2020-11-10,143.06,141.84,145.4,140.47,120858,47.0023,4.7998,0.10211840697157375
205,2020-11-11,140.79,142.45,147.04,140.79,131485,52.2248,5.3331,0.10211815076362188
206,2020-11-12,142.11,154.0,156.61,140.47,258219,53.2414,5.4369,0.10211790073138573
207,2020-11-13,150.04,142.21,150.23,140.79,196976,52.2248,5.3331,0.10211815076362188
208,2020-11-16,140.82,149.33,150.02,140.82,196829,54.0686,5.5214,0.10211841993319597
209,2020-11-17,148.65,147.06,153.31,144.64,161494,54.2679,5.5417,0.10211745801846027
210,2020-11-18,146.06,146.11,147.12,141.84,151315,49.3345,5.0379,0.10211717966129179
211,2020-11-19,144.45,148.83,150.07,143.43,118538,49.0554,5.0094,0.10211719810663047
212,2020-11-20,148.78,151.73,153.6,147.46,142039,48.0189,4.9036,0.10211812432188158
213,2020-11-23,151.78,152.36,155.82,150.86,124109,50.0321,5.1092,0.1021184399615447
214,2020-11-24,151.55,158.85,162.72,150.07,166735,52.1949,5.33,0.1021172566668391
215,2020-11-25,160.51,154.95,160.56,153.71,110428,51.3477,5.2435,0.10211752425132965
216,2020-11-26,155.76,165.62,167.15,155.29,214910,51.3178,5.2405,0.1021185631496284
217,2020-11-27,164.91,173.08,173.37,161.35,175059,51.7264,5.2822,0.10211806736985368
218,2020-11-30,171.11,167.15,171.98,165.52,141714,50.5105,5.158,0.10211738153453243
219,2020-12-01,167.18,165.7,169.66,164.15,114885,50.7995,5.1875,0.10211714682231124
