,日期,开盘,收盘,最高,最低,成交量,pe,pb,roe
0,2020-01-03,449.14,443.82,451.58,442.48,167163,29.711,7.1976,0.24225371074686147
1,2020-01-06,442.82,439.38,445.92,437.16,175395,29.3861,7.1189,0.24225399083240037
2,2020-01-07,438.16,451.36,452.35,438.16,168411,30.259,7.3303,0.24225189199907465
3,2020-01-08,449.36,447.59,454.57,446.92,172473,30.3864,7.3612,0.24225311323486826
4,2020-01-09,450.47,460.56,463.55,450.47,194390,30.6413,7.423,0.24225473462287828
5,2020-01-10,461.22,460.89,464.88,456.12,105498,31.9156,7.0365,0.22047212021707252
6,2020-01-13,460.89,458.23,461.56,453.24,129453,31.7245,6.9944,0.2204731359044272
7,2020-01-14,457.9,458.23,462.11,454.46,93345,32.6994,7.2093,0.22047193526486725
8,2020-01-15,458.23,463.44,463.55,455.79,125002,32.9861,7.2725,0.22047165321150425
9,2020-01-16,460.45,453.35,463.11,453.24,155592,33.1008,7.2978,0.22047201276102088
10,2020-01-17,456.01,451.02,456.9,449.58,90458,32.4254,7.1489,0.22047222239355566
11,2020-01-20,450.47,448.36,452.24,445.26,138211,31.476,6.9396,0.2204727411361037
12,2020-01-21,447.14,449.91,454.9,445.37,160860,30.6987,6.7682,0.22047187665927223
13,2020-01-22,450.25,451.02,454.02,440.71,124832,31.2721,6.8947,0.2204744804474276
14,2020-01-23,445.92,436.72,445.92,432.06,149010,31.1001,6.8567,0.22047195989723506
15,2020-02-03,404.23,432.06,436.61,404.23,348477,31.1638,6.8708,0.22047375480525483
16,2020-02-04,430.51,437.16,442.26,430.4,160808,31.8583,7.0239,0.22047315770144674
17,2020-02-05,440.49,433.73,440.49,432.28,145114,31.374,6.9171,0.22047236565308853
18,2020-02-06,433.84,453.79,453.79,428.4,203134,31.8902,7.0309,0.2204721199616183
19,2020-02-07,450.47,475.75,481.4,445.26,308969,31.8009,7.0113,0.22047489222003153
20,2020-02-10,474.2,478.52,491.38,472.64,294346,31.0491,6.8455,0.2204733792605905
21,2020-02-11,478.08,471.98,478.08,469.32,190733,31.253,6.8904,0.22047163472306658
22,2020-02-12,472.64,472.64,475.08,468.43,143951,31.8583,7.0239,0.22047315770144674
23,2020-02-13,470.21,471.31,478.08,467.21,135184,32.2151,7.1026,0.220474249653113
24,2020-02-14,471.09,481.4,481.74,469.1,143055,31.7245,6.9944,0.2204731359044272
25,2020-02-17,482.18,489.94,493.49,477.86,166362,31.6353,7.5559,0.2388439496385367
26,2020-02-18,488.72,484.51,489.17,481.85,109707,30.9663,7.3962,0.23884674630162467
27,2020-02-19,484.29,510.34,512.23,481.07,243203,30.2654,7.2288,0.2388470002048544
28,2020-02-20,506.91,505.91,512.89,499.26,167286,31.8009,7.5955,0.23884544148121598
29,2020-02-21,501.81,501.36,506.57,498.7,142206,32.2215,7.696,0.2388467327715966
30,2020-02-24,500.36,498.04,511.23,496.48,154786,32.419,7.7431,0.23884450476572383
31,2020-02-25,487.06,501.7,508.02,487.06,185169,32.0048,7.6442,0.238845423186522
32,2020-02-26,497.04,495.04,505.69,493.71,155290,32.658,11.2404,0.34418519198971154
33,2020-02-27,498.92,496.48,503.8,489.61,165899,32.6885,11.2509,0.34418526393074017
34,2020-02-28,490.39,489.28,496.82,480.18,221003,33.0792,11.3853,0.3441830515852862
35,2020-03-02,489.39,489.61,497.93,488.39,175099,33.5126,11.5345,0.34418397856328664
36,2020-03-03,493.27,490.5,501.25,484.84,163867,33.8483,11.6501,0.34418567549921264
37,2020-03-04,492.16,512.56,516.33,491.05,251858,33.5737,11.5555,0.34418309569692945
38,2020-03-05,513.34,527.97,537.62,506.13,308704,32.3101,11.1206,0.3441833977610716
39,2020-03-06,523.32,523.43,535.29,519.55,230633,31.5348,10.8538,0.34418483706888897
40,2020-03-09,521.43,514.67,526.2,511.67,166413,31.0953,10.7025,0.34418384771975186
41,2020-03-10,511.45,521.32,527.86,508.24,182404,31.3334,10.7845,0.34418543790332357
42,2020-03-11,523.65,518.66,531.97,517.88,150924,31.193,10.7361,0.3441829897733466
43,2020-03-12,512.34,507.9,514.22,500.03,199999,31.5592,10.8622,0.34418489695556287
44,2020-03-13,488.17,500.48,510.68,480.07,175676,31.1197,10.7109,0.3441839092279167
45,2020-03-16,502.8,495.93,520.21,489.28,218115,31.2418,10.7529,0.3441831136490215
46,2020-03-17,501.47,493.49,507.02,483.62,234780,31.8889,10.9757,0.34418559436042007
47,2020-03-18,496.59,495.04,517.99,492.94,160327,31.2479,10.755,0.34418312910627596
48,2020-03-19,497.04,489.28,501.47,480.41,225032,32.1819,11.0765,0.34418415320413026
49,2020-03-20,491.49,498.15,502.58,485.17,175792,31.8583,10.9651,0.3441834623944153
50,2020-03-23,493.71,494.82,501.47,487.06,125175,31.4555,10.8265,0.3441846417955524
51,2020-03-24,499.81,519.1,519.1,499.59,189137,32.4138,11.1563,0.3441836501736914
52,2020-03-25,522.43,511.23,522.54,505.02,359861,32.9388,11.337,0.3441837589711829
53,2020-03-26,506.46,502.69,517.0,502.69,185909,33.1464,11.4085,0.34418519054859653
54,2020-03-27,509.24,528.09,531.41,504.25,307849,34.416,11.8455,0.3441858437935844
55,2020-03-30,520.55,533.41,535.62,520.21,220136,34.2634,11.7929,0.34418358948615724
56,2020-03-31,533.07,548.04,553.25,528.42,252384,36.1008,12.4253,0.3441835083987059
57,2020-04-01,545.83,543.72,555.81,534.41,179904,36.5342,12.5745,0.3441843532908891
58,2020-04-02,542.06,549.15,551.26,538.73,149601,37.7368,12.9884,0.34418392656505054
59,2020-04-03,549.37,554.36,560.02,545.38,128266,38.0542,13.0977,0.3441853987207719
60,2020-04-07,557.14,566.78,577.76,554.7,244856,38.7623,13.3414,0.3441849425859662
61,2020-04-08,563.01,565.78,571.77,555.25,105684,39.7817,13.6923,0.3441858945193393
62,2020-04-09,565.56,569.67,578.76,562.46,103340,36.2718,12.4842,0.34418473855722626
63,2020-04-10,572.88,556.8,582.86,552.48,160208,35.5148,12.2237,0.3441860858008492
64,2020-04-13,554.36,556.03,564.12,544.72,119865,35.411,12.1879,0.3441840106181695
65,2020-04-14,560.57,560.24,564.12,552.37,117483,35.7895,12.3182,0.34418474692298023
66,2020-04-15,560.24,556.91,568.78,551.37,123286,36.1985,12.459,0.34418553254969125
67,2020-04-16,551.59,558.24,562.01,550.7,87535,34.9776,12.0388,0.34418599332144
68,2020-04-17,559.13,554.7,564.68,552.48,118539,35.3805,12.1774,0.34418394313251655
69,2020-04-20,554.81,558.58,559.02,550.82,95236,33.1708,11.4169,0.3441852472656674
70,2020-04-21,558.02,562.13,565.45,553.14,111480,31.8644,10.9672,0.34418347748584627
71,2020-04-22,559.02,580.2,581.31,555.81,180021,31.6813,10.9042,0.3441841086066544
72,2020-04-23,577.98,573.1,581.86,570.22,111008,31.1869,10.734,0.3441829742616291
73,2020-04-24,571.44,576.65,582.42,567.23,93121,31.7912,10.942,0.34418329600644204
74,2020-04-27,578.31,592.17,593.84,575.21,105582,34.9471,12.9824,0.3714871906395667
75,2020-04-28,593.06,600.38,601.27,582.08,117680,34.0681,12.6558,0.37148534846381215
76,2020-04-29,594.61,568.89,601.04,565.67,272807,32.4566,12.0572,0.37148684705113905
77,2020-04-30,570.22,560.35,572.44,550.04,264341,32.7984,12.1841,0.3714845846138836
78,2020-05-06,554.47,572.33,574.21,552.48,197312,33.4516,12.4268,0.3714859677862942
79,2020-05-07,573.66,580.09,585.19,571.33,126020,33.2379,12.3474,0.3714855631673481
80,2020-05-08,584.3,587.18,596.28,578.98,126508,33.0304,12.2703,0.37148505619066075
81,2020-05-11,587.18,573.32,589.07,570.22,147659,33.3478,12.3882,0.3714847756073864
82,2020-05-12,573.32,581.64,588.96,570.22,124955,33.3539,12.3905,0.3714857932655551
83,2020-05-13,581.42,596.61,601.16,573.77,148779,33.244,12.3497,0.37148658404524126
84,2020-05-14,600.16,584.41,600.16,581.53,120023,33.1586,12.3179,0.37148432080968435
85,2020-05-15,584.63,576.54,586.41,571.88,100323,31.8034,11.8145,0.3714854386637907
86,2020-05-18,565.78,560.79,570.22,543.39,349427,31.3151,11.6331,0.37148532177767274
87,2020-05-19,567.0,561.24,576.32,557.91,223866,33.1219,12.3043,0.3714853314574345
88,2020-05-20,562.35,562.46,570.44,560.35,128171,34.3062,12.7443,0.3714867866449797
89,2020-05-21,565.56,554.92,565.56,554.14,94808,34.0681,12.6558,0.37148534846381215
90,2020-05-22,555.69,546.71,559.69,544.72,85142,34.0864,12.6626,0.3714854018024784
91,2020-05-25,547.82,565.23,570.22,545.83,153482,33.2806,12.3633,0.3714866919466596
92,2020-05-26,566.89,576.65,579.42,562.24,110362,30.9488,11.497,0.3714845163625084
93,2020-05-27,578.98,557.47,579.98,557.47,109675,32.0903,11.9211,0.37148608769628205
94,2020-05-28,557.47,558.02,562.79,552.26,83001,29.9111,11.1115,0.37148416474151735
95,2020-05-29,558.02,550.93,562.68,550.04,107083,30.2773,11.2476,0.3714862289570074
96,2020-06-01,555.58,553.59,559.13,549.26,144288,30.0087,11.1478,0.37148560250860585
97,2020-06-02,553.59,548.04,555.36,542.06,157333,29.3006,10.8848,0.3714872732981577
98,2020-06-03,546.71,545.05,549.93,542.72,116103,28.8245,10.7079,0.37148606220402786
99,2020-06-04,547.27,554.7,557.58,544.94,147557,28.8611,10.7215,0.37148618729015875
100,2020-06-05,549.49,549.15,553.03,543.83,127013,28.7085,10.6648,0.37148579688942296
101,2020-06-08,549.49,545.94,554.7,544.83,117038,28.1775,10.4675,0.37148434034247185
102,2020-06-09,547.05,554.59,555.69,545.94,133262,28.6963,10.6603,0.3714869164317351
103,2020-06-10,554.81,562.24,565.01,549.37,146431,29.0259,10.7827,0.3714854664282589
104,2020-06-11,561.35,556.58,564.68,553.59,106952,28.1347,10.4517,0.3714878779585352
105,2020-06-12,546.71,565.23,565.56,544.72,126624,28.1164,10.4448,0.3714842582976484
106,2020-06-15,561.35,575.54,584.63,560.24,202220,26.7551,9.9392,0.3714880527450841
107,2020-06-16,575.65,576.65,583.08,570.0,137921,25.7296,9.5582,0.37148653690690875
108,2020-06-17,575.76,577.09,585.08,570.89,90011,25.5404,9.4879,0.3714859594994597
109,2020-06-18,581.64,585.63,586.3,574.99,107411,25.9738,9.6489,0.37148588192717275
110,2020-06-19,587.96,595.17,600.82,583.53,141374,25.4488,9.4539,0.37148706422306754
111,2020-06-22,595.83,587.3,599.82,583.53,130660,24.9788,9.2793,0.3714870209938027
112,2020-06-23,587.3,590.73,593.28,581.53,95970,24.9544,9.2702,0.3714855897156414
113,2020-06-24,593.73,609.36,619.78,590.29,160603,24.8933,9.2475,0.37148550011448866
114,2020-06-29,611.47,634.09,636.42,609.58,153891,24.3256,9.0366,0.371485184332555
115,2020-06-30,641.18,634.42,646.39,626.21,107020,23.8495,8.8598,0.3714878718631418
116,2020-07-01,634.31,650.61,661.14,631.54,118499,24.1608,8.9754,0.3714860435084931
117,2020-07-02,649.61,644.62,667.13,637.86,148273,24.3501,7.3736,0.302816004862403
118,2020-07-03,644.84,635.2,647.84,625.44,147389,23.8739,7.2294,0.3028160459748931
119,2020-07-06,633.42,644.84,649.28,630.32,156148,24.0509,7.283,0.3028161108316113
120,2020-07-07,644.95,647.61,661.14,639.41,151318,24.3562,7.3755,0.30281817360672025
121,2020-07-08,647.61,646.95,652.72,638.97,161637,23.8251,7.2146,0.30281509836265114
122,2020-07-09,646.62,655.6,656.6,641.18,153390,23.9899,7.2646,0.3028191030391957
123,2020-07-10,653.93,668.46,673.34,650.39,144483,24.2951,7.357,0.30281826376512133
124,2020-07-13,672.12,673.34,682.21,657.04,200204,24.1486,7.3126,0.30281672643548696
125,2020-07-14,669.9,666.69,677.89,655.6,148085,24.5393,7.4309,0.3028162987534282
126,2020-07-15,667.91,706.27,715.81,666.69,222211,24.5088,7.4217,0.3028177634155895
127,2020-07-16,706.27,685.54,707.16,679.99,191601,25.5648,7.7415,0.3028187194892978
128,2020-07-17,682.21,727.89,739.09,677.77,203196,24.9361,7.5511,0.30281800281519566
129,2020-07-20,733.21,742.53,758.72,728.0,221758,23.9166,7.2424,0.30281896256156815
130,2020-07-21,741.97,742.2,742.53,722.35,116817,24.3684,7.3792,0.3028184041627682
131,2020-07-22,737.98,746.52,752.95,728.56,103237,24.7835,7.5049,0.30281840740815463
132,2020-07-23,733.33,725.01,745.3,706.49,210201,24.7163,7.4845,0.30281636005389156
133,2020-07-24,718.47,692.19,729.56,682.76,197405,24.6919,7.4771,0.30281590319092494
134,2020-07-27,692.3,701.06,716.58,692.3,179426,25.5587,7.7396,0.30281665342916503
135,2020-07-28,707.49,725.67,733.1,707.27,138115,25.9921,7.8709,0.30281893344516214
136,2020-07-29,728.34,727.23,732.99,704.94,117528,26.6636,8.0742,0.3028173239922591
137,2020-07-30,727.67,729.22,742.86,723.24,116922,25.8395,7.8246,0.30281545695543644
138,2020-07-31,724.12,729.11,735.43,717.69,102754,25.3817,7.686,0.3028165962090798
139,2020-08-03,730.66,723.35,738.09,718.36,137814,26.1447,7.9171,0.3028185444851155
140,2020-08-04,722.46,727.12,733.21,718.13,101816,25.754,7.7988,0.3028189795759882
141,2020-08-05,722.13,731.0,735.1,714.36,106954,25.3267,7.6694,0.30281876438699085
142,2020-08-06,729.89,719.13,737.43,714.7,111400,24.6675,7.4697,0.30281544542414107
143,2020-08-07,719.24,712.92,736.1,706.05,147078,25.1375,7.6121,0.30281849825957236
144,2020-08-10,715.7,742.2,743.08,713.81,184205,26.8711,8.862,0.3297966960786868
145,2020-08-11,739.98,758.16,770.58,728.89,200954,26.4194,8.7131,0.32979931414036656
146,2020-08-12,766.48,700.84,767.03,695.74,342962,25.5648,8.4312,0.3297972211791213
147,2020-08-13,710.04,689.86,714.03,684.09,180513,25.3695,8.3668,0.32979759159620803
148,2020-08-14,691.19,698.84,702.39,686.98,108711,25.7601,8.4956,0.3297968563786631
149,2020-08-17,699.73,702.17,711.04,695.96,151149,24.7651,8.1675,0.32979878942544144
150,2020-08-18,699.95,725.9,728.67,693.08,159855,24.5698,8.1031,0.3297991843645451
151,2020-08-19,723.01,766.04,772.36,712.48,264623,24.3562,8.0326,0.3297969305556696
152,2020-08-20,759.6,758.72,775.13,748.18,135702,24.5515,8.097,0.3297965501089546
153,2020-08-21,762.38,780.89,791.43,755.5,147666,24.4782,8.0729,0.3297995767662655
154,2020-08-24,781.56,773.46,782.89,752.29,178440,24.6614,8.1333,0.32979879487782526
155,2020-08-25,763.71,766.59,778.56,757.94,106966,24.4294,8.0568,0.3297993401393403
156,2020-08-26,766.59,768.47,782.78,759.94,94599,24.4721,8.0709,0.3298000580252614
157,2020-08-27,777.57,782.22,798.19,770.69,121144,25.1802,8.3044,0.32979881017624957
158,2020-08-28,774.35,845.98,848.09,772.58,223104,24.9666,8.2339,0.32979660826864693
159,2020-08-31,841.88,827.46,851.3,814.82,175219,25.0215,8.2521,0.3298003716803549
160,2020-09-01,822.47,814.6,822.81,795.86,135935,24.3378,8.0266,0.3297997353910378
161,2020-09-02,814.71,808.84,825.58,798.08,108449,24.0509,7.932,0.32980054800444064
162,2020-09-03,808.84,786.99,821.48,772.02,185898,23.7518,7.8333,0.32979816266556644
163,2020-09-04,771.36,779.12,782.0,764.82,107567,23.9899,7.9118,0.3297971229559106
164,2020-09-07,772.02,745.74,783.11,741.09,183871,23.1841,7.6461,0.32979930210791014
165,2020-09-08,745.74,748.52,753.95,728.34,115074,22.8911,7.5495,0.32980066488722687
166,2020-09-09,744.3,725.45,745.41,720.46,104533,21.4932,7.0884,0.3297973312489531
167,2020-09-10,732.11,721.68,735.43,717.8,98317,21.9633,7.2434,0.32979561359176446
168,2020-09-11,722.02,712.15,724.23,700.06,156236,24.7806,8.0176,0.3235434170278363
169,2020-09-14,716.58,694.74,717.69,683.87,156665,23.3015,7.539,0.3235414029139755
170,2020-09-15,701.72,702.06,715.47,694.96,224790,23.5041,7.6045,0.32353929739917714
171,2020-09-16,700.95,707.93,719.91,698.4,146267,22.9638,7.4297,0.3235396580705284
172,2020-09-17,708.49,690.97,708.49,685.31,154769,23.315,7.5434,0.32354278361569805
173,2020-09-18,691.19,705.49,706.83,686.87,114071,23.2204,7.5128,0.3235430914196138
174,2020-09-21,705.49,690.86,706.6,687.75,102627,23.369,7.5608,0.3235397321237537
175,2020-09-22,688.86,688.64,703.83,684.65,129324,23.646,7.6504,0.3235388649243001
176,2020-09-23,689.42,696.62,700.5,687.75,91976,24.0985,7.7968,0.32353880946946906
177,2020-09-24,697.73,689.97,703.94,683.32,108459,24.7536,8.0088,0.32354081830521625
178,2020-09-25,687.86,692.52,697.73,686.98,67459,24.9157,8.0613,0.3235429869520021
179,2020-09-28,694.41,688.2,696.4,683.54,80185,24.5105,7.9301,0.32353889149548154
180,2020-09-29,688.75,696.18,702.17,685.54,102747,25.044,8.1028,0.3235425650854496
181,2020-09-30,697.62,710.26,725.79,695.74,135763,25.321,8.1924,0.3235417242604952
182,2020-10-09,717.14,733.21,737.65,714.14,108476,24.3821,7.8886,0.32354063021642926
183,2020-10-12,733.21,738.2,742.97,730.78,106038,23.0381,7.4538,0.32354230600613765
184,2020-10-13,738.76,732.11,742.09,722.24,90174,22.9841,7.4363,0.3235410566435057
185,2020-10-14,731.0,724.23,735.21,721.02,82554,22.9638,7.4297,0.3235396580705284
186,2020-10-15,724.34,717.14,727.45,712.81,84450,23.4028,7.5718,0.32354248209615943
187,2020-10-16,718.02,716.58,733.1,716.58,99123,23.315,7.5434,0.32354278361569805
188,2020-10-19,716.25,680.32,716.58,673.12,278743,23.7202,7.6745,0.3235428031804117
189,2020-10-20,680.1,687.53,688.86,671.12,124331,23.4974,7.6024,0.3235421791347128
190,2020-10-21,691.08,684.09,695.85,681.66,92662,23.7,7.6679,0.32354008438818566
191,2020-10-22,683.21,676.78,683.32,668.9,104477,23.9769,7.7575,0.32354057446959367
192,2020-10-23,676.22,650.05,678.88,644.51,186297,24.2471,7.8449,0.32353972227606603
193,2020-10-26,650.05,662.25,666.02,616.12,116106,22.6734,7.3358,0.32354212425132534
194,2020-10-27,660.59,673.89,677.33,658.48,82855,23.0043,7.4428,0.323539512178158
195,2020-10-28,689.31,675.45,702.17,670.01,229604,22.4843,7.2746,0.3235413154957014
196,2020-10-29,663.36,683.98,689.08,661.7,170479,21.8696,7.0757,0.3235404396971138
197,2020-10-30,684.09,677.77,687.53,672.45,125055,21.9507,7.1019,0.3235386570815509
198,2020-11-02,671.12,667.24,677.77,652.05,134375,21.9102,7.0888,0.32353880840886895
199,2020-11-03,668.79,663.69,668.9,647.84,131094,22.3087,7.2178,0.3235419365539005
200,2020-11-04,662.25,676.78,677.77,655.71,99384,22.1398,7.1631,0.3235395080353029
201,2020-11-05,677.77,678.33,685.43,675.56,121733,20.8025,6.7305,0.32354284340824424
202,2020-11-06,682.87,669.35,682.87,664.47,92207,19.58,6.3349,0.3235393258426967
203,2020-11-09,669.46,677.77,680.44,669.46,84800,19.7894,6.4027,0.32354189616663465
204,2020-11-10,678.0,665.69,679.77,664.47,98467,19.4787,6.3022,0.3235431522637548
205,2020-11-11,665.8,664.58,679.77,663.47,120283,19.7624,6.3939,0.3235386390316966
206,2020-11-12,665.47,667.57,669.9,662.69,64883,20.6336,6.6758,0.3235402450372208
207,2020-11-13,667.57,657.59,667.57,655.71,66002,20.5661,6.654,0.32354213973480633
208,2020-11-16,657.59,671.12,673.23,655.93,107620,20.4715,6.6234,0.3235424858950248
209,2020-11-17,671.34,687.64,694.41,669.9,153716,20.6336,6.6758,0.3235402450372208
210,2020-11-18,688.86,699.4,699.95,683.1,137026,20.7755,6.7217,0.32353974633582827
211,2020-11-19,698.84,697.4,702.39,688.97,95581,21.3901,6.9206,0.32354219942870766
212,2020-11-20,697.4,692.41,698.73,683.32,85301,21.0727,6.8179,0.32354183374698064
213,2020-11-23,692.52,675.45,693.85,671.12,164205,21.0727,6.8179,0.32354183374698064
214,2020-11-24,674.0,678.77,680.99,666.69,80566,21.2348,6.8703,0.32353966131067874
215,2020-11-25,680.44,663.69,680.99,657.26,151247,21.2145,6.8638,0.3235428598364326
216,2020-11-26,661.59,659.26,664.25,651.94,79467,20.4243,6.6081,0.32354107607115057
217,2020-11-27,662.69,657.04,665.8,651.83,98666,20.6539,6.6824,0.32354180082212075
218,2020-11-30,651.94,641.85,654.93,638.19,168549,19.9245,6.4464,0.32354136866671684
219,2020-12-01,641.74,647.5,653.38,640.52,153523,20.1946,6.5338,0.323541936953443
