,日期,开盘,收盘,最高,最低,成交量,pe,pb,roe
0,2020-01-03,2176.73,2160.31,2184.08,2145.61,204692,57.5455,12.4715,0.21672415740587886
1,2020-01-06,2151.71,2139.2,2155.62,2128.56,259370,56.6555,12.2786,0.21672388382416535
2,2020-01-07,2143.89,2141.86,2168.44,2136.07,223278,58.5068,12.6798,0.21672352615422483
3,2020-01-08,2135.91,2134.35,2147.95,2121.21,161802,58.1232,12.5967,0.2167241308117929
4,2020-01-09,2136.07,2163.75,2170.47,2124.34,255491,58.6563,12.7122,0.21672352330440206
5,2020-01-10,2159.53,2208.32,2215.04,2159.53,429695,60.6236,13.1386,0.21672418002230154
6,2020-01-13,2218.33,2302.77,2308.09,2218.17,496042,60.7998,13.1768,0.21672439711972738
7,2020-01-14,2309.66,2285.57,2318.73,2279.94,199073,59.8831,12.9781,0.2167239170984802
8,2020-01-15,2285.57,2320.6,2352.03,2285.42,234789,59.0422,12.7958,0.2167229540904641
9,2020-01-16,2320.6,2318.41,2339.37,2297.14,145360,58.8236,12.7485,0.21672423993091208
10,2020-01-17,2327.8,2285.42,2336.24,2281.51,148478,60.0236,13.0085,0.21672308891835876
11,2020-01-20,2316.69,2269.93,2318.41,2258.05,167538,60.8935,13.1971,0.21672428091668242
12,2020-01-21,2253.36,2192.68,2253.36,2183.14,293073,59.1091,12.8103,0.21672297497339665
13,2020-01-22,2167.19,2178.29,2193.46,2147.95,257531,59.7002,12.9384,0.21672289205061288
14,2020-01-23,2179.39,2091.66,2179.39,2073.52,415937,59.979,12.9989,0.2167241867987129
15,2020-02-03,1894.3,1894.3,1894.3,1894.3,167639,60.8489,13.1874,0.21672372056027306
16,2020-02-04,1823.3,1909.31,1995.32,1823.3,710214,60.2244,13.052,0.21672279009836543
17,2020-02-05,1931.21,1956.39,1992.2,1903.06,388783,57.8377,12.5348,0.21672369406114006
18,2020-02-06,1979.69,1982.03,1994.39,1942.15,306551,57.8622,12.5401,0.21672352589427987
19,2020-02-07,1983.6,2004.4,2009.87,1957.95,280117,56.4325,12.2302,0.21672263323439508
20,2020-02-10,1987.51,2013.0,2031.76,1973.12,221877,55.8525,12.1046,0.21672440803903137
21,2020-02-11,2013.31,2070.23,2081.34,2013.31,245774,54.8042,11.8774,0.21672426565847142
22,2020-02-12,2065.7,2065.54,2077.43,2038.64,175114,54.503,11.8121,0.21672385006329925
23,2020-02-13,2071.64,2060.07,2099.48,2048.03,178629,55.7633,12.6673,0.22716195060191915
24,2020-02-14,2061.01,2048.96,2087.28,2033.64,169720,53.5283,12.1596,0.227162080619037
25,2020-02-17,2045.05,2062.57,2062.57,2035.67,238169,52.0829,11.8313,0.22716284999491196
26,2020-02-18,2054.75,2048.34,2062.57,2042.4,128728,51.8844,11.7862,0.22716269244705536
27,2020-02-19,2054.44,2089.15,2107.61,2037.24,316628,52.7811,11.9899,0.22716275333405328
28,2020-02-20,2104.79,2154.05,2160.78,2103.07,334662,53.9209,12.2488,0.22716238044988118
29,2020-02-21,2151.71,2151.71,2170.47,2136.38,207438,53.9276,12.2503,0.22716197271897878
30,2020-02-24,2142.33,2106.36,2142.33,2100.1,235601,53.7514,12.2103,0.22716245530348977
31,2020-02-25,2070.39,2078.21,2104.79,2055.69,240633,52.6807,11.9671,0.2271628888758122
32,2020-02-26,2055.22,2059.44,2095.72,2042.24,214179,52.8368,12.0026,0.2271636435211822
33,2020-02-27,2070.39,2093.85,2116.52,2065.7,235732,53.2896,12.1054,0.22716252326908062
34,2020-02-28,2057.88,2004.71,2058.35,1979.69,366012,53.3989,12.1303,0.22716385543522433
35,2020-03-02,1996.89,2036.77,2051.62,1989.07,269822,54.0391,12.2757,0.22716329472548583
36,2020-03-03,2053.19,2063.66,2087.28,2053.19,230923,53.9231,12.2493,0.22716238495190375
37,2020-03-04,2057.88,2077.74,2088.06,2057.88,197575,50.7602,11.5308,0.22716222552314608
38,2020-03-05,2097.76,2201.75,2228.02,2089.15,565620,49.2948,11.1979,0.22716189131510828
39,2020-03-06,2182.98,2152.8,2228.02,2151.71,291658,49.0115,11.1336,0.22716301276231088
40,2020-03-09,2120.43,2093.85,2124.34,2089.78,244542,49.1007,11.1539,0.2271637675226626
41,2020-03-10,2093.85,2162.97,2177.2,2092.28,310772,48.4471,11.0054,0.22716323577675443
42,2020-03-11,2190.8,2150.14,2195.5,2143.89,187635,48.2464,10.9598,0.2271630629435564
43,2020-03-12,2102.92,2089.78,2122.15,2086.97,252660,48.92,11.1128,0.22716271463614063
44,2020-03-13,1995.32,2035.98,2076.96,1977.81,350887,49.7186,11.2942,0.2271624703833173
45,2020-03-16,2017.22,1924.95,2032.86,1907.91,370242,50.1647,11.3955,0.227161729263805
46,2020-03-17,1909.31,1875.85,1957.48,1816.74,352980,51.0703,11.6013,0.2271633415116026
47,2020-03-18,1888.98,1801.25,1932.3,1787.18,404423,49.6628,11.2815,0.2271619803957892
48,2020-03-19,1773.26,1715.56,1792.03,1661.13,601698,50.4145,11.4523,0.2271628202203731
49,2020-03-20,1750.12,1815.64,1833.62,1748.4,422064,51.3758,11.6707,0.2271633726384796
50,2020-03-23,1745.11,1753.09,1784.21,1730.1,328265,51.3201,11.658,0.227162456815166
51,2020-03-24,1793.28,1824.09,1837.22,1777.01,356363,50.8294,11.5465,0.22716183940790172
52,2020-03-25,1887.42,1901.5,1916.51,1867.72,309473,49.7855,11.3094,0.2271625272418676
53,2020-03-26,1885.54,1899.77,1937.46,1868.65,208801,48.4025,10.9953,0.2271638861629048
54,2020-03-27,1926.52,1929.8,1960.92,1926.52,235435,49.5022,11.2451,0.22716364121190574
55,2020-03-30,1883.04,1889.45,1901.81,1865.53,205806,50.6085,11.4964,0.2271634211644289
56,2020-03-31,1917.13,1920.26,1942.0,1902.43,188496,51.3513,11.6651,0.22716270084691137
57,2020-04-01,1932.77,1917.13,1948.25,1908.38,175969,53.2294,12.0917,0.22716205705869313
58,2020-04-02,1901.5,1951.38,1951.38,1893.99,191537,52.4175,11.9073,0.22716268421805694
59,2020-04-03,1959.36,1956.54,1987.04,1945.28,175806,52.6941,11.9701,0.2271620541958208
60,2020-04-07,2004.71,2060.07,2066.95,2004.71,294512,53.5328,12.1607,0.2271635333851396
61,2020-04-08,2060.07,2077.9,2089.0,2048.96,201134,53.6443,12.186,0.22716299774626567
62,2020-04-09,2099.32,2073.2,2114.18,2042.4,158796,53.1045,12.5809,0.2369083599318325
63,2020-04-10,2073.2,2097.29,2132.94,2061.01,198961,52.7855,12.5053,0.23690786295478872
64,2020-04-13,2075.86,2073.52,2105.11,2061.01,146060,52.5513,12.4498,0.23690755509378456
65,2020-04-14,2098.69,2127.47,2134.19,2076.64,194619,50.187,11.8897,0.23690796421384025
66,2020-04-15,2127.78,2119.02,2156.09,2108.08,162967,48.7148,11.5409,0.23690746959856146
67,2020-04-16,2104.95,2090.72,2117.3,2081.65,188254,48.2776,11.4373,0.23690697134903144
68,2020-04-17,2107.45,2133.25,2147.02,2100.73,234711,49.5624,11.7417,0.23690741368456736
69,2020-04-20,2150.46,2140.92,2159.21,2134.19,132188,49.1988,11.6556,0.23690821727359204
70,2020-04-21,2121.68,2096.5,2135.29,2074.77,205524,49.0695,11.6249,0.23690683622209316
71,2020-04-22,2097.6,2156.4,2167.19,2080.08,265985,47.488,11.2503,0.2369082715633423
72,2020-04-23,2170.47,2168.75,2218.95,2164.22,213319,46.1497,10.9332,0.23690728217084833
73,2020-04-24,2171.1,2173.6,2203.16,2141.86,167733,46.0538,10.9105,0.23690770359883442
74,2020-04-27,2190.96,2193.93,2208.32,2157.65,159342,46.6181,11.0442,0.2369079820927923
75,2020-04-28,2245.54,2292.45,2327.17,2222.24,420773,45.9356,10.8825,0.2369077578174662
76,2020-04-29,2292.45,2237.72,2310.44,2214.26,291832,46.23,10.9522,0.23690677049534933
77,2020-04-30,2237.72,2241.94,2295.58,2214.57,228641,47.0687,11.1509,0.2369069041634887
78,2020-05-06,2222.08,2280.1,2293.23,2213.95,251045,48.5096,11.4923,0.23690774609561818
79,2020-05-07,2282.76,2337.96,2339.37,2266.96,277962,48.1349,11.4035,0.23690710897913986
80,2020-05-08,2349.53,2353.44,2394.1,2322.63,243267,48.5631,11.505,0.23690826985921412
81,2020-05-11,2358.45,2337.02,2387.85,2323.73,236820,48.5141,11.4934,0.23690844517367116
82,2020-05-12,2323.73,2353.44,2367.36,2322.01,151845,48.2509,11.431,0.23690749809848105
83,2020-05-13,2353.44,2401.92,2405.21,2344.06,196350,47.952,11.3602,0.23690774107440776
84,2020-05-14,2400.36,2406.61,2417.56,2376.9,153613,47.7334,11.3084,0.23690749035266712
85,2020-05-15,2425.38,2389.72,2433.04,2371.9,160644,45.5252,10.7853,0.2369083496612865
86,2020-05-18,2386.28,2483.08,2502.94,2380.03,248810,44.9207,10.6421,0.2369085967048599
87,2020-05-19,2516.55,2486.68,2519.05,2470.26,176506,46.8568,11.1007,0.23690691639207115
88,2020-05-20,2503.57,2477.77,2511.08,2472.45,170412,46.5958,11.0389,0.23690761828319293
89,2020-05-21,2493.56,2490.75,2519.68,2480.58,170922,45.8553,10.8635,0.23690827450698174
90,2020-05-22,2476.36,2374.55,2476.67,2365.17,383526,44.9854,10.6574,0.23690797458731058
91,2020-05-25,2370.8,2418.03,2423.81,2325.29,243560,45.8129,10.8534,0.23690707202556488
92,2020-05-26,2418.03,2430.23,2450.71,2404.27,165119,44.9586,10.651,0.23690684318461874
93,2020-05-27,2430.38,2404.42,2439.45,2396.92,145963,49.9528,11.8342,0.23690764081292737
94,2020-05-28,2404.27,2404.42,2433.51,2378.46,148184,49.2724,11.673,0.23690747761424247
95,2020-05-29,2386.28,2436.33,2442.42,2383.62,163217,48.6702,11.5303,0.236906772521995
96,2020-06-01,2465.41,2598.81,2623.67,2465.41,357844,46.172,10.9385,0.23690764965780126
97,2020-06-02,2595.68,2601.62,2677.94,2589.89,291586,45.4404,10.7652,0.2369081258087517
98,2020-06-03,2634.31,2593.33,2648.38,2568.94,252759,45.3601,10.7462,0.23690864879045678
99,2020-06-04,2590.05,2602.87,2620.54,2573.94,136318,45.0322,10.6685,0.23690825675849722
100,2020-06-05,2606.94,2622.26,2631.49,2583.33,159859,43.0091,10.1892,0.2369080031900226
101,2020-06-08,2613.04,2630.4,2698.27,2609.91,222551,42.0946,9.9725,0.23690687166524924
102,2020-06-09,2629.93,2661.67,2667.77,2605.38,161119,42.2663,10.0132,0.23690741796655962
103,2020-06-10,2662.3,2660.58,2679.97,2637.75,149481,40.5912,9.6164,0.2369084924811289
104,2020-06-11,2649.01,2621.95,2663.71,2588.8,199461,38.1689,9.0425,0.23690753466827705
105,2020-06-12,2573.94,2644.31,2650.26,2559.87,176476,37.3614,8.8512,0.23690761052851336
106,2020-06-15,2605.22,2573.94,2634.62,2566.12,266220,37.609,8.9099,0.23690871865776808
107,2020-06-16,2575.51,2584.58,2609.29,2564.56,259847,37.4685,8.8766,0.23690833633585545
108,2020-06-17,2578.01,2556.43,2581.76,2525.46,232423,36.3577,8.6134,0.23690717509633447
109,2020-06-18,2567.69,2595.21,2598.65,2557.68,199490,36.9309,7.838,0.21223419954563794
110,2020-06-19,2597.4,2707.96,2722.51,2596.31,387028,35.3227,7.4967,0.21223462532592358
111,2020-06-22,2717.82,2702.18,2717.82,2670.9,216312,34.7695,7.3793,0.21223486101324435
112,2020-06-23,2702.18,2780.06,2786.62,2687.79,265325,35.171,7.4645,0.21223451138722244
113,2020-06-24,2786.78,2789.91,2831.97,2764.73,187986,35.0193,7.4323,0.21223439646137984
114,2020-06-29,2758.63,2772.55,2788.19,2745.96,199936,36.0231,7.6453,0.21223326143502363
115,2020-06-30,2788.81,2829.16,2837.76,2788.19,189898,35.7041,7.5776,0.21223332894541527
116,2020-07-01,2829.16,2998.99,3047.78,2829.16,271818,36.2551,7.6946,0.2122349683216982
117,2020-07-02,2968.03,3116.44,3161.0,2966.15,348870,36.2707,7.6979,0.21223466875466976
118,2020-07-03,3124.25,3104.39,3132.23,3007.12,308159,35.8246,7.6032,0.21223405146184468
119,2020-07-06,3104.24,3168.51,3218.24,3054.98,328431,35.7086,7.5786,0.21223458774636925
120,2020-07-07,3167.89,3310.35,3380.57,3129.42,384111,35.432,7.5199,0.21223470309324902
121,2020-07-08,3304.25,3333.34,3371.5,3265.16,292323,35.2959,7.491,0.21223428216875045
122,2020-07-09,3333.81,3338.97,3364.62,3304.25,295243,35.4142,7.5161,0.2122340755967945
123,2020-07-10,3327.71,3390.26,3465.33,3293.31,335476,35.374,7.5076,0.21223497484027815
124,2020-07-13,3390.26,3565.41,3671.75,3390.26,488807,33.0565,7.0157,0.21223360004840197
125,2020-07-14,3566.98,3607.64,3676.91,3468.92,438733,32.6015,6.9192,0.21223563332975476
126,2020-07-15,3577.92,3655.33,3687.39,3556.03,371700,32.6015,6.9192,0.21223563332975476
127,2020-07-16,3609.2,3305.19,3609.98,3305.19,705737,32.9695,6.9973,0.21223555103959724
128,2020-07-17,3202.6,3365.08,3432.49,3202.6,529767,32.7955,6.9603,0.21223338567791314
129,2020-07-20,3366.81,3307.07,3413.72,3140.21,442907,32.1754,6.8287,0.21223356974583066
130,2020-07-21,3296.43,3368.06,3419.98,3262.03,317859,33.8327,7.1805,0.21223549997487637
131,2020-07-22,3347.26,3419.98,3482.06,3323.8,280663,33.6476,7.1412,0.21223504796776
132,2020-07-23,3394.95,3438.27,3466.89,3368.37,265413,33.7747,7.1682,0.2122357859581284
133,2020-07-24,3405.9,3302.53,3420.76,3249.52,405386,33.7234,7.1573,0.21223542110226135
134,2020-07-27,3333.81,3344.91,3387.13,3302.84,246347,32.3918,6.8747,0.21223581276742876
135,2020-07-28,3372.9,3499.73,3545.71,3353.83,384497,32.6327,6.9258,0.2122349667664643
136,2020-07-29,3505.2,3515.06,3522.88,3421.7,301364,32.5658,6.9116,0.2122349212978032
137,2020-07-30,3499.73,3536.01,3563.07,3484.09,253226,31.8743,6.7648,0.21223368042592308
138,2020-07-31,3538.98,3554.46,3609.36,3504.11,262318,31.6401,6.7151,0.21223384249733723
139,2020-08-03,3565.1,3557.91,3592.47,3518.5,201454,31.8743,6.7648,0.21223368042592308
140,2020-08-04,3554.46,3527.88,3590.43,3499.73,206769,31.6535,6.718,0.21223561375519295
141,2020-08-05,3524.75,3554.15,3558.53,3484.09,186712,30.8282,6.5428,0.21223425305402197
142,2020-08-06,3554.15,3453.13,3570.73,3431.86,323044,30.2839,6.4273,0.21223488388219483
143,2020-08-07,3437.18,3394.33,3484.09,3330.52,287236,30.2237,6.4145,0.21223410767047052
144,2020-08-10,3394.33,3373.69,3419.66,3326.77,191521,31.0044,6.5802,0.21223439253783333
145,2020-08-11,3390.26,3421.54,3489.57,3390.26,250091,38.4847,7.4186,0.19276751540222478
146,2020-08-12,3404.65,3381.97,3435.3,3328.33,180250,38.1077,7.3459,0.1927668161552652
147,2020-08-13,3405.9,3388.7,3437.18,3366.81,123210,38.0178,7.3286,0.19276759833551652
148,2020-08-14,3379.32,3482.53,3488.78,3378.06,244315,37.7887,7.2844,0.1927666207093655
149,2020-08-17,3507.55,3593.4,3624.84,3507.55,315156,36.678,7.0703,0.1927667811767272
150,2020-08-18,3593.4,3602.47,3640.48,3564.16,190382,37.5016,7.2291,0.19276777524158967
151,2020-08-19,3600.91,3627.96,3686.76,3550.87,238473,37.3595,7.2017,0.19276756915911616
152,2020-08-20,3593.56,3537.89,3607.95,3531.01,184907,36.5707,7.0496,0.19276634026693498
153,2020-08-21,3593.56,3568.54,3608.89,3537.89,157319,37.0956,7.1508,0.19276679714036168
154,2020-08-24,3593.25,3671.75,3692.08,3580.89,231522,37.2522,7.181,0.1927671385851037
155,2020-08-25,3687.39,3837.52,3855.5,3687.23,285479,36.2516,6.9881,0.19276666409206764
156,2020-08-26,3834.39,3853.94,3904.29,3784.35,262100,36.6925,7.0731,0.19276691421952713
157,2020-08-27,3890.38,3876.3,3890.38,3767.77,213489,36.2458,6.987,0.19276716198842347
158,2020-08-28,3843.46,3914.15,3982.33,3799.99,327242,36.3329,7.0038,0.19276743667585025
159,2020-08-31,3937.6,3906.33,4011.1,3906.33,315715,36.0022,6.9401,0.192768775241513
160,2020-09-01,3866.92,3847.53,3903.2,3798.42,300870,34.0823,6.57,0.19276868051745336
161,2020-09-02,3831.26,3828.14,3902.89,3809.37,196331,33.9866,6.5515,0.19276714940594233
162,2020-09-03,3834.39,3885.06,3953.24,3831.11,275696,33.3515,6.4291,0.1927679414718978
163,2020-09-04,3812.5,3753.38,3812.5,3691.61,370921,33.4095,6.4403,0.1927685239228363
164,2020-09-07,3739.78,3701.31,3803.9,3673.32,236227,32.8382,6.3301,0.19276635138344975
165,2020-09-08,3705.22,3623.74,3739.78,3556.03,357085,33.5864,6.4744,0.19276850153633615
166,2020-09-09,3574.95,3546.65,3603.88,3531.01,227061,33.0296,6.367,0.19276648824085063
167,2020-09-10,3593.56,3643.6,3683.64,3592.94,231541,33.0615,6.3732,0.19276802322943604
168,2020-09-11,3616.24,3716.79,3716.79,3596.38,204701,31.6259,6.0965,0.19276921763491314
169,2020-09-14,3735.56,3751.19,3772.46,3658.93,207492,30.3093,5.8426,0.1927659167318282
170,2020-09-15,3749.94,3755.1,3771.84,3718.67,120365,31.4693,6.0663,0.1927688254902397
171,2020-09-16,3761.52,3687.7,3784.19,3671.75,184537,29.6132,5.7085,0.19276876528034795
172,2020-09-17,3625.78,3635.0,3687.39,3576.36,228016,31.2025,6.0148,0.19276660523996475
173,2020-09-18,3635.0,3742.44,3742.44,3606.38,190157,32.5859,6.2815,0.19276742394716734
174,2020-09-21,3718.67,3670.19,3742.91,3663.46,130285,33.4965,6.457,0.1927664084307316
175,2020-09-22,3632.03,3638.91,3699.43,3624.84,120914,35.5556,6.854,0.1927685090393637
176,2020-09-23,3540.39,3582.93,3616.86,3475.65,251795,36.5533,7.0463,0.1927678212363863
177,2020-09-24,3563.54,3535.7,3614.99,3529.13,163652,37.6727,7.2621,0.19276823800789433
178,2020-09-25,3546.8,3549.77,3584.8,3536.79,112517,37.9105,7.3079,0.1927671753208214
179,2020-09-28,3567.6,3595.59,3638.13,3562.28,152644,36.6287,7.0608,0.19276687406323456
180,2020-09-29,3624.84,3589.34,3637.35,3574.33,99721,37.722,7.2716,0.1927681459095488
181,2020-09-30,3609.2,3609.2,3671.75,3595.12,162342,38.6298,7.4466,0.19276827734029167
182,2020-10-09,3671.75,3711.94,3742.91,3645.01,208934,36.33,7.0032,0.192766308835673
183,2020-10-12,3734.31,3933.69,3937.76,3734.31,324557,36.0689,6.9529,0.19276717615452646
184,2020-10-13,3933.69,3941.83,3978.26,3888.19,171911,35.5701,6.8568,0.1927686455759191
185,2020-10-14,3934.32,3896.94,3974.04,3877.87,183194,34.9756,6.7422,0.19276867301776096
186,2020-10-15,3898.66,3889.28,3914.15,3880.37,111761,36.6287,7.0608,0.19276687406323456
187,2020-10-16,3889.12,3857.54,3919.15,3831.89,118358,35.9906,6.9378,0.19276700027229332
188,2020-10-19,3906.33,3846.59,3931.35,3821.88,122901,36.3387,7.0049,0.19276693992905633
189,2020-10-20,3843.77,3921.65,3921.97,3828.14,179963,36.8607,7.1055,0.19276627953348688
190,2020-10-21,3921.65,3934.01,3964.19,3901.48,137077,37.7017,7.2677,0.19276849585031972
191,2020-10-22,3937.6,3933.54,3953.09,3854.41,150416,37.7452,7.276,0.19276623252757968
192,2020-10-23,3918.68,3853.63,3941.36,3848.47,134523,36.5417,7.044,0.192766072733343
193,2020-10-26,3749.94,3790.76,3821.72,3640.48,160000,35.7847,6.8981,0.19276674109326053
194,2020-10-27,3797.02,3804.68,3833.61,3760.89,143027,36.0486,6.949,0.19276754159662232
195,2020-10-28,3828.14,3906.01,3937.6,3803.43,170762,35.7963,6.9004,0.19276852635607591
196,2020-10-29,3887.56,4062.71,4121.67,3882.71,349627,36.0022,6.9401,0.192768775241513
197,2020-10-30,4015.01,3974.35,4062.71,3957.46,239490,36.1037,6.9596,0.19276694632406094
198,2020-11-02,4016.89,3995.47,4079.13,3976.7,157337,36.1907,6.9764,0.1927677552520399
199,2020-11-03,4033.0,4068.97,4068.97,3992.34,165351,35.1293,6.7718,0.1927678604469773
200,2020-11-04,4066.62,4109.63,4109.63,4036.12,129928,34.9698,6.741,0.19276632980457423
201,2020-11-05,4156.38,4209.87,4216.75,4126.05,189690,34.5551,6.6611,0.19276749307627528
202,2020-11-06,4219.88,4208.15,4237.86,4141.68,151165,34.0794,6.5694,0.1927674783006743
203,2020-11-09,4234.73,4375.48,4375.48,4228.48,206284,33.2065,6.4011,0.1927664764428651
204,2020-11-10,4387.05,4419.26,4510.75,4332.47,223081,32.9281,6.3475,0.19276848649026213
205,2020-11-11,4386.42,4358.27,4516.22,4349.67,227873,36.5881,7.053,0.19276759383515407
206,2020-11-12,4358.27,4338.73,4398.78,4297.28,176232,38.1947,7.3627,0.19276758293689963
207,2020-11-13,4297.28,4297.28,4334.35,4187.82,188431,38.4615,7.4141,0.19276679276679276
208,2020-11-16,4344.2,4422.39,4424.74,4273.98,195778,39.8942,7.6903,0.19276736969283756
209,2020-11-17,4422.23,4361.4,4446.63,4312.92,179477,40.1813,7.7457,0.19276877552493324
210,2020-11-18,4344.04,4277.27,4367.97,4203.45,194563,40.7933,7.8636,0.19276694947454606
211,2020-11-19,4255.69,4292.59,4317.61,4219.09,124482,40.8339,7.8714,0.19276630446761148
212,2020-11-20,4321.37,4351.55,4383.3,4294.16,111226,40.1842,7.7462,0.19276730655332197
213,2020-11-23,4398.93,4415.82,4496.99,4398.93,156342,40.5032,7.8077,0.1927674850382192
214,2020-11-24,4415.82,4403.47,4416.14,4328.56,125035,38.7516,7.47,0.1927662341683956
215,2020-11-25,4403.63,4265.54,4412.85,4263.04,165594,37.925,7.3107,0.19276730388925511
216,2020-11-26,4253.03,4228.16,4300.1,4104.93,199052,37.3798,7.2056,0.19276721651801237
217,2020-11-27,4228.16,4255.06,4255.22,4189.38,112593,37.519,7.2324,0.19276633172525923
218,2020-11-30,4229.26,4125.26,4250.21,4119.79,211741,37.4697,7.2229,0.1927664219355906
219,2020-12-01,4140.9,4187.66,4201.58,4140.9,136481,37.8612,7.2984,0.19276726569680835
