,日期,开盘,收盘,最高,最低,成交量,pe,pb,roe
0,2020-01-03,276.71,274.55,277.02,273.52,139100,17.8332,3.5251,0.19767063678980776
1,2020-01-06,273.42,273.01,274.45,270.03,147551,17.205,3.4009,0.19766928218541124
2,2020-01-07,274.24,275.48,278.15,273.42,146720,17.6093,3.4808,0.19766827755788133
3,2020-01-08,274.14,270.95,276.3,270.54,122478,17.5471,3.4685,0.19766799072211363
4,2020-01-09,272.8,273.93,275.37,271.98,139385,17.4974,3.4587,0.19766936802039162
5,2020-01-10,274.55,279.07,279.38,273.93,221556,18.2998,3.6173,0.19766882698171565
6,2020-01-13,279.49,280.31,281.75,277.02,183591,18.872,3.7304,0.1976685036032217
7,2020-01-14,281.44,279.49,282.47,278.05,125569,19.1892,3.7931,0.19766848018677172
8,2020-01-15,279.38,279.07,281.34,278.15,84358,19.3945,3.8337,0.19766944236768155
9,2020-01-16,279.59,276.09,280.1,275.78,103379,19.4629,3.8472,0.19766838446480225
10,2020-01-17,276.2,250.7,277.53,250.7,885771,19.1581,3.787,0.19767095901994455
11,2020-01-20,234.66,242.58,244.02,231.27,713861,19.4381,3.8423,0.1976684964065418
12,2020-01-21,241.45,248.44,251.11,239.8,429421,18.1567,3.589,0.19766807845037918
13,2020-01-22,248.44,242.27,248.44,237.75,237727,18.8409,3.7242,0.19766571660589463
14,2020-01-23,243.4,236.72,244.02,234.25,227625,18.6916,3.6947,0.19766633140020115
15,2020-02-03,225.72,220.06,230.86,215.85,319064,19.0089,3.7574,0.1976653041470048
16,2020-02-04,222.43,233.22,233.94,222.43,358332,20.0538,3.964,0.19766827234738554
17,2020-02-05,233.74,241.76,243.2,230.14,430830,20.4706,4.0464,0.19766885191445294
18,2020-02-06,241.76,245.46,249.57,236.0,470625,20.7692,4.1054,0.19766770024844482
19,2020-02-07,243.4,240.73,247.82,237.23,293960,18.8782,3.7316,0.1976671504698541
20,2020-02-10,240.01,236.82,240.01,235.07,205870,17.1615,3.3923,0.19766920141013314
21,2020-02-11,236.92,235.9,237.54,233.12,167214,17.093,3.3788,0.19767156145790674
22,2020-02-12,236.31,237.13,241.04,236.31,163579,17.3481,3.4292,0.19767006185115374
23,2020-02-13,236.1,233.12,236.72,231.99,184210,17.3108,3.4218,0.19766850752131618
24,2020-02-14,233.53,232.5,234.66,231.99,119865,17.6404,3.4869,0.19766558581438062
25,2020-02-17,233.12,235.9,236.0,233.12,161388,17.0371,3.3677,0.19766861731163168
26,2020-02-18,236.51,235.07,237.03,233.22,177169,16.5892,3.4341,0.20700817399271812
27,2020-02-19,235.07,231.89,235.07,231.68,184544,16.471,3.4097,0.2070123246918827
28,2020-02-20,232.09,233.53,233.64,231.17,174947,16.8753,3.4934,0.20701261607201057
29,2020-02-21,232.92,235.38,235.59,231.78,205179,16.5394,3.4238,0.207008718575039
30,2020-02-24,234.66,233.94,236.62,233.33,180870,16.5706,3.4303,0.207011212629597
31,2020-02-25,231.58,231.68,234.97,228.49,240603,15.8801,3.2874,0.2070138097367145
32,2020-02-26,229.01,228.7,230.86,228.19,216510,16.0667,3.326,0.2070120186472642
33,2020-02-27,229.01,228.39,230.24,227.47,146851,15.7433,3.259,0.2070086957626419
34,2020-02-28,226.13,220.78,227.16,219.55,249473,16.0543,3.3234,0.207009959948425
35,2020-03-02,220.78,225.31,225.72,220.78,152192,16.1289,3.3389,0.20701349751067957
36,2020-03-03,227.06,226.44,229.73,225.62,161530,16.1165,3.3363,0.20701144789501444
37,2020-03-04,225.41,227.57,227.98,224.18,122043,15.8428,3.2796,0.20700886206983612
38,2020-03-05,229.01,234.97,234.97,227.98,278879,15.3638,3.1805,0.20701258803160677
39,2020-03-06,233.12,237.44,242.68,232.2,321179,15.5504,3.2191,0.20701075213499331
40,2020-03-09,236.1,228.19,236.1,227.88,241590,15.2083,3.1483,0.20701196057416016
41,2020-03-10,224.9,228.7,229.52,223.35,182943,15.4758,3.2037,0.20701353080293103
42,2020-03-11,229.21,226.44,229.73,226.34,120814,15.4136,3.1908,0.20701198941194787
43,2020-03-12,224.69,221.92,224.79,221.81,126204,15.6189,3.2333,0.20701201749162873
44,2020-03-13,214.62,215.54,217.6,209.99,182362,15.2083,3.1483,0.20701196057416016
45,2020-03-16,216.98,213.28,220.99,212.56,164108,15.3514,3.1779,0.20701043553030996
46,2020-03-17,212.87,206.29,216.36,200.22,201789,15.4198,3.1921,0.2070130611291975
47,2020-03-18,206.91,196.73,209.27,193.13,316704,15.0777,3.1212,0.20700770011341252
48,2020-03-19,194.57,189.94,196.42,187.06,258160,15.3016,3.1676,0.2070110315261149
49,2020-03-20,191.07,193.23,193.95,190.25,172718,15.4385,3.1959,0.20700845289373968
50,2020-03-23,189.43,188.4,193.64,187.06,228099,15.3825,3.1843,0.2070079635949943
51,2020-03-24,191.18,190.77,192.82,187.58,147368,15.4696,3.2024,0.20701246315353986
52,2020-03-25,194.06,199.71,200.43,192.62,262701,15.0964,3.1251,0.2070096181871175
53,2020-03-26,198.58,200.22,204.03,196.32,209145,15.2892,3.165,0.20700886900557258
54,2020-03-27,202.28,200.84,203.82,198.37,184689,16.0418,3.3208,0.2070091884950567
55,2020-03-30,198.99,201.15,202.49,196.83,155370,16.0481,3.3221,0.20700892940597326
56,2020-03-31,201.66,201.77,202.28,200.33,123294,16.5394,3.4238,0.207008718575039
57,2020-04-01,201.56,201.97,202.28,198.89,117371,16.8505,3.4882,0.20700869410403253
58,2020-04-02,200.94,204.54,204.85,200.12,124983,17.2548,3.5719,0.20700906414446993
59,2020-04-03,204.54,208.45,213.28,204.13,214106,17.2237,3.5655,0.20701126935559722
60,2020-04-07,210.4,210.2,211.33,208.96,155417,17.3916,3.6002,0.2070079808643253
61,2020-04-08,209.99,212.66,215.64,208.86,175075,17.7275,3.6698,0.2070117049781413
62,2020-04-09,213.38,226.95,230.35,213.38,334368,16.3217,3.5341,0.2165276901303173
63,2020-04-10,223.87,218.63,226.75,216.78,252447,16.5706,3.5879,0.21652203299820164
64,2020-04-13,216.67,219.76,223.15,215.75,144497,16.7945,3.6364,0.2165232665455953
65,2020-04-14,220.27,218.52,220.89,214.21,159444,16.7323,3.623,0.2165273154318295
66,2020-04-15,219.65,216.67,222.43,216.57,153365,16.7261,3.6216,0.21652387585868793
67,2020-04-16,214.72,216.26,218.11,214.62,136260,16.8629,3.6512,0.2165226621755451
68,2020-04-17,217.19,213.69,217.7,213.69,130348,16.6639,3.6081,0.21652194264247862
69,2020-04-20,213.69,213.9,217.29,213.38,115930,17.0744,3.697,0.2165229817738837
70,2020-04-21,214.0,212.46,214.82,211.02,104931,16.95,3.6701,0.2165250737463127
71,2020-04-22,211.53,211.53,211.94,208.55,100190,16.5643,3.5866,0.2165259020906407
72,2020-04-23,212.05,213.38,216.47,212.05,132235,16.3528,3.5408,0.21652561029303852
73,2020-04-24,214.0,206.8,214.21,205.88,169305,16.6639,3.6081,0.21652194264247862
74,2020-04-27,206.91,209.89,210.4,202.59,129297,16.5768,3.5893,0.2165255055257951
75,2020-04-28,211.53,215.44,217.29,210.61,211242,16.8567,3.6499,0.21652517989879397
76,2020-04-29,215.54,213.38,216.36,213.07,121626,16.9189,3.6634,0.21652707918363487
77,2020-04-30,221.92,227.47,229.63,221.92,448773,17.5409,3.798,0.216522527350364
78,2020-05-06,226.95,238.67,242.37,226.13,539125,17.9265,3.8816,0.21652860290631187
79,2020-05-07,238.26,240.83,244.12,237.03,400945,17.7399,3.8411,0.21652320475312714
80,2020-05-08,241.96,246.07,247.41,239.8,449987,17.8954,3.8748,0.21652491701778112
81,2020-05-11,246.49,240.21,249.36,238.98,380008,17.2921,3.7442,0.21652662198344907
82,2020-05-12,240.83,239.29,242.58,235.79,264622,17.2921,3.7442,0.21652662198344907
83,2020-05-13,238.57,240.11,243.81,236.41,284551,17.0371,3.689,0.21652746065938455
84,2020-05-14,239.91,241.55,244.43,237.54,290473,16.2409,3.5166,0.21652740919530322
85,2020-05-15,242.58,243.5,247.0,241.35,268419,16.4586,3.5637,0.21652509934016256
86,2020-05-18,242.37,237.75,242.37,237.34,246584,16.2471,3.5179,0.21652479519421927
87,2020-05-19,239.6,240.73,242.48,238.67,194407,17.7462,3.8425,0.2165252279361215
88,2020-05-20,241.24,252.76,254.5,238.36,436126,17.6093,3.8129,0.21652763028626917
89,2020-05-21,253.68,252.96,261.29,251.42,478186,17.8457,3.864,0.21652274777677535
90,2020-05-22,255.53,245.97,256.66,245.97,361446,17.8768,3.8708,0.21652644768638685
91,2020-05-25,244.94,259.23,259.23,244.43,449440,17.8084,3.856,0.2165270321870578
92,2020-05-26,259.85,262.01,263.45,256.35,409547,16.9313,3.6661,0.21652796890965254
93,2020-05-27,260.78,259.54,261.7,257.79,239728,18.8098,4.0728,0.21652542823421833
94,2020-05-28,258.41,252.76,259.85,248.54,339503,19.5376,4.2304,0.21652608303988208
95,2020-05-29,251.42,255.22,257.38,249.67,219628,18.9778,4.1092,0.21652667854018912
96,2020-06-01,255.22,256.87,258.0,254.2,265373,17.9017,3.8762,0.21652692202416526
97,2020-06-02,255.84,251.42,256.25,250.08,263325,17.7275,3.8385,0.216527993230856
98,2020-06-03,252.04,251.83,256.77,251.42,223225,16.6701,3.6095,0.21652539576847168
99,2020-06-04,251.73,254.4,255.12,247.51,229255,16.4835,3.5691,0.21652561652561655
100,2020-06-05,252.76,252.65,257.49,251.93,168275,16.1227,3.491,0.2165270085035385
101,2020-06-08,254.4,250.6,254.5,249.98,180243,15.7992,3.4209,0.2165236214491873
102,2020-06-09,252.45,261.91,262.11,251.32,425612,15.9734,3.4586,0.21652246860405425
103,2020-06-10,262.73,259.54,262.73,256.97,272817,16.0978,3.4856,0.21652648187951148
104,2020-06-11,260.67,255.53,260.67,253.68,253375,15.737,3.4075,0.21652792781343333
105,2020-06-12,250.6,254.2,256.56,249.57,215657,15.3016,3.3132,0.21652637632665866
106,2020-06-15,254.81,258.21,262.42,254.3,313352,14.9906,3.2459,0.21652902485557612
107,2020-06-16,259.54,267.36,269.0,256.46,401173,15.1586,3.2822,0.21652395339939046
108,2020-06-17,268.69,272.5,275.37,266.22,386967,14.6672,3.1758,0.21652394458383334
109,2020-06-18,271.98,265.71,271.98,263.55,322370,14.5801,3.157,0.2165280073524873
110,2020-06-19,265.2,266.22,269.82,264.27,254633,14.549,3.1502,0.21652347240360162
111,2020-06-22,265.71,267.66,270.44,264.07,210282,14.9595,3.2391,0.21652461646445403
112,2020-06-23,266.33,275.78,275.99,264.58,350308,14.8227,3.0929,0.2086596908795294
113,2020-06-24,276.61,273.01,276.81,271.06,251514,14.2691,2.9773,0.20865366421147796
114,2020-06-29,271.88,278.15,281.03,271.06,286550,14.0265,2.9267,0.20865504580615263
115,2020-06-30,279.18,285.35,292.54,278.66,460553,14.1074,2.9436,0.20865644980648454
116,2020-07-01,285.45,291.31,294.6,281.54,458659,14.3499,2.9942,0.2086565063171172
117,2020-07-02,288.43,289.25,292.54,285.55,340152,14.493,3.0241,0.20865935279100253
118,2020-07-03,287.71,286.37,287.71,280.31,365572,13.8088,2.8813,0.20865679856323505
119,2020-07-06,286.89,291.72,293.16,283.08,462546,13.9332,2.9073,0.20865989148221517
120,2020-07-07,291.62,297.68,304.16,287.71,509387,14.0389,2.9293,0.20865594882789962
121,2020-07-08,295.83,300.77,303.54,294.6,370756,13.8834,2.8969,0.2086592621403979
122,2020-07-09,300.56,318.24,318.65,298.09,487816,13.8586,2.8917,0.20865744014546928
123,2020-07-10,318.86,321.12,334.59,313.93,472257,14.1882,2.9605,0.20865930843940741
124,2020-07-13,321.53,338.91,338.91,321.53,445418,14.0887,2.9397,0.2086565829352602
125,2020-07-14,339.42,348.16,352.89,335.0,562853,13.9394,2.9086,0.20866034406071998
126,2020-07-15,348.36,336.13,353.51,331.61,518863,14.3499,2.9942,0.2086565063171172
127,2020-07-16,331.09,305.08,331.09,305.08,763961,14.4992,3.0254,0.20865978812624145
128,2020-07-17,302.82,319.58,320.71,300.46,505211,14.3313,2.9903,0.2086551813164193
129,2020-07-20,323.38,320.71,324.41,310.12,360782,13.5289,2.8229,0.208657023113483
130,2020-07-21,318.55,320.2,327.29,314.95,284862,13.9519,2.9111,0.2086525849525871
131,2020-07-22,317.52,316.29,322.25,313.31,351933,13.9394,2.9086,0.20866034406071998
132,2020-07-23,312.07,318.55,319.89,307.65,417705,13.2117,2.7567,0.20865596403188083
133,2020-07-24,315.06,293.78,317.11,290.59,531895,13.0313,2.7191,0.20865915142771635
134,2020-07-27,296.14,297.27,302.62,294.39,274207,13.3796,2.7917,0.20865347245059643
135,2020-07-28,299.74,293.67,300.97,292.03,271099,13.2614,2.7671,0.20865821104860724
136,2020-07-29,293.57,306.83,307.96,291.62,346453,13.1743,2.7489,0.2086562473907532
137,2020-07-30,307.45,311.05,322.25,303.85,437229,13.1246,2.7385,0.208653978025997
138,2020-07-31,308.48,311.05,314.03,305.39,294863,13.1806,2.7502,0.20865514468233615
139,2020-08-03,313.21,321.02,321.02,311.15,328263,13.5351,2.8242,0.20865749052463595
140,2020-08-04,322.56,318.45,330.37,318.24,395685,13.2179,2.758,0.2086564431566285
141,2020-08-05,317.93,321.53,326.98,311.56,327383,13.0873,2.7307,0.20865266326897067
142,2020-08-06,319.89,315.16,325.34,311.97,285716,12.4093,2.5893,0.20865802261207322
143,2020-08-07,314.54,304.88,317.42,300.77,334797,11.5571,2.6412,0.2285348400550311
144,2020-08-10,304.98,303.85,308.89,299.74,203056,11.6815,2.6696,0.22853229465393998
145,2020-08-11,304.78,299.22,307.55,298.5,236146,14.0773,2.7369,0.19441938439899697
146,2020-08-12,298.61,300.66,300.66,289.46,267818,13.8458,2.6919,0.19441996851030635
147,2020-08-13,300.77,295.52,302.0,294.08,156003,14.3397,2.7879,0.19441829326973367
148,2020-08-14,296.55,299.02,300.97,293.36,183978,14.2008,2.7609,0.19441862430285617
149,2020-08-17,299.74,305.39,305.91,299.33,214795,14.2703,2.7744,0.19441777678114686
150,2020-08-18,307.96,307.45,312.59,305.39,197861,14.3783,2.7954,0.19441797709047662
151,2020-08-19,307.55,300.66,307.55,299.94,154842,14.3629,2.7924,0.19441756191298418
152,2020-08-20,297.89,303.95,304.98,295.83,137959,14.5558,2.8299,0.19441734566289726
153,2020-08-21,304.78,301.69,306.11,298.71,134469,14.5867,2.8359,0.1944168317714082
154,2020-08-24,301.69,301.79,302.72,295.73,124875,14.7256,2.8629,0.1944165263215081
155,2020-08-25,301.38,302.82,306.63,300.97,136477,14.8182,2.8809,0.19441632586953883
156,2020-08-26,302.82,299.12,306.32,297.79,148170,14.7333,2.8644,0.19441672944961413
157,2020-08-27,299.02,295.01,300.15,292.54,146956,15.3585,2.986,0.19442002799752583
158,2020-08-28,298.09,318.24,319.17,296.45,568295,14.2857,2.7774,0.1944181944181944
159,2020-08-31,319.48,312.69,323.08,312.69,317473,14.1005,2.7414,0.19441863763696324
160,2020-09-01,313.82,309.92,317.11,306.83,245049,13.9693,2.7159,0.1944191906537908
161,2020-09-02,309.92,310.43,311.97,305.7,220860,13.676,2.6589,0.19442088329921028
162,2020-09-03,310.12,303.75,312.38,302.0,262328,13.4831,2.6214,0.19442116427231126
163,2020-09-04,298.2,298.61,300.56,295.63,184708,13.4676,2.6184,0.19442216876058094
164,2020-09-07,297.17,290.49,299.64,289.66,265000,13.4213,2.6093,0.19441484804005574
165,2020-09-08,291.51,290.38,292.85,286.27,150028,13.3982,2.6048,0.194414175038438
166,2020-09-09,287.4,277.94,288.43,275.89,234160,13.3519,2.5958,0.19441427811772108
167,2020-09-10,280.21,274.76,283.6,273.11,134828,13.3133,2.5883,0.19441460794844254
168,2020-09-11,274.55,280.93,280.93,273.93,102100,12.6418,2.4578,0.1944185163505197
169,2020-09-14,283.29,279.49,283.5,277.94,103933,12.4643,2.4233,0.19441926141058863
170,2020-09-15,279.49,280.41,281.13,276.92,81341,12.827,2.4938,0.1944180244796133
171,2020-09-16,279.9,278.15,282.06,277.12,76307,12.5801,2.4458,0.19441816837703996
172,2020-09-17,278.36,274.45,278.36,271.06,133607,13.0894,2.5448,0.19441685638761136
173,2020-09-18,273.11,280.31,280.51,273.11,116614,13.8072,2.6844,0.1944203024508952
174,2020-09-21,281.23,278.97,282.06,278.36,93913,14.332,2.7864,0.1944180854032933
175,2020-09-22,277.64,276.61,283.08,276.09,108239,14.5018,2.8194,0.19441724475582342
176,2020-09-23,277.74,283.39,286.37,275.07,165014,14.9803,2.9124,0.19441533213620554
177,2020-09-24,279.07,280.0,283.8,278.97,97739,15.3199,2.9785,0.19442032911441978
178,2020-09-25,280.62,281.03,284.01,279.07,84489,15.4897,3.0115,0.19441951748581315
179,2020-09-28,281.03,276.61,282.26,276.09,73512,15.4511,3.004,0.1944198147704694
180,2020-09-29,277.64,282.26,283.91,275.89,104558,16.1457,3.139,0.19441708937983485
181,2020-09-30,282.26,279.18,285.14,277.84,79516,15.9605,3.103,0.1944174681244322
182,2020-10-09,281.85,287.09,288.02,281.85,136148,15.4048,2.995,0.19441992106356462
183,2020-10-12,287.92,291.62,292.03,286.07,144406,15.3199,2.9785,0.19442032911441978
184,2020-10-13,291.41,291.82,294.29,289.15,104137,15.235,2.962,0.1944207417131605
185,2020-10-14,291.62,290.59,293.98,288.43,105093,14.8954,2.8959,0.19441572566027096
186,2020-10-15,290.59,285.45,291.0,285.14,120451,15.4665,3.007,0.19442019849351827
187,2020-10-16,286.89,290.79,291.1,286.68,122978,15.4897,3.0115,0.19441951748581315
188,2020-10-19,291.51,287.71,292.03,287.3,90236,15.7135,3.055,0.1944188118496834
189,2020-10-20,289.56,299.12,301.69,288.53,242856,15.8833,3.088,0.1944180365541166
190,2020-10-21,299.22,298.61,305.39,296.14,167372,15.9913,3.109,0.19441821490435424
191,2020-10-22,297.68,304.16,304.47,294.6,191921,15.8524,3.082,0.1944185107617774
192,2020-10-23,303.03,297.48,304.36,295.63,147150,15.7289,3.058,0.19441919015315756
193,2020-10-26,295.63,299.43,300.66,289.46,118349,15.9682,3.1045,0.19441765508949035
194,2020-10-27,300.77,306.83,309.81,300.77,250291,16.0299,3.1165,0.19441793149052705
195,2020-10-28,306.83,316.8,318.24,305.7,360211,15.7753,3.067,0.19441785576185558
196,2020-10-29,312.9,311.36,319.07,310.22,245072,15.8216,3.076,0.19441775800171918
197,2020-10-30,313.0,311.97,320.2,310.22,225094,16.1226,3.1345,0.19441653331348543
198,2020-11-02,312.07,307.76,319.37,303.44,254446,16.0299,3.1165,0.19441793149052705
199,2020-11-03,308.17,308.89,310.64,301.07,180530,16.0994,3.13,0.19441718324906518
200,2020-11-04,308.89,337.26,337.26,306.93,924184,16.3927,3.187,0.1944158070360587
201,2020-11-05,348.98,368.51,368.51,346.72,843913,16.7477,3.2561,0.19442072642810657
202,2020-11-06,379.93,363.58,383.83,351.96,800355,16.4699,3.202,0.19441526663792738
203,2020-11-09,364.71,356.69,368.31,350.32,632562,15.8293,3.0775,0.194417946466363
204,2020-11-10,356.59,339.42,356.69,338.91,526319,14.8414,2.8854,0.19441562116781436
205,2020-11-11,338.8,334.18,345.49,332.64,404264,16.0917,3.1285,0.1944169975826047
206,2020-11-12,335.21,336.65,336.65,329.04,323639,16.5084,3.2095,0.1944161760073659
207,2020-11-13,333.66,325.34,335.0,321.64,362670,16.9715,3.2996,0.1944200571546416
208,2020-11-16,326.78,346.51,348.67,323.38,634311,16.5316,3.214,0.19441554356505117
209,2020-11-17,341.48,341.89,343.22,336.03,311101,17.1413,3.3326,0.19441932642214999
210,2020-11-18,338.91,346.93,357.72,338.91,353747,19.0476,3.7032,0.1944181944181944
211,2020-11-19,342.51,345.79,349.91,333.87,228821,19.2714,3.7467,0.19441763442199322
212,2020-11-20,345.79,342.4,348.88,340.65,216262,19.3023,3.7527,0.19441724561321708
213,2020-11-23,340.86,337.16,340.86,331.81,240102,19.364,3.7647,0.19441747572815532
214,2020-11-24,337.06,327.7,337.06,324.62,306800,19.2714,3.7467,0.19441763442199322
215,2020-11-25,327.7,314.44,328.42,313.1,366636,18.8855,3.6717,0.19441899870270843
216,2020-11-26,314.23,315.26,316.7,312.07,157605,18.6617,3.6282,0.19441958664001674
217,2020-11-27,314.65,316.29,316.7,312.49,116128,19.0013,3.6942,0.1944182766442296
218,2020-11-30,316.19,309.61,316.39,309.61,192544,18.8161,3.6582,0.19441860959497453
219,2020-12-01,313.1,319.99,322.56,312.07,243110,18.9318,3.6807,0.19441891420784077
