,日期,开盘,收盘,最高,最低,成交量,pe,pb,roe
0,2020-01-03,149.66,153.67,153.77,148.88,387058,45.0635,3.5759,0.07935246929333052
1,2020-01-06,152.99,152.26,154.29,150.03,333653,43.827,3.4778,0.0793529103064321
2,2020-01-07,152.52,151.9,153.04,149.25,297197,43.9522,3.4877,0.07935211434239925
3,2020-01-08,149.56,144.67,150.39,144.15,434364,44.0618,3.4964,0.07935218261623447
4,2020-01-09,145.87,155.59,156.42,145.87,706906,44.2027,3.5076,0.07935261873143495
5,2020-01-10,155.59,155.18,156.89,152.78,405377,44.6722,3.5449,0.07935360246417236
6,2020-01-13,155.18,160.12,160.74,154.03,498425,44.6096,3.5399,0.07935287471754958
7,2020-01-14,160.22,156.11,160.27,155.38,365790,44.7818,3.5536,0.07935366599824036
8,2020-01-15,155.85,156.79,157.31,154.29,241383,45.1261,3.5809,0.07935319028234215
9,2020-01-16,156.58,155.9,158.97,153.15,329866,44.547,3.5349,0.07935214492558422
10,2020-01-17,163.39,163.39,165.58,159.7,752962,44.7974,3.5548,0.07935281958327939
11,2020-01-20,163.39,172.08,176.81,161.88,635062,45.2201,3.5883,0.07935188113250523
12,2020-01-21,170.98,171.71,175.04,170.15,399295,45.5644,3.6157,0.07935361817559322
13,2020-01-22,170.67,178.21,179.82,168.44,522040,45.8931,3.6417,0.0793517979827033
14,2020-01-23,174.31,166.67,175.77,164.38,501792,45.8775,3.6405,0.07935262383521334
15,2020-02-03,148.94,156.11,159.23,148.94,733880,47.3801,3.7597,0.07935187979763657
16,2020-02-04,156.48,171.71,172.23,156.48,608953,48.2723,3.8305,0.07935192646714574
17,2020-02-05,174.05,177.28,186.01,174.05,645518,45.4235,3.6045,0.07935319823439409
18,2020-02-06,180.6,196.1,196.1,180.08,977690,45.6114,3.6194,0.07935296877535002
19,2020-02-07,203.33,216.8,216.8,201.3,1371648,43.6548,3.4641,0.07935209873828308
20,2020-02-10,222.05,212.32,222.05,202.39,1017773,43.8896,3.4828,0.07935365097881958
21,2020-02-11,215.39,213.83,216.12,206.55,660944,43.2792,3.4343,0.07935220614059409
22,2020-02-12,211.75,236.3,236.3,210.45,955385,47.7401,3.854,0.08072877936996362
23,2020-02-13,239.83,238.32,246.96,229.85,936859,48.3662,3.9045,0.08072786367339176
24,2020-02-14,238.9,235.62,250.54,228.7,909630,47.9436,3.8704,0.08072818895535587
25,2020-02-17,235.62,239.62,241.24,232.45,747036,48.3662,3.9045,0.08072786367339176
26,2020-02-18,238.53,244.1,246.54,234.16,821681,48.1158,3.8843,0.0807281599807132
27,2020-02-19,240.4,233.07,242.33,232.45,740109,49.008,3.9563,0.08072763630427685
28,2020-02-20,232.45,235.83,239.31,226.83,707353,49.5245,3.998,0.08072772062312593
29,2020-02-21,235.98,239.57,246.38,234.27,809880,49.5558,4.0006,0.0807291981967802
30,2020-02-24,233.59,244.77,245.29,232.55,1044178,51.4498,4.1535,0.08072917678980288
31,2020-02-25,239.73,238.27,244.25,223.97,1123956,50.088,4.0435,0.08072791886280146
32,2020-02-26,231.51,233.07,248.72,229.54,1136605,49.8219,4.022,0.08072755153858042
33,2020-02-27,238.79,231.25,242.69,218.51,959532,50.5263,4.0789,0.08072825439424616
34,2020-02-28,217.99,207.85,227.35,207.07,873935,50.9489,4.113,0.08072794505867645
35,2020-03-02,212.74,214.87,219.03,207.64,639701,51.8567,4.1863,0.08072823762406788
36,2020-03-03,221.63,219.34,230.32,216.22,725677,51.0897,4.1244,0.08072860087258292
37,2020-03-04,216.69,219.97,223.97,210.19,519284,48.9923,3.9551,0.08072901251829369
38,2020-03-05,235.05,221.94,237.02,217.37,622328,47.5679,3.8401,0.08072881081569713
39,2020-03-06,212.27,213.47,217.84,211.8,617661,47.8966,3.8666,0.08072806838063662
40,2020-03-09,209.78,202.91,211.96,202.39,641346,47.3175,3.8199,0.08072911713425265
41,2020-03-10,202.91,216.54,217.37,199.32,607012,47.8849,3.9349,0.0821741300493475
42,2020-03-19,197.72,204.13,208.96,193.41,784130,47.559,3.9081,0.08217372106225952
43,2020-03-20,206.52,211.64,215.84,205.06,496635,48.6452,3.9974,0.08217460304408244
44,2020-03-23,202.15,206.29,216.89,201.34,440408,48.2728,3.9668,0.08217464079150164
45,2020-03-24,213.04,209.72,216.89,199.24,467921,49.5607,4.0726,0.08217398059349446
46,2020-03-25,216.71,218.92,219.1,210.71,460812,49.9641,4.1057,0.08217300021415375
47,2020-03-26,213.39,211.18,217.88,209.78,310211,49.359,4.056,0.08217346380599283
48,2020-03-27,212.34,203.66,213.45,203.08,314771,47.9624,3.9413,0.08217478691641786
49,2020-03-30,198.31,205.35,208.21,193.07,410642,48.459,3.9821,0.08217462184527126
50,2020-03-31,207.1,206.98,209.43,203.37,256601,48.2573,3.9655,0.08217409593988889
51,2020-04-01,204.19,199.94,210.36,198.77,283781,48.0866,3.9515,0.08217465988445846
52,2020-04-02,200.58,211.99,212.63,198.77,435618,46.6125,3.8303,0.08217323679270581
53,2020-04-03,210.13,207.63,214.85,206.58,330012,47.8073,3.9285,0.08217364293737568
54,2020-04-07,214.09,213.97,216.42,211.24,334958,50.6469,4.1619,0.08217482215101023
55,2020-04-08,211.94,214.67,218.75,211.94,289255,52.7727,4.3365,0.08217316908174113
56,2020-04-09,217.47,214.85,219.33,212.28,246035,54.5881,4.4857,0.08217358728367538
57,2020-04-10,214.09,203.08,214.5,202.44,319182,54.4019,4.4704,0.0821736005543924
58,2020-04-13,201.28,185.84,201.28,183.92,544658,55.0536,4.524,0.08217446270543616
59,2020-04-14,189.05,192.54,193.53,188.64,396489,55.7674,4.5826,0.08217345617690622
60,2020-04-15,198.37,192.95,199.53,192.6,316773,56.0157,4.603,0.0821733906744002
61,2020-04-16,190.21,195.8,197.03,189.1,266009,55.9226,4.3325,0.07747315039000331
62,2020-04-17,199.59,198.37,202.67,197.08,354274,54.976,4.2592,0.07747380675203726
63,2020-04-20,200.23,210.19,210.77,197.2,658845,55.2553,4.2808,0.07747311117666542
64,2020-04-21,207.22,215.37,215.37,206.34,587193,55.7674,4.3205,0.07747357775331107
65,2020-04-22,211.76,214.15,215.14,208.32,326423,55.5191,4.3012,0.07747243741343068
66,2020-04-23,216.13,209.78,216.3,209.37,292488,55.5191,4.3012,0.07747243741343068
67,2020-04-24,208.85,202.09,211.64,199.65,377331,56.0777,4.3445,0.0774728635446889
68,2020-04-27,202.09,199.7,203.55,198.89,257249,55.8605,4.3277,0.07747334878849993
69,2020-04-28,200.35,205.35,209.72,193.65,427475,57.5053,4.4551,0.07747285902342914
70,2020-04-29,203.84,209.72,211.47,203.84,295046,57.3967,4.4467,0.07747309514310055
71,2020-04-30,221.08,222.83,226.32,218.22,666999,56.326,4.3637,0.07747221531797038
72,2020-05-06,222.83,231.97,232.61,222.19,590022,55.4726,4.2976,0.077472481909988
73,2020-05-07,232.14,228.13,232.32,226.84,347096,56.0467,4.3421,0.07747289314089857
74,2020-05-08,231.68,230.22,240.53,228.01,491137,57.6605,4.4671,0.07747244647549016
75,2020-05-11,233.95,227.95,234.77,223.93,328108,59.3207,4.5958,0.07747379919657049
76,2020-05-12,227.54,234.88,234.88,224.81,409684,58.2811,4.5152,0.07747279992999445
77,2020-05-13,231.39,230.4,231.56,226.61,343247,60.1431,4.6595,0.07747355889536789
78,2020-05-14,228.36,226.84,230.63,225.74,244222,58.669,4.5453,0.07747362320816786
79,2020-05-15,228.36,228.71,233.19,225.8,337022,58.8087,4.5561,0.07747323100153548
80,2020-05-18,230.4,219.33,231.21,218.22,454838,60.3604,4.6763,0.07747297897296904
81,2020-05-19,222.3,228.94,229.7,221.25,363726,58.9018,4.5633,0.07747301440703
82,2020-05-20,228.59,231.97,237.68,226.5,500195,58.2191,4.5104,0.07747285684594918
83,2020-05-21,232.38,221.78,232.84,220.79,393369,59.3983,4.6018,0.07747359772922795
84,2020-05-22,222.42,217.23,223.87,213.33,292820,56.807,4.401,0.07747284665622194
85,2020-05-25,215.2,207.68,216.36,202.38,415643,56.5898,4.3842,0.07747332558164192
86,2020-05-26,208.67,214.21,214.73,208.62,258907,57.2105,4.4323,0.07747354069620087
87,2020-05-27,214.5,208.03,215.84,206.34,259802,60.0035,4.6486,0.07747214745806494
88,2020-05-28,208.09,209.14,211.06,204.54,202758,61.4466,4.7604,0.07747214654675767
89,2020-05-29,207.45,205.94,209.26,204.77,195268,61.5552,4.7689,0.0774735521938033
90,2020-06-01,209.31,216.24,217.88,208.5,364049,62.0983,4.8109,0.07747233016040697
91,2020-06-02,217.12,217.41,223.93,214.96,354901,60.6862,4.7015,0.07747230836664679
92,2020-06-03,216.83,204.36,217.06,202.21,1003557,61.0276,4.728,0.07747314329909745
93,2020-06-04,204.89,204.25,206.11,201.98,400672,65.2482,5.055,0.07747340156510064
94,2020-06-05,204.25,204.6,205.24,201.98,276415,68.367,5.2966,0.07747304986323811
95,2020-06-08,205.76,204.66,208.56,203.02,279257,71.7032,5.5551,0.07747352977272982
96,2020-06-09,204.13,205.41,206.34,203.43,233283,69.8722,5.4132,0.07747287190041245
97,2020-06-10,205.53,209.95,210.48,203.66,357058,69.3446,5.3723,0.07747250687147954
98,2020-06-11,210.3,212.46,215.66,208.21,431599,67.8084,5.2533,0.07747270249703576
99,2020-06-12,206.23,211.29,217.12,205.7,461968,62.8586,4.8698,0.077472294960435
100,2020-06-15,211.29,205.0,212.58,204.13,369594,62.2534,4.823,0.07747368015240935
101,2020-06-16,207.22,209.55,210.42,205.41,264472,59.2432,4.5897,0.07747218246144705
102,2020-06-17,209.55,207.68,210.6,205.18,233708,57.3811,4.4455,0.07747324467464026
103,2020-06-18,207.1,220.09,220.32,205.82,517234,57.9087,4.4864,0.07747367839374739
104,2020-06-19,219.16,219.68,221.43,217.41,329423,60.7948,4.71,0.07747373130596695
105,2020-06-22,222.53,220.67,226.15,218.81,345563,60.2052,4.6643,0.07747337439290958
106,2020-06-23,222.42,226.44,228.77,218.87,431706,64.8602,5.0249,0.07747277991742238
107,2020-06-24,224.98,224.98,230.8,223.7,276693,65.2482,5.055,0.07747340156510064
108,2020-06-29,217.47,207.51,217.53,204.6,812971,63.712,4.936,0.07747363134103465
109,2020-06-30,208.62,209.72,213.04,207.86,452083,63.4482,4.9155,0.07747264697816486
110,2020-07-01,212.17,198.89,212.87,186.89,1928913,63.5568,4.9239,0.07747243410618533
111,2020-07-02,191.2,196.91,198.54,189.22,1046773,60.2518,4.6679,0.0774732041200429
112,2020-07-03,205.65,203.9,206.58,199.36,928351,60.7483,4.7063,0.07747212679202545
113,2020-07-06,204.71,215.2,216.01,204.71,886156,59.538,4.6126,0.07747321038664381
114,2020-07-07,219.91,217.47,225.45,212.63,1109206,61.2138,4.7424,0.07747272673808847
115,2020-07-08,217.12,236.05,240.71,214.38,1144883,61.5241,4.7665,0.07747370542600379
116,2020-07-09,233.54,241.81,246.76,232.26,1060148,60.8569,4.7148,0.07747354860336297
117,2020-07-10,240.12,243.79,263.89,237.79,1061454,59.6466,4.621,0.0774729825337907
118,2020-07-13,248.28,250.66,252.94,245.07,775611,59.4449,4.6054,0.07747342497001426
119,2020-07-14,249.03,238.14,249.15,231.97,876332,59.4294,4.6042,0.0774734390722437
120,2020-07-15,239.19,226.44,240.53,224.4,812347,59.3363,4.597,0.07747365440716729
121,2020-07-16,226.73,210.6,229.52,208.96,708763,59.3673,4.5994,0.07747362605339977
122,2020-07-17,211.76,209.31,214.85,206.23,491008,62.8431,4.8686,0.0774723080179049
123,2020-07-20,211.24,214.61,214.67,204.01,508140,62.5327,4.8446,0.07747306609182075
124,2020-07-21,215.08,212.58,216.36,211.29,363025,59.7863,4.6318,0.07747259823738883
125,2020-07-22,212.63,212.17,215.95,209.31,434246,60.6397,4.6979,0.0774723489727027
126,2020-07-23,208.09,206.75,210.01,199.7,596778,60.3449,4.6751,0.0774729927466944
127,2020-07-24,204.31,196.27,208.56,193.76,496870,61.9896,4.8025,0.07747267283544336
128,2020-07-27,197.96,193.94,198.89,189.45,356987,60.2518,4.6679,0.0774732041200429
129,2020-07-28,195.63,194.75,197.55,192.89,248505,62.7965,4.865,0.07747247059947608
130,2020-07-29,196.79,204.48,204.48,194.52,453263,64.0068,4.9588,0.07747301849178526
131,2020-07-30,204.83,200.05,205.65,199.59,321031,66.7223,5.1692,0.07747334849068452
132,2020-07-31,201.8,202.62,205.76,200.05,367996,66.024,5.5282,0.08373015873015872
133,2020-08-03,203.61,208.09,208.44,202.85,510931,63.4637,5.3139,0.08373132987833991
134,2020-08-04,208.62,202.27,208.96,201.45,471099,65.9619,5.523,0.08373015331577774
135,2020-08-05,205.12,201.74,206.23,200.87,361254,65.4654,5.4815,0.08373125345602409
136,2020-08-06,200.46,207.28,211.88,196.56,791500,66.4119,5.5607,0.08373047601408783
137,2020-08-07,202.97,200.29,204.25,197.03,434787,67.6067,5.6608,0.0837313461535617
138,2020-08-10,199.06,204.19,207.51,197.67,506492,65.7602,5.5061,0.08372997649033914
139,2020-08-11,204.31,197.96,205.3,197.08,376134,66.3654,5.5568,0.08373037757626715
140,2020-08-12,197.08,191.9,198.19,185.38,516561,65.8068,5.51,0.08372994888066279
141,2020-08-13,192.77,189.75,193.71,188.99,222214,66.8309,5.5958,0.08373072934825058
142,2020-08-14,189.8,192.95,193.59,188.87,246696,64.3947,5.3918,0.08373049334805505
143,2020-08-17,192.95,196.97,198.07,191.26,296447,60.9035,5.1924,0.08525618396315483
144,2020-08-18,198.71,197.38,199.94,196.38,268293,59.7397,5.0932,0.0852565379471273
145,2020-08-19,197.08,191.2,197.08,190.68,293886,58.2346,4.9649,0.0852568747789115
146,2020-08-20,190.15,192.02,192.95,187.71,160567,58.8708,5.0191,0.08525618812722095
147,2020-08-21,192.37,189.92,195.57,188.58,358675,60.919,5.1937,0.08525583151397757
148,2020-08-24,190.04,189.92,191.55,186.48,221171,62.0827,5.293,0.08525724557727031
149,2020-08-25,190.68,190.85,193.36,189.51,195946,62.4086,5.3207,0.08525587819627424
150,2020-08-26,190.91,188.93,192.6,188.29,201781,61.0276,5.203,0.08525650689196364
151,2020-08-27,188.87,187.88,189.8,185.44,203175,81.6184,4.6687,0.05720156239279379
152,2020-08-28,187.88,191.43,191.61,186.95,202516,80.6557,4.6136,0.057201164951764104
153,2020-08-31,195.86,191.78,198.66,191.38,371276,79.5835,4.5523,0.05720155559883644
154,2020-09-01,190.39,190.85,191.09,188.58,186019,79.4303,4.5435,0.05720109328555979
155,2020-09-02,191.14,188.17,191.61,186.89,271466,76.9139,4.3996,0.05720162415376155
156,2020-09-03,187.71,185.73,187.71,185.38,215878,83.3909,4.7701,0.057201685075949533
157,2020-09-04,182.47,186.43,186.54,180.14,167207,87.8109,5.0229,0.0572013269423272
158,2020-09-07,185.9,179.61,187.18,179.55,235705,87.7453,5.0192,0.05720192420562696
159,2020-09-08,180.02,171.63,181.13,168.95,417815,87.4827,5.0042,0.057202166828412934
160,2020-09-09,168.02,160.98,168.49,160.22,330810,85.0976,4.8677,0.05720137818222841
161,2020-09-10,164.7,156.49,164.82,155.68,245031,86.7387,4.9616,0.057201687366769394
162,2020-09-11,156.49,162.02,162.78,155.44,240967,82.2093,4.7025,0.05720155748802142
163,2020-09-14,163.25,162.66,165.93,161.73,215149,84.8569,4.854,0.05720218391197416
164,2020-09-15,163.83,163.42,163.95,160.57,147771,84.2442,4.8189,0.05720156402458566
165,2020-09-16,162.55,161.56,164.35,161.03,123776,83.6097,4.7826,0.05720149695549679
166,2020-09-17,161.97,166.8,167.5,159.58,263343,86.4324,6.6395,0.0768172583429362
167,2020-09-18,166.8,169.13,169.36,165.11,203896,79.9276,6.1398,0.07681701940255932
168,2020-09-21,169.25,167.56,172.33,167.38,217296,76.8347,5.9023,0.07681815637986483
169,2020-09-22,165.93,162.72,166.68,161.79,199165,75.6797,5.8135,0.07681716497290556
170,2020-09-23,162.96,164.12,165.11,162.37,128875,77.4807,5.9519,0.07681783979752377
171,2020-09-24,162.66,160.04,163.6,157.42,254342,74.9554,5.7579,0.07681768091425034
172,2020-09-25,160.92,161.27,162.84,160.45,151744,85.585,6.5744,0.076817199275574
173,2020-09-28,162.49,157.6,163.19,157.42,137797,80.4562,6.1804,0.0768169513350121
174,2020-09-29,158.88,159.75,161.85,158.53,147164,84.43,6.4857,0.07681748193769986
175,2020-09-30,160.1,158.53,161.38,157.77,115603,87.6209,6.7308,0.0768172890257918
176,2020-10-09,161.5,163.83,164.53,161.09,188810,86.877,6.6737,0.07681779987798842
177,2020-10-12,165.63,171.63,171.87,165.63,302857,86.6421,6.6556,0.07681715932554728
178,2020-10-13,171.63,174.49,174.78,169.71,282230,84.9586,6.5263,0.07681741459958144
179,2020-10-14,173.79,171.11,173.85,170.24,210330,82.3159,6.3233,0.07681747997652943
180,2020-10-15,171.87,169.54,172.45,169.36,148589,91.1249,7.0,0.07681764259823605
181,2020-10-16,170.24,166.92,170.7,165.93,192653,91.8101,7.0526,0.07681725648920978
182,2020-10-19,169.54,167.91,171.69,167.85,193291,93.7676,7.203,0.07681757877987706
183,2020-10-20,167.91,172.97,173.03,167.79,203388,96.2146,7.391,0.0768178634011886
184,2020-10-21,172.56,165.93,172.56,164.99,217426,94.257,7.2406,0.07681763688638509
185,2020-10-22,164.53,165.81,166.45,162.96,98877,92.8476,7.1323,0.07681727906806422
186,2020-10-23,165.17,163.89,168.14,163.65,100619,91.8101,7.0526,0.07681725648920978
187,2020-10-26,162.96,160.57,163.3,159.64,123493,95.9601,7.3714,0.07681734387521481
188,2020-10-27,159.46,161.5,161.91,159.29,95487,94.2766,7.2421,0.07681757721428223
189,2020-10-28,162.08,159.93,162.08,156.26,167367,92.7693,7.1263,0.07681743852761636
190,2020-10-29,157.13,161.5,161.73,157.07,150301,93.7872,7.2045,0.07681751880853678
191,2020-10-30,161.5,159.17,164.29,158.76,177886,93.0238,7.1459,0.07681797561484266
192,2020-11-02,154.39,142.57,154.39,141.41,662967,84.5671,6.4962,0.07681710736208289
193,2020-11-03,142.28,144.84,146.18,141.41,279586,83.9994,6.4526,0.07681721536106212
194,2020-11-04,145.48,143.97,146.65,142.11,188564,85.6829,6.582,0.07681812823795646
195,2020-11-05,146.07,151.25,152.12,144.9,338891,77.8917,5.9835,0.07681819757432436
196,2020-11-06,151.37,150.55,155.5,148.74,258036,70.8053,5.4391,0.07681769585045187
197,2020-11-09,152.18,161.15,163.77,152.18,432571,68.7107,5.2782,0.07681772998965226
198,2020-11-10,161.44,157.83,161.85,156.55,248559,62.838,4.8271,0.07681816735096597
199,2020-11-11,156.9,152.24,158.3,152.18,205988,66.8119,5.1323,0.07681715383038053
200,2020-11-12,153.99,152.3,155.15,151.83,136039,71.1577,5.4662,0.0768181096353592
201,2020-11-13,149.79,151.07,151.54,146.53,153902,68.7107,5.2782,0.07681772998965226
202,2020-11-16,151.19,149.79,152.06,148.57,135149,68.8478,5.2887,0.07681726939713397
203,2020-11-17,150.03,148.22,150.08,145.25,158644,65.5786,5.0376,0.07681774237327423
204,2020-11-18,148.4,147.29,149.44,147.0,116137,62.7597,4.821,0.07681681078781447
205,2020-11-19,146.3,149.44,150.14,144.26,159526,63.0925,4.8466,0.07681737131988746
206,2020-11-20,149.44,148.16,150.14,147.11,137704,62.838,4.8271,0.07681816735096597
207,2020-11-23,146.94,147.52,149.21,145.31,176575,64.3454,4.9429,0.07681823409288
208,2020-11-24,147.58,147.75,150.32,147.06,179978,62.4857,4.8,0.07681757586135707
209,2020-11-25,147.52,146.01,149.09,145.77,168646,62.6423,4.812,0.07681710282029874
210,2020-11-26,145.83,145.48,146.88,144.61,128150,58.5314,4.4962,0.07681688802933127
211,2020-11-27,145.54,145.08,147.17,144.38,137296,61.2524,4.7053,0.07681821446996363
212,2020-11-30,144.96,144.61,147.17,142.4,192420,61.3894,4.7158,0.07681782196926505
213,2020-12-01,144.61,149.21,149.73,144.38,242475,61.918,4.7564,0.0768177266707581
