,日期,开盘,收盘,最高,最低,成交量,pe,pb,roe
0,2020-01-03,104.6,103.25,105.51,102.5,171639,35.1885,2.2264,0.06327067081574947
1,2020-01-06,102.53,102.16,104.26,101.47,153462,34.6921,2.1949,0.06326800626079136
2,2020-01-07,102.25,103.41,103.72,101.69,124469,33.9784,2.1498,0.06326960657358792
3,2020-01-08,102.47,102.41,103.16,101.5,117442,34.0249,2.1527,0.06326837110469097
4,2020-01-09,103.38,103.72,104.82,102.94,134087,34.4748,2.1812,0.06326940257811503
5,2020-01-10,103.66,103.63,105.1,102.44,101313,35.0334,2.2165,0.0632681954934434
6,2020-01-13,101.91,108.77,109.37,101.91,291768,35.0024,2.2146,0.06326994720362032
7,2020-01-14,109.02,109.56,110.18,108.08,172885,34.6455,2.192,0.06326940006638669
8,2020-01-15,108.93,108.08,109.21,106.2,120274,34.5679,2.1871,0.06326968083106002
9,2020-01-16,108.21,108.27,110.15,107.68,128569,34.4904,2.1822,0.06326977941688121
10,2020-01-17,108.27,110.5,111.47,108.27,184792,35.0024,2.2146,0.06326994720362032
11,2020-01-20,110.5,111.69,112.79,108.4,159847,35.4678,2.244,0.063268654948996
12,2020-01-21,110.59,109.02,111.38,108.65,120081,34.8472,2.2048,0.06327050666911545
13,2020-01-22,108.68,111.09,112.16,106.99,158130,35.4523,2.243,0.0632681095443737
14,2020-01-23,109.68,106.08,110.75,102.75,174846,35.1575,2.2244,0.06326957263741734
15,2020-02-03,95.7,95.7,97.14,95.7,150067,36.647,2.3186,0.06326848036674217
16,2020-02-04,92.53,99.02,100.4,92.53,199828,37.9968,2.404,0.06326848576722251
17,2020-02-05,98.96,100.71,102.75,98.96,182995,36.7245,2.3235,0.06326839031164481
18,2020-02-06,101.47,109.21,110.56,100.56,272684,36.2281,2.2921,0.06326856776921783
19,2020-02-07,110.75,117.49,119.37,110.59,361536,34.4904,2.1822,0.06326977941688121
20,2020-02-10,117.49,120.69,124.17,116.08,328838,34.6455,2.192,0.06326940006638669
21,2020-02-11,119.5,118.4,119.75,115.17,267216,33.9163,2.1459,0.06327046287478293
22,2020-02-12,117.33,127.5,127.9,116.02,391130,34.1335,2.1596,0.06326922231825041
23,2020-02-13,127.5,130.41,137.25,125.74,413457,36.0108,2.3076,0.06408077576726981
24,2020-02-14,130.04,134.11,140.01,129.41,337810,37.2365,2.3861,0.06407959931787359
25,2020-02-17,140.38,137.0,140.38,135.74,293517,37.0814,2.3762,0.064080644204372
26,2020-02-18,135.68,139.38,143.86,135.37,282086,36.8952,2.3643,0.06408150653743576
27,2020-02-19,138.0,137.25,141.11,136.12,243072,36.5849,2.3444,0.06408108263245219
28,2020-02-20,137.25,136.93,139.66,131.6,339919,37.1745,2.3821,0.06407887126928405
29,2020-02-21,136.93,139.51,142.01,136.18,293867,37.9192,2.4299,0.06408099326990022
30,2020-02-24,139.35,147.13,147.31,138.5,319519,39.2225,2.5134,0.06408056600165721
31,2020-02-25,143.52,157.66,159.83,138.44,406979,38.6639,2.4776,0.06408044713544159
32,2020-02-26,159.51,157.57,165.13,152.21,483094,39.688,2.5432,0.06407982261640797
33,2020-02-27,160.55,160.67,166.1,149.23,438152,40.0448,2.5661,0.06408072958286719
34,2020-02-28,149.85,144.84,155.62,144.84,389053,40.712,2.6088,0.0640793869129495
35,2020-03-02,146.06,149.54,153.96,140.54,319343,41.798,2.6784,0.06407962103449925
36,2020-03-03,152.93,148.54,160.92,148.54,314413,41.767,2.6764,0.0640792970526971
37,2020-03-04,146.97,145.18,149.42,141.86,263543,40.1689,2.574,0.06407942462950192
38,2020-03-05,152.02,149.29,155.62,146.25,310560,39.4552,2.5283,0.06408027332265456
39,2020-03-06,147.47,147.28,152.93,146.31,212794,39.9672,2.5611,0.0640800456374227
40,2020-03-09,144.46,139.66,147.57,139.66,223250,39.8897,2.5561,0.06407919838955921
41,2020-03-10,139.38,147.19,147.44,135.71,303723,40.0758,2.5681,0.06408106637921139
42,2020-03-11,147.28,140.38,149.51,140.38,249961,40.1534,2.573,0.0640792560530366
43,2020-03-12,136.65,135.96,139.73,133.7,215453,42.822,2.744,0.06407921162019523
44,2020-03-13,130.6,137.31,139.38,130.04,319342,43.0548,2.759,0.06408112452037867
45,2020-03-16,137.28,127.21,138.97,126.27,262263,43.9081,2.8136,0.06407929288673389
46,2020-03-17,129.41,127.81,131.51,122.51,301862,44.1874,2.8315,0.06407935293771529
47,2020-03-18,131.04,125.21,131.79,124.05,389474,43.1168,2.7629,0.06407943075552917
48,2020-03-19,124.7,124.23,126.62,119.15,370221,43.3185,2.7759,0.06408116624536861
49,2020-03-20,125.8,122.38,127.34,121.16,337612,42.8065,2.7431,0.06408138950860266
50,2020-03-23,117.49,113.41,119.69,112.98,344695,42.1549,2.7013,0.06408033229826189
51,2020-03-24,115.95,115.39,118.21,111.0,313551,43.0703,2.76,0.06408128106839282
52,2020-03-25,118.75,117.9,121.51,116.55,435616,42.2635,2.7083,0.06408129946644267
53,2020-03-26,117.46,118.09,120.91,116.58,303342,46.1578,2.9578,0.0640801771314924
54,2020-03-27,120.0,117.46,120.88,117.02,263451,46.856,3.0025,0.06407930681236128
55,2020-03-30,115.33,115.42,117.18,110.65,268654,47.5852,3.0493,0.06408084866723267
56,2020-03-31,117.18,113.16,117.71,113.04,161062,49.7418,3.1875,0.06408091383906493
57,2020-04-01,112.16,113.67,116.52,112.16,223987,49.7108,3.1855,0.06408064243584896
58,2020-04-02,114.29,120.41,120.82,114.14,310449,52.7673,3.3813,0.06407945830087952
59,2020-04-03,120.72,117.15,121.29,116.55,278131,53.9464,3.4569,0.06408027227025344
60,2020-04-07,120.47,120.56,122.13,119.12,287094,50.8899,3.261,0.06407951283064027
61,2020-04-08,119.69,118.34,121.16,116.11,344207,48.7333,3.1228,0.06407938719520327
62,2020-04-09,118.75,116.24,119.37,113.63,403159,48.8575,3.1308,0.06408023333162768
63,2020-04-10,115.3,112.5,115.3,111.63,213242,48.6092,3.1149,0.06408046213473992
64,2020-04-13,113.45,110.37,113.51,109.27,192141,48.5316,3.1099,0.06407989845791197
65,2020-04-14,111.91,115.55,116.08,110.65,292190,50.358,3.2636,0.06480797489971801
66,2020-04-15,115.55,116.49,118.75,114.67,266026,50.5132,3.2737,0.06480880245163641
67,2020-04-16,114.98,117.05,117.99,113.51,182008,47.2217,3.0604,0.06480918730160075
68,2020-04-17,118.31,120.31,121.1,117.52,385559,48.9284,3.171,0.0648089861920684
69,2020-04-20,120.91,124.05,124.33,118.12,264874,47.9864,3.1099,0.06480794558458229
70,2020-04-21,122.13,123.32,126.08,121.32,243793,47.9199,3.1056,0.06480814859797286
71,2020-04-22,121.88,122.73,123.01,120.94,137398,47.5985,3.0848,0.06480876498208978
72,2020-04-23,122.92,121.72,123.23,121.32,114413,45.5039,2.949,0.06480763187331195
73,2020-04-24,121.82,119.09,123.39,117.46,189390,45.7699,2.9663,0.06480896833945453
74,2020-04-27,120.63,123.26,125.52,119.72,242982,46.7119,3.0273,0.06480789691705968
75,2020-04-28,123.29,129.94,133.77,120.31,372863,47.9975,3.1106,0.06480754205948226
76,2020-04-29,128.62,128.78,129.72,126.84,194574,47.7426,3.0941,0.06480794929475982
77,2020-04-30,125.64,133.05,133.7,125.49,371759,49.5379,3.2105,0.06480896444944174
78,2020-05-06,131.6,134.9,135.05,131.13,279624,50.0699,3.2449,0.06480739925584034
79,2020-05-07,135.68,133.33,137.88,132.95,208521,50.3469,3.2629,0.06480835960108766
80,2020-05-08,134.11,133.45,137.25,133.2,204919,50.7459,3.2888,0.06480917670196017
81,2020-05-11,134.55,134.39,136.31,132.58,178983,48.5405,3.1458,0.06480773786837794
82,2020-05-12,134.36,139.76,139.76,133.17,302606,47.8977,3.1042,0.0648089574238429
83,2020-05-13,138.22,137.81,138.82,136.75,171322,48.4186,3.1379,0.06480773917461471
84,2020-05-14,137.25,137.5,139.29,136.43,149389,46.8117,3.0338,0.06480858417874164
85,2020-05-15,137.88,136.62,138.57,136.34,184082,47.8866,3.1035,0.06480936211800378
86,2020-05-18,137.94,132.42,139.32,131.23,249358,47.2106,3.0596,0.06480747967617442
87,2020-05-19,133.89,136.78,137.75,132.7,213514,49.017,3.1767,0.06480812779239854
88,2020-05-20,136.78,133.27,137.88,132.23,169423,49.9701,3.2385,0.06480875563587025
89,2020-05-21,134.11,129.41,135.05,128.69,180585,49.5822,3.2133,0.06480753173517916
90,2020-05-22,129.22,125.64,130.6,124.39,213798,49.8371,3.2299,0.06480914820485141
91,2020-05-25,125.33,123.04,126.24,122.38,122246,47.9421,3.107,0.06480734052117033
92,2020-05-26,123.07,124.14,125.27,122.51,165029,48.0085,3.1114,0.06480935667642189
93,2020-05-27,124.8,121.91,125.21,120.25,148630,52.1977,3.3828,0.064807453201961
94,2020-05-28,122.48,121.72,122.98,119.72,110823,53.8489,3.4899,0.06480912330613996
95,2020-05-29,121.88,122.41,123.1,120.63,124298,56.0765,3.6342,0.06480789635587099
96,2020-06-01,123.45,126.77,128.31,123.45,226339,55.6997,3.6098,0.06480824851839417
97,2020-06-02,127.53,128.47,128.66,125.58,166353,57.362,3.7175,0.06480771242285834
98,2020-06-03,128.12,127.78,129.63,126.55,147721,55.0458,3.5674,0.06480785091687286
99,2020-06-04,129.44,127.93,129.88,125.83,115350,54.5249,3.5337,0.0648089221621681
100,2020-06-05,127.34,126.84,127.43,125.99,109461,51.6657,3.3484,0.06480895449011626
101,2020-06-08,126.84,126.74,128.62,125.99,135576,49.6487,3.2176,0.0648073363451611
102,2020-06-09,126.9,122.45,127.18,121.0,211694,50.0366,3.2428,0.06480856013398192
103,2020-06-10,122.2,123.36,123.48,121.0,109586,48.3964,3.1365,0.064808539478143
104,2020-06-11,123.17,124.42,126.46,122.54,138845,47.6318,3.0869,0.0648075445395723
105,2020-06-12,121.82,123.48,125.33,121.13,140309,46.6011,3.0201,0.06480748308516322
106,2020-06-15,124.58,120.44,126.21,120.44,184222,47.1885,3.0582,0.0648081630058171
107,2020-06-16,122.57,122.38,122.95,120.75,154122,47.8202,3.0991,0.06480734083086227
108,2020-06-17,128.5,128.28,133.05,126.9,466558,47.4212,3.0733,0.06480856663264532
109,2020-06-18,127.84,133.8,138.82,124.33,597722,46.6676,3.0244,0.06480727528306576
110,2020-06-19,134.05,134.46,135.65,132.58,246182,46.4349,3.0094,0.0648090121869542
111,2020-06-22,135.99,136.59,140.92,135.99,302609,44.4844,2.883,0.06480923649638974
112,2020-06-23,136.46,137.72,138.03,136.15,186186,42.4009,2.7479,0.06480758663141584
113,2020-06-24,137.88,135.93,138.38,134.58,219464,41.7138,2.7034,0.06480828886363744
114,2020-06-29,135.15,134.27,136.84,132.79,161807,42.7888,2.7731,0.06480901544329357
115,2020-06-30,135.62,137.19,140.7,135.43,216758,43.1213,2.7946,0.06480787916876347
116,2020-07-01,137.84,139.35,142.55,136.65,283551,42.7445,2.7702,0.06480833791481945
117,2020-07-02,140.98,143.99,145.46,139.66,334497,42.4231,2.7494,0.0648090309289043
118,2020-07-03,143.83,142.89,143.83,139.76,266972,43.9413,2.8478,0.06480918862209356
119,2020-07-06,144.46,148.6,151.52,143.52,395409,43.9746,2.8499,0.06480786635921645
120,2020-07-07,152.58,156.69,163.21,152.33,523062,44.3625,2.8751,0.06480924204001128
121,2020-07-08,156.94,158.17,160.14,152.93,396670,44.3071,2.8715,0.06480902609288354
122,2020-07-09,157.63,164.72,168.92,156.69,455297,44.5509,2.8873,0.06480901620393753
123,2020-07-10,162.34,160.02,166.51,159.2,397721,43.9524,2.8485,0.06480874764517978
124,2020-07-13,160.02,161.08,162.15,158.89,387529,42.412,2.7486,0.06480713005753089
125,2020-07-14,161.96,154.78,161.96,151.64,487028,42.1682,2.7328,0.06480712954311543
126,2020-07-15,155.28,150.11,156.88,149.16,393117,42.2347,2.7372,0.06480926820836895
127,2020-07-16,150.76,138.25,152.55,137.88,470873,43.0215,2.7882,0.06480945573724764
128,2020-07-17,139.47,138.06,141.51,135.27,384463,42.6336,2.763,0.06480803873001575
129,2020-07-20,140.45,143.43,143.52,136.46,325610,43.5535,2.8226,0.0648076503610502
130,2020-07-21,142.8,142.7,144.02,140.32,250691,44.8833,2.9088,0.06480806892541324
131,2020-07-22,142.58,143.8,146.5,141.36,267652,46.2465,2.9972,0.06480922880650428
132,2020-07-23,142.23,141.11,143.11,136.75,271374,47.4877,3.0776,0.06480836090187564
133,2020-07-24,141.11,135.99,144.55,135.24,309603,45.9472,2.9778,0.06480917226729811
134,2020-07-27,136.9,137.91,139.88,135.68,186058,47.4323,3.074,0.06480815815383188
135,2020-07-28,139.44,134.86,139.6,133.42,257881,47.7426,3.0941,0.06480794929475982
136,2020-07-29,135.3,139.41,139.57,134.36,236010,47.8534,3.1013,0.06480835217560299
137,2020-07-30,139.32,137.94,140.7,137.69,157987,48.5405,3.1458,0.06480773786837794
138,2020-07-31,137.94,139.76,141.54,137.75,210337,46.6454,3.023,0.06480810540803594
139,2020-08-03,140.48,146.0,146.03,139.82,314732,46.313,3.0015,0.06480901690670006
140,2020-08-04,147.69,144.87,147.69,144.02,225945,46.2686,2.9986,0.06480853105561872
141,2020-08-05,148.22,144.08,149.13,142.83,281773,46.8227,3.0345,0.06480830879039441
142,2020-08-06,143.46,142.58,144.08,139.79,253723,46.1689,2.9921,0.06480769522340797
143,2020-08-07,142.45,137.5,142.45,135.08,281467,44.6617,2.8944,0.0648072061744179
144,2020-08-10,137.25,138.22,139.47,136.53,173490,45.0717,2.921,0.06480785060248448
145,2020-08-11,138.09,134.58,138.78,134.17,173925,42.7112,2.768,0.06480735732079641
146,2020-08-12,134.43,131.92,135.4,129.6,216554,44.6174,2.7546,0.061738245617180734
147,2020-08-13,132.86,131.16,133.99,131.1,132942,45.6246,2.8168,0.06173862346190433
148,2020-08-14,130.94,137.09,137.69,130.76,234088,46.0083,2.8405,0.06173886016218813
149,2020-08-17,136.31,138.0,138.91,135.05,210896,46.2361,2.8545,0.061737473532586004
150,2020-08-18,138.97,138.19,142.27,137.47,240586,46.5119,2.8716,0.06173903882662286
151,2020-08-19,139.44,140.85,143.96,138.47,338261,45.085,2.7835,0.06173893756238217
152,2020-08-20,139.38,136.02,141.86,135.87,223554,43.838,2.7065,0.06173867420958985
153,2020-08-21,137.28,145.34,146.72,136.15,390758,43.6222,2.6931,0.061736913773262236
154,2020-08-24,145.56,144.9,145.62,142.58,227609,43.2625,2.6709,0.061737070210921695
155,2020-08-25,145.78,140.2,147.27,140.07,411381,41.284,2.5488,0.06173820366243581
156,2020-08-26,140.33,140.42,144.24,138.88,336634,42.0994,2.5991,0.0617372219081507
157,2020-08-27,141.17,141.12,142.0,139.19,219496,43.5262,2.6872,0.06173752820140512
158,2020-08-28,140.6,140.77,141.43,137.74,261353,44.3296,2.7368,0.06173752977694363
159,2020-08-31,142.05,146.88,147.31,142.05,458599,45.181,2.7894,0.06173834133817313
160,2020-09-01,147.14,155.52,156.01,144.59,639783,43.874,2.7087,0.06173815927428545
161,2020-09-02,154.34,152.19,155.13,151.62,365094,45.121,2.7857,0.06173843664812393
162,2020-09-03,146.88,143.54,147.62,141.48,699749,42.543,2.6265,0.061737536139905506
163,2020-09-04,139.32,143.63,145.47,139.19,377884,42.3512,2.6147,0.06173851036098151
164,2020-09-07,143.14,137.52,144.24,136.47,408767,43.2145,2.668,0.06173853683370165
165,2020-09-08,137.92,135.46,138.71,133.27,273254,43.9939,2.7161,0.061738104600865124
166,2020-09-09,135.37,133.48,138.09,133.22,283229,44.2337,2.7309,0.06173799614321208
167,2020-09-10,131.2,122.46,132.87,121.41,582119,44.1618,2.7265,0.06173887839716679
168,2020-09-11,121.72,124.75,124.92,118.51,352140,43.2025,2.6672,0.06173716798796365
169,2020-09-14,124.75,122.16,125.45,120.84,332535,42.4471,2.6206,0.061738022149923084
170,2020-09-15,122.68,124.0,125.58,121.85,278371,45.8764,2.8323,0.061737625445762966
171,2020-09-16,123.91,125.45,126.86,122.6,282100,46.5839,2.876,0.061738068302568054
172,2020-09-17,125.36,124.88,126.24,123.34,211788,46.9556,2.8989,0.06173704520866521
173,2020-09-18,124.79,127.91,128.61,124.53,331523,47.9508,2.9604,0.06173828173878225
174,2020-09-21,127.69,127.12,130.06,126.64,232838,47.723,2.9463,0.061737526978605704
175,2020-09-22,125.58,124.7,126.86,124.31,164713,51.584,3.1847,0.0617381358560794
176,2020-09-23,124.92,124.05,126.02,122.29,192671,51.0684,3.1529,0.06173876604710545
177,2020-09-24,123.39,116.49,123.61,116.41,577173,52.7591,3.2572,0.06173721689717983
178,2020-09-25,117.94,116.27,118.73,114.83,366822,55.3611,3.4179,0.0617382963850068
179,2020-09-28,116.8,115.75,117.59,115.48,193858,52.4833,3.2402,0.061737733717201475
180,2020-09-29,116.27,115.97,117.5,115.7,223827,55.397,3.4201,0.06173800025272127
181,2020-09-30,116.14,114.52,116.58,113.73,202334,56.1644,3.4675,0.06173839656437173
182,2020-10-09,116.98,116.54,118.12,115.53,338634,54.5937,3.3705,0.06173789283378851
183,2020-10-12,117.28,121.06,121.06,117.02,422612,55.8767,3.4497,0.06173771894188454
184,2020-10-13,120.93,121.15,121.46,118.82,346844,56.2604,3.4734,0.06173791867814662
185,2020-10-14,121.15,118.07,121.19,117.59,326195,54.4618,3.3624,0.06173868656562949
186,2020-10-15,118.16,116.19,119.22,115.79,296875,60.5171,3.7362,0.06173792200882065
187,2020-10-16,116.23,115.18,116.89,114.52,205711,59.33,3.6629,0.061737738075172764
188,2020-10-19,116.36,112.28,117.37,111.93,421654,59.366,3.6651,0.06173735808375164
189,2020-10-20,111.93,113.86,114.25,110.74,377303,55.3371,3.4164,0.06173796603002325
190,2020-10-21,114.52,110.17,114.69,109.56,367161,52.4233,3.2365,0.06173781505551921
191,2020-10-22,108.9,108.06,109.56,107.36,387674,51.4401,3.1758,0.061737827103757574
192,2020-10-23,108.2,106.4,108.99,106.04,237620,51.56,3.1832,0.06173778122575639
193,2020-10-26,106.4,107.27,108.15,104.77,178413,52.3754,3.2335,0.061736998667313275
194,2020-10-27,106.04,107.8,108.02,106.04,159906,51.4641,3.1773,0.06173818253889604
195,2020-10-28,107.8,108.24,109.07,105.34,295982,50.3609,3.1092,0.061738372427816025
196,2020-10-29,106.88,104.77,106.88,104.73,296915,48.946,3.0218,0.06173742491725575
197,2020-10-30,103.23,99.46,104.51,98.84,703855,47.8309,2.953,0.06173833233328246
198,2020-11-02,100.12,98.84,100.43,95.95,479190,44.3536,2.7383,0.06173794235417193
199,2020-11-03,99.5,100.91,102.8,99.5,529296,45.2289,2.7923,0.0617370751886515
200,2020-11-04,101.74,100.47,101.92,99.94,235157,44.0059,2.7168,0.061737176151379705
201,2020-11-05,101.87,105.39,106.7,100.95,581449,40.8403,2.5214,0.06173803816328479
202,2020-11-06,105.61,106.79,107.98,104.2,505593,37.5909,2.3208,0.06173834624869318
203,2020-11-09,108.06,110.39,112.54,108.06,601447,36.9434,2.2808,0.0617376852157625
204,2020-11-10,110.22,106.57,110.22,106.0,487298,35.6723,2.2023,0.06173697799132661
205,2020-11-11,105.17,102.36,105.25,102.31,388623,39.6413,2.4474,0.06173864126554881
206,2020-11-12,103.41,103.19,104.11,101.87,256706,41.5598,2.5658,0.06173754445401565
207,2020-11-13,101.08,101.48,102.71,94.63,621377,40.7684,2.517,0.06173899392666869
208,2020-11-16,100.91,103.23,105.25,99.02,392057,41.7876,2.5799,0.06173841043754607
209,2020-11-17,102.58,101.92,102.97,100.47,224675,41.332,2.5517,0.06173666892480402
210,2020-11-18,101.92,100.47,102.58,100.43,213485,40.4806,2.4992,0.061738215342657964
211,2020-11-19,99.28,100.69,101.35,98.58,232744,40.4087,2.4947,0.06173670521447113
212,2020-11-20,101.04,100.91,103.1,100.38,250305,40.9722,2.5295,0.06173698263700753
213,2020-11-23,101.22,101.92,102.75,99.5,261797,40.6725,2.511,0.06173704591554491
214,2020-11-24,101.57,102.01,103.41,101.22,253689,38.706,2.3896,0.06173719836717821
215,2020-11-25,102.23,100.43,102.88,100.21,264948,38.742,2.3918,0.0617366165918125
216,2020-11-26,100.43,99.15,101.0,98.8,203407,38.2383,2.3608,0.0617391463532636
217,2020-11-27,99.28,99.02,100.12,98.01,164546,38.6221,2.3844,0.06173667408038402
218,2020-11-30,99.55,101.04,101.08,98.84,239499,38.1424,2.3548,0.061737069507949154
219,2020-12-01,100.56,102.44,102.88,100.29,319329,38.5621,2.3807,0.06173678300714951
