,日期,开盘,收盘,最高,最低,成交量,pe,pb,roe
0,2020-01-03,64.16,64.71,66.61,63.98,2452398,80.149,9.9032,0.1235598697426044
1,2020-01-06,64.53,64.62,65.89,63.44,1761911,75.9224,9.3809,0.12355905503514115
2,2020-01-07,64.44,64.71,65.8,64.16,1111143,73.8873,9.1295,0.12355979985735033
3,2020-01-08,64.25,64.53,65.98,63.53,1693122,73.6525,9.1005,0.12355996062591222
4,2020-01-09,65.61,67.52,68.15,65.52,2684094,72.7133,8.9844,0.12355923881875806
5,2020-01-10,68.06,67.88,68.43,66.16,1668533,72.4002,8.9457,0.12355905094184824
6,2020-01-13,67.34,67.07,68.06,66.43,1164492,74.2787,9.1778,0.12355897451086247
7,2020-01-14,67.25,66.79,67.97,66.52,703452,76.0006,9.3906,0.12355955084565119
8,2020-01-15,66.43,65.8,66.88,64.44,1297058,74.1221,9.1585,0.1235596401073364
9,2020-01-16,65.43,64.53,66.07,64.07,1202674,75.2179,9.2939,0.12355968459635273
10,2020-01-17,64.71,64.16,65.52,63.26,1107659,74.9048,9.2552,0.12355950486484178
11,2020-01-20,64.44,63.44,64.44,62.62,1066357,74.9048,9.2552,0.12355950486484178
12,2020-01-21,62.8,61.62,64.16,61.26,2329029,74.357,9.1875,0.12355931519561036
13,2020-01-22,61.35,61.8,62.26,60.53,1816618,75.6876,9.3519,0.12355920917032645
14,2020-01-23,61.08,58.08,61.08,57.36,2769477,76.1572,9.4099,0.12355890185038315
15,2020-02-03,52.73,52.73,53.28,52.73,2679238,77.253,9.5453,0.1235589556392632
16,2020-02-04,51.55,51.46,53.64,50.37,5359901,76.9399,9.5066,0.12355877769531805
17,2020-02-05,52.01,52.82,54.64,51.83,3434045,79.3663,9.8064,0.12355873966658394
18,2020-02-06,52.64,53.55,54.09,51.73,2772002,79.0532,9.7678,0.12355983059509291
19,2020-02-07,53.1,53.0,53.64,52.1,1669584,75.0614,9.2745,0.12355884649100601
20,2020-02-10,52.64,54.37,55.0,52.01,2654591,75.3745,9.3132,0.12355902858393754
21,2020-02-11,54.55,56.36,57.36,53.82,3172004,75.4527,9.3229,0.1235595280221914
22,2020-02-12,55.91,56.36,56.91,55.36,1846764,73.1046,9.0328,0.1235599401405657
23,2020-02-13,56.0,54.64,56.0,54.46,1827497,76.9399,9.5066,0.12355877769531805
24,2020-02-14,54.64,55.18,55.64,53.91,1663555,78.2705,9.671,0.12355868430634785
25,2020-02-17,55.0,55.82,56.0,54.73,1621290,74.5918,9.2165,0.1235591579771503
26,2020-02-18,55.73,56.09,56.09,55.0,1575298,76.0789,9.4003,0.12355988322649249
27,2020-02-19,55.64,55.18,55.91,55.18,1315225,72.3219,8.936,0.12355870075316053
28,2020-02-20,55.36,57.81,58.63,55.09,2735132,71.6958,9.8502,0.13738880101763282
29,2020-02-21,57.36,57.0,57.81,56.63,1697521,74.9048,10.2911,0.13738905917911803
30,2020-02-24,56.63,55.82,56.81,55.09,1923287,73.1829,10.0545,0.137388652267128
31,2020-02-25,54.91,55.09,55.82,53.82,1856499,72.1654,9.9147,0.13738855462590105
32,2020-02-26,54.37,56.09,57.09,53.91,2672942,73.1829,10.0545,0.137388652267128
33,2020-02-27,55.91,55.27,56.36,54.91,1193832,71.8523,9.8717,0.13738878226584259
34,2020-02-28,53.28,53.19,54.91,52.82,2250667,73.496,10.0975,0.13738842930227496
35,2020-03-02,53.37,54.18,54.55,52.46,1639812,70.2086,9.6459,0.13738915175633754
36,2020-03-03,54.73,53.73,55.27,53.28,1620617,65.8255,9.0437,0.13738900578043461
37,2020-03-04,53.28,53.91,54.09,52.82,1303064,63.0077,8.6566,0.13738955714936427
38,2020-03-05,54.0,55.0,55.91,53.28,1859313,63.1643,8.6781,0.13738931643349173
39,2020-03-06,54.27,54.09,54.55,53.91,988097,62.5381,8.592,0.13738824812394365
40,2020-03-09,52.64,52.46,53.19,52.19,1261541,61.2075,8.4092,0.1373883919454315
41,2020-03-10,52.1,53.0,53.46,51.73,1425656,61.5206,8.4522,0.1373881269038338
42,2020-03-11,53.0,52.19,53.37,52.1,1031033,58.9377,8.0974,0.1373891414154268
43,2020-03-12,51.55,50.92,51.64,50.46,1304564,61.8337,8.4953,0.13738948178743954
44,2020-03-13,48.74,50.1,50.65,48.29,1622338,61.2858,8.42,0.13738908523671062
45,2020-03-16,50.19,47.38,50.37,47.29,1741602,60.9727,8.377,0.13738935622007883
46,2020-03-17,47.47,46.11,48.29,45.38,2001965,62.4598,8.5813,0.1373891687133164
47,2020-03-18,46.47,43.93,46.93,43.93,2204988,59.7204,8.2049,0.13738856404176797
48,2020-03-19,43.75,43.3,44.48,41.94,2766987,58.8594,8.0866,0.13738842054115402
49,2020-03-20,43.48,44.11,44.75,43.48,1583226,59.2508,8.1404,0.13738886226008762
50,2020-03-23,42.57,43.21,44.57,42.3,1711850,56.8244,7.807,0.13738816423930567
51,2020-03-24,44.2,43.3,44.48,42.21,1516320,56.9026,7.8178,0.1373891526924956
52,2020-03-25,44.48,44.48,45.47,44.02,1834190,54.0066,7.4199,0.13738876359556054
53,2020-03-26,43.93,43.93,44.66,43.75,946534,54.4763,7.4844,0.1373881853209561
54,2020-03-27,44.57,43.93,44.75,43.93,1076070,58.468,8.0329,0.137389683245536
55,2020-03-30,43.3,41.94,43.3,41.66,1672224,57.6853,7.9253,0.13738855479645595
56,2020-03-31,42.57,44.84,45.2,42.12,2459951,56.6678,7.7855,0.1373884287020142
57,2020-04-01,44.84,44.48,45.84,44.11,1478829,57.294,7.8715,0.13738785911264706
58,2020-04-02,44.57,44.75,44.93,44.02,872274,58.7029,8.0651,0.13738844247899165
59,2020-04-03,43.75,42.48,44.3,41.94,3712869,57.9202,7.9576,0.13738902835280264
60,2020-04-07,42.48,42.93,43.03,42.21,2791756,59.0159,8.1081,0.13738839871966707
61,2020-04-08,42.57,41.94,42.57,41.39,2333654,59.6421,8.1942,0.13738952853772754
62,2020-04-09,42.21,41.85,42.3,41.66,1232464,58.468,8.0329,0.137389683245536
63,2020-04-10,41.94,41.39,42.03,41.21,1258366,60.0335,8.2479,0.13738829153722504
64,2020-04-13,41.21,40.12,41.3,39.67,2379176,60.7379,8.3447,0.13738868153163014
65,2020-04-14,40.3,42.03,42.03,40.03,3095928,60.3465,8.2909,0.137388249525656
66,2020-04-15,42.48,43.75,44.84,42.39,3907716,54.8676,7.5382,0.13738891440485823
67,2020-04-16,44.48,43.39,44.48,43.12,1599440,49.8583,7.2671,0.14575506986800593
68,2020-04-17,43.93,44.02,44.75,43.57,1990963,50.7193,7.3926,0.14575516617934398
69,2020-04-20,44.02,45.02,46.11,43.75,2080148,51.7368,7.5409,0.14575505249648218
70,2020-04-21,45.02,44.3,45.29,43.57,997408,52.676,7.6778,0.14575518262586376
71,2020-04-22,43.93,44.84,44.84,43.48,925074,47.9015,6.9819,0.14575535212884774
72,2020-04-23,44.84,44.48,45.2,43.93,933571,46.5709,6.788,0.14575625551578347
73,2020-04-24,44.2,43.84,44.39,43.57,644949,47.1188,6.8678,0.14575498527127176
74,2020-04-27,43.84,45.57,45.93,43.84,1360587,47.5885,6.9363,0.14575580234720573
75,2020-04-28,46.02,46.65,47.38,44.57,1920116,47.9798,6.9933,0.14575508859978575
76,2020-04-29,46.56,47.74,48.83,46.29,1531748,45.5534,6.6397,0.1457564089617899
77,2020-04-30,48.56,48.47,48.92,47.38,1070409,46.023,6.7081,0.1457553831779762
78,2020-05-06,47.83,51.37,52.19,47.65,2249294,47.3536,6.9021,0.1457566056223814
79,2020-05-07,51.46,49.74,51.73,49.74,1404972,46.6492,6.7994,0.1457559829536198
80,2020-05-08,50.19,50.1,50.83,49.38,1052804,47.1188,6.8678,0.14575498527127176
81,2020-05-11,50.19,50.92,51.37,50.1,837283,47.4319,6.9135,0.14575633697996496
82,2020-05-12,50.56,50.1,51.1,49.38,903898,48.4494,7.0618,0.14575619099514134
83,2020-05-13,49.65,50.37,50.83,49.56,610188,49.0756,7.153,0.14575471313646698
84,2020-05-14,50.19,49.19,50.28,49.19,708647,48.2929,7.039,0.14575641553934426
85,2020-05-15,49.19,49.28,50.1,49.19,682781,46.5709,6.788,0.14575625551578347
86,2020-05-18,49.28,49.01,49.56,48.11,679659,46.8057,6.8222,0.14575575197037965
87,2020-05-19,48.74,48.83,49.19,48.29,757526,49.4669,7.2101,0.14575605101593186
88,2020-05-20,48.47,49.83,50.83,48.2,1326944,49.1539,7.1645,0.1457564913465666
89,2020-05-21,49.92,49.1,50.01,49.01,670795,47.5102,6.9249,0.14575606922303
90,2020-05-22,49.56,47.92,49.92,47.38,875577,47.3536,6.9021,0.1457566056223814
91,2020-05-25,47.56,47.56,48.11,46.74,638787,44.3011,6.4571,0.14575484581646955
92,2020-05-26,47.92,50.1,50.56,47.47,1373428,45.0838,6.5712,0.1457552380234142
93,2020-05-27,50.56,49.28,50.83,49.28,690071,45.8665,6.6853,0.14575561684453794
94,2020-05-28,49.74,49.01,49.83,48.29,676915,45.71,6.6625,0.1457558521111354
95,2020-05-29,48.74,49.56,49.92,48.47,617198,47.2754,6.8906,0.14575445157523786
96,2020-06-01,49.47,51.19,52.64,49.47,1937181,47.1188,6.8678,0.14575498527127176
97,2020-06-02,51.28,50.37,51.92,50.1,1065240,47.6667,6.9477,0.14575584212878173
98,2020-06-03,50.65,51.73,52.28,50.56,1496902,46.4144,6.7652,0.14575648936536936
99,2020-06-04,51.64,52.91,53.19,50.92,1283144,46.023,6.7081,0.1457553831779762
100,2020-06-05,53.37,54.46,55.18,53.0,1785945,47.3536,6.3995,0.13514284024868226
101,2020-06-08,54.73,53.55,55.09,53.37,1414322,44.4576,6.0081,0.1351422478946232
102,2020-06-09,54.09,53.91,54.64,53.37,973199,45.1621,6.1033,0.1351420770956178
103,2020-06-10,54.0,52.73,54.18,52.01,1070616,45.3186,6.1245,0.1351431862414108
104,2020-06-11,52.73,51.92,52.82,51.19,998352,43.5967,5.8918,0.13514325625563403
105,2020-06-12,50.74,52.46,52.73,50.56,832078,42.4226,5.7331,0.1351425890916634
106,2020-06-15,52.55,50.92,52.55,50.46,1557085,43.4401,5.8706,0.13514241449720418
107,2020-06-16,51.19,52.37,52.55,51.1,913704,43.5184,5.8812,0.1351428361336814
108,2020-06-17,52.46,52.1,52.73,51.28,782016,41.8747,5.659,0.13514126668370163
109,2020-06-18,51.92,52.19,53.82,51.46,1040683,40.6224,5.4898,0.1351421875615424
110,2020-06-19,52.01,51.83,52.37,51.55,1029425,40.9355,5.5321,0.13514186952645016
111,2020-06-22,51.92,53.28,54.18,51.55,1930760,40.8572,5.5215,0.13514141938263022
112,2020-06-23,53.37,55.18,55.54,53.0,1978328,41.092,5.5533,0.13514309354618906
113,2020-06-24,55.54,55.09,56.45,54.46,1271555,39.8397,5.384,0.13514157988137462
114,2020-06-29,54.37,53.91,54.64,53.46,1095929,41.1703,5.5638,0.13514110900333492
115,2020-06-30,54.0,55.27,55.64,53.91,1076051,40.7006,5.5004,0.13514297086529437
116,2020-07-01,55.09,57.27,57.63,54.73,1713705,41.4051,5.5956,0.1351427722671845
117,2020-07-02,56.63,57.09,58.18,56.63,1574612,42.4226,5.7331,0.1351425890916634
118,2020-07-03,57.36,56.27,57.45,55.45,1492765,42.1095,5.6908,0.1351429012455622
119,2020-07-06,56.63,59.63,59.9,56.54,2112165,42.8922,5.7966,0.1351434526557276
120,2020-07-07,59.9,58.72,60.62,58.72,1531443,41.5616,5.6167,0.13514157299045274
121,2020-07-08,59.08,59.17,60.26,58.54,1539556,40.5441,5.4792,0.135141734555706
122,2020-07-09,59.08,60.62,61.71,58.72,2063149,39.3701,5.3206,0.1351431670226898
123,2020-07-10,60.17,59.99,61.99,59.72,1917109,40.0745,5.4158,0.1351432956119228
124,2020-07-13,59.72,60.17,61.17,59.26,2077725,38.6656,5.2254,0.13514338326574526
125,2020-07-14,59.81,58.36,60.81,57.45,2075125,38.196,5.1619,0.1351424232903969
126,2020-07-15,58.9,58.54,60.62,57.81,1809807,38.4308,5.1936,0.13514160517085255
127,2020-07-16,58.45,57.63,60.9,57.27,2265682,39.1352,5.2888,0.13514176495840063
128,2020-07-17,57.63,56.72,58.36,56.18,1506453,36.9437,4.9927,0.13514347507152777
129,2020-07-20,57.36,60.26,60.35,57.36,2386185,37.2567,5.035,0.1351434775490046
130,2020-07-21,60.26,60.44,61.9,59.9,1708107,38.2743,5.1725,0.13514290267882106
131,2020-07-22,61.08,62.35,63.53,59.63,2674417,38.9004,5.2571,0.13514256922807993
132,2020-07-23,61.99,62.71,63.07,59.9,2050104,38.0395,5.1407,0.13514110332680504
133,2020-07-24,62.26,59.63,62.35,59.17,1684246,38.196,5.1619,0.1351424232903969
134,2020-07-27,59.9,59.35,60.9,58.54,1184415,38.4308,5.1936,0.13514160517085255
135,2020-07-28,59.63,61.35,61.8,59.54,1371355,38.3525,5.183,0.1351411250896291
136,2020-07-29,60.72,62.26,62.44,60.17,1389647,39.3701,5.3206,0.1351431670226898
137,2020-07-30,62.26,61.53,62.53,61.26,843410,39.1352,5.2888,0.13514176495840063
138,2020-07-31,61.17,60.35,61.71,58.45,2376879,39.8397,5.384,0.13514157988137462
139,2020-08-03,60.26,59.99,60.81,58.72,2457464,39.1352,5.2888,0.13514176495840063
140,2020-08-04,59.9,59.45,59.99,58.72,1205759,38.8222,5.2465,0.13514174879321625
141,2020-08-05,59.45,60.26,60.81,58.99,1575726,40.231,5.4369,0.13514205463448584
142,2020-08-06,59.9,58.72,60.17,58.08,1674611,37.7264,5.0984,0.13514143941642986
143,2020-08-07,58.27,58.18,58.81,56.91,1482415,37.1002,5.0138,0.1351421286138619
144,2020-08-10,57.81,60.99,61.17,57.45,2173048,36.161,4.8869,0.13514283343934072
145,2020-08-11,60.53,60.53,62.62,59.9,2051862,11.3431,4.7936,0.42260052366636985
146,2020-08-12,60.53,59.99,61.08,59.08,1297060,10.8641,4.5912,0.42260288473044244
147,2020-08-13,60.35,59.35,60.53,59.08,827517,11.0406,4.6657,0.42259478651522564
148,2020-08-14,59.35,60.9,61.35,59.35,1143026,11.1414,4.7083,0.4225950060136069
149,2020-08-17,61.08,66.43,66.43,61.08,3982543,10.9902,4.6444,0.4225946752561373
150,2020-08-18,66.43,65.34,66.43,64.07,2150562,11.1918,4.7296,0.4225951142800979
151,2020-08-19,65.34,64.16,65.52,63.62,1498578,10.9146,4.6125,0.42259908746083225
152,2020-08-20,64.07,63.17,64.98,62.62,1500364,10.7381,4.5379,0.42259803875918456
153,2020-08-21,67.07,68.97,68.97,66.16,3581159,10.8389,4.5805,0.4225982341381505
154,2020-08-24,69.79,75.32,75.32,69.61,5541424,10.36,4.3781,0.4225965250965251
155,2020-08-25,75.59,75.78,79.31,73.78,3926609,9.8307,4.1544,0.4225945253135585
156,2020-08-26,76.14,74.96,76.41,73.33,2329474,10.1836,4.3036,0.42260104481715705
157,2020-08-27,75.05,73.14,75.68,72.69,1985675,10.3096,4.3568,0.42259641499185224
158,2020-08-28,73.6,74.51,74.78,72.51,2017290,10.3348,4.3675,0.42260130820141656
159,2020-08-31,76.32,73.78,76.59,73.51,1784948,10.6121,4.4846,0.4225930777131765
160,2020-09-01,73.42,72.51,73.87,71.87,1390954,10.486,4.4314,0.422601563990082
161,2020-09-02,73.42,73.42,74.32,72.06,1669931,11.1162,4.6977,0.42259944945215094
162,2020-09-03,73.42,71.78,73.69,71.33,1263189,11.0406,4.6657,0.42259478651522564
163,2020-09-04,70.6,71.06,72.33,70.24,1509953,11.1414,4.7083,0.4225950060136069
164,2020-09-07,71.15,72.24,75.68,71.06,2533790,10.3348,4.3675,0.42260130820141656
165,2020-09-08,72.87,73.14,74.05,72.15,1401136,10.8894,4.6018,0.4225944496482818
166,2020-09-09,72.6,68.52,73.24,68.34,2100563,10.8894,4.6018,0.4225944496482818
167,2020-09-10,69.33,67.97,70.51,67.52,1652934,11.0406,4.6657,0.42259478651522564
168,2020-09-11,67.97,71.33,72.24,67.97,1675007,10.7129,4.5273,0.422602656610255
169,2020-09-14,71.96,71.24,73.51,70.51,1487454,10.6877,4.5166,0.4225979396876784
170,2020-09-15,70.97,74.05,74.51,70.42,1839372,10.9398,4.6231,0.4225945629719008
171,2020-09-16,73.69,73.6,74.51,72.69,1207654,10.7129,4.5273,0.422602656610255
172,2020-09-17,72.87,74.6,74.78,71.69,1162371,10.8894,4.6018,0.4225944496482818
173,2020-09-18,74.14,77.95,78.13,74.14,1636319,11.4943,4.8575,0.42260076733685387
174,2020-09-21,78.13,76.05,78.13,75.32,1197467,11.8472,5.0066,0.42259774461476124
175,2020-09-22,74.78,76.41,77.95,74.41,1201799,12.6034,5.3262,0.42260025072599455
176,2020-09-23,75.87,77.05,77.77,75.14,954814,12.8303,5.422,0.4225933922043912
177,2020-09-24,76.5,73.69,77.59,73.69,1410141,13.1832,5.5712,0.42259845864433526
178,2020-09-25,75.23,76.68,77.32,74.14,1189484,13.41,5.6671,0.4226025354213273
179,2020-09-28,77.05,76.32,77.77,75.87,832522,13.2588,5.6031,0.42259480495972485
180,2020-09-29,77.05,77.86,78.41,75.32,1326484,13.7125,5.7949,0.42259981768459437
181,2020-09-30,78.59,78.59,80.49,77.59,1605407,13.9646,5.9014,0.4225971384787247
182,2020-10-09,79.4,78.41,80.22,78.22,1234132,13.6621,5.7736,0.42259974674464396
183,2020-10-12,79.4,81.67,82.03,79.13,1553471,13.6117,5.7523,0.4225996752793552
184,2020-10-13,81.49,86.75,87.84,81.04,1950816,13.7377,5.8055,0.4225962133399332
185,2020-10-14,94.92,90.56,94.92,88.93,4011794,13.4605,5.6884,0.422599457672449
186,2020-10-15,89.11,88.66,91.47,87.02,2370207,14.0402,6.0688,0.4322445549208701
187,2020-10-16,88.93,90.2,92.1,88.02,1732602,14.2671,6.1669,0.43224621682051717
188,2020-10-19,90.11,89.02,90.11,86.93,1442842,13.9898,6.047,0.4322434916868003
189,2020-10-20,89.2,90.2,92.2,88.39,1375900,14.1915,6.1342,0.432244653489765
190,2020-10-21,90.65,92.2,92.92,90.56,1221426,14.5191,6.2758,0.43224442286367615
191,2020-10-22,92.47,88.48,92.47,87.12,1784395,14.746,6.3739,0.4322460328224603
192,2020-10-23,90.2,89.2,92.01,88.57,1364633,14.015,6.0579,0.4322440242597217
193,2020-10-26,89.2,93.56,93.83,86.66,1595538,14.2671,6.1669,0.43224621682051717
194,2020-10-27,93.83,91.83,93.83,89.84,1456622,14.1915,6.1342,0.432244653489765
195,2020-10-28,91.92,96.1,97.19,90.93,1412903,14.015,6.0579,0.4322440242597217
196,2020-10-29,94.46,94.55,95.73,92.92,1519079,13.8638,5.9925,0.4322407997807239
197,2020-10-30,94.19,90.11,94.28,89.93,1159148,14.3427,6.1996,0.4322477636707175
198,2020-11-02,90.02,92.83,95.64,90.02,1856624,14.3427,6.1996,0.4322477636707175
199,2020-11-03,93.74,92.74,96.64,91.83,1291104,13.7881,5.9599,0.432249548523727
200,2020-11-04,92.01,92.38,94.1,90.38,1117331,13.41,5.7964,0.4322445935868755
201,2020-11-05,92.92,97.0,98.36,92.74,1944634,13.5613,5.8618,0.4322446963049265
202,2020-11-06,96.73,97.37,97.64,95.19,1351399,13.3596,5.7746,0.4322434803437229
203,2020-11-09,97.91,94.55,98.64,93.56,2355851,12.9815,5.6112,0.43224588837961714
204,2020-11-10,94.55,94.92,95.73,92.38,1016864,13.3344,5.7637,0.43224292056635466
205,2020-11-11,94.28,93.65,95.64,93.47,873004,14.8216,6.4066,0.43224753063097104
206,2020-11-12,93.65,93.1,96.91,90.74,1595050,15.8551,6.8533,0.4322457758071535
207,2020-11-13,92.47,91.56,93.01,89.84,1360660,15.8047,6.8315,0.4322448385606813
208,2020-11-16,91.56,92.2,93.83,90.47,1136297,16.3088,7.0494,0.4322451682527224
209,2020-11-17,92.29,92.2,93.65,91.2,955361,16.5105,7.1366,0.4322461463916901
210,2020-11-18,92.29,92.56,93.1,91.38,730999,16.6113,7.1802,0.4322479276155388
211,2020-11-19,91.83,91.29,92.92,87.3,1488881,16.9642,7.3327,0.4322455523985805
212,2020-11-20,91.65,93.47,95.1,90.65,1058818,17.2415,7.4525,0.4322419743061799
213,2020-11-23,93.37,91.47,94.1,91.2,1128791,17.3171,7.4852,0.4322432739892938
214,2020-11-24,92.1,89.29,92.1,87.84,1476392,17.544,7.5833,0.43224464204286367
215,2020-11-25,89.02,89.66,91.38,88.57,822895,17.4431,7.5397,0.4322454150925007
216,2020-11-26,89.84,90.74,91.38,88.93,526938,16.6113,7.1802,0.4322479276155388
217,2020-11-27,90.38,91.02,91.56,89.66,611571,16.6617,7.202,0.4322488101454233
218,2020-11-30,90.65,93.37,95.01,90.65,1269556,16.6365,7.1911,0.4322483695488834
219,2020-12-01,93.56,98.27,98.73,92.92,1564381,16.6617,7.202,0.4322488101454233
