,日期,开盘,收盘,最高,最低,成交量,pe,pb,roe
0,2020-01-03,720.24,717.0,720.89,713.76,518120,8.683,0.9886,0.11385465852815847
1,2020-01-06,713.12,717.0,722.84,709.88,694236,8.6546,0.9854,0.11385852610172625
2,2020-01-07,718.95,722.84,725.43,717.65,592553,8.4843,0.966,0.11385736006506135
3,2020-01-08,718.3,713.12,720.89,711.17,618941,8.4749,0.9649,0.1138538507829001
4,2020-01-09,719.6,742.92,749.4,718.3,1766044,8.5127,0.9692,0.11385341900924499
5,2020-01-10,742.92,737.74,748.76,733.85,744648,8.6546,0.9854,0.11385852610172625
6,2020-01-13,737.09,740.33,740.33,728.02,590515,8.5789,0.9767,0.11384909487230296
7,2020-01-14,746.81,739.68,748.76,739.04,587700,8.5789,0.9767,0.11384909487230296
8,2020-01-15,739.68,742.92,747.46,735.15,457145,8.5506,0.9735,0.11385165953266439
9,2020-01-16,744.87,737.74,746.16,734.5,411516,8.5695,0.9757,0.1138572845556917
10,2020-01-17,739.68,735.15,740.98,732.56,402275,8.6168,0.981,0.11384736793241111
11,2020-01-20,734.5,733.85,735.8,728.02,445839,8.7492,0.9961,0.11385040918026791
12,2020-01-21,730.61,718.3,731.26,718.3,571578,8.7208,0.9929,0.11385423355655444
13,2020-01-22,717.0,715.06,717.65,707.28,499582,8.7303,0.994,0.11385633941559856
14,2020-01-23,707.28,700.8,707.93,695.62,876677,8.8438,1.0069,0.11385377326488613
15,2020-02-03,636.0,648.96,652.2,636.0,1076450,9.014,1.0263,0.11385622365209674
16,2020-02-04,647.67,659.33,666.46,643.13,1269985,9.2883,1.0575,0.1138529117276574
17,2020-02-05,661.92,662.57,671.64,655.44,902190,9.1937,1.0467,0.11384970142597649
18,2020-02-06,663.22,681.36,687.2,658.04,997717,9.3545,1.065,0.11384894970335133
19,2020-02-07,682.01,678.12,682.66,669.7,654094,9.241,1.0521,0.11385131479277136
20,2020-02-10,678.77,682.01,694.97,674.88,722984,9.364,1.0661,0.11385091841093549
21,2020-02-11,686.55,680.07,687.2,676.18,527198,9.241,1.0521,0.11385131479277136
22,2020-02-12,678.77,678.77,679.42,674.88,471715,9.1654,1.0363,0.11306653282999106
23,2020-02-13,678.12,673.59,680.72,669.05,620527,9.1559,1.0353,0.11307462947389116
24,2020-02-14,673.59,673.59,676.18,670.35,322153,9.0897,1.0278,0.11307303871414898
25,2020-02-17,674.24,683.96,683.96,674.24,941555,8.91,1.0075,0.11307519640852974
26,2020-02-18,682.66,680.07,683.31,676.18,600995,8.9857,1.016,0.11306854223933584
27,2020-02-19,678.77,676.18,682.01,675.53,516705,8.9951,1.0171,0.11307267289968981
28,2020-02-20,678.12,683.31,684.6,672.29,876859,9.2032,1.0406,0.1130693671766342
29,2020-02-21,683.31,687.2,693.03,680.72,957281,9.2316,1.0438,0.1130681571991854
30,2020-02-24,684.6,677.48,685.25,674.88,850153,9.0519,1.0235,0.11307018416023157
31,2020-02-25,668.4,669.7,670.35,659.98,885389,8.9857,1.016,0.11306854223933584
32,2020-02-26,665.81,676.83,690.44,662.57,989700,9.0708,1.0256,0.11306610221810645
33,2020-02-27,678.12,672.29,679.42,670.35,536470,9.0992,1.0289,0.11307587480218041
34,2020-02-28,661.92,654.15,666.46,653.5,736349,8.7303,0.9871,0.11306598856854862
35,2020-03-02,654.15,666.46,667.76,654.15,517005,8.8438,1.0,0.11307356566181959
36,2020-03-03,672.29,671.0,678.12,668.4,593536,8.8532,1.0011,0.1130777571951385
37,2020-03-04,673.59,684.6,685.9,667.76,929625,8.7114,0.985,0.1130702298138072
38,2020-03-05,687.84,686.55,689.14,680.72,868095,8.6073,0.9732,0.11306681537764454
39,2020-03-06,682.01,697.56,705.99,679.42,1204822,8.56,0.9679,0.11307242990654205
40,2020-03-09,687.84,671.0,690.44,667.76,940025,8.4938,0.9604,0.11307071040052745
41,2020-03-10,661.92,676.18,677.48,660.63,633645,8.4843,0.9593,0.1130676661598482
42,2020-03-11,676.83,668.4,677.48,667.76,486366,8.5506,0.9668,0.11306808878909083
43,2020-03-12,661.92,657.39,665.16,655.44,530734,8.7019,0.9839,0.11306726117284731
44,2020-03-13,636.0,645.72,650.91,629.52,798731,8.6924,0.9829,0.11307579034558926
45,2020-03-16,648.96,638.6,659.98,637.3,665152,8.8059,0.9957,0.11307191769154773
46,2020-03-17,637.95,638.6,645.08,624.99,505227,8.8816,1.0043,0.11307647270762024
47,2020-03-18,641.19,629.52,645.72,629.52,447676,8.7114,0.985,0.1130702298138072
48,2020-03-19,628.23,635.36,643.78,624.34,548144,8.7114,0.985,0.1130702298138072
49,2020-03-20,641.19,637.95,642.48,629.52,436416,8.7776,0.9925,0.113071910317171
50,2020-03-23,624.34,622.4,628.88,619.8,435993,8.6924,0.9829,0.11307579034558926
51,2020-03-24,628.23,628.88,630.17,621.75,325635,8.7208,0.9861,0.11307448857902944
52,2020-03-25,637.95,636.65,639.24,632.12,399728,8.6641,0.9797,0.11307579552405905
53,2020-03-26,634.06,633.41,641.19,631.47,319478,8.7681,0.9914,0.11306896591051652
54,2020-03-27,638.6,633.41,639.24,632.76,308495,9.014,1.0192,0.11306856001775019
55,2020-03-30,626.28,628.23,629.52,623.04,276545,8.9194,1.0085,0.11306814359710295
56,2020-03-31,630.82,637.95,639.24,629.52,341617,9.0897,1.0278,0.11307303871414898
57,2020-04-01,636.0,631.47,637.3,628.23,280610,9.26,1.047,0.11306695464362851
58,2020-04-02,628.23,633.41,633.41,626.93,240750,9.4207,1.0652,0.11307015402252486
59,2020-04-03,632.12,628.23,632.12,627.58,199965,9.3545,1.0577,0.11306857662087766
60,2020-04-07,634.06,637.3,637.95,632.12,389043,9.3167,1.0535,0.11307651850977278
61,2020-04-08,635.36,634.71,636.65,633.41,215351,9.5059,1.0772,0.1133190965610831
62,2020-04-09,637.3,641.19,644.43,635.36,395484,9.2221,1.0451,0.11332559829106169
63,2020-04-10,642.48,634.06,642.48,632.76,246672,9.2127,1.044,0.1133218274772868
64,2020-04-13,632.76,630.17,634.06,629.52,171228,9.5059,1.0772,0.1133190965610831
65,2020-04-14,632.12,636.65,636.65,629.52,225183,9.6194,1.0901,0.11332307628334408
66,2020-04-15,634.71,626.93,634.71,624.99,427327,9.695,1.0986,0.1133161423414131
67,2020-04-16,624.99,624.99,625.64,623.04,242563,9.6856,1.0976,0.11332287106632524
68,2020-04-17,628.23,626.28,628.88,625.64,256634,9.6856,1.0976,0.11332287106632524
69,2020-04-20,628.23,626.28,628.23,623.04,294006,9.9599,1.1287,0.11332443096818243
70,2020-04-21,624.99,618.51,624.99,616.56,291043,9.9883,1.1319,0.11332258742728991
71,2020-04-22,616.56,617.21,617.86,612.03,246378,9.8653,1.1179,0.11331637152443412
72,2020-04-23,617.86,612.03,619.16,611.38,276910,9.941,1.1265,0.11331857961975655
73,2020-04-24,610.73,597.77,612.03,594.53,511607,9.6856,1.0976,0.11332287106632524
74,2020-04-27,598.42,595.18,601.66,592.59,264415,9.7802,1.1083,0.1133207909858694
75,2020-04-28,595.18,582.22,599.07,576.39,378824,10.0734,1.1415,0.11331824408839121
76,2020-04-29,580.92,582.87,586.11,577.04,193818,10.0072,1.134,0.11331841074426413
77,2020-04-30,589.35,598.42,601.01,584.81,329187,10.2153,1.1576,0.11332021575479918
78,2020-05-06,598.42,610.73,611.38,595.83,342031,10.4139,1.1801,0.11331969771171223
79,2020-05-07,610.08,608.79,612.68,606.84,229845,10.3761,1.1758,0.11331810603213154
80,2020-05-08,609.44,616.56,618.51,609.44,280861,10.5369,1.194,0.11331606070096518
81,2020-05-11,616.56,616.56,620.45,614.62,191767,9.7518,1.1051,0.11332266863553396
82,2020-05-12,616.56,610.73,618.51,607.49,204557,10.1018,1.1447,0.11331643865449721
83,2020-05-13,610.73,610.08,611.38,607.49,138851,9.695,1.0986,0.1133161423414131
84,2020-05-14,608.14,604.25,608.79,604.25,147841,9.5437,1.0815,0.11332082944769847
85,2020-05-15,605.55,607.49,610.08,605.55,143280,9.695,1.0986,0.1133161423414131
86,2020-05-18,606.84,605.55,608.79,602.31,185211,9.7329,1.1029,0.11331668875669121
87,2020-05-19,610.08,619.16,620.45,609.44,326769,10.395,1.178,0.11332371332371333
88,2020-05-20,619.16,619.8,622.4,615.92,224980,10.6693,1.209,0.11331577516800541
89,2020-05-21,624.34,612.03,625.64,612.03,217613,10.6787,1.2101,0.1133190369614279
90,2020-05-22,613.32,612.03,624.34,608.79,262258,10.7828,1.2219,0.11331936046295953
91,2020-05-25,608.14,599.72,610.73,597.77,196133,10.622,1.2037,0.11332140839766522
92,2020-05-26,602.96,608.14,609.44,600.36,141757,10.7071,1.2133,0.1133173314903195
93,2020-05-27,612.68,619.16,622.4,610.08,304563,10.6882,1.2112,0.11332123276136301
94,2020-05-28,619.8,614.62,623.69,610.08,225682,11.8705,1.3452,0.11332294343119498
95,2020-05-29,613.97,621.1,627.58,610.73,379770,11.6908,1.3248,0.1133198754576248
96,2020-06-01,624.34,630.82,632.76,622.4,391181,10.6314,1.2048,0.11332467972233197
97,2020-06-02,632.12,637.95,647.67,628.23,585539,10.0072,1.134,0.11331841074426413
98,2020-06-03,641.84,632.76,644.43,631.47,370427,9.0992,1.0311,0.11331765429927905
99,2020-06-04,637.95,627.58,638.6,626.93,248595,9.0424,1.0247,0.11332168450853754
100,2020-06-05,630.17,625.64,633.41,621.75,265374,9.0329,1.0236,0.11331908910759558
101,2020-06-08,625.64,628.23,630.17,621.75,290336,8.683,0.9788,0.11272601635379477
102,2020-06-09,627.58,637.95,637.95,624.99,415134,8.5316,0.9617,0.11272211542969666
103,2020-06-10,639.89,632.12,640.54,631.47,306500,8.3519,0.9415,0.1127288401441588
104,2020-06-11,632.76,625.64,634.06,623.69,292513,8.2952,0.9351,0.11272784260777319
105,2020-06-12,615.27,623.04,623.69,610.08,287666,8.2763,0.9329,0.11271945192900207
106,2020-06-15,618.51,633.41,645.72,618.51,659377,8.4465,0.9521,0.11272124548629608
107,2020-06-16,639.24,628.88,639.24,624.34,489746,8.3708,0.9436,0.11272518755674489
108,2020-06-17,629.52,626.28,629.52,622.4,277316,8.4654,0.9543,0.11272946346303778
109,2020-06-18,628.88,635.36,646.37,627.58,737887,8.56,0.9649,0.11272196261682242
110,2020-06-19,636.0,639.24,645.08,630.17,631378,8.5033,0.9585,0.11272094363364812
111,2020-06-22,639.24,632.76,641.84,632.76,304391,8.3708,0.9436,0.11272518755674489
112,2020-06-23,632.76,626.28,634.71,624.99,271524,8.4087,0.9479,0.1127284835943725
113,2020-06-24,625.64,631.47,634.06,624.99,230995,8.4749,0.9553,0.11272109405420713
114,2020-06-29,628.88,619.8,629.52,619.16,255611,8.3236,0.9383,0.1127276659137873
115,2020-06-30,622.4,621.1,624.99,615.92,199408,8.3614,0.9425,0.11272035783481235
116,2020-07-01,621.75,624.99,625.64,619.8,250970,8.456,0.9532,0.11272469252601704
117,2020-07-02,624.99,637.3,638.6,622.4,506082,8.5411,0.9628,0.11272552715692358
118,2020-07-03,637.3,647.67,650.26,636.65,818446,8.3992,0.9468,0.11272502143061243
119,2020-07-06,654.15,674.88,676.83,651.56,1079145,8.3614,0.9425,0.11272035783481235
120,2020-07-07,677.48,675.53,691.08,669.05,962416,8.3898,0.9457,0.11272020787146297
121,2020-07-08,672.94,679.42,682.66,665.81,685658,8.4654,0.9543,0.11272946346303778
122,2020-07-09,681.36,741.63,741.63,681.36,1734032,8.5411,0.9628,0.11272552715692358
123,2020-07-10,754.59,784.4,807.72,735.8,3257802,8.4371,0.9511,0.11272830711974494
124,2020-07-13,825.87,856.97,856.97,807.72,2267961,8.2952,0.9351,0.11272784260777319
125,2020-07-14,891.96,869.28,895.2,838.83,3155742,8.2006,0.9244,0.1127234592590786
126,2020-07-15,853.08,788.28,864.75,788.28,2924476,8.2668,0.9319,0.11272802051579812
127,2020-07-16,786.99,789.58,810.96,763.01,2258522,8.106,0.9138,0.11273131014063656
128,2020-07-17,789.58,783.75,803.84,751.35,1311001,7.983,0.8999,0.11272704497056245
129,2020-07-20,785.04,794.76,812.26,784.4,1207155,8.1628,0.9202,0.11273092566276277
130,2020-07-21,804.48,787.64,820.68,777.27,957913,8.1628,0.9202,0.11273092566276277
131,2020-07-22,777.92,786.99,807.08,773.38,892758,8.2763,0.9329,0.11271945192900207
132,2020-07-23,775.32,768.2,780.51,742.92,1249248,8.2668,0.9319,0.11272802051579812
133,2020-07-24,765.6,722.84,781.16,717.0,1388042,8.0682,0.9095,0.11272650653181628
134,2020-07-27,732.56,720.24,743.57,709.88,712735,8.0965,0.9127,0.11272772185512257
135,2020-07-28,724.13,709.88,731.26,702.75,767821,8.0493,0.9074,0.11273029952915159
136,2020-07-29,710.52,720.24,724.13,700.8,872842,8.1344,0.917,0.11273111723052716
137,2020-07-30,717.0,748.11,752.0,715.06,1492631,8.1438,0.918,0.1127237898769616
138,2020-07-31,736.44,724.13,742.92,707.28,1654713,8.229,0.9276,0.11272329566168429
139,2020-08-03,726.72,777.92,784.4,717.65,1964561,8.229,0.9276,0.11272329566168429
140,2020-08-04,769.49,766.9,788.28,759.12,1238157,8.1155,0.9148,0.1127225679255745
141,2020-08-05,760.42,769.49,778.56,752.64,873504,8.1438,0.918,0.1127237898769616
142,2020-08-06,769.49,755.88,774.03,744.87,720101,7.9641,0.8978,0.11273087982320665
143,2020-08-07,753.29,741.63,753.29,729.96,571126,7.7371,0.8662,0.1119540913262075
144,2020-08-10,742.28,746.16,753.29,737.74,489071,7.7277,0.8651,0.11194792758518059
145,2020-08-11,745.52,726.08,750.05,725.43,500331,7.9168,0.8863,0.11195179870654809
146,2020-08-12,722.19,719.6,726.08,706.64,554725,7.9547,0.8905,0.11194639647001144
147,2020-08-13,724.78,737.09,754.59,721.54,643822,8.1628,0.9138,0.1119468809722154
148,2020-08-14,730.61,731.91,735.15,720.89,394083,8.2384,0.9223,0.11195134977665566
149,2020-08-17,731.26,740.33,744.22,726.72,596118,8.2573,0.9244,0.11194942656800648
150,2020-08-18,740.98,738.39,752.0,734.5,539012,8.3708,0.9371,0.11194867874038325
151,2020-08-19,741.63,719.6,744.87,719.6,515660,6.1822,0.9286,0.15020542848824042
152,2020-08-20,717.0,719.6,725.43,709.23,326867,6.1682,0.9265,0.15020589475049448
153,2020-08-21,721.54,720.24,726.08,716.36,230988,6.1892,0.9297,0.150213274736638
154,2020-08-24,720.24,715.06,720.89,710.52,329724,6.294,0.9454,0.15020654591674612
155,2020-08-25,715.71,707.28,717.0,705.34,396529,6.2241,0.9349,0.15020645555180667
156,2020-08-26,705.34,687.2,708.58,684.6,675690,6.266,0.9412,0.15020746887966804
157,2020-08-27,687.84,687.84,692.38,680.07,316901,6.3429,0.9528,0.1502152012486402
158,2020-08-28,685.9,707.28,708.58,685.25,437740,6.273,0.9423,0.1502152080344333
159,2020-08-31,706.64,694.32,711.82,694.32,415990,6.301,0.9465,0.1502142517060784
160,2020-09-01,694.32,696.92,700.8,689.79,261410,6.2032,0.9318,0.1502127933969564
161,2020-09-02,698.21,701.45,705.99,696.92,364542,6.2591,0.9402,0.15021328945055998
162,2020-09-03,701.45,690.44,705.34,689.14,383764,6.2381,0.937,0.15020599220916625
163,2020-09-04,680.72,678.77,683.31,672.29,474363,6.308,0.9475,0.15020608750792644
164,2020-09-07,676.18,667.11,679.42,665.81,427164,6.2032,0.9318,0.1502127933969564
165,2020-09-08,667.76,673.59,673.59,659.33,378026,6.2591,0.9402,0.15021328945055998
166,2020-09-09,669.05,656.74,669.7,652.85,435764,6.2591,0.9402,0.15021328945055998
167,2020-09-10,662.57,649.61,663.87,648.32,312174,6.294,0.9454,0.15020654591674612
168,2020-09-11,647.67,653.5,654.8,645.72,238308,6.2102,0.9328,0.15020450227045826
169,2020-09-14,654.15,651.56,657.39,648.96,199100,6.1403,0.9223,0.1502043874077814
170,2020-09-15,651.56,657.39,657.39,648.96,199340,6.308,0.9475,0.15020608750792644
171,2020-09-16,658.04,652.85,658.04,651.56,175758,6.28,0.9433,0.15020700636942674
172,2020-09-17,652.85,652.85,656.74,645.72,221375,6.2171,0.9339,0.15021473034051244
173,2020-09-18,652.85,664.52,665.16,651.56,310105,6.3149,0.9486,0.1502161554418914
174,2020-09-21,665.16,659.33,665.81,659.33,233437,6.3149,0.9486,0.1502161554418914
175,2020-09-22,656.09,651.56,658.68,650.26,199793,6.3918,0.9367,0.14654713852123033
176,2020-09-23,651.56,652.2,655.44,650.26,143458,6.5175,0.9551,0.14654392021480628
177,2020-09-24,649.61,641.84,650.91,640.54,224016,6.6363,0.9725,0.14654250109247624
178,2020-09-25,641.84,637.3,645.08,634.06,211745,6.7201,0.9848,0.14654543831192987
179,2020-09-28,637.3,637.95,641.84,636.0,135451,6.6642,0.9766,0.1465442213619039
180,2020-09-29,643.13,642.48,646.37,639.24,140595,6.9506,1.0186,0.14654849941012288
181,2020-09-30,642.48,645.72,646.37,640.54,173288,6.8319,1.0012,0.1465478124679811
182,2020-10-09,658.04,652.85,658.04,651.56,202105,6.8109,0.9981,0.14654450953618464
183,2020-10-12,654.15,662.57,663.22,653.5,295162,6.6642,0.9766,0.1465442213619039
184,2020-10-13,661.28,661.92,664.52,658.68,189528,6.6153,0.9695,0.1465542001118619
185,2020-10-14,661.28,654.15,661.92,652.2,215193,6.4826,0.95,0.14654613889488785
186,2020-10-15,659.33,679.42,688.49,659.33,694772,6.6782,0.9787,0.14655146596388247
187,2020-10-16,673.59,677.48,679.42,669.7,293454,6.7271,0.9859,0.1465564656389826
188,2020-10-19,683.96,671.64,685.25,670.35,277044,6.6502,0.9746,0.14655198339899553
189,2020-10-20,671.64,676.18,676.83,667.11,202077,6.7341,0.9869,0.1465526202462096
190,2020-10-21,679.42,688.49,694.32,674.24,519421,6.8389,1.0022,0.14654403485940723
191,2020-10-22,689.79,686.55,693.03,681.36,310630,6.7969,0.9961,0.14655210463593696
192,2020-10-23,685.25,672.29,691.08,669.7,338693,6.7201,0.9848,0.14654543831192987
193,2020-10-26,672.94,671.64,675.53,663.87,200999,6.762,0.991,0.14655427388346645
194,2020-10-27,669.7,666.46,669.7,661.28,200239,6.8039,0.9971,0.14654830317905906
195,2020-10-28,668.4,678.77,679.42,665.16,262221,6.6922,0.9807,0.14654373748543081
196,2020-10-29,667.76,683.31,686.55,666.46,327412,6.6922,0.9807,0.14654373748543081
197,2020-10-30,683.31,683.96,700.16,679.42,514425,6.748,0.9889,0.14654712507409604
198,2020-11-02,678.12,689.14,696.92,667.76,449238,6.762,0.991,0.14655427388346645
199,2020-11-03,690.44,697.56,698.86,683.96,450694,6.783,0.994,0.14654282765737872
200,2020-11-04,697.56,689.14,698.86,681.36,421915,6.7411,0.9879,0.1465487828395959
201,2020-11-05,696.27,696.92,699.51,687.84,476195,6.776,0.993,0.14654663518299882
202,2020-11-06,696.27,685.9,696.27,680.07,436543,6.5734,0.9633,0.1465451668847172
203,2020-11-09,685.9,692.38,693.03,685.9,412232,6.5385,0.9582,0.1465473732507456
204,2020-11-10,691.08,673.59,691.08,672.29,507469,6.4267,0.9418,0.1465448830659592
205,2020-11-11,673.59,661.92,673.59,656.09,353087,6.9856,1.0237,0.1465443197434723
206,2020-11-12,665.16,654.15,666.46,653.5,287897,7.1392,1.0463,0.14655703720304797
207,2020-11-13,660.63,653.5,661.92,650.91,224883,7.1742,1.0514,0.1465529257617574
208,2020-11-16,655.44,655.44,656.74,647.67,261101,7.3418,1.0759,0.1465444441417636
209,2020-11-17,671.64,646.37,671.64,643.78,696990,7.3558,1.078,0.14655102096304956
210,2020-11-18,642.48,643.13,645.08,636.65,409570,7.3837,1.0821,0.1465525414087788
211,2020-11-19,641.84,641.84,642.48,638.6,248930,7.4396,1.0903,0.14655357814936287
212,2020-11-20,642.48,643.78,644.43,639.89,202681,7.4047,1.0852,0.1465555660593947
213,2020-11-23,644.43,643.78,645.72,639.24,343562,7.4117,1.0862,0.14655207307365384
214,2020-11-24,645.08,648.96,654.8,643.78,420140,7.3837,1.0821,0.1465525414087788
215,2020-11-25,647.67,639.24,648.32,638.6,349690,7.4396,1.0903,0.14655357814936287
216,2020-11-26,639.24,636.65,641.19,635.36,261332,7.1183,1.0432,0.14655184524394868
217,2020-11-27,637.95,637.3,638.6,633.41,212115,7.2231,1.0585,0.14654372776231814
218,2020-11-30,639.89,648.96,648.96,637.95,490207,7.1602,1.0493,0.14654618586073015
219,2020-12-01,655.44,650.91,665.81,650.26,532278,7.1602,1.0493,0.14654618586073015
