,日期,开盘,收盘,最高,最低,成交量,pe,pb,roe
0,2020-01-03,97.89,99.23,100.0,97.12,254698,0.0,7.5896,inf
1,2020-01-06,99.36,98.21,99.81,97.63,214856,0.0,7.2178,inf
2,2020-01-07,98.53,99.87,100.13,97.57,199952,0.0,6.9433,inf
3,2020-01-08,99.36,96.8,99.49,95.9,268841,0.0,6.9147,inf
4,2020-01-09,97.25,97.63,98.14,96.48,202359,0.0,6.7488,inf
5,2020-01-10,98.08,97.89,99.04,97.31,191999,0.0,6.7202,inf
6,2020-01-13,97.76,97.89,97.89,94.24,301691,0.0,6.7202,inf
7,2020-01-14,96.54,95.64,97.82,95.0,239933,0.0,6.846,inf
8,2020-01-15,95.52,93.79,95.97,93.02,284172,0.0,6.8003,inf
9,2020-01-16,93.59,94.75,95.07,92.63,260334,0.0,6.8804,inf
10,2020-01-17,94.81,94.62,96.09,93.79,236786,0.0,6.8632,inf
11,2020-01-20,95.32,94.81,96.41,93.27,195299,0.0,6.8918,inf
12,2020-01-21,95.2,95.13,96.73,94.81,226634,0.0,6.8174,inf
13,2020-01-22,96.03,94.94,96.03,92.83,252272,0.0,6.9604,inf
14,2020-01-23,94.11,92.12,95.52,89.49,394571,0.0,6.8746,inf
15,2020-02-03,83.15,85.07,87.89,83.15,490203,0.0,6.9604,inf
16,2020-02-04,84.5,87.51,88.34,84.24,453331,0.0,7.132,inf
17,2020-02-05,87.25,88.98,90.84,86.48,424471,0.0,6.8918,inf
18,2020-02-06,89.11,90.9,92.25,88.92,380787,0.0,7.0805,inf
19,2020-02-07,88.85,94.49,97.18,88.85,511786,0.0,7.8641,inf
20,2020-02-10,95.52,91.8,95.52,90.71,365634,0.0,8.7391,inf
21,2020-02-11,91.99,91.48,92.7,90.52,260754,0.0,9.2367,inf
22,2020-02-12,91.03,91.1,91.99,90.39,225936,0.0,10.0999,inf
23,2020-02-13,90.97,90.33,91.67,89.94,211234,0.0,10.3311,inf
24,2020-02-14,89.75,90.2,91.16,88.47,308226,0.0,10.0821,inf
25,2020-02-17,90.07,91.42,92.25,89.81,406036,0.0,9.6672,inf
26,2020-02-18,91.35,92.06,93.21,90.65,274850,0.0,9.4242,inf
27,2020-02-19,92.19,89.11,92.19,88.79,342314,0.0,8.9263,inf
28,2020-02-20,89.37,91.35,91.67,88.79,347631,0.0,8.8849,inf
29,2020-02-21,91.67,91.54,92.7,90.26,271479,0.0,8.8019,inf
30,2020-02-24,91.61,91.48,92.57,90.58,265302,0.0,8.5707,inf
31,2020-02-25,90.78,90.78,91.35,88.79,258969,0.0,8.3573,inf
32,2020-02-26,89.69,88.15,89.69,87.64,303162,0.0,8.5055,inf
33,2020-02-27,88.53,87.96,88.92,87.38,184458,0.0,8.7545,inf
34,2020-02-28,86.29,86.36,89.49,85.97,286976,0.0,8.9678,inf
35,2020-03-02,86.8,87.89,88.6,85.33,256051,0.0,9.1101,inf
36,2020-03-03,88.47,89.94,92.63,88.21,372763,0.0,9.1042,inf
37,2020-03-04,90.33,90.2,91.54,89.11,209282,0.0,8.5885,inf
38,2020-03-05,90.84,92.19,93.91,89.56,506892,0.0,8.4048,inf
39,2020-03-06,91.74,93.66,95.9,91.54,371371,0.0,8.2803,inf
40,2020-03-09,92.95,90.52,94.04,90.33,296150,0.0,8.2388,inf
41,2020-03-10,89.75,90.39,91.67,87.64,284379,0.0,8.5174,inf
42,2020-03-11,90.46,89.56,91.29,88.79,196976,0.0,8.3573,inf
43,2020-03-12,88.66,87.19,89.11,86.03,204952,0.0,8.5826,inf
44,2020-03-13,83.41,86.23,88.15,82.58,226318,0.0,8.707,inf
45,2020-03-16,86.23,80.78,86.74,80.78,278175,0.0,8.9619,inf
46,2020-03-17,80.85,79.82,83.22,77.58,259663,0.0,9.2227,inf
47,2020-03-18,80.33,77.83,82.45,77.19,282829,0.0,9.033,inf
48,2020-03-19,77.19,74.18,78.73,72.58,549280,0.0,9.1871,inf
49,2020-03-20,74.82,75.02,76.55,73.35,284292,0.0,9.1694,inf
50,2020-03-23,73.03,71.3,73.99,71.17,280732,0.0,9.2168,inf
51,2020-03-24,73.09,73.54,76.17,72.77,444711,0.0,8.9086,inf
52,2020-03-25,75.21,74.63,75.98,73.09,404034,0.0,8.5707,inf
53,2020-03-26,74.76,78.15,79.24,73.99,585904,0.0,8.707,inf
54,2020-03-27,78.92,77.96,80.46,77.77,313546,0.0,8.9856,inf
55,2020-03-30,77.32,75.02,77.32,74.18,207498,0.0,9.1634,inf
56,2020-03-31,75.98,77.64,78.22,74.89,246052,0.0,9.5724,inf
57,2020-04-01,77.13,79.05,80.78,76.23,305004,0.0,9.8273,inf
58,2020-04-02,79.18,81.04,81.29,78.22,217441,0.0,9.9103,inf
59,2020-04-03,80.59,79.24,81.42,78.99,189679,0.0,10.2955,inf
60,2020-04-07,80.91,82.06,82.19,79.69,213844,0.0,10.4081,inf
61,2020-04-08,81.61,82.25,83.54,80.65,161904,0.0,10.8428,inf
62,2020-04-09,81.55,85.84,86.68,81.55,189041,0.0,10.6738,inf
63,2020-04-10,85.14,83.09,86.29,82.58,173919,0.0,10.4116,inf
64,2020-04-13,82.13,80.46,83.86,79.63,202698,0.0,10.2925,inf
65,2020-04-14,80.65,80.4,81.42,79.44,253121,0.0,10.2633,inf
66,2020-04-15,72.58,73.41,76.68,72.58,1864109,0.0,9.7265,inf
67,2020-04-16,71.81,75.02,75.66,71.3,560667,0.0,9.4231,inf
68,2020-04-17,75.66,75.27,77.96,75.08,476942,0.0,9.2773,inf
69,2020-04-20,75.72,73.8,76.1,73.67,374563,0.0,9.3939,inf
70,2020-04-21,74.25,73.8,74.63,72.58,375492,0.0,9.2247,inf
71,2020-04-22,73.48,75.02,75.59,73.41,318885,0.0,9.2597,inf
72,2020-04-23,77.77,75.66,78.6,74.82,485016,0.0,9.1606,inf
73,2020-04-24,76.3,72.58,76.3,71.81,478098,0.0,8.7288,inf
74,2020-04-27,72.39,72.58,73.22,70.59,283795,0.0,8.7696,inf
75,2020-04-28,72.96,70.85,72.96,69.89,341281,0.0,9.0089,inf
76,2020-04-29,70.08,73.61,74.37,70.08,335671,0.0,9.1314,inf
77,2020-04-30,73.22,75.27,76.3,73.09,369784,0.0,9.2773,inf
78,2020-05-06,74.37,73.86,75.53,72.26,476165,0.0,9.2539,inf
79,2020-05-07,73.86,74.05,75.02,72.9,268857,0.0,9.3181,inf
80,2020-05-08,74.12,78.86,80.2,73.86,653960,0.0,9.038,inf
81,2020-05-11,78.86,77.13,80.14,76.42,304838,0.0,8.9797,inf
82,2020-05-12,76.94,79.37,79.37,76.17,454353,0.0,9.1722,inf
83,2020-05-13,78.28,83.98,86.1,77.9,612173,0.0,9.1022,inf
84,2020-05-14,83.66,82.32,85.07,81.1,428297,0.0,8.8747,inf
85,2020-05-15,82.06,80.27,82.7,79.69,354465,0.0,8.9038,inf
86,2020-05-18,80.08,81.74,82.83,78.92,318947,0.0,8.7463,inf
87,2020-05-19,82.64,83.34,84.3,82.0,312626,0.0,9.2014,inf
88,2020-05-20,83.54,81.93,83.98,81.42,189711,0.0,9.4523,inf
89,2020-05-21,82.51,82.45,83.79,81.23,285690,0.0,9.3764,inf
90,2020-05-22,82.45,79.56,82.9,79.12,262460,0.0,9.2831,inf
91,2020-05-25,80.14,79.12,80.14,78.03,119170,0.0,9.5165,inf
92,2020-05-26,79.31,80.65,81.42,78.86,125548,0.0,9.2422,inf
93,2020-05-27,81.23,78.47,81.74,77.83,179829,0.0,9.5573,inf
94,2020-05-28,78.6,77.77,78.73,75.59,208956,0.0,9.9074,inf
95,2020-05-29,77.26,77.26,78.22,76.3,157643,0.0,10.0358,inf
96,2020-06-01,77.96,80.14,80.52,76.23,329265,0.0,9.2831,inf
97,2020-06-02,80.14,77.51,80.27,76.55,380501,0.0,9.2247,inf
98,2020-06-03,77.51,78.15,78.92,77.19,286733,0.0,8.8105,inf
99,2020-06-04,78.22,77.13,78.54,76.36,192132,0.0,8.6004,inf
100,2020-06-05,77.9,75.98,77.9,75.34,271840,0.0,8.6938,inf
101,2020-06-08,76.23,75.72,77.58,75.53,249246,0.0,8.6938,inf
102,2020-06-09,76.36,76.17,77.51,75.66,228168,0.0,8.402,inf
103,2020-06-10,75.91,76.68,77.26,74.25,328970,0.0,8.4662,inf
104,2020-06-11,76.68,76.1,78.41,75.02,361792,0.0,8.4079,inf
105,2020-06-12,74.37,75.91,76.17,74.05,283956,0.0,8.2328,inf
106,2020-06-15,75.53,74.31,76.94,73.48,290679,0.0,7.8477,inf
107,2020-06-16,75.34,79.88,81.55,74.37,704547,0.0,7.9644,inf
108,2020-06-17,80.72,78.54,82.83,77.51,505315,0.0,7.9353,inf
109,2020-06-18,78.54,76.87,78.8,75.91,297685,0.0,7.5035,inf
110,2020-06-19,76.94,84.37,84.37,76.36,895169,0.0,6.8208,inf
111,2020-06-22,85.39,89.11,91.54,85.39,1083197,0.0,6.9725,inf
112,2020-06-23,88.98,89.43,90.26,87.19,502263,0.0,7.0951,inf
113,2020-06-24,89.11,88.15,89.43,86.93,476092,0.0,6.5874,inf
114,2020-06-29,90.26,92.38,95.32,88.41,731428,0.0,6.7333,inf
115,2020-06-30,94.17,94.3,97.44,93.02,538046,0.0,6.7508,inf
116,2020-07-01,95.2,94.94,97.05,92.31,472266,0.0,6.8033,inf
117,2020-07-02,96.16,94.24,96.16,93.72,368860,0.0,6.7566,inf
118,2020-07-03,94.24,97.44,99.42,93.02,675786,0.0,6.7158,inf
119,2020-07-06,97.44,97.44,99.62,95.45,601136,0.0,6.7391,inf
120,2020-07-07,96.54,96.41,98.4,94.17,534873,0.0,6.8442,inf
121,2020-07-08,98.02,98.72,100.77,96.16,609468,0.0,6.9375,inf
122,2020-07-09,98.59,103.27,104.36,98.02,535485,0.0,6.8792,inf
123,2020-07-10,102.95,103.91,106.02,101.73,541904,0.0,7.1184,inf
124,2020-07-13,105.13,112.17,114.1,105.13,734966,0.0,6.8558,inf
125,2020-07-14,112.3,110.76,113.01,102.95,826577,0.0,6.9025,inf
126,2020-07-15,107.95,106.92,109.03,105.13,404985,0.0,6.9667,inf
127,2020-07-16,106.41,103.46,112.05,102.44,507422,0.0,7.1651,inf
128,2020-07-17,103.4,106.47,110.12,103.33,383386,0.0,7.025,inf
129,2020-07-20,108.52,103.91,108.65,98.08,701220,0.0,7.0659,inf
130,2020-07-21,103.65,104.93,106.41,102.18,419765,0.0,7.3284,inf
131,2020-07-22,105.06,105.77,107.5,103.2,300280,0.0,7.2818,inf
132,2020-07-23,103.78,103.01,105.45,99.49,496538,0.0,7.4101,inf
133,2020-07-24,102.95,98.02,104.17,97.18,418076,0.0,7.2643,inf
134,2020-07-27,98.91,99.75,100.64,98.02,314930,0.0,7.1301,inf
135,2020-07-28,100.64,99.42,102.44,98.66,271997,0.0,7.3168,inf
136,2020-07-29,100.9,101.92,103.4,98.72,458857,0.0,7.4685,inf
137,2020-07-30,102.31,102.69,103.78,100.96,300446,0.0,7.0484,inf
138,2020-07-31,102.69,100.58,103.08,99.36,329746,0.0,6.8442,inf
139,2020-08-03,100.07,101.22,102.31,99.87,293975,0.0,7.0017,inf
140,2020-08-04,101.6,104.29,106.73,100.0,499834,0.0,6.5641,inf
141,2020-08-05,106.15,103.59,106.15,101.67,320871,0.0,6.5466,inf
142,2020-08-06,104.1,103.85,106.73,103.01,247795,0.0,6.675,inf
143,2020-08-07,105.38,102.24,105.58,100.51,262556,53.4026,6.0187,0.11270425035485164
144,2020-08-10,101.67,100.9,102.31,98.72,185957,51.3486,5.7872,0.11270414383254851
145,2020-08-11,101.09,98.27,101.6,97.95,201376,52.6383,5.9326,0.11270500757053324
146,2020-08-12,98.27,97.82,98.78,94.24,258811,52.6383,5.9326,0.11270500757053324
147,2020-08-13,97.05,102.56,103.08,96.41,292965,54.9311,6.191,0.11270482477139543
148,2020-08-14,102.44,103.65,104.17,101.6,294557,54.4534,6.1372,0.11270554272093203
149,2020-08-17,103.65,103.27,106.02,102.63,309069,53.5459,6.0349,0.11270517443912606
150,2020-08-18,105.0,105.13,106.09,103.53,303969,53.5459,6.0349,0.11270517443912606
151,2020-08-19,105.0,103.85,105.96,103.27,205452,54.6445,6.1587,0.11270484678238431
152,2020-08-20,103.53,105.45,106.66,102.31,241002,54.4534,6.1372,0.11270554272093203
153,2020-08-21,105.45,108.78,111.85,105.06,424515,53.2593,6.0026,0.11270519890422893
154,2020-08-24,110.19,114.67,117.81,106.28,655904,58.4658,5.6539,0.09670439812676812
155,2020-08-25,115.38,114.99,120.82,114.22,379877,58.5135,5.6585,0.09670417937740863
156,2020-08-26,114.93,116.47,116.98,113.52,338820,60.4719,5.8479,0.0967044197387547
157,2020-08-27,114.48,119.35,120.31,114.16,359591,62.5259,6.0465,0.0967039258931099
158,2020-08-28,119.67,121.21,123.07,116.66,368484,59.851,5.7879,0.09670515112529447
159,2020-08-31,117.3,114.48,119.73,113.26,586336,59.7077,5.774,0.09670444515531497
160,2020-09-01,114.8,113.26,115.7,111.53,403033,57.606,5.5708,0.09670520431899456
161,2020-09-02,113.26,109.1,113.97,108.59,523911,58.9434,5.7001,0.09670463529419748
162,2020-09-03,110.19,108.2,111.21,107.56,346888,57.4627,5.5569,0.09670447090025355
163,2020-09-04,106.98,105.45,108.07,102.88,403358,56.4118,5.4553,0.0967049447101493
164,2020-09-07,105.45,101.03,106.86,99.75,484315,54.4534,5.2659,0.09670470530765755
165,2020-09-08,101.22,99.1,101.73,97.31,263408,56.6507,5.4784,0.09670489508514457
166,2020-09-09,98.14,96.09,98.14,94.24,371101,56.794,5.4922,0.09670387717012362
167,2020-09-10,97.05,94.62,98.85,94.11,239037,54.1668,5.2382,0.09670499272617175
168,2020-09-11,94.81,98.27,99.87,93.47,236876,53.3548,5.1597,0.09670545105594998
169,2020-09-14,98.21,101.6,102.44,97.37,312677,51.683,4.998,0.0967049126405201
170,2020-09-15,101.73,101.09,102.88,100.32,203209,54.4534,5.2659,0.09670470530765755
171,2020-09-16,100.58,101.28,101.8,98.72,145683,53.8324,5.2058,0.0967038437818117
172,2020-09-17,100.39,99.62,101.47,99.36,114409,56.5551,5.4691,0.09670392236951221
173,2020-09-18,99.62,103.14,103.85,99.62,208870,58.0359,5.6123,0.09670393670124872
174,2020-09-21,104.17,98.85,104.17,97.44,225825,58.7524,5.6816,0.09670413463960621
175,2020-09-22,97.89,96.09,98.72,95.71,195235,62.8125,6.0743,0.0967052736318408
176,2020-09-23,96.41,94.75,96.73,93.79,300118,63.529,6.1435,0.0967038675250673
177,2020-09-24,94.3,92.31,94.36,91.48,285122,65.2963,6.3145,0.09670532633548914
178,2020-09-25,92.31,94.04,94.68,90.9,262770,65.9173,6.3745,0.0967045070110578
179,2020-09-28,94.3,91.03,94.88,90.46,219913,66.0128,6.3837,0.0967039725628969
180,2020-09-29,91.54,91.48,92.83,90.07,247794,68.3534,6.6101,0.09670477254971956
181,2020-09-30,92.44,92.83,95.07,91.22,295418,67.2547,6.5038,0.0967040221724281
182,2020-10-09,93.91,94.81,95.97,93.02,181007,65.774,6.3607,0.09670538510657706
183,2020-10-12,95.07,100.39,101.28,93.66,337014,65.5829,6.3422,0.09670508623436903
184,2020-10-13,99.62,100.45,101.54,97.76,174342,64.0544,6.1944,0.09670530049457961
185,2020-10-14,101.54,98.91,101.54,98.08,181681,62.908,6.0835,0.09670471164239842
186,2020-10-15,98.14,96.61,98.78,95.52,241791,64.1022,6.199,0.09670494928411194
187,2020-10-16,95.39,93.91,96.16,92.95,238935,64.2455,6.2128,0.09670404931084665
188,2020-10-19,94.11,92.31,94.81,91.03,260146,66.2039,6.4022,0.09670427270900958
189,2020-10-20,92.31,94.62,95.9,91.22,164482,66.7293,6.453,0.0967041464544061
190,2020-10-21,95.39,97.12,99.36,94.24,275299,66.7771,6.4577,0.09670530765786474
191,2020-10-22,98.53,98.02,99.17,93.53,342454,66.6338,6.4438,0.09670467540497467
192,2020-10-23,97.12,98.46,102.05,97.12,322270,64.962,6.2821,0.09670422708660446
193,2020-10-26,98.08,103.85,105.19,96.93,385423,67.1592,6.4946,0.09670454680818116
194,2020-10-27,103.27,106.47,107.31,102.88,306081,66.6815,6.4484,0.09670448325247633
195,2020-10-28,106.92,110.96,113.9,106.41,458987,65.774,6.3607,0.09670538510657706
196,2020-10-29,109.48,113.65,116.21,108.71,349875,65.8695,6.3699,0.096704848222622
197,2020-10-30,115.57,111.15,115.57,110.25,370437,66.4427,6.4253,0.09670437835909738
198,2020-11-02,109.68,105.45,110.32,104.49,670159,66.7293,6.453,0.0967041464544061
199,2020-11-03,104.49,99.87,105.13,98.27,824923,66.9681,6.4761,0.09670425172582169
200,2020-11-04,96.67,90.07,96.8,90.07,2167059,68.9743,6.6701,0.09670413472844233
201,2020-11-05,85.27,81.29,86.74,81.29,1423756,66.2994,6.4115,0.09670524921794163
202,2020-11-06,80.14,79.18,84.18,78.73,2360013,64.8664,6.2729,0.09670491965023495
203,2020-11-09,79.37,81.87,83.22,76.62,1624846,63.7678,6.1666,0.09670397912426021
204,2020-11-10,81.42,79.95,81.93,78.54,1143355,61.9527,5.9911,0.09670442127623172
205,2020-11-11,80.14,78.99,81.42,77.0,925316,67.207,6.4992,0.09670421235883168
206,2020-11-12,78.73,79.95,80.33,78.35,558396,69.3087,6.7025,0.096705031258702
207,2020-11-13,79.18,78.35,80.01,77.51,617302,69.452,6.7163,0.09670419858319415
208,2020-11-16,78.35,79.18,79.63,75.08,974463,69.2131,6.6932,0.09670423662572548
209,2020-11-17,78.35,78.86,80.59,77.96,558662,69.0699,6.6794,0.09670493224979332
210,2020-11-18,79.37,79.05,81.36,78.92,529345,69.1654,6.6886,0.09670442157494932
211,2020-11-19,78.99,78.15,79.76,77.77,420769,68.4489,6.6193,0.09670425675211727
212,2020-11-20,78.6,78.67,78.92,77.77,363479,69.8341,6.7533,0.09670490491035182
213,2020-11-23,78.73,77.26,79.05,76.87,475246,71.5059,6.915,0.09670530683482063
214,2020-11-24,76.94,77.26,77.26,75.21,580990,71.5059,6.915,0.09670530683482063
215,2020-11-25,77.0,77.58,78.09,76.55,458307,71.3149,6.8965,0.09670489617176775
216,2020-11-26,77.19,79.44,80.46,77.07,710613,70.6939,6.8364,0.0967042418086992
217,2020-11-27,79.56,79.76,80.72,78.09,486790,72.9867,7.0582,0.09670529014190257
218,2020-11-30,79.82,82.83,84.82,78.86,850080,71.7448,6.9381,0.09670526644439738
219,2020-12-01,82.32,87.0,87.12,82.13,722036,72.509,7.012,0.09670523659131969
