,日期,开盘,收盘,最高,最低,成交量,pe,pb,roe
0,2020-01-03,401.22,395.9,402.24,393.44,12266,30.3644,8.8757,0.29230612164244973
1,2020-01-06,394.5,384.84,394.5,380.97,24582,29.8896,8.737,0.29230903056581553
2,2020-01-07,383.05,385.32,386.29,380.15,10461,30.343,8.8695,0.2923079458194641
3,2020-01-08,385.17,385.03,386.96,381.31,12003,30.3772,8.8795,0.29230804682459216
4,2020-01-09,386.04,386.62,387.16,382.08,12499,30.1163,8.8032,0.29230682387942747
5,2020-01-10,385.8,382.66,389.57,380.78,16358,30.9588,9.0495,0.29230784138920113
6,2020-01-13,382.32,388.7,389.14,380.78,14131,30.9631,9.0508,0.29230923260267866
7,2020-01-14,391.26,382.32,393.83,380.78,19435,31.3565,9.1658,0.2923094095323139
8,2020-01-15,382.32,384.55,385.08,380.0,7928,30.7835,8.9983,0.2923091916123898
9,2020-01-16,384.74,384.01,385.61,380.87,7430,30.1078,8.8007,0.2923063126498781
10,2020-01-17,382.56,383.39,384.79,381.02,12873,30.7749,8.9958,0.292309641948471
11,2020-01-20,383.39,381.55,386.04,379.04,13066,30.7493,8.9883,0.2923090932151301
12,2020-01-21,379.47,379.18,381.6,375.31,11077,31.0743,9.0833,0.29230907856331434
13,2020-01-22,379.18,377.83,380.92,368.74,19474,31.7243,9.2733,0.29230905016028724
14,2020-01-23,378.31,366.08,378.31,365.07,18880,31.1384,9.102,0.2923078899365414
15,2020-02-03,331.96,332.01,341.38,331.96,31677,31.3523,9.1645,0.2923071034660934
16,2020-02-04,330.27,342.25,346.65,330.27,29491,31.5704,9.2283,0.29230861819932596
17,2020-02-05,346.02,353.18,360.52,342.54,34008,31.1128,9.0945,0.2923073461726363
18,2020-02-06,358.25,354.68,359.94,353.42,20681,30.8776,9.0258,0.29230898774516156
19,2020-02-07,354.39,357.43,357.67,346.75,19303,30.4969,8.9145,0.292308398558542
20,2020-02-10,357.77,365.31,368.45,353.56,21686,30.065,8.7882,0.29230666888408446
21,2020-02-11,364.25,367.92,370.24,362.7,15534,29.8811,8.7345,0.2923085160854186
22,2020-02-12,367.53,369.56,372.9,361.88,17159,30.2189,8.8332,0.29230713229138056
23,2020-02-13,372.27,368.4,373.62,363.33,9824,30.7792,8.997,0.2923077922753028
24,2020-02-14,367.77,365.36,374.2,363.57,13102,30.3301,8.8657,0.292306982172825
25,2020-02-17,367.58,366.32,372.03,364.54,22261,29.4235,8.6007,0.29230716943939367
26,2020-02-18,367.44,364.25,368.26,362.02,16595,30.9032,9.5798,0.3099937870511792
27,2020-02-19,364.25,361.15,366.66,360.77,11986,31.596,9.7946,0.3099949360678567
28,2020-02-20,359.61,369.42,369.42,358.93,22214,31.7757,9.8503,0.3099947444116101
29,2020-02-21,369.47,373.09,377.49,368.02,22503,31.9895,9.9166,0.3099954672626956
30,2020-02-24,366.52,380.92,381.6,366.52,27525,32.1178,9.9563,0.30999321248653394
31,2020-02-25,379.52,384.98,388.61,375.75,30946,31.5918,9.7933,0.3099949987021949
32,2020-02-26,386.62,391.26,395.61,376.14,24862,32.1477,9.9656,0.30999418309863536
33,2020-02-27,385.56,377.39,387.59,375.7,33331,32.755,10.1539,0.30999542054648144
34,2020-02-28,364.54,379.76,379.76,363.81,31623,32.3701,10.0346,0.3099959530554431
35,2020-03-02,374.44,378.65,384.84,373.62,20541,32.7507,10.1525,0.3099933741874219
36,2020-03-03,382.08,377.15,382.08,371.79,30098,33.0073,10.2321,0.3099950616984728
37,2020-03-04,376.52,375.65,380.0,372.75,13461,32.9304,10.2082,0.3099931977747006
38,2020-03-05,375.8,383.87,385.32,372.75,26663,33.7857,10.4734,0.3099950570803624
39,2020-03-06,380.39,374.59,381.94,372.85,19947,33.6061,10.4177,0.30999431650801496
40,2020-03-09,370.82,367.29,370.82,362.89,29102,32.9346,10.2096,0.30999617423621356
41,2020-03-10,363.57,376.96,379.81,363.47,17545,33.6873,10.4429,0.3099951613812921
42,2020-03-11,377.97,371.74,380.15,369.13,15526,33.636,10.427,0.30999524319181826
43,2020-03-12,369.61,367.82,369.95,364.54,9900,33.3965,10.3527,0.3099935621996317
44,2020-03-13,353.42,365.41,369.47,351.15,25464,33.4008,10.3541,0.309995568968408
45,2020-03-16,365.41,345.44,366.13,340.95,21706,33.4521,10.37,0.3099954860830859
46,2020-03-17,343.75,351.73,358.64,343.75,18295,33.9225,10.5158,0.3099948411821063
47,2020-03-18,355.74,347.62,361.1,347.62,17436,34.641,10.7385,0.30999393781934703
48,2020-03-19,346.02,337.18,350.08,331.91,27190,34.0679,10.5609,0.30999562638143235
49,2020-03-20,342.4,341.82,346.17,335.15,24936,34.6881,10.7531,0.3099939172223327
50,2020-03-23,335.44,329.01,338.24,327.61,24001,34.641,10.7385,0.30999393781934703
51,2020-03-24,335.0,342.4,345.2,332.63,24346,33.9183,10.5145,0.3099948995085249
52,2020-03-25,349.5,347.13,351.87,340.37,22415,33.8712,10.4999,0.3099949219395829
53,2020-03-26,343.94,351.82,353.37,343.85,13781,33.5719,10.4071,0.3099943702918214
54,2020-03-27,355.64,353.42,358.25,352.69,13880,34.5897,10.7226,0.3099940155595452
55,2020-03-30,351.0,343.17,351.0,341.48,11339,34.8976,10.8181,0.3099955297785521
56,2020-03-31,347.62,358.88,362.7,345.3,17812,35.6204,11.0421,0.30999371146870897
57,2020-04-01,360.52,360.38,365.89,356.9,10678,35.6204,11.0421,0.30999371146870897
58,2020-04-02,360.38,361.49,363.09,353.66,8554,35.3766,10.9666,0.30999587297818326
59,2020-04-03,363.33,366.76,369.61,361.06,12390,35.2954,10.9414,0.3099950701791168
60,2020-04-07,368.5,369.03,373.19,364.44,9748,36.2448,11.2357,0.3099948130490443
61,2020-04-08,365.45,366.47,368.21,362.12,9586,35.4964,11.6941,0.3294446760798278
62,2020-04-09,363.09,363.38,367.44,362.12,10089,34.9575,11.5166,0.32944575556032324
63,2020-04-10,364.54,362.07,366.95,361.35,9462,34.6025,11.3996,0.32944440430604727
64,2020-04-13,361.83,353.9,361.97,353.71,9059,34.9575,11.5166,0.32944575556032324
65,2020-04-14,356.37,351.73,357.43,344.04,26906,35.3681,11.6518,0.3294437642960747
66,2020-04-15,351.97,347.33,356.8,346.94,17075,35.7102,11.7646,0.3294464886783048
67,2020-04-16,349.45,348.58,350.37,345.01,9162,34.7907,11.4616,0.329444363005056
68,2020-04-17,348.58,355.3,357.67,348.0,13006,35.5391,11.7082,0.32944559654014877
69,2020-04-20,358.98,357.29,360.96,354.39,13993,35.9197,11.8336,0.3294459586243761
70,2020-04-21,355.16,349.55,358.01,348.25,12760,36.1892,11.9224,0.3294463541609099
71,2020-04-22,347.67,350.23,351.68,347.67,7667,36.1806,11.9195,0.32944450893572796
72,2020-04-23,351.29,351.87,358.06,350.28,9622,34.6539,11.4166,0.32944632494466713
73,2020-04-24,351.1,352.06,355.5,348.1,8607,33.7087,11.1052,0.32944610738474045
74,2020-04-27,352.21,348.54,353.76,347.67,12186,34.6923,11.4292,0.3294448624046258
75,2020-04-28,347.91,355.84,355.84,342.11,20768,34.6881,11.4278,0.32944439159250577
76,2020-04-29,348.58,343.65,354.29,343.41,24358,34.6838,11.4264,0.3294448705159181
77,2020-04-30,343.75,343.17,346.94,336.6,22364,35.7273,11.7702,0.3294455500415649
78,2020-05-06,341.33,340.37,342.93,333.12,41045,36.0096,11.8632,0.32944548120501205
79,2020-05-07,338.43,346.6,349.55,336.4,31652,36.0652,11.8815,0.3294450051573262
80,2020-05-08,348.0,346.36,353.37,345.3,26032,36.2635,11.2414,0.3099921408578874
81,2020-05-11,350.52,356.13,364.39,348.63,46083,36.272,11.2441,0.30999393471548303
82,2020-05-12,356.13,360.48,362.12,352.06,22001,36.473,11.3064,0.30999369396539905
83,2020-05-13,358.4,360.48,365.5,354.29,24823,36.6527,11.3621,0.30999353390064033
84,2020-05-14,362.17,356.08,365.26,354.34,17278,36.4003,11.2838,0.3099919506157916
85,2020-05-15,355.88,348.58,355.88,348.58,18846,36.58,11.3395,0.30999179879715694
86,2020-05-18,348.58,360.67,363.81,344.09,26543,35.9256,11.1367,0.3099934308682388
87,2020-05-19,360.43,361.64,364.54,358.45,17089,36.225,11.2295,0.30999309868875086
88,2020-05-20,364.83,366.76,370.53,361.68,26590,34.4715,11.3564,0.3294431631927825
89,2020-05-21,367.73,366.76,373.14,362.12,18896,34.1336,11.2451,0.3294437152834744
90,2020-05-22,368.4,352.45,369.27,351.48,16938,33.4664,11.0253,0.32944386011043914
91,2020-05-25,353.52,346.22,355.69,344.48,17552,33.7359,11.1141,0.329444301174713
92,2020-05-26,348.58,350.9,352.45,346.22,18555,33.1456,10.9196,0.3294434253716934
93,2020-05-27,350.81,356.8,357.96,347.67,14579,35.1558,11.5818,0.32944208352533577
94,2020-05-28,353.52,349.89,356.46,343.8,19343,35.9256,11.8355,0.32944474135435453
95,2020-05-29,346.7,351.97,352.35,344.62,17055,34.8093,11.4677,0.3294435682418205
96,2020-06-01,351.97,353.13,356.85,350.18,25938,32.8163,10.8111,0.32944299022132295
97,2020-06-02,355.3,348.05,355.74,343.94,37414,33.3167,10.976,0.3294443927519833
98,2020-06-03,348.92,346.36,349.94,345.73,17337,33.368,10.9929,0.32944437784703906
99,2020-06-04,347.62,347.13,349.41,344.96,12032,33.6803,11.0957,0.32944183988859954
100,2020-06-05,346.41,351.0,351.24,346.36,17387,32.966,10.8604,0.32944245586361703
101,2020-06-08,351.1,352.6,360.67,350.03,27473,32.2774,10.6336,0.32944413118776605
102,2020-06-09,353.18,357.91,359.12,349.84,21532,32.44,10.6871,0.32944204685573364
103,2020-06-10,357.96,360.28,362.51,355.4,16380,30.849,10.163,0.3294434179389932
104,2020-06-11,363.13,354.05,363.62,353.13,13780,30.3657,10.0038,0.32944407670496645
105,2020-06-12,348.1,353.32,354.63,344.62,18508,30.1903,9.946,0.32944356299871147
106,2020-06-15,352.45,346.94,353.42,345.59,15850,29.7712,9.8079,0.32944254850325144
107,2020-06-16,349.55,353.42,354.39,349.36,16008,29.5873,9.7473,0.32944202411169654
108,2020-06-17,356.22,352.02,356.61,349.94,12696,29.4633,8.1803,0.2776437126866305
109,2020-06-18,351.68,349.84,352.06,348.0,10172,29.2452,8.1197,0.2776421429841478
110,2020-06-19,349.84,355.26,356.61,348.58,22166,28.7661,7.9867,0.27764278091225436
111,2020-06-22,355.26,357.72,361.64,353.71,16239,28.9586,8.0401,0.2776411843113963
112,2020-06-23,356.51,365.55,368.16,354.53,27859,29.0826,8.0746,0.27764367697523606
113,2020-06-24,367.19,367.63,373.86,364.63,17060,28.5095,7.9155,0.27764429400726076
114,2020-06-29,367.58,372.37,376.33,364.73,24219,29.0741,8.0722,0.2776423001915794
115,2020-06-30,377.25,374.35,383.72,370.87,17755,29.1382,8.09,0.2776424075612083
116,2020-07-01,376.52,379.81,380.63,370.87,17408,29.6899,8.2432,0.2776432389465778
117,2020-07-02,381.11,397.79,398.47,378.46,39881,29.4804,8.185,0.27764209440848836
118,2020-07-03,398.27,395.95,416.25,390.35,42172,29.0099,8.0544,0.27764314940761603
119,2020-07-06,396.0,403.73,405.52,395.13,22263,28.8688,8.0152,0.27764229895250236
120,2020-07-07,403.73,411.81,418.81,402.38,24911,28.5266,7.9202,0.277642621272777
121,2020-07-08,410.6,408.28,417.85,403.83,15736,28.4582,7.9012,0.2776422964207153
122,2020-07-09,408.18,407.7,411.08,401.41,21557,28.6079,7.9428,0.2776435879599691
123,2020-07-10,404.85,402.04,409.78,398.66,17806,29.057,8.0675,0.2776439412189834
124,2020-07-13,402.38,424.57,428.92,400.35,25393,28.9543,8.039,0.2776444258711141
125,2020-07-14,426.55,437.18,447.67,397.16,26847,28.7704,7.9879,0.2776429941884715
126,2020-07-15,435.3,428.48,444.43,420.65,23510,29.382,8.1577,0.27764277448778163
127,2020-07-16,428.48,405.76,429.3,404.8,19721,28.8602,8.0128,0.2776418735836897
128,2020-07-17,409.53,412.43,417.7,400.5,17113,28.4454,7.8976,0.2776406730086411
129,2020-07-20,413.06,409.39,416.88,404.22,20504,28.9971,8.0508,0.2776415572591742
130,2020-07-21,408.18,416.93,417.85,404.41,20867,30.263,8.4023,0.2776426659617354
131,2020-07-22,415.43,420.75,423.99,414.42,12400,30.263,8.4023,0.2776426659617354
132,2020-07-23,417.56,440.56,446.8,415.43,28160,29.8097,8.2764,0.27764117049148435
133,2020-07-24,442.01,437.18,460.38,432.35,29654,29.7242,8.2527,0.27764245967931855
134,2020-07-27,437.13,444.58,457.48,434.04,28716,28.6549,7.9558,0.27764186927890167
135,2020-07-28,444.43,442.55,446.85,432.59,16297,29.3179,8.1399,0.2776426688132506
136,2020-07-29,438.63,445.4,453.13,434.76,20027,29.7071,8.2479,0.27764069868819236
137,2020-07-30,441.97,443.37,445.3,433.8,17831,29.7071,8.2479,0.27764069868819236
138,2020-07-31,441.05,441.1,451.68,435.54,22044,29.3221,8.1411,0.2776438249647877
139,2020-08-03,439.02,441.0,446.27,435.73,20602,28.4582,7.9012,0.2776422964207153
140,2020-08-04,437.66,438.78,445.06,432.35,21403,28.4796,7.9071,0.2776408376522142
141,2020-08-05,433.56,438.15,441.0,428.63,16373,27.9279,7.754,0.27764350344995503
142,2020-08-06,434.18,434.96,438.15,419.59,32958,28.1759,7.8228,0.2776415305278625
143,2020-08-07,428.92,423.16,429.93,411.56,21486,28.2187,7.8347,0.2776421309273638
144,2020-08-10,419.01,423.21,426.55,413.06,16337,33.6832,8.2275,0.24426123408702258
145,2020-08-11,423.74,423.26,434.57,420.26,15296,32.9407,8.0461,0.24426014019131345
146,2020-08-12,420.51,412.14,420.51,404.99,21272,33.2997,8.1338,0.24426045880293218
147,2020-08-13,417.03,422.83,426.93,413.59,13984,33.28,8.129,0.24426081730769228
148,2020-08-14,422.92,440.08,440.9,422.92,21010,33.1128,8.0882,0.2442620376410331
149,2020-08-17,441.97,440.18,444.58,434.86,11860,33.044,8.0714,0.2442621958600654
150,2020-08-18,439.26,437.13,442.98,434.81,19430,33.8307,8.2635,0.24426039071021294
151,2020-08-19,440.08,432.83,440.9,432.83,13255,33.6291,8.2143,0.24426166623549245
152,2020-08-20,438.73,424.37,438.73,417.85,18496,32.9456,8.0473,0.24426023505414987
153,2020-08-21,422.44,434.76,435.25,420.26,11439,32.8178,8.0161,0.2442607365515056
154,2020-08-24,436.41,430.9,438.87,427.85,11908,33.2653,8.1254,0.24426053575347284
155,2020-08-25,433.7,426.26,442.59,423.31,16345,33.4865,8.1795,0.24426261329192364
156,2020-08-26,427.42,422.25,433.31,418.09,12089,34.3175,8.3825,0.24426313105558387
157,2020-08-27,425.05,426.26,426.5,418.38,8717,34.4503,8.4149,0.24426202384304344
158,2020-08-28,427.42,432.35,438.39,426.26,20098,34.765,8.4918,0.2442629080972242
159,2020-08-31,432.88,440.81,442.01,428.53,22414,35.0256,8.5554,0.24426134027682614
160,2020-09-01,434.33,430.08,437.23,422.78,26511,34.7945,8.499,0.24426274267484804
161,2020-09-02,426.84,430.99,435.15,426.55,20593,34.2585,8.368,0.24426054847702033
162,2020-09-03,432.44,433.75,444.43,431.77,21979,34.1454,8.3404,0.24426130606172428
163,2020-09-04,428.87,433.75,436.7,424.28,16345,33.993,8.3032,0.24426205395228429
164,2020-09-07,432.35,425.58,439.6,423.89,12471,32.3949,7.9128,0.2442606706611226
165,2020-09-08,424.37,422.1,425.53,419.88,10963,33.4374,8.1675,0.24426241274740265
166,2020-09-09,419.97,410.6,421.91,410.6,13183,33.2751,8.1278,0.2442607234839264
167,2020-09-10,413.01,413.98,421.47,410.6,12517,32.7981,8.0113,0.24426110049057723
168,2020-09-11,410.6,414.51,415.91,405.76,7922,32.3162,7.8936,0.2442613921191229
169,2020-09-14,417.85,422.68,423.6,408.28,9947,30.9541,7.5609,0.24426166485215206
170,2020-09-15,422.68,423.21,427.51,418.28,10214,32.2572,7.8792,0.24426174621479857
171,2020-09-16,422.05,416.2,424.52,413.88,7629,31.7852,7.7639,0.2442614801857468
172,2020-09-17,416.2,422.68,422.68,410.94,9216,32.8473,8.0233,0.2442605632730849
173,2020-09-18,417.94,413.98,423.65,411.08,17229,33.2653,8.1254,0.24426053575347284
174,2020-09-21,414.42,409.24,417.36,406.73,11636,32.626,7.9693,0.24426224483540734
175,2020-09-22,407.36,408.66,414.22,405.33,8930,34.6568,8.4653,0.244260866554327
176,2020-09-23,411.56,408.62,416.74,406.34,12301,34.9027,8.5254,0.2442619052394227
177,2020-09-24,405.57,411.32,414.37,405.57,13847,35.301,8.6227,0.24426220220390357
178,2020-09-25,410.11,411.9,416.78,407.21,13155,35.8321,8.7524,0.24426143039341822
179,2020-09-28,411.95,403.4,414.37,402.38,11466,34.8486,8.5122,0.24426232330710562
180,2020-09-29,405.23,410.98,412.34,401.8,10178,35.5911,8.6935,0.24426050332807925
181,2020-09-30,411.81,413.01,419.49,408.28,10542,36.5352,8.9241,0.24426032976417258
182,2020-10-09,413.01,403.35,420.55,402.19,27258,35.6993,8.72,0.24426249254187057
183,2020-10-12,402.38,404.22,404.36,399.29,38199,35.8517,8.7572,0.24426177838149932
184,2020-10-13,404.8,401.32,405.76,399.63,15202,36.0042,8.7944,0.24426039184317386
185,2020-10-14,399.96,397.02,405.76,395.23,22190,36.1173,8.8221,0.24426244486714124
186,2020-10-15,396.1,401.37,402.86,389.57,25134,35.8763,8.7632,0.24426153198629735
187,2020-10-16,400.93,394.5,403.88,391.65,21405,37.2876,10.1143,0.2712510325148307
188,2020-10-19,392.81,388.22,397.4,387.88,13513,36.6483,9.9409,0.2712513268009703
189,2020-10-20,389.09,394.16,394.55,387.93,11490,36.2353,9.8289,0.27125206635518406
190,2020-10-21,394.16,392.71,396.73,389.77,8378,35.4387,9.6128,0.2712514849585341
191,2020-10-22,391.12,390.3,392.96,387.45,5786,35.065,9.5114,0.271250534721232
192,2020-10-23,388.8,388.27,392.71,387.25,6873,34.2241,9.2833,0.2712503761968905
193,2020-10-26,388.36,380.44,388.36,377.15,11759,34.5388,9.3687,0.27125146212375645
194,2020-10-27,370.0,363.71,373.33,358.88,40444,34.7503,9.4261,0.27125233451222003
195,2020-10-28,366.28,373.96,377.01,365.36,25701,34.6519,9.3994,0.2712520814154491
196,2020-10-29,373.38,379.04,381.5,363.96,24365,34.9617,9.4834,0.27125111193105594
197,2020-10-30,381.98,372.7,382.56,369.9,16621,35.0797,9.5154,0.27125089439191324
198,2020-11-02,372.03,368.89,374.11,366.28,23832,34.9125,9.4701,0.2712524167561762
199,2020-11-03,369.56,370.96,373.57,364.92,17766,34.647,9.398,0.27125003607815973
200,2020-11-04,370.09,375.85,379.18,370.09,18366,33.8455,9.1806,0.2712502400614557
201,2020-11-05,375.85,380.15,386.43,375.8,18213,33.5652,9.1046,0.2712511768140813
202,2020-11-06,384.01,382.81,391.89,380.15,28670,33.4128,9.0633,0.2712523344347077
203,2020-11-09,382.81,387.98,395.71,382.18,35963,32.3015,8.7618,0.27125056111945267
204,2020-11-10,388.03,385.51,388.85,381.6,13412,31.259,8.4791,0.2712530791132154
205,2020-11-11,385.61,383.1,388.03,381.65,12816,34.7257,9.4194,0.2712515514446073
206,2020-11-12,383.1,389.72,391.55,378.26,18606,35.9206,9.7435,0.27125103700940406
207,2020-11-13,388.51,382.37,389.72,376.33,15757,36.0583,9.7809,0.27125238849307926
208,2020-11-16,381.07,378.7,384.88,377.25,13966,36.2992,9.8462,0.2712511570502931
209,2020-11-17,377.01,378.99,388.94,376.33,25741,36.4861,9.8969,0.2712512436242843
210,2020-11-18,379.23,371.45,381.11,369.51,28736,36.55,9.9142,0.271250341997264
211,2020-11-19,371.45,379.08,381.02,366.52,20373,36.6041,9.9289,0.27125103472015427
212,2020-11-20,384.98,385.56,386.43,380.15,17540,36.3779,9.8676,0.2712526011671922
213,2020-11-23,386.29,381.11,391.89,380.63,25634,37.027,10.0436,0.2712507089421233
214,2020-11-24,381.07,381.07,384.84,379.18,18832,36.4123,9.8769,0.27125174734911
215,2020-11-25,377.92,371.54,381.89,370.72,19188,36.8155,9.9863,0.2712525974114164
216,2020-11-26,371.83,374.49,377.01,370.96,11581,36.6532,9.9422,0.2712505320135759
217,2020-11-27,374.59,374.11,377.92,371.93,9983,36.6827,9.9502,0.27125048047172107
218,2020-11-30,371.93,368.98,376.28,368.98,17036,36.6336,9.9369,0.2712509827044025
219,2020-12-01,368.02,374.35,375.8,368.02,15319,37.7596,10.2424,0.27125287344145593
