,日期,开盘,收盘,最高,最低,成交量,pe,pb,roe
0,2020-01-03,732.14,730.55,740.1,727.56,93787,62.8852,11.5949,0.18438201675433968
1,2020-01-06,729.95,675.01,732.94,665.06,466284,61.1795,11.2804,0.1843820233901879
2,2020-01-07,670.43,677.4,677.4,665.06,370937,59.2179,10.9187,0.18438174943724786
3,2020-01-08,672.42,674.61,682.38,671.43,154454,57.569,10.6147,0.1843822195973527
4,2020-01-09,680.38,689.14,694.92,677.0,218722,58.6493,10.8139,0.18438242229660032
5,2020-01-10,691.93,696.11,700.29,685.16,160336,60.1702,11.0943,0.18438196981229912
6,2020-01-13,696.11,717.21,718.21,696.11,196333,60.4119,11.1389,0.184382547147168
7,2020-01-14,716.81,712.24,722.39,708.25,140011,61.4069,11.3223,0.18438155972700138
8,2020-01-15,712.24,716.61,719.2,707.26,86032,61.9613,11.4245,0.18438121859935153
9,2020-01-16,716.02,713.43,720.79,709.45,80121,61.6486,11.3669,0.18438212708804416
10,2020-01-17,713.43,712.83,717.81,706.26,90070,61.9755,11.4272,0.18438253826108703
11,2020-01-20,744.09,740.9,750.46,723.18,316100,63.3827,11.6866,0.1843815425975858
12,2020-01-21,761.01,771.56,789.47,759.02,393119,63.4396,11.6971,0.1843816795818385
13,2020-01-22,781.31,750.46,781.31,741.1,286359,63.0132,11.6185,0.18438200250106326
14,2020-01-23,765.98,752.84,776.53,738.51,343628,61.0373,11.2542,0.18438233670231155
15,2020-02-03,791.66,774.74,817.74,723.98,533563,64.0224,11.8046,0.1843823411805868
16,2020-02-04,761.01,763.0,773.95,731.35,415500,65.7708,12.1269,0.18438121476399863
17,2020-02-05,782.31,813.16,832.07,765.58,614740,64.1788,11.8334,0.18438175846229596
18,2020-02-06,818.74,891.0,891.0,818.74,693595,66.0551,12.1794,0.18438243224217357
19,2020-02-07,892.59,852.58,913.69,836.05,515107,65.7139,12.1164,0.18438108223678706
20,2020-02-10,872.88,874.27,890.4,830.48,502207,66.4104,12.2449,0.1843822654283064
21,2020-02-11,858.35,847.6,862.53,840.04,260292,65.5007,12.0771,0.1843812356203827
22,2020-02-12,866.11,853.97,872.48,850.59,212300,72.7786,14.3591,0.19729838166713842
23,2020-02-13,854.17,858.95,871.29,830.88,299890,76.2327,15.0406,0.1972985346183462
24,2020-02-14,941.36,890.2,941.36,882.64,535543,74.3706,14.6732,0.19729839479579298
25,2020-02-17,870.49,876.66,887.21,849.99,326285,74.9534,14.7882,0.19729858818946172
26,2020-02-18,876.66,854.17,877.66,850.78,254375,73.7878,14.5583,0.1972995535847389
27,2020-02-19,857.55,825.9,860.34,825.11,268424,72.8781,14.3788,0.19729932586058088
28,2020-02-20,821.72,832.07,837.85,821.52,188660,76.2327,15.0406,0.1972985346183462
29,2020-02-21,831.28,844.61,849.59,825.3,232773,81.0372,15.9886,0.19729951182913527
30,2020-02-24,870.49,854.17,880.45,851.18,237056,81.222,16.025,0.19729876141931987
31,2020-02-25,853.57,882.24,889.6,842.03,319687,81.4494,16.0699,0.19729918206886732
32,2020-02-26,870.49,855.16,877.06,846.6,253068,85.856,16.9393,0.1972989657100261
33,2020-02-27,862.53,865.52,871.69,845.21,184572,84.534,16.6785,0.1972993115196252
34,2020-02-28,846.6,860.54,881.44,846.01,210584,85.2021,16.8103,0.19729912760366236
35,2020-03-02,861.53,876.66,885.42,833.27,217455,88.8837,17.5367,0.19729939235202854
36,2020-03-03,889.6,916.08,943.35,882.44,340673,88.0734,17.3768,0.19729907100214136
37,2020-03-04,920.26,904.33,929.61,885.22,188194,87.2063,17.2057,0.19729881900734236
38,2020-03-05,910.31,930.61,940.17,905.73,200943,81.0088,15.9829,0.19729831820740465
39,2020-03-06,918.87,920.06,937.78,914.68,148526,78.8198,15.5511,0.19729940953922745
40,2020-03-09,920.06,896.77,937.78,893.19,184814,76.7018,15.1332,0.19729915073701007
41,2020-03-10,878.26,886.62,908.51,850.59,218064,78.109,15.4108,0.19729864676285705
42,2020-03-11,886.62,882.44,901.94,876.66,117296,76.9292,15.1781,0.19729959495224184
43,2020-03-12,875.87,848.4,877.86,844.61,184603,74.726,14.7434,0.1972994673875224
44,2020-03-13,766.98,832.07,858.95,766.98,234608,70.3621,13.8824,0.19729939839771696
45,2020-03-16,848.0,822.52,855.56,805.2,192508,69.1254,13.6384,0.1972994007991274
46,2020-03-17,833.07,885.42,894.38,806.39,330610,69.0828,13.63,0.19729947251703753
47,2020-03-18,910.31,874.27,921.85,871.49,235059,67.6897,13.3551,0.19729885048980864
48,2020-03-19,874.87,849.19,883.63,826.7,204154,69.5803,13.7281,0.19729866068413043
49,2020-03-20,855.96,894.38,909.91,832.67,245047,71.1155,14.031,0.19729876046712744
50,2020-03-23,873.68,905.33,917.67,870.29,266353,69.4524,13.7029,0.19729915740852727
51,2020-03-24,913.29,908.12,923.44,880.05,235306,69.1254,13.6384,0.1972994007991274
52,2020-03-25,914.29,957.28,967.44,896.77,272659,68.4858,13.5122,0.19729929416024927
53,2020-03-26,947.73,989.93,998.89,942.16,272519,70.2057,13.8515,0.19729879482720067
54,2020-03-27,1005.86,967.44,1012.63,943.75,278577,77.0429,15.2005,0.1972991670874279
55,2020-03-30,954.5,950.12,991.92,931.8,206839,78.0095,15.3912,0.19729904691095315
56,2020-03-31,938.17,988.34,989.53,934.19,192713,79.7295,15.7305,0.19729836509698417
57,2020-04-01,985.75,997.7,1031.74,978.19,245596,78.2512,15.4389,0.19729921074692786
58,2020-04-02,997.1,1005.66,1008.64,977.19,153253,79.7721,15.739,0.1972995571133266
59,2020-04-03,1019.79,1011.23,1055.62,1004.66,197812,79.4594,15.6773,0.19729950138057928
60,2020-04-07,1014.02,1053.63,1062.99,1003.47,222500,81.8759,16.154,0.19729859458033439
61,2020-04-08,1029.74,993.51,1033.73,987.74,390676,83.4537,16.4653,0.19729862187057015
62,2020-04-09,999.88,1003.67,1018.4,970.42,240179,81.1936,16.0194,0.19729880187600993
63,2020-04-10,998.89,1001.48,1038.3,989.93,196040,80.028,15.7894,0.19729844554405956
64,2020-04-13,991.52,974.4,1015.61,969.43,187877,79.5589,15.6969,0.19729910795649513
65,2020-04-14,986.35,1008.84,1012.43,966.24,269513,78.6776,15.523,0.19729884999034034
66,2020-04-15,1009.84,1021.18,1038.11,999.88,228339,78.9335,15.5735,0.197298992189628
67,2020-04-16,1024.57,1050.65,1069.16,1019.79,246395,80.1133,15.8063,0.19729932483120782
68,2020-04-17,1048.26,1005.26,1048.26,1000.88,267578,81.1367,16.0082,0.19729912604283878
69,2020-04-20,1006.25,1004.07,1026.76,989.53,217818,83.8944,16.5523,0.19729922378609296
70,2020-04-21,1019.79,1006.85,1039.7,995.51,199915,83.9654,16.5663,0.1972991255922082
71,2020-04-22,991.52,1009.44,1012.43,970.03,165064,77.9669,15.3828,0.19729911026345795
72,2020-04-23,1022.38,1050.05,1064.78,1014.22,313964,76.8155,15.1556,0.19729872226308492
73,2020-04-24,1054.03,1015.21,1062.99,1012.23,201213,78.7202,15.5314,0.19729878735064188
74,2020-04-27,1030.42,1065.1,1102.11,1005.84,342825,85.0031,16.771,0.1972986867537772
75,2020-04-28,1061.73,1091.49,1091.75,1040.0,341282,86.2966,17.7555,0.20574970508687482
76,2020-04-29,1085.28,1072.86,1098.22,1063.8,214789,88.1303,18.1327,0.20574876064191316
77,2020-04-30,1068.46,1048.28,1072.34,1028.35,310215,93.2475,19.1856,0.20574921579667016
78,2020-05-06,1034.82,1040.0,1049.57,1024.47,292028,99.7436,20.5222,0.20574954182523994
79,2020-05-07,1038.19,1026.54,1043.88,1025.25,256341,97.3413,20.0279,0.20574925545477613
80,2020-05-08,1028.35,1027.32,1042.07,1012.57,270477,101.5204,20.8877,0.2057487953160153
81,2020-05-11,1033.53,1006.1,1040.0,998.07,308446,92.2952,18.9897,0.20574959477849336
82,2020-05-12,1008.17,1031.46,1031.46,1002.73,264186,86.6804,17.8344,0.20574893516873477
83,2020-05-13,1025.76,1033.01,1041.81,1015.41,222881,85.0457,17.4981,0.20574937945128327
84,2020-05-14,1024.99,1014.89,1029.9,1014.38,170973,79.7721,16.4131,0.20574987997056615
85,2020-05-15,1012.82,996.26,1020.59,987.72,258427,81.2362,16.7143,0.20574940728394486
86,2020-05-18,996.26,1027.06,1033.01,986.69,278760,76.5881,15.7579,0.20574867374957728
87,2020-05-19,1047.24,1090.46,1098.22,1039.22,543265,82.3023,16.9336,0.20574880653396074
88,2020-05-20,1090.72,1080.37,1106.25,1071.57,308237,78.4217,16.1352,0.20574917401688564
89,2020-05-21,1093.05,1096.15,1141.96,1069.5,403082,77.0145,15.8457,0.20574956664004831
90,2020-05-22,1104.18,1107.54,1140.92,1094.34,380858,72.2953,14.8747,0.2057491980806498
91,2020-05-25,1116.34,1108.06,1131.09,1093.82,279269,72.4943,14.9156,0.2057485898891361
92,2020-05-26,1108.06,1129.54,1137.56,1090.46,280035,71.0586,14.6203,0.20574990219340095
93,2020-05-27,1131.87,1123.58,1154.9,1112.2,255086,78.7345,16.1996,0.2057497031161689
94,2020-05-28,1107.28,1077.52,1113.49,1059.41,365820,78.8908,16.2317,0.20574895932098547
95,2020-05-29,1072.34,1108.06,1117.63,1066.39,234451,76.0479,15.6468,0.2057492711830307
96,2020-06-01,1108.32,1116.34,1121.0,1092.53,264992,69.1396,14.2254,0.20574894850418574
97,2020-06-02,1108.57,1084.25,1110.64,1069.76,318745,68.3863,14.0704,0.2057488122621051
98,2020-06-03,1079.85,1079.59,1097.45,1073.64,224423,66.3962,13.661,0.20574972664098248
99,2020-06-04,1082.7,1111.16,1117.37,1079.33,288389,66.8937,13.7633,0.20574882238536663
100,2020-06-05,1107.28,1106.76,1122.29,1100.03,187115,65.9556,13.5703,0.20574901903704915
101,2020-06-08,1128.76,1083.99,1141.7,1075.19,269420,67.3486,13.8569,0.2057488945575706
102,2020-06-09,1077.78,1093.05,1100.29,1071.83,193914,67.5192,13.892,0.2057488832806076
103,2020-06-10,1086.32,1111.68,1124.1,1086.32,279300,68.1873,14.0295,0.20574945774359743
104,2020-06-11,1117.63,1095.64,1121.51,1083.99,242855,71.2292,14.6553,0.20574848517181155
105,2020-06-12,1080.63,1110.39,1116.34,1077.52,305361,71.0302,14.6144,0.20574910390228385
106,2020-06-15,1126.69,1152.31,1159.3,1119.18,400696,68.2725,14.047,0.20574902046944232
107,2020-06-16,1148.95,1170.68,1178.45,1137.3,300998,69.3671,14.2722,0.20574883482227166
108,2020-06-17,1187.76,1283.51,1283.51,1187.76,509885,69.1538,14.2283,0.20574863564981244
109,2020-06-18,1284.55,1275.49,1320.26,1250.65,446081,68.2441,14.0412,0.2057496545488914
110,2020-06-19,1259.96,1284.81,1305.25,1242.63,301166,67.7324,13.9359,0.2057493902475034
111,2020-06-22,1285.07,1301.37,1336.31,1273.16,306580,68.173,14.0265,0.20574861015357987
112,2020-06-23,1299.82,1305.25,1323.88,1277.3,231435,61.9755,12.7514,0.2057490459939815
113,2020-06-24,1309.13,1285.33,1332.42,1270.32,258017,60.9663,12.5438,0.20574973386936718
114,2020-06-29,1284.55,1335.53,1343.55,1279.37,379045,58.6635,12.07,0.20574974217358324
115,2020-06-30,1334.49,1339.15,1355.71,1312.5,268670,57.8533,11.9033,0.2057497152279991
116,2020-07-01,1352.87,1283.77,1353.13,1240.81,441061,58.7346,12.0846,0.20574925171874842
117,2020-07-02,1269.02,1271.61,1293.86,1247.8,381657,57.7111,11.874,0.20574898069868708
118,2020-07-03,1258.41,1268.5,1283.25,1238.74,297884,57.2136,11.7717,0.2057500314610512
119,2020-07-06,1268.5,1243.14,1268.5,1234.09,655435,58.4645,12.029,0.20574878772588492
120,2020-07-07,1232.79,1260.22,1279.11,1214.68,573646,58.7061,12.0787,0.2057486360020509
121,2020-07-08,1261.26,1251.17,1268.5,1243.66,356791,56.972,11.7219,0.20574843782910904
122,2020-07-09,1240.56,1287.4,1304.48,1234.6,584718,57.2278,11.7746,0.20574965314060648
123,2020-07-10,1287.65,1301.11,1314.31,1272.39,483699,58.9904,12.1372,0.2057487319970707
124,2020-07-13,1302.15,1426.88,1426.88,1302.15,693355,58.5356,12.0436,0.2057482967629955
125,2020-07-14,1439.82,1478.64,1491.58,1401.0,675109,56.8583,11.6985,0.20574832522252687
126,2020-07-15,1476.05,1475.79,1539.71,1440.34,519646,59.3884,12.2191,0.20574893413528567
127,2020-07-16,1466.99,1336.05,1471.39,1332.42,523006,59.7154,12.2864,0.20574927070738872
128,2020-07-17,1344.07,1362.18,1394.53,1324.14,337475,58.5356,12.0436,0.2057482967629955
129,2020-07-20,1390.65,1358.56,1395.83,1310.43,315909,58.5071,12.0378,0.20574938768115322
130,2020-07-21,1349.25,1444.48,1465.7,1336.31,477513,57.8817,11.9091,0.2057489672901798
131,2020-07-22,1424.29,1470.1,1506.07,1398.41,435419,57.0146,11.7307,0.20574905375114444
132,2020-07-23,1452.76,1540.75,1540.75,1442.41,555374,57.569,11.8448,0.20574962219249943
133,2020-07-24,1501.15,1436.71,1521.6,1422.74,433350,54.0864,11.1282,0.20574858004969826
134,2020-07-27,1441.11,1521.34,1540.23,1439.82,484171,52.3949,10.7802,0.20574903282571397
135,2020-07-28,1535.57,1494.68,1535.57,1444.48,365037,53.4183,10.9908,0.20574971498531403
136,2020-07-29,1494.42,1590.69,1628.73,1485.88,489460,54.4133,11.1955,0.20574932966756287
137,2020-07-30,1602.85,1620.45,1740.01,1589.66,632303,54.3281,11.178,0.20574987897607316
138,2020-07-31,1595.09,1722.67,1738.98,1574.39,566914,52.935,10.8913,0.20574855955417018
139,2020-08-03,1750.36,1890.62,1890.62,1681.27,589112,54.1006,11.1312,0.2057500286503292
140,2020-08-04,1853.88,1814.54,2009.15,1765.89,719016,54.058,11.1224,0.20574938029523845
141,2020-08-05,1773.14,1858.28,1893.47,1724.74,533136,54.7971,11.2745,0.20574993932160643
142,2020-08-06,1828.77,1740.01,1866.04,1714.13,564551,55.252,11.3681,0.20575001809889235
143,2020-08-07,1740.01,1646.85,1764.85,1594.57,726432,56.6024,11.6459,0.20574922618122196
144,2020-08-10,1629.51,1613.46,1638.05,1549.03,485905,57.6258,11.8565,0.20574985509962554
145,2020-08-11,1595.09,1589.92,1640.12,1582.41,359775,56.176,11.5582,0.2057497863856451
146,2020-08-12,1591.21,1475.53,1600.27,1444.22,576638,53.8732,10.1692,0.1887617590935753
147,2020-08-13,1491.58,1440.85,1496.24,1409.8,463566,55.7867,10.5304,0.18876183749890207
148,2020-08-14,1441.37,1461.82,1467.77,1417.82,332172,53.5561,10.1094,0.18876281133241593
149,2020-08-17,1465.7,1571.02,1575.16,1438.01,628773,53.414,10.0826,0.18876324559104352
150,2020-08-18,1543.33,1569.73,1615.54,1540.23,466763,53.2609,10.0537,0.18876323907406745
151,2020-08-19,1569.99,1519.53,1618.38,1513.57,503928,53.3265,10.066,0.18876168509090227
152,2020-08-20,1478.64,1500.89,1512.8,1452.76,239115,55.8195,10.5366,0.18876199177706715
153,2020-08-21,1501.93,1479.41,1520.82,1462.59,222728,54.2012,10.2312,0.18876334841295025
154,2020-08-24,1482.26,1474.76,1497.53,1426.88,225987,53.5233,10.1032,0.18876265103235412
155,2020-08-25,1491.58,1490.8,1516.16,1483.81,212290,51.6206,9.7513,0.18890326730026386
156,2020-08-26,1487.18,1499.34,1547.99,1476.05,244929,53.1074,10.0321,0.188902111570139
157,2020-08-27,1506.85,1520.56,1520.56,1456.12,221126,53.2276,10.0548,0.1889019982114542
158,2020-08-28,1517.46,1561.71,1569.21,1507.1,307341,52.6701,9.9495,0.18890224244875178
159,2020-08-31,1559.9,1532.98,1573.09,1532.98,208491,55.9715,10.9789,0.1961516128744093
160,2020-09-01,1526.51,1488.99,1536.09,1481.74,198377,53.643,10.5222,0.1961523404731279
161,2020-09-02,1484.85,1494.68,1505.29,1473.46,137940,53.3369,10.4622,0.19615313225928016
162,2020-09-03,1489.77,1466.99,1513.83,1465.7,193259,52.8997,10.3764,0.19615234112858862
163,2020-09-04,1445.0,1493.91,1500.12,1425.07,218847,52.3859,10.2756,0.19615201800484483
164,2020-09-07,1491.58,1462.59,1520.04,1460.01,185925,50.2869,9.8639,0.19615247708647776
165,2020-09-08,1463.37,1445.0,1490.28,1431.54,146770,51.238,10.0504,0.19615129396151293
166,2020-09-09,1422.48,1320.52,1422.48,1310.69,379500,52.4733,10.2928,0.1961530911911391
167,2020-09-10,1328.02,1289.21,1340.71,1289.21,261650,50.6805,9.9411,0.19615236629472874
168,2020-09-11,1288.95,1300.85,1312.24,1283.77,169514,47.9803,9.4114,0.19615133711127275
169,2020-09-14,1325.95,1306.8,1345.36,1291.54,198447,53.8685,9.3814,0.1741537262036255
170,2020-09-15,1307.84,1337.08,1338.63,1294.12,208698,53.1913,9.2635,0.1741544199897352
171,2020-09-16,1338.89,1309.13,1351.83,1302.66,172733,50.3963,8.7767,0.174153658105853
172,2020-09-17,1292.57,1274.71,1304.73,1249.35,278579,51.9477,9.0469,0.17415400489338317
173,2020-09-18,1290.24,1300.08,1306.55,1258.67,226690,52.6372,9.167,0.1741544003100469
174,2020-09-21,1302.66,1300.85,1331.13,1297.23,187983,48.7464,8.4894,0.17415439909408695
175,2020-09-22,1291.54,1323.37,1364.77,1291.54,343671,49.3374,8.5923,0.1741538873146943
176,2020-09-23,1340.45,1402.81,1424.03,1324.14,455755,50.347,8.7681,0.1741533755735198
177,2020-09-24,1386.51,1442.93,1465.96,1380.56,476793,52.4525,9.1348,0.1741537581621467
178,2020-09-25,1443.7,1464.4,1531.17,1419.63,423692,52.7111,9.1799,0.17415496925694968
179,2020-09-28,1481.23,1438.78,1504.52,1426.88,295498,53.339,9.2892,0.17415399613791033
180,2020-09-29,1439.82,1477.34,1494.42,1395.83,308125,54.7796,9.5401,0.17415424720151298
181,2020-09-30,1479.67,1517.2,1520.3,1457.68,346856,55.4322,9.6537,0.17415328996503837
182,2020-10-09,1582.15,1630.03,1656.16,1556.27,469267,53.8069,9.3707,0.1741542441582771
183,2020-10-12,1639.08,1645.81,1667.55,1603.37,393307,54.5334,9.4972,0.17415382132784676
184,2020-10-13,1624.85,1660.56,1724.48,1612.69,422299,52.0954,9.0726,0.17415357210041577
185,2020-10-14,1650.99,1593.54,1675.31,1587.33,461669,51.0981,9.357,0.18311835469420584
186,2020-10-15,1615.79,1581.38,1620.71,1570.77,316423,51.4059,9.4133,0.18311711301621017
187,2020-10-16,1596.9,1605.44,1615.79,1571.8,262594,50.7657,9.2961,0.1831177350061163
188,2020-10-19,1606.74,1525.22,1614.5,1508.14,465457,52.4402,9.6027,0.18311715058294975
189,2020-10-20,1524.18,1521.08,1531.17,1492.87,229852,50.7041,9.2848,0.18311734159565007
190,2020-10-21,1542.56,1517.71,1563.26,1509.17,304799,50.1131,9.1766,0.18311778756452904
191,2020-10-22,1504.77,1430.24,1506.33,1429.47,379244,49.3374,9.0346,0.1831186888648368
192,2020-10-23,1439.82,1369.17,1444.74,1351.83,335316,48.9557,8.9647,0.18311861540127095
193,2020-10-26,1362.44,1385.73,1413.94,1341.48,228471,50.7041,9.2848,0.18311734159565007
194,2020-10-27,1370.72,1406.95,1412.91,1365.03,216080,52.0954,9.5396,0.18311789524602942
195,2020-10-28,1409.28,1396.34,1413.42,1366.07,155141,52.9327,9.6929,0.18311743024633167
196,2020-10-29,1386.25,1430.24,1447.84,1380.56,325175,50.9996,9.3389,0.1831171224872352
197,2020-10-30,1428.43,1367.36,1428.95,1357.01,297884,50.6918,9.2826,0.18311837417491586
198,2020-11-02,1336.31,1234.86,1336.31,1234.86,694437,50.2978,9.2104,0.18311735304526242
199,2020-11-03,1232.79,1251.42,1261.52,1188.28,456333,51.9477,9.5125,0.18311686561676455
200,2020-11-04,1243.92,1238.74,1257.64,1219.85,293654,50.6056,9.2668,0.18311807388905574
201,2020-11-05,1243.14,1244.95,1253.49,1224.51,257180,52.982,9.7019,0.1831169076290061
202,2020-11-06,1237.97,1210.79,1238.23,1193.97,323895,48.1677,8.8204,0.18311856285436087
203,2020-11-09,1214.42,1239.78,1245.73,1203.55,347665,45.0648,8.2522,0.18311853153680924
204,2020-11-10,1279.37,1207.95,1304.99,1193.97,523352,45.7913,8.3852,0.18311775380912967
205,2020-11-11,1194.23,1153.6,1195.53,1144.29,477103,44.4369,8.1372,0.18311808429480902
206,2020-11-12,1161.37,1189.57,1200.7,1161.37,302647,44.2891,8.1101,0.18311729071035537
207,2020-11-13,1188.8,1197.34,1204.33,1168.35,189077,45.5943,8.3491,0.1831171878941008
208,2020-11-16,1193.97,1196.3,1205.88,1170.17,181252,43.6981,8.0019,0.1831178014604754
209,2020-11-17,1192.94,1170.68,1193.97,1148.43,233624,41.962,7.684,0.1831180591964158
210,2020-11-18,1175.86,1164.73,1183.36,1160.85,137282,41.9989,7.6908,0.18311908169023475
211,2020-11-19,1160.07,1170.42,1176.12,1149.2,118603,42.196,7.7268,0.18311688311688312
212,2020-11-20,1171.98,1160.33,1176.64,1159.81,134891,41.9251,7.6772,0.18311703490271938
213,2020-11-23,1161.88,1142.22,1168.1,1124.1,323016,42.2329,7.7336,0.18311790097293815
214,2020-11-24,1139.11,1137.82,1146.36,1124.1,145949,40.9277,7.4946,0.18311803497386855
215,2020-11-25,1137.82,1110.13,1140.66,1109.09,232599,40.4968,7.4157,0.18311817230003358
216,2020-11-26,1112.46,1090.46,1122.81,1085.54,199038,39.598,7.2511,0.18311783423405223
217,2020-11-27,1096.93,1120.48,1133.42,1085.28,242530,39.7703,7.2827,0.18311906120899266
218,2020-11-30,1133.16,1156.19,1173.79,1115.3,347835,39.6226,7.2556,0.1831177156471307
219,2020-12-01,1161.63,1187.25,1191.39,1161.63,343804,43.0578,7.8847,0.18311897031432167
