,日期,开盘,收盘,最高,最低,成交量,pe,pb,roe
0,2020-01-03,127.51,129.81,130.68,126.29,239792,59.6481,8.8215,0.14789238886066783
1,2020-01-06,134.27,138.12,141.97,134.27,927696,59.1932,8.7542,0.14789198759316952
2,2020-01-07,138.73,135.08,140.35,134.67,667425,59.1679,8.7505,0.14789269181431147
3,2020-01-08,137.24,140.01,144.95,136.7,700431,58.7635,8.6907,0.1478928246275324
4,2020-01-09,142.85,140.96,146.3,138.26,713385,57.4745,8.5,0.14789167369877076
5,2020-01-10,140.28,140.89,141.16,136.02,470391,60.7097,8.9785,0.14789234669253842
6,2020-01-13,141.3,142.31,144.2,140.42,387788,63.4646,9.3859,0.14789189563945884
7,2020-01-14,144.27,141.77,151.64,141.03,661163,63.3635,9.371,0.14789271425978678
8,2020-01-15,142.31,141.43,142.85,137.85,425521,62.8833,9.2999,0.14789141155123856
9,2020-01-16,141.16,139.27,141.43,134.94,424447,61.4932,9.0944,0.1478927751361126
10,2020-01-17,139.27,139.13,142.99,137.58,482500,63.4141,9.3784,0.14789139954678848
11,2020-01-20,138.86,141.7,142.72,136.7,470153,64.3239,9.513,0.14789215206167539
12,2020-01-21,140.62,141.64,142.92,138.8,332882,64.7031,9.5691,0.14789245028445314
13,2020-01-22,144.2,148.26,149.54,138.53,506555,64.3239,9.513,0.14789215206167539
14,2020-01-23,146.37,148.6,151.1,140.82,506830,64.147,9.4868,0.14789156156952
15,2020-02-03,134.54,141.16,146.23,134.54,617738,66.725,9.8681,0.1478920944173848
16,2020-02-04,147.11,150.96,152.32,143.26,665007,67.736,10.0176,0.14789181528286285
17,2020-02-05,156.71,152.92,160.43,150.63,776450,65.714,9.7186,0.14789238214079192
18,2020-02-06,148.6,154.95,157.39,145.08,576683,67.6855,10.0102,0.1478928278582562
19,2020-02-07,152.65,151.3,153.67,147.85,380941,66.3459,9.812,0.14789158033880012
20,2020-02-10,151.44,163.4,163.47,148.87,525371,62.024,9.1729,0.14789275119308654
21,2020-02-11,163.54,159.55,164.08,157.25,397184,62.1756,9.1953,0.14789242082102946
22,2020-02-12,158.33,160.43,163.13,156.78,346891,61.7965,9.1392,0.14789187089883732
23,2020-02-13,158.81,158.94,162.25,158.13,316273,60.4064,8.9336,0.14789161413360175
24,2020-02-14,159.82,156.51,163.54,153.4,399750,59.3701,8.7804,0.1478926260861949
25,2020-02-17,156.51,157.66,159.28,152.99,484228,57.424,8.4926,0.147892867093898
26,2020-02-18,157.72,159.55,160.43,155.29,411557,56.1097,8.2982,0.1478924321463134
27,2020-02-19,162.05,153.4,163.27,153.06,478990,56.6657,8.3804,0.1478919346271201
28,2020-02-20,153.47,156.37,157.25,151.98,430397,57.8031,8.5486,0.1478917220702696
29,2020-02-21,155.83,155.7,157.93,154.14,442305,56.5899,8.3692,0.14789211502405905
30,2020-02-24,155.56,153.26,155.56,149.14,578711,57.98,8.9852,0.1549706795446706
31,2020-02-25,149.34,159.62,160.02,148.6,619782,56.1602,8.7032,0.15497095808063363
32,2020-02-26,155.09,148.94,161.24,146.16,654034,57.6767,8.9382,0.15497072474673482
33,2020-02-27,149.27,147.18,151.71,145.22,386026,58.8899,9.1263,0.15497224481617392
34,2020-02-28,139.4,142.38,146.23,137.92,553523,59.8756,9.279,0.15497130717688007
35,2020-03-02,146.3,152.72,155.63,145.76,587083,59.6481,9.2438,0.15497224555350464
36,2020-03-03,157.39,164.28,166.31,157.39,756948,60.6086,9.3926,0.15497140669805934
37,2020-03-04,163.2,163.47,166.04,154.88,491693,60.2042,9.3299,0.15497091565040313
38,2020-03-05,162.46,160.09,163.27,155.36,457386,56.1097,8.6954,0.15497142205358433
39,2020-03-06,156.71,159.08,162.79,155.43,238378,56.0591,8.6876,0.15497216330622504
40,2020-03-09,155.36,150.49,155.49,150.15,311867,54.7701,8.4878,0.15497141688622076
41,2020-03-10,147.25,156.44,158.4,146.98,316012,54.9723,8.5191,0.15497077619091798
42,2020-03-11,158.06,152.45,161.92,152.45,280893,54.1635,8.3938,0.15497152141202103
43,2020-03-12,150.49,147.79,152.38,146.57,282339,55.7053,8.6327,0.15497089145916096
44,2020-03-13,138.8,147.65,150.63,138.8,287201,55.6547,8.6249,0.15497163761551136
45,2020-03-16,147.58,135.35,147.58,134.06,418680,56.5646,8.7659,0.1549714839316463
46,2020-03-17,135.35,135.35,138.8,129.94,275752,55.4525,8.5936,0.15497227356746765
47,2020-03-18,136.43,131.43,138.59,130.41,349777,53.4053,8.2763,0.1549715103182643
48,2020-03-19,129.67,129.6,132.31,124.6,423625,53.0767,8.2254,0.15497195567923402
49,2020-03-20,132.37,125.95,133.93,123.25,443249,54.2141,8.0858,0.14914570194838614
50,2020-03-23,121.22,114.39,121.22,114.19,498017,54.2394,8.0896,0.14914619262012485
51,2020-03-24,116.76,115.47,119.06,110.13,470955,53.0009,7.9049,0.14914652392695218
52,2020-03-25,120.81,120.88,125.21,118.85,523059,52.2427,7.7918,0.14914619650209504
53,2020-03-26,120.81,117.84,121.42,117.5,274982,51.8636,7.7352,0.14914506513238573
54,2020-03-27,120.95,116.89,121.36,116.49,257345,53.2537,7.9425,0.1491445664808267
55,2020-03-30,114.05,118.04,119.33,110.94,333341,52.8745,7.886,0.14914561839828275
56,2020-03-31,119.46,116.62,120.54,116.15,221674,54.6185,8.1461,0.149145436070196
57,2020-04-01,118.65,119.26,124.06,117.84,348195,55.68,8.3044,0.14914511494252872
58,2020-04-02,118.65,122.17,122.57,117.7,289614,59.3196,8.8473,0.14914631926041308
59,2020-04-03,125.95,124.4,127.3,122.91,290317,60.4064,9.0093,0.1491447926047571
60,2020-04-07,125.55,129.06,130.08,125.55,268232,57.1207,8.5193,0.14914558119910995
61,2020-04-08,128.32,127.64,130.08,126.36,198189,56.413,8.4137,0.14914470068955737
62,2020-04-09,127.98,126.43,129.53,125.88,198496,56.4888,8.4251,0.14914637945929107
63,2020-04-10,126.83,124.13,127.78,123.05,133535,55.3009,8.2479,0.14914585476909056
64,2020-04-13,123.05,120.34,123.05,119.26,176881,55.8064,8.3233,0.149145976088764
65,2020-04-14,122.77,131.56,131.56,122.1,371808,56.4888,8.4251,0.14914637945929107
66,2020-04-15,136.29,137.31,141.64,135.08,589062,55.68,8.3044,0.14914511494252872
67,2020-04-16,137.24,138.26,139.13,133.79,282278,52.1921,7.7842,0.14914517714366732
68,2020-04-17,140.01,136.9,143.53,136.43,271627,54.6943,8.1574,0.14914534055651138
69,2020-04-20,136.43,140.01,140.76,135.89,160662,54.9471,8.1951,0.14914526881309478
70,2020-04-21,137.31,139.4,140.35,135.82,193247,56.413,8.4137,0.14914470068955737
71,2020-04-22,136.23,138.46,139.4,134.74,132225,56.8427,8.4778,0.1491449209836971
72,2020-04-23,139.74,138.46,140.76,136.09,142078,55.8569,8.3308,0.14914540549153282
73,2020-04-24,139.13,137.78,142.24,136.43,141301,54.9976,8.596,0.1562977293554628
74,2020-04-27,138.53,141.36,144.07,138.26,242817,55.5536,8.6829,0.1562977016790991
75,2020-04-28,144.14,141.5,145.15,137.78,232954,56.5899,8.8448,0.15629644159116732
76,2020-04-29,141.57,148.87,154.21,140.42,361032,57.1207,8.9278,0.15629710420215437
77,2020-04-30,153.33,156.91,162.93,152.99,491677,57.6262,9.0068,0.1562969621456907
78,2020-05-06,154.34,154.21,159.68,152.59,412589,59.8251,9.3505,0.15629727321809742
79,2020-05-07,154.68,155.56,157.52,152.18,243475,60.5833,9.469,0.15629719741248824
80,2020-05-08,155.09,156.85,157.72,153.67,166590,61.1646,9.5598,0.15629628902992906
81,2020-05-11,156.78,158.47,160.09,155.7,200950,59.9514,9.3702,0.15629660024619943
82,2020-05-12,160.02,163.67,167.93,159.41,296777,58.6624,9.1688,0.1562977307440541
83,2020-05-13,163.47,161.31,167.05,159.35,196499,58.0306,9.07,0.1562968502824372
84,2020-05-14,160.09,160.63,162.73,159.35,143070,56.2361,8.7895,0.15629640035493217
85,2020-05-15,161.44,163.61,165.3,160.63,220201,53.9613,8.434,0.15629719817721216
86,2020-05-18,162.79,159.75,163.13,156.57,153755,55.0987,8.6118,0.15629769849379388
87,2020-05-19,161.44,160.77,162.46,158.26,123898,57.98,9.0621,0.1562969989651604
88,2020-05-20,164.96,165.5,175.98,163.47,276219,59.0415,9.228,0.15629684205177713
89,2020-05-21,169.49,162.05,169.89,161.37,162587,58.6372,9.1648,0.15629668538061162
90,2020-05-22,163.54,158.4,163.61,156.71,129100,58.0306,9.07,0.1562968502824372
91,2020-05-25,155.7,155.63,156.71,150.63,214768,58.0053,9.066,0.15629606260117612
92,2020-05-26,157.52,158.94,159.62,155.16,140893,58.6372,9.1648,0.15629668538061162
93,2020-05-27,159.08,158.94,167.8,158.54,199437,61.5437,9.6191,0.1562970702118982
94,2020-05-28,158.54,156.03,160.43,152.65,141208,62.1251,9.71,0.1562975351347523
95,2020-05-29,157.18,159.08,162.52,154.55,144095,64.3745,10.0615,0.15629635958337543
96,2020-06-01,160.7,164.48,165.84,158.13,232061,61.9229,9.6784,0.15629758942168406
97,2020-06-02,166.85,161.58,167.39,160.09,200800,62.7064,9.8008,0.15629664595639362
98,2020-06-03,162.53,163.76,167.01,160.33,220317,62.0745,9.7021,0.15629767456846208
99,2020-06-04,163.67,169.65,172.02,163.06,212853,61.5185,9.6151,0.15629607353885416
100,2020-06-05,171.14,174.22,175.01,166.66,192944,57.3229,8.9594,0.15629704707891612
101,2020-06-08,175.62,176.94,182.3,175.1,293551,55.0987,8.6118,0.15629769849379388
102,2020-06-09,180.19,178.79,181.51,175.1,200754,54.5932,8.5328,0.15629785394517998
103,2020-06-10,178.61,177.47,179.4,175.62,214091,55.4525,8.6671,0.15629773229340427
104,2020-06-11,181.34,180.37,185.99,179.14,417185,55.3514,8.6513,0.15629776301954423
105,2020-06-12,173.52,179.84,181.25,173.52,261359,54.5427,8.5248,0.1562958929425936
106,2020-06-15,177.38,174.83,180.19,174.57,225419,55.3009,8.6434,0.15629763710898015
107,2020-06-16,177.91,179.49,183.45,177.65,196121,55.7558,8.7145,0.15629764078355973
108,2020-06-17,179.93,178.09,179.93,176.42,120255,55.6042,8.6908,0.15629754586883723
109,2020-06-18,176.94,178.26,179.58,176.94,116535,53.557,8.3708,0.15629702933323372
110,2020-06-19,179.93,195.22,195.22,179.93,516145,48.6789,7.6084,0.15629769777049193
111,2020-06-22,197.07,202.34,206.65,195.66,501573,48.6284,7.6005,0.15629755451546834
112,2020-06-23,203.92,202.87,205.42,200.58,296401,49.0328,7.6637,0.15629741723907262
113,2020-06-24,203.92,201.29,206.21,199.09,220440,47.6932,7.4543,0.15629691444482652
114,2020-06-29,203.04,198.65,203.92,196.54,214518,49.1339,7.6795,0.1562973832730559
115,2020-06-30,202.34,201.46,206.73,198.65,291912,49.2855,7.7032,0.15629749114851224
116,2020-07-01,210.07,201.81,212.62,198.82,406620,48.4515,7.5728,0.15629650268825526
117,2020-07-02,202.34,198.82,202.34,196.89,291837,48.8306,7.6321,0.1562974855930503
118,2020-07-03,203.22,200.58,204.1,197.24,390420,48.2998,7.5491,0.15629671344394802
119,2020-07-06,200.58,208.32,209.55,198.82,384740,47.5163,7.4267,0.15629794407392833
120,2020-07-07,212.62,222.9,228.26,212.62,532092,46.202,7.2212,0.15629626423098567
121,2020-07-08,221.59,224.84,227.65,216.49,377870,44.5086,6.9566,0.15629788400443959
122,2020-07-09,221.67,227.03,229.06,220.97,359137,44.2084,6.6092,0.14950099980999088
123,2020-07-10,223.26,224.31,227.21,219.48,281081,45.0451,6.7343,0.14950127760844134
124,2020-07-13,228.53,232.83,237.93,225.01,424816,43.4884,6.5016,0.14950193614849017
125,2020-07-14,229.93,225.01,229.93,216.66,493912,42.6128,6.3707,0.14950202755979425
126,2020-07-15,224.57,222.99,228.62,219.56,351498,43.4495,6.4957,0.14949999424619387
127,2020-07-16,223.52,212.89,228.18,211.57,324832,43.4495,6.4957,0.14949999424619387
128,2020-07-17,216.4,210.69,216.93,205.86,369321,42.4961,6.3532,0.14950077771842593
129,2020-07-20,216.4,210.78,216.4,205.59,341250,43.2939,6.4725,0.14950143091751955
130,2020-07-21,214.91,212.89,222.64,210.25,347602,44.3446,6.6296,0.14950185591932275
131,2020-07-22,209.37,214.29,217.37,207.09,406685,45.3369,6.7779,0.1495007378095988
132,2020-07-23,212.27,210.6,216.49,204.19,392534,43.9749,6.5743,0.14950119272585044
133,2020-07-24,209.37,200.58,213.5,196.89,437197,43.683,6.5307,0.1495020946363574
134,2020-07-27,204.62,196.63,204.62,193.55,384014,44.7921,6.6965,0.14950180947086653
135,2020-07-28,199.09,204.54,211.04,198.91,387438,43.936,6.5685,0.14950154770575383
136,2020-07-29,202.16,210.78,213.32,201.02,380236,44.1305,6.5976,0.14950204507086937
137,2020-07-30,211.13,212.97,219.3,211.13,372196,44.8116,6.6994,0.1495014683697971
138,2020-07-31,214.56,217.46,219.92,212.8,322009,43.3133,6.4754,0.1495014233503335
139,2020-08-03,219.56,221.67,223.69,213.24,423313,42.8463,6.4056,0.14950182396146225
140,2020-08-04,221.67,219.65,226.07,217.19,297014,42.4766,6.3503,0.14950113709666027
141,2020-08-05,218.16,217.02,220.88,215.96,214414,42.0875,6.2921,0.1495004455004455
142,2020-08-06,214.82,209.37,216.58,206.29,423223,42.8658,6.4085,0.14950146737025788
143,2020-08-07,207.61,207.61,211.39,203.48,298454,40.5503,6.0623,0.1495007435210097
144,2020-08-10,206.12,205.77,208.05,200.14,276550,42.261,6.0868,0.1440287735737441
145,2020-08-11,207.61,202.16,211.04,201.2,255847,42.2182,6.0806,0.14402793108185566
146,2020-08-12,202.87,200.23,205.33,194.87,314694,41.0841,5.9173,0.14402895524059187
147,2020-08-13,205.94,203.22,215.7,202.43,631497,41.2981,5.9481,0.1440284177722462
148,2020-08-14,203.22,206.65,207.7,198.12,334266,41.2981,5.9481,0.1440284177722462
149,2020-08-17,207.17,205.15,209.37,202.69,387620,41.5977,5.9912,0.14402719381119627
150,2020-08-18,207.96,200.06,209.11,198.39,419740,41.7902,6.019,0.14402898287158233
151,2020-08-19,203.92,199.18,205.5,198.39,332036,40.8059,5.8772,0.14402819200164682
152,2020-08-20,199.09,190.48,199.09,189.51,462929,41.2339,5.9388,0.14402712331358422
153,2020-08-21,192.23,202.6,204.71,191.35,551888,40.9343,5.8957,0.14402835763650532
154,2020-08-24,204.8,205.42,207.26,197.68,353585,39.1155,5.6337,0.14402730375426623
155,2020-08-25,205.06,203.04,209.37,202.43,286523,35.5634,5.1221,0.14402728647992036
156,2020-08-26,204.54,201.29,205.42,199.26,223027,36.7617,5.2947,0.14402761569785946
157,2020-08-27,204.62,205.42,206.91,200.58,280428,37.4893,5.3995,0.1440277625882585
158,2020-08-28,206.56,205.15,208.32,201.02,304379,37.8744,5.455,0.1440286842827873
159,2020-08-31,205.77,207.61,212.89,203.75,449884,38.3238,5.5197,0.14402799304870603
160,2020-09-01,210.07,219.04,225.01,208.05,764693,36.8473,5.3071,0.14402954897645148
161,2020-09-02,215.7,215.26,219.04,213.5,384138,36.1412,5.2054,0.14402952862660898
162,2020-09-03,211.57,202.6,212.45,201.9,513227,35.2211,5.0728,0.14402730181624082
163,2020-09-04,195.4,198.91,199.44,194.34,315164,34.3865,4.9526,0.1440274526340279
164,2020-09-07,195.84,192.85,200.76,191.0,305102,34.8359,5.0174,0.1440295786817622
165,2020-09-08,192.85,194.17,195.57,190.92,189096,34.4721,4.965,0.14402951952448503
166,2020-09-09,188.72,189.33,193.55,185.82,234895,34.7717,5.0081,0.1440280457958627
167,2020-09-10,192.5,190.65,196.98,189.33,167666,35.7346,5.1468,0.14402847660250848
168,2020-09-11,190.92,193.29,194.78,188.81,152302,34.0228,4.9002,0.1440269466357854
169,2020-09-14,191.53,197.59,201.29,191.53,271252,33.6804,4.8509,0.1440273868481372
170,2020-09-15,199.26,197.51,201.46,196.72,223982,37.3395,5.3779,0.1440271026660775
171,2020-09-16,196.89,194.43,199.53,191.88,197191,38.495,5.5444,0.1440290946876218
172,2020-09-17,192.32,195.57,197.68,189.16,211691,39.0727,5.6276,0.14402895116027303
173,2020-09-18,196.1,202.78,206.38,195.57,318368,40.3138,5.8063,0.14402760345092747
174,2020-09-21,203.92,206.56,210.86,202.34,325955,40.3138,5.8063,0.14402760345092747
175,2020-09-22,205.77,203.39,207.26,202.34,153176,44.2082,6.3672,0.14402757859401652
176,2020-09-23,203.66,203.57,204.89,199.09,127539,44.251,6.3734,0.14402838353935504
177,2020-09-24,199.79,198.21,203.13,197.51,139620,45.7275,6.586,0.14402711716144553
178,2020-09-25,197.24,201.02,202.52,197.24,130866,46.99,6.7679,0.14402851670568206
179,2020-09-28,201.29,200.32,204.62,199.53,117652,45.1069,6.4967,0.14402896230953577
180,2020-09-29,199.79,204.8,205.86,199.7,168807,47.8245,6.8881,0.14402868822465473
181,2020-09-30,204.27,204.98,208.67,202.52,163053,48.1454,6.9343,0.1440282976151408
182,2020-10-09,211.48,219.21,224.22,211.48,481597,49.2153,7.0884,0.1440283814179737
183,2020-10-12,222.73,220.62,223.87,217.37,318376,49.4721,7.1254,0.14402865453457606
184,2020-10-13,219.83,217.28,220.18,212.01,314000,45.8179,6.3939,0.13955026310677704
185,2020-10-14,216.4,218.07,221.67,214.64,255820,42.5437,5.937,0.13955062676730046
186,2020-10-15,220.71,214.64,223.52,213.15,277992,44.0631,6.149,0.13954987279605838
187,2020-10-16,217.1,210.42,217.1,209.19,204463,44.6195,6.2267,0.13955109313192662
188,2020-10-19,213.76,205.15,214.29,203.31,216483,48.0007,6.6985,0.13955004822846334
189,2020-10-20,205.15,211.48,211.92,203.75,175985,45.9891,6.4178,0.13955045869564744
190,2020-10-21,211.66,206.65,213.76,203.31,312051,46.7595,6.5253,0.13955025182048567
191,2020-10-22,206.65,210.86,212.36,203.22,229915,46.9735,6.5552,0.1395510234493917
192,2020-10-23,208.58,206.91,213.76,204.1,179047,46.0319,6.4238,0.13955105046717603
193,2020-10-26,205.86,204.98,211.48,199.79,281550,47.9793,6.6955,0.13954976416913126
194,2020-10-27,205.86,209.55,211.74,205.15,272533,47.3801,6.6119,0.13955014869111718
195,2020-10-28,211.48,216.31,218.42,209.37,328897,47.0163,6.7703,0.1439989960928444
196,2020-10-29,212.01,219.92,221.59,211.83,317443,47.7867,6.8812,0.14399822544766638
197,2020-10-30,220.18,224.75,234.68,218.51,513150,48.2575,6.949,0.1439983422265969
198,2020-11-02,227.03,226.07,230.64,218.86,340680,47.9793,6.9089,0.14399751559526713
199,2020-11-03,226.42,225.54,230.9,217.1,273369,49.1991,7.0846,0.14399856907951566
200,2020-11-04,224.49,240.57,242.15,222.55,444781,45.3685,6.533,0.14399858932960094
201,2020-11-05,242.33,245.23,252.96,240.13,494029,46.5241,6.6994,0.14399848680576305
202,2020-11-06,243.64,238.37,243.64,235.38,306954,45.8821,6.6069,0.14399733229298572
203,2020-11-09,239.95,245.4,249.0,235.03,340731,45.2615,6.5176,0.14399876274537962
204,2020-11-10,245.14,241.89,249.09,239.69,249199,42.1584,6.0707,0.1439974002808456
205,2020-11-11,240.13,232.92,245.4,232.31,324888,44.5125,6.4097,0.14399775344004492
206,2020-11-12,237.93,233.54,240.74,229.58,274418,44.4055,6.3943,0.14399792818457172
207,2020-11-13,236.26,234.86,240.3,230.29,297354,42.3082,6.0923,0.14399809020473572
208,2020-11-16,236.88,233.54,236.88,226.51,254240,42.3296,6.0954,0.14399852585424855
209,2020-11-17,233.01,230.37,234.77,226.42,200651,41.5164,5.9783,0.1439985162490004
210,2020-11-18,229.76,223.69,233.45,220.88,310039,41.5592,5.9845,0.1439994032608905
211,2020-11-19,225.63,228.53,230.29,222.2,207871,42.244,6.0831,0.14399914780797274
212,2020-11-20,229.41,230.2,233.54,226.07,203922,42.351,6.0985,0.1439989610634932
213,2020-11-23,229.58,230.55,234.33,226.77,258064,42.5223,6.1231,0.1439973849015693
214,2020-11-24,232.66,220.97,235.73,214.03,605786,42.0728,6.0584,0.14399802247532847
215,2020-11-25,221.06,209.72,223.61,209.37,469291,42.0942,6.0615,0.14399846059552146
216,2020-11-26,212.09,214.2,217.1,209.72,382072,41.7946,6.0184,0.14399946404559438
217,2020-11-27,214.91,215.61,219.21,213.32,307440,40.2324,5.7934,0.14399836947335978
218,2020-11-30,214.73,215.7,217.72,210.07,291992,41.1954,5.9321,0.1439990872767348
219,2020-12-01,213.85,217.28,218.6,212.01,223889,38.5632,5.553,0.1439973861090366
