,日期,开盘,收盘,最高,最低,成交量,pe,pb,roe
0,2020-01-03,392.77,390.09,393.96,388.45,301570,32.7954,3.806,0.11605286107197961
1,2020-01-06,388.15,395.9,400.83,386.06,272252,31.5074,3.6565,0.11605210204586858
2,2020-01-07,394.11,400.08,401.12,392.92,201925,31.5074,3.6565,0.11605210204586858
3,2020-01-08,394.11,393.37,398.59,389.94,172754,31.4182,3.6462,0.11605375228370816
4,2020-01-09,396.65,403.66,406.05,394.26,231023,31.3984,3.6439,0.11605368426416633
5,2020-01-10,405.3,412.76,414.85,404.56,266673,32.7954,3.806,0.11605286107197961
6,2020-01-13,415.0,412.16,420.67,407.84,281530,32.6765,3.7922,0.11605282083454471
7,2020-01-14,412.16,419.18,420.52,409.03,219461,33.0035,3.8301,0.11605132788946626
8,2020-01-15,417.39,418.43,420.22,413.95,117217,32.3991,3.76,0.11605260639956048
9,2020-01-16,416.49,413.66,420.97,412.01,176476,32.6964,3.7945,0.11605253177719874
10,2020-01-17,416.79,416.04,419.18,412.61,136030,32.6072,3.7841,0.11605105620844476
11,2020-01-20,417.98,417.39,421.56,406.5,213452,32.6468,3.7887,0.11605119031574304
12,2020-01-21,418.28,418.43,422.16,413.95,173022,30.8337,3.5783,0.11605159289997632
13,2020-01-22,416.49,408.73,418.13,404.71,258137,31.1507,3.6151,0.1160519667294796
14,2020-01-23,408.14,398.14,412.46,397.1,218045,30.6355,3.5553,0.116051639437907
15,2020-02-03,362.94,363.23,379.2,362.94,402791,29.9717,3.4783,0.11605280981726096
16,2020-02-04,367.41,380.69,382.18,359.8,309772,29.8528,3.4645,0.11605276556972881
17,2020-02-05,382.18,391.13,392.62,376.36,281201,29.5654,3.4311,0.11605119497791336
18,2020-02-06,388.15,391.43,396.95,383.67,272414,29.9122,3.4714,0.11605298172651962
19,2020-02-07,392.62,395.16,396.65,385.76,230228,28.2873,3.2828,0.11605207990865159
20,2020-02-10,395.16,396.05,399.48,388.3,183930,28.1486,3.2667,0.11605195285023058
21,2020-02-11,395.16,412.76,415.89,392.62,263183,27.891,3.2368,0.1160517729733606
22,2020-02-12,421.26,422.9,435.58,414.25,325709,28.7827,3.3403,0.11605235089133403
23,2020-02-13,423.35,427.38,430.66,419.47,249859,29.0502,3.3713,0.11605083613882176
24,2020-02-14,427.68,420.67,435.88,417.39,250332,29.3177,3.5324,0.1204869413357801
25,2020-02-17,421.86,428.13,430.66,421.86,200546,28.6341,3.4501,0.12048920692461086
26,2020-02-18,431.41,442.6,443.64,424.99,321578,27.8414,3.3545,0.12048603877678564
27,2020-02-19,437.37,440.21,444.68,434.39,205985,27.8018,3.3498,0.1204886014574596
28,2020-02-20,440.06,440.51,444.98,436.03,205639,28.3567,3.4166,0.12048651641411023
29,2020-02-21,441.55,442.74,446.32,437.67,202999,28.7431,3.4632,0.1204880475661985
30,2020-02-24,447.97,443.64,458.86,439.91,261814,28.6638,3.4536,0.1204864672513763
31,2020-02-25,434.69,440.21,447.52,429.02,293053,28.2477,3.4035,0.12048768572308544
32,2020-02-26,433.94,430.06,436.18,429.62,195364,28.9313,3.4859,0.12048888228320193
33,2020-02-27,434.39,433.5,438.12,427.98,180101,29.179,3.5157,0.12048733678330306
34,2020-02-28,422.46,406.05,429.92,406.05,361677,29.9816,3.6124,0.1204872321690637
35,2020-03-02,414.1,426.34,429.32,414.1,226632,30.2194,3.6411,0.12048882505939892
36,2020-03-03,432.6,425.14,435.88,423.5,226654,30.5959,3.6864,0.1204867318823764
37,2020-03-04,430.51,449.46,452.89,425.89,462051,30.1104,3.6279,0.12048660927785748
38,2020-03-05,453.04,459.9,469.75,453.04,486311,29.5159,3.5563,0.12048760159778289
39,2020-03-06,456.77,455.28,469.75,453.49,292340,29.3376,3.5348,0.12048702006980803
40,2020-03-09,464.23,461.99,468.7,458.26,466917,29.0799,3.5038,0.12048872245090252
41,2020-03-10,458.71,455.13,460.65,440.36,436989,29.4961,3.5539,0.12048711524574436
42,2020-03-11,461.09,457.66,469.15,449.46,364763,29.3177,3.5324,0.1204869413357801
43,2020-03-12,453.04,443.34,460.2,438.57,320072,30.259,3.6458,0.12048646683631316
44,2020-03-13,421.71,431.86,439.31,420.67,326474,30.5166,3.6769,0.12048852100168432
45,2020-03-16,434.39,410.97,443.94,407.54,339553,31.1606,3.7545,0.12048869405595529
46,2020-03-17,414.55,423.65,425.14,406.05,321431,31.2795,3.7688,0.12048785946066914
47,2020-03-18,427.08,429.92,442.6,425.59,340312,30.5166,3.6769,0.12048852100168432
48,2020-03-19,435.29,450.65,453.19,430.96,461106,30.8931,3.7222,0.12048645166720076
49,2020-03-20,450.65,453.19,466.02,439.02,512343,31.448,3.7891,0.12048778936657338
50,2020-03-23,447.22,426.63,460.79,417.68,473092,30.7049,3.6996,0.12048891219316787
51,2020-03-24,432.15,427.68,432.9,417.68,328667,31.1705,3.7557,0.12048892382220369
52,2020-03-25,434.39,428.72,435.73,420.67,300438,30.5761,3.684,0.12048626214592444
53,2020-03-26,424.55,440.06,440.06,421.41,260944,30.3779,3.6602,0.12048890805486884
54,2020-03-27,446.77,431.41,450.8,430.06,274828,31.7749,3.8285,0.12048818406981612
55,2020-03-30,432.6,449.31,449.31,431.41,402370,32.0028,3.8559,0.12048633244591099
56,2020-03-31,455.28,453.78,459.0,443.64,361593,33.6574,4.0553,0.12048761936453795
57,2020-04-01,450.5,441.25,454.98,441.25,315751,34.1132,4.1102,0.12048708417855844
58,2020-04-02,440.06,459.6,459.75,430.96,562641,34.7374,4.1854,0.12048685278690976
59,2020-04-03,456.77,450.5,462.14,448.71,393930,34.1727,4.1174,0.12048799187655644
60,2020-04-07,458.41,466.02,466.46,446.62,542688,32.4685,3.912,0.1204860095169164
61,2020-04-08,459.75,461.54,464.82,453.49,484355,32.3496,3.8977,0.12048680663748546
62,2020-04-09,464.38,466.76,474.37,457.51,653119,32.1019,4.1717,0.12995180970596756
63,2020-04-10,466.61,457.96,478.85,454.83,581691,31.9037,4.146,0.12995357905195948
64,2020-04-13,463.93,457.36,463.93,447.82,471678,32.4288,4.2142,0.1299523880007894
65,2020-04-14,459.15,473.18,476.46,452.29,564280,32.6369,4.2412,0.12995106765654826
66,2020-04-15,471.68,474.67,477.06,466.17,407669,30.3184,3.9399,0.12995078895983958
67,2020-04-16,471.54,467.21,478.25,466.76,350507,29.1988,3.7945,0.12995397071112513
68,2020-04-17,463.63,466.91,474.67,457.07,457708,29.8726,3.882,0.1299518622416529
69,2020-04-20,462.88,461.99,467.96,460.79,281933,30.7643,3.9979,0.12995257490012777
70,2020-04-21,458.56,455.28,462.88,450.65,329731,30.3284,3.9412,0.12995080518589835
71,2020-04-22,454.53,463.48,464.97,450.95,314129,29.7735,3.8691,0.12995113103934708
72,2020-04-23,464.38,448.41,466.76,446.77,418752,29.3376,3.8125,0.12995268869982549
73,2020-04-24,448.71,440.81,451.55,440.06,299173,29.5753,3.8434,0.12995303513404768
74,2020-04-27,443.94,456.17,457.51,438.72,402837,30.3383,3.9425,0.1299512497404271
75,2020-04-28,452.74,446.62,454.68,437.52,331498,30.7148,3.9914,0.12995038222615807
76,2020-04-29,447.52,447.67,452.59,443.34,240227,29.397,3.8202,0.12995203592203286
77,2020-04-30,451.25,453.63,453.78,447.97,233723,30.0212,3.9013,0.1299515009393362
78,2020-05-06,449.01,457.07,458.56,444.83,308556,29.0304,3.7726,0.12995342813051147
79,2020-05-07,454.68,449.46,454.98,446.32,346769,29.0998,3.7816,0.12995278318064044
80,2020-05-08,451.84,450.5,452.89,448.56,280819,29.6645,3.855,0.12995331119688516
81,2020-05-11,451.25,444.98,452.14,443.64,283961,29.1691,3.7906,0.12995258681275734
82,2020-05-12,444.83,438.72,444.83,431.26,380329,29.2286,3.7983,0.12995148587342534
83,2020-05-13,438.87,440.36,442.45,435.29,237388,29.1988,3.7945,0.12995397071112513
84,2020-05-14,437.37,433.2,439.76,432.15,268622,28.7827,3.7404,0.1299530620824315
85,2020-05-15,435.88,432.45,441.25,431.41,257531,28.4855,3.7017,0.12995032560425482
86,2020-05-18,432.45,436.03,440.21,425.59,311897,28.2873,3.676,0.1299523107542961
87,2020-05-19,440.06,437.97,440.95,434.54,228457,30.5364,3.9683,0.12995310514664465
88,2020-05-20,438.72,433.79,439.31,433.2,170176,29.8429,3.8781,0.12995050749089399
89,2020-05-21,436.18,429.92,437.23,429.47,158340,30.2194,3.9271,0.12995294413522437
90,2020-05-22,429.92,419.47,432.15,419.47,197679,30.368,3.9464,0.12995258166491044
91,2020-05-25,419.62,430.21,432.3,417.98,222367,29.3772,3.8176,0.1299511185545253
92,2020-05-26,429.77,434.39,435.58,428.72,196409,29.3078,3.8086,0.1299517534581238
93,2020-05-27,432.9,427.08,434.84,427.08,120582,31.7155,4.1215,0.1299522315587016
94,2020-05-28,428.13,418.88,429.77,412.91,260673,30.3482,3.9438,0.12995169400491627
95,2020-05-29,418.28,423.95,430.21,417.83,233559,30.7544,3.9966,0.12995213693000027
96,2020-06-01,427.08,436.18,437.23,424.99,216315,30.0906,3.9103,0.12995088167068786
97,2020-06-02,438.12,432.6,438.57,432.0,131311,29.5258,3.8369,0.12995075493297387
98,2020-06-03,433.65,434.84,439.76,431.11,170814,28.9313,3.7597,0.1299526810063841
99,2020-06-04,435.14,439.91,440.06,433.5,168963,29.0899,3.7803,0.12995232022110767
100,2020-06-05,440.51,439.61,442.6,437.08,155480,28.9511,3.7623,0.12995361143445328
101,2020-06-08,438.87,435.14,441.7,434.24,157722,28.0693,3.6477,0.12995336542058405
102,2020-06-09,441.85,456.62,457.51,441.1,476051,28.6935,3.7288,0.12995277676128741
103,2020-06-10,455.28,456.47,457.96,449.91,231044,28.5945,3.7159,0.12995156411197958
104,2020-06-11,459.9,452.74,461.24,450.2,187673,28.8322,3.7468,0.1299519287463322
105,2020-06-12,449.31,451.55,456.62,449.01,170550,28.4954,3.703,0.12995079907634213
106,2020-06-15,453.49,452.29,460.05,450.8,230842,27.9405,3.6309,0.1299511461856445
107,2020-06-16,455.28,459.3,463.03,449.76,260285,27.3262,3.5511,0.12995220703939808
108,2020-06-17,459.9,476.16,478.99,456.47,459683,27.5046,3.5743,0.12995280789395228
109,2020-06-18,472.13,463.18,473.77,461.99,273631,27.346,3.5537,0.12995319242302347
110,2020-06-19,463.18,465.72,475.41,461.39,258384,27.1776,3.5318,0.12995260803014247
111,2020-06-22,462.88,468.1,474.07,462.88,233280,28.0396,3.6438,0.1299519251344527
112,2020-06-23,482.13,465.42,482.87,465.27,497401,27.4154,3.3472,0.12209196291135638
113,2020-06-24,465.72,474.67,476.61,465.42,438555,26.9497,3.2903,0.1220904128802918
114,2020-06-29,474.07,483.02,483.02,469.89,409626,26.9002,3.2843,0.12209202905554604
115,2020-06-30,483.02,488.09,492.57,479.59,450044,26.9795,3.294,0.1220927000129728
116,2020-07-01,486.75,484.51,487.2,479.14,299234,27.2272,3.3242,0.12209114414996768
117,2020-07-02,481.08,486.01,493.46,480.64,357539,27.2371,3.3254,0.1220908246472642
118,2020-07-03,481.83,476.61,484.36,469.75,436162,25.8103,3.1512,0.12209079321046247
119,2020-07-06,476.76,489.88,490.18,473.18,500788,26.1075,3.1875,0.12209135305946567
120,2020-07-07,486.6,491.97,499.28,482.57,524358,26.1274,3.1899,0.12209021946309238
121,2020-07-08,489.88,489.59,496.15,486.01,408303,25.7905,3.1488,0.12209146778852678
122,2020-07-09,489.14,498.54,504.2,487.2,546092,25.6419,3.1307,0.12209313662404113
123,2020-07-10,497.04,507.04,520.02,496.3,479911,25.8797,3.1597,0.12209183259465914
124,2020-07-13,512.71,517.03,526.43,510.92,476870,25.0672,3.0605,0.12209181719537883
125,2020-07-14,516.29,510.92,527.92,501.97,450316,24.7303,3.0194,0.12209314080298259
126,2020-07-15,511.96,531.5,537.32,511.96,720100,25.2753,3.0859,0.1220915280926438
127,2020-07-16,528.37,495.25,528.37,494.21,721873,25.7608,3.1452,0.12209248159995031
128,2020-07-17,494.06,496.3,507.19,488.84,415973,25.4833,3.1113,0.12209172281454914
129,2020-07-20,496.45,511.22,512.56,496.45,388505,24.77,3.0242,0.12209123940250304
130,2020-07-21,508.98,508.98,517.03,505.25,286365,25.4635,3.1089,0.12209240677832978
131,2020-07-22,503.16,503.31,510.17,499.73,463429,25.7211,3.1403,0.12209042381546667
132,2020-07-23,500.03,513.75,513.75,497.94,588312,25.9986,3.1742,0.12209118952558984
133,2020-07-24,510.17,479.89,510.32,477.35,590315,25.8698,3.1585,0.1220921692475396
134,2020-07-27,482.13,482.87,490.18,477.35,245830,25.632,3.1295,0.12209347690387017
135,2020-07-28,486.6,487.35,496.75,482.43,271727,25.6815,3.1355,0.1220917781282246
136,2020-07-29,487.94,493.61,494.51,483.62,268994,26.1571,3.1936,0.12209304548287081
137,2020-07-30,493.91,494.06,503.01,486.3,425993,26.0481,3.1803,0.12209335805682563
138,2020-07-31,490.18,493.17,499.58,487.05,309810,26.4642,3.2311,0.12209324294707567
139,2020-08-03,494.21,500.62,501.22,490.63,361163,26.8308,3.2758,0.12209102971212188
140,2020-08-04,501.22,492.12,501.52,491.38,358259,26.7615,3.2674,0.12209330568166955
141,2020-08-05,490.63,491.08,491.67,484.22,311687,27.2668,3.3291,0.1220935349949389
142,2020-08-06,491.38,505.99,530.91,491.38,819966,27.0389,3.3012,0.12209076552670411
143,2020-08-07,510.92,496.6,513.9,490.33,472603,26.6426,3.2528,0.12209018639321988
144,2020-08-10,493.76,516.44,517.03,489.29,566866,26.5732,3.2444,0.1220929357397679
145,2020-08-11,519.27,510.77,525.09,510.32,438690,19.1635,3.4912,0.18217966446630315
146,2020-08-12,511.66,499.28,514.65,491.08,369652,18.4447,3.3602,0.18217699393321657
147,2020-08-13,501.97,495.7,502.27,492.72,211271,18.8006,3.4251,0.18218035594608684
148,2020-08-14,497.79,502.27,505.25,493.32,223084,19.5055,3.5535,0.1821793853015816
149,2020-08-17,501.52,510.62,513.75,498.69,298804,19.1216,3.4835,0.18217617772571332
150,2020-08-18,511.22,517.18,518.67,507.19,303399,19.4357,3.5408,0.18218021475943752
151,2020-08-19,514.5,503.76,518.23,502.41,322467,19.666,3.5827,0.18217736194447268
152,2020-08-20,503.01,493.61,503.01,491.97,264050,19.6799,3.5852,0.182175722437614
153,2020-08-21,497.34,510.47,512.26,496.0,316742,20.0289,3.6488,0.182176754589618
154,2020-08-24,512.71,545.38,552.24,509.28,816271,19.9591,3.6361,0.1821775530960815
155,2020-08-25,541.8,542.24,549.55,537.77,375827,19.2193,3.5013,0.18217624991544956
156,2020-08-26,539.26,534.34,549.55,530.91,349640,19.2473,3.5064,0.18217620133733045
157,2020-08-27,535.23,537.32,538.81,529.56,249018,19.659,3.5814,0.1821761025484511
158,2020-08-28,532.85,541.05,544.48,521.66,397599,19.4148,3.5369,0.18217545377753055
159,2020-08-31,546.42,542.84,551.2,538.81,304148,19.6241,3.5751,0.18217905534521328
160,2020-09-01,542.54,568.5,576.7,542.54,546971,18.8983,3.4429,0.1821804077615447
161,2020-09-02,573.12,577.0,586.1,569.99,438490,19.324,3.5204,0.1821776029807493
162,2020-09-03,574.62,567.6,577.15,564.17,318267,18.4656,3.364,0.18217658781734686
163,2020-09-04,557.46,560.74,566.41,555.37,251337,19.0519,3.4708,0.1821760559314294
164,2020-09-07,563.58,535.83,563.58,533.89,402516,18.8425,3.4327,0.18217858564415548
165,2020-09-08,535.08,532.4,538.96,527.33,267865,18.0051,3.2801,0.18217616119877147
166,2020-09-09,524.94,511.37,526.43,507.93,299192,18.4098,3.3539,0.18218014318460818
167,2020-09-10,518.23,514.35,520.91,511.51,233565,17.8794,3.2572,0.18217613566450777
168,2020-09-11,510.62,523.3,523.3,510.62,166264,17.8306,3.2483,0.18217558579071932
169,2020-09-14,526.28,516.29,527.63,511.22,256111,17.7817,3.2394,0.1821760574073345
170,2020-09-15,516.14,527.48,527.48,508.98,255778,19.0239,3.4657,0.18217610479449534
171,2020-09-16,525.09,519.12,525.98,514.95,186015,18.9053,3.4441,0.18217642671631765
172,2020-09-17,516.74,513.45,518.67,506.89,213157,17.9353,3.2674,0.1821770474985085
173,2020-09-18,514.95,524.94,527.48,511.66,209996,17.6422,3.214,0.1821768260194307
174,2020-09-21,524.94,523.15,530.61,520.76,162616,17.049,3.1059,0.1821749076192152
175,2020-09-22,519.42,513.45,526.88,510.62,183351,18.026,3.2839,0.182175746144458
176,2020-09-23,513.6,509.58,516.14,505.99,203152,18.5634,3.3818,0.18217567902431667
177,2020-09-24,508.98,495.4,508.98,495.11,225836,19.2333,3.5039,0.1821788252665949
178,2020-09-25,501.52,498.09,504.8,494.21,126763,19.1147,3.4823,0.18217916054136346
179,2020-09-28,498.24,491.82,499.88,489.73,121667,19.4357,3.5408,0.18218021475943752
180,2020-09-29,495.55,495.7,498.54,492.57,99395,19.1216,3.4835,0.18217617772571332
181,2020-09-30,495.85,498.39,504.2,491.23,205190,19.338,3.523,0.18218016340883234
182,2020-10-09,502.41,507.34,507.64,498.54,244661,18.8495,3.434,0.1821798986710523
183,2020-10-12,507.34,514.65,515.39,505.25,238431,17.7119,3.2267,0.1821769544769336
184,2020-10-13,513.45,508.98,513.6,507.93,233005,17.7678,3.2369,0.18217787233084567
185,2020-10-14,508.38,505.4,509.58,497.04,281496,16.8187,3.064,0.18217817072663167
186,2020-10-15,501.52,493.32,501.67,475.86,439516,18.1028,3.3999,0.18781072541264338
187,2020-10-16,492.57,489.59,498.39,486.01,201013,17.9422,3.3697,0.18780862993389885
188,2020-10-19,492.42,479.29,492.42,478.85,257007,18.4168,3.4589,0.18781221493419054
189,2020-10-20,479.14,485.56,486.75,475.12,200047,18.5773,3.489,0.18780985396155522
190,2020-10-21,486.45,486.75,489.14,480.19,163433,18.5354,3.4812,0.18781358913214713
191,2020-10-22,483.62,480.93,485.86,480.78,122960,18.4308,3.4615,0.18781062135121643
192,2020-10-23,480.19,472.58,484.36,470.19,161532,18.4168,3.4589,0.18781221493419054
193,2020-10-26,470.04,473.18,475.41,466.91,97710,18.5285,3.4798,0.18780797150335968
194,2020-10-27,477.65,485.11,487.35,473.92,172418,17.8515,3.3527,0.18781054813321008
195,2020-10-28,482.87,495.4,496.9,480.78,240094,17.5026,3.2872,0.18781209648852168
196,2020-10-29,488.09,491.38,493.76,486.6,181899,17.8166,3.3462,0.18781361202474095
197,2020-10-30,496.45,487.35,496.45,486.01,167206,17.6073,3.3068,0.18780846580679605
198,2020-11-02,486.01,473.92,489.44,470.04,289891,17.1327,3.2177,0.18781044435494695
199,2020-11-03,475.56,477.8,478.25,469.89,213226,16.3511,3.0709,0.1878099944346252
200,2020-11-04,477.2,479.89,481.68,474.22,152296,16.3092,3.063,0.18780810830696784
201,2020-11-05,482.87,504.35,505.7,482.28,422550,16.1348,3.0303,0.18781143862954608
202,2020-11-06,504.2,499.13,504.2,495.25,197540,16.1208,3.0277,0.18781325988784675
203,2020-11-09,504.06,503.46,508.98,499.73,216173,15.6323,2.9359,0.18780985523563393
204,2020-11-10,501.52,505.25,510.17,500.62,235111,14.8158,2.7826,0.18781301043480608
205,2020-11-11,504.2,515.24,523.9,503.16,339185,16.4488,3.0893,0.1878130927484072
206,2020-11-12,515.99,523.0,529.27,515.24,247213,16.9443,3.1823,0.18780946985121844
207,2020-11-13,523.15,518.23,528.52,512.11,203964,17.3979,3.2675,0.18781002304875877
208,2020-11-16,519.57,545.53,551.2,519.42,484034,17.3491,3.2583,0.18780801309578019
209,2020-11-17,542.24,544.93,551.2,538.81,346968,17.2862,3.2465,0.18780877231548865
210,2020-11-18,541.95,546.27,546.27,536.13,162195,17.1746,3.2256,0.18781223434606917
211,2020-11-19,545.97,541.8,545.97,531.35,186212,17.3979,3.2675,0.18781002304875877
212,2020-11-20,541.05,550.9,560.0,538.66,246319,17.4328,3.2741,0.18781262906704602
213,2020-11-23,549.26,545.97,558.95,542.84,258139,17.1048,3.2125,0.18781277769982693
214,2020-11-24,550.45,547.76,550.45,541.2,174798,17.1327,3.2177,0.18781044435494695
215,2020-11-25,547.76,526.73,548.36,525.54,292436,16.707,3.1378,0.18781349135093073
216,2020-11-26,531.21,527.03,533.59,519.87,194104,16.2255,3.0473,0.18780931250192598
217,2020-11-27,527.48,528.37,533.0,525.09,114386,16.5395,3.1063,0.18781099791408445
218,2020-11-30,528.37,528.37,535.83,521.36,197730,16.3441,3.0696,0.18781089200384235
219,2020-12-01,529.56,547.76,548.96,528.67,196597,16.072,3.0185,0.18781110004977603
