,日期,开盘,收盘,最高,最低,成交量,pe,pb,roe
0,2020-01-03,671.61,659.69,672.77,655.05,41216,98.6318,4.1793,0.04237274388179066
1,2020-01-06,657.87,668.63,672.61,653.4,45120,97.1188,4.1152,0.04237284645197428
2,2020-01-07,668.63,679.89,679.89,659.85,58477,98.9809,4.1941,0.04237282142312304
3,2020-01-08,679.06,654.39,679.06,650.91,75847,97.3225,4.1239,0.04237355185080531
4,2020-01-09,660.02,663.83,669.46,655.38,54354,97.1479,4.1165,0.04237353560910735
5,2020-01-10,668.3,662.17,681.22,661.68,55809,98.9227,4.1917,0.04237348960349849
6,2020-01-13,664.99,677.24,677.91,654.72,61822,97.6717,4.1386,0.04237256032197658
7,2020-01-14,678.24,670.45,679.89,668.3,38260,100.8139,4.2718,0.04237312513453006
8,2020-01-15,670.29,680.72,681.55,668.13,45159,102.2686,4.3334,0.04237273219737045
9,2020-01-16,681.71,679.89,688.17,670.78,39331,101.9777,4.3211,0.042372989388856586
10,2020-01-17,681.88,691.98,704.4,677.41,58509,102.065,4.3248,0.042372997599568904
11,2020-01-20,689.17,688.67,689.83,668.13,68219,103.607,4.3901,0.04237261961064407
12,2020-01-21,680.06,663.5,684.36,663.5,44925,104.1598,4.4136,0.04237335325144633
13,2020-01-22,653.4,661.68,667.47,640.15,49940,105.2363,4.4592,0.04237321152492059
14,2020-01-23,654.89,632.86,672.27,621.1,69034,103.8107,4.3988,0.04237328136694965
15,2020-02-03,570.6,570.6,570.6,570.6,7520,110.9098,4.6996,0.04237317171250873
16,2020-02-04,515.78,547.91,563.64,515.78,145311,105.3818,4.4653,0.04237259185172392
17,2020-02-05,551.72,571.92,593.45,550.72,94560,99.2137,4.204,0.04237318031683124
18,2020-02-06,568.94,587.65,592.46,565.63,64117,104.7417,4.4382,0.042372808537573865
19,2020-02-07,591.79,616.3,620.28,577.39,95706,106.8366,4.527,0.04237311932427651
20,2020-02-10,617.13,628.89,633.52,610.01,67693,108.3204,4.5899,0.04237336642036034
21,2020-02-11,623.59,627.07,635.35,618.29,43230,104.7708,4.4395,0.04237344756363414
22,2020-02-12,622.26,664.16,666.64,622.26,74302,107.1857,4.5418,0.04237318970720908
23,2020-02-13,658.36,660.85,672.11,653.73,68226,119.0855,5.046,0.042372916937830386
24,2020-02-14,655.05,646.77,664.16,641.31,58635,117.8053,4.9918,0.04237330578505381
25,2020-02-17,653.23,660.02,679.56,653.23,50964,110.1243,4.6663,0.042373027569755264
26,2020-02-18,665.65,675.75,680.89,657.04,61587,109.9788,4.6878,0.042624578555139715
27,2020-02-19,673.27,665.82,681.55,662.67,39286,109.746,4.6778,0.042623876952235164
28,2020-02-20,665.15,688.83,698.77,650.75,104100,115.4777,4.9221,0.042623813948493953
29,2020-02-21,689.83,687.18,708.54,678.4,64968,115.3905,4.9184,0.04262395951139825
30,2020-02-24,691.48,747.79,754.41,686.52,102545,115.3614,4.9172,0.042624309344373425
31,2020-02-25,731.23,752.76,772.63,722.45,91190,112.6264,4.8006,0.04262410944503243
32,2020-02-26,741.16,687.34,755.9,681.55,93393,114.0521,4.8614,0.042624379559867816
33,2020-02-27,689.66,703.24,726.59,670.45,80160,115.6523,4.9296,0.0426243144321384
34,2020-02-28,677.41,653.56,694.47,653.56,70245,117.2234,4.9966,0.04262459543060515
35,2020-03-02,616.96,713.01,717.81,616.96,172450,121.384,5.1739,0.04262423383641995
36,2020-03-03,756.07,702.41,760.71,696.45,105080,119.3183,5.0858,0.042623805401183226
37,2020-03-04,702.41,723.11,746.13,674.92,101802,118.7073,5.0598,0.042624168859033945
38,2020-03-05,747.79,726.26,769.32,718.81,79393,111.4335,4.7498,0.04262452494088402
39,2020-03-06,714.17,720.96,724.6,701.42,37307,112.5392,4.7969,0.04262425892489018
40,2020-03-09,691.48,649.92,698.11,649.92,191845,112.19,4.782,0.04262411979677333
41,2020-03-10,636.67,631.87,654.72,616.8,147707,108.9605,4.6443,0.04262370308506294
42,2020-03-11,636.84,613.82,643.46,612.82,97093,107.6512,4.5885,0.04262377010195892
43,2020-03-12,607.03,598.42,607.03,583.84,58478,112.2191,4.7832,0.0426237601263956
44,2020-03-13,573.08,587.32,598.75,552.38,84958,110.5607,4.7126,0.04262454922951827
45,2020-03-16,592.95,557.51,601.07,557.51,78824,114.4885,4.88,0.04262436838634448
46,2020-03-17,568.94,556.35,571.92,533.01,88170,117.6308,5.0139,0.04262404064241678
47,2020-03-18,564.47,531.68,568.28,531.51,69242,106.9238,4.5575,0.04262381247205954
48,2020-03-19,528.37,540.62,545.76,522.9,65084,108.0003,4.6034,0.0426239556741972
49,2020-03-20,545.76,540.95,550.39,530.52,50266,106.5165,4.5402,0.042624382137978624
50,2020-03-23,526.55,512.14,534.16,504.19,79055,107.2148,4.5699,0.04262377955282293
51,2020-03-24,520.09,512.97,525.88,494.42,86218,97.468,4.1545,0.042624245906348744
52,2020-03-25,535.49,523.4,535.49,514.13,85085,97.177,4.1421,0.042624283523879106
53,2020-03-26,522.41,519.59,526.22,515.95,45379,98.8936,4.2153,0.042624598558450695
54,2020-03-27,528.37,527.87,548.9,525.06,80435,100.0865,4.2661,0.04262413012743976
55,2020-03-30,514.29,493.76,515.12,487.8,72674,101.4831,4.3256,0.042623845743774084
56,2020-03-31,501.38,490.45,502.7,490.45,40986,102.2977,4.3604,0.042624614238638794
57,2020-04-01,494.25,494.25,503.69,485.81,50307,100.8139,4.2971,0.04262408259178546
58,2020-04-02,494.25,514.29,514.29,488.79,53285,100.3193,4.276,0.04262390188129303
59,2020-04-03,514.62,500.05,514.62,497.07,47003,99.9992,4.2624,0.04262434099472796
60,2020-04-07,512.31,514.79,515.29,506.34,53461,95.7223,4.0801,0.042624341454394636
61,2020-04-08,512.97,516.78,524.23,509.82,50397,98.1081,4.1818,0.04262441123617724
62,2020-04-09,521.74,523.4,525.72,514.29,45097,98.1081,4.1818,0.04262441123617724
63,2020-04-10,523.73,503.36,531.51,502.2,61870,90.5143,3.888,0.04295453867510437
64,2020-04-13,503.36,486.97,503.36,486.8,38746,93.4238,4.013,0.042954793104112654
65,2020-04-14,488.62,495.25,495.58,488.62,33843,93.7729,4.028,0.042954840897530086
66,2020-04-15,499.55,508.0,516.78,493.1,60450,93.5402,4.018,0.04295479376781319
67,2020-04-16,504.36,507.83,512.64,486.97,43095,94.0348,4.0392,0.04295431053184565
68,2020-04-17,515.29,501.04,518.93,499.55,56082,93.7438,4.0267,0.04295430737819461
69,2020-04-20,506.18,508.83,509.32,498.23,43837,97.4971,4.188,0.04295512379342565
70,2020-04-21,506.01,503.03,507.67,496.24,39760,97.0898,4.1705,0.04295507870033721
71,2020-04-22,502.7,521.41,525.72,496.24,82332,95.8096,4.1155,0.042954985721681334
72,2020-04-23,526.88,524.23,532.18,516.11,64548,95.1986,4.0892,0.04295441319515203
73,2020-04-24,527.04,528.37,542.44,520.25,71078,95.5768,4.1055,0.042954984891731045
74,2020-04-27,528.87,502.7,534.16,498.56,84804,98.399,4.2267,0.04295470482423602
75,2020-04-28,496.08,473.39,497.07,453.52,114258,100.4357,4.3142,0.042954845737123354
76,2020-04-29,472.89,482.0,487.47,462.29,53897,101.5122,4.3604,0.0429544429142507
77,2020-04-30,486.14,518.6,524.23,481.67,83901,105.2654,4.5217,0.042955235053493364
78,2020-05-06,509.49,527.21,538.3,509.49,75848,107.0984,4.6004,0.04295489008239152
79,2020-05-07,535.49,518.27,535.65,514.29,47223,107.9422,4.6366,0.04295447007750444
80,2020-05-08,523.23,530.02,537.97,519.76,48861,110.7644,4.7579,0.04295513721015056
81,2020-05-11,537.31,556.02,561.82,531.18,92888,106.9238,4.5929,0.0429548893698129
82,2020-05-12,558.18,555.86,560.99,541.95,60025,106.6329,4.5804,0.04295484789403645
83,2020-05-13,551.88,550.23,559.0,544.1,43424,110.3861,4.7416,0.042954683605997496
84,2020-05-14,545.92,542.61,553.21,541.62,36152,107.6512,4.6241,0.04295446776255165
85,2020-05-15,542.94,548.9,553.21,535.82,54528,108.7277,4.6704,0.04295501514333514
86,2020-05-18,549.07,530.69,552.38,529.2,48807,105.5855,4.5354,0.04295476178073694
87,2020-05-19,539.13,529.03,539.13,518.6,54439,109.746,4.7141,0.04295464071583475
88,2020-05-20,529.2,519.26,529.2,510.48,59748,114.0812,4.9003,0.04295449206354772
89,2020-05-21,522.74,521.74,544.76,514.29,73900,109.106,4.6866,0.04295455795281653
90,2020-05-22,519.26,499.39,527.87,494.92,67293,109.4842,4.7029,0.04295505652870459
91,2020-05-25,499.06,488.62,503.36,485.48,44694,108.5241,4.6616,0.042954514250751676
92,2020-05-26,492.27,498.56,502.37,490.28,34639,113.4411,4.8728,0.042954449489647044
93,2020-05-27,498.56,494.42,499.89,488.46,28815,122.7515,5.2728,0.04295507590538609
94,2020-05-28,491.44,491.11,494.09,478.85,53557,121.0349,5.199,0.042954552777752536
95,2020-05-29,488.79,502.53,502.53,486.47,43680,120.0456,5.1565,0.042954510619298
96,2020-06-01,504.19,510.15,514.13,500.22,62577,115.5359,4.9628,0.04295461410695723
97,2020-06-02,510.81,507.01,513.13,504.85,43973,119.842,5.1478,0.042954890605964524
98,2020-06-03,507.83,509.16,517.94,505.18,50872,118.7073,5.099,0.042954392863791865
99,2020-06-04,511.15,505.52,512.14,502.7,36247,118.4454,5.0878,0.04295481293490502
100,2020-06-05,507.01,508.33,512.64,502.04,36388,115.5068,4.9616,0.042955046802439334
101,2020-06-08,513.13,520.75,534.66,510.81,82980,108.1167,4.6441,0.04295451119022316
102,2020-06-09,519.26,571.76,571.76,518.6,146745,108.815,4.6741,0.04295455589762441
103,2020-06-10,606.53,603.88,626.73,587.16,242776,109.3096,4.6954,0.042955056097543125
104,2020-06-11,604.05,628.39,634.35,598.42,168159,113.5575,4.8778,0.04295445038856966
105,2020-06-12,607.03,617.46,623.42,607.03,97272,113.5866,4.8548,0.04274095711994196
106,2020-06-15,608.52,614.15,629.88,606.7,86764,113.4702,4.8498,0.04274073721558612
107,2020-06-16,620.44,637.33,645.12,618.12,111671,113.9357,4.8697,0.042740773962858
108,2020-06-17,634.52,627.56,634.52,615.31,68694,110.8517,4.7379,0.0427408871492273
109,2020-06-18,625.41,626.9,634.85,618.62,48053,110.879,4.7391,0.04274118633826062
110,2020-06-19,626.9,642.63,650.91,622.26,88961,108.1179,4.6211,0.04274130370641679
111,2020-06-22,642.96,641.8,664.16,638.16,84119,108.2341,4.6261,0.04274161285583749
112,2020-06-23,646.44,659.36,662.01,640.31,72023,109.9489,4.6994,0.0427416736320236
113,2020-06-24,648.76,656.71,687.84,648.59,96251,105.88,4.5254,0.04274083868530412
114,2020-06-29,656.71,657.37,669.63,646.77,64177,106.4612,4.5503,0.0427413931084752
115,2020-06-30,657.37,657.87,664.66,647.6,58849,108.3795,4.6323,0.0427414778625109
116,2020-07-01,657.37,633.69,665.15,620.61,85694,104.078,4.4484,0.04274102115720902
117,2020-07-02,648.26,630.87,648.59,626.73,74382,98.4396,4.2074,0.04274092946334605
118,2020-07-03,632.86,626.9,639.15,619.95,70481,89.4879,3.8248,0.04274097391937905
119,2020-07-06,632.53,668.96,674.59,632.53,162319,87.3081,3.7317,0.04274173873901734
120,2020-07-07,672.11,685.69,699.93,655.88,127566,86.814,3.7105,0.04274080217476445
121,2020-07-08,684.2,687.18,691.82,678.24,64466,87.4534,3.7379,0.0427416201085378
122,2020-07-09,687.18,693.64,710.36,681.88,93614,87.0756,3.7217,0.04274102044660043
123,2020-07-10,693.8,669.13,698.77,668.96,90869,87.6278,3.7453,0.042741002284663085
124,2020-07-13,663.66,694.8,703.74,663.66,84605,86.2909,3.6882,0.042741471000997795
125,2020-07-14,693.47,700.43,703.74,677.08,91556,84.2854,3.6025,0.04274168479950265
126,2020-07-15,698.27,710.2,726.59,678.9,128500,84.8667,3.6273,0.04274114582044548
127,2020-07-16,707.05,657.21,716.99,644.12,116665,85.5933,3.6584,0.04274166319092733
128,2020-07-17,655.55,629.22,656.54,617.46,87957,83.8495,3.5838,0.04274086309399579
129,2020-07-20,631.7,634.68,635.35,611.0,51122,85.7386,3.6646,0.042741542315829745
130,2020-07-21,645.45,632.53,656.38,624.25,53194,89.6623,3.8323,0.04274148666719457
131,2020-07-22,633.86,660.85,668.63,630.54,73332,89.2263,3.8136,0.04274076141227419
132,2020-07-23,654.06,636.17,670.62,621.77,87840,90.9411,3.8869,0.042740850946381775
133,2020-07-24,632.53,612.49,645.45,612.49,59698,91.2317,3.8994,0.0427417224495433
134,2020-07-27,613.49,630.38,636.34,601.07,67402,94.4288,4.036,0.04274119760073198
135,2020-07-28,637.5,624.25,643.29,621.1,33031,93.3243,3.9888,0.042741279602418664
136,2020-07-29,620.77,639.82,650.42,620.77,60366,94.6613,4.0459,0.042740803263846994
137,2020-07-30,634.68,618.45,640.81,613.98,59165,95.6494,4.0882,0.042741512231127425
138,2020-07-31,624.09,620.11,640.31,613.98,48890,95.6785,4.0894,0.0427410546779057
139,2020-08-03,625.91,641.97,643.46,620.28,72060,91.1155,3.8944,0.04274135575176562
140,2020-08-04,640.81,625.91,648.26,622.1,58494,89.0519,3.8062,0.04274136767435619
141,2020-08-05,633.03,621.1,635.51,616.8,54055,90.6214,3.8733,0.04274155994058799
142,2020-08-06,619.61,610.67,619.78,599.41,68959,89.1101,3.8087,0.04274150741610659
143,2020-08-07,615.47,589.31,615.47,583.02,65921,82.6869,3.5327,0.042723817194743066
144,2020-08-10,597.42,583.18,612.82,577.88,81440,64.3537,3.3172,0.051546375732863844
145,2020-08-11,583.35,571.59,587.16,569.6,71329,68.432,3.5274,0.051546060322656066
146,2020-08-12,566.29,555.53,571.09,538.97,65742,72.0034,3.7115,0.05154617698608677
147,2020-08-13,555.53,553.37,565.79,551.39,36736,71.4273,3.6818,0.05154611752089187
148,2020-08-14,554.86,556.85,559.67,548.07,41617,71.0356,3.6616,0.051545985393239444
149,2020-08-17,558.34,564.14,564.3,552.38,65038,68.4781,3.5298,0.05154640680743187
150,2020-08-18,563.97,566.46,568.28,558.18,65676,69.2845,3.5714,0.05154688278041987
151,2020-08-19,562.65,545.09,562.65,544.1,63192,68.2016,3.5155,0.051545711537559234
152,2020-08-20,539.79,546.75,550.72,534.83,51982,69.1463,3.5642,0.051545780468369246
153,2020-08-21,548.9,543.93,553.21,540.46,39609,69.1693,3.5654,0.05154598933341814
154,2020-08-24,548.07,545.26,550.72,538.14,40562,67.3951,3.474,0.05154677417200954
155,2020-08-25,550.06,543.27,554.04,540.95,44619,66.2431,3.4146,0.051546500692147564
156,2020-08-26,543.77,526.71,545.59,523.07,53488,68.5241,3.5322,0.0515468280502772
157,2020-08-27,531.51,569.93,571.26,531.51,122351,71.3121,3.6759,0.051546651970703426
158,2020-08-28,568.11,569.93,573.41,559.83,71109,70.3905,3.6284,0.05154672860684325
159,2020-08-31,574.57,556.35,579.54,552.55,78405,70.114,3.6141,0.05154605356990045
160,2020-09-01,559.83,580.7,584.51,545.76,102818,68.0633,3.5084,0.05154613426031356
161,2020-09-02,579.54,582.52,588.48,572.58,77378,70.0449,3.6106,0.051546936322273286
162,2020-09-03,577.88,585.33,593.61,569.93,79923,67.2569,3.4669,0.05154712750662013
163,2020-09-04,574.74,593.78,601.89,572.09,81002,66.7269,3.4395,0.05154592825382267
164,2020-09-07,594.11,589.14,598.25,583.35,60034,67.1878,3.4633,0.05154656053628784
165,2020-09-08,583.84,581.19,596.76,576.72,39944,71.9342,3.708,0.05154710832955673
166,2020-09-09,572.91,574.41,586.83,556.85,48206,70.7822,3.6486,0.051546857825837566
167,2020-09-10,576.06,564.63,585.5,563.64,37392,71.3121,3.6759,0.051546651970703426
168,2020-09-11,561.32,566.29,574.07,559.0,27836,69.8605,3.6011,0.05154701154443498
169,2020-09-14,605.21,621.77,621.77,604.38,57240,69.7453,3.5951,0.051546125688756085
170,2020-09-15,638.33,617.79,642.63,610.34,110839,73.7545,3.8018,0.05154668528699944
171,2020-09-16,625.91,626.24,640.31,612.16,83015,73.7084,3.7994,0.05154636377943355
172,2020-09-17,622.43,620.11,627.73,615.81,42770,72.4642,3.7353,0.05154683278087662
173,2020-09-18,617.3,681.05,681.05,615.31,182258,75.8973,3.9122,0.05154597067352857
174,2020-09-21,673.27,663.17,676.58,654.89,78314,76.0586,3.9205,0.051545781805081875
175,2020-09-22,655.38,640.81,663.0,636.17,45223,80.206,4.1343,0.05154601900107223
176,2020-09-23,644.12,650.25,655.55,637.33,32732,81.7497,4.2139,0.05154636653100867
177,2020-09-24,643.13,624.25,643.13,624.25,34440,83.8925,4.3244,0.05154692016568823
178,2020-09-25,626.24,631.7,636.67,619.95,28482,86.404,4.4538,0.051546224711818904
179,2020-09-28,628.39,650.08,656.21,628.39,39246,88.9155,4.5833,0.05154669320872065
180,2020-09-29,650.08,652.07,657.37,645.45,23887,98.8001,5.0928,0.05154650653187599
181,2020-09-30,652.4,645.78,665.49,642.63,36183,99.5374,5.1308,0.0515464538957216
182,2020-10-09,657.37,687.18,697.11,657.37,64492,99.0997,5.1082,0.05154606926156184
183,2020-10-12,687.18,690.66,690.66,673.1,44299,96.2195,4.9598,0.051546723896923184
184,2020-10-13,690.82,702.41,711.19,681.38,46441,97.6941,5.0358,0.05154661335740848
185,2020-10-14,697.11,678.73,697.11,672.27,47800,89.4224,4.8397,0.054121786040186796
186,2020-10-15,678.07,669.79,685.52,662.34,44601,96.3347,5.2138,0.05412172353264193
187,2020-10-16,673.77,660.68,673.77,657.37,42676,94.1228,5.0941,0.05412184932874925
188,2020-10-19,664.49,652.57,669.29,650.08,29661,103.224,5.5867,0.05412210338680927
189,2020-10-20,647.6,668.13,671.94,645.45,34876,102.5328,5.5493,0.054122193093332084
190,2020-10-21,671.61,668.3,672.44,659.03,27559,94.0997,5.0929,0.05412238296190105
191,2020-10-22,667.47,668.8,680.72,662.34,26967,94.3301,5.1054,0.054122703145655524
192,2020-10-23,667.31,636.17,671.28,636.01,34800,91.1274,4.932,0.05412203135390674
193,2020-10-26,635.51,637.5,644.12,624.25,17649,92.5099,5.0068,0.05412177507488388
194,2020-10-27,637.17,638.33,649.09,624.25,25263,90.321,4.8884,0.05412251857264645
195,2020-10-28,643.29,682.05,693.8,627.89,48805,88.4777,4.7886,0.054122112125428216
196,2020-10-29,673.93,689.33,697.78,663.83,48080,90.4362,4.8946,0.054122132508884715
197,2020-10-30,685.52,621.6,689.17,621.6,109354,90.897,4.9195,0.05412169818585872
198,2020-11-02,615.14,607.86,618.62,601.89,49063,85.7358,4.6402,0.05412208202407862
199,2020-11-03,615.81,628.06,637.0,609.18,52031,85.9893,4.6539,0.0541218500441334
200,2020-11-04,627.89,619.61,627.89,609.51,29956,84.2382,4.5592,0.054122713923137
201,2020-11-05,629.88,607.69,629.88,601.23,83748,80.2521,4.3434,0.05412194821070103
202,2020-11-06,605.37,576.23,607.69,563.97,82857,78.0632,4.2249,0.05412153229690815
203,2020-11-09,582.02,611.33,620.94,580.37,66983,74.7222,4.0441,0.05412180048231985
204,2020-11-10,645.45,642.8,671.28,632.53,115500,77.8788,4.215,0.05412255966964052
205,2020-11-11,640.15,602.39,640.15,591.13,72816,86.5423,4.6839,0.05412266602574695
206,2020-11-12,601.56,610.51,623.26,597.42,33892,90.5514,4.9008,0.05412174742742796
207,2020-11-13,614.48,604.38,621.93,599.41,24132,90.8049,4.9146,0.05412262994618132
208,2020-11-16,599.41,601.23,605.37,592.46,21776,94.3071,5.1041,0.05412211805897965
209,2020-11-17,601.23,592.46,603.22,580.37,34997,94.7679,5.129,0.05412170154662074
210,2020-11-18,598.58,591.96,598.58,589.47,24739,93.0859,5.038,0.05412205285655508
211,2020-11-19,588.32,593.61,597.26,584.01,18788,93.2011,5.0442,0.054121678821387305
212,2020-11-20,591.79,585.33,595.44,580.7,30288,91.7726,4.9669,0.05412181849484487
213,2020-11-23,586.0,567.45,586.0,559.17,68260,92.7173,5.0181,0.05412258553689549
214,2020-11-24,566.29,574.57,576.06,561.32,25339,90.6205,4.9046,0.054122411595610265
215,2020-11-25,577.88,564.47,577.88,564.14,18015,90.8509,4.9171,0.05412274396841418
216,2020-11-26,562.98,565.46,574.24,562.98,19008,89.5376,4.846,0.05412251389360448
217,2020-11-27,564.47,574.9,577.39,560.83,28377,93.0859,5.038,0.05412205285655508
218,2020-11-30,572.91,564.3,576.89,564.3,34467,91.5191,4.9532,0.05412203572806114
219,2020-12-01,564.3,572.91,572.91,561.49,32423,90.2749,4.8859,0.05412246371915117
