,日期,开盘,收盘,最高,最低,成交量,pe,pb,roe
0,2020-01-03,49.59,49.86,49.94,49.13,172789,16.3932,2.2374,0.13648341995461533
1,2020-01-06,49.55,49.97,50.72,49.36,151505,16.1654,2.2063,0.13648285845076522
2,2020-01-07,50.11,50.19,50.73,49.86,123587,16.4501,2.2452,0.13648549248940736
3,2020-01-08,49.8,49.39,49.95,49.16,127127,16.012,2.1854,0.13648513614788907
4,2020-01-09,49.63,50.33,50.44,49.63,143674,15.6879,2.1411,0.13648098215822382
5,2020-01-10,50.3,49.8,50.42,49.63,111646,16.0778,2.1943,0.13648011543867944
6,2020-01-13,49.77,49.55,49.94,48.64,239758,16.2267,2.2147,0.13648492915996474
7,2020-01-14,49.47,48.75,49.8,48.69,221602,15.5082,2.1166,0.13648263499310043
8,2020-01-15,48.91,48.38,48.99,48.11,182982,15.8368,2.1614,0.1364795918367347
9,2020-01-16,48.5,48.61,48.92,48.19,183361,15.4995,2.1154,0.1364818219942579
10,2020-01-17,48.81,48.22,48.86,48.02,155839,15.149,2.0676,0.13648425638656017
11,2020-01-20,48.35,48.36,48.53,48.03,162389,14.4262,1.9689,0.13648084734718777
12,2020-01-21,48.14,47.74,48.21,47.5,155970,14.5883,1.991,0.13647923335823914
13,2020-01-22,47.46,47.58,47.96,46.91,197511,15.0264,2.0508,0.13647979555981474
14,2020-01-23,47.41,46.32,47.49,45.84,230612,15.3768,2.0987,0.13648483429582228
15,2020-02-03,42.15,44.09,45.3,42.15,412847,15.149,2.0676,0.13648425638656017
16,2020-02-04,44.56,45.84,46.05,44.56,302003,15.1578,2.0688,0.13648418635949808
17,2020-02-05,45.62,44.82,45.71,44.21,429947,14.6759,2.003,0.13648226003175273
18,2020-02-06,44.84,44.63,44.84,44.06,336125,15.0921,2.0598,0.13648200051682668
19,2020-02-07,44.24,43.85,44.24,43.31,342641,15.5521,2.1226,0.1364831759055047
20,2020-02-10,43.73,44.12,44.26,43.18,267597,14.7635,2.015,0.1364852507874149
21,2020-02-11,44.18,45.41,45.8,44.12,434548,14.6846,2.0042,0.13648311836890348
22,2020-02-12,45.16,45.1,45.51,44.7,251971,14.8862,2.0317,0.13648211094839513
23,2020-02-13,45.04,44.82,45.18,44.52,232732,15.4644,2.1106,0.13648120845296294
24,2020-02-14,44.73,45.57,45.63,44.49,279304,15.0395,2.0816,0.13840885667741612
25,2020-02-17,45.65,46.32,46.32,45.15,253606,15.1578,2.098,0.13841058728839276
26,2020-02-18,46.29,45.55,46.32,45.35,232380,15.0351,2.081,0.13840945520814626
27,2020-02-19,45.37,45.27,45.99,45.18,206165,15.701,2.1732,0.13841156614228392
28,2020-02-20,45.18,45.99,46.13,45.04,258848,15.6397,2.1647,0.13841058332320952
29,2020-02-21,45.84,45.73,45.91,45.26,272424,15.8938,2.1999,0.13841246272131272
30,2020-02-24,45.34,45.2,45.71,44.95,250342,15.4206,2.1344,0.13841225373850563
31,2020-02-25,44.84,44.49,45.02,44.1,311504,15.5652,2.1544,0.13841132783388582
32,2020-02-26,43.93,44.51,45.15,43.85,270651,15.4075,2.1326,0.138413110498134
33,2020-02-27,44.46,44.87,45.06,44.4,169600,15.3418,2.1235,0.1384127025512
34,2020-02-28,44.28,43.56,44.63,43.32,228170,14.7372,2.0398,0.13841163857449176
35,2020-03-02,44.01,45.94,46.24,44.01,469395,14.7723,2.0446,0.13840769548411555
36,2020-03-03,46.16,46.23,46.66,45.59,275234,14.5795,2.018,0.13841352584107822
37,2020-03-04,45.84,46.04,46.68,45.52,275697,13.7909,1.9088,0.13841011101523468
38,2020-03-05,46.24,47.77,48.08,45.96,449501,13.7909,1.9088,0.13841011101523468
39,2020-03-06,47.5,47.18,48.21,46.94,247599,14.1984,1.9652,0.13840996168582376
40,2020-03-09,46.27,46.77,47.07,45.68,322206,14.5182,2.0095,0.13841247537573528
41,2020-03-10,46.46,46.8,47.5,45.84,337621,14.3473,1.9858,0.13840931743254828
42,2020-03-11,46.57,45.96,46.6,45.94,176095,14.4612,2.0016,0.1384117500622355
43,2020-03-12,45.93,45.16,46.08,44.79,243519,14.8336,2.0531,0.13840874770790637
44,2020-03-13,43.31,44.87,44.9,43.12,281756,14.9519,2.0695,0.138410503012995
45,2020-03-16,44.37,43.01,44.56,43.0,372383,14.9825,2.0738,0.13841481728683463
46,2020-03-17,42.87,42.5,43.7,41.65,242722,15.0001,2.0762,0.13841241058392945
47,2020-03-18,42.82,40.61,43.06,40.53,293011,14.5795,2.018,0.13841352584107822
48,2020-03-19,40.03,39.14,41.11,38.6,406830,14.413,1.9949,0.13840976895857904
49,2020-03-20,39.64,40.3,41.17,39.28,404280,14.3955,1.9925,0.13841130908964605
50,2020-03-23,39.53,39.08,40.11,38.63,280017,14.3473,1.9858,0.13840931743254828
51,2020-03-24,39.7,40.66,40.72,39.49,275557,14.2597,1.9737,0.1384110465157051
52,2020-03-25,41.67,42.22,42.45,41.47,303592,14.4744,2.0034,0.13840988227491297
53,2020-03-26,41.83,42.26,43.06,41.59,193569,14.5357,2.0119,0.13841094684122537
54,2020-03-27,42.36,41.95,42.76,41.81,163006,14.7328,2.0392,0.13841225021720244
55,2020-03-30,41.11,40.62,41.25,40.36,246539,14.5182,2.0095,0.13841247537573528
56,2020-03-31,41.19,40.28,41.47,40.05,250431,14.7635,2.0434,0.13840891387543605
57,2020-04-01,40.5,39.88,40.59,39.56,285578,14.7898,2.0471,0.13841296028343858
58,2020-04-02,39.64,39.8,39.95,39.14,343280,14.9913,2.075,0.13841361322900617
59,2020-04-03,39.72,38.94,39.72,38.85,380791,15.1709,2.0998,0.13840971860601547
60,2020-04-07,39.88,40.89,41.09,39.8,464040,15.5521,2.1526,0.13841217584763474
61,2020-04-08,40.58,39.81,40.61,39.66,457025,15.9157,2.2699,0.14262018007376365
62,2020-04-09,40.05,40.48,40.84,40.05,300385,15.1403,2.1593,0.14261936685534632
63,2020-04-10,40.64,40.61,41.42,40.23,243830,15.1096,2.1549,0.14261793826441468
64,2020-04-13,40.31,40.08,40.55,39.92,172930,15.0921,2.1524,0.14261766089543537
65,2020-04-14,40.34,40.56,40.73,40.03,279954,14.6189,2.085,0.14262359001019229
66,2020-04-15,40.61,39.91,40.62,39.8,288321,15.2848,2.1799,0.1426188108447608
67,2020-04-16,39.72,39.5,39.8,39.17,279407,14.8818,2.1225,0.14262387614401484
68,2020-04-17,39.81,40.53,40.86,39.6,497852,15.3637,2.1912,0.14262189446552587
69,2020-04-20,40.8,41.3,41.67,40.67,369835,15.2016,2.1681,0.14262314493211242
70,2020-04-21,41.44,40.87,41.61,40.58,228707,15.1446,2.1599,0.14261849107932859
71,2020-04-22,40.7,40.7,41.05,40.23,180724,14.7022,2.0968,0.14261811157513843
72,2020-04-23,40.78,40.81,41.48,40.62,236790,14.1195,2.0137,0.14261836467297
73,2020-04-24,40.92,41.0,41.14,40.44,156659,14.4525,2.0612,0.14261892406158103
74,2020-04-27,41.4,43.11,43.68,41.28,647384,14.47,2.0637,0.14261921216309603
75,2020-04-28,43.23,43.65,44.17,42.79,329895,14.6934,2.0956,0.1426218574325888
76,2020-04-29,43.82,44.99,45.57,43.76,438494,13.9706,1.9925,0.14262093252974103
77,2020-04-30,44.96,44.95,46.3,44.7,317171,13.8391,1.9738,0.1426248816758315
78,2020-05-06,44.42,44.81,45.15,44.09,288252,13.3441,1.9032,0.1426248304494121
79,2020-05-07,45.04,44.52,45.04,44.15,213686,13.4361,1.9163,0.14262323144364808
80,2020-05-08,44.85,45.23,45.88,44.48,314702,12.9016,1.84,0.1426179698642029
81,2020-05-11,45.02,44.87,45.68,44.46,310803,12.6914,1.8101,0.14262413918086264
82,2020-05-12,44.88,44.2,45.18,43.98,249938,12.7702,1.8213,0.14262110225368435
83,2020-05-13,44.09,43.95,44.24,43.5,288707,12.9936,1.8532,0.14262406107622214
84,2020-05-14,43.92,42.92,43.98,42.92,319478,12.7395,1.8169,0.14261941206483772
85,2020-05-15,43.29,42.89,43.67,42.76,265822,12.595,1.7963,0.14262008733624454
86,2020-05-18,42.79,43.0,43.57,42.72,223170,13.1776,1.8794,0.14262081107333657
87,2020-05-19,43.73,43.64,44.32,43.54,219064,13.8829,1.98,0.14262149839010582
88,2020-05-20,43.62,44.07,44.29,43.01,333646,13.6245,1.9431,0.14261807772762305
89,2020-05-21,44.32,44.62,45.07,43.93,300836,13.6946,1.9531,0.1426182582915894
90,2020-05-22,44.56,43.87,44.79,43.81,180749,13.8654,1.9775,0.14262120097508907
91,2020-05-25,43.95,43.17,44.09,43.0,182763,13.3266,1.9007,0.1426245253853196
92,2020-05-26,43.29,43.54,43.68,43.03,134001,12.7702,1.8213,0.14262110225368435
93,2020-05-27,43.54,43.25,43.98,43.01,167507,12.6782,1.8082,0.1426227697938193
94,2020-05-28,43.46,44.62,45.23,43.15,332941,12.8359,1.8307,0.1426234233672746
95,2020-05-29,44.82,44.26,44.9,44.21,221292,13.0637,1.8632,0.1426242182536341
96,2020-06-01,44.73,45.79,45.93,44.28,342874,13.4405,1.9169,0.14262118224768425
97,2020-06-02,45.68,45.94,46.04,45.41,260586,13.9311,1.9869,0.14262333914766243
98,2020-06-03,46.19,46.83,47.75,46.19,350656,13.9618,1.9309,0.13829878668939535
99,2020-06-04,46.94,46.85,47.27,46.4,176426,13.826,1.9121,0.13829741067553883
100,2020-06-05,47.18,47.08,47.24,46.32,144008,13.6376,1.8861,0.13830146066756613
101,2020-06-08,47.44,47.15,48.58,47.04,280366,12.3978,1.7146,0.1382987304199132
102,2020-06-09,47.02,46.41,47.04,46.13,261551,12.2182,1.6898,0.13830187752696796
103,2020-06-10,46.43,46.18,46.69,46.13,181068,11.9116,1.6474,0.13830215923973269
104,2020-06-11,46.33,45.34,46.33,45.07,273453,11.5085,1.5916,0.1382977799018117
105,2020-06-12,44.9,45.32,45.32,44.52,278162,11.5611,1.5989,0.13829998875539526
106,2020-06-15,44.87,44.54,45.1,44.4,306755,11.4384,1.5819,0.13829731430969366
107,2020-06-16,44.59,44.9,45.37,44.52,231335,11.1712,1.545,0.13830206244629045
108,2020-06-17,44.85,44.59,44.85,44.17,190556,11.0704,1.531,0.13829671917907213
109,2020-06-18,44.28,44.1,44.73,42.84,466508,11.2238,1.5523,0.13830431761079134
110,2020-06-19,44.17,44.28,44.79,43.56,439320,11.1756,1.5456,0.1383012992591002
111,2020-06-22,44.18,43.73,44.24,43.57,375513,11.3114,1.5644,0.1383029510051806
112,2020-06-23,43.81,44.09,44.12,43.54,283229,11.399,1.5765,0.1383016054039828
113,2020-06-24,44.34,45.04,45.26,44.34,389183,11.2982,1.5626,0.1383052167601919
114,2020-06-29,45.21,45.48,45.68,44.63,307973,11.5173,1.5928,0.13829630208469
115,2020-06-30,45.62,45.29,45.96,45.12,282245,11.5217,1.5935,0.13830424329743007
116,2020-07-01,45.29,46.72,46.86,45.2,418919,11.7582,1.6262,0.13830348182544946
117,2020-07-02,46.66,47.82,48.07,46.04,577619,11.8239,1.6353,0.1383046203029457
118,2020-07-03,48.11,48.46,49.35,47.97,651822,12.0298,1.6637,0.13829822607192138
119,2020-07-06,49.1,52.87,52.87,49.1,765800,12.0123,1.6613,0.1382999092596755
120,2020-07-07,54.23,53.54,55.99,50.87,701882,11.9466,1.6522,0.13829876282791756
121,2020-07-08,52.98,54.03,55.6,52.56,533079,11.9422,1.6516,0.1382994758084775
122,2020-07-09,53.34,54.7,55.13,52.56,571755,11.6925,1.6171,0.13830233055377378
123,2020-07-10,54.23,52.95,54.45,52.32,481233,11.6487,1.611,0.13829869427489763
124,2020-07-13,51.73,51.61,52.26,50.39,662763,11.2194,1.5516,0.13829616557035135
125,2020-07-14,51.34,50.8,51.76,50.55,366666,11.3201,1.5656,0.1383026651708024
126,2020-07-15,51.11,50.23,51.44,49.91,390433,10.9346,1.5123,0.13830409891536957
127,2020-07-16,50.47,50.56,51.5,50.33,562634,11.0179,1.5238,0.13830221730093759
128,2020-07-17,50.95,52.54,52.79,50.86,491985,10.9127,1.5092,0.1382975798839884
129,2020-07-20,52.81,54.46,55.26,51.59,664532,11.1099,1.5365,0.13830007470814318
130,2020-07-21,54.35,53.85,54.42,53.4,323444,11.3201,1.5656,0.1383026651708024
131,2020-07-22,53.45,53.6,54.7,53.39,290260,11.1668,1.5444,0.13830282623491064
132,2020-07-23,53.46,54.52,54.66,52.28,445484,11.0442,1.5274,0.1382988355879104
133,2020-07-24,53.85,52.01,54.01,51.9,531489,10.8645,1.5026,0.13830364950066731
134,2020-07-27,52.03,49.94,52.39,49.39,545575,10.8339,1.4983,0.13829738136774383
135,2020-07-28,50.02,50.45,50.61,49.83,238907,10.1574,1.528,0.15043219721582293
136,2020-07-29,50.23,51.36,51.62,49.61,292618,10.4283,1.5688,0.15043679219048167
137,2020-07-30,51.28,50.56,51.36,50.17,324714,10.4939,1.5786,0.1504302499547356
138,2020-07-31,50.34,50.28,50.95,49.55,300883,10.6704,1.6052,0.15043484780326885
139,2020-08-03,50.45,51.03,52.11,50.45,381851,10.7648,1.6194,0.15043475029726516
140,2020-08-04,50.91,52.93,53.14,50.5,590182,10.5801,1.5916,0.1504333607432822
141,2020-08-05,52.22,52.61,52.89,51.67,355758,10.654,1.6027,0.1504317627182279
142,2020-08-06,52.36,54.37,55.16,52.28,463245,10.6909,1.6083,0.15043635241186432
143,2020-08-07,53.99,54.84,55.87,53.96,419700,10.7032,1.6101,0.15043164661035952
144,2020-08-10,55.29,57.41,57.89,54.07,591638,10.3503,1.557,0.15043042230659978
145,2020-08-11,57.39,56.61,59.89,56.4,655710,10.2067,1.5354,0.15043059950816623
146,2020-08-12,57.24,56.55,59.52,55.48,548849,11.8339,1.5483,0.1308359881357794
147,2020-08-13,56.54,55.37,57.33,55.32,406526,11.7735,1.5404,0.13083619994054443
148,2020-08-14,55.66,57.44,57.52,55.51,401847,11.7383,1.5358,0.1308366628898563
149,2020-08-17,57.6,59.02,59.8,57.6,648223,11.7937,1.5431,0.1308410422513715
150,2020-08-18,59.0,59.22,59.49,57.78,289235,11.9295,1.5608,0.13083532419632005
151,2020-08-19,59.11,59.8,60.7,58.83,341035,11.683,1.5286,0.13083968158863304
152,2020-08-20,59.39,58.08,60.17,57.8,335024,11.3509,1.4851,0.13083544036155725
153,2020-08-21,59.22,59.52,60.12,58.49,279841,11.4817,1.5022,0.1308342841216893
154,2020-08-24,59.5,57.15,59.55,56.65,489185,11.693,1.5299,0.13083896348242538
155,2020-08-25,57.5,58.83,59.52,57.5,323284,11.5371,1.5095,0.13083877230846575
156,2020-08-26,59.14,58.89,59.86,58.55,311015,11.7081,1.5319,0.13084104167200486
157,2020-08-27,59.64,59.0,59.69,58.13,194306,11.6679,1.5266,0.13083759716829935
158,2020-08-28,58.94,61.76,62.03,58.05,410381,11.4515,1.4983,0.13083875474828627
159,2020-08-31,61.53,60.47,62.81,60.39,522921,11.7987,1.5437,0.13083644808326342
160,2020-09-01,60.27,59.11,60.27,58.39,383221,11.1698,1.4614,0.1308349299002668
161,2020-09-02,59.06,58.47,59.3,57.71,343191,11.4465,1.4976,0.13083475298126065
162,2020-09-03,58.42,57.75,59.1,57.47,349745,11.4716,1.5009,0.13083615188814113
163,2020-09-04,56.72,57.66,57.82,56.58,250066,11.6025,1.518,0.1308338720103426
164,2020-09-07,57.16,56.79,58.02,56.6,312992,11.7132,1.5325,0.13083529692995935
165,2020-09-08,56.74,57.55,58.27,56.57,359110,12.1408,1.5885,0.13083981286241433
166,2020-09-09,56.88,56.85,58.07,56.57,306927,12.2415,1.6016,0.1308336396683413
167,2020-09-10,57.74,56.63,58.38,56.55,376130,12.2264,1.5997,0.13083982202447164
168,2020-09-11,56.63,55.87,56.85,55.02,300484,11.7232,1.5338,0.13083458441381193
169,2020-09-14,55.68,56.18,56.57,55.37,328654,11.215,1.4673,0.13083370485956308
170,2020-09-15,56.08,56.35,56.93,55.73,291431,11.6075,1.5187,0.1308378203747577
171,2020-09-16,56.57,56.41,57.1,56.12,240783,11.2352,1.47,0.13083879236684703
172,2020-09-17,56.63,57.0,57.66,56.47,248288,11.7081,1.5319,0.13084104167200486
173,2020-09-18,56.88,58.58,58.75,56.55,371469,12.3169,1.6115,0.13083649294871275
174,2020-09-21,58.97,58.44,59.17,57.83,219022,12.483,1.6332,0.1308339341504446
175,2020-09-22,57.82,58.33,59.5,57.69,267501,13.0817,1.7116,0.1308392640100293
176,2020-09-23,58.35,57.91,58.64,57.57,171433,13.1773,1.7241,0.1308386391749448
177,2020-09-24,58.13,56.58,58.33,56.44,273940,13.4339,1.7577,0.13084063451417682
178,2020-09-25,56.88,56.18,57.19,55.93,202264,13.7056,1.7932,0.1308370301190754
179,2020-09-28,56.49,56.79,56.96,55.96,166785,13.6955,1.7919,0.13083859661932754
180,2020-09-29,57.1,55.65,57.29,55.12,319686,13.8264,1.809,0.1308366603020309
181,2020-09-30,55.48,54.2,55.88,53.7,433280,14.0175,1.834,0.13083645443196004
182,2020-10-09,54.76,54.2,54.87,53.92,355975,13.4591,1.761,0.13084084374140917
183,2020-10-12,54.23,57.0,57.44,54.06,541548,13.5194,1.7689,0.1308416053966892
184,2020-10-13,56.88,57.69,57.91,56.6,292587,13.4289,1.757,0.13083722419557817
185,2020-10-14,57.66,57.57,57.96,56.91,263622,12.6591,1.7153,0.13549936409381394
186,2020-10-15,57.89,59.72,60.34,57.88,526384,13.0817,1.7725,0.13549462225857495
187,2020-10-16,59.41,59.95,61.37,58.99,459534,12.966,1.7569,0.13550053987351535
188,2020-10-19,61.26,60.51,63.79,60.25,550982,12.9609,1.7562,0.13549984954748512
189,2020-10-20,60.7,60.0,60.86,59.36,303636,13.1874,1.7869,0.13550055355869997
190,2020-10-21,60.67,61.68,61.97,59.06,404960,13.3584,1.81,0.13549526889447838
191,2020-10-22,62.45,60.78,62.98,60.28,290984,13.444,1.8216,0.13549538827729843
192,2020-10-23,60.62,61.0,62.53,60.17,294480,13.2125,1.7903,0.13550047303689688
193,2020-10-26,60.47,58.63,60.98,58.16,356362,13.3031,1.8025,0.13549473431004802
194,2020-10-27,58.67,59.06,59.56,57.78,261997,13.5496,1.836,0.13550215504516738
195,2020-10-28,59.38,58.64,59.38,57.91,280344,13.3081,1.8032,0.13549642698807493
196,2020-10-29,56.71,60.16,60.56,55.87,499843,13.0666,1.7705,0.13549814029663418
197,2020-10-30,61.09,58.1,61.09,57.19,392825,13.1572,1.7828,0.1354999543975922
198,2020-11-02,57.71,57.38,58.28,56.57,390874,13.2578,1.7964,0.1354975938692694
199,2020-11-03,57.96,57.66,58.83,56.91,373697,12.8402,1.7398,0.1354963318328375
200,2020-11-04,58.44,60.47,60.8,58.44,481108,12.7547,1.7282,0.13549515080715344
201,2020-11-05,59.98,58.83,60.87,58.14,467836,13.0062,1.7623,0.13549691685503837
202,2020-11-06,58.33,57.35,58.44,57.08,394406,13.0666,1.7705,0.13549814029663418
203,2020-11-09,57.36,59.06,59.1,57.22,378192,13.3936,1.8148,0.13549755106916736
204,2020-11-10,59.66,59.03,60.76,58.36,290542,12.8301,1.7385,0.13550167184979073
205,2020-11-11,59.03,59.84,60.22,58.52,278839,13.5496,1.836,0.13550215504516738
206,2020-11-12,59.3,58.6,59.59,58.17,224396,13.9572,1.8912,0.13549995701143497
207,2020-11-13,58.55,57.04,58.55,56.58,345422,14.0075,1.898,0.13549883990719255
208,2020-11-16,57.04,56.46,57.72,55.96,504147,14.2087,1.9253,0.1355014885246363
209,2020-11-17,56.57,59.03,59.38,56.41,662771,14.1635,1.9191,0.13549616973205775
210,2020-11-18,58.44,60.28,61.17,58.22,600585,14.2892,1.9362,0.13550093777118383
211,2020-11-19,61.06,61.48,61.97,60.0,373112,14.2138,1.9259,0.13549508224401638
212,2020-11-20,62.78,60.31,62.78,59.45,405685,14.3345,1.9423,0.13549827339635145
213,2020-11-23,60.62,62.87,63.07,60.36,462522,14.5911,1.9771,0.13550040778282652
214,2020-11-24,62.87,62.34,62.87,61.65,291365,14.6716,1.988,0.13549987731399438
215,2020-11-25,62.34,60.95,64.27,60.62,402485,14.8427,2.0112,0.1355009533305935
216,2020-11-26,60.76,62.11,62.62,60.41,320170,14.5408,1.9703,0.1355014854753521
217,2020-11-27,62.5,63.67,64.06,62.39,341027,14.7974,2.005,0.13549677646072958
218,2020-11-30,64.21,62.65,66.68,62.59,535366,14.727,1.9955,0.13549942282881783
219,2020-12-01,62.67,63.46,64.85,62.18,458003,14.6918,1.9907,0.1354973522645285
