,日期,开盘,收盘,最高,最低,成交量,pe,pb,roe
0,2020-01-03,149.2,149.2,152.87,148.7,70042,19.1873,3.6312,0.18925018110937966
1,2020-01-06,149.2,151.66,153.23,146.73,101452,18.8369,3.5648,0.18924557650144133
2,2020-01-07,150.18,149.51,152.11,147.76,119441,18.9354,3.5835,0.18924870876770492
3,2020-01-08,149.37,148.21,150.63,147.45,71333,18.9354,3.5835,0.18924870876770492
4,2020-01-09,149.91,148.25,151.26,147.13,88707,19.2202,3.6374,0.1892488111466062
5,2020-01-10,148.75,145.25,149.02,144.8,74570,19.5268,3.6954,0.18924759817276765
6,2020-01-13,146.24,147.13,147.58,144.45,91083,19.7459,3.7369,0.18924941380235896
7,2020-01-14,148.48,146.01,151.21,145.34,99125,19.6801,3.7244,0.18924700585871007
8,2020-01-15,146.06,143.15,147.67,142.79,82621,19.483,3.6871,0.1892470358774316
9,2020-01-16,143.46,140.32,143.77,140.14,64097,20.1073,3.8053,0.18924967549099084
10,2020-01-17,140.55,140.23,142.65,139.52,85747,20.3372,3.8488,0.18924925751824245
11,2020-01-20,140.64,148.61,149.96,140.64,151249,20.8191,3.94,0.18924929511842492
12,2020-01-21,150.41,148.79,152.65,145.25,148061,20.2496,3.8322,0.1892481826801517
13,2020-01-22,148.79,143.41,150.94,141.89,147194,20.3372,3.8488,0.18924925751824245
14,2020-01-23,141.89,136.78,145.25,134.81,120217,20.173,3.8177,0.18924800475883607
15,2020-02-03,123.47,133.42,136.51,123.47,146683,20.4796,3.8757,0.18924686029024004
16,2020-02-04,132.93,140.59,141.0,131.9,131811,20.7425,3.9255,0.18924912619018922
17,2020-02-05,138.98,147.85,150.76,137.86,115455,20.2825,3.8384,0.189246887711081
18,2020-02-06,147.85,155.25,158.74,144.58,173732,20.9067,3.9566,0.18925033601668365
19,2020-02-07,152.29,149.06,153.45,145.83,90557,20.9724,3.969,0.18924872689820907
20,2020-02-10,149.06,146.06,149.06,144.36,102055,21.5419,4.0768,0.1892497876231902
21,2020-02-11,147.27,145.48,148.25,144.67,86422,21.5748,4.083,0.18924856777351357
22,2020-02-12,145.66,145.88,147.04,144.18,65924,21.1477,4.1106,0.19437574771724583
23,2020-02-13,145.48,142.12,146.01,142.03,79675,21.6076,4.2,0.19437605287028636
24,2020-02-14,141.8,143.28,143.64,139.92,55300,21.3558,4.151,0.19437342548628475
25,2020-02-17,148.3,153.99,154.13,144.67,211826,21.7281,4.2234,0.19437502588813563
26,2020-02-18,152.74,151.35,152.74,147.72,109281,21.8814,4.2532,0.1943751313901304
27,2020-02-19,150.14,150.27,151.62,148.03,95089,22.429,4.3596,0.19437335592313526
28,2020-02-20,149.96,151.75,152.2,149.06,83100,23.1628,4.5023,0.1943763275597078
29,2020-02-21,151.75,150.81,153.14,149.42,127988,23.1737,4.5044,0.19437552052542323
30,2020-02-24,151.53,149.51,151.53,146.91,88437,22.9437,4.4597,0.19437579814938305
31,2020-02-25,147.67,151.66,152.29,146.91,92224,21.98,4.2724,0.19437670609645133
32,2020-02-26,149.42,145.7,150.05,145.48,101053,22.0019,4.2766,0.19437412223489792
33,2020-02-27,143.46,140.59,146.73,138.75,168236,22.2209,4.3192,0.19437556534613812
34,2020-02-28,136.29,136.42,138.17,132.44,121319,22.5933,4.3916,0.19437620887608276
35,2020-03-02,136.07,136.29,137.95,134.0,129970,21.9371,4.2636,0.1943556805594176
36,2020-03-03,137.32,136.74,140.5,135.84,112749,21.291,4.138,0.1943544220562679
37,2020-03-04,137.54,138.22,139.25,136.87,56765,20.8748,4.0571,0.1943539578822312
38,2020-03-05,139.43,139.52,140.32,137.28,76681,20.5134,3.9869,0.1943558844462644
39,2020-03-06,138.31,139.61,140.77,137.63,59575,20.5243,3.989,0.19435498409202748
40,2020-03-09,139.61,133.96,140.1,133.91,86918,20.2177,3.9294,0.19435445179224142
41,2020-03-10,133.69,136.92,137.28,133.06,71583,20.6886,4.0209,0.1943534120240132
42,2020-03-11,138.98,142.34,145.03,138.4,160007,20.6776,4.0188,0.19435524432235846
43,2020-03-12,141.08,138.53,141.08,137.05,62604,20.8529,4.0528,0.19435186472864685
44,2020-03-13,133.38,136.96,138.53,132.84,71714,21.1048,4.1018,0.19435389105795836
45,2020-03-16,137.41,133.38,139.11,132.93,57404,21.5757,4.1933,0.19435290627882293
46,2020-03-17,132.93,131.05,135.35,128.45,62361,20.8967,4.0614,0.19435604664851389
47,2020-03-18,132.08,127.06,133.47,124.86,62590,20.2067,3.9273,0.19435632735676778
48,2020-03-19,126.21,125.18,127.69,123.97,61903,20.1738,3.9209,0.19435604596060238
49,2020-03-20,126.88,126.57,127.46,124.41,48996,20.1081,3.9081,0.19435451385262656
50,2020-03-23,123.97,128.0,128.31,123.97,83832,20.2943,3.9443,0.19435506521535603
51,2020-03-24,128.0,129.88,131.09,126.7,58559,20.1738,3.9209,0.19435604596060238
52,2020-03-25,131.81,130.28,133.02,128.63,51211,20.0862,3.9038,0.19435234140852922
53,2020-03-26,130.51,126.43,130.91,125.89,65980,20.3929,3.9634,0.19435195582776357
54,2020-03-27,127.6,128.85,130.24,127.15,40396,21.3567,4.1508,0.19435586958659345
55,2020-03-30,129.43,129.39,130.33,126.03,46986,21.6305,4.204,0.19435519289891587
56,2020-03-31,131.05,141.94,141.94,130.02,215801,22.5505,4.3828,0.19435489235271944
57,2020-04-01,137.59,137.1,150.9,132.93,319786,22.8571,4.4424,0.1943553644163083
58,2020-04-02,135.62,136.07,137.28,132.97,108840,23.2623,4.5211,0.19435309492182629
59,2020-04-03,135.98,137.72,140.01,133.96,94185,22.8133,4.4339,0.19435592395663934
60,2020-04-07,139.56,140.1,141.85,137.77,106578,22.7585,4.4232,0.1943537579365951
61,2020-04-08,140.55,137.41,140.55,136.51,75236,23.7661,4.7206,0.1986274567556309
62,2020-04-09,138.31,136.29,138.31,135.66,45837,23.12,4.5922,0.19862456747404844
63,2020-04-10,136.11,132.08,136.29,131.58,74535,23.2185,4.6118,0.1986260955703426
64,2020-04-13,132.08,129.25,132.08,128.9,68593,23.7661,4.7206,0.1986274567556309
65,2020-04-14,130.91,135.44,136.07,129.84,165182,24.5437,4.875,0.19862530914246831
66,2020-04-15,135.12,134.72,136.42,133.56,58314,24.6642,4.899,0.19862797090519863
67,2020-04-16,134.59,135.21,136.29,132.97,60382,24.9161,4.949,0.1986265908388552
68,2020-04-17,141.67,143.77,145.07,137.63,196401,25.5185,5.0687,0.19862844602935126
69,2020-04-20,146.87,139.25,146.87,137.9,186582,26.099,5.1839,0.19862446837043565
70,2020-04-21,138.62,137.19,138.98,136.07,70151,25.9237,5.1491,0.19862519624899222
71,2020-04-22,137.72,138.53,139.65,136.16,73857,25.5623,5.0774,0.19862844892673975
72,2020-04-23,138.66,140.05,141.35,136.96,73071,25.4966,5.0643,0.1986264835311375
73,2020-04-24,139.65,137.19,140.05,136.47,62806,25.3214,5.0295,0.19862645825270323
74,2020-04-27,137.14,136.96,142.34,136.11,116720,26.088,5.1818,0.19862772155780434
75,2020-04-28,137.86,137.63,138.62,134.63,72654,26.4166,5.247,0.19862510694033297
76,2020-04-29,137.63,135.35,137.63,135.12,46398,26.4604,5.2557,0.19862511526658705
77,2020-04-30,138.31,136.38,139.65,135.44,116368,27.3804,5.4385,0.19862748535448715
78,2020-05-06,136.11,135.17,136.24,131.94,130352,26.7232,5.3079,0.19862516465094002
79,2020-05-07,135.21,133.42,135.21,133.02,62285,26.4056,5.2449,0.19862832126518618
80,2020-05-08,134.05,137.99,140.91,133.42,183305,26.7561,5.3145,0.19862760267752025
81,2020-05-11,142.43,146.28,147.49,140.55,280729,26.2523,5.2144,0.1986264060672779
82,2020-05-12,147.27,148.21,155.25,146.28,188186,26.4056,5.2449,0.19862832126518618
83,2020-05-13,147.9,145.07,149.06,143.37,146353,26.6685,5.2971,0.19862759435288824
84,2020-05-14,147.27,145.57,149.42,145.07,132294,26.0442,5.1731,0.198627717495642
85,2020-05-15,149.51,149.15,153.54,148.21,185693,25.9566,5.1557,0.19862770933018964
86,2020-05-18,153.54,154.66,157.08,149.96,221532,26.2851,5.2209,0.19862583745163612
87,2020-05-19,153.09,154.89,163.63,153.09,193955,27.2927,5.4211,0.19862820461148953
88,2020-05-20,155.87,150.32,155.92,148.75,171443,27.6103,5.4842,0.19862877259573422
89,2020-05-21,150.32,149.33,151.08,147.72,135334,27.3804,5.4385,0.19862748535448715
90,2020-05-22,149.37,147.27,151.88,145.92,129208,27.7527,5.5124,0.1986257192993835
91,2020-05-25,148.66,149.42,151.3,146.42,116611,26.099,5.1839,0.19862446837043565
92,2020-05-26,149.42,155.25,156.9,149.02,161255,26.6356,5.2905,0.1986251482977669
93,2020-05-27,156.68,153.59,156.86,152.02,110693,27.6542,5.4929,0.19862805649774717
94,2020-05-28,153.59,151.08,154.35,149.78,77155,27.4789,5.458,0.19862512691556067
95,2020-05-29,151.75,153.41,153.41,148.34,120765,28.4318,5.6473,0.1986261861718217
96,2020-06-01,151.79,156.05,159.95,150.85,172797,28.3222,5.6256,0.19862863760583574
97,2020-06-02,156.59,156.14,157.49,150.85,175644,28.607,5.6821,0.19862621036809175
98,2020-06-03,154.44,157.98,160.94,152.78,134483,28.5851,5.6778,0.19862795652280385
99,2020-06-04,157.93,159.28,161.38,155.6,101398,28.8917,5.7387,0.19862797966197904
100,2020-06-05,158.92,166.36,167.88,158.61,155045,28.0813,5.5777,0.19862684419880847
101,2020-06-08,167.08,170.21,171.2,166.09,141118,27.6103,5.4842,0.19862877259573422
102,2020-06-09,169.23,178.28,180.3,166.54,152634,27.7418,5.5103,0.19862806306728473
103,2020-06-10,178.91,176.4,179.31,175.5,136630,27.2489,5.4124,0.19862820150538188
104,2020-06-11,176.62,172.54,177.38,169.72,105289,26.778,5.3188,0.19862573754574653
105,2020-06-12,168.06,173.94,179.3,167.94,184778,27.008,5.3645,0.1986263329383886
106,2020-06-15,173.3,173.88,177.15,171.2,133315,26.9313,5.3493,0.19862761916431812
107,2020-06-16,174.76,175.46,177.96,171.96,194054,27.1723,5.3971,0.198625070384178
108,2020-06-17,174.76,173.01,176.8,170.97,163079,27.0518,5.3732,0.19862633909758315
109,2020-06-18,173.77,167.59,173.88,165.96,277325,28.4865,5.6582,0.19862742000596773
110,2020-06-19,165.26,156.46,165.61,155.82,460389,30.5784,6.0737,0.19862713549433586
111,2020-06-22,157.34,148.83,157.4,147.55,470671,31.5969,6.276,0.19862708050473304
112,2020-06-23,148.25,149.47,150.7,147.2,295890,32.0569,6.3674,0.1986280644728592
113,2020-06-24,149.24,148.19,149.42,146.85,172755,31.7612,6.3086,0.19862599649887286
114,2020-06-29,148.08,148.6,149.18,146.79,168438,31.7722,6.3108,0.1986264721989664
115,2020-06-30,149.12,147.38,149.3,146.62,223889,31.7107,6.0564,0.19098916138716585
116,2020-07-01,147.38,149.88,150.06,146.09,229990,32.4352,6.1947,0.19098695244672453
117,2020-07-02,149.88,152.5,154.89,148.19,290234,32.789,6.2623,0.19098783128488211
118,2020-07-03,149.59,151.8,153.2,148.89,200304,31.2726,5.9727,0.19098827727787263
119,2020-07-06,151.1,154.31,156.0,150.87,259924,30.548,5.8343,0.19098795338483698
120,2020-07-07,154.54,158.62,159.14,152.74,338220,29.2169,5.5801,0.19098877704342349
121,2020-07-08,157.92,156.99,158.04,154.54,306140,28.9726,5.5334,0.19098734666547015
122,2020-07-09,157.22,157.11,160.02,156.0,290639,28.6272,5.4675,0.19098968812877265
123,2020-07-10,157.57,155.59,159.09,154.66,265532,28.6104,5.4642,0.19098649442160892
124,2020-07-13,154.83,156.17,156.7,154.83,353896,28.1133,5.3693,0.19098789540893457
125,2020-07-14,155.82,151.1,155.82,148.83,343635,27.6268,5.2997,0.1918318444409052
126,2020-07-15,151.16,152.04,155.47,151.16,238956,28.0977,5.3901,0.1918342070703296
127,2020-07-16,152.79,146.62,153.96,146.56,249170,28.4089,5.4498,0.19183424912615413
128,2020-07-17,146.21,143.76,147.43,141.08,229015,27.3156,5.24,0.1918317737849434
129,2020-07-20,143.76,152.56,152.91,143.76,298305,26.9119,5.1626,0.19183335253177963
130,2020-07-21,152.62,150.58,154.02,150.52,144013,27.2988,5.2368,0.19183260802672644
131,2020-07-22,150.52,151.8,153.9,148.31,152955,27.4838,5.2723,0.19183300708053475
132,2020-07-23,150.99,150.11,152.62,147.73,155517,28.3416,5.4369,0.19183461766449317
133,2020-07-24,151.45,144.75,151.57,142.54,170423,28.2996,5.4288,0.19183310011448923
134,2020-07-27,144.75,143.01,146.97,142.13,103246,27.2651,5.2304,0.19183498318363038
135,2020-07-28,142.54,143.47,144.93,142.42,148346,26.5923,5.1013,0.19183372630423093
136,2020-07-29,143.01,146.79,147.03,141.84,140549,26.4998,5.0835,0.19183163646518087
137,2020-07-30,147.03,145.4,148.95,144.75,132793,27.0885,5.1965,0.19183417317311777
138,2020-07-31,144.75,144.58,147.09,143.71,164907,26.7269,5.1271,0.19183294733021788
139,2020-08-03,145.16,147.26,147.67,144.46,172824,25.1711,4.8286,0.19183110789754917
140,2020-08-04,148.25,145.4,148.54,144.81,128652,24.3132,4.6641,0.19183406544593062
141,2020-08-05,145.1,147.09,147.38,144.17,152579,24.6412,4.727,0.1918331899420483
142,2020-08-06,147.09,150.58,151.4,147.09,247263,24.8683,4.7706,0.1918345845916287
143,2020-08-07,150.06,145.69,150.17,144.75,162802,24.2103,4.86,0.20074100692680388
144,2020-08-10,145.75,145.45,146.04,142.54,139346,24.6311,4.9445,0.20074215118285418
145,2020-08-11,145.45,143.71,146.21,143.65,131400,24.5074,4.9196,0.20073936851726418
146,2020-08-12,143.71,139.63,143.76,138.23,171842,24.5486,4.9279,0.20074057176376658
147,2020-08-13,140.04,140.56,141.84,140.04,84186,25.0767,5.0339,0.20074012928335866
148,2020-08-14,138.64,140.91,141.03,137.24,110507,24.7962,4.9776,0.2007404360345537
149,2020-08-17,141.03,142.83,143.94,139.63,122578,24.5486,4.9279,0.20074057176376658
150,2020-08-18,142.72,143.76,143.94,141.67,130308,24.9282,5.0041,0.20074052679294935
151,2020-08-19,142.54,140.68,143.59,140.62,165531,25.7616,5.1714,0.2007406372275014
152,2020-08-20,140.33,137.47,140.33,137.18,148349,24.1855,4.855,0.2007401128775506
153,2020-08-21,138.23,136.13,138.75,134.39,158316,24.0948,4.8368,0.20074040871889373
154,2020-08-24,135.96,135.49,138.4,133.98,226011,24.2268,4.8633,0.2007405022537025
155,2020-08-25,135.49,131.36,135.9,130.66,295288,23.0881,4.6347,0.2007397750356244
156,2020-08-26,131.94,128.44,134.5,127.04,367620,23.6079,4.7391,0.20074212445833808
157,2020-08-27,128.15,127.92,129.38,126.4,168789,24.3836,4.8948,0.20074148197969127
158,2020-08-28,128.38,131.36,131.53,127.86,216469,24.5899,4.9362,0.2007409546195796
159,2020-08-31,127.8,126.0,128.73,125.65,437574,25.085,5.0356,0.20074147897149688
160,2020-09-01,125.82,126.29,127.69,124.66,255488,24.6476,4.9478,0.20074165435985653
161,2020-09-02,126.99,128.68,129.49,126.29,312059,24.3423,4.8865,0.20074109677392848
162,2020-09-03,128.73,126.52,128.85,125.82,232101,24.5321,4.9246,0.20074106986356652
163,2020-09-04,124.66,124.89,125.41,121.69,204960,25.4233,5.1035,0.2007410524990855
164,2020-09-07,124.42,120.0,125.47,118.95,256504,23.1128,4.6397,0.2007415804229691
165,2020-09-08,120.23,118.54,120.4,116.85,191647,23.0138,4.6198,0.20074042531003136
166,2020-09-09,116.91,113.41,117.72,113.3,236952,22.5682,4.5303,0.20073820685743657
167,2020-09-10,114.93,111.78,116.68,110.62,267000,23.2779,4.6728,0.2007397574523475
168,2020-09-11,111.9,112.25,112.36,109.22,177824,23.2036,4.6579,0.20074040235135926
169,2020-09-14,112.48,112.89,114.23,110.97,200377,22.857,4.5883,0.20073937962112265
170,2020-09-15,112.31,111.9,112.71,110.67,142109,22.593,4.5353,0.2007391669986279
171,2020-09-16,111.84,112.25,114.11,111.32,122554,22.3372,4.484,0.20074136418172378
172,2020-09-17,111.84,112.42,113.24,109.86,129330,22.6838,4.5535,0.20073797159206128
173,2020-09-18,112.31,116.15,117.26,112.19,275954,23.4181,4.701,0.2007421609780469
174,2020-09-21,117.49,119.7,121.04,115.57,266975,23.8472,4.7871,0.20074054815659698
175,2020-09-22,118.54,117.2,119.41,115.86,146721,24.5074,4.9196,0.20073936851726418
176,2020-09-23,116.79,115.86,117.37,115.16,107949,24.7962,4.9776,0.2007404360345537
177,2020-09-24,115.34,114.93,117.2,114.46,106965,25.4976,5.1184,0.20074046184738958
178,2020-09-25,115.39,114.99,115.98,114.29,69216,24.4991,4.918,0.20074206807597014
179,2020-09-28,114.93,112.48,115.45,112.13,93335,23.9545,4.8086,0.20073890083282891
180,2020-09-29,112.83,114.11,114.69,112.83,87783,24.9942,5.0173,0.20073857134855286
181,2020-09-30,114.35,114.05,115.28,112.89,91816,24.9777,5.014,0.20073905924084284
182,2020-10-09,115.57,115.98,117.08,115.28,108632,24.7384,4.966,0.20074054910584357
183,2020-10-12,116.27,118.19,118.77,116.27,159278,24.4661,4.9113,0.20073898169303647
184,2020-10-13,117.96,121.63,122.21,116.56,202270,24.3836,4.8948,0.20074148197969127
185,2020-10-14,120.87,125.12,125.82,120.23,313046,24.4083,5.1622,0.2114936312647747
186,2020-10-15,125.06,123.14,125.06,122.73,124785,25.1757,5.3245,0.21149362281882925
187,2020-10-16,123.03,121.98,124.77,119.88,145107,26.1164,5.5235,0.21149545879217657
188,2020-10-19,121.74,121.86,122.91,120.81,124238,27.2139,5.7556,0.2114948610820206
189,2020-10-20,122.15,126.99,127.1,122.15,239419,26.8178,5.6718,0.2114938585566303
190,2020-10-21,127.86,128.21,129.55,126.7,251662,27.0571,5.7224,0.21149347121457956
191,2020-10-22,128.21,128.15,128.85,125.76,194678,27.2304,5.759,0.2114915682472531
192,2020-10-23,128.15,124.25,128.79,122.91,158795,26.9581,5.7015,0.21149487538068334
193,2020-10-26,123.43,121.34,123.43,119.12,198630,27.1561,5.7433,0.21149207728650285
194,2020-10-27,120.64,120.52,121.57,119.12,113962,27.643,5.8463,0.2114929638606519
195,2020-10-28,120.7,118.54,120.87,116.21,115832,25.6708,5.4292,0.2114932140798105
196,2020-10-29,116.5,119.88,121.39,116.27,135075,25.4563,5.3838,0.21149185074028826
197,2020-10-30,119.47,117.43,120.58,116.97,117252,26.1494,5.5304,0.21149242430036636
198,2020-11-02,116.73,119.7,120.29,112.71,194895,26.0752,5.5147,0.2114921457937044
199,2020-11-03,121.16,119.53,121.16,118.6,112782,26.1824,5.5374,0.21149321681740404
200,2020-11-04,119.01,116.5,119.41,115.68,141243,26.7353,5.6543,0.21149192266404343
201,2020-11-05,116.79,116.15,118.89,114.52,196971,27.874,5.8952,0.211494582765301
202,2020-11-06,115.92,112.83,115.92,111.84,226908,26.5125,5.6072,0.2114926921263555
203,2020-11-09,112.83,115.28,116.5,112.01,214043,25.1757,5.3245,0.21149362281882925
204,2020-11-10,115.68,113.88,116.79,113.24,163372,23.8555,5.0453,0.21149420469074218
205,2020-11-11,113.59,112.25,114.52,111.61,144240,24.4744,5.1762,0.21149445951688295
206,2020-11-12,112.42,113.12,113.76,112.13,120281,25.6956,5.4344,0.21149146157318763
207,2020-11-13,112.95,112.66,112.95,111.55,75141,26.6858,5.6439,0.21149450269431683
208,2020-11-16,112.71,115.68,116.38,112.71,166318,26.6528,5.6369,0.2114937267379037
209,2020-11-17,115.63,113.12,115.74,112.13,142116,25.1097,5.3105,0.21149197322150404
210,2020-11-18,113.65,111.9,113.76,111.61,115051,25.1262,5.314,0.21149238643328477
211,2020-11-19,111.9,108.58,112.25,107.88,334563,25.6461,5.424,0.21149414530864344
212,2020-11-20,108.05,109.63,110.67,107.24,157685,26.1742,5.5357,0.21149452514307984
213,2020-11-23,109.86,109.98,110.85,109.28,142081,26.3805,5.5793,0.21149333788214777
214,2020-11-24,109.98,108.81,110.33,108.52,101483,26.0339,5.506,0.21149347581422684
215,2020-11-25,108.75,107.18,109.04,106.89,147894,26.5868,5.6229,0.21149216904629364
216,2020-11-26,106.89,105.66,107.18,104.62,126789,26.5785,5.6212,0.21149425287356324
217,2020-11-27,105.49,105.66,106.25,105.02,96715,26.8178,5.6718,0.2114938585566303
218,2020-11-30,105.72,105.14,106.6,104.85,114589,27.2139,5.7556,0.2114948610820206
219,2020-12-01,105.26,107.0,107.06,105.2,140806,26.7601,5.6596,0.21149397797467123
