,日期,开盘,收盘,最高,最低,成交量,pe,pb,roe
0,2020-01-03,243.88,240.85,246.18,236.53,784761,28.6114,3.1472,0.10999811264041606
1,2020-01-06,238.4,240.56,243.44,236.53,603080,28.535,3.1388,0.10999824776590152
2,2020-01-07,240.71,248.34,250.93,240.28,999849,28.0915,3.09,0.10999768613281598
3,2020-01-08,256.55,236.96,256.55,236.68,1224050,27.3422,3.0075,0.10999480656274915
4,2020-01-09,237.68,236.96,239.99,232.21,724638,26.9446,2.9638,0.10999606600209318
5,2020-01-10,235.24,229.33,236.24,227.17,689626,27.6174,3.0378,0.10999587216754654
6,2020-01-13,223.86,231.35,231.64,222.56,485575,27.4645,3.021,0.10999654098927705
7,2020-01-14,228.47,228.61,232.07,226.88,424639,27.5868,3.0345,0.10999826003740919
8,2020-01-15,230.63,223.86,230.77,223.14,472862,27.9997,3.0799,0.1099976071172191
9,2020-01-16,222.42,223.0,227.75,219.25,432842,27.2198,2.9941,0.10999713443890109
10,2020-01-17,223.0,220.69,224.44,219.68,371621,27.6021,3.0361,0.10999525398429828
11,2020-01-20,222.56,227.6,229.04,220.69,584528,27.2198,2.9941,0.10999713443890109
12,2020-01-21,226.6,220.84,226.6,220.84,412798,25.8283,2.841,0.10999562495402332
13,2020-01-22,218.1,216.66,218.82,211.76,507905,25.4918,2.804,0.10999615562651519
14,2020-01-23,213.2,202.98,214.93,197.22,785571,26.2259,2.8848,0.1099981316179807
15,2020-02-03,183.11,183.11,183.11,183.11,45053,26.1341,2.8747,0.10999804852663761
16,2020-02-04,165.11,178.93,182.1,165.11,870357,26.3941,2.9033,0.10999806774998958
17,2020-02-05,179.65,184.26,188.58,179.22,701160,26.1494,2.8763,0.10999487559944014
18,2020-02-06,186.42,199.38,200.68,184.98,848046,26.6846,2.9352,0.109996027671391
19,2020-02-07,198.8,200.96,206.0,194.2,731885,26.1188,2.873,0.10999739651132519
20,2020-02-10,196.36,213.64,214.5,195.2,892861,26.5317,2.9184,0.10999672090367373
21,2020-02-11,213.78,208.6,216.66,207.88,705746,26.3635,2.8999,0.10999677584539232
22,2020-02-12,208.16,210.04,213.49,207.44,496437,26.1494,2.8763,0.10999487559944014
23,2020-02-13,211.62,209.6,212.77,205.43,442984,26.8069,2.9487,0.10999779907411898
24,2020-02-14,209.46,215.36,217.38,208.6,716101,26.8375,3.7426,0.13945412203074056
25,2020-02-17,215.51,217.52,219.25,213.06,621743,26.3941,3.6807,0.13945161986959206
26,2020-02-18,216.52,216.37,218.53,213.06,481449,25.4154,3.5442,0.1394508841096343
27,2020-02-19,217.52,226.88,230.05,217.52,1081453,25.446,3.5485,0.13945217322958423
28,2020-02-20,233.94,230.2,236.24,225.73,1113300,26.287,3.6658,0.13945296153992467
29,2020-02-21,226.88,227.17,232.64,224.72,927932,27.648,3.8556,0.139453125
30,2020-02-24,225.73,226.88,229.91,222.56,775325,28.3362,3.9516,0.13945412581785843
31,2020-02-25,221.12,224.0,227.6,215.51,948910,28.6519,3.9956,0.1394532299777676
32,2020-02-26,225.59,224.44,230.48,222.85,1003472,28.5077,3.9755,0.13945355114583077
33,2020-02-27,226.88,231.35,233.94,225.44,1091896,28.3338,3.9501,0.13941299790356393
34,2020-02-28,226.74,221.41,228.18,218.68,915256,28.8822,4.0266,0.13941458753142075
35,2020-03-02,222.56,234.37,235.52,219.68,1117874,30.1617,4.205,0.13941521863820674
36,2020-03-03,237.25,241.57,246.9,231.35,1417424,28.2728,3.9416,0.13941314620412554
37,2020-03-04,238.55,262.16,265.33,238.12,1873693,27.8311,3.8801,0.1394159770903773
38,2020-03-05,265.48,288.08,288.08,262.88,1468458,27.694,3.8609,0.13941286921354806
39,2020-03-06,292.84,284.48,301.91,282.61,2044247,27.9834,3.9013,0.13941479591472086
40,2020-03-09,282.76,297.16,304.21,280.16,1892729,27.0846,3.776,0.13941501812838292
41,2020-03-10,296.0,283.19,302.92,268.79,1737701,28.151,3.9247,0.1394160065361799
42,2020-03-11,283.04,283.19,296.72,278.0,1085514,27.4198,3.8227,0.13941385422213146
43,2020-03-12,278.72,268.64,285.78,263.6,1199038,28.2576,3.9395,0.13941382141441594
44,2020-03-13,252.08,264.18,267.64,247.19,1273268,27.7244,3.8652,0.13941510005626814
45,2020-03-16,266.92,244.88,267.92,239.84,1086744,28.2816,3.9569,0.1399107546956325
46,2020-03-17,253.24,248.34,256.55,234.08,914023,28.5705,3.9973,0.13991004707653
47,2020-03-18,249.78,258.85,272.82,249.78,1554103,28.388,3.9718,0.13991123009722417
48,2020-03-19,261.16,263.17,265.76,248.48,1089122,28.4945,3.9867,0.13991121093544368
49,2020-03-20,266.77,263.17,269.08,256.55,661042,28.9962,4.0569,0.13991143667101205
50,2020-03-23,252.08,242.72,255.68,242.15,716905,28.7073,4.0165,0.13991214778122638
51,2020-03-24,248.48,250.93,252.52,242.87,655635,29.6653,4.1505,0.13991093971744767
52,2020-03-25,257.12,258.13,261.3,252.52,663138,29.574,4.1377,0.1399100561303848
53,2020-03-26,253.96,263.03,267.49,253.09,722301,30.1062,4.2122,0.13991138038012105
54,2020-03-27,263.32,252.52,265.19,252.23,655791,32.1437,4.4973,0.13991233118775995
55,2020-03-30,246.32,253.24,258.13,244.31,450882,33.3297,4.6632,0.13991125032628554
56,2020-03-31,256.98,278.15,278.15,254.39,1185511,36.9333,5.1674,0.13991167862064857
57,2020-04-01,279.3,272.96,281.6,270.08,1201320,37.055,5.1844,0.13991094319255162
58,2020-04-02,274.4,262.6,277.0,257.99,1311542,38.6211,5.4035,0.13991056702165397
59,2020-04-03,260.72,280.16,282.04,258.85,1631505,39.2293,5.4886,0.13991072999008394
60,2020-04-07,283.04,307.67,307.81,277.43,1934261,37.7848,5.2865,0.13991075776502723
61,2020-04-08,303.2,301.91,310.84,298.31,1218189,37.3135,5.2206,0.13991182815870934
62,2020-04-09,306.8,314.58,324.52,295.0,1351660,36.9789,6.014,0.1626332854681994
63,2020-04-10,313.28,317.89,321.64,308.24,1036562,36.7205,5.972,0.16263395106275785
64,2020-04-13,288.8,286.5,297.3,286.5,1194786,37.6784,6.1278,0.16263429444987046
65,2020-04-14,284.34,286.79,289.52,275.84,1302906,38.1954,6.2119,0.16263476753745215
66,2020-04-15,284.48,277.28,288.08,277.14,825235,36.6748,5.9646,0.1626348337277913
67,2020-04-16,275.56,265.91,278.72,264.04,1228083,35.7777,5.8187,0.16263482560365813
68,2020-04-17,268.21,267.06,270.66,263.32,850279,36.2035,5.8879,0.16263344704241303
69,2020-04-20,265.33,269.08,269.36,263.75,500682,36.4924,5.9349,0.16263386348938408
70,2020-04-21,271.96,267.2,272.24,264.32,665849,36.2035,5.8879,0.16263344704241303
71,2020-04-22,265.91,287.36,290.24,264.61,1279597,35.5497,5.7816,0.16263428383361883
72,2020-04-23,287.22,281.6,293.7,281.6,889923,35.7625,5.8162,0.16263404404054527
73,2020-04-24,282.18,285.35,286.79,276.85,716522,35.3976,5.7568,0.1626324948584085
74,2020-04-27,287.08,285.78,295.28,283.19,897050,35.8081,5.8236,0.16263359407508354
75,2020-04-28,285.78,280.16,285.78,267.35,788610,36.1933,5.8863,0.1626350733423037
76,2020-04-29,277.86,267.92,280.88,266.2,811970,40.0847,6.5191,0.16263312435916946
77,2020-04-30,269.36,269.94,271.38,264.76,535652,38.7623,6.3041,0.162634828170671
78,2020-05-06,265.48,269.36,270.95,261.44,654989,38.7623,6.3041,0.162634828170671
79,2020-05-07,267.92,270.95,275.7,265.04,695036,35.2357,5.7305,0.16263335196973525
80,2020-05-08,273.83,269.08,275.12,266.92,628510,35.1292,5.7132,0.16263393416303246
81,2020-05-11,262.88,252.23,264.04,248.77,1305282,32.7883,5.3325,0.16263423233287483
82,2020-05-12,249.92,249.49,253.67,247.04,534297,32.3171,5.2558,0.1626321668714086
83,2020-05-13,249.2,250.36,252.52,247.91,411932,32.4843,5.283,0.16263241011811863
84,2020-05-14,248.34,239.56,249.92,239.41,784928,31.6178,5.1421,0.16263307377489897
85,2020-05-15,239.27,236.24,240.42,234.8,588734,29.0185,4.7194,0.16263418164274515
86,2020-05-18,239.56,246.18,246.18,237.68,778809,29.3833,4.7787,0.16263319640748317
87,2020-05-19,246.18,242.0,246.9,239.12,536680,29.0185,4.7194,0.16263418164274515
88,2020-05-20,241.14,235.67,241.72,234.8,431080,29.5505,4.8059,0.16263345797871442
89,2020-05-21,237.54,235.81,239.41,234.23,285330,30.0218,4.8826,0.1626351517896995
90,2020-05-22,236.24,234.37,239.56,230.77,397079,29.5916,4.8126,0.16263399072709822
91,2020-05-25,236.39,239.12,242.0,235.52,414788,28.4061,4.6198,0.16263408211616517
92,2020-05-26,238.4,237.83,238.4,234.37,324447,28.1781,4.5827,0.1626333925992171
93,2020-05-27,238.84,233.94,238.84,232.64,313653,30.1995,4.9115,0.16263514296594314
94,2020-05-28,233.22,226.02,235.09,223.28,500748,30.8075,5.0103,0.1626324758581514
95,2020-05-29,226.31,227.75,229.91,223.57,343334,31.4306,5.1117,0.1626345026820996
96,2020-06-01,228.18,231.92,234.37,225.44,413928,28.9533,4.7088,0.1626343111147952
97,2020-06-02,233.8,240.85,244.31,232.64,679537,30.1235,4.8991,0.16263382409082608
98,2020-06-03,243.73,238.84,243.88,236.53,427535,29.4244,4.7854,0.16263373254849717
99,2020-06-04,240.28,239.84,244.02,238.26,329666,29.7588,4.8398,0.1626342460045432
100,2020-06-05,239.41,233.8,239.41,231.64,407182,30.8227,5.0128,0.16263338383723686
101,2020-06-08,235.81,234.8,237.11,231.78,290301,28.5429,4.642,0.16263238843985722
102,2020-06-09,235.81,234.95,236.82,233.22,222187,27.7374,4.511,0.16263240246021618
103,2020-06-10,235.24,237.97,240.56,234.66,352451,27.6158,4.4913,0.1626351581341116
104,2020-06-11,237.97,232.21,237.97,231.2,408131,26.5671,4.3207,0.16263348276627862
105,2020-06-12,224.72,226.02,232.07,224.72,435456,26.3239,4.2812,0.162635475746375
106,2020-06-15,232.5,239.27,245.03,232.36,912253,25.6096,4.165,0.1626343246282644
107,2020-06-16,239.56,238.12,240.71,232.21,596767,25.3664,4.1254,0.16263245868550524
108,2020-06-17,237.25,245.03,245.03,234.52,726741,26.0199,4.2317,0.1626332153467154
109,2020-06-18,246.47,250.79,255.83,243.73,917584,25.8983,4.2119,0.16263229632833043
110,2020-06-19,251.8,250.07,253.52,246.9,562004,25.9743,4.2243,0.16263383421304908
111,2020-06-22,251.51,251.22,253.96,247.04,587700,25.3664,4.1254,0.16263245868550524
112,2020-06-23,250.36,245.03,250.5,244.31,447412,24.6369,4.0068,0.16263409763403675
113,2020-06-24,246.76,247.33,250.64,244.45,350160,24.7585,4.0266,0.1626350546277036
114,2020-06-29,249.78,254.1,258.56,249.78,759677,23.3602,3.7992,0.16263559387334012
115,2020-06-30,259.57,256.4,260.72,252.95,642099,24.0137,3.9054,0.16263216413963696
116,2020-07-01,256.55,266.34,268.93,256.55,982101,24.6217,4.0043,0.16263296198069183
117,2020-07-02,265.33,267.49,269.08,262.45,688928,24.3025,3.9524,0.16263347392243596
118,2020-07-03,266.63,275.12,280.6,263.03,837464,24.2873,3.9499,0.16263232224248889
119,2020-07-06,286.21,296.72,298.45,282.9,1030025,24.1809,3.9326,0.1626324909329264
120,2020-07-07,300.18,286.64,301.76,282.32,1364144,24.8192,4.0364,0.16263215575038684
121,2020-07-08,285.2,283.48,290.68,280.02,971064,24.7129,4.0191,0.16263166200648244
122,2020-07-09,283.48,290.1,290.53,282.04,909238,24.9256,4.0538,0.1626360047501364
123,2020-07-10,288.8,279.01,288.8,275.84,925172,23.9833,3.9005,0.16263399949131271
124,2020-07-13,289.09,302.48,305.36,286.36,1617609,23.5426,3.8288,0.16263284429077504
125,2020-07-14,305.65,296.58,308.24,288.37,1294400,23.3602,3.7992,0.16263559387334012
126,2020-07-15,295.43,290.82,306.52,290.39,1054329,24.1961,3.9351,0.1626336475713028
127,2020-07-16,291.97,271.67,292.55,270.23,992856,24.6065,4.0018,0.16263182492430864
128,2020-07-17,273.25,273.83,280.6,271.52,741254,24.7433,4.0241,0.16263392514337213
129,2020-07-20,279.73,285.06,286.64,274.26,804255,24.2417,3.9425,0.16263298366038684
130,2020-07-21,284.77,289.09,289.67,281.32,612303,24.5001,3.9168,0.15986873522965211
131,2020-07-22,287.51,284.63,288.08,282.61,507347,24.4849,3.9143,0.15986587651981424
132,2020-07-23,281.03,279.59,285.49,274.69,474439,25.1536,4.0212,0.15986578461929904
133,2020-07-24,278.0,283.04,302.2,277.86,1386110,25.5944,4.0917,0.15986700215672178
134,2020-07-27,289.81,279.59,291.68,275.84,791718,24.5441,3.9238,0.15986734082732715
135,2020-07-28,281.03,304.21,306.66,278.29,1735368,24.8936,3.9797,0.15986839991001703
136,2020-07-29,305.08,312.42,316.45,301.76,1457523,26.0334,4.1619,0.1598677084053562
137,2020-07-30,312.56,310.84,316.45,307.52,910868,25.9422,4.1473,0.15986693495540086
138,2020-07-31,311.41,315.3,318.9,305.36,1095573,26.2617,4.1957,0.15976498094182784
139,2020-08-03,318.61,337.48,342.37,316.45,1221290,28.0419,4.4801,0.15976449527314485
140,2020-08-04,337.33,338.48,346.98,334.88,1039289,28.2397,4.5117,0.15976444508971413
141,2020-08-05,338.63,371.89,371.89,336.32,1525682,28.0724,4.485,0.15976546358701074
142,2020-08-06,372.47,371.89,385.72,364.4,1698806,28.1332,4.4947,0.15976497518945587
143,2020-08-07,371.6,384.42,388.88,368.72,1145338,27.9202,4.4607,0.15976604752114956
144,2020-08-10,380.53,347.56,380.68,346.4,1974226,29.2135,4.6673,0.1597651770585517
145,2020-08-11,347.41,343.81,359.51,343.09,905200,29.8069,4.7621,0.15976502085087682
146,2020-08-12,346.4,339.92,352.74,334.02,980307,29.7613,4.7548,0.15976452641517677
147,2020-08-13,342.37,343.38,352.45,336.61,824808,29.3657,4.6916,0.15976462335309563
148,2020-08-14,343.09,341.36,347.12,334.74,661792,29.9743,4.7889,0.15976686694935327
149,2020-08-17,344.82,347.56,353.17,343.52,692896,28.388,6.1944,0.21820487529942229
150,2020-08-18,346.98,350.29,355.62,344.53,793076,243.4489,6.2384,0.02562509011131289
151,2020-08-19,348.13,347.56,353.6,341.51,666831,241.5996,6.191,0.02562504242556693
152,2020-08-20,344.53,343.52,347.12,338.92,445218,240.7195,4.889,0.020309945808295548
153,2020-08-21,345.11,352.02,362.39,344.53,711430,251.1625,5.1011,0.02030995869208182
154,2020-08-24,355.91,366.42,369.44,355.33,794409,259.8871,5.2783,0.020309973061379345
155,2020-08-25,364.12,361.52,365.84,357.64,491713,259.6228,5.273,0.020310234694333473
156,2020-08-26,359.22,352.45,365.41,349.28,505056,288.4404,5.8582,0.020309914977236197
157,2020-08-27,351.3,354.9,356.34,343.52,337743,285.4,5.7965,0.02031009110021023
158,2020-08-28,354.47,358.07,360.66,348.85,561700,273.7672,5.5602,0.020309956780797698
159,2020-08-31,360.23,362.53,367.86,350.44,540497,279.0548,5.6676,0.020309989292425716
160,2020-09-01,363.25,376.21,380.24,363.25,594194,253.8064,5.1548,0.020309968542952424
161,2020-09-02,376.36,370.45,384.56,368.29,654065,237.6791,4.8273,0.02031015768740289
162,2020-09-03,373.19,355.62,373.33,353.32,696517,247.1968,5.0206,0.02031013346451087
163,2020-09-04,347.41,354.47,355.19,346.69,361200,251.9557,5.1172,0.020309919561256207
164,2020-09-07,362.1,320.34,363.54,319.48,1159534,229.0867,4.6528,0.02031021442973337
165,2020-09-08,320.2,309.11,320.2,300.61,905679,228.4257,4.6393,0.020309886321898108
166,2020-09-09,307.96,289.81,309.68,289.81,690910,238.0757,4.8353,0.02030992663257947
167,2020-09-10,294.56,284.77,296.44,283.33,544951,233.5812,4.7441,0.020310281820625976
168,2020-09-11,284.05,285.64,287.51,277.28,396000,226.9716,4.6098,0.020310029977318747
169,2020-09-14,285.78,276.56,291.54,272.68,595721,219.4367,4.4568,0.02031018512400159
170,2020-09-15,276.85,279.3,280.45,270.95,353248,238.2078,4.838,0.020309998245229586
171,2020-09-16,277.86,274.55,281.75,268.64,440539,238.2078,4.838,0.020309998245229586
172,2020-09-17,273.4,273.54,275.56,264.9,454820,234.2284,4.7572,0.020310090492869356
173,2020-09-18,275.12,275.56,280.16,272.1,444390,224.579,4.5612,0.020310002270915804
174,2020-09-21,273.97,272.53,276.28,267.06,317295,217.0919,4.4092,0.020310292553522263
175,2020-09-22,272.53,266.77,273.25,266.34,280216,234.4593,4.7619,0.0203101348506969
176,2020-09-23,267.78,271.81,271.96,265.76,270012,238.4771,4.8435,0.02031012621337646
177,2020-09-24,268.21,263.89,271.67,263.89,304804,251.5674,5.1094,0.020310262776496477
178,2020-09-25,265.62,270.8,272.68,262.45,378105,251.5674,5.1094,0.020310262776496477
179,2020-09-28,272.68,260.72,273.83,259.86,352904,258.9532,5.2594,0.02031023366384351
180,2020-09-29,262.88,269.22,270.95,259.86,341614,247.5839,5.0284,0.020309882831638086
181,2020-09-30,269.65,266.48,270.52,265.19,235108,250.7581,5.0929,0.020310011919854234
182,2020-10-09,268.93,267.78,270.08,261.44,366239,227.9042,4.6288,0.020310288270246883
183,2020-10-12,264.9,271.96,274.69,262.45,503812,209.748,4.26,0.020310086389381542
184,2020-10-13,275.41,289.81,292.26,274.69,995753,203.3997,4.1311,0.02031025611148886
185,2020-10-14,288.66,277.72,288.66,276.85,670977,191.9728,3.899,0.020310168940599917
186,2020-10-15,277.28,272.53,277.28,270.23,346178,200.7334,4.0769,0.020310023145126824
187,2020-10-16,271.09,273.68,274.98,267.35,290954,194.6391,3.9531,0.020309896624059603
188,2020-10-19,274.69,274.55,279.59,272.53,303420,194.2582,3.9454,0.02031008214839837
189,2020-10-20,274.84,271.52,274.84,266.63,259208,196.7975,3.997,0.020310217355403396
190,2020-10-21,271.67,265.04,271.96,264.76,231836,197.0514,4.0021,0.0203099292874854
191,2020-10-22,263.89,252.23,264.9,248.77,514954,199.7177,4.0563,0.020310167801852314
192,2020-10-23,252.37,244.31,254.53,243.44,365885,196.7975,5.0401,0.025610589565416224
193,2020-10-26,244.31,244.02,248.48,237.68,276983,187.529,4.8027,0.02561043891878056
194,2020-10-27,245.17,253.24,255.68,243.73,446198,188.5447,4.8287,0.0256103725005264
195,2020-10-28,256.69,257.41,263.6,255.68,514926,186.6402,4.7799,0.02561023830878878
196,2020-10-29,253.81,257.12,259.28,250.79,336546,181.5615,4.6499,0.025610605772699607
197,2020-10-30,257.27,250.93,257.99,250.79,255840,181.9424,4.6596,0.025610303040962415
198,2020-11-02,255.25,252.95,256.4,251.08,246996,180.6728,4.6271,0.025610385182495653
199,2020-11-03,253.24,254.53,255.25,248.48,245080,185.1166,4.7409,0.02561034504739175
200,2020-11-04,254.1,250.64,257.41,249.49,256018,173.9436,4.4548,0.025610600217541777
201,2020-11-05,251.08,255.97,257.7,249.92,317699,172.547,4.419,0.02561041339461132
202,2020-11-06,255.97,250.93,256.55,248.92,286731,159.2155,4.0776,0.025610571835028628
203,2020-11-09,250.79,253.24,256.12,247.04,384384,154.5178,3.9573,0.025610641621871398
204,2020-11-10,253.81,250.79,254.53,250.07,259720,158.1998,4.0516,0.02561065184658893
205,2020-11-11,250.79,251.65,255.97,250.36,287069,175.7211,4.5003,0.025610470228105787
206,2020-11-12,252.37,244.74,253.24,242.29,385419,187.7829,4.8092,0.02561042565643623
207,2020-11-13,244.16,247.91,247.91,240.42,257376,191.4649,4.9035,0.0256104382578739
208,2020-11-16,247.76,261.01,265.33,246.76,698324,197.4323,5.0563,0.025610297808413316
209,2020-11-17,261.01,264.61,265.76,256.69,510662,191.3379,4.9002,0.025610190140061117
210,2020-11-18,264.9,261.01,266.34,259.86,285561,193.3694,4.9523,0.025610567132131556
211,2020-11-19,259.86,268.36,271.81,258.13,530113,194.1312,4.9718,0.025610514950713745
212,2020-11-20,268.36,264.47,268.36,261.44,354934,198.3211,5.0791,0.025610487235095007
213,2020-11-23,263.32,263.32,264.47,258.85,323522,200.7334,5.1409,0.025610585981206916
214,2020-11-24,261.73,264.76,268.07,260.0,269948,198.9559,5.0953,0.025610198038861876
215,2020-11-25,264.9,258.42,265.33,258.42,244825,205.6851,5.2677,0.025610508490892143
216,2020-11-26,260.44,262.16,264.76,259.57,318430,205.6851,5.2677,0.025610508490892143
217,2020-11-27,265.33,269.22,275.12,265.33,546356,215.7154,5.5246,0.025610596183675345
218,2020-11-30,276.56,273.4,280.31,271.67,598856,208.8593,5.349,0.02561054259973102
219,2020-12-01,272.68,274.12,275.27,268.93,392488,209.1132,5.3555,0.025610530564306795
