,日期,开盘,收盘,最高,最低,成交量,pe,pb,roe
0,2020-01-03,51.05,50.72,51.79,50.39,687525,76.2543,3.6346,0.04766419729772616
1,2020-01-06,50.1,51.96,52.16,49.73,1048650,74.8783,3.569,0.04766400946602688
2,2020-01-07,52.0,52.57,52.99,51.38,923184,75.4153,3.5946,0.04766406816653915
3,2020-01-08,53.81,51.17,54.18,51.05,1058268,75.4153,3.5946,0.04766406816653915
4,2020-01-09,52.16,53.07,54.02,52.0,1065096,76.5564,3.649,0.0476642057359019
5,2020-01-10,53.19,53.36,54.43,52.7,951394,76.5228,3.6474,0.04766422556414559
6,2020-01-13,53.36,56.0,56.62,52.82,1220363,76.7913,3.6602,0.047664253632898515
7,2020-01-14,55.79,55.87,56.41,54.76,847204,75.8851,3.617,0.04766416595616268
8,2020-01-15,55.92,59.17,60.41,55.71,1637937,72.1261,3.4379,0.04766513093041216
9,2020-01-16,59.17,59.38,60.95,58.76,1287516,72.0254,3.4331,0.047665129246071525
10,2020-01-17,59.83,59.67,60.91,58.56,1014542,74.0392,3.529,0.04766394018303818
11,2020-01-20,60.62,63.71,63.96,59.67,1422091,77.8989,3.713,0.04766434442591616
12,2020-01-21,62.8,63.38,64.5,61.98,1044372,77.4626,3.6922,0.04766429218745563
13,2020-01-22,62.31,67.96,69.61,62.06,1292298,77.664,3.7018,0.047664297486608984
14,2020-01-23,66.64,65.28,70.6,62.47,1674598,79.2078,3.7754,0.04766449768835897
15,2020-02-03,58.8,58.8,58.8,58.8,207424,82.5305,3.9338,0.04766480270930141
16,2020-02-04,56.0,61.98,62.89,56.0,1849309,81.5572,3.8874,0.04766470648820705
17,2020-02-05,61.65,60.66,64.74,60.04,1499719,76.2543,3.6346,0.04766419729772616
18,2020-02-06,60.16,63.09,63.42,59.46,1271096,80.5168,3.8378,0.047664586769469226
19,2020-02-07,63.09,67.75,68.5,62.06,1706553,80.0469,3.8154,0.047664556653661795
20,2020-02-10,66.89,67.63,68.58,65.86,1194363,80.2147,3.8234,0.047664580182934055
21,2020-02-11,68.46,65.77,68.5,65.69,934642,79.7113,3.7994,0.047664509297928905
22,2020-02-12,69.12,72.29,72.29,67.51,1702395,78.3352,3.7338,0.04766439608247633
23,2020-02-13,73.57,70.97,75.59,70.02,1944620,79.9127,3.809,0.04766451390079424
24,2020-02-14,70.11,69.16,72.66,68.25,1473486,77.3619,3.6874,0.04766428952753228
25,2020-02-17,69.9,70.93,70.97,68.29,1324770,76.4557,3.6938,0.048312944620217985
26,2020-02-18,70.97,73.98,74.31,70.39,1644956,77.0263,3.7214,0.04831336829109018
27,2020-02-19,73.32,76.46,80.95,73.32,2036012,74.1734,3.5835,0.04831246781191101
28,2020-02-20,77.86,80.34,81.33,74.73,1881590,77.1941,3.7295,0.0483132778282278
29,2020-02-21,80.5,79.51,82.98,78.48,1785040,78.5366,3.7943,0.04831250652561989
30,2020-02-24,80.21,83.68,85.16,78.15,1683542,79.9127,3.8608,0.048312721257071777
31,2020-02-25,82.07,91.97,91.97,81.41,2939520,78.1674,3.7765,0.04831297957972249
32,2020-02-26,93.82,82.85,95.47,82.85,3085806,78.738,3.8041,0.04831339378698976
33,2020-02-27,83.1,79.3,83.97,76.95,2021529,83.6381,4.0408,0.04831291002545491
34,2020-02-28,74.77,73.12,77.32,72.21,1939189,83.0675,4.0132,0.04831251692900353
35,2020-03-02,75.55,75.34,77.94,73.2,1673814,84.3094,4.0732,0.048312525056518014
36,2020-03-03,76.87,75.67,79.51,74.48,1592796,81.188,3.9224,0.04831255850618318
37,2020-03-04,74.02,72.37,75.14,69.94,1602517,79.2078,3.8268,0.048313423677971104
38,2020-03-05,73.98,72.79,73.98,70.72,1204076,74.3413,3.5916,0.0483123109227307
39,2020-03-06,71.63,71.8,73.16,70.15,880345,74.1399,3.5819,0.04831271690412316
40,2020-03-09,70.02,65.36,71.55,64.87,1432630,73.8378,3.5673,0.04831265286885579
41,2020-03-10,65.61,71.84,71.84,65.61,1683661,73.2001,3.5365,0.048312775528995176
42,2020-03-11,71.96,71.55,75.18,71.34,1773757,74.5426,3.6014,0.04831331346102766
43,2020-03-12,69.49,73.2,74.35,68.66,1438660,77.3955,3.7392,0.048312886408124506
44,2020-03-13,70.56,78.56,79.8,70.31,2187729,74.5762,3.603,0.048313000662409726
45,2020-03-16,79.39,74.11,79.76,70.77,2069991,77.2948,3.7343,0.048312434989158395
46,2020-03-17,76.91,76.13,78.27,71.43,1654526,77.5968,3.7489,0.04831255928079508
47,2020-03-18,77.24,73.9,78.89,73.41,1736486,78.201,3.7781,0.04831268142351121
48,2020-03-19,73.41,74.07,74.97,70.11,1488474,75.6838,3.6565,0.048312848984855404
49,2020-03-20,75.18,70.97,75.34,70.39,1214144,73.2672,3.5398,0.04831357005590496
50,2020-03-23,67.8,64.17,69.4,63.92,1290191,72.8645,3.5203,0.048312964475155935
51,2020-03-24,66.15,63.71,66.43,60.41,1247206,73.9385,3.5722,0.04831312509720916
52,2020-03-25,65.98,66.56,68.04,65.16,1042341,67.8301,3.2771,0.04831335940828629
53,2020-03-26,66.19,64.25,66.81,63.92,749625,68.2329,3.2965,0.048312470963420874
54,2020-03-27,65.28,63.22,65.77,62.89,700588,71.0521,3.4327,0.048312435522665766
55,2020-03-30,61.69,60.41,62.35,58.35,993069,72.6296,3.5089,0.04831225836298149
56,2020-03-31,61.44,59.55,62.27,59.34,645771,72.8981,3.5219,0.04831264463682867
57,2020-04-01,59.59,61.15,63.75,59.17,1015874,71.4549,3.4522,0.048312991831211016
58,2020-04-02,61.15,64.7,64.95,61.15,1167066,72.6296,3.5089,0.04831225836298149
59,2020-04-03,65.03,63.18,65.98,62.68,933383,72.9652,3.5252,0.04831344257262366
60,2020-04-07,65.11,65.16,66.6,64.29,915535,72.7302,3.5138,0.048312805409582264
61,2020-04-08,64.37,65.32,66.39,64.04,800201,72.9652,3.4371,0.047106017663214796
62,2020-04-09,65.77,64.95,65.82,64.41,524548,72.0926,3.396,0.0471060830099067
63,2020-04-10,64.33,61.53,64.37,61.28,750789,70.5822,3.3248,0.0471053608416853
64,2020-04-13,60.82,60.25,60.82,58.8,503875,76.6906,3.6126,0.04710616424959512
65,2020-04-14,61.36,63.59,63.59,60.74,668568,78.3688,3.6916,0.047105480752544386
66,2020-04-15,63.71,66.23,67.88,63.22,1285592,76.1201,3.5857,0.047105823560399954
67,2020-04-16,65.44,66.19,67.01,64.99,656431,76.5564,3.6062,0.04710514078509439
68,2020-04-17,68.25,66.35,68.62,65.82,1011654,77.2948,3.641,0.04710536801958217
69,2020-04-20,66.06,66.68,66.89,64.74,660480,80.7517,3.8039,0.04710612903505437
70,2020-04-21,65.28,66.6,67.8,65.28,607378,80.5168,3.7928,0.04710569719611311
71,2020-04-22,65.69,66.19,67.14,65.24,505529,78.738,3.709,0.04710559069318499
72,2020-04-23,66.19,63.22,66.35,63.18,636451,77.7311,3.6616,0.0471059846059042
73,2020-04-24,63.05,63.46,64.91,62.89,431756,70.7029,4.4773,0.0633255495884893
74,2020-04-27,63.46,64.08,65.16,63.09,424523,71.4426,4.5241,0.06332496297727126
75,2020-04-28,64.08,66.89,67.05,61.11,1011786,74.2473,4.7017,0.06332486164480056
76,2020-04-29,66.64,66.81,67.92,66.06,639619,72.2748,4.5768,0.0633249763403012
77,2020-04-30,67.84,71.43,72.58,67.22,1235111,73.9391,4.6822,0.06332508780875072
78,2020-05-06,70.72,74.27,74.77,70.39,1159610,76.528,4.8461,0.0633245348107882
79,2020-05-07,74.68,73.78,76.17,73.61,1109870,76.4048,4.8383,0.06332455552530732
80,2020-05-08,74.81,73.53,75.84,73.36,850089,77.7917,4.9262,0.06332552187444161
81,2020-05-11,73.57,72.29,75.22,71.3,797707,74.987,4.7486,0.06332564311147265
82,2020-05-12,72.54,73.24,73.53,71.1,769812,73.7233,4.6685,0.06332462057449952
83,2020-05-13,71.96,77.41,78.44,71.96,1418610,73.5076,4.6549,0.0633254248540287
84,2020-05-14,76.58,77.12,78.36,76.21,1065371,70.5796,4.4695,0.06332566350616892
85,2020-05-15,77.08,79.68,80.91,77.04,1167613,72.0898,4.5651,0.06332518608735217
86,2020-05-18,80.42,76.09,82.27,75.55,1346339,72.9528,4.6197,0.06332450570780011
87,2020-05-19,77.04,79.8,80.05,76.75,1083347,79.98,5.0647,0.06332458114528632
88,2020-05-20,82.32,80.71,85.7,80.01,1556731,76.5589,4.8481,0.06332510002102956
89,2020-05-21,81.04,78.69,83.8,76.95,1207256,76.5589,4.8481,0.06332510002102956
90,2020-05-22,78.97,74.02,78.97,72.37,1285393,76.1582,4.8227,0.06332476345291775
91,2020-05-25,73.45,74.35,75.18,72.58,651299,70.9495,4.4929,0.06332532294096505
92,2020-05-26,74.89,75.63,76.29,74.27,747644,77.6068,4.9145,0.06332563641330399
93,2020-05-27,75.47,72.17,75.67,71.18,950415,86.2366,5.4609,0.0633246208686335
94,2020-05-28,71.96,72.7,72.99,69.94,754887,83.0929,5.2619,0.0633255067520811
95,2020-05-29,72.09,72.99,73.82,71.26,592006,86.2982,5.4648,0.06332461163732268
96,2020-06-01,73.74,78.07,78.44,73.16,936429,79.6409,5.0433,0.06332550234866759
97,2020-06-02,78.03,79.06,80.42,77.12,935358,82.7538,5.2404,0.06332518869224132
98,2020-06-03,79.1,78.31,80.34,77.74,792943,82.1991,5.2053,0.06332551086325763
99,2020-06-04,78.27,78.07,79.18,77.65,442705,79.9183,5.0608,0.06332467031956386
100,2020-06-05,78.31,81.0,81.24,77.86,807552,80.7813,5.1155,0.06332529929575285
101,2020-06-08,81.45,83.1,83.97,80.34,1010179,73.9699,4.6842,0.06332575818001647
102,2020-06-09,82.4,83.02,84.87,81.7,742964,69.6242,4.409,0.06332568273674957
103,2020-06-10,83.06,80.62,83.1,80.38,609535,69.7475,4.4168,0.06332556722463172
104,2020-06-11,80.42,80.67,82.98,80.25,827513,69.2235,4.3836,0.06332531582482828
105,2020-06-12,78.15,78.77,81.57,77.86,760743,65.4326,4.3517,0.06650660374186568
106,2020-06-15,79.59,84.54,86.4,78.03,1295899,64.3846,4.282,0.06650658697887382
107,2020-06-16,85.9,84.09,85.9,83.02,871510,66.7887,4.4418,0.06650526211769356
108,2020-06-17,83.92,80.05,84.13,78.93,1051834,65.6175,4.364,0.06650664837886233
109,2020-06-18,79.47,81.04,81.7,78.81,557617,59.6382,3.9663,0.06650603136915602
110,2020-06-19,82.11,80.42,82.56,79.02,754322,60.1006,3.997,0.06650515968226607
111,2020-06-22,79.8,88.42,88.42,79.76,1698040,59.3609,3.9478,0.06650505635864686
112,2020-06-23,89.41,89.99,90.28,87.84,1453163,62.3813,4.1487,0.06650550725938702
113,2020-06-24,91.35,86.77,92.38,86.23,1427421,62.7203,4.1713,0.06650637831770574
114,2020-06-29,87.55,88.17,89.95,86.23,964854,58.4054,3.8843,0.06650583678906402
115,2020-06-30,89.49,93.37,95.39,87.31,1067474,59.8232,3.9786,0.06650597092766686
116,2020-07-01,91.89,94.07,95.19,90.03,1012267,59.7923,3.9765,0.06650521889942351
117,2020-07-02,93.08,93.91,96.63,91.6,898099,61.58,4.0954,0.06650535888275413
118,2020-07-03,93.95,99.72,99.72,92.3,1186953,61.6416,4.0995,0.06650541192960598
119,2020-07-06,103.77,108.84,109.62,100.34,1506145,60.0697,3.995,0.06650607544236113
120,2020-07-07,111.19,107.68,117.96,107.64,1749374,57.8815,3.8495,0.06650656945656211
121,2020-07-08,107.56,110.74,112.3,105.87,1139867,58.0664,3.8618,0.06650662000743976
122,2020-07-09,110.12,111.48,114.12,109.21,1228290,58.6212,3.8987,0.06650665629499225
123,2020-07-10,109.87,107.31,111.27,105.91,1290903,57.8815,3.8495,0.06650656945656211
124,2020-07-13,106.41,116.22,117.42,106.32,1481882,54.0905,3.5973,0.06650520886292417
125,2020-07-14,115.93,111.93,117.05,107.56,1444658,53.8748,3.583,0.06650604735423613
126,2020-07-15,112.51,116.14,122.41,112.51,1982625,53.4741,3.5563,0.0665050931198468
127,2020-07-16,110.04,104.59,110.37,104.59,1575497,56.063,3.7285,0.06650553841214348
128,2020-07-17,99.19,95.68,101.79,94.2,1565568,55.1076,3.665,0.06650625322097134
129,2020-07-20,98.03,102.65,102.9,97.87,1069963,54.861,3.6486,0.06650626127850386
130,2020-07-21,103.23,103.19,107.31,101.66,1044846,58.3438,3.8802,0.06650578124839314
131,2020-07-22,103.27,103.19,106.24,102.4,790249,59.854,3.9806,0.06650516256223477
132,2020-07-23,101.0,107.77,109.21,99.93,1460323,59.1759,3.9355,0.06650511441313103
133,2020-07-24,107.68,98.36,107.93,98.07,1155725,56.4021,3.7511,0.06650638894651086
134,2020-07-27,99.97,97.21,102.45,95.1,892480,59.0835,3.9294,0.06650587727538144
135,2020-07-28,98.94,95.19,99.35,92.96,935755,57.1726,3.8023,0.06650563381759793
136,2020-07-29,94.73,99.1,99.6,94.57,794820,57.3883,3.8167,0.0665065875796983
137,2020-07-30,100.14,99.39,100.34,96.55,813499,54.2754,3.6096,0.06650526757978753
138,2020-07-31,98.94,101.08,103.72,98.4,883217,53.5665,3.5625,0.06650611856290779
139,2020-08-03,102.24,104.84,106.12,102.24,934726,54.4912,3.624,0.06650615145197757
140,2020-08-04,104.67,102.98,104.67,101.7,801026,54.6761,3.6363,0.06650620655094273
141,2020-08-05,107.52,103.15,107.93,102.86,755314,55.0459,3.6609,0.06650631563840358
142,2020-08-06,101.79,99.68,101.79,98.69,810393,52.9193,3.5194,0.06650503691469842
143,2020-08-07,99.23,97.45,99.97,95.02,675135,49.4674,3.2899,0.06650642645459434
144,2020-08-10,97.66,100.09,100.8,97.45,561345,49.529,3.3572,0.06778251125603182
145,2020-08-11,100.09,96.34,101.08,96.13,481139,47.4332,3.2151,0.06778163817747906
146,2020-08-12,96.09,95.35,97.99,92.17,519805,46.9709,3.1838,0.06778239292838759
147,2020-08-13,96.13,96.26,97.45,94.9,362703,46.786,3.1713,0.06778309750780148
148,2020-08-14,96.67,97.5,98.16,95.85,371495,49.0051,3.3217,0.06778274098002045
149,2020-08-17,98.07,99.68,99.89,96.59,603915,49.3133,3.3426,0.06778293077121182
150,2020-08-18,100.34,99.97,100.71,98.82,482654,49.3749,3.3467,0.0677814031015759
151,2020-08-19,99.76,95.72,99.76,95.23,514119,49.1283,3.33,0.06778170626705993
152,2020-08-20,94.57,94.81,96.59,94.07,295777,49.0051,3.3217,0.06778274098002045
153,2020-08-21,95.6,94.28,97.04,93.58,390221,49.0359,3.3238,0.0677829916448969
154,2020-08-24,94.94,97.04,97.99,93.54,448764,47.0634,3.1901,0.06778303310003102
155,2020-08-25,97.21,94.98,97.87,94.24,341507,44.5669,3.0208,0.06778124572272247
156,2020-08-26,93.74,87.47,94.4,86.94,871561,45.5223,3.0856,0.067782163906481
157,2020-08-27,87.51,89.33,89.86,86.4,401700,48.0804,3.259,0.06778229798420979
158,2020-08-28,87.8,90.4,90.9,87.47,420100,48.3578,3.2778,0.0677822398868435
159,2020-08-31,90.69,90.11,92.59,90.11,341910,48.2345,3.2694,0.06778135981507014
160,2020-09-01,89.66,90.4,91.27,88.42,297018,46.7551,3.1692,0.06778297982466085
161,2020-09-02,90.98,89.99,91.27,88.71,275331,47.8955,3.2465,0.06778298587549979
162,2020-09-03,90.61,88.54,90.61,88.05,294987,45.2449,3.0668,0.06778222517897045
163,2020-09-04,87.02,90.32,91.89,86.85,439633,44.0429,2.9853,0.06778164017355805
164,2020-09-07,90.32,89.99,93.41,89.2,530986,44.6902,3.0292,0.06778219833431043
165,2020-09-08,89.99,88.05,90.73,87.35,356377,66.8695,2.9997,0.04485901644247377
166,2020-09-09,87.02,84.58,87.88,83.68,437007,67.9707,3.0491,0.04485903484883928
167,2020-09-10,85.33,84.09,86.4,84.05,281378,70.4376,3.1598,0.044859563642145675
168,2020-09-11,84.38,91.6,92.38,83.76,592203,67.3981,3.0234,0.04485883133204052
169,2020-09-14,92.13,90.28,94.61,89.29,649019,67.8826,3.0451,0.04485832893849087
170,2020-09-15,90.73,90.77,91.64,88.34,362051,75.1511,3.3712,0.04485895748698289
171,2020-09-16,90.44,93.74,96.38,89.78,770616,78.4549,3.5194,0.044858893453436306
172,2020-09-17,93.08,96.84,98.32,91.93,832678,78.2787,3.5115,0.04485894630340054
173,2020-09-18,96.92,96.26,97.66,93.95,504824,80.6574,3.6182,0.04485887221755226
174,2020-09-21,96.3,95.72,97.54,94.57,360211,78.4989,3.5214,0.04485922732675234
175,2020-09-22,94.61,92.38,95.27,92.38,355195,83.2564,3.7348,0.044859013841578546
176,2020-09-23,93.08,95.85,95.97,92.22,532414,77.5298,3.4779,0.044858880069341085
177,2020-09-24,94.77,92.34,96.38,91.89,420382,75.7678,3.3989,0.044859425771897825
178,2020-09-25,93.08,90.69,93.66,90.52,295104,76.0761,3.4127,0.04485902931406842
179,2020-09-28,90.48,91.47,94.69,90.44,370170,69.1601,3.1024,0.04485823473361085
180,2020-09-29,92.79,91.84,93.12,90.36,258450,76.0321,3.4107,0.04485868468712557
181,2020-09-30,91.51,92.09,93.87,91.51,283744,77.0893,3.4581,0.04485836555786601
182,2020-10-09,96.92,98.07,99.72,95.64,901852,76.6488,3.4384,0.044859149784471516
183,2020-10-12,99.19,100.51,101.95,98.16,842232,80.1729,3.5965,0.04485929784253782
184,2020-10-13,99.72,104.34,104.63,98.4,953056,79.8205,3.5807,0.04485940328612324
185,2020-10-14,103.81,102.82,104.88,102.4,549603,77.4417,3.7299,0.0481639736730986
186,2020-10-15,103.23,103.52,105.04,101.29,622664,84.0494,4.0482,0.04816453181105397
187,2020-10-16,103.02,97.5,103.81,95.85,822644,87.8378,4.2307,0.04816491305565485
188,2020-10-19,98.07,96.79,98.07,96.01,353125,97.573,4.6996,0.048164963668227895
189,2020-10-20,97.08,98.94,99.1,96.67,320871,88.7188,4.2731,0.048164537843162894
190,2020-10-21,99.1,97.25,99.97,96.38,307893,84.2696,4.0588,0.04816446262946543
191,2020-10-22,96.26,95.6,97.08,94.98,275460,85.1506,4.1012,0.04816407635413022
192,2020-10-23,95.97,91.89,96.63,91.43,453256,81.0098,3.9018,0.04816454305528467
193,2020-10-26,90.24,95.39,95.72,89.49,408781,78.3668,3.7745,0.04816452885660765
194,2020-10-27,94.4,94.69,95.56,93.66,194520,75.107,3.6175,0.048164618477638574
195,2020-10-28,93.95,95.8,97.04,91.14,453931,73.2128,3.5263,0.04816507495956991
196,2020-10-29,93.95,98.94,99.93,93.95,528960,75.1511,3.6196,0.0481642983269706
197,2020-10-30,98.94,97.0,100.84,96.42,590696,76.5607,3.6875,0.04816439766094093
198,2020-11-02,98.07,98.69,100.18,95.43,559066,69.6006,3.3523,0.048164814671137895
199,2020-11-03,98.69,99.31,99.97,97.04,531923,71.5829,3.4478,0.048165134410592475
200,2020-11-04,99.93,99.1,103.19,98.9,723580,71.7151,3.4541,0.048164194151580346
201,2020-11-05,100.14,99.68,100.8,98.24,542036,66.7373,3.2144,0.04816496921511658
202,2020-11-06,100.05,94.44,100.42,93.45,752894,64.1383,3.0892,0.048164669160236546
203,2020-11-09,95.19,100.96,101.58,94.86,971040,65.5479,3.1571,0.04816477720872827
204,2020-11-10,100.84,102.16,103.02,99.48,913686,62.156,2.9937,0.04816429628676234
205,2020-11-11,101.37,98.07,101.62,97.45,606388,69.072,3.3268,0.04816423442205235
206,2020-11-12,98.94,96.18,99.56,94.94,506124,71.9353,3.4647,0.04816411414145767
207,2020-11-13,95.56,95.93,96.38,94.11,347192,67.0457,3.2292,0.04816416265323504
208,2020-11-16,96.42,96.46,96.67,94.77,257793,67.3981,3.2462,0.04816456250250378
209,2020-11-17,96.42,91.72,96.42,90.9,671826,63.0811,3.0383,0.04816498127014272
210,2020-11-18,88.42,89.25,90.11,83.97,946604,62.7727,3.0234,0.04816424974551039
211,2020-11-19,88.13,89.37,90.4,86.85,352908,62.5525,3.0128,0.048164341952759676
212,2020-11-20,92.3,93.99,94.98,90.65,642949,59.0284,2.8431,0.048164951108280084
213,2020-11-23,95.39,95.1,97.45,94.03,557108,59.1605,2.8494,0.04816389313815807
214,2020-11-24,94.28,94.77,97.41,94.28,336126,56.3413,2.7136,0.048163602898761655
215,2020-11-25,94.86,94.81,96.51,94.4,298308,56.0329,2.6988,0.048164560463584784
216,2020-11-26,95.56,93.41,95.93,93.21,249799,54.0066,2.6012,0.048164483600152574
217,2020-11-27,93.74,93.41,94.07,91.68,255902,55.5043,2.6733,0.04816383595505213
218,2020-11-30,94.44,92.75,94.73,92.5,280331,54.8435,2.6415,0.048164322116568056
219,2020-12-01,92.75,94.44,94.73,92.46,331860,53.522,2.5779,0.048165240461866154
