,日期,开盘,收盘,最高,最低,成交量,pe,pb,roe
0,2020-01-03,171.48,171.04,173.24,169.72,395919,93.7,2.2058,0.023541088580576307
1,2020-01-06,169.72,171.04,172.58,168.61,449678,93.5891,2.2032,0.02354120298197119
2,2020-01-07,170.82,174.12,174.12,170.38,559116,91.2605,2.1484,0.023541400715534105
3,2020-01-08,173.02,169.5,176.55,169.28,530480,91.1496,2.1458,0.023541518558501624
4,2020-01-09,171.48,172.8,174.34,170.38,498395,90.9278,2.1406,0.02354175510679902
5,2020-01-10,173.46,171.7,174.12,170.82,296210,91.9258,2.1641,0.02354181307097681
6,2020-01-13,171.04,170.82,171.48,168.17,354094,92.9238,2.1876,0.023541869790086073
7,2020-01-14,170.6,169.28,171.92,169.28,350645,92.0367,2.1667,0.023541695866974806
8,2020-01-15,169.72,167.07,169.94,166.63,343274,92.4803,2.1771,0.02354122986192735
9,2020-01-16,167.29,164.87,167.51,164.43,358096,92.8129,2.1849,0.0235409086452422
10,2020-01-17,165.09,165.09,166.41,164.87,234557,92.9238,2.1876,0.023541869790086073
11,2020-01-20,166.41,169.94,169.94,166.41,423502,91.9258,2.1641,0.02354181307097681
12,2020-01-21,171.04,177.65,180.73,171.04,1053421,91.4823,2.1536,0.023541165886734376
13,2020-01-22,178.97,174.12,181.17,172.36,700835,92.3694,2.1745,0.023541345943570057
14,2020-01-23,176.99,182.27,185.36,175.44,1249081,92.2585,2.1719,0.023541462304286324
15,2020-02-03,195.27,180.51,195.27,166.85,1622563,93.9218,2.2111,0.023541925303816578
16,2020-02-04,174.12,186.9,187.34,174.12,1404773,94.4762,2.2241,0.023541378675264246
17,2020-02-05,199.9,204.97,204.97,190.87,2333398,92.702,2.1823,0.023541023926128887
18,2020-02-06,212.46,224.8,224.8,209.15,1976375,93.9218,2.2111,0.023541925303816578
19,2020-02-07,229.42,215.1,242.64,210.26,3074402,93.0347,2.1902,0.023541753775741737
20,2020-02-10,215.1,206.51,221.49,199.46,2118483,94.0327,2.2137,0.02354181045529906
21,2020-02-11,207.17,199.68,207.17,195.93,1404753,92.0367,2.1667,0.023541695866974806
22,2020-02-12,200.34,201.0,205.19,198.14,1104339,94.4762,2.2241,0.023541378675264246
23,2020-02-13,206.29,213.78,220.39,201.66,2074426,98.8009,2.3259,0.02354128353081804
24,2020-02-14,234.49,230.08,234.49,226.12,3070893,98.0246,2.3489,0.023962352307481997
25,2020-02-17,221.27,220.61,224.58,215.54,2128529,98.2464,2.3542,0.023962201159533583
26,2020-02-18,217.75,219.07,224.36,217.53,1419599,99.688,2.3888,0.023962763823128157
27,2020-02-19,220.83,206.29,220.83,204.75,1688773,100.1315,2.3994,0.023962489326535604
28,2020-02-20,206.73,208.05,210.7,201.44,1176424,101.2404,2.426,0.02396276585236724
29,2020-02-21,206.51,207.39,210.26,204.31,968547,100.0206,2.3967,0.02396206381485414
30,2020-02-24,209.59,215.1,216.87,208.93,1204564,101.4622,2.4313,0.02396261859096294
31,2020-02-25,210.7,220.61,223.47,208.71,1585210,98.2464,2.3542,0.023962201159533583
32,2020-02-26,217.75,209.37,219.07,208.93,1058643,102.0166,2.4446,0.023962766843827376
33,2020-02-27,212.46,210.92,214.44,209.37,584707,101.9057,2.4419,0.02396234950547418
34,2020-02-28,205.19,206.51,211.58,201.0,1017901,98.2464,2.3542,0.023962201159533583
35,2020-03-02,207.61,212.46,213.78,204.97,821821,96.694,2.317,0.023962190001447867
36,2020-03-03,213.12,215.54,220.17,211.36,1145054,96.694,2.317,0.023962190001447867
37,2020-03-04,213.34,213.34,215.1,207.83,713260,95.0307,2.2772,0.023962782553427472
38,2020-03-05,214.0,211.36,214.88,210.04,618248,91.1496,2.1842,0.02396280400572246
39,2020-03-06,209.37,209.37,213.56,208.05,482522,91.7041,2.1975,0.023962941678725376
40,2020-03-09,208.49,203.21,210.04,202.1,700407,91.2605,2.1868,0.023962174215569714
41,2020-03-10,197.48,201.0,203.21,192.85,822213,93.8109,2.2479,0.02396203426254305
42,2020-03-11,206.29,201.66,210.04,201.0,646277,94.4762,2.2639,0.023962648794087823
43,2020-03-12,197.48,195.71,200.34,193.51,484159,96.5831,2.3144,0.02396278437946183
44,2020-03-13,184.04,191.75,193.95,184.04,529522,95.0307,2.2772,0.023962782553427472
45,2020-03-16,195.49,189.1,200.78,187.56,647561,95.5851,2.2905,0.02396293983058029
46,2020-03-17,188.44,186.46,191.97,179.19,662870,95.2525,2.2825,0.023962625652870006
47,2020-03-18,189.1,182.05,191.53,181.61,492621,93.7,2.2453,0.023962646744930628
48,2020-03-19,182.05,179.19,184.26,176.55,542827,94.1436,2.2559,0.02396232988753351
49,2020-03-20,181.61,184.04,185.8,179.41,705116,95.1416,2.2798,0.02396217847923516
50,2020-03-23,180.73,178.75,185.14,178.09,489250,95.2525,2.2825,0.023962625652870006
51,2020-03-24,181.61,178.53,182.72,174.12,431641,93.9218,2.2506,0.02396248794209651
52,2020-03-25,182.05,184.04,185.14,180.29,568472,93.2565,2.2347,0.02396294092100819
53,2020-03-26,182.94,185.58,189.55,181.61,616596,95.1416,2.2798,0.02396217847923516
54,2020-03-27,187.56,181.61,188.0,181.17,459051,98.0246,2.3489,0.023962352307481997
55,2020-03-30,181.61,180.07,184.7,178.31,387331,97.2484,2.3303,0.02396234796665035
56,2020-03-31,181.39,177.21,181.83,177.21,365841,99.5771,2.3861,0.023962336721997324
57,2020-04-01,176.55,175.67,180.07,173.68,389022,100.5751,2.41,0.023962193425609322
58,2020-04-02,175.0,177.43,177.43,173.24,279912,100.2424,2.4021,0.02396291389671436
59,2020-04-03,177.43,178.09,180.51,176.99,297353,101.2404,2.426,0.02396276585236724
60,2020-04-07,180.29,183.16,183.6,178.97,444079,99.688,2.3888,0.023962763823128157
61,2020-04-08,182.05,181.83,184.7,180.51,359019,101.1295,2.4233,0.023962345309726636
62,2020-04-09,182.05,186.24,186.9,181.61,499843,101.3513,2.4286,0.023962198807514063
63,2020-04-10,185.14,180.73,187.12,180.29,431395,103.569,2.5203,0.0243345016365901
64,2020-04-13,180.07,180.95,183.6,178.31,255058,106.3412,2.5877,0.02433393642351224
65,2020-04-14,181.83,182.72,183.38,178.75,355158,106.1194,2.5823,0.024333910670433494
66,2020-04-15,182.72,187.34,191.53,182.27,712797,103.9017,2.5284,0.024334539280877983
67,2020-04-16,186.24,187.78,189.77,184.26,541059,103.569,2.5203,0.0243345016365901
68,2020-04-17,187.78,185.14,188.44,184.7,409283,103.1255,2.5095,0.024334427469442574
69,2020-04-20,184.26,186.46,187.56,184.26,286451,106.1194,2.5823,0.024333910670433494
70,2020-04-21,185.36,183.38,187.12,182.5,302828,105.7868,2.5742,0.02433384883558251
71,2020-04-22,182.94,184.26,184.48,180.95,210882,104.4561,2.5418,0.024333667444984063
72,2020-04-23,184.7,202.1,202.1,184.48,1406020,104.2344,2.5365,0.024334576684856443
73,2020-04-24,202.32,199.9,208.49,199.46,1825684,104.2344,2.5365,0.024334576684856443
74,2020-04-27,199.68,194.17,199.9,190.43,942737,106.0086,2.5796,0.024333874798837075
75,2020-04-28,197.7,194.17,200.34,187.12,776822,108.559,2.6417,0.02433423299772474
76,2020-04-29,193.07,189.99,195.05,189.77,494450,108.8916,2.6498,0.024334292084972578
77,2020-04-30,190.21,192.41,193.95,190.21,433529,112.6618,2.7415,0.0243338913456025
78,2020-05-06,191.09,194.83,196.38,190.21,503425,113.9925,2.7739,0.02433405706515779
79,2020-05-07,195.05,191.75,195.27,191.53,424666,113.7707,2.7685,0.024334033279218636
80,2020-05-08,193.07,193.07,194.83,191.97,390738,115.9884,2.8225,0.024334329984722607
81,2020-05-11,194.17,199.02,199.02,192.63,728877,114.5469,2.7874,0.024334137370806194
82,2020-05-12,198.36,199.02,203.21,197.04,659266,110.6658,2.693,0.02433452792100179
83,2020-05-13,197.48,198.36,201.22,195.93,436959,108.2263,2.6336,0.0243341960318333
84,2020-05-14,196.82,195.05,197.7,194.83,337547,104.1235,2.5338,0.024334564243422473
85,2020-05-15,195.93,193.73,197.04,193.07,280696,104.2344,2.5365,0.024334576684856443
86,2020-05-18,193.07,196.15,198.14,193.07,334059,102.7928,2.5014,0.024334389179008646
87,2020-05-19,197.92,198.36,199.9,196.6,351294,109.7787,2.6714,0.024334410955859382
88,2020-05-20,198.14,194.61,198.36,193.51,313872,108.8916,2.6498,0.024334292084972578
89,2020-05-21,195.05,191.75,197.48,191.53,302126,110.4441,2.6876,0.024334482330880508
90,2020-05-22,191.09,186.24,193.29,184.48,398896,107.561,2.6174,0.024334098790453788
91,2020-05-25,186.46,184.04,187.78,183.6,242495,105.2323,2.5607,0.024333783448617967
92,2020-05-26,184.7,186.9,187.34,184.7,247627,107.8936,2.6255,0.02433415883796629
93,2020-05-27,187.12,185.14,188.22,184.04,196842,111.6638,2.7172,0.024333759015903095
94,2020-05-28,184.92,182.5,185.8,180.73,287196,118.3171,2.8714,0.024268681365584518
95,2020-05-29,182.72,186.68,186.68,182.27,251825,117.9844,2.8633,0.024268462610311195
96,2020-06-01,186.68,189.77,190.43,186.68,259037,112.44,2.7288,0.024268943436499466
97,2020-06-02,189.99,189.33,190.21,188.0,231555,109.7787,2.6642,0.02426882446230462
98,2020-06-03,189.33,190.21,193.07,189.33,321958,99.7988,2.422,0.024268828883714035
99,2020-06-04,190.87,189.33,190.87,187.78,218740,98.4682,2.3897,0.024268748692471274
100,2020-06-05,189.77,188.66,191.31,188.0,191758,99.3553,2.4112,0.024268458753584358
101,2020-06-08,188.66,186.68,189.77,186.68,217142,95.8069,2.3251,0.024268606958371474
102,2020-06-09,186.68,187.56,187.56,184.92,232104,94.4762,2.2928,0.024268545940670773
103,2020-06-10,187.12,187.78,189.1,185.58,226946,92.4803,2.2444,0.02426895241473049
104,2020-06-11,187.78,188.88,193.07,186.9,380330,93.8109,2.2767,0.0242690348349712
105,2020-06-12,184.7,190.87,192.41,184.26,363358,94.1436,2.2847,0.02426824553129474
106,2020-06-15,196.6,193.73,198.8,191.75,505100,93.3674,2.2659,0.02426864194568982
107,2020-06-16,193.07,193.73,195.71,191.31,477052,94.5871,2.2955,0.024268637055158682
108,2020-06-17,194.39,199.24,200.78,193.95,815829,95.696,2.3224,0.024268516970406287
109,2020-06-18,199.24,195.05,199.24,194.61,465020,96.8049,2.3493,0.024268399636795245
110,2020-06-19,195.27,198.14,202.54,193.73,674698,95.2525,2.3116,0.02426812944542138
111,2020-06-22,196.38,195.93,198.36,195.27,445102,97.3593,2.3628,0.024268867997202116
112,2020-06-23,195.27,193.73,195.27,191.97,356287,94.5871,2.2955,0.024268637055158682
113,2020-06-24,193.29,191.31,194.39,191.09,307062,94.5871,2.2955,0.024268637055158682
114,2020-06-29,192.41,192.85,196.15,192.19,378324,93.1456,2.2605,0.02426845712518895
115,2020-06-30,193.51,192.19,194.61,191.09,372448,92.1476,2.2363,0.02426867330239746
116,2020-07-01,191.97,189.55,192.19,188.22,407735,91.5932,2.2228,0.024268177113584852
117,2020-07-02,188.66,193.51,194.39,188.66,505237,91.4823,2.2201,0.02426808245966706
118,2020-07-03,193.73,196.15,197.04,192.19,620175,91.0387,2.2094,0.02426879997188009
119,2020-07-06,197.04,203.21,204.75,196.15,985187,92.0367,2.2336,0.02426857981652971
120,2020-07-07,204.31,201.44,206.95,201.22,1105263,92.3694,2.2417,0.02426885960069027
121,2020-07-08,201.44,204.09,206.07,200.12,736822,92.8129,2.2524,0.024268178238154397
122,2020-07-09,204.09,223.92,223.92,203.43,1834927,92.3694,2.2417,0.02426885960069027
123,2020-07-10,227.22,229.2,236.25,226.78,1895154,92.5912,2.2471,0.0242690450064369
124,2020-07-13,229.2,240.22,245.07,229.2,1531005,91.0387,2.2094,0.02426879997188009
125,2020-07-14,245.95,240.88,251.68,233.61,1832902,88.9319,2.1583,0.024269131773862924
126,2020-07-15,241.54,227.88,245.73,227.44,1502352,90.2625,2.1905,0.02426810691040022
127,2020-07-16,232.29,220.39,235.15,218.85,1297568,91.1496,2.2121,0.024268894213468846
128,2020-07-17,221.93,215.1,223.69,212.46,944143,89.7081,2.1771,0.024268711521033215
129,2020-07-20,216.64,219.73,219.73,210.92,798990,90.817,2.204,0.024268584075668655
130,2020-07-21,219.73,225.46,229.86,216.42,1222271,93.5891,2.2713,0.024268851821419374
131,2020-07-22,223.69,222.37,226.12,220.83,764157,95.0307,2.3063,0.024268999386514042
132,2020-07-23,219.95,224.14,227.66,216.42,897387,96.9158,2.352,0.024268488729391902
133,2020-07-24,223.25,210.26,224.58,209.15,861812,95.8069,2.3251,0.024268606958371474
134,2020-07-27,211.14,213.12,215.1,209.81,501101,94.5871,2.2955,0.024268637055158682
135,2020-07-28,214.22,212.9,215.1,210.04,446184,95.2525,2.3116,0.02426812944542138
136,2020-07-29,211.36,221.05,223.03,210.48,857375,96.9158,2.352,0.024268488729391902
137,2020-07-30,221.27,225.9,233.83,219.73,1365013,97.2484,2.3601,0.024268779743419944
138,2020-07-31,222.15,233.61,234.49,221.93,1336398,97.2484,2.3601,0.024268779743419944
139,2020-08-03,233.61,236.47,237.8,228.54,1238092,94.2545,2.2874,0.024268337320764527
140,2020-08-04,236.25,232.07,244.18,230.52,1343824,93.5891,2.2713,0.024268851821419374
141,2020-08-05,228.1,232.51,236.25,225.24,873119,95.1416,2.309,0.024269089441422052
142,2020-08-06,232.95,229.86,236.47,227.88,661789,93.9218,2.2794,0.024269126017601873
143,2020-08-07,228.32,222.37,231.85,219.07,990808,92.702,2.2498,0.024269163556341827
144,2020-08-10,219.95,221.71,224.14,216.87,706242,94.8089,2.3009,0.02426881864466311
145,2020-08-11,222.37,216.64,224.58,216.64,593688,94.8089,2.331,0.02458629938750476
146,2020-08-12,215.98,213.12,218.19,209.37,540787,0.0,2.4028,inf
147,2020-08-13,212.9,213.12,215.32,211.58,375204,0.0,2.4301,inf
148,2020-08-14,212.68,213.56,214.22,209.81,360127,0.0,2.2091,inf
149,2020-08-17,214.44,216.2,217.09,212.24,586477,0.0,2.1982,inf
150,2020-08-18,216.42,216.87,218.41,215.32,405642,0.0,2.2364,inf
151,2020-08-19,217.31,210.92,217.75,210.92,455157,0.0,2.22,inf
152,2020-08-20,209.81,211.8,213.34,207.83,295641,0.0,2.2528,inf
153,2020-08-21,212.24,212.46,213.78,210.04,280974,0.0,2.2473,inf
154,2020-08-24,213.12,216.87,216.87,210.04,391638,0.0,2.19,inf
155,2020-08-25,217.09,217.31,218.63,214.22,383697,0.0,2.1682,inf
156,2020-08-26,215.98,211.8,215.98,208.71,499197,0.0,2.1655,inf
157,2020-08-27,210.7,207.39,211.14,204.53,628704,0.0,2.2337,inf
158,2020-08-28,205.63,206.95,207.61,204.31,447231,0.0,2.1791,inf
159,2020-08-31,207.17,204.09,208.93,203.87,402582,0.0,2.1955,inf
160,2020-09-01,204.75,207.17,207.39,201.66,411074,0.0,2.1328,inf
161,2020-09-02,207.39,205.19,208.27,204.09,294319,0.0,2.1246,inf
162,2020-09-03,205.19,205.85,208.49,203.87,403005,0.0,2.1028,inf
163,2020-09-04,202.76,203.87,204.09,201.22,285833,0.0,2.1219,inf
164,2020-09-07,203.43,199.24,205.41,199.24,332553,0.0,3.4294,inf
165,2020-09-08,199.68,200.78,201.22,197.7,243497,0.0,3.4598,inf
166,2020-09-09,198.8,195.05,199.46,194.61,350517,0.0,3.5378,inf
167,2020-09-10,196.15,191.31,197.7,190.87,276261,0.0,3.5075,inf
168,2020-09-11,191.09,192.63,193.07,190.43,189649,0.0,3.3991,inf
169,2020-09-14,193.95,195.27,196.15,192.85,210293,0.0,3.4034,inf
170,2020-09-15,195.27,195.05,195.49,193.29,150089,0.0,3.5075,inf
171,2020-09-16,194.83,193.07,196.38,192.19,159196,0.0,3.4121,inf
172,2020-09-17,193.29,192.19,193.95,190.65,215728,0.0,3.4685,inf
173,2020-09-18,191.75,195.27,195.49,191.09,233196,0.0,3.5552,inf
174,2020-09-21,195.49,195.93,197.48,194.61,196555,0.0,3.6072,inf
175,2020-09-22,194.61,194.83,199.46,193.95,297318,0.0,3.6592,inf
176,2020-09-23,195.05,197.92,198.8,193.73,281038,0.0,3.7373,inf
177,2020-09-24,196.6,193.73,197.7,193.07,232727,0.0,3.8543,inf
178,2020-09-25,194.17,192.41,196.6,191.75,182179,0.0,3.8413,inf
179,2020-09-28,192.85,187.34,193.95,186.68,248895,0.0,3.8847,inf
180,2020-09-29,187.56,188.22,188.88,185.58,157623,0.0,4.0061,inf
181,2020-09-30,188.66,187.12,190.87,186.02,154721,0.0,4.0451,inf
182,2020-10-09,189.1,194.83,195.71,189.1,292647,0.0,4.0841,inf
183,2020-10-12,195.27,198.14,198.8,194.61,296018,0.0,4.1275,inf
184,2020-10-13,198.14,198.14,199.46,196.82,216537,0.0,4.0668,inf
185,2020-10-14,197.48,201.22,201.66,195.71,399451,0.0,3.9497,inf
186,2020-10-15,202.54,208.49,210.92,201.66,793972,0.0,4.0364,inf
187,2020-10-16,207.61,208.71,209.15,204.75,438999,0.0,4.0076,inf
188,2020-10-19,208.49,201.22,208.71,201.0,353197,0.0,4.2288,inf
189,2020-10-20,200.56,207.61,208.49,200.12,316805,0.0,4.1204,inf
190,2020-10-21,207.83,204.75,210.7,204.75,291918,0.0,3.9686,inf
191,2020-10-22,203.87,207.17,208.93,202.54,240256,0.0,3.9816,inf
192,2020-10-23,207.17,204.97,209.37,204.31,204665,0.0,3.9469,inf
193,2020-10-26,204.09,204.09,207.61,201.0,262533,0.0,4.1985,inf
194,2020-10-27,203.43,201.22,205.63,200.78,198221,0.0,4.2288,inf
195,2020-10-28,201.44,200.78,202.32,197.7,214627,0.0,4.4153,inf
196,2020-10-29,199.02,202.32,205.63,199.02,332602,0.0,4.0944,inf
197,2020-10-30,202.76,193.73,203.65,193.29,374460,0.0,3.8428,inf
198,2020-11-02,194.17,188.88,195.27,188.0,289561,0.0,3.8168,inf
199,2020-11-03,189.55,192.85,193.95,189.1,203399,0.0,3.9513,inf
200,2020-11-04,192.85,190.87,193.95,190.21,185230,0.0,4.1204,inf
201,2020-11-05,191.53,192.63,193.51,190.21,211452,0.0,4.3113,inf
202,2020-11-06,192.63,190.21,192.85,189.55,204717,0.0,3.9209,inf
203,2020-11-09,189.55,193.73,194.17,189.55,286772,0.0,3.5652,inf
204,2020-11-10,194.39,192.63,196.15,191.75,231238,0.0,3.4395,inf
205,2020-11-11,191.09,189.33,191.97,189.1,212315,0.0,3.4742,inf
206,2020-11-12,189.33,189.55,190.87,188.22,168530,0.0,3.3137,inf
207,2020-11-13,189.55,187.78,189.55,187.34,167633,0.0,3.3831,inf
208,2020-11-16,187.56,188.66,189.33,186.68,164998,0.0,3.2313,inf
209,2020-11-17,187.78,190.65,190.87,186.9,197193,0.0,3.1359,inf
210,2020-11-18,190.87,190.43,191.75,189.55,154873,0.0,3.1315,inf
211,2020-11-19,190.21,189.77,190.21,188.66,132996,0.0,3.1749,inf
212,2020-11-20,189.33,188.88,190.21,188.0,147141,0.0,3.2183,inf
213,2020-11-23,189.55,190.65,190.65,188.22,196102,0.0,3.2486,inf
214,2020-11-24,190.43,188.66,190.43,188.66,171030,0.0,3.266,inf
215,2020-11-25,188.66,186.68,189.33,186.24,231627,0.0,3.2877,inf
216,2020-11-26,185.8,187.12,188.66,185.8,161965,0.0,3.2226,inf
217,2020-11-27,187.12,187.34,188.44,186.46,122445,0.0,3.3137,inf
218,2020-11-30,187.78,191.97,192.63,186.68,391232,0.0,3.253,inf
219,2020-12-01,192.41,192.19,193.73,191.09,255955,0.0,3.253,inf
