,日期,开盘,收盘,最高,最低,成交量,pe,pb,roe
0,2020-01-03,91.74,91.88,92.98,90.91,362889,24.702,1.8075,0.07317221277629342
1,2020-01-06,90.97,93.89,95.55,90.97,476070,23.9181,1.7501,0.07317052775931199
2,2020-01-07,93.82,93.54,95.27,92.71,277297,24.0329,1.7585,0.07317052873352778
3,2020-01-08,93.89,92.78,94.09,92.5,255132,24.5491,1.7963,0.07317172523636305
4,2020-01-09,92.92,93.54,94.37,92.29,277760,24.1667,1.7683,0.07317093355733303
5,2020-01-10,93.54,91.81,93.82,91.32,238009,24.4344,1.7879,0.07317143044232721
6,2020-01-13,91.67,92.29,92.71,91.32,232656,24.224,1.7725,0.07317123513870541
7,2020-01-14,92.78,91.67,93.89,91.6,224296,23.4402,1.7151,0.073169170911511
8,2020-01-15,91.67,91.04,92.43,90.42,269241,23.3063,1.7053,0.0731690572935215
9,2020-01-16,91.11,91.67,92.01,90.28,175157,23.0578,1.6872,0.07317263572413674
10,2020-01-17,92.15,90.97,93.47,90.49,279006,21.7768,1.5934,0.07316961169685168
11,2020-01-20,90.63,91.74,92.29,90.28,229282,22.4842,1.6452,0.07317138257087198
12,2020-01-21,91.94,88.62,91.94,88.34,318021,22.446,1.6424,0.0731711663548071
13,2020-01-22,88.34,88.69,88.9,86.19,253229,22.5224,1.648,0.07317159805349341
14,2020-01-23,87.65,86.4,88.27,85.71,268618,23.0769,1.6886,0.07317273983940652
15,2020-02-03,78.22,78.22,79.47,78.22,358350,23.4784,1.7179,0.07316938121848167
16,2020-02-04,75.59,77.95,79.96,75.59,341884,23.1916,1.6969,0.07316873350695942
17,2020-02-05,78.29,80.93,81.48,77.81,321430,22.1592,1.6214,0.07317051157081483
18,2020-02-06,81.48,81.62,81.9,80.16,217079,22.9048,1.676,0.07317243547204079
19,2020-02-07,81.76,80.37,81.76,79.19,306247,22.6563,1.6578,0.0731717005865918
20,2020-02-10,79.33,81.41,81.48,79.26,240681,22.5416,1.6494,0.07317138091351102
21,2020-02-11,81.69,81.13,82.24,80.44,208002,22.3886,1.6382,0.07317116746915842
22,2020-02-12,80.65,82.17,83.0,80.37,334560,22.1401,1.62,0.07317040121770002
23,2020-02-13,81.9,81.41,83.7,81.06,213456,22.8857,1.6746,0.07317233031980669
24,2020-02-14,81.55,81.06,81.55,80.09,214987,20.8017,1.5649,0.07522942836402793
25,2020-02-17,80.99,83.42,83.56,80.99,416946,21.2797,1.6009,0.0752313237498649
26,2020-02-18,83.28,83.28,83.84,82.1,247950,21.9297,1.6498,0.07523130731382553
27,2020-02-19,83.56,83.77,84.88,82.87,345663,21.3753,1.6081,0.07523169265460602
28,2020-02-20,84.11,85.43,85.71,83.14,357499,20.7826,1.5635,0.07523120302560796
29,2020-02-21,85.08,84.32,85.36,84.11,374312,20.8017,1.5649,0.07522942836402793
30,2020-02-24,83.77,83.21,83.77,81.83,337302,21.7003,1.6325,0.07522937470910541
31,2020-02-25,81.69,81.2,82.38,79.12,445953,21.5474,1.621,0.07522949404568532
32,2020-02-26,80.3,80.93,82.1,79.4,455968,22.2356,1.6728,0.07523071111191063
33,2020-02-27,80.93,80.99,81.62,80.3,322414,23.8225,1.7922,0.07523139888760624
34,2020-02-28,79.4,77.74,79.4,77.04,467790,22.9431,1.726,0.07522958972414363
35,2020-03-02,77.81,80.72,80.99,77.81,318115,20.8591,1.5692,0.07522855732030624
36,2020-03-03,81.69,79.82,82.8,79.33,401057,20.5532,1.5462,0.07522916139579239
37,2020-03-04,79.33,79.68,79.82,78.43,224451,20.3046,1.5275,0.07522925839464949
38,2020-03-05,80.37,82.73,82.73,80.02,524836,19.559,1.4714,0.07522879492816606
39,2020-03-06,81.62,80.79,82.1,80.51,342818,19.1001,1.4369,0.07522997261794441
40,2020-03-09,78.64,77.6,79.47,77.6,451385,19.0236,1.4312,0.07523286864736434
41,2020-03-10,76.49,78.5,78.5,75.8,387639,18.9471,1.4254,0.07523051021000576
42,2020-03-11,78.92,77.67,78.92,77.6,281403,18.9471,1.4254,0.07523051021000576
43,2020-03-12,76.91,75.66,76.91,75.52,264162,19.3104,1.4527,0.07522889220316513
44,2020-03-13,71.71,73.65,74.69,70.81,352577,19.1192,1.4384,0.07523327335871793
45,2020-03-16,73.93,70.95,74.27,70.6,256287,19.5972,1.4743,0.07523013491723307
46,2020-03-17,70.88,68.52,71.85,66.72,315483,19.7884,1.4887,0.07523094338097067
47,2020-03-18,69.0,68.8,70.46,68.24,273363,19.6546,1.4786,0.07522920842957882
48,2020-03-19,68.52,68.45,68.94,66.65,281523,19.7502,1.4858,0.07522961792791973
49,2020-03-20,68.52,70.32,70.88,68.31,267609,19.9605,1.5016,0.07522857643846598
50,2020-03-23,69.14,68.1,69.84,67.76,167051,20.0752,1.5103,0.07523212720172152
51,2020-03-24,69.28,68.87,69.91,67.34,203651,19.884,1.4959,0.07523134178233756
52,2020-03-25,70.67,73.65,74.27,69.56,454495,18.8898,1.4211,0.07523107708922275
53,2020-03-26,72.89,71.98,73.72,71.78,196014,19.3869,1.4585,0.07523121282928162
54,2020-03-27,72.89,72.26,73.37,72.05,160025,19.7884,1.4887,0.07523094338097067
55,2020-03-30,71.57,70.88,71.57,70.25,115502,19.406,1.4599,0.07522931052251881
56,2020-03-31,71.5,70.67,72.05,70.32,97736,19.5972,1.4743,0.07523013491723307
57,2020-04-01,72.05,70.6,72.68,70.53,190452,19.6163,1.4758,0.0752333518553448
58,2020-04-02,70.95,70.88,71.22,69.84,178585,19.9796,1.5031,0.07523173637109852
59,2020-04-03,70.95,71.01,71.71,70.67,139706,20.1708,1.5175,0.07523251432764194
60,2020-04-07,72.4,73.44,73.58,72.19,253138,20.8782,1.5707,0.07523158126658429
61,2020-04-08,73.79,74.83,75.73,73.44,318866,22.0445,1.5814,0.07173671437319966
62,2020-04-09,75.52,74.27,75.66,74.13,184600,21.1841,1.5196,0.07173304506681898
63,2020-04-10,74.48,73.16,74.9,72.75,154424,21.0885,1.5128,0.07173578016454465
64,2020-04-13,73.09,73.44,73.99,72.4,92188,21.6621,1.5539,0.07173358077010078
65,2020-04-14,73.72,74.97,75.03,73.02,216814,21.8341,1.5663,0.07173641230918609
66,2020-04-15,74.97,73.93,75.03,73.72,157651,21.6621,1.5539,0.07173358077010078
67,2020-04-16,73.58,74.27,74.34,72.96,149326,21.8533,1.5676,0.07173287329602394
68,2020-04-17,74.48,73.93,75.03,73.65,175084,22.1209,1.5868,0.07173306691861543
69,2020-04-20,74.41,73.79,74.48,73.3,150712,22.771,1.6335,0.071735979974529
70,2020-04-21,73.3,72.4,73.37,71.92,172891,23.0195,1.6513,0.07173483351071917
71,2020-04-22,71.98,73.65,73.72,71.78,150114,22.3886,1.606,0.07173293551182298
72,2020-04-23,73.93,73.51,74.2,73.09,139207,22.5989,1.6211,0.07173357995300655
73,2020-04-24,73.79,72.4,73.86,72.05,133958,22.4268,1.6088,0.07173560204755025
74,2020-04-27,72.75,72.96,73.93,72.47,120474,22.9239,1.7179,0.07493925553679784
75,2020-04-28,73.09,72.26,73.37,70.04,173497,23.2872,1.7451,0.07493816345460168
76,2020-04-29,73.37,71.29,73.37,71.01,214112,23.4593,1.758,0.07493829739165278
77,2020-04-30,71.98,73.99,74.48,71.64,313667,23.6122,1.7695,0.0749400733519113
78,2020-05-06,73.86,76.49,77.25,73.37,535953,24.4535,1.8326,0.07494223730754289
79,2020-05-07,76.97,76.14,77.6,75.66,290127,24.4344,1.8311,0.07493942965654977
80,2020-05-08,76.28,76.49,76.77,75.8,229442,25.0653,1.8784,0.07494025605119428
81,2020-05-11,76.77,76.21,77.46,75.8,227856,24.855,1.8626,0.07493864413598873
82,2020-05-12,76.28,75.66,76.49,74.83,250227,22.6563,1.6979,0.07494162771502848
83,2020-05-13,75.31,76.07,76.49,74.69,258886,20.5914,1.5431,0.07493905222568645
84,2020-05-14,76.14,74.41,76.28,74.13,234494,20.1899,1.513,0.07493845932867423
85,2020-05-15,74.76,73.02,75.03,72.96,282208,20.2855,1.5202,0.07494022824184762
86,2020-05-18,74.06,74.13,76.42,73.79,419295,20.8973,1.566,0.07493791063917347
87,2020-05-19,75.52,74.83,75.73,73.99,259966,21.815,1.6348,0.07493926197570479
88,2020-05-20,74.27,73.79,74.55,73.44,209824,21.1267,1.5832,0.07493834815659804
89,2020-05-21,73.99,73.09,74.06,72.54,263536,20.9164,1.5675,0.07494119446941155
90,2020-05-22,73.16,71.78,73.16,71.43,188246,21.0885,1.5804,0.0749413187282168
91,2020-05-25,71.78,71.98,72.54,71.29,102677,19.9413,1.4944,0.07493994874958002
92,2020-05-26,72.05,72.33,72.54,71.98,135917,19.8266,1.4858,0.07493972743687774
93,2020-05-27,72.33,70.74,72.47,70.53,215039,20.534,1.5388,0.07493912535307296
94,2020-05-28,71.08,70.04,71.5,69.63,171168,21.5282,1.6133,0.07493891732704082
95,2020-05-29,69.98,70.53,70.6,69.63,168133,21.9106,1.642,0.07494089618723358
96,2020-06-01,70.53,71.78,71.98,70.53,255908,21.2606,1.5933,0.07494144097532525
97,2020-06-02,71.71,72.19,72.33,71.57,211580,21.9106,1.642,0.07494089618723358
98,2020-06-03,72.33,71.43,72.61,71.36,301945,21.0311,1.5761,0.07494139631307921
99,2020-06-04,71.78,71.36,71.98,70.88,212333,20.8208,1.5603,0.07493948359332975
100,2020-06-05,72.33,72.33,73.99,71.85,402017,20.7635,1.556,0.07493919618561418
101,2020-06-08,72.61,75.1,75.87,72.47,605746,19.7119,1.4772,0.07493950354861785
102,2020-06-09,75.17,74.48,75.52,73.99,393848,19.5207,1.4629,0.07494096010901248
103,2020-06-10,74.55,74.76,74.83,73.09,415723,19.1383,1.4342,0.07493873541537126
104,2020-06-11,74.41,74.83,75.1,73.79,384796,19.0619,1.4285,0.07494006368725048
105,2020-06-12,73.51,76.7,76.97,73.3,707061,19.081,1.4299,0.07493842041821708
106,2020-06-15,76.0,76.7,77.32,75.38,419823,19.081,1.4299,0.07493842041821708
107,2020-06-16,77.04,76.21,77.6,75.66,339777,19.1001,1.4314,0.07494201601038737
108,2020-06-17,76.21,75.38,76.35,74.83,267704,19.3295,1.4486,0.07494244548488063
109,2020-06-18,75.38,75.38,75.87,74.69,192352,19.3486,1.45,0.07494082259181542
110,2020-06-19,75.24,74.97,75.52,74.83,239629,19.4634,1.4586,0.07494065785011868
111,2020-06-22,74.9,74.9,75.45,74.34,255766,19.4634,1.4586,0.07494065785011868
112,2020-06-23,75.03,74.06,75.1,73.72,251283,19.6928,1.4758,0.07494109522261944
113,2020-06-24,74.13,73.99,74.83,73.79,238208,19.8266,1.4858,0.07493972743687774
114,2020-06-29,73.79,73.99,75.17,73.23,297561,19.8266,1.4858,0.07493972743687774
115,2020-06-30,74.13,73.93,74.76,73.58,308749,19.3104,1.4471,0.07493889303173419
116,2020-07-01,73.93,74.2,74.27,73.58,349870,19.2913,1.4457,0.07494051722797324
117,2020-07-02,74.27,75.59,76.42,74.2,718528,19.2148,1.44,0.07494223202947728
118,2020-07-03,75.94,76.28,76.97,75.24,567159,19.3869,1.4529,0.07494235798399951
119,2020-07-06,76.97,80.09,80.37,76.91,896213,18.6221,1.3955,0.07493784267080512
120,2020-07-07,80.79,80.3,81.9,78.78,862950,18.3544,1.3755,0.07494115852329687
121,2020-07-08,80.23,81.06,81.55,79.05,744011,18.3736,1.3769,0.07493904297470283
122,2020-07-09,81.27,84.25,84.25,80.93,1048727,18.5839,1.3927,0.07494121255495348
123,2020-07-10,83.77,81.9,83.84,81.9,799820,18.4692,1.3841,0.07494098282546077
124,2020-07-13,82.1,84.25,84.81,81.69,747777,18.125,1.3583,0.07494068965517242
125,2020-07-14,84.25,82.87,84.25,81.2,773462,17.9912,1.3483,0.07494219396149229
126,2020-07-15,82.8,79.26,82.8,78.85,820308,18.1824,1.3626,0.07494060190073917
127,2020-07-16,78.98,76.7,80.37,76.49,586791,18.6221,1.3955,0.07493784267080512
128,2020-07-17,76.91,77.11,77.67,76.07,410771,18.5265,1.3884,0.0749413002995709
129,2020-07-20,77.46,81.27,81.27,77.46,604163,18.4692,1.3841,0.07494098282546077
130,2020-07-21,81.41,80.65,81.55,79.54,375523,18.8324,1.4113,0.0749399970264013
131,2020-07-22,80.37,81.41,81.9,79.68,477690,19.0236,1.4256,0.0749384974452785
132,2020-07-23,80.72,83.91,84.04,80.09,1013864,19.3104,1.4471,0.07493889303173419
133,2020-07-24,83.14,80.58,83.49,79.4,630855,19.1192,1.4328,0.07494037407422906
134,2020-07-27,80.65,78.36,81.06,77.32,596241,18.8133,1.4099,0.07494166361031822
135,2020-07-28,78.85,78.01,78.85,77.18,460363,19.1957,1.4385,0.0749386581369786
136,2020-07-29,77.74,79.47,79.96,76.7,597380,19.6546,1.4729,0.07493919998371884
137,2020-07-30,79.61,86.95,86.95,77.95,1767061,19.5398,1.4643,0.074939354548153
138,2020-07-31,90.07,94.93,95.2,90.07,3232130,19.6928,1.4758,0.07494109522261944
139,2020-08-03,93.19,95.69,99.43,92.57,2591963,19.7693,1.4815,0.07493942628216477
140,2020-08-04,94.93,93.4,95.41,91.46,1676632,19.6737,1.4744,0.07494268998714018
141,2020-08-05,93.12,93.47,93.75,91.46,1055304,19.7693,1.4815,0.07493942628216477
142,2020-08-06,93.61,90.42,93.61,88.55,1242631,19.081,1.4299,0.07493842041821708
143,2020-08-07,89.59,89.87,91.32,87.65,813261,18.3353,1.3741,0.07494286976487977
144,2020-08-10,88.69,89.24,89.94,88.06,632450,18.603,1.4333,0.07704671289576949
145,2020-08-11,89.31,87.93,91.04,87.65,780522,18.7942,1.4481,0.07705036660246246
146,2020-08-12,88.06,87.23,88.9,86.47,838938,18.6412,1.4363,0.0770497607450164
147,2020-08-13,87.44,87.86,89.94,87.09,586997,18.9471,1.4598,0.07704609148629606
148,2020-08-14,87.58,87.09,87.72,84.81,586486,18.9854,1.4628,0.07704867951162474
149,2020-08-17,87.37,89.38,89.8,86.68,709063,18.6412,1.4363,0.0770497607450164
150,2020-08-18,89.45,88.48,89.94,87.99,535022,19.0236,1.4657,0.07704640551735739
151,2020-08-19,88.48,86.12,88.55,85.71,565291,19.0619,1.4687,0.07704898252535161
152,2020-08-20,85.5,85.15,86.82,84.81,406327,19.1575,1.476,0.0770455435208143
153,2020-08-21,85.98,84.46,86.54,84.11,378898,19.0619,1.4687,0.07704898252535161
154,2020-08-24,84.46,85.08,85.36,83.84,326366,19.3486,1.4908,0.07704950228957133
155,2020-08-25,85.08,84.46,86.4,84.25,351836,18.928,1.4584,0.07704987320371935
156,2020-08-26,84.39,82.38,84.46,82.24,381279,18.8515,1.4525,0.07704957165212316
157,2020-08-27,82.8,82.73,83.21,81.83,298803,19.1575,1.476,0.0770455435208143
158,2020-08-28,82.87,85.85,85.85,82.59,541316,19.3104,1.4878,0.07704656558124119
159,2020-08-31,83.21,81.62,83.49,79.26,1083992,18.928,1.4584,0.07704987320371935
160,2020-09-01,80.79,79.05,81.27,78.15,971005,18.2589,1.4068,0.07704735772691673
161,2020-09-02,79.19,78.36,79.4,77.32,664395,18.2206,1.4039,0.07705015202572911
162,2020-09-03,78.43,77.04,78.5,76.7,519748,18.1441,1.398,0.07704983989285773
163,2020-09-04,75.94,76.97,77.04,75.59,376896,12.4784,1.4422,0.11557571483523528
164,2020-09-07,76.97,76.28,77.6,75.94,420020,12.5178,1.4468,0.11557941491316366
165,2020-09-08,76.49,77.67,77.67,75.73,393072,12.7805,1.4771,0.11557450803959157
166,2020-09-09,76.97,76.21,77.32,75.87,369390,12.728,1.4711,0.11557982401005658
167,2020-09-10,76.63,74.41,76.91,74.27,447304,13.0432,1.5075,0.11557746565260059
168,2020-09-11,73.99,78.01,78.71,73.93,721262,12.1369,1.4027,0.11557316942547108
169,2020-09-14,78.01,78.71,80.44,77.74,784058,11.9924,1.386,0.1155731963576932
170,2020-09-15,78.71,78.29,78.71,77.46,308514,12.4127,1.4346,0.1155751770364224
171,2020-09-16,78.08,77.53,78.78,77.11,260532,12.0581,1.3936,0.11557376369411433
172,2020-09-17,77.67,77.18,78.57,76.7,343676,12.1238,1.4012,0.11557432488163778
173,2020-09-18,77.04,77.6,77.81,76.28,335440,12.0712,1.3952,0.11558088673868382
174,2020-09-21,78.01,76.97,78.29,76.84,279285,12.531,1.4483,0.11557736812704492
175,2020-09-22,76.28,75.24,76.42,75.1,394094,13.0432,1.5075,0.11557746565260059
176,2020-09-23,75.45,75.94,76.28,75.03,269602,13.4242,1.5515,0.11557485734717897
177,2020-09-24,75.31,74.62,75.59,74.55,258171,13.8051,1.5955,0.1155732301830483
178,2020-09-25,74.9,74.62,75.1,74.27,157373,13.9627,1.6138,0.11557936502252429
179,2020-09-28,74.9,74.9,75.73,74.62,201798,13.7919,1.594,0.11557508392607256
180,2020-09-29,75.45,75.17,75.73,74.9,221658,14.3962,1.6639,0.11557911115433239
181,2020-09-30,75.52,76.84,77.95,75.03,470488,14.7639,1.7064,0.11557921687359031
182,2020-10-09,81.13,79.54,81.83,79.4,923313,14.186,1.6396,0.11557873960242493
183,2020-10-12,80.44,80.44,81.55,79.89,747591,14.2123,1.6426,0.11557594478022558
184,2020-10-13,80.44,81.55,82.8,79.26,601278,14.383,1.6623,0.1155739414586665
185,2020-10-14,83.56,89.1,89.1,82.52,1548417,13.8182,1.5971,0.11557945318493003
186,2020-10-15,93.68,92.29,95.62,91.32,3303304,14.4356,1.6684,0.11557538308071712
187,2020-10-16,91.88,86.54,92.57,86.12,2083452,14.4224,1.6669,0.11557715775460395
188,2020-10-19,86.61,84.04,87.16,83.77,1172940,14.475,1.673,0.11557858376511226
189,2020-10-20,84.18,84.6,84.81,83.07,806843,14.8559,1.717,0.11557697615088955
190,2020-10-21,84.39,81.34,84.46,80.93,1055437,15.0661,1.7413,0.11557735578550521
191,2020-10-22,80.58,81.27,81.96,80.3,584229,15.2762,1.7656,0.11557848155955015
192,2020-10-23,80.99,83.42,85.64,80.99,1078324,14.961,1.7291,0.11557382527905889
193,2020-10-26,83.21,85.43,86.12,80.93,903285,14.869,1.7185,0.1155760306678324
194,2020-10-27,83.91,83.07,84.32,81.83,596276,14.8953,1.7215,0.11557336878075634
195,2020-10-28,83.21,81.34,83.49,79.47,735150,14.4487,1.6699,0.11557441153875435
196,2020-10-29,81.9,88.9,88.9,81.9,1665544,14.5144,1.6775,0.11557487736317036
197,2020-10-30,89.59,86.19,89.59,85.15,1407130,14.6589,1.6942,0.1155748384940207
198,2020-11-02,87.3,87.09,87.99,85.08,1112441,14.4618,1.6715,0.1155803565254671
199,2020-11-03,87.09,87.65,88.76,86.4,930735,14.5144,1.6775,0.11557487736317036
200,2020-11-04,87.58,88.06,89.52,86.89,805523,14.3173,1.6548,0.11558045162146495
201,2020-11-05,89.52,88.96,90.84,86.89,1033985,14.5538,1.6821,0.11557806208687764
202,2020-11-06,90.14,86.26,90.42,85.5,934818,14.4224,1.6669,0.11557715775460395
203,2020-11-09,87.65,90.0,91.88,87.3,1185184,13.8576,1.6016,0.11557556864103452
204,2020-11-10,90.63,91.04,92.01,89.1,1096820,13.9102,1.6077,0.11557705856134347
205,2020-11-11,92.5,89.59,92.71,89.24,765835,15.4601,1.7868,0.11557493159811384
206,2020-11-12,89.38,87.58,89.8,86.61,688215,15.8936,1.8369,0.1155748225700911
207,2020-11-13,86.82,87.3,87.79,85.5,465621,15.8804,1.8354,0.11557643384297624
208,2020-11-16,87.37,87.44,88.13,85.71,474086,16.4715,1.9037,0.115575387791033
209,2020-11-17,87.44,84.88,87.44,84.11,610982,16.327,1.887,0.1155754272064678
210,2020-11-18,84.88,89.52,90.63,84.39,1138613,16.4584,1.9022,0.11557624070383511
211,2020-11-19,88.96,90.42,91.39,88.69,897519,16.3402,1.8885,0.11557386078505771
212,2020-11-20,91.39,90.91,91.6,89.24,631443,16.4584,1.9022,0.11557624070383511
213,2020-11-23,90.91,93.75,94.09,89.8,1126281,16.5766,1.9159,0.11557858668243186
214,2020-11-24,94.3,94.51,94.93,92.36,824548,16.4847,1.9052,0.11557383513197085
215,2020-11-25,95.13,93.54,97.97,93.19,1193556,16.813,1.9432,0.11557723190388391
216,2020-11-26,94.65,94.93,96.24,93.4,643883,16.6685,1.9265,0.11557728649848516
217,2020-11-27,94.93,93.05,94.93,91.74,674368,16.813,1.9432,0.11557723190388391
218,2020-11-30,93.61,92.64,94.93,92.08,578819,16.8787,1.9508,0.1155776214992861
219,2020-12-01,91.88,95.48,96.1,91.18,741387,16.4978,1.9068,0.11557904690322345
