,日期,开盘,收盘,最高,最低,成交量,pe,pb,roe
0,2020-01-03,458.41,454.54,462.67,451.57,440194,104.6381,7.1274,0.06811476890348736
1,2020-01-06,449.89,481.13,492.88,448.73,1243364,102.5454,6.9848,0.06811422062813154
2,2020-01-07,481.01,481.52,482.43,474.55,497330,102.76,6.9995,0.0681150253016738
3,2020-01-08,477.65,472.49,480.36,472.23,471254,102.3039,6.9684,0.06811470530448986
4,2020-01-09,479.33,478.81,482.68,474.94,464840,103.0283,7.0177,0.06811429481026086
5,2020-01-10,477.65,475.2,486.17,471.97,395859,104.343,7.1073,0.06811477530835801
6,2020-01-13,476.36,484.62,488.36,474.42,501022,110.2725,7.5112,0.06811489718651523
7,2020-01-14,486.04,477.0,487.07,476.36,374737,109.7896,7.4783,0.06811483054861299
8,2020-01-15,475.84,475.45,480.88,469.26,343199,109.7091,7.4728,0.06811467781615199
9,2020-01-16,475.45,475.97,481.65,473.78,328341,109.6822,7.471,0.06811497216503681
10,2020-01-17,478.42,471.32,479.07,470.03,312487,109.6018,7.4655,0.0681147572393884
11,2020-01-20,471.84,479.84,481.26,466.93,413089,113.197,7.7104,0.0681148793695946
12,2020-01-21,479.2,472.23,484.1,471.58,349755,114.2971,7.7853,0.0681145890840625
13,2020-01-22,470.03,482.94,484.49,468.61,509162,118.0533,8.0411,0.0681141484397302
14,2020-01-23,476.49,461.38,479.59,451.18,649700,107.3212,7.3101,0.06811422160766
15,2020-02-03,415.94,419.56,441.5,415.94,965166,110.8896,7.5532,0.0681145932531094
16,2020-02-04,427.3,460.87,460.87,426.66,1066965,111.8823,7.6208,0.06811443811934506
17,2020-02-05,471.71,500.11,506.31,461.51,1592542,110.2457,7.5093,0.06811422123493252
18,2020-02-06,501.79,514.44,515.34,495.08,1309917,108.7968,7.4106,0.06811413570987382
19,2020-02-07,509.02,508.76,520.9,498.95,1074613,107.4285,7.3174,0.06811414103333846
20,2020-02-10,511.99,510.83,519.6,498.95,843043,107.8578,7.3467,0.06811468433437359
21,2020-02-11,515.73,495.46,519.35,493.66,834441,107.8041,7.343,0.06811429249907934
22,2020-02-12,496.11,514.44,515.09,492.49,1045694,102.0624,6.9519,0.06811421248177586
23,2020-02-13,511.86,503.08,517.02,500.24,746580,102.2771,6.9666,0.06811495437395076
24,2020-02-14,500.24,502.31,512.38,498.3,625187,101.9551,6.9446,0.0681142973720785
25,2020-02-17,502.31,517.54,519.09,501.53,949270,96.75,6.5901,0.06811472868217054
26,2020-02-18,519.73,524.12,530.19,512.25,970618,94.7109,6.6198,0.06989480619442957
27,2020-02-19,519.73,506.18,519.73,505.66,844779,93.2353,6.5167,0.06989520063752679
28,2020-02-20,509.02,510.7,514.05,499.59,616137,93.2084,6.5148,0.06989498800537292
29,2020-02-21,511.21,540.78,552.14,511.21,1434691,93.2621,6.5186,0.06989548809216177
30,2020-02-24,549.17,554.46,564.66,540.9,1154102,95.489,6.6742,0.06989496172333985
31,2020-02-25,541.94,549.3,550.97,520.12,1177992,94.8451,6.6292,0.06989501829825684
32,2020-02-26,536.39,520.64,538.84,515.73,916769,95.5695,6.6798,0.06989468397344341
33,2020-02-27,522.96,536.26,547.1,512.5,911076,96.1866,6.723,0.06989539083406629
34,2020-02-28,515.6,505.27,528.9,504.11,897721,97.7428,6.8317,0.06989466231783824
35,2020-03-02,521.54,533.55,539.23,512.12,872314,98.3599,6.8749,0.06989535369596757
36,2020-03-03,545.42,572.53,586.22,539.74,1893051,96.8842,6.7717,0.06989478160525658
37,2020-03-04,565.82,565.56,580.79,547.75,1255718,95.3549,6.6648,0.06989467767256848
38,2020-03-05,581.57,559.62,583.89,549.04,1031002,91.9474,6.4267,0.06989539671594847
39,2020-03-06,547.75,547.36,557.69,542.2,680727,92.5377,6.4679,0.06989475640738856
40,2020-03-09,531.48,520.25,538.58,517.8,807786,91.3572,6.3854,0.06989487418616157
41,2020-03-10,515.47,538.71,538.97,513.15,782285,92.6182,6.4735,0.06989446998538083
42,2020-03-11,541.42,522.19,546.07,520.64,649420,92.4304,6.4604,0.06989475324135781
43,2020-03-12,510.57,503.34,511.6,496.37,677961,93.906,6.5636,0.06989542734223585
44,2020-03-13,471.84,501.66,512.38,471.84,671191,93.8524,6.5598,0.06989485617842485
45,2020-03-16,505.4,473.13,505.4,469.39,653985,96.1061,6.7173,0.0698946268759215
46,2020-03-17,479.33,475.58,484.36,455.06,576743,95.4622,6.6723,0.06989468082654705
47,2020-03-18,479.33,467.06,490.82,466.16,551507,94.0402,6.5729,0.06989457700004892
48,2020-03-19,469.26,478.42,482.43,457.51,565159,94.3085,6.5917,0.06989507838635967
49,2020-03-20,484.88,474.81,487.33,470.55,417055,94.1743,6.5823,0.06989486515960298
50,2020-03-23,458.93,455.57,467.45,450.02,466734,93.9865,6.5692,0.06989514451543573
51,2020-03-24,464.87,465.13,467.84,452.6,398595,93.1011,6.5073,0.06989498512906936
52,2020-03-25,475.71,471.71,477.91,467.97,419813,92.7255,6.481,0.06989447347277718
53,2020-03-26,466.68,469.39,480.1,465.39,364477,93.5572,6.5392,0.06989520849277234
54,2020-03-27,479.97,471.71,482.17,470.81,477934,97.5281,6.8167,0.06989472777589228
55,2020-03-30,464.09,452.86,464.09,446.41,431045,96.7232,6.7605,0.06989533017931582
56,2020-03-31,458.93,451.96,460.35,449.12,234596,99.2184,6.9349,0.06989530167791458
57,2020-04-01,451.96,452.48,460.22,447.31,262929,99.8892,6.9818,0.06989544415212054
58,2020-04-02,451.18,464.87,465.13,449.25,335181,102.4112,7.158,0.06989469901729499
59,2020-04-03,463.32,456.35,464.61,454.28,282061,102.921,7.1937,0.06989535663275716
60,2020-04-07,466.81,469.0,471.32,463.19,411962,101.1234,7.068,0.0698948017966168
61,2020-04-08,464.61,466.55,471.07,463.84,271553,100.6673,7.0361,0.06989459337838604
62,2020-04-09,471.19,483.97,486.04,467.19,600200,99.9428,6.9855,0.0698949799285191
63,2020-04-10,486.04,468.74,486.69,466.81,443556,99.6209,6.963,0.06989497183823876
64,2020-04-13,464.09,458.03,464.09,454.8,259990,102.3039,7.1505,0.06989469609662975
65,2020-04-14,447.57,459.83,460.22,447.44,399534,102.5722,7.1693,0.06989515677737243
66,2020-04-15,459.19,455.19,463.45,454.02,267579,104.2357,7.7091,0.07395834632472369
67,2020-04-16,453.77,451.44,456.61,448.86,285817,100.2648,7.4154,0.0739581587955095
68,2020-04-17,456.48,454.15,461.0,452.22,321753,101.5527,7.5107,0.07395864413255383
69,2020-04-20,455.7,459.32,459.7,453.64,245723,103.5113,7.6555,0.07395810892144142
70,2020-04-21,458.41,452.99,458.41,446.8,275658,104.6381,7.7389,0.0739587205807445
71,2020-04-22,451.18,462.16,462.67,448.73,378032,103.1625,7.6297,0.07395807585120562
72,2020-04-23,462.16,455.19,462.67,454.8,240352,98.1989,7.2626,0.07395805859332437
73,2020-04-24,453.9,442.66,457.9,442.41,342406,97.5818,7.217,0.07395846356595184
74,2020-04-27,442.66,430.53,444.08,426.66,444794,98.655,7.2964,0.07395874512188941
75,2020-04-28,430.4,430.01,430.53,405.61,439334,102.1161,7.5524,0.07395895456250287
76,2020-04-29,425.37,423.69,430.92,423.56,164472,101.9283,7.5385,0.07395885146715878
77,2020-04-30,427.95,436.73,439.57,427.95,325663,103.8332,7.6794,0.07395900347865615
78,2020-05-06,431.69,444.21,445.63,430.27,361388,100.399,7.4254,0.07395890397314714
79,2020-05-07,444.73,444.73,450.54,441.12,283520,100.5331,7.4353,0.07395872603152592
80,2020-05-08,446.8,449.51,455.57,446.8,336557,101.2844,7.4908,0.07395808238978559
81,2020-05-11,456.09,452.99,456.99,448.73,290259,98.2525,7.2666,0.073958423449785
82,2020-05-12,453.77,447.96,454.02,442.02,233206,97.2062,7.1892,0.07395824546170923
83,2020-05-13,447.96,446.67,448.09,443.05,171994,99.7014,7.3738,0.07395884109952318
84,2020-05-14,444.86,444.6,449.64,444.34,147022,96.5891,7.1436,0.07395865579035316
85,2020-05-15,445.25,438.53,446.54,434.27,286855,96.4549,7.1337,0.0739589175873906
86,2020-05-18,438.79,435.95,443.18,431.69,265789,96.4549,7.1337,0.0739589175873906
87,2020-05-19,441.12,454.15,454.41,439.18,480879,99.8892,7.3877,0.0739589465127361
88,2020-05-20,453.38,449.76,458.03,447.57,319981,102.0088,7.5444,0.0739583251641035
89,2020-05-21,453.12,431.43,454.15,430.79,405893,101.9283,7.5385,0.07395885146715878
90,2020-05-22,431.69,425.37,434.79,422.91,223335,101.338,7.4948,0.07395843612465215
91,2020-05-25,425.62,414.39,427.04,411.55,279600,99.916,7.3896,0.07395812482485288
92,2020-05-26,416.97,422.78,423.04,416.97,196149,99.3526,7.348,0.07395880933161286
93,2020-05-27,423.43,416.33,423.43,414.39,223193,104.1015,7.6992,0.07395858849296119
94,2020-05-28,420.07,417.1,423.56,412.46,204061,107.0529,7.9175,0.07395876244361434
95,2020-05-29,413.88,419.56,422.78,413.49,191645,111.5604,8.2508,0.07395814285355735
96,2020-06-01,422.78,432.34,433.89,421.88,307342,110.353,8.1615,0.07395811622701694
97,2020-06-02,433.63,436.73,440.99,429.37,308805,113.7604,8.4136,0.07395895232435892
98,2020-06-03,449.25,439.05,453.12,437.89,450619,109.8164,8.1219,0.07395889867087248
99,2020-06-04,439.95,436.98,444.21,435.69,217741,108.3944,8.0167,0.07395861778837283
100,2020-06-05,436.73,438.02,441.5,432.85,181144,105.7114,7.8183,0.07395891077026698
101,2020-06-08,440.6,443.44,446.67,440.34,234238,102.3039,7.5662,0.07395807979949934
102,2020-06-09,445.38,441.24,445.38,439.57,158107,101.9551,7.5404,0.07395804623800084
103,2020-06-10,443.18,464.74,467.58,439.82,831201,99.8624,7.3857,0.07395876726375493
104,2020-06-11,466.68,457.12,477.65,454.15,692362,100.4258,7.4273,0.07395808646782003
105,2020-06-12,448.6,457.64,464.74,447.31,481495,97.0988,7.1813,0.07395868949976725
106,2020-06-15,457.25,447.57,458.67,447.44,361387,98.1452,7.2587,0.07395878759226127
107,2020-06-16,452.48,459.83,461.64,450.28,343123,94.7646,7.0086,0.07395799697355342
108,2020-06-17,460.87,460.22,466.93,454.15,325237,95.328,7.0503,0.07395833333333333
109,2020-06-18,458.93,459.96,465.9,457.64,292250,94.4695,6.9868,0.07395826166117106
110,2020-06-19,462.03,462.93,467.06,460.35,304670,93.8524,6.9412,0.07395868406135592
111,2020-06-22,466.68,467.06,471.45,462.93,380028,94.1743,6.8295,0.07251978512184322
112,2020-06-23,467.19,464.35,469.0,461.38,285912,94.0938,6.8236,0.07251912453317859
113,2020-06-24,472.1,480.62,494.43,471.84,703583,91.545,6.6388,0.07251952591621606
114,2020-06-29,480.49,475.58,490.95,473.91,412194,93.6377,6.7906,0.07251993588052676
115,2020-06-30,486.04,491.59,495.59,483.46,595207,93.5304,6.7828,0.07251973689837743
116,2020-07-01,494.17,488.88,495.08,481.91,430699,95.1438,6.8941,0.07245979244049533
117,2020-07-02,490.69,498.95,507.73,486.69,581039,90.2591,6.5401,0.07245917586149207
118,2020-07-03,498.95,500.63,502.18,493.79,413649,90.7154,6.5732,0.0724595823862321
119,2020-07-06,509.28,517.02,522.19,505.4,700616,89.5881,6.4915,0.07245940029981661
120,2020-07-07,526.7,529.93,558.2,526.58,907762,89.3734,6.476,0.07246003844544349
121,2020-07-08,529.93,536.77,540.78,518.31,714296,89.8028,6.5071,0.07245987875656439
122,2020-07-09,536.77,555.75,562.98,533.93,899768,89.3197,6.4721,0.07245993884887657
123,2020-07-10,553.17,539.36,555.75,537.81,684620,88.4072,6.406,0.07246016161579599
124,2020-07-13,537.81,545.16,547.62,536.13,653690,85.7502,6.2134,0.07245930621736159
125,2020-07-14,545.42,523.48,545.94,514.96,870557,85.2402,6.1765,0.07245994260923837
126,2020-07-15,526.06,509.28,530.58,507.34,569783,85.0792,6.1648,0.07245954357821888
127,2020-07-16,509.41,486.43,518.18,483.33,693750,86.4211,6.262,0.07245915638657689
128,2020-07-17,492.49,489.14,497.01,481.65,439123,84.6766,6.1356,0.0724592154148844
129,2020-07-20,495.08,495.98,496.63,474.55,579962,86.9579,6.3009,0.07245920152165589
130,2020-07-21,497.66,498.82,505.4,493.79,417313,88.2194,6.3923,0.072459118969297
131,2020-07-22,496.37,499.21,506.57,493.79,375167,92.0305,6.6685,0.07245967369513368
132,2020-07-23,495.08,489.01,498.69,480.23,427356,92.943,6.7346,0.07245946440291362
133,2020-07-24,486.04,472.49,503.21,469.0,576864,89.1587,6.4604,0.07245955806892654
134,2020-07-27,473.26,472.49,477.65,465.51,287607,89.6955,6.4993,0.07245959942249054
135,2020-07-28,477.13,473.13,478.94,469.13,239370,90.9569,6.5907,0.07245959349977846
136,2020-07-29,473.39,488.11,488.23,471.32,360868,91.3863,6.6218,0.07245943866859693
137,2020-07-30,478.29,476.1,483.46,475.2,400345,91.6547,6.6413,0.07246000477880567
138,2020-07-31,476.75,481.13,486.04,474.81,306984,92.7014,6.7171,0.0724595313555135
139,2020-08-03,483.46,495.72,497.79,483.46,428671,91.9768,6.6646,0.07245957676283585
140,2020-08-04,495.85,492.11,497.4,487.85,289760,90.9838,6.5926,0.07245905315012123
141,2020-08-05,498.05,491.46,498.82,488.11,267137,90.8764,6.5849,0.0724599566003935
142,2020-08-06,493.14,507.99,513.28,490.69,701671,89.3197,6.4721,0.07245993884887657
143,2020-08-07,503.34,498.82,507.08,487.72,462381,86.609,6.2757,0.0724601369372698
144,2020-08-10,496.37,499.72,505.27,492.62,283688,87.9241,6.3709,0.0724590868715176
145,2020-08-11,499.72,483.07,502.69,482.3,344683,88.0315,6.3787,0.0724592901404611
146,2020-08-12,482.81,477.91,482.81,467.97,344511,90.5543,6.5615,0.07245928685882393
147,2020-08-13,480.75,480.88,487.33,477.0,210132,93.1577,6.7502,0.07245992548120016
148,2020-08-14,481.65,504.76,518.31,481.13,859926,94.607,6.8552,0.0724597545636158
149,2020-08-17,504.76,511.86,518.57,498.3,582558,140.0914,6.5262,0.04658530073937444
150,2020-08-18,513.15,506.44,514.18,504.24,326349,142.0788,6.6187,0.04658471214565438
151,2020-08-19,511.34,497.01,511.34,494.56,312703,140.4564,6.5432,0.046585274861095684
152,2020-08-20,496.37,490.82,501.27,488.75,273875,139.6047,6.5035,0.046585107807974944
153,2020-08-21,492.24,509.92,513.15,492.24,616115,140.7809,6.5583,0.0465851546623157
154,2020-08-24,509.28,501.92,510.96,489.53,489419,142.241,6.6263,0.046585021196420155
155,2020-08-25,501.53,500.63,510.31,499.08,332839,141.6732,6.5998,0.04658467515380467
156,2020-08-26,498.95,487.72,505.4,484.88,380838,145.0396,6.7567,0.04658520845341548
157,2020-08-27,488.62,489.27,492.37,479.84,296103,149.8256,6.9796,0.04658482929486015
158,2020-08-28,488.49,492.75,493.66,482.94,257393,144.3501,6.7246,0.04658535047776205
159,2020-08-31,498.82,494.95,507.21,494.56,350497,145.1207,6.7605,0.04658535963511753
160,2020-09-01,494.95,503.6,507.08,493.14,388793,141.1459,6.5753,0.046585129288204616
161,2020-09-02,501.92,501.14,504.5,495.98,285216,143.8228,6.7,0.0465851033354934
162,2020-09-03,499.85,489.01,500.89,488.88,308803,139.9292,6.5186,0.04658498726498829
163,2020-09-04,483.33,485.78,488.62,478.04,298619,139.7669,6.511,0.046584706393287684
164,2020-09-07,485.78,473.78,488.88,471.84,277078,140.0508,6.5243,0.046585239070394455
165,2020-09-08,473.78,477.65,479.07,471.32,184247,145.9725,6.8001,0.04658480193187073
166,2020-09-09,473.39,458.54,473.91,455.57,353137,145.2424,6.7661,0.0465848815497403
167,2020-09-10,462.16,454.54,465.0,451.83,188677,145.9725,6.8001,0.04658480193187073
168,2020-09-11,450.02,456.35,457.64,450.02,133649,143.904,6.7038,0.04658522348232155
169,2020-09-14,461.38,460.61,463.96,456.48,145555,140.9026,6.5639,0.046584662028947656
170,2020-09-15,460.74,461.51,462.67,456.48,130300,146.9459,6.8455,0.04658517182173848
171,2020-09-16,464.22,462.16,464.48,458.93,120812,148.0816,6.8984,0.04658512603861654
172,2020-09-17,461.51,460.87,464.22,455.19,147510,144.5123,6.7321,0.04658496197209511
173,2020-09-18,460.87,467.71,468.61,460.22,157927,147.1893,6.8568,0.04658490800622056
174,2020-09-21,470.55,470.81,477.52,468.87,198292,146.4186,6.8209,0.04658492841756443
175,2020-09-22,469.26,459.96,472.61,458.28,199123,155.3822,7.2385,0.04658513008568549
176,2020-09-23,461.12,460.22,463.19,457.77,101262,155.9095,7.263,0.04658471741619336
177,2020-09-24,457.51,453.12,458.41,451.7,124418,161.8311,7.5389,0.04658498891745777
178,2020-09-25,455.44,454.02,456.86,450.93,100201,167.0227,7.7808,0.046585284515218595
179,2020-09-28,454.41,447.96,457.51,447.83,99600,161.2227,7.5106,0.046585251332473654
180,2020-09-29,450.54,453.64,457.12,450.02,115127,169.7402,7.9073,0.04658472182782865
181,2020-09-30,453.9,450.8,458.03,449.51,118784,173.5933,8.0868,0.04658474722238704
182,2020-10-09,457.9,467.19,469.77,457.77,198513,175.459,8.1738,0.04658524213633954
183,2020-10-12,470.42,474.55,476.62,469.39,234510,177.6492,8.2758,0.04658506765017799
184,2020-10-13,475.71,481.65,483.72,469.65,311549,165.4003,7.7052,0.04658516338845818
185,2020-10-14,478.29,478.68,481.65,475.71,192801,156.5179,7.5704,0.04836763079494422
186,2020-10-15,474.16,471.19,478.17,470.16,178484,166.2521,8.0412,0.048367509342739125
187,2020-10-16,470.29,468.23,473.0,465.26,124824,161.3444,7.8039,0.04836796318930189
188,2020-10-19,473.13,464.74,474.42,464.09,131819,170.3485,8.2394,0.048367904619060334
189,2020-10-20,464.74,467.84,468.1,460.48,95583,171.9709,8.3178,0.048367485429220876
190,2020-10-21,467.84,457.12,467.97,454.41,180491,167.6716,8.1099,0.04836776174378964
191,2020-10-22,458.93,456.86,460.87,455.44,94894,158.2213,7.6528,0.048367697648799494
192,2020-10-23,456.86,456.99,461.12,455.83,101616,156.8018,7.5841,0.048367429455529215
193,2020-10-26,456.99,464.09,467.97,453.51,175245,162.4395,7.8568,0.04836754607099874
194,2020-10-27,470.81,473.91,482.55,470.68,361630,160.371,7.7568,0.048367847054642046
195,2020-10-28,475.2,498.95,500.11,475.2,848572,155.585,7.5253,0.04836777324292187
196,2020-10-29,493.91,500.5,507.73,492.24,694292,155.8284,7.5371,0.04836794833290979
197,2020-10-30,500.37,499.47,512.63,498.69,671251,159.3976,7.7097,0.04836772950157342
198,2020-11-02,504.11,527.09,528.64,504.11,920639,153.4354,7.4213,0.04836758661951544
199,2020-11-03,527.35,527.35,533.42,521.02,665699,158.2619,7.6548,0.04836792683520165
200,2020-11-04,527.48,525.28,532.0,520.64,489415,157.613,7.6234,0.0483678376783641
201,2020-11-05,537.68,531.87,542.71,526.06,480574,159.3976,7.7097,0.04836772950157342
202,2020-11-06,532.64,538.84,549.94,531.35,624178,154.8955,7.4919,0.04836744773088954
203,2020-11-09,545.42,546.71,553.94,538.32,574390,142.5655,6.8956,0.04836794315595288
204,2020-11-10,540.39,541.94,552.78,532.51,510443,129.5866,6.2678,0.04836765529769282
205,2020-11-11,548.13,524.77,548.65,524.51,517686,142.7277,6.9034,0.04836762590583328
206,2020-11-12,531.35,576.41,576.41,531.35,1048203,149.5011,7.231,0.04836753709504478
207,2020-11-13,581.05,558.33,585.05,550.59,1225786,146.1347,7.0682,0.048367704590353965
208,2020-11-16,562.98,553.04,562.98,542.84,545217,148.5277,7.1839,0.048367408907564045
209,2020-11-17,553.17,535.74,560.66,525.93,668866,145.8508,7.0545,0.04836792119069625
210,2020-11-18,537.81,536.13,540.9,528.64,399870,147.3109,7.1251,0.048367771834942286
211,2020-11-19,533.8,536.26,544.13,531.35,433724,147.1487,7.1172,0.04836739977995049
212,2020-11-20,536.13,536.64,543.62,526.19,360212,147.6354,7.1408,0.0483678033859088
213,2020-11-23,536.64,538.97,540.52,530.19,368976,150.0284,7.2565,0.04836750908494658
214,2020-11-24,534.19,510.44,534.45,505.79,800072,147.0676,7.1133,0.04836755342441163
215,2020-11-25,510.7,504.11,515.47,503.34,392955,148.2032,7.1682,0.048367376682824655
216,2020-11-26,506.7,500.63,507.47,494.56,291278,146.2158,7.0721,0.04836754988175013
217,2020-11-27,502.05,502.82,504.37,496.24,269581,149.055,7.2094,0.04836738116802522
218,2020-11-30,503.98,501.79,510.7,498.05,379687,148.9333,7.2036,0.04836796069112818
219,2020-12-01,501.79,511.86,513.02,501.79,387169,140.5781,6.7994,0.048367419960861614
