,日期,开盘,收盘,最高,最低,成交量,pe,pb,roe
0,2020-01-03,184.77,194.78,196.94,183.26,767925,67.2844,3.7923,0.05636224741544845
1,2020-01-06,190.46,195.36,200.9,189.31,532146,66.5787,3.7525,0.05636186948678782
2,2020-01-07,194.06,192.98,197.23,191.54,332068,63.0016,3.5509,0.05636206064607883
3,2020-01-08,194.06,188.23,195.57,186.14,467051,61.9552,3.4919,0.05636169361086721
4,2020-01-09,192.98,198.74,200.25,190.1,531383,61.2495,3.4521,0.05636127641858301
5,2020-01-10,199.6,194.06,200.25,190.75,361505,63.1719,3.5605,0.0563620850409755
6,2020-01-13,191.9,212.85,213.07,191.54,453404,63.6099,3.5852,0.056362295806155954
7,2020-01-14,212.28,205.65,212.35,200.9,369743,63.8046,3.5961,0.056361140105885776
8,2020-01-15,204.93,206.3,208.24,199.68,268881,64.486,3.6345,0.056361070619979525
9,2020-01-16,206.23,202.56,208.03,201.98,187129,64.2913,3.6236,0.05636221386097341
10,2020-01-17,202.92,198.96,204.43,197.66,238197,64.121,3.614,0.05636219023408868
11,2020-01-20,197.66,205.94,206.73,196.94,425940,64.34,3.6263,0.056361516941249606
12,2020-01-21,206.52,215.95,226.46,206.52,800351,64.9727,3.662,0.056362133634588064
13,2020-01-22,216.31,227.76,227.76,211.34,550029,66.4327,3.7443,0.05636230350414781
14,2020-01-23,220.7,207.74,223.51,205.08,703152,65.9217,3.7155,0.05636232075325727
15,2020-02-03,187.08,187.08,187.08,187.08,127220,70.1072,3.9514,0.0563622566583746
16,2020-02-04,180.38,192.26,196.22,180.24,661490,71.3969,4.024,0.05636099046317137
17,2020-02-05,193.84,189.96,201.04,188.3,613920,64.8997,3.6578,0.05636081522718903
18,2020-02-06,188.23,192.48,194.13,183.98,468253,65.1187,3.6702,0.056361690267158274
19,2020-02-07,189.74,193.7,199.1,188.16,512148,62.4419,3.5193,0.05636119336535243
20,2020-02-10,191.18,187.72,191.4,183.12,722101,62.7826,3.5385,0.05636115739074202
21,2020-02-11,189.38,203.78,206.37,187.0,1039642,62.5392,3.5248,0.05636145009849822
22,2020-02-12,199.1,207.45,208.32,195.57,796565,61.5659,3.4699,0.056360745152755014
23,2020-02-13,205.94,207.74,216.52,203.71,718020,63.5369,3.581,0.056360949306623394
24,2020-02-14,206.88,205.87,215.23,203.49,686174,65.8974,3.7141,0.0563618594967328
25,2020-02-17,209.9,218.54,219.26,206.23,621397,66.1894,3.9516,0.059701402339347384
26,2020-02-18,220.7,218.9,222.14,213.36,638019,63.1963,3.7729,0.05970127997999883
27,2020-02-19,219.26,213.43,222.21,211.2,547244,61.0792,3.6465,0.059701174868040184
28,2020-02-20,212.78,231.93,234.31,212.71,894811,62.5636,3.7351,0.059700848416651214
29,2020-02-21,231.93,241.29,248.49,229.48,740277,62.5392,3.7336,0.059700156062117836
30,2020-02-24,241.22,253.1,254.54,237.12,626440,63.829,3.8106,0.059700136301681056
31,2020-02-25,245.83,258.79,264.55,236.97,963349,65.1917,3.892,0.05970085148876314
32,2020-02-26,249.5,233.01,255.26,233.01,830721,61.8335,3.6915,0.059700647707149036
33,2020-02-27,231.57,225.45,237.26,219.84,701437,63.1476,3.77,0.05970139799453978
34,2020-02-28,213.5,204.86,219.4,204.57,836202,64.632,3.8586,0.05970107686594875
35,2020-03-02,211.7,215.44,222.86,202.7,778147,66.8707,3.9922,0.05970028727080769
36,2020-03-03,229.63,218.4,233.88,213.36,806427,66.9437,3.9966,0.05970091285662429
37,2020-03-04,212.35,210.12,216.67,202.77,689762,67.0167,4.001,0.05970153707956376
38,2020-03-05,220.05,214.94,220.92,210.19,603893,64.2426,3.8353,0.059700261197398616
39,2020-03-06,210.04,217.24,221.78,208.1,594421,60.3735,3.6043,0.059700033955294954
40,2020-03-09,209.97,203.42,216.38,202.48,592513,59.8138,3.5709,0.05970026983739538
41,2020-03-10,201.98,218.54,220.34,199.03,712221,61.1765,3.6523,0.05970102898988991
42,2020-03-11,220.34,209.83,226.03,207.81,636700,60.9575,3.6392,0.0597006110814912
43,2020-03-12,205.08,202.05,207.6,199.17,537420,63.0746,3.7656,0.05970073531976422
44,2020-03-13,183.19,194.71,201.04,183.19,768600,63.0016,3.7612,0.059700071109305156
45,2020-03-16,196.58,175.34,196.58,175.34,930471,64.5103,3.8513,0.059700543944145354
46,2020-03-17,174.48,167.2,178.8,158.06,828318,64.8753,3.8731,0.05970068731859429
47,2020-03-18,170.01,162.74,173.32,162.31,726157,64.5346,3.8528,0.05970130751565827
48,2020-03-19,164.61,168.21,170.3,158.78,627490,64.0966,3.8266,0.05970051453587242
49,2020-03-20,172.17,167.71,173.68,163.96,427256,65.8,3.9283,0.05970060790273557
50,2020-03-23,160.22,151.08,162.6,151.08,711239,65.6784,3.9211,0.05970151526224756
51,2020-03-24,154.39,153.74,155.61,146.18,567572,63.8046,3.8092,0.05970102469100974
52,2020-03-25,159.21,164.32,167.13,158.71,732138,61.4685,3.6697,0.05970049700252975
53,2020-03-26,162.02,160.94,165.33,159.86,406152,61.4929,3.6712,0.05970120127689538
54,2020-03-27,164.04,157.92,165.4,156.62,454281,63.2449,3.7758,0.05970125654400592
55,2020-03-30,153.67,151.15,154.39,144.24,616463,63.7803,3.8077,0.05970025227225335
56,2020-03-31,153.88,149.49,154.53,149.06,346700,66.6274,3.9777,0.05970066369091395
57,2020-04-01,149.85,152.08,156.4,148.2,577957,67.1141,4.0068,0.05970131462688169
58,2020-04-02,151.58,163.89,164.11,151.15,829015,68.3065,4.078,0.05970149253731344
59,2020-04-03,162.6,159.79,163.46,158.78,465564,66.6761,3.9806,0.059700552371839376
60,2020-04-07,165.62,164.61,167.35,162.67,556114,67.6251,4.0373,0.05970120561744086
61,2020-04-08,163.17,172.1,172.96,162.81,678252,67.5764,4.0344,0.059701315843992867
62,2020-04-09,172.82,169.94,175.48,167.78,424166,67.5764,4.0344,0.059701315843992867
63,2020-04-10,168.93,159.86,169.29,158.78,449136,70.9346,4.3183,0.06087720238078455
64,2020-04-13,158.78,156.4,158.78,152.37,289618,69.9855,4.2605,0.06087689592844232
65,2020-04-14,159.0,162.88,163.1,157.48,330620,68.9148,4.1953,0.060876618665366505
66,2020-04-15,165.76,166.48,170.59,163.6,563676,66.3111,4.0368,0.060876685803734225
67,2020-04-16,164.47,165.69,168.5,162.52,330863,65.7514,4.0027,0.060876270315156786
68,2020-04-17,169.94,171.6,177.5,169.29,812320,65.4594,3.985,0.06087742936843295
69,2020-04-20,173.11,173.61,176.28,170.3,450086,67.5278,4.1109,0.06087714985531885
70,2020-04-21,172.24,167.85,172.24,163.68,585018,68.3795,4.1627,0.06087643226405576
71,2020-04-22,164.61,168.57,168.79,163.75,327606,66.092,4.0235,0.06087726199842644
72,2020-04-23,168.86,163.6,169.29,163.32,343738,65.6297,3.9953,0.060876401994828556
73,2020-04-24,162.81,160.44,165.48,159.93,305073,66.6761,4.059,0.06087638599138222
74,2020-04-27,163.1,166.27,167.71,162.24,382079,65.0457,3.9598,0.060877198646490084
75,2020-04-28,166.7,173.18,177.14,160.29,753212,65.6054,3.9939,0.060877610684486334
76,2020-04-29,171.16,176.42,178.15,171.09,471079,66.1164,4.025,0.060877482742557075
77,2020-04-30,179.23,192.19,193.92,178.58,790414,69.1825,4.2116,0.06087666678712101
78,2020-05-06,188.66,196.0,196.65,188.66,538332,66.1463,5.3557,0.08096749175690855
79,2020-05-07,197.08,190.6,200.54,190.53,455812,65.7348,5.3224,0.08096776745346451
80,2020-05-08,193.63,190.68,195.93,189.88,441536,67.6782,5.4797,0.080966987892704
81,2020-05-11,191.4,191.83,195.36,188.59,391538,67.1066,5.4334,0.08096670074180483
82,2020-05-12,190.46,195.86,196.65,186.72,513576,62.7167,5.078,0.0809672702804835
83,2020-05-13,193.92,196.51,198.02,193.34,333823,63.4941,5.1409,0.08096657799701075
84,2020-05-14,194.42,194.13,198.52,193.63,275660,61.5735,4.9854,0.0809666496138761
85,2020-05-15,195.5,197.52,201.98,193.48,420182,58.9441,4.7725,0.08096654287706488
86,2020-05-18,195.21,182.25,195.21,180.02,682276,59.4471,4.8133,0.08096778480363213
87,2020-05-19,185.13,188.52,188.66,182.4,403011,64.5687,5.2279,0.08096647446827951
88,2020-05-20,188.23,183.12,189.45,182.4,326961,66.3064,5.3686,0.08096654319944983
89,2020-05-21,184.7,177.5,185.28,176.2,336956,65.9634,5.3409,0.08096762750252415
90,2020-05-22,177.57,173.54,179.3,172.32,315618,65.9634,5.3409,0.08096762750252415
91,2020-05-25,173.4,169.65,173.47,167.92,265164,64.7516,5.2428,0.08096788341909698
92,2020-05-26,172.03,176.71,177.86,171.67,300625,63.9742,5.1798,0.08096701482785247
93,2020-05-27,178.51,171.09,178.51,169.36,335765,69.2101,5.6037,0.08096650633361316
94,2020-05-28,171.45,169.94,172.39,164.54,279431,72.5255,5.8722,0.0809673838856678
95,2020-05-29,168.28,169.08,172.75,167.06,246425,76.3667,6.1832,0.08096722786240601
96,2020-06-01,173.83,185.85,185.85,172.75,534678,73.3943,5.9425,0.08096677807404662
97,2020-06-02,190.53,191.9,194.06,188.8,756328,74.0345,5.9944,0.08096765697073662
98,2020-06-03,193.27,202.27,207.38,190.17,844499,72.1139,5.8389,0.08096774685601527
99,2020-06-04,208.46,206.16,212.64,203.35,789100,71.2451,5.7685,0.08096697176367218
100,2020-06-05,209.97,207.67,213.36,204.14,522419,69.5302,5.6297,0.08096769461327596
101,2020-06-08,217.1,211.7,221.42,209.54,601285,66.7865,5.4075,0.0809669618860099
102,2020-06-09,220.34,206.3,221.42,204.5,903944,67.9526,5.5019,0.08096673269308312
103,2020-06-10,208.96,209.18,213.28,207.16,674688,67.9983,5.5056,0.08096673005060422
104,2020-06-11,208.75,206.66,213.86,206.37,635134,68.4785,5.4937,0.08022518016603751
105,2020-06-12,201.33,200.04,203.49,197.37,783588,65.7348,5.2735,0.08022386924429678
106,2020-06-15,200.04,194.71,202.34,194.56,439060,67.3124,5.4001,0.0802244460158901
107,2020-06-16,198.02,200.9,204.28,198.02,571491,67.7697,5.4368,0.08022464316648886
108,2020-06-17,200.54,197.73,200.54,195.21,315160,67.4267,5.4093,0.08022489607232744
109,2020-06-18,198.45,207.02,208.39,197.37,687271,66.6265,5.3451,0.08022483546336669
110,2020-06-19,207.09,210.91,212.71,205.51,537183,65.3918,5.246,0.08022412596074738
111,2020-06-22,211.92,213.43,216.67,210.69,429577,62.4423,5.0094,0.08022446322444882
112,2020-06-23,214.58,214.51,215.66,207.74,450906,63.4483,5.0901,0.08022437165377164
113,2020-06-24,215.88,213.07,218.4,207.02,407902,61.482,4.9324,0.08022510653524609
114,2020-06-29,209.97,208.1,214.08,206.08,376103,63.174,5.0681,0.08022445942951215
115,2020-06-30,211.2,216.74,218.76,210.62,545871,65.2775,5.2369,0.08022519244762744
116,2020-07-01,217.03,215.59,218.18,211.12,408019,66.0777,5.3011,0.08022524997086763
117,2020-07-02,215.52,215.44,216.96,210.98,452937,65.1632,5.2277,0.08022472806737543
118,2020-07-03,216.02,211.77,217.1,208.24,560414,66.878,5.3653,0.0802251861598732
119,2020-07-06,211.41,220.41,221.92,208.82,904960,65.5976,5.2625,0.0802239716087174
120,2020-07-07,222.93,225.81,233.37,220.63,926686,65.1174,5.224,0.08022433328111994
121,2020-07-08,226.75,228.55,231.86,224.44,704459,63.8828,5.125,0.08022503709918788
122,2020-07-09,234.31,234.6,241.08,228.98,1026929,60.5903,4.8608,0.08022406226739263
123,2020-07-10,231.14,232.58,240.07,229.12,742998,58.6697,4.7067,0.08022369297951071
124,2020-07-13,232.29,241.94,242.01,230.13,659251,53.3423,4.2794,0.08022526212780476
125,2020-07-14,241.36,229.84,241.36,226.82,848401,53.6167,4.3014,0.08022500452284456
126,2020-07-15,230.49,219.4,233.59,217.39,623041,53.9825,4.3307,0.08022414671421293
127,2020-07-16,217.75,202.92,222.28,197.95,564908,55.766,4.4738,0.08022450955779507
128,2020-07-17,203.78,205.36,208.39,201.26,361061,53.5253,4.294,0.08022374465906776
129,2020-07-20,209.18,209.18,210.19,202.7,403971,54.7599,4.3931,0.08022476301088935
130,2020-07-21,211.77,209.18,212.92,206.08,400501,56.0175,4.494,0.08022492970946579
131,2020-07-22,209.4,210.26,213.43,207.09,409942,57.8009,4.637,0.0802236643374065
132,2020-07-23,206.23,204.79,208.03,197.16,635036,59.5157,4.7746,0.08022420974633585
133,2020-07-24,202.05,188.66,204.57,187.65,721839,57.5265,4.615,0.08022389681277325
134,2020-07-27,188.8,187.08,190.1,182.25,444578,62.3737,5.0039,0.08022451770537903
135,2020-07-28,189.81,195.36,196.65,189.52,433615,61.2991,4.9177,0.08022466887768336
136,2020-07-29,194.42,201.4,201.55,193.12,335402,62.0536,4.9782,0.08022419327806928
137,2020-07-30,203.06,198.96,203.56,196.72,279936,61.8478,4.9617,0.08022435721238266
138,2020-07-31,203.13,212.78,218.68,203.13,1021647,60.5674,4.859,0.08022467532038688
139,2020-08-03,214.51,214.58,215.88,210.26,660266,60.2016,4.8296,0.08022378142773615
140,2020-08-04,217.82,208.46,220.56,206.73,590692,60.1788,4.8278,0.08022426502356311
141,2020-08-05,210.48,209.76,213.86,205.51,371559,61.8936,4.9654,0.08022477283596365
142,2020-08-06,207.88,206.16,208.96,203.06,483554,60.6818,4.8682,0.08022504276405776
143,2020-08-07,205.58,197.08,208.24,194.42,509125,55.6745,4.4665,0.0802252377659431
144,2020-08-10,193.7,195.57,197.8,187.94,502086,54.6456,4.3839,0.08022420835346303
145,2020-08-11,195.43,193.92,201.33,193.34,398687,52.4506,4.2078,0.08022405844737715
146,2020-08-12,192.4,198.74,199.03,187.87,424337,50.5986,4.1121,0.081269046969679
147,2020-08-13,197.66,195.64,199.17,194.92,224761,51.6047,4.1938,0.08126779149961147
148,2020-08-14,195.79,197.01,197.95,194.13,219593,46.074,4.3213,0.09379042410036029
149,2020-08-17,198.52,203.78,204.28,196.65,416540,45.8759,4.3027,0.09378998559156332
150,2020-08-18,203.85,201.26,204.21,199.53,285576,47.4606,4.4514,0.093791481776463
151,2020-08-19,201.12,195.14,201.12,193.99,344117,46.9059,4.3994,0.09379203895458779
152,2020-08-20,194.35,196.0,197.66,192.62,236558,45.2817,4.247,0.09379064831929897
153,2020-08-21,198.45,197.66,202.84,194.42,353375,45.4995,4.2674,0.09379004164880934
154,2020-08-24,204.86,205.36,207.02,198.81,695601,44.5091,4.1746,0.09379205600652452
155,2020-08-25,206.8,208.53,213.86,206.66,726636,42.7264,4.0073,0.09378978804673457
156,2020-08-26,209.68,211.34,213.5,204.64,573985,43.6772,4.0965,0.09379035286144716
157,2020-08-27,201.62,201.4,203.56,197.8,586120,46.4503,4.3566,0.09379056755284682
158,2020-08-28,201.62,201.4,202.56,196.87,372770,47.0446,4.4124,0.09379184858623518
159,2020-08-31,203.06,201.55,208.6,201.48,438364,44.9845,4.2191,0.09379008325089754
160,2020-09-01,201.48,198.74,201.48,194.78,425611,43.6574,4.0947,0.09379165960409917
161,2020-09-02,199.46,203.56,204.86,199.1,413677,44.7864,4.2006,0.09379186538770698
162,2020-09-03,202.34,200.04,202.48,198.74,241602,41.5379,3.8959,0.09379145310668088
163,2020-09-04,194.42,198.6,199.1,192.98,192633,40.8248,3.829,0.09379102898238326
164,2020-09-07,198.38,190.17,199.17,189.52,371141,41.2804,3.8717,0.09379027335006444
165,2020-09-08,189.45,188.59,190.89,184.99,269248,43.1424,4.0464,0.0937917222963952
166,2020-09-09,185.49,183.4,186.07,181.46,236762,43.9743,4.1244,0.09379114619220771
167,2020-09-10,185.42,183.33,187.08,180.74,170828,44.9053,4.2117,0.09379071067335037
168,2020-09-11,183.19,190.24,190.46,182.18,270666,41.9935,3.9386,0.09379070570445427
169,2020-09-14,190.68,195.79,198.67,189.16,372004,41.2606,3.8699,0.09379165596234665
170,2020-09-15,195.14,196.15,197.88,192.48,217466,45.8363,4.299,0.0937902928464994
171,2020-09-16,195.14,191.11,195.57,190.17,144668,45.9749,4.312,0.09379030731986368
172,2020-09-17,189.88,192.4,194.71,189.24,145232,44.4695,4.1708,0.09379012581657091
173,2020-09-18,191.11,193.41,194.28,190.68,224876,45.6976,4.286,0.09379048352648715
174,2020-09-21,193.05,192.33,196.36,191.04,145943,47.936,4.496,0.09379172229639521
175,2020-09-22,190.1,187.87,193.05,187.29,154356,53.2644,4.9957,0.09379059934965944
176,2020-09-23,189.02,188.08,190.82,186.28,115997,55.2848,5.1852,0.09379069834746621
177,2020-09-24,186.5,181.82,187.08,181.6,195476,57.4241,5.3859,0.09379163103992923
178,2020-09-25,182.9,182.47,183.76,181.6,121513,59.8209,5.6107,0.09379163469623492
179,2020-09-28,183.91,178.44,184.34,176.85,266724,55.6612,5.2205,0.09379064770432546
180,2020-09-29,179.01,180.09,181.82,178.44,236027,59.4644,5.5772,0.09379057049259726
181,2020-09-30,180.67,191.54,195.72,180.09,524823,58.8305,5.5178,0.0937914857089435
182,2020-10-09,198.02,199.75,201.62,196.94,427816,57.5033,5.3933,0.0937911389433302
183,2020-10-12,199.82,199.53,201.91,196.87,389121,59.7813,5.6069,0.09379019860725679
184,2020-10-13,200.18,199.32,200.18,196.87,215249,58.9692,5.5308,0.09379133513766509
185,2020-10-14,195.86,192.69,197.08,192.69,344098,56.0573,5.2577,0.09379153116543251
186,2020-10-15,195.57,188.3,196.44,187.51,278733,61.7225,5.789,0.09379075701729515
187,2020-10-16,189.09,184.41,189.67,182.68,285983,63.8024,5.9841,0.09379114265294096
188,2020-10-19,188.52,194.35,198.38,188.16,554361,70.8937,6.6492,0.09379112671506779
189,2020-10-20,195.79,190.32,195.86,186.36,287471,69.3289,6.5024,0.09379061257282316
190,2020-10-21,190.39,186.5,190.82,184.92,191264,66.0803,6.1977,0.09379043376013729
191,2020-10-22,186.5,186.57,187.29,183.48,148876,63.5052,5.9562,0.09379074469492261
192,2020-10-23,187.29,182.18,190.46,181.39,251046,58.4145,5.4788,0.09379178115022811
193,2020-10-26,182.18,188.44,190.6,180.81,251776,59.9199,5.6199,0.0937902099302569
194,2020-10-27,188.66,197.3,197.52,187.8,527468,59.8209,5.6107,0.09379163469623492
195,2020-10-28,197.3,196.44,198.52,190.24,450130,56.3347,5.0134,0.08899310726781184
196,2020-10-29,193.77,189.45,194.64,187.8,393008,56.8497,5.0592,0.08899255405041714
197,2020-10-30,188.59,183.62,189.09,182.18,329282,56.7704,5.0522,0.08899356002423799
198,2020-11-02,183.76,186.5,187.22,181.46,210742,55.7602,4.9623,0.08899358323678896
199,2020-11-03,186.43,187.22,189.45,184.84,175306,51.343,4.5692,0.08899363106947393
200,2020-11-04,186.86,186.21,188.16,184.2,163592,52.9871,4.7155,0.08899335876090596
201,2020-11-05,189.02,194.13,194.42,187.72,415363,52.6503,4.6855,0.08899284524494637
202,2020-11-06,195.21,193.48,195.5,192.33,217583,51.957,4.6238,0.08899282098658506
203,2020-11-09,195.86,212.71,212.71,195.86,1020195,52.5909,4.6802,0.08899258236691139
204,2020-11-10,213.14,208.89,213.28,206.08,582908,51.1647,4.5533,0.08899299712497093
205,2020-11-11,207.38,196.51,208.96,193.7,633614,56.8497,5.0592,0.08899255405041714
206,2020-11-12,197.44,198.02,200.4,195.5,272269,62.3564,5.5493,0.08899327093931016
207,2020-11-13,196.51,193.7,201.48,193.7,326266,59.1078,5.2602,0.08899333082943368
208,2020-11-16,196.36,191.83,197.52,187.94,251880,56.3545,5.0152,0.08899378044344285
209,2020-11-17,191.32,191.18,192.19,186.79,249603,54.4331,4.8442,0.08899364541060494
210,2020-11-18,190.96,191.68,194.42,189.67,197272,55.4235,4.9323,0.08899293620936967
211,2020-11-19,190.82,192.26,192.91,187.8,199752,56.4535,5.024,0.08899359649977415
212,2020-11-20,191.54,190.24,192.76,188.52,205978,56.2752,5.0081,0.08899302001592176
213,2020-11-23,188.66,189.67,190.82,186.86,212772,58.2561,5.1844,0.08899325564189844
214,2020-11-24,188.73,188.37,191.97,187.8,268991,53.0861,4.7243,0.08899316393556883
215,2020-11-25,188.66,182.68,189.31,182.47,382306,54.3736,4.8389,0.08899355569614666
216,2020-11-26,183.12,184.77,184.77,181.96,219591,51.4816,4.5815,0.0889929605917454
217,2020-11-27,184.84,187.87,188.3,183.98,228059,52.789,4.6979,0.08899391918770955
218,2020-11-30,191.9,198.45,205.65,191.9,1083813,53.4427,4.756,0.08899250973472524
219,2020-12-01,201.55,200.54,201.98,196.44,455551,53.2842,4.7419,0.08899260944144793
