,日期,开盘,收盘,最高,最低,成交量,pe,pb,roe
0,2020-01-03,232.35,228.47,234.99,225.46,76199,56.3683,7.8653,0.13953409983980358
1,2020-01-06,228.53,232.9,237.7,226.5,86040,54.9528,7.6678,0.1395342912463059
2,2020-01-07,233.76,238.25,242.99,231.67,96684,56.3097,7.8571,0.13953368602567587
3,2020-01-08,237.33,240.59,243.66,232.04,63415,54.7477,7.6392,0.1395346288519883
4,2020-01-09,240.59,240.71,242.68,235.91,54174,54.6306,7.6228,0.13953352150626205
5,2020-01-10,238.19,238.5,241.26,232.96,77410,56.4855,7.8816,0.13953315452638287
6,2020-01-13,240.03,237.76,240.03,232.71,89921,58.7503,8.1977,0.1395346066317959
7,2020-01-14,237.2,236.59,240.71,233.45,67906,58.9358,8.2235,0.13953318695936934
8,2020-01-15,237.2,236.22,239.48,234.68,38707,58.9651,8.2276,0.13953338500231494
9,2020-01-16,236.96,235.3,237.57,234.07,41510,56.3293,7.8598,0.13953306716042982
10,2020-01-17,236.28,235.91,238.25,231.67,64349,57.6862,8.0492,0.1395342386914028
11,2020-01-20,235.54,234.62,236.22,227.92,80120,58.5746,8.1731,0.13953317649629704
12,2020-01-21,233.58,229.7,234.25,221.7,87553,57.696,8.0505,0.13953306988352746
13,2020-01-22,227.73,229.88,232.84,225.02,64459,56.6221,7.9007,0.13953385692159068
14,2020-01-23,230.99,219.61,233.88,218.07,98052,57.1103,7.9688,0.13953349921117555
15,2020-02-03,198.7,213.15,216.23,198.7,173322,57.8522,8.0723,0.13953315517819548
16,2020-02-04,213.95,209.09,219.12,203.31,171058,59.4142,8.2903,0.13953398345849982
17,2020-02-05,209.95,207.92,214.01,206.39,143701,58.2817,8.1323,0.13953436498935345
18,2020-02-06,209.71,216.04,217.21,207.19,144894,60.3611,8.4224,0.13953357377516315
19,2020-02-07,216.54,214.07,216.54,211.12,74823,59.9414,8.3638,0.13953294384181883
20,2020-02-10,210.08,220.53,220.84,210.08,104686,60.3709,8.4238,0.13953411328968096
21,2020-02-11,220.53,220.6,230.07,216.23,119324,60.3904,8.4265,0.13953376695633746
22,2020-02-12,218.44,218.69,223.86,216.9,80400,60.1268,8.3897,0.13953345263676095
23,2020-02-13,218.69,215.0,219.67,214.38,74001,61.1226,8.5287,0.13953431300370078
24,2020-02-14,215.0,221.64,223.79,213.71,99181,59.9414,8.3638,0.13953294384181883
25,2020-02-17,223.36,222.81,227.36,220.47,96781,61.1519,8.5328,0.13953450342507756
26,2020-02-18,222.56,218.38,223.73,216.84,86957,55.5402,9.1004,0.16385248882791204
27,2020-02-19,218.69,218.69,222.5,217.7,82953,54.4426,8.9206,0.16385330605077641
28,2020-02-20,220.23,225.46,226.19,219.43,98251,57.5508,9.4299,0.16385349986446757
29,2020-02-21,225.89,224.96,228.47,223.67,66318,59.2506,9.7084,0.1638531930478341
30,2020-02-24,223.61,223.67,226.99,220.96,66527,59.95,9.823,0.1638532110091743
31,2020-02-25,219.8,217.52,223.36,213.15,132442,58.2696,9.5477,0.16385387920974231
32,2020-02-26,215.67,214.38,218.81,210.45,88640,58.9787,9.6638,0.16385237382309206
33,2020-02-27,213.09,223.18,226.32,213.09,107266,59.1535,9.6925,0.16385336455154811
34,2020-02-28,219.67,220.53,224.16,214.63,87178,60.6979,9.9455,0.16385245618052682
35,2020-03-02,218.75,228.9,231.3,217.4,111573,62.7183,10.2766,0.1638532932174501
36,2020-03-03,231.61,235.36,237.02,230.13,95271,59.7363,9.788,0.16385346933104328
37,2020-03-04,234.74,233.64,236.96,230.19,75577,57.7868,9.5635,0.16549627250513957
38,2020-03-05,234.99,242.86,248.59,233.88,107309,59.4642,9.8411,0.165496214529078
39,2020-03-06,242.8,236.34,242.8,235.48,57786,58.3298,9.6534,0.16549688152539524
40,2020-03-09,235.11,229.58,235.24,228.9,47893,55.9711,9.3918,0.16779730968303286
41,2020-03-10,226.38,232.78,234.68,226.38,70992,56.7378,9.5205,0.16779818745175173
42,2020-03-11,233.14,232.71,238.56,231.67,66871,55.5206,9.3162,0.16779717798438779
43,2020-03-12,229.76,227.24,232.65,225.89,65512,56.5941,9.4963,0.16779664311297468
44,2020-03-13,217.95,228.53,230.68,217.95,70928,56.2203,9.4336,0.16779704128224146
45,2020-03-16,229.02,216.78,230.44,213.15,67024,56.5653,9.4915,0.16779721843603765
46,2020-03-17,218.07,213.34,220.84,207.43,175115,57.102,9.5816,0.16779797555252007
47,2020-03-18,215.0,221.15,227.12,215.0,223713,59.7089,10.019,0.16779743053380652
48,2020-03-19,222.38,213.21,223.43,206.02,236114,61.0315,10.2409,0.16779695730893063
49,2020-03-20,216.23,224.41,228.59,216.23,230892,61.712,10.3551,0.16779718693284937
50,2020-03-23,221.21,224.53,234.07,221.03,144167,60.5715,10.1637,0.16779673608875462
51,2020-03-24,227.73,234.62,235.67,225.89,119844,60.351,10.1267,0.16779672250666933
52,2020-03-25,237.88,243.54,247.48,237.88,107187,60.0443,10.0753,0.16779777597540482
53,2020-03-26,239.79,243.97,248.83,237.14,58864,58.9901,9.8984,0.16779764740185218
54,2020-03-27,245.51,239.23,245.51,238.44,75583,61.1561,10.2618,0.16779683465754028
55,2020-03-30,238.99,238.44,242.06,236.28,51988,62.3924,10.4693,0.16779768048672594
56,2020-03-31,237.76,257.44,259.78,237.76,133605,68.095,11.4262,0.1677979293633894
57,2020-04-01,256.21,249.02,258.0,247.66,107584,69.7722,11.7076,0.1677974895445464
58,2020-04-02,247.97,248.4,250.49,244.53,66394,70.9414,11.9038,0.1677976470720905
59,2020-04-03,249.39,257.44,264.64,249.14,89641,69.3409,11.6352,0.16779707214645323
60,2020-04-07,257.51,261.63,266.06,257.51,100262,67.8266,11.3811,0.1677969999970513
61,2020-04-08,258.67,261.26,265.13,254.06,78397,69.1971,11.6111,0.1677974944036672
62,2020-04-09,259.35,260.09,263.53,255.78,48884,66.8107,11.2107,0.16779797248045597
63,2020-04-10,262.36,273.87,279.59,262.36,124928,66.0344,11.0804,0.16779739045103761
64,2020-04-13,271.59,266.06,276.45,264.33,82279,67.1653,11.2702,0.16779795519412555
65,2020-04-14,267.66,291.28,291.28,263.72,100897,67.9512,11.402,0.167796889532488
66,2020-04-15,274.67,269.87,277.19,266.67,137652,66.3219,11.1286,0.16779676094924906
67,2020-04-16,265.81,267.78,269.38,264.09,58261,65.4018,10.9743,0.16779813399631202
68,2020-04-17,267.66,263.47,268.82,262.36,70814,65.2677,10.9517,0.16779662834755935
69,2020-04-20,263.47,263.9,265.93,259.23,76341,68.0758,11.4229,0.16779677947229413
70,2020-04-21,261.69,266.67,267.78,260.09,77632,65.0952,10.9228,0.16779731838906708
71,2020-04-22,269.07,278.85,280.64,266.18,107338,66.0823,11.0884,0.16779682305246638
72,2020-04-23,279.47,279.28,285.74,277.56,66185,64.0409,10.7459,0.16779745443927244
73,2020-04-24,281.99,279.53,283.53,275.9,54020,62.7566,10.5304,0.16779749062250027
74,2020-04-27,278.05,282.05,286.05,277.19,48293,63.715,10.6912,0.1677972220042376
75,2020-04-28,282.05,285.49,286.36,275.9,71382,64.5776,10.8359,0.1677965734248408
76,2020-04-29,285.13,280.08,285.8,275.9,77107,64.8843,10.8874,0.1677971404484598
77,2020-04-30,279.34,275.59,280.39,269.69,96913,64.7693,10.8681,0.1677970890529927
78,2020-05-06,275.78,276.39,280.64,268.64,68931,65.4977,10.9903,0.1677967317936355
79,2020-05-07,279.04,285.37,286.97,276.76,75867,62.7375,10.5272,0.16779756923689979
80,2020-05-08,280.2,283.71,284.51,268.64,99548,63.2933,10.6205,0.1677981713704294
81,2020-05-11,281.99,277.74,285.56,275.28,81974,61.1944,10.2683,0.16779803380701502
82,2020-05-12,278.67,283.22,286.29,278.36,110033,59.4214,9.9707,0.16779645043704794
83,2020-05-13,285.68,300.07,302.78,283.65,147930,60.1114,10.0865,0.16779679062540548
84,2020-05-14,294.54,290.11,298.6,289.31,118494,57.495,9.6475,0.1677971997565006
85,2020-05-15,290.72,291.28,295.58,289.12,53829,54.1022,9.5681,0.17685232763177836
86,2020-05-18,293.0,297.68,302.35,291.89,55841,52.195,9.2308,0.17685218890698343
87,2020-05-19,300.63,307.83,311.27,296.75,76937,54.3418,9.6105,0.17685280943951065
88,2020-05-20,310.47,308.13,313.48,305.73,46290,54.8977,9.7088,0.176852582166466
89,2020-05-21,308.13,305.73,310.59,303.58,54360,54.3226,9.6071,0.17685272796221096
90,2020-05-22,303.77,300.01,305.67,297.31,56783,52.8946,9.3545,0.176851701307884
91,2020-05-25,304.13,306.35,309.73,301.24,58751,53.4409,9.4511,0.1768514377564749
92,2020-05-26,307.76,309.61,311.21,305.8,35595,51.7541,9.1528,0.1768516890449259
93,2020-05-27,311.58,308.87,311.58,305.18,35482,54.1885,9.5833,0.17685117691023003
94,2020-05-28,308.5,304.38,310.41,299.03,63991,52.3579,9.2596,0.17685201278126128
95,2020-05-29,301.49,310.04,310.04,297.43,77584,51.8979,9.1783,0.17685301332038483
96,2020-06-01,305.0,303.33,307.58,299.34,109246,49.8564,8.8172,0.17685191871053665
97,2020-06-02,301.37,293.74,303.21,290.97,117209,50.3165,8.8986,0.1768525235260799
98,2020-06-03,290.97,290.97,294.66,287.03,110136,47.3358,8.3714,0.1768513471833158
99,2020-06-04,290.97,297.49,301.12,287.89,87049,46.7704,8.2714,0.1768511708259925
100,2020-06-05,297.8,295.28,300.2,291.77,54027,45.5053,8.0477,0.17685192713815756
101,2020-06-08,294.72,289.68,295.77,286.73,104184,45.3903,8.0274,0.1768527636962082
102,2020-06-09,288.2,292.88,294.54,286.05,54536,45.7257,8.0867,0.17685240466521016
103,2020-06-10,292.82,293.74,303.03,292.82,59226,45.8407,8.107,0.17685157512865204
104,2020-06-11,292.82,287.4,295.28,286.36,68065,45.6107,8.0664,0.17685323838485267
105,2020-06-12,284.26,298.84,300.01,284.26,97813,44.8535,7.9324,0.17685130480341557
106,2020-06-15,294.97,290.23,301.43,289.19,112467,45.3711,8.024,0.17685266612447129
107,2020-06-16,290.85,302.66,305.86,287.65,110401,45.4286,8.0341,0.17685114663449897
108,2020-06-17,306.9,301.43,307.58,297.8,46735,45.0932,7.9748,0.1768514986738577
109,2020-06-18,300.5,303.4,305.49,297.98,54578,46.0852,8.1492,0.1768290036714607
110,2020-06-19,307.58,308.07,313.73,303.64,73903,45.3568,8.0204,0.17682905319599268
111,2020-06-22,306.84,301.74,309.92,299.83,74697,45.05,7.9661,0.17682796892341843
112,2020-06-23,302.6,303.89,307.76,299.15,59397,45.2417,8.0,0.17682801486239463
113,2020-06-24,305.3,303.52,309.3,299.95,51059,43.3055,7.6577,0.1768297329438524
114,2020-06-29,300.26,300.2,304.5,298.04,75838,44.6475,7.895,0.17682960972058906
115,2020-06-30,303.27,305.06,309.42,301.43,69500,42.8646,7.5797,0.17682889843833838
116,2020-07-01,309.12,306.53,309.12,302.17,58031,43.8519,7.7543,0.17682928219757865
117,2020-07-02,309.06,305.8,318.53,305.0,109069,43.7177,7.7306,0.17682997961923888
118,2020-07-03,308.81,303.64,310.1,301.3,75767,43.2193,7.6424,0.17682840767897678
119,2020-07-06,302.66,304.38,307.58,299.89,140023,44.0915,7.7967,0.17683000124740597
120,2020-07-07,302.97,312.5,316.87,302.04,119838,44.4366,7.8577,0.17682946039976058
121,2020-07-08,311.21,316.13,319.51,311.21,77267,43.4206,7.678,0.1768285099699221
122,2020-07-09,324.8,335.26,339.14,324.8,112461,43.8519,7.7543,0.17682928219757865
123,2020-07-10,332.55,332.31,338.28,329.11,71699,45.3472,8.0187,0.17682899936490015
124,2020-07-13,334.65,345.41,350.03,334.65,90805,46.3919,8.2034,0.17682828252345775
125,2020-07-14,345.1,348.36,351.56,341.54,86039,45.5101,8.0475,0.17682887974317787
126,2020-07-15,348.36,360.11,366.39,344.98,94025,46.2098,8.1712,0.17682829183419968
127,2020-07-16,354.45,344.49,363.44,344.12,107823,46.3248,8.1916,0.1768296894967706
128,2020-07-17,344.49,355.32,361.71,344.49,67622,45.8168,8.1017,0.176828150372789
129,2020-07-20,365.16,351.81,375.74,345.47,67439,44.8296,7.9272,0.17682959473205204
130,2020-07-21,352.3,360.98,361.96,346.33,69307,45.721,8.0848,0.17682902823647778
131,2020-07-22,360.98,364.67,369.03,354.02,61092,46.0948,8.1509,0.1768290566397945
132,2020-07-23,364.73,361.1,367.93,352.06,90367,46.3824,8.1285,0.17524966366552833
133,2020-07-24,363.25,347.32,363.62,342.52,118083,44.8008,7.8513,0.17524910269459473
134,2020-07-27,350.64,359.56,362.21,349.9,84466,43.804,7.6766,0.17524883572276503
135,2020-07-28,367.13,381.34,381.4,364.79,120334,43.6218,7.6447,0.1752495311977039
136,2020-07-29,381.4,398.13,399.12,377.28,112056,45.1746,7.9168,0.17524892306738743
137,2020-07-30,398.13,393.7,407.24,384.84,94800,42.5483,7.4566,0.17525024501566455
138,2020-07-31,396.1,405.08,409.39,393.7,63333,41.6952,7.3071,0.17525038853393196
139,2020-08-03,412.4,418.55,427.54,402.99,76438,42.625,7.47,0.17524926686217007
140,2020-08-04,413.76,414.99,422.55,412.22,49563,42.8838,7.5154,0.17525032762954773
141,2020-08-05,414.06,432.7,440.88,414.0,71902,41.4844,7.2701,0.17524900926613377
142,2020-08-06,433.69,428.03,435.9,421.88,61657,41.3598,7.2483,0.17524988031857022
143,2020-08-07,424.52,428.77,434.24,422.37,54333,42.0595,7.3709,0.17524934913634255
144,2020-08-10,425.14,426.8,434.92,423.84,50650,42.903,7.5187,0.17524881709903736
145,2020-08-11,431.72,421.26,435.53,418.74,71516,42.3662,7.4247,0.17525055350727703
146,2020-08-12,424.34,415.11,424.34,407.85,90996,41.9732,7.3558,0.17524992137840337
147,2020-08-13,415.29,423.35,430.18,412.83,70502,41.9349,7.3491,0.17525020925291346
148,2020-08-14,423.78,436.46,436.58,420.83,71626,41.8678,7.3373,0.1752492368837149
149,2020-08-17,435.53,430.12,436.39,422.49,89965,39.9699,7.0047,0.17524937515480396
150,2020-08-18,427.04,449.25,453.37,424.46,83300,45.3563,7.1472,0.1575789912316481
151,2020-08-19,444.14,431.23,444.14,429.87,93493,45.2793,7.1351,0.15757973290223126
152,2020-08-20,430.61,432.09,442.3,427.84,74606,46.049,7.2564,0.1575799691632826
153,2020-08-21,437.44,437.99,443.84,432.46,68191,46.4228,7.3153,0.15757989608554415
154,2020-08-24,438.73,448.45,452.33,436.15,78822,50.2493,7.9182,0.1575783145237844
155,2020-08-25,453.25,443.41,454.6,441.56,48001,45.7411,7.2078,0.15757819553967875
156,2020-08-26,443.41,436.15,447.53,433.69,43021,47.1375,7.4279,0.15757942190400423
157,2020-08-27,436.15,441.13,442.36,433.13,29101,44.6746,7.0398,0.1575794746903162
158,2020-08-28,436.76,456.45,458.17,433.75,77403,44.8835,7.0727,0.1575790658036918
159,2020-08-31,454.6,447.65,461.37,447.65,56384,44.9494,7.0831,0.15757941151606028
160,2020-09-01,447.96,457.37,460.63,445.99,54387,44.2018,6.9653,0.15757955558370926
161,2020-09-02,457.12,467.64,468.07,453.13,69173,42.5854,6.7106,0.15757982782831675
162,2020-09-03,466.29,460.14,477.73,454.6,85142,42.6954,6.7279,0.1575790366175279
163,2020-09-04,448.82,449.37,457.06,434.92,86142,44.2018,6.9653,0.15757955558370926
164,2020-09-07,452.14,412.77,452.14,409.08,162606,40.8042,6.4299,0.15757936682988516
165,2020-09-08,409.88,404.84,415.48,394.93,162341,40.9471,6.4524,0.1575789250032359
166,2020-09-09,398.62,390.93,401.7,381.64,98754,41.7937,6.5858,0.15757877383433389
167,2020-09-10,400.22,397.7,409.08,395.42,80252,41.7168,6.5737,0.15757920070571088
168,2020-09-11,399.48,399.67,402.07,392.04,67591,40.1224,6.3225,0.15758030426893704
169,2020-09-14,399.05,401.08,414.0,391.86,106231,38.3192,6.0383,0.1575789682456836
170,2020-09-15,399.91,408.4,411.42,399.91,73864,38.2972,6.0348,0.15757809970441705
171,2020-09-16,409.02,404.04,413.94,399.85,56456,36.296,5.7195,0.1575793475865109
172,2020-09-17,404.16,395.55,406.0,390.69,75518,37.7144,5.943,0.15757906794221835
173,2020-09-18,396.1,378.94,399.85,375.25,171949,36.318,5.723,0.1575802632303541
174,2020-09-21,382.01,375.37,384.17,370.63,120755,36.9338,5.82,0.15757923636343946
175,2020-09-22,375.37,373.16,384.17,370.33,87760,39.0339,6.1509,0.15757841261057695
176,2020-09-23,373.59,375.55,378.32,370.26,94103,38.803,6.1145,0.15757802231786203
177,2020-09-24,375.25,368.66,377.65,364.91,90162,39.7816,6.2687,0.15757787519858427
178,2020-09-25,372.66,376.48,381.03,370.26,91211,39.7926,6.2705,0.1575795499665767
179,2020-09-28,375.86,371.56,380.72,367.99,114808,39.2208,6.1804,0.1575796516134296
180,2020-09-29,377.77,382.38,387.18,372.17,86435,40.4303,6.371,0.15757983492578587
181,2020-09-30,380.17,389.58,395.55,376.6,101265,41.5958,6.5546,0.15757840935863718
182,2020-10-09,390.63,378.94,395.55,372.36,135047,39.9465,6.2947,0.15757826092398583
183,2020-10-12,375.25,390.63,393.82,365.77,163087,40.2544,6.3432,0.1575778051591876
184,2020-10-13,393.09,409.51,414.31,387.06,125203,39.0999,6.1613,0.15757840812892104
185,2020-10-14,408.4,396.72,408.4,391.36,89446,37.6045,5.9257,0.15757954500126314
186,2020-10-15,388.9,386.93,393.82,381.4,70483,38.0773,6.0002,0.15757945022362405
187,2020-10-16,384.47,385.83,392.41,380.05,30813,36.5049,5.7524,0.1575788455796345
188,2020-10-19,388.23,381.34,389.89,376.35,67850,37.0657,5.8408,0.1575796491095541
189,2020-10-20,384.35,391.98,393.27,379.68,61313,38.1652,6.014,0.1575781078050161
190,2020-10-21,393.15,387.55,399.24,385.09,45149,38.3961,6.0504,0.15757850406681928
191,2020-10-22,387.49,376.78,387.49,375.25,57082,38.4841,6.0643,0.15757936394510982
192,2020-10-23,380.17,357.1,380.17,354.95,88747,37.2746,5.8737,0.15757915577900233
193,2020-10-26,356.79,364.05,370.63,350.09,73560,37.2196,5.865,0.15757826521510174
194,2020-10-27,370.02,397.64,398.62,370.02,180190,38.0113,5.9898,0.15757945663526374
195,2020-10-28,398.01,390.01,401.51,387.37,96709,37.8024,5.9569,0.15757994201426365
196,2020-10-29,387.55,397.45,404.9,385.4,105204,36.6149,5.9385,0.16218807097656968
197,2020-10-30,399.42,391.18,401.02,388.6,54950,37.2746,6.0455,0.1621881924956941
198,2020-11-02,393.82,392.84,402.25,390.69,69414,37.6155,6.1008,0.16218845954460262
199,2020-11-03,400.47,392.72,400.47,389.27,56343,37.6045,6.099,0.16218803600632903
200,2020-11-04,388.78,390.01,397.08,388.78,45138,36.45,5.9118,0.16218930041152263
201,2020-11-05,401.02,392.66,401.02,387.55,66004,36.8018,5.9688,0.1621877190789581
202,2020-11-06,387.55,379.55,390.01,372.66,95690,35.3504,5.7334,0.1621876980175613
203,2020-11-09,374.57,386.69,390.93,371.19,83384,35.5593,5.7673,0.16218823205181204
204,2020-11-10,386.69,376.85,387.49,374.94,79547,36.285,5.885,0.16218823205181204
205,2020-11-11,375.31,372.17,382.38,370.2,83817,37.4395,6.0723,0.16218966599447107
206,2020-11-12,372.85,369.1,378.08,366.45,67586,39.2758,6.3701,0.1621889305883012
207,2020-11-13,371.06,375.86,380.05,366.14,90930,39.2428,6.3647,0.1621877134149449
208,2020-11-16,383.18,381.4,383.67,372.17,65394,40.1224,6.5074,0.16218870257013537
209,2020-11-17,378.94,375.8,382.69,364.79,121629,40.3533,6.5449,0.16218995720300447
210,2020-11-18,376.35,367.25,377.22,363.13,79370,40.2434,6.527,0.16218808549973412
211,2020-11-19,365.28,383.86,383.86,361.41,100497,40.4083,6.5538,0.16218945117710967
212,2020-11-20,382.14,383.67,386.69,380.17,63545,40.4743,6.5645,0.1621893399021107
213,2020-11-23,383.67,382.51,387.43,376.54,85201,40.6832,6.5984,0.16218979824595903
214,2020-11-24,384.41,368.23,384.84,366.63,107913,40.8152,6.6198,0.16218957643230952
215,2020-11-25,369.1,356.55,369.53,354.95,106935,41.211,6.684,0.16218970663172455
216,2020-11-26,359.01,357.28,359.38,348.18,77353,41.189,6.6804,0.16218893393867295
217,2020-11-27,357.35,367.13,369.89,354.33,70815,40.7712,6.6126,0.1621880150694608
218,2020-11-30,369.53,358.58,370.2,357.9,69502,39.8146,6.4575,0.16218924716058933
219,2020-12-01,355.44,367.5,370.2,355.44,65709,39.0229,6.3291,0.16218938110699102
