,日期,开盘,收盘,最高,最低,成交量,pe,pb,roe
0,2020-01-03,425.0,426.99,430.58,422.01,64940,36.3131,7.0208,0.19334069523119757
1,2020-01-06,426.28,416.67,429.47,415.26,80814,36.3335,7.0247,0.19333948009412802
2,2020-01-07,419.56,422.82,427.96,416.91,82165,37.05,7.1633,0.19334143049932523
3,2020-01-08,425.07,437.64,438.17,422.82,113728,35.9763,6.9557,0.19334117182700833
4,2020-01-09,441.4,443.42,447.41,441.0,75013,35.8416,6.9296,0.19333958305432794
5,2020-01-10,441.9,450.44,451.28,441.9,72587,38.0604,7.3586,0.19334005948439847
6,2020-01-13,452.89,452.66,455.51,446.78,103475,35.5313,6.8696,0.19333939371765177
7,2020-01-14,452.49,445.57,453.5,443.75,50422,36.3131,7.0208,0.19334069523119757
8,2020-01-15,443.42,441.2,448.93,438.68,48853,36.1294,6.9853,0.19334115706322275
9,2020-01-16,442.31,441.4,443.92,438.38,40924,36.4417,7.0456,0.19333894960992493
10,2020-01-17,441.33,439.72,443.08,437.47,38094,35.7334,6.9087,0.1933401243654396
11,2020-01-20,441.33,433.34,441.4,429.44,51489,36.7111,7.0977,0.19333934423103638
12,2020-01-21,429.67,419.63,431.29,419.29,78937,35.715,6.9052,0.19334173316533668
13,2020-01-22,420.9,426.85,431.32,418.62,61287,36.7152,7.0985,0.19333954329541986
14,2020-01-23,426.82,411.7,426.82,409.48,71797,36.5376,7.0642,0.19334055876685935
15,2020-02-03,375.68,375.88,384.82,375.68,171255,37.1092,7.1747,0.19334019596218727
16,2020-02-04,384.95,386.13,395.33,378.84,106457,36.5356,7.0638,0.19334019422152637
17,2020-02-05,387.64,397.18,398.36,383.17,98891,35.5293,6.8692,0.1933390187816816
18,2020-02-06,398.73,397.15,399.67,389.86,76230,35.8783,6.9367,0.1933397067308094
19,2020-02-07,391.97,395.84,397.45,391.03,59502,35.9457,6.9497,0.19333884164169843
20,2020-02-10,394.36,390.26,394.56,387.67,71996,35.7722,6.9162,0.19334007972671516
21,2020-02-11,390.97,395.77,399.67,390.33,60806,35.7538,6.9127,0.19334168675777122
22,2020-02-12,395.84,402.63,407.4,394.36,65151,34.3045,6.6325,0.19334198137270622
23,2020-02-13,402.66,396.81,405.92,394.7,48295,34.3576,6.6427,0.19334004703471722
24,2020-02-14,395.03,396.78,398.73,393.08,30034,34.7536,6.7193,0.1933411214953271
25,2020-02-17,395.2,398.76,398.76,392.01,53064,34.2494,6.6218,0.1933406132662178
26,2020-02-18,398.06,394.12,398.06,393.18,52115,34.1902,6.6104,0.1933419517873543
27,2020-02-19,393.69,394.19,397.32,391.07,56497,33.3574,6.4493,0.19333940894674045
28,2020-02-20,395.87,403.73,405.62,394.36,75843,34.2556,6.623,0.19334065087168228
29,2020-02-21,403.1,401.79,404.07,399.0,47390,32.3042,6.491,0.20093362472991125
30,2020-02-24,401.01,393.35,401.01,392.68,78708,32.2735,6.4848,0.2009326537251925
31,2020-02-25,389.56,389.22,392.34,386.9,71975,31.0264,6.2342,0.2009321094293892
32,2020-02-26,386.97,389.25,395.03,384.95,55005,31.3081,6.2908,0.2009320271750761
33,2020-02-27,389.32,389.22,393.69,387.91,50154,31.0264,6.2342,0.2009321094293892
34,2020-02-28,383.84,378.84,385.96,378.84,101480,31.1897,6.267,0.20093171784274938
35,2020-03-02,370.84,384.68,387.51,370.84,105789,30.8631,6.2014,0.20093250515988348
36,2020-03-03,386.97,378.67,387.1,377.93,111198,28.3218,5.6908,0.2009335564829919
37,2020-03-04,377.56,381.52,381.52,374.3,85745,25.7478,5.1736,0.20093367200304493
38,2020-03-05,382.0,388.68,393.59,379.68,145500,25.5131,5.1264,0.20093207019139186
39,2020-03-06,385.76,380.92,389.29,380.89,96920,25.5702,5.1379,0.20093311745703984
40,2020-03-09,377.49,371.78,377.56,371.18,86645,25.7294,5.1699,0.2009335623838877
41,2020-03-10,367.51,374.03,374.87,367.51,93947,25.6906,5.1621,0.2009334153347917
42,2020-03-11,374.4,372.52,376.18,371.85,58291,25.5151,5.1268,0.2009319971311106
43,2020-03-12,370.5,364.46,370.5,364.15,63542,26.3745,5.2995,0.20093271910367969
44,2020-03-13,350.68,360.09,361.43,340.53,106497,26.5561,5.336,0.2009331189444233
45,2020-03-16,358.27,347.39,360.05,345.0,79860,26.899,5.4049,0.20093312019034162
46,2020-03-17,347.35,340.63,353.67,333.88,84054,27.1195,5.4492,0.20093290805508954
47,2020-03-18,342.62,336.06,346.61,335.56,55762,26.9337,5.4119,0.20093414569851153
48,2020-03-19,333.54,327.83,335.56,321.58,75159,27.5931,5.5444,0.2009342915439005
49,2020-03-20,333.21,332.23,334.89,328.13,51089,28.0176,5.6297,0.2009344126549026
50,2020-03-23,323.97,323.5,328.84,322.32,49399,27.8931,5.6047,0.20093499826121872
51,2020-03-24,329.18,330.08,332.03,324.84,44055,27.8013,5.5862,0.20093304989335029
52,2020-03-25,342.28,334.38,342.28,332.3,62818,27.3155,5.4886,0.20093353590452306
53,2020-03-26,333.31,326.49,336.16,326.08,100336,27.1175,5.4488,0.20093297685996128
54,2020-03-27,330.08,340.03,344.8,327.76,160076,27.9646,5.619,0.2009326076539625
55,2020-03-30,336.57,330.52,336.57,326.99,97447,29.3424,5.8959,0.20093448388679863
56,2020-03-31,333.88,333.44,336.57,331.56,54987,29.5587,5.9393,0.20093238200597455
57,2020-04-01,335.9,332.44,336.03,330.52,50677,30.2221,6.0726,0.20093243024144583
58,2020-04-02,330.62,335.26,335.26,330.45,38805,28.2054,5.6674,0.20093315464414613
59,2020-04-03,335.56,337.24,340.1,333.95,40053,28.4953,5.7256,0.20093138166645025
60,2020-04-07,342.28,344.2,345.4,341.27,55536,28.7994,5.7868,0.20093474169600758
61,2020-04-08,344.6,342.82,345.24,342.41,36697,28.9096,6.0117,0.2079482248111354
62,2020-04-09,343.89,344.87,345.24,340.7,32795,26.9521,5.6046,0.20794669061037913
63,2020-04-10,344.87,357.8,368.08,343.19,90876,27.0031,5.6152,0.20794649503205187
64,2020-04-13,357.37,358.41,362.44,352.02,41294,27.7992,5.7808,0.2079484301706524
65,2020-04-14,360.83,358.34,361.77,353.44,50448,26.9358,5.6012,0.20794630194759392
66,2020-04-15,358.34,355.65,360.29,354.01,41992,26.5153,5.5138,0.2079478640633898
67,2020-04-16,353.97,353.94,355.15,350.34,33502,26.0295,5.4128,0.2079486736203154
68,2020-04-17,356.73,353.23,358.41,352.7,47308,26.6561,5.5431,0.2079486496524248
69,2020-04-20,353.37,354.38,355.59,350.51,34354,26.7194,5.5562,0.2079462862190019
70,2020-04-21,353.94,348.97,353.94,346.14,40832,26.9542,5.605,0.20794532948482983
71,2020-04-22,348.16,356.02,356.73,346.41,57375,26.7051,5.5533,0.20794904344114046
72,2020-04-23,357.43,357.37,362.31,356.12,55960,26.1724,5.4425,0.20794806742981156
73,2020-04-24,357.37,357.6,361.97,350.61,48980,26.003,5.4072,0.20794523708802828
74,2020-04-27,358.68,355.08,360.66,354.58,39784,26.5459,5.5201,0.20794548310661912
75,2020-04-28,355.35,360.49,365.16,351.72,71898,26.6051,5.5325,0.20794885191185147
76,2020-04-29,374.2,384.62,388.65,371.78,164158,26.797,5.5724,0.207948650968392
77,2020-04-30,384.28,382.4,386.26,379.54,60230,26.7786,5.5685,0.20794589709693562
78,2020-05-06,381.26,387.94,388.98,377.73,81253,27.3114,5.6793,0.2079461323842791
79,2020-05-07,387.64,385.96,389.22,381.42,60445,27.4767,5.7137,0.2079470969949084
80,2020-05-08,387.2,387.04,389.25,382.1,63813,27.4093,5.6997,0.20794766739756212
81,2020-05-11,387.04,382.06,390.63,379.61,93423,27.5665,5.7324,0.20794805289028348
82,2020-05-12,381.19,376.92,382.26,374.2,92314,27.8849,5.7986,0.20794767060308628
83,2020-05-13,376.89,382.84,384.21,374.6,63403,27.5971,5.7387,0.20794576241706555
84,2020-05-14,381.19,380.42,383.07,378.2,45930,27.6686,5.7536,0.2079469145529589
85,2020-05-15,380.92,372.86,382.6,370.84,72008,27.4543,5.709,0.20794556772527434
86,2020-05-18,374.17,389.52,391.3,373.53,123712,26.5643,5.524,0.20794826138840475
87,2020-05-19,390.43,402.12,402.63,386.97,129611,27.6176,5.743,0.2079471061931522
88,2020-05-20,402.09,395.13,403.53,392.68,74340,27.6563,5.7511,0.20794900257807442
89,2020-05-21,396.04,389.99,397.69,388.61,63831,27.242,5.6649,0.20794728727699877
90,2020-05-22,391.03,380.28,391.94,379.11,58037,26.1663,5.4412,0.2079468629496719
91,2020-05-25,382.6,396.04,396.04,377.9,85780,26.2152,5.4514,0.2079480606670939
92,2020-05-26,395.37,402.52,408.0,391.03,99972,26.3438,5.4781,0.2079464617860749
93,2020-05-27,404.24,402.76,404.44,396.58,52887,29.2709,6.0868,0.2079471420420964
94,2020-05-28,401.08,401.92,411.66,399.77,79512,28.187,5.8614,0.2079469258878206
95,2020-05-29,401.11,406.15,407.63,400.41,51051,28.1666,5.8572,0.2079484211796951
96,2020-06-01,407.73,412.0,417.88,407.73,77240,27.3624,5.6899,0.2079459404145835
97,2020-06-02,409.51,404.98,414.15,403.77,57590,27.3542,5.6882,0.2079461289308406
98,2020-06-03,404.78,403.77,408.81,401.08,53499,27.1889,5.6539,0.2079488320601422
99,2020-06-04,406.79,407.8,412.64,406.12,52291,27.5359,5.726,0.2079467168314818
100,2020-06-05,408.14,418.89,421.24,405.45,102340,27.1481,5.6454,0.20794825420563504
101,2020-06-08,420.13,426.28,434.44,417.91,91556,25.3375,5.2689,0.20794869264923535
102,2020-06-09,427.93,430.31,432.6,424.6,52121,24.9048,5.1789,0.20794786547171626
103,2020-06-10,429.98,430.48,431.99,425.84,45456,22.6411,4.7081,0.20794484366925634
104,2020-06-11,429.3,421.37,431.32,420.4,61519,21.4613,4.4628,0.20794639653702243
105,2020-06-12,417.54,423.69,423.69,415.39,66279,21.3306,4.4356,0.20794539300347856
106,2020-06-15,416.91,406.62,418.25,406.29,112054,21.5,4.4709,0.20794883720930235
107,2020-06-16,409.51,412.74,415.63,409.51,68930,22.4023,4.1342,0.18454355133178288
108,2020-06-17,412.74,406.19,413.38,400.61,82152,21.6613,3.9974,0.18454109402482768
109,2020-06-18,407.8,409.45,410.02,404.04,51117,22.1042,4.0792,0.18454411378832983
110,2020-06-19,409.48,415.49,420.4,409.48,87505,21.7368,4.0114,0.18454418313643223
111,2020-06-22,416.4,408.2,417.54,406.12,110012,21.5388,3.9748,0.18454138577822352
112,2020-06-23,407.8,420.4,420.43,406.12,102575,21.9369,4.0483,0.1845429390661397
113,2020-06-24,421.24,415.63,421.24,413.78,88304,21.5654,3.9797,0.18454097767720515
114,2020-06-29,414.49,412.84,414.52,405.18,91765,22.6023,4.1711,0.18454316596098627
115,2020-06-30,414.45,414.99,419.22,413.31,56950,22.4615,4.1451,0.18454243928499878
116,2020-07-01,414.99,434.41,437.87,414.52,167493,23.0146,4.2472,0.18454372441841266
117,2020-07-02,430.72,471.67,471.67,429.84,287100,23.0044,4.2453,0.18454295699953052
118,2020-07-03,477.59,478.8,480.85,457.09,238107,22.7595,4.2001,0.18454271842527298
119,2020-07-06,475.24,508.6,515.86,467.61,210595,22.3104,4.1172,0.18454173838209983
120,2020-07-07,504.23,514.98,539.78,504.23,187548,21.6368,3.9929,0.18454207646232346
121,2020-07-08,511.96,509.27,518.65,500.47,174401,21.3919,3.9477,0.1845418125552195
122,2020-07-09,507.02,511.99,513.24,502.59,113260,21.4653,3.9613,0.1845443576376757
123,2020-07-10,505.27,512.13,526.44,504.77,115109,21.892,4.04,0.18454229855655035
124,2020-07-13,508.53,525.37,533.67,507.52,130288,21.5368,3.9745,0.18454459344006538
125,2020-07-14,518.68,525.7,527.48,513.98,109637,21.2796,3.927,0.18454294253651385
126,2020-07-15,525.4,543.54,551.88,519.92,150727,21.3306,3.9364,0.18454239449429458
127,2020-07-16,534.98,495.36,535.48,495.36,186087,21.3163,3.9338,0.1845442220272749
128,2020-07-17,478.36,493.24,503.56,478.36,125158,20.9224,3.8611,0.18454383818300005
129,2020-07-20,493.48,492.44,501.85,475.3,103928,19.9651,3.6844,0.18454202583508222
130,2020-07-21,495.16,510.15,516.33,492.54,93551,20.555,3.7933,0.18454390659207007
131,2020-07-22,505.24,516.97,527.08,500.3,84724,20.8673,3.8509,0.18454232219788858
132,2020-07-23,511.96,516.33,524.02,507.46,59153,21.2918,3.9292,0.18454052733916343
133,2020-07-24,512.36,498.99,518.65,493.85,77106,20.5264,3.788,0.18454283264478916
134,2020-07-27,503.36,513.64,518.61,500.37,83735,19.514,3.6012,0.18454442964025827
135,2020-07-28,506.15,517.17,526.84,506.15,80953,19.9732,3.6859,0.18454228666412995
136,2020-07-29,517.24,515.99,520.53,507.93,72484,20.1202,3.713,0.18454090913609209
137,2020-07-30,512.67,520.73,527.08,510.82,88544,19.7609,3.6467,0.18454118992556007
138,2020-07-31,519.28,515.49,523.99,505.91,102066,20.0732,3.7044,0.18454456688520018
139,2020-08-03,512.63,512.9,519.18,508.5,64895,20.3753,3.7601,0.18454206809224896
140,2020-08-04,513.3,514.01,519.35,509.27,60498,20.31,3.7481,0.18454455933037914
141,2020-08-05,510.78,511.29,511.66,498.52,56293,20.4305,3.7703,0.18454271799515432
142,2020-08-06,508.67,502.52,513.61,498.55,63479,20.0937,3.7081,0.18454042809437785
143,2020-08-07,502.82,502.82,506.58,492.81,58832,20.2284,3.733,0.18454252437167545
144,2020-08-10,499.53,499.66,504.16,493.41,47291,17.0695,3.7984,0.22252555728052958
145,2020-08-11,504.9,498.69,509.78,498.49,42954,16.7705,3.7319,0.22252765272353242
146,2020-08-12,498.89,489.75,501.58,483.74,46403,16.9098,3.7629,0.22252776496469504
147,2020-08-13,491.73,492.54,499.8,489.78,26525,16.8968,3.76,0.22252734245537617
148,2020-08-14,492.54,501.31,501.88,489.45,46503,16.8225,3.7435,0.22252935057215037
149,2020-08-17,501.31,505.41,508.53,500.77,72011,16.4326,3.6567,0.22252717159792118
150,2020-08-18,505.24,501.54,508.63,498.86,55698,16.7315,3.7232,0.22252637241131995
151,2020-08-19,500.54,500.5,510.28,498.52,71963,16.6684,3.7092,0.22252885699887215
152,2020-08-20,498.52,490.19,498.69,485.95,57550,16.7074,3.7178,0.22252415097501707
153,2020-08-21,495.5,498.18,503.39,493.48,41347,16.8021,3.7389,0.2225257557091078
154,2020-08-24,504.9,505.11,512.53,502.08,47765,16.9507,3.772,0.22252768322252175
155,2020-08-25,505.41,519.32,528.66,505.41,112927,16.9544,3.7728,0.2225263058557071
156,2020-08-26,518.68,506.21,524.32,505.24,85194,16.921,3.7654,0.22252821937237754
157,2020-08-27,506.45,505.37,511.49,493.51,91775,16.206,3.6063,0.22252869307663828
158,2020-08-28,504.5,537.6,545.53,498.55,160215,16.0927,3.5811,0.22252946988386038
159,2020-08-31,533.8,535.78,550.94,525.4,164314,16.1689,3.598,0.2225259603312532
160,2020-09-01,535.51,530.78,541.86,522.64,80836,15.7845,3.5125,0.2225284297887168
161,2020-09-02,532.12,526.0,537.16,519.02,72314,15.6749,3.4881,0.22252773542414947
162,2020-09-03,526.0,559.2,564.58,526.0,179543,15.5189,3.4534,0.22252865860338036
163,2020-09-04,548.52,548.28,552.78,530.47,140640,15.5746,3.4658,0.22252898950855882
164,2020-09-07,547.24,544.72,560.92,537.16,98415,15.4131,3.4298,0.2225249949718097
165,2020-09-08,545.56,522.04,549.89,518.68,123454,15.9386,3.5468,0.22252895486429175
166,2020-09-09,513.64,508.1,518.31,505.24,69598,15.1902,3.3802,0.22252504904477885
167,2020-09-10,513.61,511.36,523.72,510.04,61344,15.6266,3.4773,0.2225244135000576
168,2020-09-11,508.6,519.35,520.46,506.92,48513,15.3889,3.4244,0.22252402705846422
169,2020-09-14,523.72,520.86,526.07,515.66,51075,15.025,3.3435,0.22252911813643927
170,2020-09-15,520.36,522.91,525.33,517.03,40044,15.5078,3.4509,0.22252672848502045
171,2020-09-16,520.8,515.92,527.08,512.56,59633,15.2645,3.3968,0.22252939827704804
172,2020-09-17,511.96,505.07,511.96,501.04,63473,15.7195,3.498,0.22252616177359333
173,2020-09-18,502.48,510.55,510.55,501.71,57977,15.972,3.5542,0.22252692211369896
174,2020-09-21,511.56,504.5,511.89,502.89,38463,16.3453,3.6373,0.222528800327923
175,2020-09-22,498.52,498.86,506.92,495.73,41658,17.0472,3.7935,0.2225292130085879
176,2020-09-23,492.47,495.87,498.08,484.68,57578,17.2886,3.8472,0.22252813993035875
177,2020-09-24,494.92,481.72,497.65,481.72,61665,17.7343,3.9464,0.22252922303107536
178,2020-09-25,482.39,484.61,490.69,482.39,34676,17.8179,3.965,0.2225290297958794
179,2020-09-28,490.12,485.25,491.8,485.08,36811,17.6935,3.9373,0.222528047022918
180,2020-09-29,486.93,482.63,489.01,480.38,32452,18.1986,4.0497,0.2225281065576473
181,2020-09-30,484.04,481.69,488.37,479.1,53342,18.6275,4.1451,0.22252583545832774
182,2020-10-09,491.83,485.55,491.83,484.58,40989,18.232,4.0571,0.22252632733655114
183,2020-10-12,486.05,527.92,527.92,485.89,157138,18.0741,4.022,0.2225283693240604
184,2020-10-13,532.09,569.75,574.56,528.09,198069,18.4066,4.0959,0.22252344267816979
185,2020-10-14,564.04,575.13,590.92,561.96,158149,18.0834,4.0455,0.22371346096419917
186,2020-10-15,574.83,572.44,578.49,564.04,83959,18.6572,4.1739,0.22371524130094547
187,2020-10-16,572.44,577.08,582.72,569.58,55588,18.6591,4.1743,0.2237138983123516
188,2020-10-19,580.84,572.44,584.2,572.44,68564,18.6572,4.1739,0.22371524130094547
189,2020-10-20,573.68,592.97,602.01,572.61,139967,18.8857,4.225,0.22371423881561178
190,2020-10-21,589.24,593.47,602.01,585.17,88627,19.3518,4.3293,0.22371562335286638
191,2020-10-22,601.0,625.6,646.29,600.83,185550,19.4595,4.3534,0.2237159228140497
192,2020-10-23,627.88,610.81,632.52,609.4,76480,18.9321,4.2354,0.2237152772275659
193,2020-10-26,602.71,624.52,632.92,593.2,97902,18.9284,4.2346,0.2237167430950318
194,2020-10-27,616.12,625.49,636.01,612.09,98636,19.1846,4.2919,0.22371589712581968
195,2020-10-28,622.84,633.79,650.69,622.64,104691,19.0751,4.2674,0.22371573412459178
196,2020-10-29,625.53,627.28,647.0,623.24,116790,19.0769,4.2678,0.22371559320434664
197,2020-10-30,624.59,626.4,637.96,614.44,85390,19.3982,4.3397,0.22371663350207752
198,2020-11-02,627.75,650.26,658.25,627.75,114887,19.0194,4.2549,0.22371368181961576
199,2020-11-03,646.36,650.56,658.02,641.49,102413,18.7148,4.1868,0.22371598948425844
200,2020-11-04,646.36,653.42,656.0,640.65,63966,19.0231,4.2558,0.22371748032655034
201,2020-11-05,654.76,652.31,667.49,643.0,88202,19.0955,4.272,0.22371762980806997
202,2020-11-06,650.36,646.56,650.36,632.92,90757,19.0974,4.2724,0.22371631740446343
203,2020-11-09,656.44,663.13,667.19,646.36,84993,18.4864,4.1357,0.22371581270555652
204,2020-11-10,663.16,672.57,683.32,656.91,86074,17.92,4.009,0.22371651785714286
205,2020-11-11,669.88,663.16,683.29,662.49,89964,19.8996,4.4518,0.22371303945807958
206,2020-11-12,658.15,666.08,667.8,648.41,76516,20.7371,4.6392,0.22371498425527192
207,2020-11-13,656.44,649.62,658.69,636.18,76221,20.3378,4.5499,0.22371642950564957
208,2020-11-16,660.17,666.02,669.48,651.03,78215,21.0955,4.7194,0.22371595837974922
209,2020-11-17,666.25,649.92,669.44,643.54,77328,21.4483,4.7983,0.22371469999953378
210,2020-11-18,646.39,661.58,663.83,639.84,79746,21.5412,4.8191,0.22371548474551092
211,2020-11-19,658.93,656.44,679.96,651.5,77896,21.53,4.8166,0.22371574547143522
212,2020-11-20,656.57,659.46,662.35,649.89,72489,21.7714,4.8706,0.22371551668702977
213,2020-11-23,659.77,646.6,659.93,626.2,179974,22.1633,4.9583,0.22371668478971996
214,2020-11-24,643.0,688.23,699.78,638.63,160626,22.0407,4.9308,0.22371340293184877
215,2020-11-25,689.54,651.7,692.9,647.47,139217,21.6526,4.844,0.2237144730886822
216,2020-11-26,644.61,653.92,658.49,636.62,116398,21.3332,4.7726,0.22371702323139517
217,2020-11-27,653.92,671.59,685.6,647.37,100245,20.5142,4.5894,0.2237182049507171
218,2020-11-30,679.29,659.8,679.29,653.72,78027,20.1744,4.5133,0.22371421207074313
219,2020-12-01,661.51,659.46,671.56,653.08,77905,20.7445,4.6409,0.2237171298416448
