,日期,开盘,收盘,最高,最低,成交量,pe,pb,roe
0,2020-01-03,437.73,435.39,443.81,423.69,88920,274.6089,13.4765,0.04907524847155354
1,2020-01-06,428.41,426.73,439.08,424.39,95267,275.5702,13.5236,0.049074972547829915
2,2020-01-07,422.75,428.93,431.69,422.75,67990,271.8212,13.3397,0.04907527448190208
3,2020-01-08,427.43,418.58,427.43,414.0,78575,271.3245,13.3153,0.04907518488009745
4,2020-01-09,422.98,426.21,427.38,416.01,76844,283.4207,13.9089,0.04907510284181783
5,2020-01-10,427.43,427.43,444.56,422.75,121010,283.4207,13.9089,0.04907510284181783
6,2020-01-13,427.43,470.02,470.02,427.43,135508,282.2512,13.8515,0.04907507922021235
7,2020-01-14,493.65,503.01,511.11,481.86,198514,282.2512,13.8515,0.04907507922021235
8,2020-01-15,498.66,506.99,510.73,490.61,123338,286.609,14.0654,0.04907522094560883
9,2020-01-16,515.13,530.39,552.43,511.67,168389,287.5543,14.1118,0.049075252917448985
10,2020-01-17,534.04,530.39,539.7,518.17,116433,293.7066,14.4137,0.0490751654882798
11,2020-01-20,526.93,553.7,568.25,526.93,129242,287.4261,14.1055,0.049075223161710084
12,2020-01-21,545.32,550.98,561.28,538.95,85132,291.3834,14.2997,0.04907520469594356
13,2020-01-22,550.98,595.91,595.91,525.43,120575,287.9068,14.1291,0.04907525629821873
14,2020-01-23,578.69,556.13,606.67,536.47,159820,287.2018,14.0945,0.049075249528380396
15,2020-02-03,500.67,500.67,518.69,500.67,136776,312.4197,15.332,0.04907501031465046
16,2020-02-04,509.33,550.61,550.61,509.33,113775,327.6241,16.0782,0.049075144349881465
17,2020-02-05,556.18,584.77,605.5,556.18,171992,304.2167,14.9295,0.04907521513447487
18,2020-02-06,578.17,643.08,643.08,572.51,152389,286.2245,14.0465,0.0490751141149692
19,2020-02-07,644.91,679.96,687.17,623.99,131033,278.7905,13.6817,0.049075201629897716
20,2020-02-10,661.43,657.12,679.78,639.85,118887,289.8294,14.2234,0.049075076579532646
21,2020-02-11,650.06,662.83,673.6,650.06,93337,286.7212,14.0709,0.04907519918303913
22,2020-02-12,658.06,667.75,673.13,644.58,110389,273.968,13.445,0.049075074461250943
23,2020-02-13,667.75,681.51,721.33,660.03,143661,258.4913,12.6855,0.04907515262602648
24,2020-02-14,668.82,663.35,710.57,657.69,114655,262.4326,12.8789,0.04907507680067187
25,2020-02-17,671.96,686.7,691.57,664.24,87716,259.9973,12.7594,0.04907512501091357
26,2020-02-18,691.85,722.32,736.22,687.22,115725,255.5433,13.1411,0.05142416177610605
27,2020-02-19,712.91,727.7,751.29,698.5,117753,252.6915,12.9945,0.051424365283359356
28,2020-02-20,721.33,726.43,744.59,687.31,138630,258.1228,13.2738,0.05142436080811149
29,2020-02-21,709.4,717.59,726.9,708.28,111604,263.3938,13.5448,0.05142414134273472
30,2020-02-24,713.85,789.19,789.19,710.71,167988,273.2791,14.0532,0.05142434968499237
31,2020-02-25,785.45,819.15,844.65,740.99,167033,269.6102,13.8645,0.05142424136772273
32,2020-02-26,797.15,737.39,813.53,737.39,158026,277.5088,14.2707,0.05142431519288757
33,2020-02-27,750.35,762.52,788.63,743.52,188449,274.8492,14.1339,0.051424199160848935
34,2020-02-28,703.55,694.24,743.75,686.42,186651,278.7745,14.3358,0.05142435911462491
35,2020-03-02,713.0,667.05,723.95,647.44,203738,288.3714,14.8293,0.0514243090680976
36,2020-03-03,685.58,663.72,703.55,654.46,176386,284.9748,14.6546,0.0514241961043573
37,2020-03-04,649.07,618.0,656.28,598.48,213063,259.068,13.3224,0.05142433646764556
38,2020-03-05,628.67,642.66,642.71,607.75,170066,254.8383,13.1049,0.051424373808803464
39,2020-03-06,628.81,627.36,649.73,619.31,104816,258.0907,13.2721,0.05142416987516404
40,2020-03-09,615.38,571.81,617.2,566.19,171234,247.9491,12.7506,0.05142426409291262
41,2020-03-10,586.55,625.07,628.34,586.55,194317,251.2976,12.9228,0.05142428737878914
42,2020-03-11,627.27,584.86,628.67,584.68,172446,251.3457,12.9253,0.05142439277855161
43,2020-03-12,568.72,591.23,600.5,568.72,130778,256.841,13.2079,0.05142442211329188
44,2020-03-13,565.68,625.86,638.26,565.68,205199,254.3096,13.0777,0.0514243268834523
45,2020-03-16,626.56,611.49,651.51,595.39,198598,262.0641,13.4765,0.05142444157746139
46,2020-03-17,631.01,643.41,647.39,588.98,162614,261.7276,13.4592,0.05142445810071234
47,2020-03-18,651.51,630.96,665.45,623.99,152756,257.1134,13.2219,0.05142439094967434
48,2020-03-19,642.52,670.79,678.75,627.41,145804,249.8877,12.8503,0.05142429979546813
49,2020-03-20,680.15,675.52,697.47,665.22,143168,256.3444,13.1823,0.051424177785822506
50,2020-03-23,645.05,608.12,665.41,608.12,129792,245.7702,12.6386,0.05142446073608599
51,2020-03-24,623.9,587.95,625.21,549.11,176332,251.8583,12.9516,0.05142415397864592
52,2020-03-25,600.59,597.08,616.74,588.7,112624,250.6247,12.8882,0.051424300956769226
53,2020-03-26,586.55,581.03,605.27,573.54,88335,248.3336,12.7704,0.05142437430939672
54,2020-03-27,591.46,580.98,602.93,575.36,73933,267.7036,13.7665,0.051424411177137704
55,2020-03-30,571.62,549.58,572.51,533.1,115870,272.5742,14.0169,0.051424162668366996
56,2020-03-31,559.31,545.83,569.23,543.07,74279,299.6826,15.411,0.051424407022629945
57,2020-04-01,541.62,545.55,563.95,540.22,76123,296.3822,15.2412,0.05142414085596233
58,2020-04-02,541.72,596.33,599.65,541.72,147487,288.4355,14.8326,0.0514243219021237
59,2020-04-03,587.02,584.68,595.91,580.79,85446,297.8722,15.3179,0.05142440281436132
60,2020-04-07,613.74,594.27,616.88,593.57,88662,295.2767,15.1844,0.051424308115066306
61,2020-04-08,591.18,592.07,608.36,587.95,66903,305.5945,16.139,0.052811814348753004
62,2020-04-09,599.56,589.64,600.03,577.19,59510,302.8068,15.9918,0.052811891939018536
63,2020-04-10,585.33,549.11,589.59,544.66,90804,295.9175,15.6279,0.05281167893078307
64,2020-04-13,544.66,535.96,554.44,527.25,60773,313.0445,16.5325,0.05281198040534173
65,2020-04-14,544.43,563.8,565.54,535.96,74798,311.9391,16.4741,0.052811911042892665
66,2020-04-15,571.43,573.35,590.71,562.21,103247,319.4692,16.8717,0.05281166384740689
67,2020-04-16,563.85,587.72,592.17,558.28,80010,318.8283,16.8379,0.05281181124762137
68,2020-04-17,612.29,641.35,646.36,610.42,179965,332.9273,17.5825,0.05281183009023291
69,2020-04-20,633.35,647.34,648.56,625.07,90998,343.2291,18.1266,0.052811955629636295
70,2020-04-21,639.9,637.33,653.61,621.09,82078,341.5629,18.0386,0.05281194181218159
71,2020-04-22,630.64,653.1,654.46,621.32,83436,333.2477,17.5994,0.05281176734303042
72,2020-04-23,652.54,626.24,655.77,623.99,79081,328.4412,17.3456,0.05281188839889759
73,2020-04-24,624.83,619.31,640.37,612.1,58507,340.6496,17.9903,0.05281174555907302
74,2020-04-27,631.01,626.8,637.05,610.42,62945,352.1531,18.5978,0.052811689006855254
75,2020-04-28,626.84,665.78,679.92,620.01,120972,353.7552,18.6825,0.052811944531133394
76,2020-04-29,661.34,667.51,672.24,653.15,57688,333.8885,17.6333,0.05281194171108019
77,2020-04-30,679.49,713.71,732.38,672.24,115634,349.2211,18.443,0.05281181463548452
78,2020-05-06,722.27,755.08,766.07,722.27,114639,344.4628,18.1917,0.05281179854544526
79,2020-05-07,755.08,742.21,770.75,736.31,75555,341.2584,18.0225,0.05281188682828027
80,2020-05-08,749.69,732.33,771.36,724.89,101474,367.4376,19.405,0.052811688297550397
81,2020-05-11,732.61,715.39,744.08,709.17,84703,334.0327,17.6409,0.05281189536234027
82,2020-05-12,722.78,722.97,727.89,697.28,98290,303.672,16.0375,0.052811915487763116
83,2020-05-13,740.99,744.73,773.75,727.98,152957,303.1272,16.0087,0.05281182289151221
84,2020-05-14,740.99,731.02,759.71,730.55,94738,282.3633,14.9121,0.05281174996892302
85,2020-05-15,731.02,759.66,775.01,724.66,129588,283.9174,14.9942,0.052811838936254
86,2020-05-18,799.3,783.48,834.59,750.35,208499,286.1284,15.111,0.052811954353360245
87,2020-05-19,789.8,861.69,861.69,768.6,195323,307.3729,16.2329,0.05281174755484299
88,2020-05-20,839.27,816.81,858.83,802.16,164270,299.6025,15.8226,0.05281197586802513
89,2020-05-21,813.16,754.75,815.35,736.12,178453,291.5917,15.3995,0.052811859871182885
90,2020-05-22,743.38,737.48,756.01,711.51,137334,292.0403,15.4232,0.05281188931801535
91,2020-05-25,739.21,721.8,744.5,715.3,84093,277.1724,14.638,0.05281189613395851
92,2020-05-26,729.66,751.66,760.18,729.01,114664,285.5035,15.078,0.052811962024983936
93,2020-05-27,743.33,758.17,784.84,741.04,116826,317.2262,16.7533,0.05281184214922979
94,2020-05-28,758.73,706.92,758.73,687.64,162017,342.9567,18.1122,0.0528119147402573
95,2020-05-29,694.19,712.91,723.63,690.21,95596,359.6992,18.9964,0.052811905058448835
96,2020-06-01,726.95,737.48,753.86,718.01,112463,354.5563,18.7248,0.052811922958356676
97,2020-06-02,750.3,741.69,755.08,731.63,103574,339.6563,17.9379,0.05281191604572034
98,2020-06-03,743.75,733.64,754.47,727.89,88802,339.6243,17.9362,0.05281188654639847
99,2020-06-04,733.64,714.64,740.99,710.57,73583,324.9646,17.162,0.052811906281484196
100,2020-06-05,717.87,722.88,733.97,716.65,65957,317.5145,16.7685,0.05281176135263114
101,2020-06-08,732.61,727.14,748.34,725.36,69097,288.6438,15.2438,0.052811804722637384
102,2020-06-09,720.3,737.85,742.39,708.65,69120,274.4487,14.4941,0.052811691219524816
103,2020-06-10,731.63,730.55,733.83,713.61,67806,278.374,14.7014,0.05281168499931746
104,2020-06-11,737.2,736.31,762.42,731.63,117029,273.8239,14.4611,0.052811679331132164
105,2020-06-12,712.91,704.53,725.08,703.69,139478,266.3418,14.066,0.05281183802166991
106,2020-06-15,693.72,670.42,695.31,670.32,114527,270.8278,14.3029,0.052811786677733966
107,2020-06-16,681.09,699.81,700.18,680.2,85540,268.9373,14.2031,0.05281193794984927
108,2020-06-17,701.21,701.02,704.86,689.51,49750,269.6903,14.1673,0.05253173732981869
109,2020-06-18,702.05,713.66,717.03,687.22,76851,249.9518,13.1304,0.052531728117180994
110,2020-06-19,722.27,731.68,745.15,705.05,85101,243.7835,12.8064,0.05253185716014414
111,2020-06-22,748.01,789.33,794.81,746.61,132430,239.4577,12.5791,0.0525316162311757
112,2020-06-23,781.49,787.43,791.88,764.68,100769,239.0411,12.5573,0.05253197044357644
113,2020-06-24,794.12,792.95,815.42,785.74,91746,228.9796,12.0287,0.05253175392043658
114,2020-06-29,788.08,779.85,804.84,774.04,72821,240.6593,12.6423,0.05253194038210865
115,2020-06-30,797.44,801.7,811.11,789.86,68461,251.5379,13.2137,0.05253164632447038
116,2020-07-01,803.9,814.99,837.6,792.76,91776,249.5673,13.1102,0.05253172190427192
117,2020-07-02,814.53,803.53,834.88,797.44,89567,252.0666,13.2415,0.05253175152915936
118,2020-07-03,798.85,844.99,868.35,798.85,128180,248.3977,13.0488,0.05253188737254814
119,2020-07-06,853.04,929.33,929.33,848.92,144338,246.9397,12.9722,0.05253185291793908
120,2020-07-07,965.88,951.09,1022.08,938.31,150220,244.12,12.8241,0.05253195149926265
121,2020-07-08,957.03,993.91,1007.01,946.74,112991,250.6247,13.1658,0.05253193320530659
122,2020-07-09,970.37,994.0,1030.93,964.19,113709,253.3804,13.3105,0.052531687533842394
123,2020-07-10,989.32,1037.53,1060.93,979.4,117828,251.9385,13.2348,0.05253186789633184
124,2020-07-13,1018.71,1052.55,1054.84,996.34,143369,243.5272,12.7929,0.05253170898363715
125,2020-07-14,1003.36,1003.65,1025.83,970.6,169844,241.4764,12.6852,0.052531841620961715
126,2020-07-15,1002.99,928.48,1016.84,911.82,155007,259.02,13.6068,0.05253185082233033
127,2020-07-16,919.36,835.82,936.91,835.82,145809,256.793,13.4898,0.052531805773521865
128,2020-07-17,830.16,811.48,843.64,795.1,119286,246.5712,12.9528,0.05253168253226654
129,2020-07-20,825.52,854.91,855.01,784.95,117497,251.9385,13.2348,0.05253186789633184
130,2020-07-21,843.96,853.6,868.49,831.19,82145,257.8504,13.5453,0.052531622987592806
131,2020-07-22,853.6,877.0,912.85,845.93,100710,279.0949,14.6614,0.052531952393254054
132,2020-07-23,867.64,899.7,901.34,865.21,89112,294.4596,15.4685,0.052531824399679954
133,2020-07-24,880.8,837.65,889.97,834.7,93660,267.6876,14.0621,0.052531757167683525
134,2020-07-27,837.83,831.19,860.53,805.92,63839,259.5327,13.6337,0.05253172336279783
135,2020-07-28,841.95,826.65,847.89,814.57,47897,249.7275,13.1186,0.05253165950886467
136,2020-07-29,827.86,887.3,890.11,826.69,84996,254.4218,13.3652,0.05253166198808436
137,2020-07-30,886.83,888.89,890.48,869.94,73396,246.9718,12.9739,0.05253190850129448
138,2020-07-31,885.8,977.58,977.58,877.0,134727,244.3763,12.8375,0.05253168985699514
139,2020-08-03,1075.11,1075.16,1075.16,1059.57,43477,250.1761,13.1422,0.05253179660247322
140,2020-08-04,1106.32,998.68,1119.8,984.64,157683,253.5566,13.3198,0.052531860736419404
141,2020-08-05,1050.16,1008.04,1050.16,998.68,142544,257.9625,13.5512,0.052531666424383394
142,2020-08-06,986.98,1021.94,1052.97,955.86,131221,243.7995,12.8072,0.05253169100018663
143,2020-08-07,1012.72,977.16,1020.21,929.0,131100,227.9863,11.9765,0.05253166527988743
144,2020-08-10,942.57,1035.19,1068.88,937.84,131711,227.3935,11.9454,0.052531844577791365
145,2020-08-11,1026.72,1030.51,1081.05,1019.74,104385,214.0476,11.2443,0.052531773306498185
146,2020-08-12,1022.08,996.91,1031.63,956.52,92701,279.6651,11.1161,0.039747898468561145
147,2020-08-13,1006.31,961.24,1010.76,957.5,71399,282.8007,11.2407,0.0397477799736705
148,2020-08-14,951.93,975.28,989.28,951.93,51162,294.9619,11.7241,0.03974784539969399
149,2020-08-17,976.31,999.57,1005.47,962.84,68722,287.822,11.4403,0.03974783025620002
150,2020-08-18,996.34,1004.44,1024.42,973.32,62992,292.3559,11.6205,0.03974778685841469
151,2020-08-19,994.14,974.35,1038.93,966.06,91370,289.644,11.5127,0.039747759318335615
152,2020-08-20,947.2,933.16,969.11,922.03,74168,265.364,10.5476,0.03974766735502932
153,2020-08-21,947.2,935.04,953.29,924.79,45439,258.8597,10.2891,0.039747786155975615
154,2020-08-24,942.52,913.04,942.52,900.4,58414,254.5376,10.1173,0.03974776221666269
155,2020-08-25,937.84,916.27,937.84,902.98,42578,241.9315,9.6163,0.03974802785085861
156,2020-08-26,914.4,866.24,914.4,858.24,86528,247.885,9.8529,0.03974786695443452
157,2020-08-27,868.16,886.36,904.9,848.97,65456,266.2327,10.5822,0.03974793479538764
158,2020-08-28,891.04,894.51,901.48,875.51,47140,267.3344,10.626,0.03974797108041464
159,2020-08-31,905.08,864.37,910.23,864.37,73301,268.3302,10.6655,0.03974766910321686
160,2020-09-01,860.62,871.95,877.94,853.79,41716,263.9869,10.4929,0.03974780566762972
161,2020-09-02,872.32,844.38,876.58,840.5,72203,269.2624,10.7026,0.039747844481814024
162,2020-09-03,853.04,867.6,869.98,832.54,74155,246.2748,9.7889,0.03974787513785414
163,2020-09-04,853.6,877.24,914.44,849.72,117582,246.4019,9.7939,0.03974766428343288
164,2020-09-07,877.0,798.05,877.0,789.72,140870,248.0968,9.8613,0.03974779199086808
165,2020-09-08,792.3,783.83,797.3,771.05,76422,262.3131,10.4264,0.039747919566350286
166,2020-09-09,771.75,727.24,772.73,706.18,92195,262.3343,10.4272,0.03974775696506328
167,2020-09-10,745.96,733.94,758.37,729.58,67381,269.6014,10.7161,0.03974793899438208
168,2020-09-11,731.69,737.54,747.37,717.88,89365,265.47,10.5519,0.03974799412362978
169,2020-09-14,737.54,719.76,741.24,711.0,82951,274.6014,10.9148,0.03974779443950395
170,2020-09-15,719.94,750.64,768.29,710.68,98336,305.1104,12.1275,0.03974790764261067
171,2020-09-16,740.16,731.78,753.92,727.48,55304,302.9705,12.0424,0.03974776422126907
172,2020-09-17,731.92,752.89,759.96,721.96,68213,282.3681,11.268,0.03990535758111486
173,2020-09-18,751.07,767.4,768.57,742.92,55323,287.9529,11.4909,0.0399054845427846
174,2020-09-21,768.9,767.35,796.7,763.28,62151,273.634,10.9195,0.039905494200282124
175,2020-09-22,753.92,744.7,764.68,742.74,38581,280.0796,11.1767,0.03990544116743954
176,2020-09-23,749.85,752.1,759.91,741.28,40471,264.5429,10.5567,0.039905436887552076
177,2020-09-24,744.51,736.04,750.64,731.92,34295,261.6875,10.4427,0.039905230475280634
178,2020-09-25,743.16,735.9,745.4,727.62,30493,279.7227,11.1624,0.03990523471995659
179,2020-09-28,727.38,726.12,734.22,712.27,42612,255.8298,10.209,0.03990543713046721
180,2020-09-29,739.37,755.75,773.53,732.72,64453,280.7514,11.2035,0.03990541097925068
181,2020-09-30,760.0,746.25,762.34,742.27,37369,287.617,11.4775,0.0399054993272303
182,2020-10-09,765.15,758.6,770.58,752.1,43900,276.5523,11.2893,0.04082157335158666
183,2020-10-12,769.36,834.28,834.28,762.39,100188,297.0649,12.1267,0.04082171942898673
184,2020-10-13,836.29,844.2,845.88,823.93,60925,298.5556,12.1875,0.04082154211811803
185,2020-10-14,844.24,816.16,845.65,811.48,59460,310.754,12.6855,0.04082167888426214
186,2020-10-15,816.4,804.7,840.5,797.4,52927,341.3864,13.936,0.04082177848912552
187,2020-10-16,808.96,812.47,818.74,792.76,34617,330.1118,13.4757,0.040821624673822623
188,2020-10-19,815.79,789.39,820.8,784.57,42717,366.7909,14.973,0.040821623437222676
189,2020-10-20,788.08,800.11,802.78,774.42,30841,353.3538,14.4245,0.04082169202651847
190,2020-10-21,800.95,771.24,802.12,732.44,93204,321.2307,13.1132,0.04082175209281056
191,2020-10-22,754.39,755.84,770.77,751.11,32710,325.1988,13.2752,0.040821798850426264
192,2020-10-23,755.37,739.97,771.7,737.63,34456,325.7657,13.2983,0.040821670298622596
193,2020-10-26,734.26,748.3,754.29,727.29,29674,323.3512,13.1997,0.04082155872623946
194,2020-10-27,740.86,761.31,764.68,739.18,27260,307.3737,12.5475,0.04082164479264166
195,2020-10-28,758.09,768.43,769.36,743.67,35972,296.8969,12.1198,0.040821578130320654
196,2020-10-29,751.95,756.92,766.98,750.64,31508,305.0432,12.4524,0.04082175901642784
197,2020-10-30,760.0,802.12,825.52,759.54,105412,298.8705,12.2004,0.04082169367669275
198,2020-11-02,804.7,839.38,848.92,797.44,93012,296.666,12.1104,0.040821664767785995
199,2020-11-03,845.18,848.46,870.08,835.17,80470,294.1046,12.0058,0.0408215308431082
200,2020-11-04,848.46,816.21,848.6,815.32,73172,304.3503,12.4241,0.04082171103494887
201,2020-11-05,839.61,837.93,851.22,821.31,60444,287.8059,11.7487,0.04082160928598058
202,2020-11-06,837.93,890.48,891.04,825.48,105990,261.6456,10.6808,0.04082163048031383
203,2020-11-09,904.66,958.86,979.03,904.62,129821,246.3189,10.0551,0.04082147167756919
204,2020-11-10,933.16,914.44,934.1,894.79,108898,223.9167,9.1407,0.040821877064104645
205,2020-11-11,898.49,840.78,909.76,839.61,103020,248.7963,10.1563,0.04082174855494233
206,2020-11-12,857.3,842.84,857.3,827.86,53249,266.6425,10.8848,0.04082169946651416
207,2020-11-13,830.2,853.0,867.55,825.52,57788,246.4868,10.062,0.040821658604030725
208,2020-11-16,852.67,841.44,852.67,828.61,50841,247.7046,10.1117,0.04082160767301052
209,2020-11-17,840.13,859.78,862.17,802.36,82951,237.2488,9.6849,0.04082170278627332
210,2020-11-18,851.26,841.81,858.24,830.2,55513,237.2488,9.6849,0.04082170278627332
211,2020-11-19,825.52,839.05,858.28,822.72,41143,226.7511,9.2564,0.04082185268340484
212,2020-11-20,838.63,826.32,846.96,823.56,40908,224.9665,9.1835,0.04082163344320155
213,2020-11-23,822.25,826.32,837.22,812.47,47366,210.1647,8.5793,0.0408217935742777
214,2020-11-24,825.34,829.74,843.59,825.34,53284,191.0588,7.7993,0.04082146438687985
215,2020-11-25,829.74,829.74,839.47,823.23,43523,190.5129,7.7771,0.040821907597858205
216,2020-11-26,834.32,794.4,837.41,793.7,61075,187.0906,7.6374,0.04082193333069647
217,2020-11-27,789.11,795.85,809.28,781.06,47289,191.7306,7.8268,0.04082186150776141
218,2020-11-30,797.44,806.8,815.13,783.03,57894,190.7439,7.7865,0.040821751049443786
219,2020-12-01,804.37,804.0,807.74,795.24,43502,194.628,7.945,0.04082146453747663
