,日期,开盘,收盘,最高,最低,成交量,pe,pb,roe
0,2020-01-03,67.18,71.11,72.52,67.06,193788,273.4342,14.549,0.0532084135781113
1,2020-01-06,72.49,74.35,74.77,72.19,168581,273.9392,14.5759,0.053208522183024555
2,2020-01-07,73.21,72.73,73.57,71.47,116874,260.4479,13.858,0.053208338404725095
3,2020-01-08,73.24,74.29,74.71,71.8,129128,257.9228,13.7237,0.05320855697906505
4,2020-01-09,73.06,73.51,73.69,71.05,123141,254.3876,13.5356,0.053208568342167625
5,2020-01-10,73.48,77.71,78.91,73.24,145263,257.6342,13.7083,0.05320838615370164
6,2020-01-13,79.21,85.36,85.36,76.81,221829,257.2013,13.6853,0.05320851799738181
7,2020-01-14,86.26,83.11,86.26,82.81,145892,255.3977,13.5893,0.0532083883292606
8,2020-01-15,82.78,84.4,85.15,82.78,97095,241.1127,12.8292,0.05320831295904364
9,2020-01-16,83.71,89.35,90.16,83.71,126115,238.7319,12.7026,0.05320864115771709
10,2020-01-17,90.28,86.47,90.28,85.78,112915,236.6396,12.5912,0.053208338756488775
11,2020-01-20,87.4,88.75,92.44,86.08,105840,253.594,13.4934,0.05320867212946678
12,2020-01-21,91.81,97.51,97.51,88.93,243104,254.3155,13.5317,0.05320831801443483
13,2020-01-22,98.23,97.36,102.61,95.2,279260,252.6561,13.4435,0.053208689598232536
14,2020-01-23,101.8,94.42,101.8,92.8,227790,257.562,13.7045,0.05320854784479077
15,2020-02-03,94.6,97.24,103.21,86.74,348281,260.1593,13.8427,0.05320855337479768
16,2020-02-04,96.91,106.51,106.84,92.41,408731,272.2799,14.4876,0.053208481419304184
17,2020-02-05,107.68,117.04,117.04,104.11,314459,263.2616,14.0078,0.053208671526724746
18,2020-02-06,122.71,128.62,128.62,119.71,338250,267.3739,14.2266,0.05320863405141639
19,2020-02-07,131.11,126.85,139.78,121.66,459943,266.0753,14.1575,0.05320862176985237
20,2020-02-10,127.21,118.33,131.11,117.01,331220,263.3337,14.0116,0.053208533507105235
21,2020-02-11,117.25,118.06,119.92,112.57,232606,258.7164,13.7659,0.053208455281536074
22,2020-02-12,117.61,119.26,119.71,115.21,180133,244.2871,12.9982,0.05320870402080175
23,2020-02-13,121.21,125.65,127.75,117.04,270002,252.6561,13.4435,0.053208689598232536
24,2020-02-14,122.41,118.36,122.95,118.21,197877,254.5319,13.5433,0.05320865478943897
25,2020-02-17,118.39,117.7,120.46,115.21,191319,253.2333,14.4421,0.05703080913924037
26,2020-02-18,117.16,122.71,125.86,115.81,257273,252.2232,14.3845,0.057030836180018335
27,2020-02-19,123.52,123.73,126.19,119.38,210622,247.678,14.1253,0.057030903027317725
28,2020-02-20,123.49,124.69,126.73,120.01,188443,246.5237,14.0595,0.0570310278484381
29,2020-02-21,124.96,135.79,136.93,123.67,223009,250.2753,14.2734,0.057030797685588636
30,2020-02-24,138.22,142.21,145.84,133.51,220942,256.6241,14.6355,0.05703088681070874
31,2020-02-25,139.81,156.31,156.31,138.01,245727,251.5018,14.3434,0.057031003356636016
32,2020-02-26,160.18,148.75,168.46,147.52,271662,255.5419,14.5738,0.0570309604804535
33,2020-02-27,150.91,140.35,154.78,139.24,229481,259.0771,14.7754,0.05703089929600108
34,2020-02-28,136.51,143.5,149.11,136.51,272675,261.3858,14.9071,0.057031024638675855
35,2020-03-02,150.31,148.54,150.31,142.21,244624,261.3136,14.903,0.05703109214369248
36,2020-03-03,145.15,151.21,151.81,141.25,232627,262.468,14.9688,0.05703095234466678
37,2020-03-04,149.14,145.36,152.26,142.42,141886,255.2534,14.5573,0.057030778042525584
38,2020-03-05,145.21,141.31,147.1,139.45,160692,249.4095,14.2241,0.057031107475857976
39,2020-03-06,140.86,144.01,147.19,139.24,126023,248.1109,14.15,0.05703094866045789
40,2020-03-09,143.53,138.85,146.59,137.71,123472,246.668,14.0677,0.057030907941038156
41,2020-03-10,135.46,137.02,142.21,125.53,170394,246.8123,14.0759,0.057030788173847095
42,2020-03-11,138.85,128.11,140.86,127.96,148415,246.3072,14.0471,0.05703081355315639
43,2020-03-12,126.52,123.82,130.06,121.24,135969,263.9831,15.0552,0.05703092357048614
44,2020-03-13,116.17,121.27,124.15,115.21,118722,277.763,15.8411,0.057030994048883406
45,2020-03-16,124.72,114.31,125.68,113.68,157604,278.1237,15.8617,0.05703109803299755
46,2020-03-17,113.89,112.21,117.55,108.61,158580,275.815,15.73,0.05703098091111796
47,2020-03-18,114.46,107.56,115.21,107.41,144260,273.2899,15.586,0.057031013586671155
48,2020-03-19,109.93,109.21,110.56,105.01,133145,271.342,15.4749,0.0570309793544678
49,2020-03-20,111.67,109.48,112.03,107.44,90815,276.3922,15.7629,0.05703091476532261
50,2020-03-23,107.53,103.21,108.88,102.4,106802,273.0735,15.5736,0.057030799400161494
51,2020-03-24,105.46,107.71,110.8,104.53,139752,283.174,16.1497,0.057031012734219955
52,2020-03-25,110.38,106.6,110.95,104.65,124743,281.731,16.0674,0.057030997653790313
53,2020-03-26,106.12,109.12,111.52,104.29,160177,284.0397,16.1991,0.05703111220016076
54,2020-03-27,110.47,108.04,113.38,107.71,145603,294.3566,16.7874,0.05703082587582545
55,2020-03-30,106.42,102.19,106.6,99.55,130871,298.3968,17.0179,0.057031107572199174
56,2020-03-31,104.05,102.46,104.65,100.45,83374,295.9438,16.878,0.057031098472074764
57,2020-04-01,102.25,100.3,103.81,100.06,85240,288.152,16.4336,0.05703101141064438
58,2020-04-02,101.41,105.67,105.67,100.21,114483,291.4708,16.6229,0.05703109882705232
59,2020-04-03,105.88,104.47,107.26,103.9,83072,291.4708,16.6229,0.05703109882705232
60,2020-04-07,107.05,112.66,113.29,106.27,129483,276.8251,15.7876,0.057030955646724224
61,2020-04-08,115.18,115.87,117.91,113.38,229231,282.0918,16.088,0.05703107995340525
62,2020-04-09,118.21,118.51,121.51,117.61,147496,276.5365,15.7711,0.05703080786803912
63,2020-04-10,119.14,113.74,119.5,112.69,108403,266.8689,15.2198,0.05703099911604537
64,2020-04-13,112.93,116.98,119.2,109.99,100863,273.4342,17.2046,0.06292043935981674
65,2020-04-14,117.85,117.49,117.85,115.33,88342,268.6726,16.905,0.06292044667003632
66,2020-04-15,118.54,115.36,120.31,114.88,100263,267.8068,16.8506,0.06292073240858709
67,2020-04-16,113.95,114.94,116.65,113.05,73607,266.9411,16.7961,0.06292062181507456
68,2020-04-17,116.38,113.89,116.98,113.44,82606,266.2196,16.7507,0.0629206114050205
69,2020-04-20,113.86,115.81,115.9,112.66,68725,281.226,17.6949,0.06292056922190693
70,2020-04-21,117.55,115.81,117.55,113.44,76209,280.5767,17.654,0.06292040643431902
71,2020-04-22,114.46,115.75,115.81,112.51,63979,274.1557,17.25,0.06292044994869703
72,2020-04-23,115.78,120.31,123.85,115.78,143108,269.7548,16.9731,0.06292047444568177
73,2020-04-24,120.85,114.52,120.88,113.86,101580,268.6004,16.9005,0.06292060622396692
74,2020-04-27,114.04,116.11,116.98,113.98,63635,281.2982,17.6994,0.06292041683878531
75,2020-04-28,117.61,115.93,118.12,111.61,96284,290.5329,18.2805,0.06292058489761401
76,2020-04-29,115.9,118.63,120.85,115.69,100550,314.5576,19.7921,0.06292043174286682
77,2020-04-30,121.15,123.88,125.23,119.95,135696,314.774,19.8058,0.06292069865999098
78,2020-05-06,122.56,129.76,130.18,122.14,132259,304.4571,19.1566,0.06292052312131988
79,2020-05-07,129.82,130.66,134.08,128.77,133717,290.3886,18.2714,0.0629205140973165
80,2020-05-08,130.84,130.96,132.31,129.52,87037,293.4909,18.4666,0.06292051985257464
81,2020-05-11,131.86,135.82,137.71,130.69,126415,281.4424,17.7085,0.06292051233218592
82,2020-05-12,135.73,134.47,135.73,132.79,75534,284.8333,17.9219,0.06292066271745614
83,2020-05-13,133.99,133.3,134.2,131.86,57382,294.3566,18.5211,0.06292062077086093
84,2020-05-14,133.21,132.73,134.41,131.02,69068,282.6689,17.7857,0.06292061135837723
85,2020-05-15,133.63,133.78,135.91,132.19,65463,288.9457,18.1806,0.06292047260090737
86,2020-05-18,134.02,133.54,138.76,133.27,94725,282.5246,17.7766,0.06292053860088642
87,2020-05-19,134.65,136.81,138.88,134.53,89682,301.5712,18.975,0.06292046455364439
88,2020-05-20,137.29,135.88,138.61,134.14,63011,274.1557,17.25,0.06292044994869703
89,2020-05-21,136.21,134.5,137.02,134.26,50503,266.2917,16.7552,0.06292047405157576
90,2020-05-22,135.1,130.24,136.75,130.21,90588,257.9949,16.2332,0.06292062362473057
91,2020-05-25,130.9,130.75,133.06,130.45,62175,238.6597,15.0166,0.06292055173118881
92,2020-05-26,131.26,141.88,143.65,131.26,150471,236.4232,14.8759,0.06292064399771258
93,2020-05-27,142.21,133.09,142.81,131.86,136596,251.5739,15.8292,0.06292067658846963
94,2020-05-28,133.78,136.87,137.56,131.35,83535,271.9913,17.1138,0.06292039488027742
95,2020-05-29,135.91,139.21,140.05,135.4,87014,262.8287,16.5373,0.06292044970735691
96,2020-06-01,138.97,140.86,142.15,137.56,97624,257.4177,16.1969,0.06292069271071879
97,2020-06-02,141.55,136.76,141.55,134.82,202651,260.1593,16.3694,0.0629206797527515
98,2020-06-03,136.76,140.07,141.75,135.28,193185,245.0807,15.4206,0.06292049924779879
99,2020-06-04,138.9,136.86,140.43,136.35,120676,233.4652,14.6898,0.06292072651512945
100,2020-06-05,138.85,138.95,144.05,138.64,165922,217.7373,13.7002,0.06292077655045783
101,2020-06-08,139.97,134.77,140.02,133.24,182150,213.9136,13.4596,0.06292073061273336
102,2020-06-09,133.54,132.12,133.85,129.16,187831,216.2223,13.6048,0.06292042957641279
103,2020-06-10,131.04,131.35,133.75,131.04,102270,211.8935,13.3325,0.06292075972127507
104,2020-06-11,131.61,131.81,134.92,130.74,129658,211.2442,13.2916,0.06292054409067799
105,2020-06-12,129.31,133.49,133.59,128.55,130080,199.5565,12.5562,0.06292052626699707
106,2020-06-15,134.26,134.0,136.25,131.45,171256,192.5583,12.1159,0.06292068428107228
107,2020-06-16,134.26,133.14,134.67,131.86,129322,191.909,12.075,0.06292044667003632
108,2020-06-17,134.16,138.49,140.53,133.29,262719,191.1154,12.0251,0.06292062282788305
109,2020-06-18,137.52,135.07,137.57,132.83,188651,189.3117,11.9116,0.0629205696214233
110,2020-06-19,135.07,135.63,136.86,133.8,156660,188.5181,11.8617,0.0629207487238626
111,2020-06-22,136.45,136.91,139.77,136.14,138646,193.3519,12.1658,0.0629205091855834
112,2020-06-23,139.31,137.47,139.92,136.35,136847,185.7765,11.6892,0.06292076769666777
113,2020-06-24,137.37,137.93,138.8,136.14,112844,187.003,11.7663,0.06292038095645525
114,2020-06-29,137.78,142.88,148.38,136.96,340373,186.2816,11.7209,0.06292033136928178
115,2020-06-30,146.14,151.14,151.19,144.92,312102,183.9007,11.5711,0.06292036952551024
116,2020-07-01,151.34,151.6,152.16,148.28,233126,183.2514,11.5303,0.0629206652718615
117,2020-07-02,151.6,154.66,155.22,148.84,266126,184.3336,11.5984,0.06292070463550867
118,2020-07-03,157.21,153.03,157.62,151.75,242559,188.0852,11.8344,0.0629204211708311
119,2020-07-06,152.01,155.73,157.62,149.25,299412,194.0012,12.2067,0.06292074482013513
120,2020-07-07,155.78,166.85,170.06,154.71,302433,191.0432,12.0205,0.06292032378017118
121,2020-07-08,167.0,175.06,177.0,165.42,290518,195.5884,12.3065,0.06292039814222111
122,2020-07-09,175.11,185.72,190.36,175.11,340632,190.8989,12.0115,0.0629207397213918
123,2020-07-10,185.41,183.78,188.42,179.8,260069,197.5534,11.8,0.059730685475420826
124,2020-07-13,184.14,187.6,189.8,183.12,233064,195.2192,11.6606,0.05973080516670492
125,2020-07-14,190.66,194.08,195.56,184.9,315973,191.909,11.4628,0.05973039305087307
126,2020-07-15,195.61,179.65,197.6,177.81,366879,186.5617,11.1434,0.05973037338317565
127,2020-07-16,178.78,168.94,181.28,163.99,317667,198.9963,11.8862,0.059730758813103565
128,2020-07-17,168.73,170.52,173.94,164.09,259663,183.2514,10.9457,0.059730512290765585
129,2020-07-20,173.68,184.19,184.7,173.68,267894,182.53,10.9026,0.059730455267627235
130,2020-07-21,184.65,190.05,190.51,181.74,246140,188.5563,11.2626,0.05973070112215822
131,2020-07-22,196.12,195.61,202.29,190.56,368476,190.5085,11.3792,0.05973066818540906
132,2020-07-23,193.47,214.99,214.99,191.58,544506,191.8241,11.4578,0.05973076375700447
133,2020-07-24,217.18,201.53,219.84,200.1,537531,187.1982,11.1815,0.05973080937744059
134,2020-07-27,196.38,206.07,211.42,196.38,310002,187.5378,11.2017,0.059730358359754675
135,2020-07-28,206.07,201.63,206.32,198.21,247216,186.0524,11.113,0.059730484530164614
136,2020-07-29,199.69,209.89,211.01,197.14,278532,186.8587,11.1612,0.05973069490475958
137,2020-07-30,209.99,203.16,209.99,202.24,211238,188.5139,11.26,0.059730343491912266
138,2020-07-31,203.26,200.76,207.7,198.36,223298,190.4236,11.3741,0.059730516595632055
139,2020-08-03,201.63,209.28,211.62,200.71,277970,183.5485,10.9635,0.05973080684396767
140,2020-08-04,208.72,207.09,210.71,203.41,211466,183.1241,10.9381,0.059730532464050336
141,2020-08-05,208.56,217.03,223.3,205.81,308131,181.8509,10.8621,0.05973080144228046
142,2020-08-06,219.78,224.32,226.82,210.15,324560,173.5329,10.3652,0.05973046033345838
143,2020-08-07,223.86,224.17,228.51,217.08,295507,166.1061,9.9216,0.059730497555478095
144,2020-08-10,224.22,207.19,229.73,206.32,348491,162.2866,9.6935,0.05973074794838268
145,2020-08-11,207.29,200.66,208.87,200.1,268335,271.5463,10.1626,0.03742492532581
146,2020-08-12,200.2,191.68,200.2,184.7,280468,267.7887,10.0219,0.03742465608145527
147,2020-08-13,191.73,192.5,194.9,190.51,125424,281.4723,10.534,0.037424641785355074
148,2020-08-14,190.51,195.61,197.14,189.49,151629,270.6955,10.1307,0.037424707835926344
149,2020-08-17,195.87,200.15,201.83,191.79,170587,270.8373,10.136,0.03742468264157115
150,2020-08-18,200.15,200.61,204.28,198.67,126030,270.8373,10.136,0.03742468264157115
151,2020-08-19,200.66,190.0,200.71,190.0,189376,266.2998,9.9662,0.03742473708204062
152,2020-08-20,188.42,190.51,194.39,186.18,132713,268.7813,10.0591,0.037424850612747244
153,2020-08-21,193.77,191.12,195.0,188.98,113559,269.7739,10.0962,0.037424673031749914
154,2020-08-24,190.05,191.73,192.91,188.73,83540,274.8077,10.2846,0.03742471553744673
155,2020-08-25,192.96,195.1,198.47,190.92,128173,273.6024,10.2395,0.037424744812180014
156,2020-08-26,196.89,190.46,198.62,188.78,157394,265.9453,9.9529,0.037424613256936676
157,2020-08-27,190.82,197.29,200.4,190.1,176342,277.2183,10.3748,0.037424657751670795
158,2020-08-28,199.69,201.22,203.11,197.65,138665,270.9791,10.1413,0.03742465747358375
159,2020-08-31,202.6,197.5,204.18,197.45,152807,263.3929,9.8154,0.03726524139413021
160,2020-09-01,197.55,207.85,210.09,197.55,249559,244.0372,9.0941,0.037265220220523754
161,2020-09-02,206.07,207.85,208.36,204.08,139697,246.8732,9.1998,0.03726528436460499
162,2020-09-03,208.31,205.5,212.19,204.13,121013,234.1821,8.7269,0.037265444284597334
163,2020-09-04,201.22,211.01,212.85,198.93,183880,239.2869,8.9171,0.03726530787936991
164,2020-09-07,210.35,212.75,219.78,206.73,194924,238.6488,8.8933,0.0372652198544472
165,2020-09-08,208.87,209.89,211.42,203.06,133946,252.4743,9.4085,0.03726517906971125
166,2020-09-09,207.34,202.6,211.93,199.69,156667,255.0267,9.5037,0.03726550984661606
167,2020-09-10,205.81,200.97,207.19,200.15,106480,249.0711,9.2817,0.03726526281049869
168,2020-09-11,200.97,201.99,204.03,198.16,91900,251.6944,9.3795,0.03726542982283277
169,2020-09-14,201.22,194.85,203.57,193.06,142347,241.0594,8.9832,0.037265503855066426
170,2020-09-15,195.0,197.19,199.79,193.62,90866,255.8775,9.5354,0.03726548836845756
171,2020-09-16,196.12,193.62,200.0,193.47,77887,255.2394,9.5116,0.03726540651639206
172,2020-09-17,194.59,195.0,199.08,191.68,102675,251.3399,9.3663,0.03726547197639531
173,2020-09-18,197.55,196.89,197.6,193.06,83560,262.3294,9.7758,0.03726536179322638
174,2020-09-21,196.63,198.42,201.02,195.61,105934,267.2924,9.9608,0.03726555637197317
175,2020-09-22,196.32,198.16,200.56,195.0,95022,283.7411,10.5737,0.037265309819409315
176,2020-09-23,196.99,188.42,198.16,185.05,234777,289.7676,10.7983,0.03726538094666208
177,2020-09-24,185.41,175.92,185.92,175.11,242555,299.9063,11.1761,0.03726530586386482
178,2020-09-25,175.92,176.28,177.61,173.58,103086,320.9635,11.9608,0.037265296521255535
179,2020-09-28,176.38,176.18,179.44,175.21,59588,325.2884,12.122,0.0372653928022026
180,2020-09-29,177.56,177.2,178.93,175.77,81037,337.4832,12.5764,0.037265262389357456
181,2020-09-30,175.67,178.12,181.74,175.21,89854,331.1022,12.3386,0.03726523109783022
182,2020-10-09,180.57,182.25,182.66,179.6,86707,340.6737,12.6953,0.03726527759554084
183,2020-10-12,182.25,187.35,187.6,181.99,120764,354.4991,13.2105,0.03726525680883252
184,2020-10-13,187.09,186.53,187.09,183.73,95692,348.1891,12.9754,0.037265382517718104
185,2020-10-14,186.69,186.58,189.39,185.67,80846,336.2779,12.5315,0.0372653094360349
186,2020-10-15,185.87,184.95,187.76,184.03,62750,328.8334,12.2541,0.03726537511092243
187,2020-10-16,184.9,182.45,186.38,181.64,61534,348.6854,12.9939,0.03726539740407829
188,2020-10-19,183.06,179.6,185.92,179.29,74600,366.5521,13.6597,0.03726537100728655
189,2020-10-20,179.65,183.22,183.37,178.22,50908,333.2292,12.4179,0.03726534169274481
190,2020-10-21,183.37,178.73,183.78,177.56,71065,318.0566,11.8525,0.03726537980975713
191,2020-10-22,179.09,176.08,179.09,171.64,73191,291.8237,10.8749,0.037265307786858985
192,2020-10-23,177.51,176.89,181.18,175.72,56642,289.5549,10.7904,0.03726547193640999
193,2020-10-26,179.14,180.11,182.35,175.82,64305,287.1443,10.7005,0.037265235632398065
194,2020-10-27,180.26,180.82,180.87,175.67,75752,275.304,10.2593,0.03726535030366432
195,2020-10-28,182.86,181.74,184.14,179.95,87785,276.8638,10.3174,0.03726525461255678
196,2020-10-29,179.29,180.41,183.12,178.37,83442,294.0925,10.9595,0.037265486199070025
197,2020-10-30,181.38,174.5,184.19,173.94,122770,278.9908,10.3967,0.03726538652887479
198,2020-11-02,174.65,184.7,184.8,172.35,177219,276.1548,10.291,0.0372653308941217
199,2020-11-03,185.41,187.96,192.24,183.06,159778,276.7929,10.3148,0.037265406735505144
200,2020-11-04,188.98,189.9,191.02,185.77,140642,296.9285,11.0652,0.03726553698954463
201,2020-11-05,191.17,190.82,191.84,187.96,116459,301.1116,11.221,0.03726525314866647
202,2020-11-06,189.64,187.91,190.71,184.49,100373,273.7442,10.2012,0.03726544708527158
203,2020-11-09,186.84,194.28,195.56,186.33,204341,248.8584,9.2738,0.03726536857907951
204,2020-11-10,193.57,185.72,193.62,183.73,164355,226.9504,8.4574,0.03726541129691774
205,2020-11-11,184.8,183.88,186.84,183.12,83300,220.2858,8.209,0.037265225448031604
206,2020-11-12,183.52,180.41,184.8,179.7,84689,227.234,8.468,0.03726555004972847
207,2020-11-13,179.7,181.59,182.76,177.76,78140,227.5885,8.4812,0.0372655033097015
208,2020-11-16,182.04,181.08,182.1,178.27,48284,206.8857,7.7097,0.037265504575714994
209,2020-11-17,180.36,169.09,180.41,167.51,175628,201.4973,7.5089,0.03726551174631124
210,2020-11-18,169.09,170.57,175.16,168.12,103115,208.3037,7.7625,0.03726530061635967
211,2020-11-19,170.88,172.25,173.37,167.61,101782,196.6052,7.3266,0.03726554536706048
212,2020-11-20,172.81,182.35,183.88,172.25,185179,193.5565,7.213,0.03726560461673981
213,2020-11-23,181.33,183.63,185.67,177.25,153566,198.874,7.4111,0.03726530365960357
214,2020-11-24,184.8,183.93,186.84,183.57,79074,180.7946,6.7374,0.03726549354903299
215,2020-11-25,185.41,181.64,186.07,181.02,69648,170.8686,6.3675,0.03726547768285103
216,2020-11-26,180.06,184.14,184.8,179.29,104276,172.712,6.4362,0.03726550558154616
217,2020-11-27,184.14,185.92,186.18,181.38,88772,169.0252,6.2988,0.03726544917562588
218,2020-11-30,192.91,195.46,199.79,186.48,291562,172.8538,6.4415,0.03726559670658093
219,2020-12-01,193.06,195.1,197.55,189.9,136846,165.1966,6.1561,0.03726529480630958
