,日期,开盘,收盘,最高,最低,成交量,pe,pb,roe
0,2020-01-03,402.97,402.42,404.08,396.34,78819,338.8001,13.7851,0.04068800451947919
1,2020-01-06,399.99,407.73,408.72,397.0,95161,338.145,13.7585,0.0406881663191826
2,2020-01-07,407.4,402.75,409.61,397.89,97191,327.1086,13.3094,0.04068801615121094
3,2020-01-08,401.87,398.55,401.87,394.68,60466,334.7637,13.6209,0.04068810328001513
4,2020-01-09,401.65,417.9,420.55,399.55,163721,322.4696,13.1207,0.04068817649787763
5,2020-01-10,422.32,419.23,423.43,416.46,83094,341.0116,13.8751,0.040688058705334366
6,2020-01-13,424.2,435.81,438.02,413.37,133352,340.9108,13.871,0.04068806268384575
7,2020-01-14,440.79,439.9,446.98,429.73,100656,343.279,13.9674,0.04068818657709909
8,2020-01-15,438.35,443.88,447.2,436.14,82980,346.2517,14.0883,0.04068803127898
9,2020-01-16,443.11,460.8,463.9,440.79,106355,340.6085,13.8587,0.04068806268780727
10,2020-01-17,460.8,466.11,471.64,453.06,91275,352.7011,14.3507,0.04068799331785469
11,2020-01-20,463.56,465.89,468.43,459.8,50452,352.6507,14.3487,0.04068813701489888
12,2020-01-21,465.11,465.0,475.95,460.69,58350,349.3756,14.2154,0.040688015991958225
13,2020-01-22,462.68,471.75,474.51,460.69,59143,348.5695,14.1826,0.040688012003345105
14,2020-01-23,471.75,462.9,477.72,451.95,78261,350.0307,14.2421,0.04068814535410751
15,2020-02-03,418.67,443.22,461.13,418.67,128396,362.6271,14.7546,0.040688078745355766
16,2020-02-04,449.96,459.25,470.64,447.42,111793,371.0416,15.097,0.04068816003380753
17,2020-02-05,466.99,484.02,493.86,462.13,125871,358.1932,14.5742,0.04068809793150736
18,2020-02-06,486.12,501.6,501.6,469.53,103055,382.6807,15.5705,0.040687967801877646
19,2020-02-07,507.13,512.1,518.63,493.31,111778,364.5922,14.8346,0.04068819903442805
20,2020-02-10,502.15,487.12,506.13,482.8,106254,368.9254,15.0109,0.040688171646625575
21,2020-02-11,485.01,491.76,492.64,479.15,77440,361.821,14.7218,0.040688075042631576
22,2020-02-12,485.46,501.82,508.01,480.81,95256,357.5885,14.5496,0.04068810937711923
23,2020-02-13,496.51,481.48,500.16,477.83,102538,367.313,14.9453,0.04068818691415768
24,2020-02-14,482.69,481.59,497.51,475.17,81845,367.2626,14.2234,0.038728147107818765
25,2020-02-17,483.91,499.17,500.05,477.27,113352,363.6852,14.0849,0.03872827379282962
26,2020-02-18,499.39,498.17,504.92,490.65,81858,367.4642,14.2312,0.038728126440616524
27,2020-02-19,494.52,485.12,494.52,481.7,92376,365.0456,14.1376,0.03872831229851833
28,2020-02-20,483.91,483.91,487.12,480.15,90874,404.5986,15.6694,0.03872826055255752
29,2020-02-21,485.57,495.08,502.71,479.26,106480,409.1333,15.845,0.03872820911913061
30,2020-02-24,490.76,502.15,507.68,484.24,111406,413.0634,15.9972,0.038728195235888725
31,2020-02-25,488.33,510.67,513.1,482.58,144158,403.5405,15.6284,0.03872820695816157
32,2020-02-26,502.71,490.32,503.7,487.89,115665,410.6952,15.9055,0.03872823446682601
33,2020-02-27,493.86,518.18,537.31,477.05,185380,417.5477,16.1709,0.038728269847971855
34,2020-02-28,492.98,514.98,541.4,492.98,222390,416.2881,16.1221,0.03872822691784848
35,2020-03-02,527.14,529.13,535.32,499.94,148080,407.3698,15.7767,0.038728202237868395
36,2020-03-03,530.35,542.51,568.71,530.35,146263,404.8001,15.6772,0.03872825130230946
37,2020-03-04,551.24,543.73,565.73,519.95,126753,383.3357,14.8459,0.03872819567809625
38,2020-03-05,551.24,513.21,558.65,507.13,173232,367.5649,14.2351,0.03872812665191915
39,2020-03-06,505.47,501.6,519.51,496.18,99194,361.569,14.0029,0.038728154238886627
40,2020-03-09,492.98,475.06,501.6,474.18,113277,345.9494,13.398,0.0387282070730575
41,2020-03-10,475.62,512.66,517.74,475.62,153225,344.7401,13.3512,0.03872830575845398
42,2020-03-11,517.41,489.66,518.18,486.12,100249,341.5658,13.2282,0.03872811622240868
43,2020-03-12,478.82,483.91,488.11,474.51,76609,346.806,13.4312,0.03872828036423822
44,2020-03-13,462.9,484.9,494.41,462.9,80810,347.9145,13.4741,0.03872819327737131
45,2020-03-16,488.33,454.28,488.33,451.84,91969,347.6625,13.4643,0.038728076798619344
46,2020-03-17,465.11,471.19,473.96,442.22,159983,350.9376,13.5912,0.038728252544042024
47,2020-03-18,475.06,462.57,480.59,461.57,101989,350.9376,13.5912,0.038728252544042024
48,2020-03-19,462.9,467.77,474.51,448.86,138250,361.2667,13.9912,0.038728175057374505
49,2020-03-20,472.52,473.96,485.9,469.98,83861,362.7279,14.0478,0.03872820370310638
50,2020-03-23,465.11,472.85,481.7,449.85,112189,354.3638,13.7239,0.03872827867857834
51,2020-03-24,480.59,470.75,483.36,456.05,81477,362.5264,14.04,0.03872821400041486
52,2020-03-25,479.49,487.89,490.54,476.83,86197,347.4106,13.4546,0.038728236847119804
53,2020-03-26,484.68,516.3,520.29,480.92,122383,341.4651,13.2243,0.03872811599194178
54,2020-03-27,520.06,501.93,521.17,487.78,125020,353.7088,13.6985,0.03872818544520238
55,2020-03-30,487.23,476.17,495.3,474.18,100252,355.2204,13.757,0.03872806854561281
56,2020-03-31,483.13,492.42,495.19,478.05,51845,360.9644,13.9795,0.03872819591073247
57,2020-04-01,482.47,493.97,506.57,482.47,44958,364.2395,14.1063,0.03872808962235012
58,2020-04-02,495.52,512.66,515.42,486.89,67948,367.8169,14.2449,0.038728236793904795
59,2020-04-03,509.89,503.15,518.18,498.39,45751,354.7165,13.7375,0.038728111040788916
60,2020-04-07,514.31,524.27,527.91,508.34,61076,351.0888,13.597,0.038728093861154216
61,2020-04-08,521.28,512.66,524.16,505.14,49820,370.9912,14.3727,0.03874135019914219
62,2020-04-09,512.66,521.28,525.48,505.58,38178,358.7474,14.194,0.039565443540496736
63,2020-04-10,522.16,507.46,525.15,503.81,38375,344.8913,13.6458,0.03956550948081323
64,2020-04-13,507.13,500.27,511.99,494.74,33394,347.9145,13.7654,0.0395654679526148
65,2020-04-14,509.78,516.53,521.39,500.49,61619,343.7324,13.5999,0.03956537120155097
66,2020-04-15,515.97,512.21,523.16,509.45,42759,334.0583,13.2171,0.039565249538778116
67,2020-04-16,516.64,527.91,528.91,507.79,50188,332.5468,13.1573,0.03956525818320909
68,2020-04-17,538.09,527.58,542.4,525.7,42769,331.9925,13.1354,0.039565351626919286
69,2020-04-20,528.02,528.91,537.42,523.6,36532,341.1124,13.4962,0.03956525766873324
70,2020-04-21,523.93,529.02,534.11,521.28,28297,344.1355,13.6159,0.03956551997686958
71,2020-04-22,524.38,530.57,532.89,516.53,37354,334.8141,13.247,0.039565239337291946
72,2020-04-23,530.35,535.54,537.98,525.04,31002,331.539,13.1175,0.03956548098413761
73,2020-04-24,536.21,557.44,557.99,532.67,74495,337.1823,13.3407,0.03956524408309689
74,2020-04-27,549.14,567.94,568.6,540.96,61611,342.372,13.5461,0.03956544343579498
75,2020-04-28,562.41,573.47,574.57,552.79,75823,350.1818,13.8551,0.039565448575568464
76,2020-04-29,569.05,579.11,585.52,561.08,51829,367.6153,14.5448,0.03956527380661251
77,2020-04-30,578.11,601.55,606.64,570.26,66215,379.5568,15.0173,0.03956535622599832
78,2020-05-06,595.58,590.27,622.01,575.24,111376,390.4905,15.4499,0.039565367147216125
79,2020-05-07,594.14,608.63,612.06,591.05,70717,381.9249,15.111,0.03956537005049946
80,2020-05-08,606.64,598.9,610.73,593.92,84648,382.6807,15.1409,0.0395653608870267
81,2020-05-11,601.66,579.22,602.11,575.46,126717,385.6031,15.2565,0.03956529395121564
82,2020-05-12,583.42,584.41,591.82,577.67,93142,376.2817,14.8877,0.03956530439827395
83,2020-05-13,591.82,584.97,592.15,578.22,78862,370.6268,14.664,0.03956540649515901
84,2020-05-14,591.71,585.19,593.15,577.12,56447,354.4053,14.0222,0.03956543539275513
85,2020-05-15,584.08,589.61,606.2,578.11,76257,361.0047,14.2833,0.03956541286027578
86,2020-05-18,596.69,630.41,643.9,595.25,123028,356.9241,14.1218,0.03956527452195018
87,2020-05-19,630.74,637.27,653.19,625.32,88149,376.3194,14.8892,0.03956532668791458
88,2020-05-20,637.27,625.43,637.27,615.7,72392,373.3976,14.7736,0.039565331967854105
89,2020-05-21,629.86,627.09,638.92,619.46,78067,360.8536,14.2773,0.039565352818982547
90,2020-05-22,626.87,592.15,627.2,592.15,90820,351.7353,13.9165,0.03956526399255349
91,2020-05-25,603.65,597.68,613.94,592.82,78657,357.9317,14.1617,0.039565369594254995
92,2020-05-26,606.2,608.63,613.27,596.69,85024,353.5992,13.9903,0.039565417568818026
93,2020-05-27,608.63,597.79,610.95,594.48,59760,383.8761,15.1882,0.03956537018063901
94,2020-05-28,597.13,619.13,634.94,596.91,103937,381.4579,15.0925,0.03956530982842405
95,2020-05-29,615.15,655.73,660.48,613.38,120081,378.4857,14.9749,0.0395652992966445
96,2020-06-01,662.36,657.61,671.87,653.85,79976,378.0827,14.959,0.039565417830543424
97,2020-06-02,662.59,640.91,664.47,638.48,64869,372.9442,14.7557,0.03956543633068968
98,2020-06-03,650.2,654.07,661.81,646.44,65307,350.9292,13.8846,0.03956524563929135
99,2020-06-04,651.75,667.01,681.82,642.57,70113,347.6043,13.7531,0.03956539087692528
100,2020-06-05,674.08,668.22,679.61,658.72,50033,340.0477,13.4541,0.0395653315696592
101,2020-06-08,669.33,654.18,672.65,650.75,61011,339.5827,13.4311,0.03955177928675401
102,2020-06-09,654.74,668.11,672.98,648.1,56751,338.0712,13.3713,0.03955172756508097
103,2020-06-10,668.45,671.87,683.81,664.47,67227,366.2858,14.4872,0.03955162881007126
104,2020-06-11,667.12,680.72,693.99,667.12,104666,351.1709,13.8894,0.039551682670745214
105,2020-06-12,674.97,679.94,693.32,660.48,100267,346.1326,13.6902,0.03955189427404411
106,2020-06-15,678.4,666.79,692.22,665.46,67569,352.4305,13.9392,0.03955162790961622
107,2020-06-16,685.14,683.48,689.34,672.43,56873,352.6824,13.9492,0.039551732663722375
108,2020-06-17,713.0,724.72,731.91,679.83,160504,327.3396,12.9469,0.0395518904526064
109,2020-06-18,717.21,737.11,744.29,713.67,114056,310.7287,22.27,0.07167023837836672
110,2020-06-19,739.1,735.89,747.94,730.25,71132,311.2579,22.3079,0.07167014877373394
111,2020-06-22,738.21,740.09,760.33,738.21,62827,305.8698,21.9218,0.07167036431841262
112,2020-06-23,740.09,795.71,811.96,738.99,142055,287.8227,20.6283,0.07167016361113977
113,2020-06-24,795.49,795.16,807.76,784.65,88883,280.561,20.1079,0.07167033194207321
114,2020-06-29,795.27,781.33,810.64,764.97,102172,286.2838,20.518,0.07167013991011717
115,2020-06-30,787.97,792.39,811.19,770.72,82159,286.6204,20.5422,0.07167040447923456
116,2020-07-01,796.26,825.56,826.67,785.65,85730,282.7732,20.2664,0.07167015827525382
117,2020-07-02,818.04,763.64,818.93,757.01,208339,281.1381,20.1492,0.07167011514981428
118,2020-07-03,763.53,766.96,779.68,740.65,122665,275.0787,19.715,0.07167039832600633
119,2020-07-06,751.48,768.07,775.25,742.42,172423,281.1862,20.1527,0.07167030245438788
120,2020-07-07,768.07,784.65,817.82,755.9,186583,280.6572,20.1148,0.07167035087644286
121,2020-07-08,783.1,791.95,808.53,779.12,110980,275.0306,19.7115,0.07167020687879821
122,2020-07-09,797.92,840.27,843.25,797.37,152398,269.3078,19.3014,0.07167040835802009
123,2020-07-10,826.56,851.55,878.63,823.35,138649,276.5695,19.8218,0.07167023117155001
124,2020-07-13,845.02,852.43,872.0,838.61,101436,275.7519,19.7632,0.0716702223991929
125,2020-07-14,855.41,858.95,870.23,839.94,100338,259.8339,18.6224,0.07167040174511485
126,2020-07-15,870.34,864.26,894.11,850.99,102242,250.5524,17.9571,0.07167003788429087
127,2020-07-16,864.26,797.81,873.0,796.81,158563,255.2653,18.2949,0.07167014082995221
128,2020-07-17,797.81,807.32,819.59,779.34,95499,250.5043,17.9537,0.0716702268184618
129,2020-07-20,823.35,793.72,826.67,764.75,131483,248.0998,17.7814,0.07167035201156954
130,2020-07-21,793.72,813.73,821.47,785.98,90224,263.2964,18.8705,0.0716701785516247
131,2020-07-22,813.84,841.26,852.98,813.73,127830,262.5751,18.8188,0.071670162174555
132,2020-07-23,832.31,847.68,848.78,823.57,75800,267.7208,19.1876,0.07167018774783282
133,2020-07-24,840.49,805.11,846.46,786.64,158825,264.7392,18.9739,0.07167015689403006
134,2020-07-27,805.22,814.06,827.22,797.15,76647,246.9937,17.7021,0.07167024907922753
135,2020-07-28,814.06,799.58,822.36,793.83,77439,245.0701,17.5642,0.07167010581870248
136,2020-07-29,798.47,835.18,843.25,795.71,93294,244.9739,17.5573,0.071670084037524
137,2020-07-30,862.05,847.45,864.37,812.29,104387,244.7334,17.5401,0.07167023381361105
138,2020-07-31,840.38,867.91,888.36,840.38,91531,242.4732,17.3781,0.07167018870539095
139,2020-08-03,869.79,861.5,876.75,847.79,102105,251.0333,17.9916,0.07167017284161105
140,2020-08-04,857.74,859.84,878.41,846.79,79683,255.7462,17.7187,0.0692823588385673
141,2020-08-05,864.81,878.63,894.22,864.81,91406,247.7632,17.1656,0.06928228243742413
142,2020-08-06,869.01,854.64,878.52,834.41,91368,252.6684,17.5054,0.06928211046573296
143,2020-08-07,849.89,828.44,853.87,820.81,70688,242.906,16.8291,0.06928235613776522
144,2020-08-10,829.65,790.18,832.2,776.03,158214,240.4534,16.6592,0.06928244724341598
145,2020-08-11,784.1,773.04,796.92,764.86,125631,238.0488,16.4926,0.06928243284570222
146,2020-08-12,772.38,761.65,772.38,740.42,115194,233.4802,16.176,0.06928210614861559
147,2020-08-13,762.54,749.27,767.85,740.09,89481,223.9583,16.1036,0.07190445721368666
148,2020-08-14,749.38,756.46,763.87,743.85,87454,221.7942,15.948,0.07190449524829776
149,2020-08-17,757.01,776.91,788.96,750.93,130633,221.1209,15.8996,0.07190455538124166
150,2020-08-18,779.01,770.28,782.11,760.33,71519,221.0728,15.8961,0.07190436815383892
151,2020-08-19,763.64,750.27,775.7,739.76,81103,220.4957,15.8546,0.07190435006215541
152,2020-08-20,744.85,751.48,760.0,729.37,63633,220.64,15.865,0.07190445975344453
153,2020-08-21,751.59,754.8,765.86,740.76,68553,213.8111,15.374,0.07190459241826079
154,2020-08-24,762.54,776.03,786.86,754.8,96364,215.6867,15.5088,0.07190429451607355
155,2020-08-25,784.32,785.2,793.72,771.38,68384,208.6173,15.0005,0.07190439143829395
156,2020-08-26,785.2,778.57,800.13,776.03,46538,211.7432,15.2253,0.07190455230675649
157,2020-08-27,778.57,808.98,821.69,778.02,90750,217.7546,15.6575,0.07190433634926656
158,2020-08-28,838.83,835.84,840.93,812.74,85393,214.0035,15.3878,0.07190443146957877
159,2020-08-31,829.54,792.17,843.81,791.95,176588,219.053,15.7509,0.07190451625862235
160,2020-09-01,792.17,800.13,802.45,786.31,67364,209.8677,15.0904,0.07190434735788308
161,2020-09-02,804.11,828.88,839.82,802.34,95344,214.0035,15.3878,0.07190443146957877
162,2020-09-03,823.9,821.03,833.74,812.63,61075,205.8762,14.8034,0.07190437748510999
163,2020-09-04,806.77,813.84,814.51,794.6,68362,205.2029,14.755,0.071904441896289
164,2020-09-07,806.21,801.24,817.71,791.95,58691,198.1336,14.2467,0.07190451291451828
165,2020-09-08,800.13,797.92,812.18,784.54,62880,209.3387,15.0524,0.07190452601454007
166,2020-09-09,795.6,771.05,797.81,762.65,96968,215.5905,15.5019,0.07190437426509981
167,2020-09-10,775.81,784.1,801.02,775.59,51708,108.5239,14.5839,0.13438422319876084
168,2020-09-11,792.83,817.27,819.92,784.98,52747,104.5435,14.049,0.13438425153165906
169,2020-09-14,826.67,799.36,827.99,789.41,74719,105.0314,14.1146,0.13438457451771565
170,2020-09-15,792.5,817.71,821.8,786.86,53856,105.2882,14.1491,0.13438447993222413
171,2020-09-16,817.82,814.51,830.87,801.57,52187,103.8501,13.9558,0.13438407859019877
172,2020-09-17,809.53,791.84,810.08,775.92,73582,102.6432,13.7936,0.13438396308766679
173,2020-09-18,803.45,798.8,803.45,771.38,82370,104.6462,14.0628,0.13438423946593378
174,2020-09-21,796.92,784.65,797.81,781.11,39946,100.7172,13.5348,0.13438419654239792
175,2020-09-22,781.11,785.2,794.05,775.81,37053,107.8305,14.4907,0.1343840564589796
176,2020-09-23,784.98,782.77,793.17,778.02,42357,107.5994,14.4597,0.1343845783526674
177,2020-09-24,782.55,771.27,784.43,769.17,28703,108.9348,14.6391,0.13438405358067393
178,2020-09-25,783.55,778.24,789.63,771.05,29814,114.2762,15.3569,0.1343840624732009
179,2020-09-28,771.72,780.89,788.52,763.87,29464,105.545,14.1836,0.13438438580700177
180,2020-09-29,783.77,815.17,821.69,782.44,54903,111.7082,15.0118,0.1343840470081874
181,2020-09-30,815.61,828.33,843.03,808.53,59337,114.4046,15.3742,0.13438445656905404
182,2020-10-09,853.76,862.93,872.55,845.8,85058,121.4923,16.3266,0.13438382514776656
183,2020-10-12,879.96,910.04,916.01,875.21,90215,121.2099,16.2887,0.13438423759115384
184,2020-10-13,910.15,915.67,926.18,901.08,67072,118.1026,15.8711,0.13438400170699036
185,2020-10-14,908.49,935.24,944.09,907.49,72178,114.8155,16.1703,0.1408372562937931
186,2020-10-15,924.08,938.01,939.45,914.13,52903,115.5602,16.2751,0.14083655099246972
187,2020-10-16,928.39,922.97,934.36,909.26,48257,109.0889,15.3637,0.1408365104057333
188,2020-10-19,922.97,907.27,928.28,899.97,51385,113.814,16.0292,0.1408368039081308
189,2020-10-20,921.64,928.17,937.23,901.63,54393,111.8366,15.7507,0.14083672071575853
190,2020-10-21,937.01,919.54,943.65,915.23,50292,110.1931,15.5193,0.14083731195510427
191,2020-10-22,919.43,909.59,921.31,895.44,41519,107.5994,15.154,0.14083721656440462
192,2020-10-23,916.23,822.8,917.33,820.81,110124,107.8819,15.1938,0.1408373415744439
193,2020-10-26,839.94,828.1,848.78,806.77,53264,110.9122,15.6205,0.14083662572737715
194,2020-10-27,847.45,819.81,847.45,806.77,95290,111.1433,15.6531,0.1408370994922771
195,2020-10-28,822.24,827.66,834.41,814.73,55181,107.0601,15.078,0.1408367823306722
196,2020-10-29,804.44,827.77,842.48,800.13,103149,107.0345,15.0744,0.1408368329837576
197,2020-10-30,828.88,806.43,834.52,795.16,98154,111.7596,15.7399,0.14083711824308606
198,2020-11-02,820.03,815.72,820.92,791.06,82956,109.4227,15.4108,0.14083732168919247
199,2020-11-03,826.34,831.31,839.71,817.49,72915,108.3441,15.2589,0.14083738754579161
200,2020-11-04,831.31,821.8,833.3,814.51,55924,114.1478,16.0762,0.14083670469338874
201,2020-11-05,833.3,861.5,873.0,830.54,97857,111.7082,15.7326,0.1408365724270913
202,2020-11-06,860.94,807.76,860.94,803.12,104718,107.6251,15.1576,0.14083703522691268
203,2020-11-09,817.82,835.96,850.99,815.72,87336,101.8728,14.3474,0.1408364156084843
204,2020-11-10,845.46,817.49,845.69,817.38,85819,98.1492,13.823,0.14083660386432087
205,2020-11-11,819.37,789.85,836.51,785.2,97532,102.7202,14.4668,0.14083695319907866
206,2020-11-12,801.57,786.64,811.74,781.11,61303,104.7746,14.7561,0.14083661498111183
207,2020-11-13,784.54,788.41,794.49,773.6,68438,103.2081,14.5355,0.1408368141647797
208,2020-11-16,795.71,795.6,798.36,772.6,68861,103.4136,14.5644,0.14083640836408362
209,2020-11-17,799.8,795.71,816.05,782.55,97434,103.4649,14.5717,0.1408371341392105
210,2020-11-18,805.11,769.17,805.55,757.01,88849,102.2323,14.3981,0.14083709356045007
211,2020-11-19,762.54,781.56,788.3,746.51,84716,98.3032,13.8447,0.14083671742120296
212,2020-11-20,787.97,775.03,793.39,772.49,72728,97.3788,13.7145,0.1408366092003598
213,2020-11-23,778.57,769.84,785.98,762.65,86047,96.4286,13.5807,0.1408368471594527
214,2020-11-24,768.07,770.06,772.82,762.98,43550,92.5766,13.0382,0.1408368853468371
215,2020-11-25,764.53,729.37,767.18,727.82,88497,92.2684,12.9948,0.14083694959487755
216,2020-11-26,729.48,756.35,765.41,726.05,93837,87.7744,12.3619,0.14083719170965567
217,2020-11-27,762.32,739.43,765.08,733.24,79338,88.7503,12.4993,0.14083670703084947
218,2020-11-30,741.86,763.64,766.74,729.92,89281,89.9059,12.6621,0.1408372531724837
219,2020-12-01,751.26,765.08,772.27,744.63,109470,88.6732,12.4885,0.1408373668707118
