,日期,开盘,收盘,最高,最低,成交量,pe,pb,roe
0,2020-01-03,58.7,58.0,59.02,57.54,681897,28.7831,5.9527,0.20681233084692058
1,2020-01-06,57.22,58.34,59.04,56.98,666427,28.4256,5.8788,0.20681357649442755
2,2020-01-07,58.65,58.24,58.85,57.73,388505,28.7688,5.9498,0.20681432663162871
3,2020-01-08,57.71,56.04,57.73,56.02,595742,29.1405,6.0266,0.20681182546627547
4,2020-01-09,56.64,57.44,57.66,56.43,478484,28.1539,5.8226,0.20681326565768865
5,2020-01-10,57.93,58.05,58.63,57.44,541432,27.5534,5.6984,0.20681295230352698
6,2020-01-13,58.51,61.27,61.53,58.14,1225620,27.5391,5.6954,0.2068114063277304
7,2020-01-14,61.39,59.86,61.58,59.79,736881,27.5105,5.6895,0.20681194453027024
8,2020-01-15,59.64,60.9,61.48,59.26,708607,27.7679,5.7428,0.20681434318043496
9,2020-01-16,60.93,60.15,61.07,59.98,473824,27.439,5.6747,0.20681147272130906
10,2020-01-17,60.22,59.23,60.68,58.99,434511,27.439,5.6747,0.20681147272130906
11,2020-01-20,59.02,60.68,61.19,58.92,618160,27.8822,5.7664,0.2068129487630101
12,2020-01-21,60.49,59.6,61.48,59.45,555113,28.4113,5.8758,0.20681207829279194
13,2020-01-22,58.85,61.51,62.26,58.19,951080,28.3112,5.8551,0.20681214501681314
14,2020-01-23,60.61,59.33,62.69,58.19,887135,27.968,5.7842,0.20681493135011442
15,2020-02-03,53.52,53.52,53.52,53.52,71297,29.1262,6.0237,0.20681379651310502
16,2020-02-04,48.3,51.61,53.21,48.3,1049232,29.7411,6.1508,0.20681144947564148
17,2020-02-05,51.61,51.08,53.06,50.84,930282,28.2683,5.8463,0.2068147005656513
18,2020-02-06,51.1,51.78,52.92,49.89,836576,28.1539,5.8226,0.20681326565768865
19,2020-02-07,52.05,54.93,55.27,52.05,1055451,26.338,5.447,0.20681145113524185
20,2020-02-10,55.24,54.32,55.24,53.55,708802,26.5382,5.4884,0.20681131350279974
21,2020-02-11,54.56,55.14,56.38,53.98,804088,25.7232,5.3199,0.20681330472103004
22,2020-02-12,54.56,55.34,55.43,53.89,736231,26.338,5.447,0.20681145113524185
23,2020-02-13,54.88,55.51,56.6,54.56,765796,26.2093,5.4204,0.20681208578634303
24,2020-02-14,55.29,56.93,57.83,55.1,879242,26.1521,5.4086,0.20681321958848428
25,2020-02-17,57.68,61.12,61.68,56.93,1236328,26.3094,5.8403,0.22198529803036177
26,2020-02-18,61.22,61.22,62.11,59.84,1028075,26.2522,5.8276,0.2219852050494816
27,2020-02-19,60.66,60.08,62.5,60.06,1028751,26.6526,5.9165,0.22198584753457448
28,2020-02-20,60.01,60.76,61.07,58.6,920186,27.2531,6.0498,0.2219857557488873
29,2020-02-21,61.07,62.91,64.43,60.85,1210309,26.8956,5.9705,0.2219879831645325
30,2020-02-24,63.27,69.08,69.08,63.27,1081429,27.4533,6.0943,0.22198788488087043
31,2020-02-25,72.22,75.85,75.85,69.1,2528610,26.9814,5.9895,0.221986257199404
32,2020-02-26,75.9,71.01,77.5,69.88,1995057,27.1101,6.0181,0.2219873773980915
33,2020-02-27,70.82,68.6,72.39,67.99,1450995,27.4962,6.1038,0.2219870382089161
34,2020-02-28,65.45,64.48,67.72,62.74,1338945,27.7107,6.1514,0.22198645288643015
35,2020-03-02,66.93,70.6,70.8,65.93,1456103,28.4113,6.3069,0.22198561839831332
36,2020-03-03,72.71,70.02,74.98,68.79,1657645,28.5114,6.3291,0.22198489025442458
37,2020-03-04,68.6,67.82,69.8,65.69,905039,27.6392,6.1355,0.22198544096790068
38,2020-03-05,70.48,68.33,71.18,66.66,909065,26.867,5.9641,0.22198607957717645
39,2020-03-06,66.18,67.26,68.76,65.84,488826,27.3532,6.072,0.22198499627100302
40,2020-03-09,65.64,66.3,69.56,65.45,771462,27.4533,6.0943,0.22198788488087043
41,2020-03-10,65.6,72.8,72.8,64.97,1362414,27.725,6.1546,0.22198737601442742
42,2020-03-11,73.22,70.22,76.24,70.05,1362169,28.111,6.2403,0.2219878339440077
43,2020-03-12,68.04,69.44,70.26,67.58,690640,28.9117,6.418,0.22198625469965447
44,2020-03-13,66.1,70.53,72.22,65.57,941397,29.2692,6.4974,0.22198761838383008
45,2020-03-16,71.47,64.14,71.89,63.61,1080885,29.1119,6.4624,0.22198482407537812
46,2020-03-17,65.43,62.52,66.37,58.68,810729,29.069,6.4529,0.2219856204203791
47,2020-03-18,63.51,60.39,64.75,60.08,649062,28.5543,6.3387,0.2219875815551423
48,2020-03-19,60.32,64.26,65.09,60.2,983515,25.9519,5.761,0.22198760013717686
49,2020-03-20,65.57,64.0,65.57,62.79,675867,26.4095,5.8625,0.22198451314867754
50,2020-03-23,61.82,62.31,64.85,61.58,537746,26.5096,5.8848,0.22198750641277123
51,2020-03-24,63.9,63.39,64.58,60.47,573028,26.4524,5.8721,0.22198741891094945
52,2020-03-25,65.21,65.21,66.56,64.43,672966,26.2093,5.8181,0.2219860889073726
53,2020-03-26,64.48,63.44,65.31,63.27,433889,26.624,5.9102,0.22198768028846153
54,2020-03-27,64.53,62.04,64.72,61.82,410336,28.2111,6.2625,0.22198709018790477
55,2020-03-30,60.15,58.77,60.59,57.78,528945,29.212,6.4847,0.22198753936738327
56,2020-03-31,59.93,58.63,60.18,58.36,336052,29.9555,6.6497,0.22198594581963246
57,2020-04-01,58.65,58.14,59.89,57.47,415872,29.8555,6.6275,0.22198589874562477
58,2020-04-02,57.54,60.22,60.22,57.22,482442,30.3845,6.7449,0.22198489361352006
59,2020-04-03,59.89,58.39,59.89,58.07,391957,30.1557,6.6942,0.22198788288781227
60,2020-04-07,59.89,63.06,63.25,59.28,790692,30.0842,6.6783,0.22198695660845227
61,2020-04-08,62.55,63.06,63.93,61.8,508817,29.8983,6.637,0.22198586541709728
62,2020-04-09,63.49,63.32,65.18,63.15,401368,29.5838,6.5672,0.22198635739830583
63,2020-04-10,63.32,61.6,63.64,61.0,336426,30.0413,6.6688,0.22198773022472396
64,2020-04-13,60.56,60.83,61.63,59.4,285391,30.985,7.4581,0.24070033887364856
65,2020-04-14,61.6,62.45,62.57,61.1,302733,30.7849,7.41,0.2407024222914481
66,2020-04-15,62.86,61.51,63.39,61.39,351624,31.3568,7.5476,0.2407005816920094
67,2020-04-16,60.71,61.41,61.75,59.91,258975,32.9296,7.9262,0.24070137505466205
68,2020-04-17,62.09,63.71,64.43,62.09,658461,33.33,8.0226,0.24070207020702072
69,2020-04-20,63.88,64.6,64.85,63.08,423802,33.6875,8.1086,0.24070055658627085
70,2020-04-21,63.95,66.44,66.56,63.42,580784,33.8591,8.1499,0.24070043208472763
71,2020-04-22,66.18,65.81,67.34,64.72,484660,33.4158,8.0432,0.2407005069458161
72,2020-04-23,66.2,64.43,66.3,63.85,417151,33.5016,8.0639,0.24070193662392242
73,2020-04-24,64.39,63.18,64.92,62.91,266693,33.4873,8.0604,0.2407002057496424
74,2020-04-27,63.39,63.42,64.36,62.5,224185,33.5016,8.0639,0.24070193662392242
75,2020-04-28,63.27,64.43,64.87,61.94,389612,33.7304,8.1189,0.24069978417095556
76,2020-04-29,63.88,63.64,65.16,63.51,267325,33.5159,8.0673,0.24070068236269945
77,2020-04-30,64.36,66.32,67.26,64.34,613952,33.9658,8.1745,0.24066855484045716
78,2020-05-06,65.74,68.57,68.89,65.5,564045,34.5378,8.3121,0.24066674773726177
79,2020-05-07,70.05,67.58,71.21,67.58,567177,34.452,8.2915,0.24066817601300358
80,2020-05-08,68.09,67.65,69.08,67.55,389721,35.0241,8.4292,0.24066856821445806
81,2020-05-11,68.23,66.83,68.3,66.06,438819,34.4091,8.2812,0.24066889282195697
82,2020-05-12,66.54,67.87,67.87,65.96,378125,34.2518,8.2433,0.24066764374427035
83,2020-05-13,67.26,67.36,67.7,66.39,268981,34.7809,8.3707,0.2406694478866274
84,2020-05-14,66.9,67.02,67.82,66.44,290210,33.7369,8.1194,0.24066822974250748
85,2020-05-15,67.26,66.22,67.51,65.47,508007,33.6797,8.1056,0.24066722684584488
86,2020-05-18,65.57,62.31,65.57,61.7,850777,33.5939,8.085,0.2406686928281623
87,2020-05-19,62.62,62.93,63.25,62.26,441878,34.4806,8.2984,0.24066866585848276
88,2020-05-20,62.6,61.41,62.6,61.1,536366,35.4102,8.5221,0.24066794313502887
89,2020-05-21,61.7,60.1,61.8,59.84,389830,35.5961,8.5668,0.24066681462295028
90,2020-05-22,59.89,60.3,60.71,58.92,309177,35.4817,8.5393,0.24066772448896195
91,2020-05-25,60.39,58.92,60.73,58.34,326236,34.6665,8.3431,0.24066750320915004
92,2020-05-26,59.4,59.93,60.08,59.31,296088,34.4806,8.2984,0.24066866585848276
93,2020-05-27,59.93,59.04,59.93,58.77,202398,36.54,8.794,0.24066776135741655
94,2020-05-28,59.04,58.51,59.35,57.22,363105,38.4564,9.2552,0.24066735315838195
95,2020-05-29,57.68,58.51,58.72,57.59,202743,40.0152,9.6304,0.24066854595253803
96,2020-06-01,59.04,60.83,61.34,59.04,483646,38.9569,9.3757,0.24066853368722874
97,2020-06-02,61.34,60.66,61.34,60.13,346883,40.1153,9.6545,0.2406687722639492
98,2020-06-03,60.95,60.71,61.46,59.91,422942,38.0989,9.1692,0.24066836575334197
99,2020-06-04,60.73,60.18,61.29,59.91,269809,37.8414,9.1072,0.24066762857610977
100,2020-06-05,60.18,60.25,60.66,59.74,206960,38.0416,9.1554,0.2406681106998654
101,2020-06-08,60.85,60.95,62.21,60.85,379772,36.9118,8.8835,0.24066829577533472
102,2020-06-09,61.14,60.52,61.39,60.37,240948,36.1539,8.7011,0.24066836496200963
103,2020-06-10,60.64,59.67,60.73,59.55,275155,35.5675,8.56,0.24066915020735222
104,2020-06-11,59.72,59.35,60.47,59.26,333373,35.7248,8.5978,0.2406675474740236
105,2020-06-12,57.47,58.51,58.87,57.47,410622,35.067,8.4395,0.24066786437391283
106,2020-06-15,58.14,58.51,58.6,57.68,362408,35.6962,8.5909,0.24066707380617544
107,2020-06-16,59.18,60.03,60.18,58.92,503105,34.4949,8.3018,0.24066746098698646
108,2020-06-17,60.37,60.35,60.64,59.5,356550,35.1671,8.4636,0.24066812446860844
109,2020-06-18,60.37,61.36,61.77,59.98,469814,34.9669,8.4154,0.24066760279006716
110,2020-06-19,61.56,60.97,61.56,60.61,346050,35.1957,8.4705,0.24066860440337878
111,2020-06-22,61.1,61.31,62.23,60.93,411493,34.595,8.3259,0.2406677265500795
112,2020-06-23,61.31,60.18,61.31,59.93,353168,34.4091,8.2812,0.24066889282195697
113,2020-06-24,60.25,62.21,62.81,60.25,688785,33.5081,8.0643,0.2406671819649577
114,2020-06-29,61.92,61.14,62.38,60.56,451681,33.5081,8.0643,0.2406671819649577
115,2020-06-30,61.6,62.26,62.72,61.12,498621,34.0087,8.1848,0.24066782911431486
116,2020-07-01,62.62,61.99,63.22,61.36,517523,34.1946,8.2295,0.2406666549689132
117,2020-07-02,62.11,62.98,63.01,61.43,614247,34.6951,8.35,0.2406679905808025
118,2020-07-03,63.15,64.26,64.72,62.38,794059,34.9525,8.412,0.2406694800085831
119,2020-07-06,64.72,66.18,67.1,64.72,835580,34.5378,8.3121,0.24066674773726177
120,2020-07-07,66.66,65.84,68.84,65.69,1003376,34.4949,8.3018,0.24066746098698646
121,2020-07-08,65.84,66.27,66.85,64.72,947684,34.8095,8.3775,0.2406670592797943
122,2020-07-09,66.51,69.68,70.65,66.32,1145647,34.7809,8.3707,0.2406694478866274
123,2020-07-10,68.91,67.72,68.98,67.19,835618,34.881,8.3947,0.2406668386800837
124,2020-07-13,67.7,69.51,69.97,67.46,806935,33.5081,8.0643,0.2406671819649577
125,2020-07-14,69.49,66.88,69.49,65.91,860289,33.5081,8.0643,0.2406671819649577
126,2020-07-15,66.88,63.64,67.22,63.27,824649,33.8227,8.14,0.2406667711329965
127,2020-07-16,63.61,60.15,64.24,59.91,729284,34.3519,8.2674,0.2406679106541414
128,2020-07-17,60.49,60.47,61.05,59.52,377342,33.7512,8.1228,0.24066699850671977
129,2020-07-20,60.85,61.85,62.11,60.3,394766,34.5664,8.319,0.24066723754860211
130,2020-07-21,61.94,62.04,62.76,61.29,341403,34.452,8.2915,0.24066817601300358
131,2020-07-22,62.06,61.72,62.52,61.34,348910,35.2243,8.4774,0.2406690835587932
132,2020-07-23,61.19,60.15,61.19,58.94,492529,36.1253,8.6942,0.24066789756763265
133,2020-07-24,59.89,58.65,60.97,57.61,450769,35.7534,8.6047,0.24066802038407534
134,2020-07-27,58.68,58.8,59.14,57.64,260708,38.0702,9.1623,0.24066855440738424
135,2020-07-28,59.16,58.89,59.6,58.39,250747,38.5422,9.2759,0.2406686696659765
136,2020-07-29,58.99,60.66,60.95,58.92,372620,38.7424,9.3241,0.24066913768894024
137,2020-07-30,60.97,59.77,60.97,59.64,274713,39.0427,9.3963,0.24066726942552638
138,2020-07-31,59.67,60.03,60.81,59.64,303345,38.4278,9.2483,0.24066691301609774
139,2020-08-03,60.15,61.07,61.07,60.13,404905,39.2001,8.8266,0.2251677929393037
140,2020-08-04,61.1,60.1,61.22,59.89,366820,39.1572,8.8169,0.22516676371139918
141,2020-08-05,61.34,60.25,61.34,60.13,314107,39.7435,8.949,0.22516889554266736
142,2020-08-06,60.25,59.28,60.27,58.75,345128,38.4135,8.6495,0.22516823512567197
143,2020-08-07,59.26,58.53,59.28,57.71,344504,36.826,8.292,0.22516700157497418
144,2020-08-10,58.43,58.89,59.04,57.88,222398,37.298,8.3983,0.22516756930666523
145,2020-08-11,59.11,58.51,59.11,57.95,267052,36.6973,8.2631,0.22516915413395536
146,2020-08-12,58.43,58.48,58.53,57.54,266543,36.5543,8.2309,0.2251691319489089
147,2020-08-13,58.82,58.51,58.89,58.17,166325,37.298,8.3983,0.22516756930666523
148,2020-08-14,58.39,58.36,58.8,57.97,217044,38.1132,8.5819,0.22516870795419958
149,2020-08-17,58.41,59.11,59.52,58.1,312821,38.485,9.04,0.2348967130050669
150,2020-08-18,59.16,58.82,59.38,58.56,216934,37.3981,8.7847,0.23489696000598964
151,2020-08-19,58.82,58.22,58.82,57.71,261087,36.8689,8.6604,0.23489716264927893
152,2020-08-20,57.73,57.54,58.24,57.54,172231,35.5103,8.3413,0.2348980436662039
153,2020-08-21,57.49,54.88,57.85,53.86,748538,35.5675,8.3547,0.23489702678006605
154,2020-08-24,54.88,53.91,54.88,52.22,421472,36.1253,8.4858,0.23489908734321926
155,2020-08-25,53.79,54.25,54.95,53.6,276230,35.1671,8.2607,0.23489852731672503
156,2020-08-26,53.06,52.65,53.98,52.41,346935,35.6247,8.3682,0.2348988202005912
157,2020-08-27,53.09,51.88,53.09,50.72,365807,36.6401,8.6067,0.23489837636906014
158,2020-08-28,51.78,52.41,52.51,51.15,263520,36.4828,8.5697,0.23489699255539595
159,2020-08-31,52.58,52.73,53.72,52.58,311317,36.4828,8.5697,0.23489699255539595
160,2020-09-01,52.73,52.85,53.14,51.98,189204,33.7226,7.9214,0.23489885121550533
161,2020-09-02,53.09,53.23,53.45,52.85,224044,34.8095,8.1767,0.2348985190824344
162,2020-09-03,53.31,52.34,53.35,52.27,198124,33.5796,7.8878,0.23489856936949816
163,2020-09-04,51.3,52.51,52.87,51.01,199017,33.8656,7.955,0.2348991306812813
164,2020-09-07,52.27,51.25,52.97,51.18,236718,33.9515,7.9751,0.23489683813675388
165,2020-09-08,50.94,49.56,51.1,49.27,350786,35.8821,8.4286,0.23489706566783994
166,2020-09-09,48.78,46.87,48.78,46.82,411559,36.7116,8.6235,0.23489850619422745
167,2020-09-10,47.55,46.17,47.72,46.15,263761,79.8189,8.8687,0.1111102758870393
168,2020-09-11,45.76,46.58,46.8,45.3,293893,77.5513,8.6168,0.11111096783677385
169,2020-09-14,46.7,46.68,47.28,46.17,218034,76.1908,8.4656,0.11111052778025694
170,2020-09-15,46.7,46.51,46.77,45.78,212124,78.3072,8.7008,0.1111111111111111
171,2020-09-16,46.46,45.73,46.82,45.61,197266,78.6398,8.7377,0.11111040465514918
172,2020-09-17,45.73,50.14,50.14,44.84,518747,73.8023,8.2002,0.11111035834926554
173,2020-09-18,50.64,51.06,51.56,48.9,820441,76.4629,8.4958,0.11111009391482665
174,2020-09-21,50.45,51.08,52.51,50.23,438152,78.4886,8.7209,0.11111040329423635
175,2020-09-22,50.4,51.35,52.02,50.28,350557,86.4705,9.6078,0.1111107256231894
176,2020-09-23,51.37,50.74,51.78,50.45,253500,85.1099,9.4566,0.11111045836030826
177,2020-09-24,50.19,49.39,50.19,49.02,323322,86.0774,9.5641,0.11111046569715163
178,2020-09-25,49.85,48.73,49.97,48.49,196266,89.3125,9.9236,0.1111109867039888
179,2020-09-28,49.56,48.27,49.6,48.01,158809,81.1795,9.0199,0.11111056362751678
180,2020-09-29,48.88,48.1,49.02,48.1,196731,82.3888,9.1543,0.11111097624919891
181,2020-09-30,48.27,47.28,48.42,46.92,241317,83.7192,9.3021,0.11111071295473439
182,2020-10-09,48.3,48.59,49.1,48.06,261191,83.0842,9.2315,0.11111017497911758
183,2020-10-12,49.31,50.06,50.11,49.1,323310,85.8356,9.5372,0.11111007553975275
184,2020-10-13,50.19,49.89,50.33,49.27,228814,86.5612,9.6179,0.11111098274977704
185,2020-10-14,49.51,48.71,49.68,48.54,222559,78.9119,8.7679,0.11110998467911683
186,2020-10-15,48.81,48.35,49.1,48.3,142690,84.0517,10.048,0.11954547022844274
187,2020-10-16,48.37,47.69,48.39,47.57,146170,87.0752,10.4095,0.11954609349160267
188,2020-10-19,48.08,47.48,48.39,47.35,124177,93.1221,11.1323,0.11954519925989641
189,2020-10-20,47.48,48.27,48.27,47.02,143110,84.6564,10.1203,0.1195455984426458
190,2020-10-21,48.18,47.33,48.18,47.06,151757,76.9466,9.1986,0.11954524306467083
191,2020-10-22,47.31,47.94,48.61,46.63,182002,74.2558,8.8769,0.11954487056903298
192,2020-10-23,47.86,46.92,48.39,46.8,150296,73.4092,8.7757,0.11954496166693004
193,2020-10-26,46.8,46.24,46.92,45.98,109605,74.8302,8.9456,0.11954531726495453
194,2020-10-27,46.29,46.34,46.48,45.73,108984,74.7093,8.9312,0.11954602706758062
195,2020-10-28,45.81,46.07,46.1,44.6,282443,69.4787,8.3059,0.11954599035387822
196,2020-10-29,45.13,46.17,47.19,45.01,207933,67.6949,8.0926,0.11954519468970334
197,2020-10-30,46.41,46.39,47.86,45.93,262028,67.4833,8.0673,0.11954513190670876
198,2020-11-02,46.48,45.35,46.6,44.89,211524,67.2414,8.0384,0.11954539911423616
199,2020-11-03,45.32,46.73,47.06,45.3,241660,66.2134,7.9155,0.11954528841593999
200,2020-11-04,46.73,46.39,47.28,46.29,177808,66.9693,8.0059,0.11954582174220128
201,2020-11-05,47.06,49.46,49.73,46.8,598434,63.0388,7.536,0.11954542281896229
202,2020-11-06,49.36,49.65,50.33,48.71,483739,62.162,7.4312,0.1195457031627039
203,2020-11-09,50.69,52.14,52.39,50.6,685370,62.8272,7.5107,0.1195453561514758
204,2020-11-10,52.34,51.1,52.34,50.69,366879,65.2157,7.7962,0.11954483352934953
205,2020-11-11,51.13,49.14,51.66,48.81,364842,72.4719,8.6637,0.11954564458776436
206,2020-11-12,49.41,49.73,50.43,49.14,249533,75.193,8.989,0.11954570239250996
207,2020-11-13,49.34,49.89,50.43,49.05,221978,72.8045,8.7035,0.11954618189809695
208,2020-11-16,50.21,49.0,50.45,48.9,271628,74.1651,8.8661,0.11954544657797266
209,2020-11-17,48.98,48.25,48.98,47.52,286255,72.351,8.6492,0.11954499592265484
210,2020-11-18,48.15,48.25,48.76,47.89,173759,73.4999,8.7866,0.11954574087855903
211,2020-11-19,48.03,48.81,49.22,47.79,189209,74.4372,8.8986,0.11954506617658912
212,2020-11-20,48.85,48.37,49.19,48.01,165615,73.1371,8.7432,0.11954534702633819
213,2020-11-23,48.49,48.42,48.83,47.81,173500,74.8907,8.9529,0.11954621868936997
214,2020-11-24,48.35,48.44,48.83,48.08,155579,70.8695,8.4721,0.11954507933596256
215,2020-11-25,48.52,49.46,50.16,48.39,369141,70.1137,8.3818,0.11954582342680532
216,2020-11-26,49.53,51.13,51.25,49.27,514311,68.3601,8.1721,0.11954488071257942
217,2020-11-27,51.1,50.5,51.1,50.04,306938,71.1114,8.5011,0.11954623309342804
218,2020-11-30,50.4,49.92,50.91,49.8,304117,71.2323,8.5155,0.11954548708942432
219,2020-12-01,50.21,50.52,50.62,49.48,255202,70.809,8.4649,0.11954553799658237
