,日期,开盘,收盘,最高,最低,成交量,pe,pb,roe
0,2020-01-03,955.44,942.11,974.3,937.83,534347,78.0493,14.7524,0.18901386687644858
1,2020-01-06,935.31,962.98,979.33,930.28,747447,76.5825,14.4752,0.18901446152841705
2,2020-01-07,963.74,968.01,973.55,950.41,439450,77.0418,14.562,0.18901427536739795
3,2020-01-08,952.92,944.37,966.76,943.11,437551,74.3454,14.0523,0.18901371167550382
4,2020-01-09,949.9,1009.77,1018.07,949.9,886439,75.6788,14.3043,0.1890133035936088
5,2020-01-10,1019.07,1003.98,1025.36,999.96,531655,75.5158,14.2735,0.18901342500509827
6,2020-01-13,1010.52,1048.0,1058.57,995.68,673724,76.5677,14.4724,0.18901442775478433
7,2020-01-14,1060.83,1056.81,1090.76,1050.77,564730,77.3085,14.6124,0.1890141446283397
8,2020-01-15,1056.05,1103.84,1103.84,1048.25,545168,77.1011,14.5732,0.18901416451905353
9,2020-01-16,1086.23,1081.2,1093.78,1072.65,704864,77.6789,14.6824,0.18901400509018537
10,2020-01-17,1079.19,1058.57,1089.76,1048.25,668548,79.0864,14.9484,0.18901353456472922
11,2020-01-20,1056.3,1101.33,1118.43,1056.3,756048,78.2123,14.7832,0.18901374847690197
12,2020-01-21,1098.81,1114.41,1118.93,1088.75,531396,82.7755,15.6457,0.18901365742278817
13,2020-01-22,1098.81,1191.88,1200.18,1078.19,695121,84.5238,15.9762,0.18901421848047534
14,2020-01-23,1161.7,1140.32,1183.58,1113.9,760077,84.0052,15.8782,0.18901448957921652
15,2020-02-03,1026.87,1028.38,1077.18,1026.87,1184279,86.0942,16.273,0.18901389408345742
16,2020-02-04,1050.52,1125.47,1125.47,1048.76,1065875,88.3018,16.6903,0.18901426697983506
17,2020-02-05,1115.92,1126.73,1186.35,1111.39,950860,87.4869,16.5362,0.18901344086943303
18,2020-02-06,1118.93,1124.72,1142.83,1090.01,832352,86.6572,16.3794,0.18901372303743946
19,2020-02-07,1108.87,1080.7,1108.87,1063.6,1097290,85.8275,16.2226,0.1890140106609187
20,2020-02-10,1049.01,1091.77,1094.79,1040.46,796364,84.2274,15.9202,0.18901450121931818
21,2020-02-11,1086.23,1149.12,1170.25,1081.2,1073094,83.6793,15.8165,0.189013292415209
22,2020-02-12,1136.54,1139.06,1147.61,1120.44,732763,81.2791,15.3629,0.18901415000904292
23,2020-02-13,1136.54,1113.9,1149.12,1111.39,643391,86.5239,16.3542,0.18901367136710204
24,2020-02-14,1102.33,1120.44,1144.09,1102.33,571538,88.0647,16.6455,0.1890144405193
25,2020-02-17,1122.71,1165.72,1167.23,1122.2,845440,85.3683,17.6738,0.20703000996857146
26,2020-02-18,1161.7,1157.92,1164.46,1126.48,905737,85.1905,17.637,0.2070301265986231
27,2020-02-19,1140.32,1163.71,1199.93,1132.77,911999,84.0793,17.407,0.20703074359562937
28,2020-02-20,1185.59,1254.76,1266.08,1185.59,1160171,85.3238,17.6646,0.20703016040073224
29,2020-02-21,1234.64,1271.11,1295.76,1229.11,817229,85.4572,17.6922,0.2070299518355387
30,2020-02-24,1262.56,1287.46,1303.31,1238.41,776499,87.7388,18.1646,0.20703041299858216
31,2020-02-25,1248.98,1288.47,1299.54,1223.32,936915,86.6276,17.9345,0.20702986115279656
32,2020-02-26,1257.78,1202.19,1265.33,1187.1,960565,86.4794,17.9039,0.20703080733677617
33,2020-02-27,1202.19,1180.81,1230.11,1172.51,758947,88.524,18.3271,0.20702973205006553
34,2020-02-28,1180.81,1206.97,1247.22,1176.79,1668784,88.5981,18.3425,0.2070303990717634
35,2020-03-02,1212.25,1226.84,1249.73,1162.2,1325611,90.9686,18.8333,0.20703077765294842
36,2020-03-03,1263.57,1214.52,1277.4,1194.9,1048221,91.8575,19.0173,0.2070304547805024
37,2020-03-04,1206.97,1157.17,1221.06,1129.0,1233173,91.0279,18.8455,0.20702993258110974
38,2020-03-05,1177.54,1148.62,1190.37,1119.19,1005894,84.6423,17.5235,0.2070300547125964
39,2020-03-06,1131.51,1150.63,1170.25,1120.7,685798,84.3015,17.453,0.2070307171284022
40,2020-03-09,1117.68,1073.16,1134.28,1067.37,1021807,84.2867,17.4499,0.20703029066270243
41,2020-03-10,1064.35,1140.82,1151.38,1064.35,1138046,81.7828,16.9315,0.20703008456545877
42,2020-03-11,1153.9,1110.63,1157.92,1110.63,733967,82.0051,16.9775,0.20702980668275509
43,2020-03-12,1071.39,1092.02,1113.4,1064.85,651610,83.5607,17.2996,0.20703033842464225
44,2020-03-13,1014.55,1085.23,1122.46,1013.54,847163,82.5977,17.1002,0.20702997783231253
45,2020-03-16,1078.69,977.07,1080.7,977.07,1402451,81.205,16.8119,0.20703035527369007
46,2020-03-17,990.65,951.92,1009.52,898.84,1276810,82.3458,17.0481,0.20703059536734117
47,2020-03-18,962.98,945.88,1004.99,940.34,969424,79.5309,16.4653,0.20703022347288913
48,2020-03-19,940.34,939.84,962.48,900.85,1223729,80.2865,16.6217,0.20702982444121987
49,2020-03-20,956.19,966.0,975.56,935.31,1059396,82.2125,17.0205,0.2070305610460696
50,2020-03-23,913.43,869.91,930.28,869.91,1319124,83.2792,17.2413,0.2070300867443491
51,2020-03-24,895.07,895.32,901.86,857.34,1001009,82.894,17.1616,0.20703066566940911
52,2020-03-25,939.84,984.36,984.36,939.09,1388617,78.6715,16.2874,0.2070305002446884
53,2020-03-26,973.04,944.12,973.8,944.12,986156,76.5233,15.8426,0.20702975433626095
54,2020-03-27,969.27,936.57,969.27,916.45,915621,78.1678,16.1831,0.20703026054206464
55,2020-03-30,913.93,964.99,975.56,905.38,1260316,77.4715,16.0389,0.20702968188301504
56,2020-03-31,982.85,964.49,988.64,951.41,677098,81.5458,16.8824,0.20702966921656296
57,2020-04-01,960.47,986.88,1027.88,957.95,987491,82.3755,17.0542,0.20703000285278997
58,2020-04-02,976.82,1060.58,1067.62,976.06,1087659,84.9386,17.5849,0.20703072572422906
59,2020-04-03,1040.96,1041.71,1062.34,1020.84,789301,84.4645,17.4867,0.2070301724393088
60,2020-04-07,1086.23,1065.11,1086.23,1049.26,827870,81.4865,16.8702,0.20703061243273424
61,2020-04-08,1061.08,1070.89,1103.84,1051.27,847944,82.7014,17.1217,0.20703035256960584
62,2020-04-09,1073.16,1041.96,1077.68,1035.93,617363,81.7828,16.9315,0.20703008456545877
63,2020-04-10,1035.93,1001.97,1035.93,991.41,792586,81.4421,16.861,0.20703051615810497
64,2020-04-13,980.09,991.41,1001.47,964.24,496856,83.3533,17.2567,0.207030795421417
65,2020-04-14,1002.73,1042.97,1042.97,998.2,754025,85.1164,19.1049,0.22445615651037873
66,2020-04-15,1048.5,1042.72,1071.39,1034.67,738878,79.442,17.8313,0.22445683643412806
67,2020-04-16,1028.13,1042.97,1048.5,1013.29,399446,76.0195,17.0631,0.2244568827734989
68,2020-04-17,1080.7,1063.35,1091.27,1056.3,837565,74.5083,16.7239,0.22445687259003358
69,2020-04-20,1057.81,1070.89,1073.66,1053.03,386793,78.1085,17.532,0.22445700531952348
70,2020-04-21,1061.08,1045.99,1067.12,1017.82,670748,79.8124,17.9144,0.22445635014108084
71,2020-04-22,1036.68,1057.31,1059.07,1027.38,409661,79.7086,17.8911,0.22445633219000208
72,2020-04-23,1061.08,1047.25,1066.11,1045.23,374811,77.3381,17.3591,0.22445728560696476
73,2020-04-24,1044.98,1041.96,1063.09,1030.14,466931,78.8197,17.6916,0.22445657621127715
74,2020-04-27,1052.28,1060.33,1063.6,1025.36,432375,77.3085,17.3524,0.22445656040409528
75,2020-04-28,1089.0,1149.12,1164.46,1077.93,1391618,77.6789,17.4356,0.22445734942178636
76,2020-04-29,1142.83,1164.21,1166.22,1131.51,592439,79.4864,17.8413,0.22445726564544374
77,2020-04-30,1181.82,1194.65,1217.03,1178.3,779093,83.3237,18.7026,0.22445714724622165
78,2020-05-06,1177.04,1199.68,1207.47,1170.5,798790,84.7164,19.0152,0.22445712990636998
79,2020-05-07,1205.97,1183.58,1221.06,1180.56,514456,84.909,19.0584,0.22445677136699288
80,2020-05-08,1191.88,1193.14,1211.5,1174.52,520445,87.7684,19.7002,0.22445663815222788
81,2020-05-11,1206.72,1177.79,1208.23,1166.98,562514,86.8054,19.4841,0.22445723422736374
82,2020-05-12,1170.5,1203.45,1208.98,1160.94,634561,83.8571,18.8223,0.22445684384506498
83,2020-05-13,1186.85,1248.48,1262.31,1170.75,1039515,85.4127,19.1715,0.2244572528441321
84,2020-05-14,1222.32,1232.38,1254.76,1221.06,579818,82.894,18.6061,0.22445653485173836
85,2020-05-15,1233.38,1217.79,1238.92,1216.03,517717,78.0493,17.5187,0.2244568497090941
86,2020-05-18,1181.82,1147.36,1185.59,1140.82,1127494,78.6715,17.6584,0.22445739562611622
87,2020-05-19,1169.24,1183.33,1197.92,1167.48,659658,85.0127,19.0817,0.2244570517110973
88,2020-05-20,1191.63,1166.98,1199.43,1158.17,576438,84.909,19.0584,0.22445677136699288
89,2020-05-21,1168.74,1161.7,1186.35,1159.18,464200,82.9681,18.6228,0.22445735168094724
90,2020-05-22,1156.16,1125.22,1156.16,1119.69,563598,82.5088,18.5197,0.2244572700124108
91,2020-05-25,1121.2,1114.66,1128.49,1097.3,450602,81.7236,18.3434,0.22445658292096773
92,2020-05-26,1131.26,1161.7,1173.27,1125.98,617092,78.4049,17.5985,0.2244566347256358
93,2020-05-27,1154.15,1124.97,1154.4,1116.42,451314,84.1089,18.8788,0.22445662706324773
94,2020-05-28,1112.65,1122.71,1128.74,1093.78,436834,87.3536,19.6071,0.22445669096637116
95,2020-05-29,1111.89,1123.97,1146.1,1104.09,386208,88.8944,19.9529,0.22445620871505964
96,2020-06-01,1156.66,1209.99,1225.59,1156.66,949180,83.22,18.6793,0.22445686133141074
97,2020-06-02,1211.75,1220.05,1234.89,1208.23,671230,83.3978,18.7192,0.2244567602502704
98,2020-06-03,1229.61,1279.92,1317.14,1212.25,1091091,82.6718,18.5562,0.22445622328290904
99,2020-06-04,1289.48,1267.34,1304.06,1256.78,556827,81.0421,18.1904,0.22445617771503945
100,2020-06-05,1274.89,1308.84,1319.16,1256.02,686880,78.0937,17.5287,0.22445728656729033
101,2020-06-08,1325.19,1291.49,1366.45,1274.89,759508,74.9676,16.827,0.2244569654090567
102,2020-06-09,1290.23,1302.56,1317.65,1276.4,514379,75.9899,17.0564,0.2244561448297734
103,2020-06-10,1315.13,1378.52,1390.09,1315.13,867116,76.5973,17.1928,0.2244569978315162
104,2020-06-11,1379.02,1384.81,1425.81,1364.43,713575,76.0788,17.0764,0.2244567474776153
105,2020-06-12,1355.63,1375.5,1383.8,1354.12,592732,71.16,15.9723,0.22445615514333897
106,2020-06-15,1362.42,1347.83,1393.11,1347.33,498873,72.6564,16.3082,0.22445648284253003
107,2020-06-16,1383.8,1394.87,1416.75,1368.21,543084,72.6712,16.3115,0.2244561807153315
108,2020-06-17,1411.41,1410.1,1433.97,1371.85,600047,70.1229,15.7396,0.22445734560321948
109,2020-06-18,1410.43,1500.35,1500.35,1403.89,956377,67.5597,15.1642,0.22445629569107023
110,2020-06-19,1492.18,1498.72,1518.34,1479.43,725098,67.6338,15.1809,0.22445729797822983
111,2020-06-22,1498.72,1555.29,1562.48,1498.72,856778,63.5447,14.263,0.2244561702234805
112,2020-06-23,1577.2,1611.53,1622.97,1539.92,857987,62.9911,13.7177,0.2177720344620113
113,2020-06-24,1610.88,1611.2,1627.88,1573.27,781284,60.8598,13.2536,0.2177726512410491
114,2020-06-29,1583.74,1578.18,1610.55,1563.46,707237,62.1135,13.5266,0.2177723039274876
115,2020-06-30,1616.43,1686.74,1694.91,1605.97,906676,62.5352,13.6184,0.217771750949865
116,2020-07-01,1677.25,1698.18,1698.18,1642.59,771150,62.2503,13.5564,0.21777244447014713
117,2020-07-02,1675.62,1684.77,1708.64,1661.56,738657,58.8027,12.8056,0.21777231317609566
118,2020-07-03,1676.27,1662.21,1694.91,1609.89,1058319,58.3013,12.6964,0.2177721594544204
119,2020-07-06,1656.98,1731.21,1749.85,1629.51,1301078,59.0876,12.8676,0.21777157982385473
120,2020-07-07,1740.69,1796.28,1856.77,1733.17,1222247,57.2073,12.4582,0.2177729066045767
121,2020-07-08,1797.91,1832.25,1847.61,1770.77,914162,57.7771,12.5823,0.21777313156942804
122,2020-07-09,1838.46,1848.27,1898.3,1832.25,964647,55.0649,11.9916,0.2177721198077178
123,2020-07-10,1826.03,1844.35,1886.85,1804.13,767917,54.609,11.8923,0.21777179585782563
124,2020-07-13,1846.96,1969.58,1969.58,1846.96,1022298,50.7117,11.0436,0.2177722300770828
125,2020-07-14,1936.88,1935.57,1969.58,1887.83,1141884,50.6547,11.0312,0.21777248705450827
126,2020-07-15,1963.04,1863.96,2006.2,1857.1,1224340,50.7572,11.0535,0.21777205992450333
127,2020-07-16,1888.16,1738.07,1918.9,1729.9,1767492,52.421,11.4159,0.2177734114190878
128,2020-07-17,1740.69,1811.32,1830.94,1740.69,1272709,50.29,10.9518,0.2177729170809306
129,2020-07-20,1936.88,1828.65,1936.88,1787.45,1792555,50.7686,11.056,0.2177724026268205
130,2020-07-21,1819.82,1838.79,1855.14,1778.29,1120007,52.421,11.4159,0.2177734114190878
131,2020-07-22,1853.17,1881.62,1918.9,1826.69,1211398,52.6603,11.468,0.21777316118594084
132,2020-07-23,1838.79,1883.91,1904.18,1825.71,1356076,53.4011,11.6293,0.2177726676042254
133,2020-07-24,1846.31,1743.96,1859.39,1740.69,1464598,51.7715,11.2744,0.2177723264730595
134,2020-07-27,1751.48,1730.23,1788.76,1707.99,1006720,54.9623,11.9693,0.2177729097945319
135,2020-07-28,1770.12,1837.15,1850.56,1751.81,1282191,55.6233,12.1132,0.2177720487637375
136,2020-07-29,1809.36,1892.74,1896.66,1792.03,1203683,56.3526,12.272,0.2177716733566863
137,2020-07-30,1891.76,1858.41,1900.26,1858.41,717320,54.3127,11.8278,0.21777227057391732
138,2020-07-31,1896.34,1923.48,1964.68,1888.49,1314551,53.1504,11.5747,0.21777258496643487
139,2020-08-03,1965.66,1944.73,1980.37,1901.57,1107375,53.8455,11.7261,0.21777307295874307
140,2020-08-04,1916.94,1881.62,1927.07,1855.79,1050413,53.4125,11.6318,0.21777299321319915
141,2020-08-05,1896.99,1877.37,1906.8,1853.5,604402,54.1418,11.7906,0.2177725897550506
142,2020-08-06,1867.56,1846.63,1874.75,1825.71,671658,53.9139,11.741,0.21777315312006737
143,2020-08-07,1862.33,1761.94,1878.02,1730.88,1326360,52.535,11.4407,0.21777291329589799
144,2020-08-10,1675.29,1722.05,1744.61,1626.24,1238814,51.8512,11.2918,0.2177731662912334
145,2020-08-11,1707.99,1713.88,1791.37,1707.99,893906,47.8285,10.8886,0.2276592408292127
146,2020-08-12,1694.91,1747.23,1756.71,1651.75,1028641,46.9966,10.6992,0.22765902214202727
147,2020-08-13,1760.31,1714.53,1766.85,1704.72,577543,47.2359,10.7537,0.22765947086855548
148,2020-08-14,1692.95,1766.85,1777.31,1688.37,746294,47.6917,10.8575,0.22766015889557303
149,2020-08-17,1747.23,1769.14,1782.22,1740.69,752167,47.1789,10.7407,0.22765897466876084
150,2020-08-18,1754.42,1731.53,1754.42,1694.91,839636,83.2813,11.065,0.1328629596319942
151,2020-08-19,1724.34,1652.08,1724.34,1651.75,915386,82.6919,10.9867,0.13286307365050265
152,2020-08-20,1642.59,1685.43,1717.8,1636.38,847337,81.1005,10.7753,0.1328635458474362
153,2020-08-21,1724.34,1760.96,1789.74,1724.34,1205467,81.0809,10.7727,0.13286359672869938
154,2020-08-24,1837.15,1886.2,1893.07,1774.04,1460498,81.1005,10.7753,0.1328635458474362
155,2020-08-25,1886.2,1847.29,1889.14,1828.65,1132787,77.073,10.2402,0.132863648748589
156,2020-08-26,1842.06,1805.11,1871.49,1776.0,832880,77.8981,10.3498,0.13286331759054457
157,2020-08-27,1815.9,1812.63,1828.0,1786.47,497714,81.0219,10.7649,0.13286407749016008
158,2020-08-28,1790.39,1832.9,1845.33,1766.19,554519,83.2813,11.065,0.1328629596319942
159,2020-08-31,1832.57,1806.09,1853.5,1806.09,568503,82.8294,11.005,0.13286345186612483
160,2020-09-01,1802.49,1871.81,1880.31,1783.2,863960,81.0023,10.7622,0.13286289401658966
161,2020-09-02,1904.18,1882.28,1943.1,1880.64,945042,82.4758,10.958,0.13286321563416176
162,2020-09-03,1858.41,1825.71,1864.29,1810.99,656452,76.7194,10.1932,0.13286339569913216
163,2020-09-04,1740.69,1807.4,1818.51,1740.69,541688,74.9708,9.9609,0.13286372827820966
164,2020-09-07,1807.4,1717.47,1813.28,1701.45,729185,75.0101,9.9661,0.1328634410566044
165,2020-09-08,1738.73,1732.84,1745.59,1675.62,520475,72.7901,9.6711,0.13286284810709148
166,2020-09-09,1684.45,1696.55,1720.09,1652.73,670275,73.3795,9.7494,0.13286272051458514
167,2020-09-10,1724.34,1743.96,1779.93,1706.68,719882,76.5229,10.1671,0.1328634957640131
168,2020-09-11,1747.88,1837.15,1837.15,1747.88,784705,69.5681,9.243,0.13286261950520425
169,2020-09-14,1840.42,1845.65,1887.83,1816.22,832244,67.5838,8.9794,0.13286320094460508
170,2020-09-15,1837.15,1822.11,1838.79,1793.01,488354,75.0887,9.9765,0.13286286751535184
171,2020-09-16,1806.09,1779.6,1809.03,1751.48,566754,73.0455,9.7051,0.1328637629970361
172,2020-09-17,1773.39,1762.92,1793.66,1740.69,428309,73.517,9.7677,0.13286314729926413
173,2020-09-18,1766.19,1828.98,1848.6,1766.19,662938,73.9885,9.8304,0.13286389101008939
174,2020-09-21,1828.65,1799.87,1845.33,1798.57,436331,75.9531,10.0914,0.1328635697555465
175,2020-09-22,1813.61,1830.61,1868.22,1806.09,648484,84.4011,11.2138,0.13286319728060417
176,2020-09-23,1840.42,1851.87,1882.93,1831.92,562136,84.9316,11.2843,0.1328633865369309
177,2020-09-24,1822.44,1817.53,1878.35,1812.95,621654,86.3854,11.4775,0.13286388672159877
178,2020-09-25,1830.61,1812.63,1845.0,1776.0,465550,88.743,11.7907,0.1328634371161669
179,2020-09-28,1836.17,1867.89,1882.93,1822.44,771851,83.4581,11.0885,0.13286307740051595
180,2020-09-29,1894.37,1868.22,1897.64,1858.41,538913,89.5092,11.8925,0.1328634375013965
181,2020-09-30,1872.47,1875.74,1902.55,1855.14,466276,89.352,11.8716,0.13286328229922106
182,2020-10-09,1940.15,2016.67,2017.98,1926.09,1259311,90.02,11.9604,0.13286380804265718
183,2020-10-12,2021.57,2034.98,2034.98,1975.47,930955,94.4994,12.5555,0.13286327743879855
184,2020-10-13,2039.88,2015.36,2096.45,1996.07,679719,95.4621,12.6834,0.1328631991125274
185,2020-10-14,1977.76,1963.04,1985.93,1946.37,753334,93.91,12.4772,0.1328633798317538
186,2020-10-15,1972.85,1961.41,1998.68,1953.23,400381,91.8668,13.6626,0.14872184510617545
187,2020-10-16,1956.5,1916.28,1975.47,1901.57,555530,93.5367,13.9109,0.14872130404429493
188,2020-10-19,1964.68,1919.55,1980.37,1909.74,478610,100.2754,14.9131,0.14872142120599868
189,2020-10-20,1919.55,1944.08,1946.37,1887.51,424607,100.1969,14.9014,0.1487211680201683
190,2020-10-21,1944.08,1893.72,1944.08,1867.56,550294,98.9198,14.7115,0.148721489529902
191,2020-10-22,1871.49,1890.78,1907.45,1864.29,304500,97.6428,14.5216,0.14872166713777155
192,2020-10-23,1920.53,1863.31,1929.69,1861.02,351781,90.5308,13.4639,0.14872176099183926
193,2020-10-26,1851.87,1887.83,1903.86,1823.42,356388,90.0789,13.3967,0.14872184274008673
194,2020-10-27,1883.91,1891.76,1896.99,1849.9,457591,90.688,13.4873,0.14872199188426252
195,2020-10-28,1910.4,1951.27,1965.66,1861.68,931390,87.1516,12.9613,0.1487213086162503
196,2020-10-29,1905.82,1917.26,1936.88,1888.49,634571,86.6408,12.8854,0.14872208012853066
197,2020-10-30,1920.53,1801.51,1924.78,1788.1,1138379,88.6055,13.1775,0.1487210161897399
198,2020-11-02,1802.82,1854.48,1868.87,1796.28,599804,89.3913,13.2944,0.14872140801174163
199,2020-11-03,1864.29,1866.58,1884.56,1835.19,406918,84.9119,12.6282,0.14872120397729882
200,2020-11-04,1856.77,1901.89,1912.36,1856.77,519332,84.0475,12.4997,0.14872185371367383
201,2020-11-05,1936.88,1920.21,1945.71,1891.1,570310,87.4856,13.011,0.14872161818630722
202,2020-11-06,1934.27,1938.52,1939.83,1906.8,567475,87.6428,13.0344,0.1487218573573642
203,2020-11-09,1976.45,1956.5,2024.52,1943.1,922279,87.5446,13.0198,0.14872190860429998
204,2020-11-10,1936.88,1907.78,1942.11,1888.16,612932,79.961,11.8919,0.14872125161015995
205,2020-11-11,1902.88,1861.68,1919.55,1861.35,503100,88.7037,13.1922,0.148722093892363
206,2020-11-12,1883.26,1873.12,1896.34,1863.64,295576,92.7312,13.7911,0.14872125023724486
207,2020-11-13,1873.12,1834.54,1881.29,1822.76,539773,86.6801,12.8912,0.14872156354226634
208,2020-11-16,1834.54,1733.82,1834.54,1680.85,1534374,85.6585,12.7393,0.14872195987555234
209,2020-11-17,1707.99,1753.12,1756.71,1655.67,1106302,82.3186,12.2426,0.14872215999786195
210,2020-11-18,1730.23,1722.05,1737.42,1698.18,607918,84.0868,12.5055,0.14872132130132196
211,2020-11-19,1722.38,1709.3,1737.09,1698.84,432396,85.855,12.7685,0.1487216819055384
212,2020-11-20,1717.8,1713.88,1755.73,1700.8,530842,82.1811,12.2221,0.14872154303118357
213,2020-11-23,1717.15,1697.53,1731.53,1676.6,682027,81.4934,12.1198,0.14872124613772406
214,2020-11-24,1680.85,1674.31,1690.99,1625.92,909347,78.0553,11.6085,0.1487214833585932
215,2020-11-25,1690.01,1677.91,1713.22,1670.39,556548,78.5072,11.6757,0.14872139115902747
216,2020-11-26,1665.81,1648.48,1674.97,1617.09,621316,73.3991,10.916,0.14872116960562187
217,2020-11-27,1661.56,1707.99,1711.26,1642.27,644944,75.2459,11.1907,0.1487217243730223
218,2020-11-30,1734.15,1697.85,1740.69,1692.3,800320,74.8529,11.1322,0.14872102483671304
219,2020-12-01,1707.99,1730.23,1736.44,1691.64,620558,73.2223,10.8897,0.14872108633572012
