,日期,开盘,收盘,最高,最低,成交量,pe,pb,roe
0,2020-01-03,115.38,115.56,115.83,114.84,50049,79.1612,4.9435,0.06244852276115067
1,2020-01-06,115.56,115.2,116.46,114.3,85703,78.6718,4.9129,0.062448043644609624
2,2020-01-07,115.2,114.39,115.56,113.4,65352,78.9471,4.9301,0.06244814565702857
3,2020-01-08,114.21,112.05,114.3,111.51,63188,78.9165,4.9282,0.06244828394568944
4,2020-01-09,112.5,112.68,113.4,111.69,46365,79.0695,4.9377,0.06244759357274297
5,2020-01-10,112.95,113.22,113.76,111.69,47597,79.5283,4.9664,0.062448210259744015
6,2020-01-13,113.4,113.04,113.4,112.05,34232,77.1118,4.8155,0.062448289366867325
7,2020-01-14,113.22,114.21,114.84,113.04,42554,72.6766,4.5385,0.062447885564266906
8,2020-01-15,114.39,112.41,114.39,111.96,39554,72.646,4.5366,0.062448035679872255
9,2020-01-16,112.41,111.6,112.59,111.42,27955,73.2578,4.5748,0.06244795776012929
10,2020-01-17,112.68,112.5,113.94,111.6,36825,73.3495,4.5805,0.06244759677980081
11,2020-01-20,113.04,112.59,113.04,110.88,46680,74.1448,4.6302,0.062448074578392555
12,2020-01-21,112.59,114.3,114.3,110.7,54423,71.086,4.4392,0.062448302056663754
13,2020-01-22,112.41,112.14,113.31,108.99,66735,72.5543,4.5309,0.06244840071505066
14,2020-01-23,111.69,108.0,111.87,108.0,56033,71.1166,4.4411,0.06244814853353506
15,2020-02-03,97.65,97.65,97.65,97.65,25703,71.1472,4.443,0.0624479951424652
16,2020-02-04,89.1,97.65,98.01,89.1,167672,70.0461,4.3742,0.06244744532529292
17,2020-02-05,96.66,97.38,97.74,95.13,110437,70.2602,4.3876,0.06244787233739728
18,2020-02-06,97.92,99.9,100.98,96.3,87297,67.5379,4.2176,0.06244789962376681
19,2020-02-07,100.44,98.82,100.44,98.19,69253,67.1096,4.1909,0.062448591557690704
20,2020-02-10,98.73,100.35,104.13,97.2,69781,62.9803,3.933,0.06244809884995784
21,2020-02-11,99.9,100.8,101.7,99.36,121324,59.6156,3.7229,0.062448419541193914
22,2020-02-12,100.44,101.43,102.69,99.99,86804,58.3003,3.6407,0.062447363049589796
23,2020-02-13,101.97,100.8,102.24,98.55,159710,58.7898,3.6713,0.06244790763023518
24,2020-02-14,99.9,99.9,100.53,99.0,38330,59.5544,3.9834,0.06688674556371989
25,2020-02-17,100.8,102.96,102.96,100.35,66791,58.5756,3.9179,0.06688621200636442
26,2020-02-18,102.87,101.79,103.5,101.43,46196,58.0251,3.8811,0.0668865715009539
27,2020-02-19,102.24,102.24,102.69,100.98,48000,56.1286,3.7542,0.06688568751046703
28,2020-02-20,103.14,102.87,103.23,101.34,47473,57.5051,3.8463,0.06688624139424156
29,2020-02-21,102.78,102.78,103.05,101.88,53295,59.3097,3.967,0.06688619230918383
30,2020-02-24,102.6,101.88,102.6,100.89,55661,59.738,3.9957,0.0668870735545214
31,2020-02-25,100.71,100.17,101.88,98.46,92468,60.5944,4.0529,0.06688571881229949
32,2020-02-26,99.72,100.89,102.06,99.36,74803,59.1262,3.9547,0.06688574608210912
33,2020-02-27,101.79,100.98,103.05,100.44,68433,60.3803,4.0386,0.0668860538950618
34,2020-02-28,99.63,97.65,99.99,97.65,102607,61.0227,4.0816,0.06688658482826883
35,2020-03-02,98.64,101.25,102.24,98.46,83772,58.3309,3.9015,0.06688564722985588
36,2020-03-03,101.25,101.79,103.14,101.07,65019,58.2698,3.8975,0.06688713535999781
37,2020-03-04,101.7,104.49,105.03,101.07,120351,53.2793,4.6967,0.0881524344351371
38,2020-03-05,104.94,104.58,105.66,102.69,130314,53.4788,4.7143,0.08815268854200169
39,2020-03-06,104.49,109.08,111.42,103.77,168803,54.4766,4.8022,0.0881516100490853
40,2020-03-09,110.7,108.0,113.04,107.28,230565,53.5073,4.7168,0.08815245770203319
41,2020-03-10,107.46,104.4,107.46,100.8,265699,54.277,4.7846,0.08815151905963853
42,2020-03-11,104.58,102.42,105.48,102.42,160698,52.7377,4.6489,0.08815136041200129
43,2020-03-12,101.7,99.99,101.88,99.9,57451,53.9349,4.7545,0.08815256911573026
44,2020-03-13,94.5,100.17,101.34,94.5,97905,53.7354,4.7369,0.08815231672230969
45,2020-03-16,102.15,99.45,102.51,98.28,88913,55.4458,4.8877,0.0881527545819521
46,2020-03-17,99.9,99.18,101.34,97.74,65599,53.9634,4.757,0.08815234028990018
47,2020-03-18,101.07,98.64,101.07,97.92,50052,53.3078,4.6992,0.08815220286712264
48,2020-03-19,98.1,97.56,99.63,96.93,64572,53.7354,4.7369,0.08815231672230969
49,2020-03-20,98.46,98.55,98.73,95.94,37410,53.6499,4.7293,0.08815114287258691
50,2020-03-23,98.1,97.83,99.18,96.57,63471,52.3956,4.6188,0.088152440281245
51,2020-03-24,99.18,99.63,100.62,98.1,50647,51.3978,4.5308,0.08815163294927021
52,2020-03-25,101.43,100.26,101.61,99.0,49360,51.1698,4.5107,0.0881516050482902
53,2020-03-26,100.17,100.26,100.35,99.27,27351,50.9132,4.4881,0.08815199201778713
54,2020-03-27,100.35,99.99,101.07,99.54,23199,52.9372,4.6665,0.08815162116621204
55,2020-03-30,99.72,99.0,100.71,98.64,85935,52.1675,4.5987,0.08815258542195813
56,2020-03-31,100.53,103.05,108.45,99.45,128535,55.1037,4.8575,0.08815197527570744
57,2020-04-01,101.25,99.54,102.87,99.45,66890,56.187,4.953,0.08815206364461531
58,2020-04-02,99.99,101.7,102.06,98.1,49601,56.8711,5.0133,0.08815197877304994
59,2020-04-03,102.51,103.41,105.03,101.07,131046,56.7286,5.0007,0.08815130287015721
60,2020-04-07,104.49,103.68,107.37,103.59,75323,56.4435,4.9756,0.08815186868284214
61,2020-04-08,103.41,102.87,103.41,102.06,43261,56.8426,5.0108,0.08815219571237065
62,2020-04-09,102.87,102.96,103.23,102.24,58236,56.073,4.9429,0.08815116009487632
63,2020-04-10,101.88,103.5,104.13,101.88,74057,55.6168,4.9027,0.08815142187252774
64,2020-04-13,103.5,104.76,105.75,103.5,35698,58.5816,5.1641,0.08815225258442924
65,2020-04-14,105.75,106.29,106.65,104.04,168609,58.8096,5.1842,0.08815227445859178
66,2020-04-15,108.45,110.07,111.78,106.38,206238,58.9521,5.1968,0.0881529241536773
67,2020-04-16,108.81,108.9,111.24,108.18,69841,58.6101,5.1666,0.0881520420541852
68,2020-04-17,109.8,111.69,112.95,108.45,189864,60.0069,5.2897,0.08815152924080397
69,2020-04-20,112.41,109.8,112.41,109.08,90876,57.2417,5.046,0.08815251818167524
70,2020-04-21,109.89,109.89,111.6,108.0,62131,57.2987,5.051,0.0881520872201289
71,2020-04-22,110.25,112.23,112.59,109.89,138695,55.1607,4.8625,0.08815152817132488
72,2020-04-23,113.04,111.87,114.57,111.15,78538,54.3625,4.7922,0.08815267877673029
73,2020-04-24,111.33,112.05,112.95,109.89,72300,53.4503,4.7118,0.08815291962814054
74,2020-04-27,112.86,110.88,112.86,109.8,59550,55.0182,5.2627,0.09565380183284804
75,2020-04-28,110.79,110.7,111.69,108.18,57271,54.1915,5.1836,0.09565337737468053
76,2020-04-29,111.51,111.6,113.58,110.52,100283,54.5051,5.2136,0.09565343426578429
77,2020-04-30,113.31,111.87,113.94,109.98,123723,52.8802,5.0582,0.09565394987159655
78,2020-05-06,110.61,114.75,115.02,110.52,167639,53.5358,5.1209,0.09565374945363662
79,2020-05-07,115.74,112.95,115.74,111.96,98208,51.8254,4.9573,0.09565386856637864
80,2020-05-08,113.85,112.41,113.85,112.32,97139,48.8322,4.671,0.09565409709167312
81,2020-05-11,112.86,110.97,112.86,110.25,104672,47.6064,4.5537,0.09565310546481146
82,2020-05-12,110.97,111.15,111.69,110.52,57131,46.1811,4.4174,0.09565384973506477
83,2020-05-13,110.97,110.34,111.42,109.17,64392,46.0956,4.4092,0.09565338123378371
84,2020-05-14,110.34,110.07,111.6,108.99,60904,46.2381,4.4228,0.09565271929426164
85,2020-05-15,109.35,108.81,110.88,108.27,55649,46.3521,4.4337,0.095652624152951
86,2020-05-18,108.63,109.71,110.07,107.19,39918,46.4947,4.4474,0.09565391324172433
87,2020-05-19,109.62,109.98,111.06,109.62,40405,48.4901,4.6383,0.09565457691363805
88,2020-05-20,110.97,110.43,110.97,108.45,36778,49.4879,4.7337,0.09565368504220223
89,2020-05-21,110.25,110.07,111.15,109.71,31847,47.3784,4.5319,0.0956532934839505
90,2020-05-22,110.25,109.17,110.25,108.0,40994,48.8322,4.671,0.09565409709167312
91,2020-05-25,109.71,109.26,109.89,108.0,35704,44.7842,4.2838,0.09565427092590692
92,2020-05-26,109.35,109.17,110.52,108.18,42288,42.7888,4.0929,0.09565353550461803
93,2020-05-27,108.09,109.17,109.98,108.09,28713,44.2426,4.232,0.09565441452355875
94,2020-05-28,109.35,109.53,111.33,108.45,74392,44.9553,4.3001,0.09565279288537724
95,2020-05-29,110.07,110.07,110.07,109.08,47112,47.0078,4.4965,0.09565433821621093
96,2020-06-01,110.07,110.52,111.33,109.62,62908,45.3259,4.3356,0.09565391972360175
97,2020-06-02,110.79,110.52,111.15,109.62,59174,44.3281,4.2401,0.09565264471069142
98,2020-06-03,110.88,112.23,116.1,110.43,157148,43.701,4.1802,0.09565456168051074
99,2020-06-04,113.31,111.78,113.31,111.51,46517,41.3634,3.9566,0.09565461253185183
100,2020-06-05,112.41,116.73,117.36,111.6,195491,39.7955,3.8066,0.09565403123468734
101,2020-06-08,117.72,118.35,120.33,116.28,175261,37.686,3.6048,0.09565355835058112
102,2020-06-09,116.91,121.05,121.05,116.91,169946,35.491,3.3948,0.09565241892310727
103,2020-06-10,119.88,120.24,120.87,117.54,125066,35.0634,3.3539,0.09565244671081526
104,2020-06-11,120.24,116.55,120.24,116.55,131959,35.0634,3.3539,0.09565244671081526
105,2020-06-12,115.29,114.75,116.19,113.76,132635,34.4078,3.2912,0.09565272990426589
106,2020-06-15,113.85,111.96,115.47,111.96,95118,34.1512,3.2667,0.09565403265478226
107,2020-06-16,113.76,111.96,113.76,111.51,98003,33.8376,3.2367,0.09565394708844598
108,2020-06-17,112.68,111.69,112.68,110.79,90259,33.7806,3.2312,0.09565253429483195
109,2020-06-18,111.96,113.94,114.57,110.97,107199,34.1797,3.2694,0.09565326787537633
110,2020-06-19,113.94,113.49,115.74,112.95,149145,34.3222,3.283,0.09565237659590585
111,2020-06-22,113.58,112.23,113.67,112.23,85276,33.6096,3.2149,0.09565421784252119
112,2020-06-23,111.87,112.41,112.86,110.97,63593,33.6951,3.2231,0.09565485782799281
113,2020-06-24,112.59,113.4,114.12,111.69,72271,33.6951,3.2231,0.09565485782799281
114,2020-06-29,112.14,114.21,114.57,112.14,88751,34.5788,3.3076,0.09565398452230846
115,2020-06-30,115.2,116.28,116.91,114.57,141730,35.1489,3.3621,0.09565306453402525
116,2020-07-01,116.37,116.28,117.81,115.92,287274,36.3177,3.4739,0.09565308375805737
117,2020-07-02,117.18,117.63,119.43,116.46,479655,36.5743,3.4985,0.09565459899437583
118,2020-07-03,119.61,124.56,126.45,119.61,749112,35.7191,3.4167,0.0956547057456655
119,2020-07-06,128.88,131.22,134.73,128.16,807578,35.2059,3.3676,0.09565442156002261
120,2020-07-07,131.22,136.17,137.7,129.42,747365,33.6381,3.2176,0.09565344059266129
121,2020-07-08,136.17,143.55,144.45,134.1,780040,33.7806,3.2312,0.09565253429483195
122,2020-07-09,141.48,145.53,148.23,136.8,574826,33.239,3.1794,0.09565269713288607
123,2020-07-10,142.92,148.68,150.39,140.58,661762,33.239,3.1794,0.09565269713288607
124,2020-07-13,149.13,153.99,155.25,145.98,759322,33.0964,3.1658,0.09565390797790696
125,2020-07-14,151.38,147.51,151.38,142.56,682131,32.9254,3.1494,0.09565259647566923
126,2020-07-15,140.13,145.26,149.85,138.96,886059,33.1535,3.0708,0.09262370488787006
127,2020-07-16,144.63,140.67,147.87,139.68,413526,33.1535,3.0708,0.09262370488787006
128,2020-07-17,144.45,146.97,150.03,141.03,596902,33.182,3.0734,0.09262250617804833
129,2020-07-20,150.93,159.75,161.1,148.68,1181821,33.1535,3.0708,0.09262370488787006
130,2020-07-21,159.03,155.16,161.1,153.36,518812,33.4385,3.0972,0.09262377199934207
131,2020-07-22,156.78,161.82,165.24,156.06,857927,33.5525,3.1077,0.09262201028239325
132,2020-07-23,158.49,158.67,161.46,156.69,367897,33.41,3.0945,0.0926219694702185
133,2020-07-24,158.67,152.37,161.1,152.37,510077,33.3245,3.0866,0.09262254497441821
134,2020-07-27,154.17,151.92,158.4,149.76,334416,33.0394,3.0602,0.09262274738645375
135,2020-07-28,153.72,151.56,158.31,148.14,579348,33.4385,3.0972,0.09262377199934207
136,2020-07-29,151.56,151.11,152.91,146.52,379707,33.524,3.1051,0.09262319532275386
137,2020-07-30,151.11,151.38,156.78,150.03,418476,33.7806,3.1289,0.0926241689016773
138,2020-07-31,151.38,155.88,161.64,150.48,533816,33.7236,3.1236,0.09262356332064194
139,2020-08-03,159.21,159.75,161.01,156.78,407871,34.1797,3.1658,0.09262222898387056
140,2020-08-04,159.93,169.2,171.45,159.75,837602,34.3507,3.1817,0.09262402221788785
141,2020-08-05,167.4,174.6,179.91,166.68,609257,34.9209,3.2345,0.0926236150843764
142,2020-08-06,176.85,172.53,178.83,168.93,389905,34.0087,3.15,0.09262335814071106
143,2020-08-07,172.44,177.66,177.84,170.19,363508,33.9231,3.3192,0.09784483139807389
144,2020-08-10,177.93,176.67,179.1,173.34,413033,33.6381,3.2913,0.09784440857242234
145,2020-08-11,178.83,179.28,183.33,173.88,602278,33.6951,3.2969,0.09784508726788169
146,2020-08-12,174.78,174.33,176.04,166.41,627635,34.0657,3.3332,0.09784622068532278
147,2020-08-13,174.42,177.21,179.28,173.79,427353,34.0087,3.3276,0.09784555128540638
148,2020-08-14,179.19,179.73,182.43,175.95,312609,46.8448,3.3371,0.07123736252476262
149,2020-08-17,178.38,186.48,187.47,178.2,505790,45.8273,3.2646,0.07123701374508208
150,2020-08-18,186.48,186.3,187.83,183.33,284124,45.7882,3.2618,0.07123669417011369
151,2020-08-19,186.39,195.03,199.62,184.86,565364,46.61,3.3203,0.07123578631195022
152,2020-08-20,192.42,190.62,195.75,186.66,299091,45.3968,3.2339,0.07123629859373348
153,2020-08-21,190.98,191.7,196.65,187.38,244428,45.9056,3.2702,0.07123749607890976
154,2020-08-24,191.79,191.25,196.38,188.46,261701,44.2619,3.1531,0.0712373395629198
155,2020-08-25,191.79,190.53,194.85,189.18,260530,43.5966,3.1057,0.07123720657115463
156,2020-08-26,188.91,181.17,190.89,181.08,465454,43.0487,3.0666,0.0712356006104714
157,2020-08-27,182.97,182.61,186.75,180.72,265974,42.8139,3.0499,0.07123621066989927
158,2020-08-28,182.88,185.04,185.76,178.92,317165,42.7748,3.0471,0.07123586784742418
159,2020-08-31,186.03,183.78,188.64,182.52,355904,43.127,3.0722,0.07123611658589746
160,2020-09-01,182.88,184.68,189.63,181.08,423237,43.0096,3.0639,0.07123758416725567
161,2020-09-02,186.12,185.13,188.19,182.88,341193,42.266,3.0109,0.07123692802725595
162,2020-09-03,185.13,182.97,187.38,177.84,502867,41.3268,2.944,0.07123706650406032
163,2020-09-04,178.11,179.55,179.55,171.0,437442,42.853,3.0527,0.07123655286677712
164,2020-09-07,177.93,170.28,179.1,169.38,422741,41.092,2.9273,0.07123771050326097
165,2020-09-08,172.71,172.71,177.3,171.09,354372,41.5224,2.9579,0.07123624838641313
166,2020-09-09,170.28,166.32,170.82,161.82,287551,41.6399,2.9663,0.07123696262479016
167,2020-09-10,169.11,167.13,170.46,166.32,275597,41.6399,2.9663,0.07123696262479016
168,2020-09-11,168.75,167.85,168.75,164.7,188284,41.3659,2.9468,0.07123742019392784
169,2020-09-14,170.82,171.0,174.51,166.68,300116,40.5832,2.891,0.07123637367186422
170,2020-09-15,170.37,174.96,176.85,168.66,249640,40.8963,2.9133,0.07123627320808973
171,2020-09-16,176.22,175.23,177.84,174.06,200093,40.4658,2.8827,0.0712379342555936
172,2020-09-17,175.14,173.88,177.75,172.08,219813,40.9354,2.9161,0.07123663137528886
173,2020-09-18,173.88,176.04,177.48,172.53,218040,41.1702,2.9328,0.07123599108092746
174,2020-09-21,178.29,180.63,183.6,176.67,263913,41.2876,2.9412,0.07123688468208372
175,2020-09-22,178.11,175.23,178.65,174.51,223978,41.6007,2.9635,0.07123678207337857
176,2020-09-23,177.48,175.86,178.65,173.88,167208,41.5224,2.9579,0.07123624838641313
177,2020-09-24,173.25,172.08,175.05,170.46,172642,42.5791,3.0332,0.07123682745760244
178,2020-09-25,174.15,176.94,177.03,171.63,217168,43.4401,3.0945,0.07123602385814029
179,2020-09-28,179.01,174.51,182.07,173.61,193758,45.0055,3.206,0.07123573785426227
180,2020-09-29,177.12,177.57,178.29,172.62,186332,45.4751,3.2395,0.07123678672504294
181,2020-09-30,179.82,174.42,180.9,173.25,191225,43.5183,3.1001,0.07123669812469696
182,2020-10-09,178.2,173.79,178.2,170.55,228737,43.4792,3.0973,0.07123636129459604
183,2020-10-12,171.72,177.03,177.84,171.0,284434,42.3052,3.0137,0.07123710560403922
184,2020-10-13,177.21,177.21,177.93,173.34,192382,42.0703,2.997,0.07123790417467904
185,2020-10-14,177.39,185.13,187.11,176.22,447620,40.5049,2.9323,0.07239371039059472
186,2020-10-15,185.04,183.24,188.1,181.89,259820,41.9529,3.0371,0.07239308843965495
187,2020-10-16,183.15,179.55,184.32,179.28,215392,41.9138,3.0343,0.07239381778793619
188,2020-10-19,181.53,183.87,189.99,180.45,484541,41.6007,3.0116,0.07239301261757614
189,2020-10-20,184.14,181.35,184.14,178.65,235104,42.3443,3.0654,0.07239227003398332
190,2020-10-21,181.35,180.09,181.98,178.83,171063,42.7356,3.0938,0.07239397598255319
191,2020-10-22,179.46,174.78,179.64,171.72,289855,42.7748,3.0966,0.07239309125933961
192,2020-10-23,174.96,170.73,177.57,170.28,169933,42.5008,3.0768,0.07239393140834996
193,2020-10-26,171.09,176.31,177.39,166.86,239539,42.3052,3.0626,0.07239299187806701
194,2020-10-27,175.68,177.93,179.19,173.43,177384,42.8139,3.0994,0.0723923772419705
195,2020-10-28,178.83,180.81,183.42,175.59,241029,41.4833,3.0031,0.07239298705744239
196,2020-10-29,181.35,178.56,183.87,176.49,254421,41.8747,3.0315,0.0723945484982579
197,2020-10-30,180.36,177.12,181.44,172.62,310199,42.1486,3.0513,0.07239386361587336
198,2020-11-02,176.13,180.99,181.98,172.8,235491,41.8747,3.0315,0.0723945484982579
199,2020-11-03,181.26,190.89,194.49,181.26,427960,41.679,3.0173,0.07239377144365268
200,2020-11-04,192.78,203.04,204.66,191.16,403871,41.0137,2.9691,0.07239288335361112
201,2020-11-05,205.56,204.3,208.44,201.33,492231,41.4833,3.0031,0.07239298705744239
202,2020-11-06,205.38,212.31,215.91,205.29,587138,40.3875,2.9238,0.0723936861652739
203,2020-11-09,216.18,211.68,219.78,210.15,428768,40.5049,2.9323,0.07239371039059472
204,2020-11-10,215.1,214.92,218.34,210.87,474709,40.5049,2.9323,0.07239371039059472
205,2020-11-11,216.72,214.83,223.74,214.83,500226,45.0055,3.2581,0.07239337414316029
206,2020-11-12,215.28,219.06,219.42,214.38,231836,46.8057,3.3884,0.07239289231867059
207,2020-11-13,215.91,214.74,218.16,213.12,256164,47.7449,3.4564,0.0723930723490886
208,2020-11-16,217.98,223.74,223.74,213.66,416505,47.0014,3.4026,0.0723935882760939
209,2020-11-17,221.76,221.4,225.63,218.16,259936,46.9622,3.3998,0.07239439378904736
210,2020-11-18,221.58,221.13,227.16,219.42,251990,46.5709,3.3714,0.07239284617647501
211,2020-11-19,221.13,219.33,222.48,213.93,533768,46.9231,3.3969,0.07239291521659907
212,2020-11-20,217.89,219.42,223.56,212.94,676016,47.7058,3.4536,0.07239371313341354
213,2020-11-23,221.31,232.47,235.53,220.77,438176,47.1971,3.4168,0.07239427846202415
214,2020-11-24,231.66,239.58,240.66,231.57,392831,47.2753,3.4224,0.07239298322802817
215,2020-11-25,242.1,238.23,246.69,237.87,507201,47.0405,3.4054,0.07239293800023384
216,2020-11-26,237.87,237.78,239.85,230.58,241550,46.7666,3.3856,0.07239354582116297
217,2020-11-27,239.67,237.87,243.9,233.28,241092,47.7841,3.4593,0.07239437386076121
218,2020-11-30,239.85,237.06,242.82,234.0,417621,48.1363,3.4848,0.07239442998319355
219,2020-12-01,238.41,238.5,241.38,234.18,333920,48.2928,3.4961,0.07239381439883379
