,日期,开盘,收盘,最高,最低,成交量,pe,pb,roe
0,2020-01-03,49.14,48.98,49.93,48.62,129936,298.7785,8.467,0.028338719151478436
1,2020-01-06,48.33,49.22,50.13,48.13,169871,290.9039,8.2438,0.028338568166325715
2,2020-01-07,49.25,48.99,49.44,48.71,93401,294.1991,8.3372,0.028338631899281812
3,2020-01-08,48.49,48.22,49.29,48.09,110974,297.1056,8.4196,0.02833874555040363
4,2020-01-09,48.69,48.59,49.14,48.32,89217,310.1341,8.7888,0.028338708964928398
5,2020-01-10,48.6,47.86,48.6,47.55,109295,311.2494,8.8204,0.028338689166951005
6,2020-01-13,52.55,52.55,52.55,51.45,518828,311.2663,8.8209,0.028338756877953057
7,2020-01-14,55.94,54.38,56.93,53.94,614976,297.5111,8.4311,0.028338774586897767
8,2020-01-15,54.95,54.25,55.69,53.22,298705,273.11,7.7396,0.028338764600344183
9,2020-01-16,54.43,55.03,55.48,52.72,335737,282.2013,7.9972,0.028338636285516756
10,2020-01-17,54.8,58.89,60.44,54.14,530600,282.2013,7.9972,0.028338636285516756
11,2020-01-20,58.24,59.7,60.84,57.44,300776,287.3046,8.1418,0.028338564714940173
12,2020-01-21,58.66,57.66,58.67,57.49,203837,297.2407,8.4234,0.028338649451437842
13,2020-01-22,57.44,60.21,61.44,57.04,327980,286.1386,8.1088,0.028338714175577852
14,2020-01-23,58.93,60.77,62.82,58.45,291585,277.7232,7.8703,0.02833864797755463
15,2020-02-03,54.79,54.79,55.42,54.79,100398,308.5288,8.7433,0.028338683455158806
16,2020-02-04,54.94,57.3,58.44,54.94,367775,322.6727,9.1441,0.028338623007152446
17,2020-02-05,58.64,61.75,62.94,57.93,446230,321.8108,9.1197,0.028338700876415584
18,2020-02-06,59.39,61.69,61.79,59.34,301132,312.3309,8.851,0.028338534547814518
19,2020-02-07,61.68,58.84,61.68,57.6,321282,283.9418,8.0465,0.028338553886747213
20,2020-02-10,60.14,61.87,64.3,59.79,352796,277.267,7.8574,0.028338749292198494
21,2020-02-11,60.94,59.98,61.06,59.22,196176,283.8573,8.0441,0.028338534890594676
22,2020-02-12,59.98,60.13,61.54,59.29,197456,270.0514,7.6529,0.0283386792292134
23,2020-02-13,59.44,58.49,61.07,58.44,236947,267.635,7.8087,0.02917667719095036
24,2020-02-14,58.5,57.84,58.84,57.38,211174,256.1779,7.4744,0.029176599542739632
25,2020-02-17,57.85,59.42,59.5,57.85,209889,237.0491,6.9163,0.029176655806750582
26,2020-02-18,58.74,60.41,60.94,58.71,228365,236.5083,6.9005,0.029176565896418857
27,2020-02-19,65.41,62.85,65.42,62.6,437477,234.3285,6.8369,0.02917656196322684
28,2020-02-20,64.11,69.04,69.04,64.05,649391,242.9804,7.0894,0.02917683895491159
29,2020-02-21,67.94,68.44,69.21,66.62,455189,232.3514,6.7792,0.029176497322589836
30,2020-02-24,66.36,67.14,68.08,65.9,357969,236.5759,6.9025,0.029176682832021354
31,2020-02-25,65.34,71.79,73.13,65.11,407434,216.4332,6.3148,0.029176669753069307
32,2020-02-26,70.72,72.64,76.74,69.94,522768,215.96,6.301,0.0291766993887757
33,2020-02-27,72.62,70.99,74.09,69.02,272700,222.2969,6.4859,0.029176745154790733
34,2020-02-28,67.6,66.31,69.93,65.89,338254,220.5226,6.4341,0.029176601400491376
35,2020-03-02,66.54,67.79,68.17,64.94,225643,218.4779,6.3745,0.02917686411302928
36,2020-03-03,70.74,68.81,71.14,68.4,274253,217.1429,6.3355,0.029176638978294936
37,2020-03-04,67.89,67.52,68.74,65.66,180933,203.3708,5.9337,0.029176754971706853
38,2020-03-05,67.96,67.75,68.56,66.44,170004,196.4256,5.731,0.029176441359985664
39,2020-03-06,66.44,66.3,68.49,66.27,147210,182.3155,5.3194,0.029176893900957408
40,2020-03-09,64.23,60.39,64.23,60.12,292479,179.7977,5.2459,0.029176680235620367
41,2020-03-10,58.54,61.11,62.44,58.27,266805,177.584,5.1813,0.029176615010361295
42,2020-03-11,61.71,59.69,62.09,59.54,222212,179.7977,5.2459,0.029176680235620367
43,2020-03-12,58.25,57.97,58.6,56.84,232383,186.557,5.4431,0.0291766055414699
44,2020-03-13,54.74,56.6,57.44,53.29,213198,180.4229,5.2641,0.029176451548001945
45,2020-03-16,57.53,54.82,58.27,54.82,238773,178.7331,5.2148,0.029176464795832444
46,2020-03-17,54.82,53.98,55.9,52.82,180919,193.8233,5.6551,0.02917657474617345
47,2020-03-18,54.53,53.03,55.61,52.96,172684,195.9187,5.7162,0.029176387960924605
48,2020-03-19,53.05,52.3,53.46,50.82,194450,178.1079,5.1966,0.02917669569962927
49,2020-03-20,53.24,53.46,53.73,52.34,148296,171.1796,4.9944,0.029176373820244936
50,2020-03-23,51.19,49.09,51.74,48.83,242740,156.3091,4.5606,0.029176804165592405
51,2020-03-24,50.2,50.67,50.82,48.33,205027,154.1123,4.4965,0.029176775636986795
52,2020-03-25,52.49,53.19,53.74,51.98,289787,147.1671,4.2938,0.029176358031108855
53,2020-03-26,53.44,55.21,56.12,52.55,296621,145.3083,4.2396,0.02917658523291512
54,2020-03-27,56.34,55.72,56.99,55.38,229972,153.7744,4.4866,0.029176507923295424
55,2020-03-30,55.94,57.17,58.72,55.81,328937,160.0943,4.671,0.02917655406844591
56,2020-03-31,57.7,60.91,60.93,56.39,350174,152.0845,4.4373,0.029176543303229455
57,2020-04-01,60.84,58.06,61.6,57.96,365565,156.4612,4.565,0.02917656262383262
58,2020-04-02,57.64,57.53,57.64,55.74,233842,159.3508,4.6493,0.02917650868398527
59,2020-04-03,57.53,55.94,57.53,55.85,169190,157.9989,4.6099,0.029176785407999676
60,2020-04-07,57.38,57.25,57.86,56.54,189116,143.6354,4.1908,0.02917665143829446
61,2020-04-08,56.74,56.26,56.74,55.98,129543,144.2944,4.1194,0.028548578461811407
62,2020-04-09,56.75,56.59,57.48,56.49,133338,144.3451,4.1208,0.02854824999255257
63,2020-04-10,57.22,55.51,57.22,55.09,131855,140.9655,4.0243,0.028548119930053812
64,2020-04-13,55.67,56.74,56.88,55.67,102560,137.2816,3.9192,0.02854861831447186
65,2020-04-14,56.74,58.86,58.94,56.32,233863,137.6196,3.9288,0.028548259114254074
66,2020-04-15,60.3,61.08,63.33,59.32,306227,134.4765,3.8391,0.028548482448606267
67,2020-04-16,61.04,60.95,62.24,59.99,165259,132.736,3.7894,0.028548396817743495
68,2020-04-17,61.54,59.74,61.92,59.62,156490,134.5948,3.8425,0.028548651210893734
69,2020-04-20,60.34,59.8,60.34,59.1,107474,138.8701,3.9645,0.02854826200888456
70,2020-04-21,59.44,60.31,60.62,58.74,147148,140.1205,4.3237,0.030857012357221106
71,2020-04-22,59.34,60.37,60.94,58.82,121458,138.4476,4.2721,0.030857161843181102
72,2020-04-23,60.93,59.19,61.49,58.98,116028,138.2279,4.2653,0.030857012224015556
73,2020-04-24,59.61,59.67,61.43,59.44,135949,138.5321,4.2747,0.03085710820813371
74,2020-04-27,59.96,57.92,60.03,57.82,138265,136.8761,4.2236,0.03085710361414447
75,2020-04-28,57.94,57.92,58.53,55.7,128658,138.5321,4.2747,0.03085710820813371
76,2020-04-29,59.14,58.94,60.39,58.5,165126,144.2775,4.452,0.030857202266465666
77,2020-04-30,59.76,60.9,61.52,59.45,218876,149.9384,4.6266,0.030856671806555224
78,2020-05-06,60.34,63.12,63.44,60.04,231906,148.9583,4.5964,0.030856957954004574
79,2020-05-07,63.11,61.03,63.11,60.92,225118,150.3947,4.6407,0.030856805459234932
80,2020-05-08,61.05,60.72,61.44,60.24,171472,145.6125,4.4932,0.030857240964889687
81,2020-05-11,60.23,59.82,60.6,59.05,190716,144.2944,4.4525,0.030857053357580058
82,2020-05-12,59.83,60.07,60.08,59.14,104020,143.6354,4.4322,0.0308572956248947
83,2020-05-13,60.07,59.93,60.69,59.44,111115,146.8968,4.5328,0.030857037049139256
84,2020-05-14,59.84,58.63,59.84,58.49,118363,141.7935,4.3753,0.03085684463674287
85,2020-05-15,58.73,58.9,59.52,58.24,102771,141.1344,4.355,0.030857112086068318
86,2020-05-18,58.34,58.12,59.34,57.34,104743,140.2557,4.3279,0.03085721293323551
87,2020-05-19,58.94,59.16,59.54,58.69,94042,150.3778,4.6402,0.030856948299549533
88,2020-05-20,59.64,59.95,61.24,59.61,164708,147.3361,4.5463,0.030856660383979214
89,2020-05-21,60.05,58.09,60.31,57.95,120968,148.857,4.5933,0.030857131340817027
90,2020-05-22,58.1,56.97,58.61,56.45,92350,147.3023,4.5453,0.030856951995997348
91,2020-05-25,56.97,57.46,57.49,56.25,59697,137.8731,4.2543,0.030856635558350394
92,2020-05-26,57.74,59.24,59.32,57.74,98544,143.7199,4.4348,0.030857243847233404
93,2020-05-27,60.54,58.24,60.89,58.01,113617,159.6887,4.9275,0.030856910977420444
94,2020-05-28,58.29,58.42,59.17,57.34,86300,163.1529,5.0344,0.030856944620659518
95,2020-05-29,58.06,58.35,58.96,57.75,68036,165.4342,5.1048,0.030856981204611864
96,2020-06-01,58.69,60.27,60.63,58.38,161068,150.3947,4.6407,0.030856805459234932
97,2020-06-02,60.51,61.94,63.12,59.82,204796,142.7229,4.404,0.030856996319441377
98,2020-06-03,61.73,60.87,61.99,60.42,146357,139.8333,4.3148,0.030856741562989645
99,2020-06-04,61.42,61.05,62.14,60.65,105743,140.2557,4.3279,0.03085721293323551
100,2020-06-05,61.94,64.14,64.22,61.27,265451,136.7071,4.2184,0.030857212244279925
101,2020-06-08,63.94,63.73,64.77,63.39,172441,134.0879,4.1375,0.030856624646966656
102,2020-06-09,63.94,62.92,65.35,62.63,204431,121.9042,3.7616,0.0308570172315638
103,2020-06-10,63.2,61.99,63.36,61.62,186194,122.4618,3.7788,0.030856969275316875
104,2020-06-11,62.81,63.78,65.14,62.45,280233,121.3297,3.7439,0.03085724270314688
105,2020-06-12,62.34,62.42,62.87,61.57,175497,119.3019,3.6813,0.030857010659511706
106,2020-06-15,63.44,63.44,64.82,62.19,195740,121.1607,3.7387,0.030857365465864758
107,2020-06-16,64.74,65.04,65.4,64.07,214116,120.0285,3.7037,0.030856838167601864
108,2020-06-17,64.94,65.05,65.05,63.3,144378,114.9083,3.5457,0.030856778840170816
109,2020-06-18,64.74,67.68,67.7,63.88,279033,113.2016,3.4931,0.03085733770547413
110,2020-06-19,67.63,67.93,69.62,67.24,220619,112.7791,3.48,0.030856781087985275
111,2020-06-22,67.54,68.94,69.72,67.23,196255,108.3349,3.3429,0.030857092220512503
112,2020-06-23,68.51,71.97,73.03,67.94,260375,108.318,3.3424,0.030857290570357652
113,2020-06-24,72.04,72.64,74.0,71.7,196681,105.6143,3.2589,0.03085661695433289
114,2020-06-29,72.44,71.54,73.37,71.24,173376,103.8906,3.2057,0.03085649712293509
115,2020-06-30,72.35,72.74,73.79,71.81,169831,106.1888,3.2767,0.030857303218418515
116,2020-07-01,74.15,73.41,76.39,71.97,235093,103.164,3.1833,0.030856694195649646
117,2020-07-02,73.57,73.08,75.55,72.74,214074,104.7355,3.2318,0.030856777310463022
118,2020-07-03,74.24,80.29,80.29,74.17,455388,106.1043,3.2741,0.030857373358101414
119,2020-07-06,80.27,81.84,82.53,78.35,461224,106.7971,3.2954,0.030856643111095712
120,2020-07-07,85.7,83.94,89.44,83.94,466706,101.5756,3.1343,0.030856819944947413
121,2020-07-08,82.88,83.69,85.22,82.8,319156,101.2714,3.1249,0.030856688067904658
122,2020-07-09,83.69,85.4,87.24,82.4,327974,103.0795,3.1807,0.03085676589428548
123,2020-07-10,85.41,89.94,93.3,83.99,396029,100.2575,3.0936,0.0308565443981747
124,2020-07-13,93.54,98.84,98.84,93.23,579871,97.013,2.9935,0.030856689309680146
125,2020-07-14,98.84,97.49,98.85,91.52,536389,97.1313,2.9972,0.030857200511060803
126,2020-07-15,97.94,95.44,98.23,93.63,388696,96.8271,2.9878,0.030857063776566683
127,2020-07-16,95.34,85.99,96.44,85.99,560467,98.517,3.0399,0.030856603428849844
128,2020-07-17,83.96,82.53,86.3,81.01,430969,95.5091,2.9471,0.030856745587593222
129,2020-07-20,84.64,88.11,90.24,82.55,431730,94.6811,2.9216,0.03085726718426381
130,2020-07-21,90.84,89.03,92.27,88.62,317222,96.5737,2.98,0.03085726238095879
131,2020-07-22,86.94,88.13,90.42,86.44,269545,99.7168,3.077,0.0308573881231648
132,2020-07-23,87.0,89.93,89.94,86.52,327287,98.3818,3.0358,0.030857333368570203
133,2020-07-24,88.72,83.94,89.08,83.44,388174,96.6244,2.9815,0.03085659522853441
134,2020-07-27,84.44,84.46,86.14,83.24,208828,97.9424,3.0222,0.030856911817558074
135,2020-07-28,86.92,84.85,87.6,83.94,216441,97.4862,3.0081,0.030856675098629348
136,2020-07-29,84.25,87.87,88.44,83.46,287976,99.683,3.0759,0.030856816107059374
137,2020-07-30,87.96,85.94,88.57,85.24,224493,99.9195,3.0832,0.030856839756003583
138,2020-07-31,85.9,86.33,87.6,84.4,258123,99.4971,3.0702,0.03085718076205236
139,2020-08-03,86.35,87.11,87.44,85.34,280304,101.0179,3.1171,0.03085690753816898
140,2020-08-04,87.89,89.94,91.94,87.82,383956,101.5418,3.1333,0.03085724302700957
141,2020-08-05,89.94,89.09,89.94,87.52,190227,105.0735,3.2422,0.03085649569111146
142,2020-08-06,89.75,89.67,90.54,87.94,205333,101.3221,3.1265,0.03085703908624081
143,2020-08-07,88.54,86.32,89.7,84.75,245974,98.01,3.0243,0.030857055402509947
144,2020-08-10,84.73,82.92,85.29,80.94,336539,96.2864,2.9684,0.030828860565978163
145,2020-08-11,82.84,81.94,84.14,81.89,194173,96.2864,2.9684,0.030828860565978163
146,2020-08-12,82.12,82.92,82.92,79.39,220972,99.2436,3.0596,0.03082919200835117
147,2020-08-13,84.44,82.74,84.74,82.59,135828,98.4325,3.0346,0.030829248469763544
148,2020-08-14,83.04,82.87,83.53,80.94,120620,100.4265,3.0961,0.030829512130762297
149,2020-08-17,83.14,83.86,84.17,82.27,151032,58.2585,2.8536,0.04898169365843611
150,2020-08-18,85.01,83.18,85.51,82.8,161553,57.758,2.8291,0.048981959209113884
151,2020-08-19,82.4,80.65,82.64,80.52,187358,57.6991,2.8262,0.048981699887866534
152,2020-08-20,80.64,79.55,81.0,79.1,122724,58.8865,2.8844,0.04898236437893235
153,2020-08-21,81.0,80.58,81.64,79.9,111905,59.0141,2.8906,0.048981514587191875
154,2020-08-24,80.9,82.44,83.28,80.69,171281,56.8356,2.7839,0.048981624193287304
155,2020-08-25,82.0,82.24,83.88,81.5,145106,54.7553,2.682,0.04898155977594863
156,2020-08-26,83.0,84.42,86.31,82.68,320472,53.5483,2.6229,0.048981947139311616
157,2020-08-27,87.5,86.42,88.55,85.7,252035,54.6081,2.6748,0.048981744466480244
158,2020-08-28,86.0,86.39,87.06,84.02,186470,54.2843,2.659,0.04898285507964549
159,2020-08-31,88.02,86.0,89.22,85.88,215347,55.2558,2.7065,0.04898128341278201
160,2020-09-01,87.99,94.5,94.5,87.31,394613,53.9703,2.6436,0.04898249592831613
161,2020-09-02,96.88,95.3,97.0,92.63,397047,55.5305,2.72,0.048982090923006275
162,2020-09-03,93.88,93.59,96.16,93.15,227795,56.0506,2.7455,0.0489825265028385
163,2020-09-04,89.8,91.0,91.59,89.02,222021,58.8472,3.1207,0.053030560502453805
164,2020-09-07,90.48,95.74,98.5,90.4,409987,55.1773,2.926,0.05302905361443927
165,2020-09-08,96.88,92.0,96.88,91.7,279084,53.7544,2.8506,0.05303007753783877
166,2020-09-09,89.01,86.99,89.7,85.85,263292,53.254,2.824,0.05302888045968378
167,2020-09-10,88.84,88.09,91.17,87.9,217063,51.2718,2.7189,0.053029150527190386
168,2020-09-11,88.85,92.2,92.2,88.22,205764,48.7989,2.5878,0.05302988387033314
169,2020-09-14,92.3,93.5,95.5,92.3,223839,47.2485,2.5056,0.05303025492872789
170,2020-09-15,95.01,102.3,102.75,94.5,579221,51.5367,2.733,0.05303017073270116
171,2020-09-16,101.28,106.4,108.87,100.0,493789,50.3984,2.6726,0.053029461252738185
172,2020-09-17,106.51,116.94,116.94,106.15,602351,51.1148,2.7106,0.05302965090345653
173,2020-09-18,114.99,116.5,116.5,112.5,473754,52.047,2.76,0.05302899302553461
174,2020-09-21,117.0,106.77,120.32,105.34,588771,52.8713,2.8038,0.0530306612472173
175,2020-09-22,107.5,107.77,111.65,105.01,462882,54.6179,2.8964,0.053030233677970044
176,2020-09-23,110.0,111.4,112.01,107.3,381409,55.9623,2.9677,0.053030343642059025
177,2020-09-24,108.88,107.4,111.03,107.01,266126,57.6501,3.0572,0.05303026360752193
178,2020-09-25,109.2,106.09,110.79,104.8,324363,59.0435,3.1311,0.05303039284595256
179,2020-09-28,107.19,107.4,109.1,106.65,211883,58.337,3.0936,0.05302980955482798
180,2020-09-29,109.59,108.89,110.51,105.25,270046,64.1363,3.4011,0.05302925176538091
181,2020-09-30,109.58,117.24,119.23,108.1,444201,65.5592,3.4766,0.05302993325116841
182,2020-10-09,124.1,121.35,127.14,120.2,559678,65.3335,3.4646,0.05302945655750878
183,2020-10-12,124.8,129.5,130.03,121.45,528089,66.5993,3.5317,0.05302908589129315
184,2020-10-13,129.0,130.29,132.88,126.0,460527,65.5984,3.4787,0.05303025683553257
185,2020-10-14,130.15,131.5,133.32,129.1,310472,64.1461,3.4017,0.05303050380303712
186,2020-10-15,135.6,132.55,138.73,132.33,402893,68.7385,3.6452,0.05302996137535733
187,2020-10-16,133.56,128.8,134.85,126.0,413536,70.3576,3.7311,0.053030518380388185
188,2020-10-19,129.0,129.08,130.81,127.3,222006,69.5235,3.6868,0.05302955115896064
189,2020-10-20,127.18,141.0,141.33,127.18,541679,64.9606,3.4448,0.053029066849752005
190,2020-10-21,138.99,138.5,140.7,135.17,380567,66.2363,3.5125,0.05302983409399378
191,2020-10-22,138.23,144.79,146.0,133.07,434389,66.825,3.5437,0.05302955480733258
192,2020-10-23,143.02,139.67,146.78,137.5,400994,60.7509,3.2216,0.053029667050200076
193,2020-10-26,137.5,140.96,143.85,134.1,309796,58.3566,3.0946,0.053029134665144986
194,2020-10-27,138.42,141.28,142.5,136.83,296545,57.3851,3.0431,0.05302944492559915
195,2020-10-28,140.51,152.6,154.48,140.02,517974,55.8347,2.9609,0.05302974673455754
196,2020-10-29,148.91,159.38,167.76,148.91,634705,56.4725,2.9947,0.053029350568860954
197,2020-10-30,161.0,160.81,171.3,155.2,673292,58.0818,3.0801,0.05303038128983605
198,2020-11-02,161.91,168.98,169.75,161.5,524911,57.9346,3.0723,0.05303048609984361
199,2020-11-03,173.0,165.08,173.45,160.58,661617,59.7893,3.1706,0.05302955545557483
200,2020-11-04,168.0,169.03,171.33,164.0,460948,56.816,3.0129,0.05302907631653055
201,2020-11-05,176.0,185.83,185.83,172.0,674092,59.6126,3.1612,0.053029057615336356
202,2020-11-06,190.5,191.44,199.85,180.89,807667,59.6715,3.1644,0.053030341117618965
203,2020-11-09,192.6,191.95,194.67,185.12,525016,55.3048,2.9328,0.053029755102631235
204,2020-11-10,187.86,183.58,187.88,177.88,635350,52.8418,2.8022,0.05302998762343448
205,2020-11-11,177.9,165.35,182.89,165.32,805675,58.7099,3.1134,0.053030238511733115
206,2020-11-12,169.0,170.33,174.3,166.78,586640,58.1603,3.0842,0.05302930005519229
207,2020-11-13,181.0,176.9,183.02,174.29,609194,55.6581,2.9515,0.053029118852422195
208,2020-11-16,172.03,171.02,172.5,164.5,542565,57.6599,3.0577,0.0530299220081894
209,2020-11-17,174.5,168.0,176.18,165.46,568409,56.8651,3.0155,0.05302901076407146
210,2020-11-18,166.88,168.0,170.18,163.25,417033,53.0773,2.8147,0.05303020311884742
211,2020-11-19,169.0,162.62,169.7,160.52,470054,52.3119,2.7741,0.053029998910381765
212,2020-11-20,165.65,177.06,178.24,164.22,707527,52.4395,2.7809,0.05303063530354027
213,2020-11-23,177.9,185.2,186.02,173.07,604027,50.6438,2.6856,0.05302919607138485
214,2020-11-24,192.77,185.19,195.99,181.71,646752,46.0416,2.4416,0.05303030303030303
215,2020-11-25,184.0,184.53,192.7,181.6,473858,46.7579,2.4796,0.0530306108700348
216,2020-11-26,184.61,176.82,185.8,172.23,496538,46.3948,2.4603,0.05302964987455491
217,2020-11-27,176.31,175.1,178.9,170.33,397476,47.1504,2.5004,0.05303030303030303
218,2020-11-30,172.5,173.15,177.74,167.01,379213,47.3761,2.5123,0.05302884787899384
219,2020-12-01,169.7,177.81,178.0,168.0,401564,47.1406,2.4999,0.05303072086481716
