,日期,开盘,收盘,最高,最低,成交量,pe,pb,roe
0,2020-01-03,321.68,316.06,331.94,309.69,360980,28.5959,7.45,0.2605268587454845
1,2020-01-06,311.2,316.39,330.32,304.94,422234,26.0989,6.7994,0.2605243899168164
2,2020-01-07,321.14,339.18,344.36,318.44,387288,24.9503,6.5002,0.2605259255399735
3,2020-01-08,332.59,337.34,347.17,330.32,293264,24.9203,6.4924,0.2605265586690369
4,2020-01-09,343.28,339.39,345.44,322.22,281571,25.1101,6.5418,0.2605246494438493
5,2020-01-10,340.04,342.2,345.87,332.16,232359,25.7693,6.7136,0.2605270612705816
6,2020-01-13,341.98,336.69,341.98,324.92,393730,25.6394,6.6797,0.26052481727341514
7,2020-01-14,338.74,332.91,345.33,331.94,394621,26.3885,6.8749,0.26052636565170434
8,2020-01-15,332.48,322.76,334.64,319.09,380843,26.4784,6.8983,0.2605255604568252
9,2020-01-16,324.6,321.25,327.62,315.31,345069,25.989,6.7708,0.26052560698757166
10,2020-01-17,322.22,319.84,326.76,316.28,232433,26.3686,6.8697,0.26052577687097533
11,2020-01-20,316.71,336.8,343.06,316.71,421131,27.0977,7.0597,0.2605276462578005
12,2020-01-21,333.88,336.58,341.23,329.56,253298,27.0178,7.0388,0.2605245430790072
13,2020-01-22,330.43,341.44,345.44,326.32,328810,27.4772,7.1585,0.26052508989271106
14,2020-01-23,341.12,358.51,369.09,337.02,461367,27.647,7.2028,0.2605273628241762
15,2020-02-03,335.29,334.42,385.08,330.32,533407,28.6858,7.4734,0.2605261139657949
16,2020-02-04,334.21,367.04,367.04,334.21,462433,29.6247,7.718,0.2605258449874598
17,2020-02-05,368.01,377.41,389.5,360.99,526270,28.3961,7.3979,0.26052521296938663
18,2020-02-06,372.22,407.32,413.48,368.77,514850,29.2152,7.6113,0.26052534297215146
19,2020-02-07,402.68,432.38,437.24,394.36,499150,28.8856,7.5254,0.2605242750713158
20,2020-02-10,424.28,413.37,432.06,400.41,469231,29.2851,7.6295,0.2605249768653684
21,2020-02-11,413.48,395.01,413.8,378.92,450736,28.7657,7.4942,0.26052555647872294
22,2020-02-12,394.9,406.14,417.58,391.88,414926,29.5648,8.2747,0.27988351012014284
23,2020-02-13,399.44,408.08,416.94,386.48,487677,29.9743,8.3893,0.27988309985554294
24,2020-02-14,403.44,405.49,411.32,396.2,364134,30.5835,8.5599,0.27988621315415174
25,2020-02-17,408.08,421.04,427.3,405.49,342598,30.3139,8.4844,0.2798848053203316
26,2020-02-18,418.77,415.42,425.9,409.92,299193,30.0941,8.4229,0.27988542604696603
27,2020-02-19,411.86,388.32,411.97,386.7,503891,30.0941,8.4229,0.27988542604696603
28,2020-02-20,390.48,393.5,396.96,384.32,275546,32.0418,8.968,0.27988440100119216
29,2020-02-21,397.28,411.21,419.96,397.28,455663,32.6611,9.1413,0.27988340870331985
30,2020-02-24,405.92,423.42,428.38,405.92,368239,33.8696,9.4796,0.2798852067931124
31,2020-02-25,407.22,416.18,422.98,395.12,407279,34.0993,9.5439,0.27988551084626373
32,2020-02-26,412.4,378.38,412.4,375.46,561790,35.5376,9.9464,0.27988384133987665
33,2020-02-27,382.16,391.66,402.68,372.98,392970,35.3379,9.8905,0.27988363768079033
34,2020-02-28,378.92,374.17,394.9,369.2,412755,35.1781,9.8458,0.2798843598716247
35,2020-03-02,386.48,383.56,393.61,362.72,449014,36.6863,10.2679,0.27988377132608083
36,2020-03-03,390.8,377.84,396.74,368.77,491315,37.5352,10.5055,0.27988394893326796
37,2020-03-04,375.57,372.98,380.43,365.2,359162,41.7003,11.6713,0.2798852766047247
38,2020-03-05,380.76,376.33,385.94,369.2,270224,39.6427,11.0954,0.27988507341830904
39,2020-03-06,370.6,380.65,395.01,369.2,368066,40.5117,11.3386,0.2798845765544275
40,2020-03-09,373.2,352.35,375.57,348.68,399300,39.6827,11.1066,0.2798851892638354
41,2020-03-10,345.44,365.53,369.85,345.22,323037,40.5417,11.347,0.27988466196533446
42,2020-03-11,368.12,357.64,372.12,356.24,184049,40.4717,10.451,0.25822982479115036
43,2020-03-12,350.84,344.9,355.92,341.44,356956,40.8813,10.5567,0.25822808961554544
44,2020-03-13,324.92,342.63,349.76,320.6,319021,38.7638,10.0099,0.2582280374989036
45,2020-03-16,348.68,343.6,366.72,340.04,414394,40.3819,10.4277,0.25822707698250946
46,2020-03-17,359.48,359.16,361.64,337.99,366164,40.7714,10.5283,0.2582275810985151
47,2020-03-18,365.42,359.48,378.27,357.97,377330,40.3619,10.4226,0.25822867605340677
48,2020-03-19,360.56,376.98,377.19,360.56,380923,41.2009,10.6392,0.2582273688196132
49,2020-03-20,385.29,386.37,391.34,379.46,356195,41.91,10.8224,0.25822953948938204
50,2020-03-23,377.95,380.76,388.86,372.66,203388,41.5005,10.7166,0.25822821411790214
51,2020-03-24,388.86,365.31,392.2,350.41,391331,40.8713,10.5541,0.2582276560814068
52,2020-03-25,374.38,380.86,384.1,366.07,319287,40.3819,10.4277,0.25822707698250946
53,2020-03-26,377.3,383.89,394.04,373.95,259193,40.9412,10.5722,0.25822887458110655
54,2020-03-27,388.42,367.26,390.37,366.5,276241,42.2197,10.9023,0.258227794134018
55,2020-03-30,358.4,355.81,359.05,341.44,272048,41.9,10.8198,0.2582291169451074
56,2020-03-31,360.02,361.21,364.66,351.92,179573,43.7578,11.2995,0.25822824730676586
57,2020-04-01,362.72,354.19,369.2,350.84,222792,45.4358,11.7328,0.25822809326566276
58,2020-04-02,355.38,356.24,357.21,324.81,432234,45.9053,11.854,0.25822726351859154
59,2020-04-03,361.53,359.7,372.55,356.67,279004,46.2249,11.9366,0.2582287901109575
60,2020-04-07,370.39,383.35,385.62,369.2,333168,45.5357,11.7586,0.25822815944412847
61,2020-04-08,383.35,378.81,391.02,376.33,245204,47.5433,14.0091,0.2946598153683064
62,2020-04-09,382.16,381.73,386.48,376.22,231033,45.7355,13.4764,0.2946595095713395
63,2020-04-10,382.16,370.5,387.67,364.77,252123,45.2261,13.3263,0.2946594997136609
64,2020-04-13,365.1,359.59,369.63,357.32,162120,44.9964,13.2586,0.2946591282858184
65,2020-04-14,364.99,391.34,391.34,364.99,391954,45.1661,13.3087,0.29466126143280025
66,2020-04-15,391.88,395.12,403.98,387.78,294581,43.9975,12.9643,0.29465992385931017
67,2020-04-16,394.58,408.84,414.78,388.42,316241,41.4206,12.205,0.2946601449520287
68,2020-04-17,411.1,400.95,411.1,398.68,242324,41.6503,12.2727,0.2946605426611573
69,2020-04-20,400.95,406.46,412.94,395.44,199378,43.5681,12.8378,0.294660542920164
70,2020-04-21,400.52,400.52,407.86,395.01,187937,43.0786,12.6936,0.29466138639602957
71,2020-04-22,398.36,407.0,408.4,392.64,221842,42.8589,12.6288,0.29465991894332333
72,2020-04-23,407.0,395.23,409.7,390.37,243482,41.7502,12.3021,0.29465966630099977
73,2020-04-24,396.2,385.4,399.98,383.24,226853,41.2508,12.155,0.29466095203002124
74,2020-04-27,388.21,387.02,391.56,382.81,113703,41.7402,12.2992,0.29466078265077794
75,2020-04-28,390.8,389.94,394.58,377.62,184103,42.4993,12.5229,0.294661323833569
76,2020-04-29,389.94,397.5,401.92,388.64,159391,43.2185,12.7348,0.29466085125582797
77,2020-04-30,404.73,399.01,406.68,391.99,219749,43.0287,12.6788,0.29465914610480914
78,2020-05-06,391.88,396.74,400.95,388.64,239732,45.5457,13.4205,0.29466008865820487
79,2020-05-07,394.58,421.36,425.79,394.58,361031,44.1074,12.9967,0.29466030643384106
80,2020-05-08,421.36,418.45,422.88,415.96,222976,45.5856,13.4323,0.29466103330876414
81,2020-05-11,421.8,412.29,424.17,408.08,239007,45.5457,13.4205,0.29466008865820487
82,2020-05-12,412.29,413.59,417.26,408.19,177568,44.3671,13.0732,0.29465978168507745
83,2020-05-13,413.59,419.96,421.47,409.48,214105,45.5057,13.4087,0.29465978987247754
84,2020-05-14,420.07,409.7,421.47,408.84,202197,43.7778,12.8996,0.2946607641315918
85,2020-05-15,409.81,411.21,412.08,403.65,167801,43.4482,12.8025,0.29466122877357404
86,2020-05-18,409.92,401.38,409.92,392.64,199964,43.0886,12.6965,0.2946603045817223
87,2020-05-19,404.84,405.92,408.62,398.36,133513,46.145,13.5971,0.2946603098927294
88,2020-05-20,408.62,390.58,408.73,388.21,206109,47.823,14.0915,0.2946594734751061
89,2020-05-21,391.23,385.4,392.74,378.6,178470,47.0539,13.8649,0.2946599537976661
90,2020-05-22,385.4,378.06,392.1,377.3,156659,46.4246,13.6795,0.2946605894288804
91,2020-05-25,377.95,377.84,382.7,364.34,203416,46.2748,13.6354,0.29466145720781073
92,2020-05-26,377.73,381.08,381.51,374.49,172478,44.3671,13.0732,0.29465978168507745
93,2020-05-27,384.32,371.79,386.8,371.68,133146,46.3048,13.6442,0.2946605967415905
94,2020-05-28,368.44,375.46,376.22,364.88,138328,49.3412,14.5389,0.29466044603698327
95,2020-05-29,372.22,378.92,384.54,369.31,159866,49.6208,14.6213,0.29466070680037404
96,2020-06-01,382.59,390.69,395.66,374.6,274482,48.9317,14.4182,0.2946596991316468
97,2020-06-02,390.58,378.38,390.58,376.76,300862,49.3312,14.5359,0.29465936364815776
98,2020-06-03,377.95,370.28,380.86,368.44,291338,46.3747,13.6648,0.29466066626846105
99,2020-06-04,371.68,369.09,374.71,366.39,152640,45.7455,13.4794,0.2946606770064815
100,2020-06-05,369.2,377.19,378.81,364.66,199885,44.5569,13.1291,0.294659188588075
101,2020-06-08,381.08,380.0,384.32,379.78,178708,44.6368,13.1527,0.29466045953114917
102,2020-06-09,382.27,409.16,409.38,380.11,377250,44.3471,13.0673,0.29465962825077624
103,2020-06-10,411.32,418.12,422.01,406.78,319305,45.8553,13.5117,0.2946595050081452
104,2020-06-11,422.23,425.68,439.72,415.53,505264,46.7443,13.7737,0.29466052545444044
105,2020-06-12,422.12,446.1,455.6,419.31,471327,44.0475,12.979,0.29465917475452635
106,2020-06-15,455.82,454.52,472.45,451.39,383476,43.4482,12.8025,0.29466122877357404
107,2020-06-16,461.32,451.5,463.7,441.45,402725,43.4282,12.7966,0.2946610727591749
108,2020-06-17,453.44,456.14,458.62,445.66,289316,41.6803,12.2815,0.29465958738300824
109,2020-06-18,455.82,446.42,461.54,440.48,279570,41.131,12.1197,0.2946609613187134
110,2020-06-19,450.2,456.46,468.56,447.93,380060,40.2021,11.846,0.2946612241649068
111,2020-06-22,462.73,462.4,473.64,456.46,237162,41.101,12.1108,0.29465949733583124
112,2020-06-23,469.42,481.3,490.16,457.87,345461,40.6715,11.9843,0.29466088046912453
113,2020-06-24,481.3,481.52,491.78,478.71,213597,40.9512,12.0667,0.29466047392994593
114,2020-06-29,481.41,488.0,498.8,481.41,214877,40.1721,11.8371,0.2946597265266192
115,2020-06-30,490.16,517.16,521.16,486.92,244270,38.2844,11.2809,0.2946604883451223
116,2020-07-01,522.34,507.55,524.72,489.08,298639,37.5852,11.0749,0.29466119642838134
117,2020-07-02,497.83,491.24,501.07,484.33,368760,36.7562,10.8306,0.2946604926515799
118,2020-07-03,485.62,494.37,499.88,471.69,269557,34.0594,10.0359,0.294658743254432
119,2020-07-06,485.3,493.51,500.96,476.12,471221,33.7997,9.9594,0.2946594200540241
120,2020-07-07,493.4,506.36,520.4,483.25,484973,33.0506,9.7387,0.2946603087387218
121,2020-07-08,507.44,513.16,515.97,487.24,420345,33.1605,9.7711,0.294660816332685
122,2020-07-09,507.87,545.13,552.91,504.2,405933,33.9096,9.9918,0.2946599193148843
123,2020-07-10,538.0,540.81,548.05,526.56,306296,35.0482,10.3273,0.2946599254740614
124,2020-07-13,540.7,548.26,557.12,537.03,288139,33.9595,10.0065,0.2946598153683064
125,2020-07-14,542.22,545.24,563.38,534.01,331686,33.6399,9.9123,0.2946590209840101
126,2020-07-15,549.56,512.41,559.06,508.95,450896,33.3003,9.8123,0.29466100905997844
127,2020-07-16,514.14,491.46,532.06,486.92,364828,34.1593,10.0654,0.29466060487187967
128,2020-07-17,487.03,512.08,518.24,486.92,348759,33.8596,9.9771,0.2946608938085506
129,2020-07-20,524.5,513.7,524.72,492.32,288937,33.8796,9.983,0.29466109399166457
130,2020-07-21,504.09,520.51,523.1,500.42,225298,34.5588,10.1831,0.29466011551327015
131,2020-07-22,518.35,528.82,538.22,513.27,245356,35.0382,10.3244,0.29466125542978805
132,2020-07-23,519.32,510.68,528.82,505.28,345260,36.4565,10.7423,0.29466076008393566
133,2020-07-24,511.65,477.63,515.32,472.56,386708,36.037,10.6187,0.29466104281710465
134,2020-07-27,478.39,481.52,495.02,472.56,219745,36.946,10.8865,0.29465977372381313
135,2020-07-28,487.46,485.08,490.7,472.88,233446,36.8061,10.8453,0.29466039596697285
136,2020-07-29,483.9,503.77,506.9,481.84,247034,37.755,11.1249,0.2946603098927294
137,2020-07-30,499.45,491.46,503.01,485.62,245072,37.1657,10.9513,0.2946614755002596
138,2020-07-31,488.32,504.2,515.54,487.35,284692,37.0458,10.9159,0.29465958354253385
139,2020-08-03,515.54,504.63,518.78,493.4,290838,37.9148,10.2656,0.2707544283498792
140,2020-08-04,502.8,488.65,504.52,480.98,315159,38.1845,10.3386,0.27075383990886354
141,2020-08-05,491.67,504.2,509.28,487.03,266498,35.9072,9.722,0.27075349790571246
142,2020-08-06,500.96,476.98,503.23,473.64,440888,36.1169,9.7788,0.27075413449105545
143,2020-08-07,478.28,479.04,483.14,464.78,250900,35.9771,10.8237,0.3008497071748418
144,2020-08-10,476.12,471.26,480.98,459.92,318491,35.2779,10.6134,0.30085124114530626
145,2020-08-11,472.88,463.05,478.6,461.65,211679,35.0083,10.5322,0.3008486558901746
146,2020-08-12,463.05,457.76,465.21,442.75,321600,34.8584,10.4872,0.3008514447019943
147,2020-08-13,462.73,463.16,466.94,455.17,193513,35.7674,10.7606,0.3008493768068129
148,2020-08-14,464.13,475.15,483.03,463.27,258336,36.8561,11.0882,0.30085114811388075
149,2020-08-17,481.74,477.52,482.38,470.07,234393,36.2568,10.9079,0.3008511506806999
150,2020-08-18,476.55,482.82,485.3,465.54,228217,36.8061,11.0731,0.300849587432518
151,2020-08-19,481.52,462.08,481.84,459.92,204812,36.2967,10.9199,0.3008510415547419
152,2020-08-20,462.62,459.6,467.8,454.63,180413,37.0259,11.1392,0.30084886525378185
153,2020-08-21,463.59,487.46,504.2,463.59,455863,35.7574,10.7576,0.30084961434556207
154,2020-08-24,487.46,500.1,504.74,487.03,303352,35.4078,10.6524,0.3008489654821819
155,2020-08-25,497.72,498.26,507.98,494.37,210629,32.4713,9.769,0.30085028933242586
156,2020-08-26,508.3,500.74,508.52,494.26,194961,33.4801,10.0725,0.3008503558830469
157,2020-08-27,503.12,506.25,518.67,500.85,220213,34.5188,10.385,0.3008505510040905
158,2020-08-28,505.17,525.8,525.8,502.69,284180,34.2492,10.3039,0.3008508227929412
159,2020-08-31,539.84,504.09,545.89,503.66,471180,34.6687,10.4301,0.30085062318460165
160,2020-09-01,505.93,511.54,512.3,495.67,204261,32.4813,9.772,0.3008500275543159
161,2020-09-02,512.62,508.09,518.67,503.77,186561,32.1617,9.6758,0.30084852479812946
162,2020-09-03,508.63,503.01,510.03,500.42,176259,67.0431,9.5353,0.14222641852778287
163,2020-09-04,495.34,484.87,497.61,477.09,243129,68.4045,9.7289,0.14222602314175237
164,2020-09-07,482.6,464.78,486.49,461.54,208754,67.3573,9.58,0.14222660350103108
165,2020-09-08,464.78,468.24,470.72,459.16,166074,69.5774,9.8957,0.14222578021024068
166,2020-09-09,456.68,454.41,461.0,443.94,179100,72.8028,10.3545,0.14222667260050437
167,2020-09-10,458.3,448.36,465.21,444.37,188029,72.2164,10.2711,0.142226696429066
168,2020-09-11,448.15,453.66,457.22,445.12,144515,69.2004,9.8421,0.14222605649678324
169,2020-09-14,457.76,460.46,462.51,452.47,144028,72.1954,10.2681,0.14222651304653758
170,2020-09-15,460.78,464.89,470.4,459.92,145770,73.2845,10.423,0.14222652811986164
171,2020-09-16,462.3,457.22,466.51,449.98,141511,71.4624,10.1638,0.14222584184130396
172,2020-09-17,454.52,448.15,456.36,445.77,172577,68.0694,9.6813,0.14222690371885163
173,2020-09-18,448.26,453.98,454.3,443.72,194817,68.0065,9.6723,0.1422261107394146
174,2020-09-21,454.52,448.36,458.84,446.96,133493,64.9905,9.2434,0.14222694086058732
175,2020-09-22,443.18,430.87,444.8,429.79,273794,64.802,9.2166,0.14222709175642725
176,2020-09-23,434.76,453.76,457.54,433.89,288601,65.2419,9.2791,0.1422260847706765
177,2020-09-24,452.68,449.34,468.56,446.42,227822,67.7133,9.6306,0.14222612101315396
178,2020-09-25,448.04,453.33,456.57,441.88,139636,69.2422,9.8481,0.14222685010008349
179,2020-09-28,457.54,444.04,458.84,440.05,142055,66.687,9.4847,0.14222712072817792
180,2020-09-29,443.94,453.01,455.92,441.56,127358,72.1745,10.2651,0.14222613249832006
181,2020-09-30,455.38,443.61,460.14,439.72,199823,71.3367,10.146,0.14222693228029895
182,2020-10-09,452.68,465.86,470.61,447.5,231005,70.6874,10.0536,0.14222619589912772
183,2020-10-12,464.24,420.82,465.86,420.82,564737,71.6299,10.1877,0.14222691920552727
184,2020-10-13,414.56,411.64,414.56,385.4,911222,72.74,10.3456,0.14222711025570525
185,2020-10-14,401.6,395.34,402.79,392.74,545593,70.9178,10.9655,0.15462267583032752
186,2020-10-15,393.5,397.06,402.14,393.28,336451,74.3108,11.4901,0.15462220834656604
187,2020-10-16,393.82,399.22,401.28,388.64,308152,71.7346,11.0918,0.1546227343569212
188,2020-10-19,399.22,383.67,401.17,382.38,448516,79.0652,12.2253,0.1546230199885664
189,2020-10-20,382.05,381.19,383.02,374.92,445177,80.4685,12.4422,0.1546219949421202
190,2020-10-21,385.72,368.12,385.83,365.42,487156,78.1017,12.0763,0.15462275469035885
191,2020-10-22,365.42,361.42,369.09,357.43,357107,74.6669,11.5452,0.15462273108967964
192,2020-10-23,363.58,340.36,364.12,337.56,522276,73.6615,11.3897,0.15462215675760063
193,2020-10-26,337.77,340.36,346.2,331.08,342161,78.9186,12.2026,0.15462261114616835
194,2020-10-27,343.39,342.74,352.14,341.12,409436,80.0077,12.371,0.1546226175730586
195,2020-10-28,344.36,345.66,348.25,340.47,288685,76.9917,11.9047,0.15462316067835885
196,2020-10-29,341.01,339.07,343.17,337.66,294609,77.4944,11.9824,0.15462278564644671
197,2020-10-30,343.17,334.64,343.39,329.35,314340,77.1174,11.9241,0.15462269215507782
198,2020-11-02,329.78,326.0,339.18,323.08,528081,74.9601,11.5905,0.15462225904181026
199,2020-11-03,328.27,331.62,333.13,326.86,355700,78.5206,12.1411,0.15462311800979614
200,2020-11-04,331.08,327.3,331.62,323.95,278758,82.2068,12.711,0.15462224536169758
201,2020-11-05,330.32,330.86,335.18,320.71,376758,77.3477,11.9597,0.1546225679625897
202,2020-11-06,331.94,322.0,332.48,320.06,400327,71.5461,11.0627,0.15462338268612824
203,2020-11-09,321.14,335.29,337.34,321.14,599901,69.5355,10.7518,0.15462317808888984
204,2020-11-10,333.56,325.14,333.56,322.76,472906,63.2103,9.7737,0.1546219524349671
205,2020-11-11,324.16,313.9,327.51,311.2,489422,67.8809,10.4959,0.15462228697615973
206,2020-11-12,317.36,312.07,317.36,310.23,287074,64.5716,9.9842,0.15462215587038264
207,2020-11-13,309.26,307.1,311.64,303.1,386756,63.6291,9.8385,0.15462264907094395
208,2020-11-16,307.53,307.96,308.72,300.84,379159,63.671,9.845,0.1546229837759734
209,2020-11-17,307.96,300.08,310.45,297.16,384713,60.3828,9.3365,0.15462184595613318
210,2020-11-18,299.76,295.98,300.73,292.2,459001,60.655,9.3786,0.15462204270051932
211,2020-11-19,295.44,301.27,304.94,293.6,370920,60.9483,9.424,0.15462285248317015
212,2020-11-20,303.1,300.3,304.83,298.46,281586,62.917,9.7284,0.15462275696552602
213,2020-11-23,302.24,292.2,302.24,290.14,433275,63.6501,9.8417,0.15462190947068424
214,2020-11-24,292.3,293.6,298.24,290.68,304060,64.7183,10.0069,0.1546224174615217
215,2020-11-25,293.82,286.47,295.65,286.47,396845,64.1737,9.9227,0.1546225322834744
216,2020-11-26,285.93,284.42,287.88,279.56,328527,63.7758,9.8612,0.15462291339348155
217,2020-11-27,284.53,284.74,289.82,280.86,296310,64.1318,9.9162,0.15462219990706638
218,2020-11-30,283.99,297.16,299.54,282.15,715451,59.7125,9.2329,0.15462256646430816
219,2020-12-01,296.62,324.16,325.35,293.92,1296868,59.6497,9.2232,0.15462273909173055
