,日期,开盘,收盘,最高,最低,成交量,pe,pb,roe
0,2020-01-03,77.17,79.71,80.74,77.01,172283,44.2627,4.442,0.10035537823042878
1,2020-01-06,79.47,80.58,82.32,78.16,172907,44.0405,4.4197,0.10035535473030505
2,2020-01-07,80.46,81.89,82.52,80.46,122289,43.3493,4.3504,0.10035686850768062
3,2020-01-08,81.89,80.42,83.91,80.3,119887,43.2752,4.3429,0.10035539985950384
4,2020-01-09,82.48,80.66,82.48,79.67,87237,42.9296,4.3082,0.1003549998136484
5,2020-01-10,81.45,79.67,81.45,78.92,66589,44.0405,4.4197,0.10035535473030505
6,2020-01-13,80.46,80.66,81.25,79.03,72548,44.1639,4.4321,0.1003557203960701
7,2020-01-14,81.45,79.98,81.73,79.67,63616,44.5342,4.4693,0.10035657988691836
8,2020-01-15,80.94,82.4,82.8,80.06,129254,44.6577,4.4817,0.1003567133999288
9,2020-01-16,82.0,78.76,82.0,78.56,139008,45.5464,4.5708,0.10035480301406918
10,2020-01-17,78.76,77.93,79.55,77.61,96003,44.2874,4.4445,0.10035585742220135
11,2020-01-20,77.57,76.3,77.77,75.11,118611,43.5715,4.3726,0.10035458958264003
12,2020-01-21,76.1,74.6,76.22,74.4,106769,43.5715,4.3726,0.10035458958264003
13,2020-01-22,74.32,74.88,75.35,73.93,80184,43.448,4.3603,0.10035674829681457
14,2020-01-23,74.4,74.4,76.22,73.25,96622,43.8924,4.4049,0.10035678158405555
15,2020-02-03,67.23,69.57,71.59,67.23,181333,44.9045,4.5064,0.10035519825407253
16,2020-02-04,69.57,72.86,73.09,69.57,135491,44.707,4.4866,0.10035564900351175
17,2020-02-05,73.13,72.34,74.01,71.71,127818,44.4355,4.4594,0.10035669678522802
18,2020-02-06,72.78,74.72,75.79,71.59,144595,45.1514,4.5312,0.10035569218230221
19,2020-02-07,74.04,77.21,78.96,73.61,158232,44.9045,4.5064,0.10035519825407253
20,2020-02-10,76.46,76.74,78.48,75.15,109951,46.7066,4.6873,0.10035626656618121
21,2020-02-11,76.22,74.76,76.9,74.52,78580,46.7313,4.6898,0.10035672022819823
22,2020-02-12,74.92,75.99,76.1,74.52,69040,46.8547,4.7021,0.10035492704040362
23,2020-02-13,75.39,74.2,75.59,74.01,67967,45.4723,4.6698,0.10269548714272207
24,2020-02-14,73.85,73.69,74.68,73.29,57841,45.3242,4.6545,0.10269348383424308
25,2020-02-17,73.65,75.19,75.39,73.61,64485,44.6823,4.5886,0.10269390787851117
26,2020-02-18,75.03,75.83,75.95,74.72,80553,44.8798,4.6089,0.10269430790689797
27,2020-02-19,75.83,74.01,75.83,73.69,80690,44.7811,4.5988,0.10269511021390719
28,2020-02-20,74.2,75.03,75.19,73.17,70549,45.3736,4.6596,0.10269407761341397
29,2020-02-21,74.8,80.74,81.05,74.48,267008,44.8798,4.6089,0.10269430790689797
30,2020-02-24,80.78,85.49,86.72,80.18,250709,45.3489,4.6571,0.10269488344811009
31,2020-02-25,83.91,82.44,84.62,79.63,216767,44.6083,4.581,0.10269389328891709
32,2020-02-26,80.97,78.68,81.89,78.24,165307,45.2008,4.6419,0.10269508504274259
33,2020-02-27,79.43,79.87,80.66,77.77,120283,46.0154,4.7255,0.10269388074427258
34,2020-02-28,77.13,77.93,78.56,76.18,117941,47.0029,4.8269,0.10269366358245982
35,2020-03-02,79.07,79.47,80.1,77.09,113897,47.9903,4.9283,0.10269366934568028
36,2020-03-03,79.95,78.28,81.01,78.04,126631,48.2372,4.9537,0.10269460084747871
37,2020-03-04,77.81,79.19,79.19,77.17,64390,47.9163,4.9207,0.10269365539492824
38,2020-03-05,79.79,78.52,80.3,78.28,89900,47.546,4.8827,0.10269423295335044
39,2020-03-06,77.49,77.77,78.32,77.21,69045,46.4351,4.7686,0.10269386735465198
40,2020-03-09,76.42,74.01,77.37,73.93,99579,46.756,4.8016,0.10269484130378988
41,2020-03-10,72.82,75.47,75.63,72.62,79274,47.8916,4.9182,0.10269441822783118
42,2020-03-11,75.19,74.48,75.91,74.4,52065,47.6447,4.8928,0.10269347902285039
43,2020-03-12,73.93,73.61,74.4,72.82,42253,48.9037,5.0221,0.10269366121581802
44,2020-03-13,70.24,73.21,73.85,70.24,62313,48.41,4.9714,0.10269365833505475
45,2020-03-16,73.97,71.95,74.88,71.91,57419,48.9778,5.0297,0.10269346520260199
46,2020-03-17,73.29,72.22,73.37,70.28,62521,49.1259,5.045,0.10269531957684236
47,2020-03-18,72.42,71.47,73.21,71.47,51582,48.41,4.9714,0.10269365833505475
48,2020-03-19,70.92,71.95,72.3,70.8,55142,48.2619,4.9562,0.10269384338370434
49,2020-03-20,72.58,72.42,73.69,71.67,63539,48.1137,4.941,0.10269424301186564
50,2020-03-23,71.23,68.98,71.95,68.7,69461,48.0891,4.9385,0.10269478946372464
51,2020-03-24,70.05,69.37,70.68,67.99,62946,48.0644,4.9359,0.1026934695949601
52,2020-03-25,70.76,70.76,71.04,69.77,61895,46.2376,4.7483,0.10269347890028895
53,2020-03-26,70.44,69.49,70.44,69.17,46362,48.3853,4.9689,0.10269441338588373
54,2020-03-27,70.01,69.25,70.08,69.17,38246,50.4343,5.1793,0.10269399991672333
55,2020-03-30,68.38,68.54,68.98,67.27,46443,50.064,5.1413,0.10269455097475232
56,2020-03-31,68.86,68.5,69.21,68.3,35154,51.2489,5.263,0.1026948871097721
57,2020-04-01,68.62,70.01,70.84,67.83,54369,51.1995,5.2579,0.10269436224963135
58,2020-04-02,69.97,70.56,70.64,69.53,39616,51.2242,5.2604,0.10269364870510421
59,2020-04-03,70.6,69.77,70.6,69.49,33042,51.5945,5.2985,0.1026950547054434
60,2020-04-07,70.84,70.52,71.07,70.24,44709,51.0761,5.2452,0.10269382352998761
61,2020-04-08,70.32,70.76,71.0,69.85,46854,52.3845,5.3796,0.10269449932709102
62,2020-04-09,71.0,70.68,71.75,70.48,34182,53.5694,5.4747,0.10219826990782051
63,2020-04-10,70.76,70.76,71.47,69.53,46473,52.9029,5.4065,0.10219666596727212
64,2020-04-13,70.48,70.32,71.19,70.12,20580,53.2732,5.4444,0.10219772793825037
65,2020-04-14,70.44,72.03,72.74,69.77,58904,54.2113,5.5403,0.10219825018031296
66,2020-04-15,72.06,70.4,72.18,70.32,51155,53.0016,5.4166,0.10219691481011893
67,2020-04-16,70.08,69.17,70.36,68.98,71772,51.9401,5.3081,0.10219656873975982
68,2020-04-17,69.21,68.38,69.73,68.26,81254,52.8042,5.3964,0.10219641619416636
69,2020-04-20,68.66,68.86,69.02,68.07,37133,51.2983,5.2426,0.10219831846279508
70,2020-04-21,68.66,68.38,68.9,67.63,31462,51.1749,5.2299,0.10219658465380489
71,2020-04-22,68.26,68.86,68.94,67.75,28488,50.6811,5.1795,0.10219786074098629
72,2020-04-23,68.9,68.22,69.09,68.22,29250,50.1874,5.129,0.10219696577228547
73,2020-04-24,68.22,68.07,68.62,66.76,49200,50.533,5.1643,0.10219658441018739
74,2020-04-27,67.91,68.22,68.54,67.19,31115,51.002,5.2123,0.10219795302145013
75,2020-04-28,68.38,69.09,70.05,66.09,66754,51.5945,5.2728,0.10219693959627481
76,2020-04-29,68.86,69.37,70.12,68.46,46946,51.1995,5.2325,0.1021982636549185
77,2020-04-30,69.45,70.32,70.8,69.45,67320,53.3473,5.452,0.10219823683672839
78,2020-05-06,69.93,71.11,71.23,69.73,51963,52.582,5.3737,0.1021965691681564
79,2020-05-07,71.15,70.6,71.27,70.24,40037,53.1745,5.4343,0.10219748187571111
80,2020-05-08,70.6,70.68,71.0,70.56,35587,54.1372,5.5327,0.10219774942183933
81,2020-05-11,70.52,70.16,71.15,70.05,33910,52.0882,5.3233,0.10219781063657411
82,2020-05-12,70.44,70.48,71.07,70.16,31194,51.2983,5.2426,0.10219831846279508
83,2020-05-13,70.56,70.92,71.15,70.24,39672,52.3598,5.351,0.10219672344050207
84,2020-05-14,70.76,71.71,73.21,70.52,69458,51.323,5.2451,0.10219784502075092
85,2020-05-15,71.23,70.56,71.91,70.52,43426,50.8046,5.1921,0.10219743881459553
86,2020-05-18,70.8,68.82,70.88,68.66,45497,49.743,5.0836,0.10219729409163097
87,2020-05-19,69.33,70.28,70.28,69.09,39696,52.7301,5.3889,0.10219779594576911
88,2020-05-20,70.28,69.13,70.44,68.98,40592,54.4088,5.5604,0.10219670347443795
89,2020-05-21,69.65,68.26,69.69,68.03,62823,54.9519,5.6159,0.10219664834154961
90,2020-05-22,68.58,67.04,68.9,66.8,53620,53.2238,5.4393,0.10219676159913423
91,2020-05-25,67.19,67.27,67.79,66.52,38273,52.187,5.3334,0.10219786536877001
92,2020-05-26,67.43,67.59,67.95,67.19,41988,51.1502,5.2274,0.10219705885802989
93,2020-05-27,67.39,66.96,67.95,66.8,35967,53.5941,5.4772,0.10219781655070241
94,2020-05-28,67.11,67.91,67.91,66.84,42811,56.6552,5.79,0.10219715048221523
95,2020-05-29,67.63,68.66,69.13,67.39,50516,53.8163,5.4999,0.10219766130335978
96,2020-06-01,68.98,69.49,69.93,68.54,45094,52.9523,5.4116,0.1021976382517851
97,2020-06-02,68.98,68.86,69.49,68.7,35953,55.174,5.6386,0.10219668684525321
98,2020-06-03,69.21,68.26,69.65,68.26,47824,55.0506,5.626,0.10219688795399141
99,2020-06-04,68.62,68.74,68.86,68.1,30858,51.4958,5.2627,0.1021966840014137
100,2020-06-05,68.46,68.58,69.02,68.26,26786,52.7054,5.3864,0.10219825672511736
101,2020-06-08,68.66,68.3,68.94,68.14,30437,49.0271,5.0104,0.10219654028078348
102,2020-06-09,68.3,69.45,69.89,67.83,69807,44.5589,4.5538,0.10219731636104122
103,2020-06-10,69.65,69.25,69.65,68.86,29788,42.5593,4.3495,0.102198579393928
104,2020-06-11,69.61,69.93,72.1,69.29,80605,42.9543,4.3898,0.10219698609917982
105,2020-06-12,68.22,70.44,70.84,67.79,74114,42.2384,4.3167,0.10219847342702375
106,2020-06-15,70.52,71.87,72.98,70.24,121890,43.4727,4.4428,0.10219747105654813
107,2020-06-16,72.18,71.39,72.46,70.96,72155,44.2627,4.5235,0.10219665768242787
108,2020-06-17,71.39,71.67,72.34,70.88,68394,42.5346,4.3469,0.10219679978182468
109,2020-06-18,71.67,71.47,73.25,71.35,69985,42.3865,4.3318,0.10219763368053508
110,2020-06-19,71.23,71.23,71.87,70.8,52736,42.5346,4.3469,0.10219679978182468
111,2020-06-22,71.23,71.47,72.54,70.96,73758,42.6581,4.3595,0.10219630035092983
112,2020-06-23,71.43,74.24,74.72,71.23,191653,42.4853,4.3419,0.1021977013225751
113,2020-06-24,74.88,72.98,74.88,72.58,176955,42.7815,4.3722,0.10219838014094879
114,2020-06-29,72.94,71.0,73.65,70.48,108668,41.8928,4.2813,0.10219655883588588
115,2020-06-30,71.43,72.14,72.7,70.96,90142,41.5719,4.2485,0.10219643557306739
116,2020-07-01,72.1,71.51,72.34,71.0,90655,41.4731,4.1106,0.09911484793757881
117,2020-07-02,71.23,74.72,76.42,71.07,215112,41.5965,4.1228,0.0991141081581383
118,2020-07-03,76.54,81.89,81.89,76.54,210280,40.8806,4.0519,0.09911547286487966
119,2020-07-06,87.98,87.79,89.37,82.48,469467,41.0534,4.069,0.09911481144070892
120,2020-07-07,87.11,85.85,87.67,83.31,317219,41.1522,4.0788,0.09911499263708866
121,2020-07-08,86.36,91.55,94.12,84.42,385376,40.8559,4.0494,0.09911420382368276
122,2020-07-09,93.73,91.75,93.73,89.49,359207,41.2262,4.0861,0.09911415556126929
123,2020-07-10,91.15,88.18,91.71,87.79,251780,41.6212,4.1253,0.09911535467502139
124,2020-07-13,86.91,89.57,90.76,86.91,204296,41.1028,4.0739,0.09911490214778555
125,2020-07-14,90.95,94.12,96.3,90.8,339992,40.6338,4.0274,0.09911453026790505
126,2020-07-15,95.67,89.21,95.9,87.75,261371,40.0413,3.9687,0.09911516359358963
127,2020-07-16,89.29,85.29,90.95,84.93,188005,40.4363,4.0078,0.09911391497243811
128,2020-07-17,85.01,86.95,87.98,84.74,153059,40.2388,3.9883,0.09911577880056066
129,2020-07-20,87.98,88.62,89.73,86.6,133588,40.0907,3.9736,0.09911525615666476
130,2020-07-21,95.51,91.39,96.7,89.96,365578,40.8559,4.0494,0.09911420382368276
131,2020-07-22,90.95,90.52,93.73,88.97,236840,41.399,4.1033,0.09911592067441242
132,2020-07-23,89.17,87.83,89.61,86.52,169690,42.115,4.1742,0.09911432981123115
133,2020-07-24,88.18,83.03,89.96,82.76,201184,41.2016,4.0837,0.09911508290940159
134,2020-07-27,82.64,84.74,85.96,82.44,133914,42.2878,4.1914,0.09911605711339914
135,2020-07-28,84.74,85.57,86.6,84.62,98531,43.0037,4.2623,0.09911472733741514
136,2020-07-29,85.61,87.23,87.35,84.46,131400,42.5099,4.2134,0.09911573539340247
137,2020-07-30,87.35,85.53,87.59,85.45,108558,42.2384,4.1865,0.09911597030190537
138,2020-07-31,85.92,86.8,88.54,85.85,124602,42.0409,4.1669,0.09911538525578663
139,2020-08-03,88.38,90.08,90.95,86.76,210882,42.3618,4.1987,0.09911524061772634
140,2020-08-04,90.4,88.54,92.82,88.5,158486,42.3124,4.1938,0.09911515300479294
141,2020-08-05,88.78,87.59,89.65,86.72,112916,42.6334,4.2256,0.09911477855390374
142,2020-08-06,88.58,88.82,89.37,86.64,124708,42.1396,4.1767,0.0991157960683063
143,2020-08-07,88.66,85.37,89.37,84.26,127796,31.6002,4.2501,0.13449598420263162
144,2020-08-10,85.37,86.0,86.48,84.02,76632,31.4688,4.2324,0.13449511897498476
145,2020-08-11,87.39,85.05,87.39,84.93,74518,31.0557,4.1769,0.13449704885093555
146,2020-08-12,85.21,84.3,85.92,82.76,95128,30.9806,4.1668,0.13449707236141328
147,2020-08-13,84.42,83.75,84.82,83.59,57829,31.0557,4.1769,0.13449704885093555
148,2020-08-14,84.02,84.54,84.62,82.84,58116,31.3561,4.2173,0.13449695593520877
149,2020-08-17,84.7,85.33,85.89,84.22,79448,31.1308,4.187,0.13449702545389133
150,2020-08-18,85.33,85.53,86.32,84.78,66794,31.3561,4.2173,0.13449695593520877
151,2020-08-19,86.16,87.94,91.23,85.85,176363,31.1308,4.187,0.13449702545389133
152,2020-08-20,88.78,86.56,90.0,86.12,123389,31.5064,4.2375,0.13449648325419597
153,2020-08-21,87.07,88.26,89.45,85.85,102600,32.0884,4.3157,0.13449408508993904
154,2020-08-24,90.84,90.2,93.33,89.57,197539,32.8582,4.4193,0.13449610751654079
155,2020-08-25,89.96,88.7,89.96,88.06,126545,32.0509,4.3107,0.13449544318568277
156,2020-08-26,90.0,88.1,90.36,87.15,92981,32.2574,4.3385,0.13449627062317485
157,2020-08-27,88.26,89.17,89.85,87.23,102417,32.2199,4.3334,0.1344945204671647
158,2020-08-28,86.72,87.27,87.71,84.82,123093,32.2574,4.3385,0.13449627062317485
159,2020-08-31,87.31,85.17,88.38,85.17,103038,32.1447,4.3233,0.1344949556225443
160,2020-09-01,84.82,86.0,86.0,84.14,59836,31.788,4.2753,0.13449414873537183
161,2020-09-02,86.16,85.41,86.84,84.46,55724,32.1635,4.3258,0.13449406936434158
162,2020-09-03,85.53,85.37,86.24,84.82,57820,31.9007,4.2905,0.1344954812903792
163,2020-09-04,84.42,85.45,86.0,83.75,54931,31.1872,4.1945,0.13449427970449415
164,2020-09-07,84.66,83.55,86.68,83.43,88574,31.2059,4.1971,0.13449700216946153
165,2020-09-08,83.63,84.14,84.66,83.03,54338,31.5439,4.2425,0.13449510047901495
166,2020-09-09,83.51,80.86,83.71,80.5,97434,31.6566,4.2577,0.13449643992090116
167,2020-09-10,81.57,77.41,81.89,77.13,90883,32.2574,4.3385,0.13449627062317485
168,2020-09-11,77.41,80.34,80.42,77.21,68792,31.6002,4.2501,0.13449598420263162
169,2020-09-14,81.45,80.38,81.65,79.47,53151,31.4125,4.2248,0.1344942300039793
170,2020-09-15,80.26,80.42,81.05,79.79,37677,33.046,4.4445,0.13449434122132783
171,2020-09-16,80.86,80.66,81.93,80.14,46163,32.8207,4.4142,0.13449438921168652
172,2020-09-17,81.01,80.9,81.57,79.67,39735,32.5954,4.3839,0.13449443786546567
173,2020-09-18,80.97,81.96,82.28,80.58,47570,32.9521,4.4319,0.13449522185232501
174,2020-09-21,82.12,81.81,83.15,81.73,38073,32.8207,4.4142,0.13449438921168652
175,2020-09-22,80.66,80.9,82.4,80.58,35662,33.4215,4.495,0.13449426267522402
176,2020-09-23,81.57,81.69,82.16,81.05,36367,33.6093,4.5203,0.13449551165897536
177,2020-09-24,81.53,79.67,81.53,79.51,52414,34.0224,4.5758,0.13449374529721597
178,2020-09-25,80.82,80.06,83.23,79.43,60070,34.4918,4.639,0.1344957352182258
179,2020-09-28,80.86,78.24,80.86,78.24,43746,33.797,4.5455,0.13449418587448592
180,2020-09-29,78.4,77.73,79.15,77.49,48613,35.5808,4.7855,0.13449669484665885
181,2020-09-30,78.48,79.51,80.22,77.89,50160,35.9375,4.8334,0.1344946086956522
182,2020-10-09,80.46,80.1,81.25,79.87,48170,36.2567,4.8764,0.13449652064308115
183,2020-10-12,80.18,80.62,81.01,79.39,96578,35.8249,4.8183,0.13449583948594412
184,2020-10-13,80.86,80.22,80.86,79.67,40695,36.3882,4.894,0.13449414920221392
185,2020-10-14,80.22,78.64,80.54,78.48,57340,35.6559,4.7152,0.13224178887645524
186,2020-10-15,79.35,77.05,79.35,76.98,69756,36.5759,4.8368,0.13224008158377512
187,2020-10-16,77.29,75.75,77.49,74.92,73636,36.0126,4.7623,0.13223982717160104
188,2020-10-19,75.23,74.8,76.5,74.76,44788,37.7964,4.9982,0.13224010752346785
189,2020-10-20,74.52,75.99,76.18,74.2,38353,39.2421,5.1894,0.13224062932411873
190,2020-10-21,76.62,75.23,76.62,74.6,31215,36.989,4.8915,0.13224201789721268
191,2020-10-22,75.67,76.02,76.54,75.19,41048,34.2852,4.5339,0.13224073361100416
192,2020-10-23,75.67,75.07,76.46,74.76,26459,33.797,4.4694,0.1322425067313667
193,2020-10-26,74.6,75.23,75.79,73.37,32364,34.6607,4.5836,0.132241991650486
194,2020-10-27,75.23,74.92,76.02,74.72,23962,34.3603,4.5438,0.13223982328442999
195,2020-10-28,74.92,75.95,76.26,73.85,41775,33.6468,4.4495,0.13224140185693736
196,2020-10-29,74.96,76.18,76.46,74.72,37504,33.8909,4.4818,0.13224198826233588
197,2020-10-30,77.61,78.4,80.66,77.13,148474,34.7359,4.5935,0.1322407077404069
198,2020-11-02,77.73,78.2,80.18,77.49,90176,34.1538,4.5165,0.13224004356762645
199,2020-11-03,78.2,78.16,78.76,77.05,71486,35.0926,4.6407,0.13224155519967173
200,2020-11-04,77.33,75.27,77.33,74.52,94599,35.3179,4.6705,0.13224172445134053
201,2020-11-05,75.51,75.67,76.26,74.72,75684,34.135,4.514,0.1322396367364875
202,2020-11-06,75.51,74.52,76.02,74.36,68245,33.0084,4.3651,0.1322420959513336
203,2020-11-09,74.52,74.96,75.75,74.36,102400,33.2525,4.3973,0.13223968122697544
204,2020-11-10,75.23,75.27,76.06,74.6,70707,31.6941,4.1913,0.1322422785313355
205,2020-11-11,74.84,73.65,75.11,73.53,67459,33.9848,4.4942,0.13224147265836492
206,2020-11-12,74.01,72.94,74.2,71.71,81858,34.2101,4.524,0.13224164793438195
207,2020-11-13,73.33,73.13,74.84,72.98,61943,34.0787,4.5066,0.13224095989577067
208,2020-11-16,73.17,73.13,73.65,72.5,47957,34.8861,4.6134,0.13224178111052828
209,2020-11-17,73.13,74.28,74.36,72.66,60453,35.6559,4.7152,0.13224178887645524
210,2020-11-18,73.81,76.3,76.34,73.73,110978,36.0502,4.7673,0.13224059783302172
211,2020-11-19,76.34,74.88,76.34,74.48,75558,37.7776,4.9957,0.13223973995171742
212,2020-11-20,74.88,74.68,75.11,74.2,38900,36.6322,4.8443,0.13224157981229628
213,2020-11-23,74.68,74.08,75.11,73.85,51230,36.9514,4.8865,0.13224126826047186
214,2020-11-24,73.93,73.89,74.56,73.57,41385,36.482,4.8244,0.1322405569870073
215,2020-11-25,73.93,72.1,74.28,72.06,58399,36.9514,4.8865,0.13224126826047186
216,2020-11-26,72.1,72.66,73.29,71.99,46643,36.8388,4.8716,0.13224100676460687
217,2020-11-27,72.7,72.78,73.17,72.22,31663,37.5335,4.9635,0.13224186393488485
218,2020-11-30,72.78,73.89,74.48,72.34,59101,36.9139,4.8815,0.13224015885614904
219,2020-12-01,73.81,74.24,74.84,73.53,72606,36.5008,4.8269,0.13224093718493843
