,日期,开盘,收盘,最高,最低,成交量,pe,pb,roe
0,2020-01-03,135.9,136.74,137.3,133.38,188280,25.2242,4.6494,0.18432299141300815
1,2020-01-06,135.83,134.36,137.16,133.1,237060,24.8326,4.5772,0.18432222159580552
2,2020-01-07,136.11,135.55,136.18,133.38,151826,25.6159,4.7216,0.18432301812546112
3,2020-01-08,134.78,131.0,134.78,130.23,243212,24.9971,4.6075,0.1843213812802285
4,2020-01-09,132.68,136.25,136.88,132.19,288979,25.5768,4.7144,0.18432329298426703
5,2020-01-10,136.88,133.45,136.88,132.54,177844,26.3601,4.8587,0.18432024157723226
6,2020-01-13,132.75,142.83,143.88,132.47,383695,26.9476,4.967,0.1843206816191423
7,2020-01-14,142.48,143.53,147.52,141.71,248387,25.5063,4.7014,0.1843230888055108
8,2020-01-15,143.53,144.93,146.61,141.78,202916,25.4593,4.6927,0.18432164277886667
9,2020-01-16,145.84,142.2,145.84,141.15,169617,24.6759,4.5483,0.18432154450293609
10,2020-01-17,142.69,142.13,143.53,141.01,99965,25.7178,4.7403,0.1843198096260178
11,2020-01-20,142.48,142.69,144.93,140.52,107243,25.1302,4.6321,0.18432404039760927
12,2020-01-21,143.18,141.22,144.3,140.87,102090,23.5479,4.3404,0.18432216885582153
13,2020-01-22,140.38,141.15,142.62,136.88,144749,23.4225,4.3173,0.1843227665706052
14,2020-01-23,140.17,136.81,140.87,135.27,154871,22.9525,4.2306,0.18431979087245398
15,2020-02-03,125.47,125.47,132.61,125.47,344803,21.4249,3.9491,0.1843229139925974
16,2020-02-04,125.05,132.75,133.38,125.05,250815,20.3674,3.7542,0.18432396869507153
17,2020-02-05,131.7,130.02,134.29,128.34,230230,20.2891,3.7397,0.18432064507543458
18,2020-02-06,129.46,130.16,131.21,127.15,207256,20.5946,3.796,0.1843201615957581
19,2020-02-07,129.04,131.7,131.77,128.55,133151,19.5919,3.6112,0.18432107146320675
20,2020-02-10,130.72,135.48,136.18,129.74,202493,19.9209,3.6719,0.1843240014256384
21,2020-02-11,135.83,138.21,140.24,134.43,183730,19.2629,3.5506,0.18432323274273346
22,2020-02-12,136.25,139.96,141.29,136.25,183005,19.3804,3.7504,0.19351509772760106
23,2020-02-13,143.18,138.07,143.18,137.16,160739,20.3517,3.9383,0.19351208989912388
24,2020-02-14,136.46,144.58,145.28,136.32,440912,20.6964,4.005,0.19351191511567228
25,2020-02-17,145.14,147.38,147.38,142.69,426572,19.7407,3.8201,0.19351390781481914
26,2020-02-18,146.68,151.72,153.61,144.65,352731,19.5762,3.7883,0.1935155954679662
27,2020-02-19,149.62,147.8,151.86,147.31,210514,19.396,3.7534,0.19351412662404618
28,2020-02-20,147.73,148.85,150.67,147.38,190344,20.3674,3.9414,0.1935151271148993
29,2020-02-21,148.71,148.57,150.11,147.1,160970,20.8374,4.0323,0.19351262633533936
30,2020-02-24,144.23,142.13,144.58,138.49,506412,21.3544,4.1324,0.1935151537856367
31,2020-02-25,138.56,139.12,141.92,136.25,305726,21.2134,4.1051,0.19351447669869046
32,2020-02-26,139.33,138.42,142.2,138.0,205374,21.5424,4.1687,0.1935114007724302
33,2020-02-27,137.02,137.58,139.68,135.34,186144,22.2318,4.3021,0.19351109671731484
34,2020-02-28,132.82,132.82,135.83,132.47,153606,21.9811,4.2536,0.1935116986865989
35,2020-03-02,134.99,143.74,143.74,134.78,331132,22.13,4.2824,0.19351107094441936
36,2020-03-03,146.12,143.32,147.59,142.48,253332,20.8453,4.0338,0.193511247139643
37,2020-03-04,145.07,146.82,148.22,143.39,211291,19.1375,3.7034,0.1935153494448073
38,2020-03-05,148.08,150.88,151.86,145.91,257495,18.2445,3.5306,0.19351585409301436
39,2020-03-06,149.97,149.34,149.97,147.03,147167,18.8947,3.6564,0.19351458345461955
40,2020-03-09,147.03,140.73,147.03,140.73,201759,18.7772,3.6336,0.19351127963700657
41,2020-03-10,138.28,141.92,143.18,136.25,187096,18.7693,3.6321,0.1935128108134027
42,2020-03-11,143.25,137.02,143.53,136.74,194661,18.8242,3.6427,0.19351154365125742
43,2020-03-12,135.48,134.92,136.88,133.38,139088,19.0592,3.6882,0.19351284419073203
44,2020-03-13,129.32,131.91,133.66,127.78,188748,19.3255,3.7397,0.1935111640061059
45,2020-03-16,133.87,124.28,133.87,124.14,197789,20.5006,3.9671,0.19351140942216327
46,2020-03-17,124.42,122.39,126.87,118.89,211479,20.5084,3.9686,0.19351095161007195
47,2020-03-18,124.49,125.19,130.37,122.88,214935,20.2969,3.9277,0.1935123097615892
48,2020-03-19,126.17,123.86,127.08,122.25,168101,19.1219,3.7003,0.19351110506801103
49,2020-03-20,125.82,124.28,126.17,122.39,146518,19.3725,3.7488,0.193511420828494
50,2020-03-23,120.08,117.07,121.55,115.95,176947,18.785,3.6351,0.19351077987756188
51,2020-03-24,119.87,120.08,122.25,117.63,137228,18.8007,3.6382,0.19351407128457984
52,2020-03-25,123.02,122.11,123.51,120.08,134399,18.0173,3.4866,0.19351401153335962
53,2020-03-26,121.2,121.48,122.04,119.87,118629,18.1662,3.5154,0.1935132278627341
54,2020-03-27,122.95,122.6,123.65,121.76,113749,18.8947,3.6564,0.19351458345461955
55,2020-03-30,120.71,124.14,125.89,119.1,200495,19.0827,3.6928,0.19351559265722357
56,2020-03-31,124.98,127.99,129.18,124.98,173393,18.2915,3.5396,0.19351064702184076
57,2020-04-01,129.18,125.26,129.18,124.63,112553,17.7196,3.429,0.1935145262872751
58,2020-04-02,123.23,130.58,131.42,123.23,189440,17.7901,3.4426,0.1935121219105008
59,2020-04-03,130.86,128.69,130.93,128.06,84374,17.9703,3.4775,0.19351374211894068
60,2020-04-07,130.51,129.88,130.86,128.41,126164,18.3855,3.5578,0.19351119088412064
61,2020-04-08,128.9,131.28,132.4,127.22,114848,18.6988,3.6185,0.19351509187755367
62,2020-04-09,131.21,130.09,131.7,129.25,70299,18.2993,3.5412,0.19351559895733716
63,2020-04-10,130.44,128.97,132.89,128.9,91263,18.2602,3.5336,0.1935137621712796
64,2020-04-13,128.9,129.46,131.35,126.73,88269,18.9417,3.6655,0.19351483763336977
65,2020-04-14,130.58,129.81,131.14,127.99,115513,18.597,3.5988,0.1935150830779158
66,2020-04-15,130.23,131.14,131.84,129.53,103798,18.409,3.5624,0.19351404204465208
67,2020-04-16,130.65,133.24,133.52,129.74,109141,18.3228,3.5457,0.19351300019647652
68,2020-04-17,133.59,132.26,134.08,131.56,104408,18.8007,3.6382,0.19351407128457984
69,2020-04-20,131.35,129.32,132.26,128.97,166335,18.9965,3.6761,0.19351459479377778
70,2020-04-21,128.76,129.46,130.23,127.01,93331,19.1454,3.7049,0.19351384666812915
71,2020-04-22,128.2,129.88,130.79,127.78,69341,18.691,3.617,0.19351559574126587
72,2020-04-23,130.37,132.26,132.75,129.53,122566,18.2132,3.5245,0.19351349570641074
73,2020-04-24,138.98,141.15,143.11,138.0,493940,17.8685,3.4578,0.19351372527072783
74,2020-04-27,138.28,138.63,144.44,137.65,337093,18.3542,3.5518,0.193514291006963
75,2020-04-28,139.75,138.7,140.1,134.71,159510,18.2758,3.5366,0.1935127326847525
76,2020-04-29,138.56,140.73,142.13,136.88,164626,18.5265,3.5851,0.19351199632958196
77,2020-04-30,142.34,140.1,142.97,139.82,122517,18.8477,3.6473,0.193514328008192
78,2020-05-06,140.52,138.56,140.52,136.53,236779,18.2132,3.5245,0.19351349570641074
79,2020-05-07,138.63,141.15,142.27,137.79,182030,17.0695,3.3032,0.19351474852807637
80,2020-05-08,141.43,142.34,143.46,140.45,175522,17.469,3.3805,0.1935142251989238
81,2020-05-11,142.06,142.2,143.81,141.64,113317,18.4717,3.689,0.19971090912043832
82,2020-05-12,142.48,142.76,143.74,140.03,139253,18.3777,3.6702,0.19970943045103576
83,2020-05-13,141.99,145.91,148.29,141.01,180957,18.2915,3.653,0.19971024792936612
84,2020-05-14,145.21,142.34,145.84,141.92,115526,18.3933,3.6733,0.19970858954075668
85,2020-05-15,143.11,141.15,144.16,140.24,118219,17.8215,3.5591,0.19970821760233426
86,2020-05-18,141.5,142.76,145.49,139.54,148353,17.5708,3.5091,0.199712022218681
87,2020-05-19,144.09,145.42,146.68,143.81,113614,19.5214,3.8986,0.1997090372616718
88,2020-05-20,145.42,143.46,145.49,141.43,137440,20.1559,4.0253,0.19970827400413774
89,2020-05-21,143.95,141.43,143.95,140.24,135409,20.1324,4.0206,0.19970793348036
90,2020-05-22,142.13,139.96,143.11,139.19,96419,20.5554,4.1051,0.19970907887951586
91,2020-05-25,139.96,139.61,141.15,137.44,105246,19.49,3.8923,0.19970754232939972
92,2020-05-26,140.17,141.78,142.06,139.4,63502,18.0173,3.5982,0.1997080583661259
93,2020-05-27,141.57,139.19,141.57,138.07,126695,18.1113,3.617,0.19970957358113442
94,2020-05-28,138.21,134.85,139.26,132.47,301608,18.6675,3.7281,0.19971072719967858
95,2020-05-29,134.85,132.82,136.74,132.61,179752,17.9938,3.5935,0.19970767708877502
96,2020-06-01,134.43,142.27,143.74,133.94,327741,16.8658,3.3683,0.19971184290101862
97,2020-06-02,141.64,142.62,143.88,139.75,183626,17.5865,3.5122,0.19971000483325277
98,2020-06-03,143.95,144.3,145.91,143.25,165424,17.7901,3.5529,0.19971219948173424
99,2020-06-04,145.21,143.25,145.21,142.06,120429,17.3828,3.4715,0.1997089076558437
100,2020-06-05,144.02,142.41,144.3,141.08,110726,16.8423,3.3636,0.1997114408364653
101,2020-06-08,142.62,143.25,144.23,142.27,128419,15.5027,3.096,0.19970714778715964
102,2020-06-09,143.53,144.58,146.05,142.06,217563,15.3382,3.0632,0.19971052665893
103,2020-06-10,144.93,142.48,145.21,141.36,182989,14.3982,2.8755,0.19971246405800727
104,2020-06-11,142.62,146.33,149.97,141.92,310690,14.4922,2.8942,0.19970742882378106
105,2020-06-12,143.6,147.38,148.43,141.85,341887,14.0927,2.8144,0.1997062308854939
106,2020-06-15,145.49,148.78,149.48,144.23,265644,13.9987,2.7957,0.1997114017730218
107,2020-06-16,148.43,150.04,150.53,147.03,249461,14.171,2.8301,0.19971067673417542
108,2020-06-17,149.97,150.74,153.19,149.41,274862,13.9203,2.78,0.1997083396191174
109,2020-06-18,150.32,153.75,154.31,149.34,312770,14.1397,2.8238,0.19970720736649292
110,2020-06-19,154.24,156.13,156.41,152.7,359886,13.8733,2.7706,0.1997073515313588
111,2020-06-22,157.11,154.17,157.81,153.54,263499,13.5365,2.7034,0.19971189007498244
112,2020-06-23,154.38,156.41,156.62,153.33,208108,13.4582,2.6877,0.19970724168165133
113,2020-06-24,156.83,154.87,156.97,152.98,189137,13.3171,2.6596,0.1997131507610516
114,2020-06-29,154.24,155.71,157.53,153.61,235399,13.1605,2.6283,0.1997112571710801
115,2020-06-30,157.18,159.28,159.42,155.85,408335,13.043,2.6048,0.19970865598405277
116,2020-07-01,159.28,158.44,160.19,155.78,265800,12.6121,2.5188,0.199712974048731
117,2020-07-02,158.23,166.84,169.5,157.81,522659,13.5522,2.3724,0.17505644839952184
118,2020-07-03,168.03,168.31,171.81,165.58,348655,13.4033,2.3464,0.17506136548461945
119,2020-07-06,171.18,180.28,182.17,170.48,498625,13.3093,2.3299,0.17505804212092294
120,2020-07-07,180.28,185.11,188.05,176.78,390242,13.4033,2.3464,0.17506136548461945
121,2020-07-08,182.38,188.75,189.94,180.98,280900,13.5208,2.367,0.17506360570380453
122,2020-07-09,186.93,186.93,187.77,181.47,371258,13.3328,2.3341,0.17506450258010317
123,2020-07-10,184.34,180.49,186.93,179.65,312020,13.2936,2.3272,0.17506168381777698
124,2020-07-13,180.98,190.57,191.06,180.98,432894,12.2361,2.1421,0.17506395011482417
125,2020-07-14,190.64,196.59,197.22,186.65,427748,12.4633,2.1818,0.1750579702005087
126,2020-07-15,194.35,191.62,200.23,191.62,330185,12.949,2.2669,0.17506371148351224
127,2020-07-16,189.17,190.78,200.37,188.19,381492,13.2388,2.3176,0.17506118379309304
128,2020-07-17,192.32,203.94,206.18,191.48,436471,12.996,2.2751,0.17506155740227763
129,2020-07-20,208.98,213.46,216.54,206.25,452817,13.0351,2.2819,0.175058112327485
130,2020-07-21,212.48,209.68,212.48,204.43,275521,13.1996,2.3107,0.1750583351010637
131,2020-07-22,208.28,209.89,212.55,207.58,219144,13.4268,2.3505,0.17506032710698005
132,2020-07-23,208.63,204.22,213.74,201.0,432592,13.6462,2.3889,0.17505972358605326
133,2020-07-24,202.68,186.79,202.82,186.79,591306,13.3485,2.3368,0.1750608682623516
134,2020-07-27,189.03,189.03,189.1,179.09,440082,13.1683,2.3053,0.1750643591048199
135,2020-07-28,188.82,194.14,194.14,186.86,278381,13.3015,2.3286,0.17506296282374165
136,2020-07-29,191.9,193.23,193.86,187.7,311901,13.701,2.3985,0.17506021458287715
137,2020-07-30,193.23,194.0,197.64,190.92,245212,13.3485,2.3368,0.1750608682623516
138,2020-07-31,194.0,194.84,199.04,192.25,266692,13.2858,2.3258,0.1750590856403077
139,2020-08-03,187.28,185.88,187.28,178.32,1014425,13.3015,2.3286,0.17506296282374165
140,2020-08-04,182.8,182.31,188.54,181.19,502015,13.1683,2.3053,0.1750643591048199
141,2020-08-05,182.03,192.53,194.28,179.86,602855,12.8785,2.2545,0.17505920720580814
142,2020-08-06,195.82,198.2,201.63,193.3,544827,13.0508,2.2847,0.17506206516075642
143,2020-08-07,197.43,195.33,199.81,191.34,319179,13.1213,2.297,0.1750588737396447
144,2020-08-10,194.28,193.09,197.99,188.33,324980,12.8941,2.2573,0.17506456441318122
145,2020-08-11,191.48,193.79,203.38,191.48,391705,12.8863,2.2559,0.1750618874308374
146,2020-08-12,193.86,189.45,195.54,185.32,283260,13.1683,2.3053,0.1750643591048199
147,2020-08-13,189.73,192.53,194.77,188.12,207262,12.1734,2.2765,0.18700609525687154
148,2020-08-14,192.67,196.8,197.22,191.41,185098,11.9071,2.2267,0.18700607200745775
149,2020-08-17,197.92,200.86,204.43,193.93,301270,11.8601,2.2179,0.18700516859048408
150,2020-08-18,204.71,199.53,204.71,196.31,239763,11.8444,2.215,0.18700820640978014
151,2020-08-19,199.67,197.78,201.56,195.75,153210,12.1734,2.2765,0.18700609525687154
152,2020-08-20,196.38,193.51,197.01,191.9,128634,12.2831,2.297,0.18700490918416363
153,2020-08-21,194.28,194.28,196.38,191.48,139269,12.0481,2.2531,0.18700873996729775
154,2020-08-24,196.31,195.96,198.83,193.51,162102,11.8993,2.2253,0.18701100064709686
155,2020-08-25,196.38,199.04,202.47,196.03,180390,11.8601,2.2179,0.18700516859048408
156,2020-08-26,201.07,192.95,201.07,191.41,163144,11.8053,2.2077,0.1870092246702752
157,2020-08-27,192.04,193.3,196.73,190.85,117767,11.9306,2.2311,0.1870065210467202
158,2020-08-28,194.56,196.87,196.94,192.81,107035,12.0638,2.256,0.18700575274789036
159,2020-08-31,198.48,194.07,200.3,194.07,167744,11.9071,2.2267,0.18700607200745775
160,2020-09-01,191.9,190.36,193.79,187.14,223694,11.7739,2.2018,0.18700685414348686
161,2020-09-02,190.36,188.75,195.61,187.35,154421,11.9854,2.2414,0.1870108632169139
162,2020-09-03,188.75,188.12,190.15,183.78,225070,11.3901,2.13,0.18700450391129136
163,2020-09-04,185.95,193.23,194.07,184.76,262161,11.6956,2.1872,0.18701049967509145
164,2020-09-07,196.94,200.3,206.53,196.8,549595,11.2647,2.1066,0.1870089749394125
165,2020-09-08,200.58,198.62,201.7,195.54,231726,11.0924,2.0744,0.18701092640005768
166,2020-09-09,198.69,192.11,202.05,191.2,247453,10.9671,2.0509,0.18700476880852732
167,2020-09-10,193.51,190.78,194.7,188.47,232049,11.0376,2.0641,0.18700623323910995
168,2020-09-11,188.75,197.78,198.27,188.4,210824,12.2682,2.0223,0.16484080794248546
169,2020-09-14,199.46,197.64,200.58,195.75,134224,11.886,1.9593,0.16484098939929331
170,2020-09-15,197.29,202.89,204.71,195.12,245781,12.8017,2.1102,0.16483748252185254
171,2020-09-16,203.24,200.65,204.43,197.99,183978,12.7483,2.1014,0.16483766462979377
172,2020-09-17,199.88,211.15,212.83,198.9,398927,12.9172,2.1293,0.1648422258693835
173,2020-09-18,210.1,213.18,214.37,209.4,238937,12.5616,2.0707,0.16484365049038338
174,2020-09-21,214.09,212.97,218.43,211.78,214619,12.8017,2.1102,0.16483748252185254
175,2020-09-22,210.59,202.47,213.18,201.84,300366,13.7707,2.27,0.16484274582991423
176,2020-09-23,205.9,200.09,206.04,198.97,177913,14.1529,2.333,0.16484254110464994
177,2020-09-24,201.42,197.99,201.98,196.1,171274,14.4196,2.3769,0.16483813698022134
178,2020-09-25,199.18,197.5,199.88,195.75,98879,15.0419,2.4795,0.16483954819537425
179,2020-09-28,197.99,197.57,200.23,195.4,149559,14.8908,2.4546,0.16484003545813522
180,2020-09-29,199.18,198.62,202.33,197.15,124234,15.9843,2.6348,0.1648367460570685
181,2020-09-30,201.98,192.81,202.68,191.62,251430,16.1799,2.6671,0.16484032657803818
182,2020-10-09,194.56,200.79,202.33,193.93,226865,15.6642,2.5821,0.16484084728233808
183,2020-10-12,206.81,216.05,217.87,203.94,610026,15.2197,2.5088,0.16483899157013607
184,2020-10-13,213.39,227.53,232.78,212.76,444465,15.2731,2.5176,0.16483883429035362
185,2020-10-14,225.85,226.2,227.88,221.02,283363,13.8862,2.385,0.17175325142947673
186,2020-10-15,227.18,228.44,229.7,223.05,266922,14.4908,2.4889,0.17175725287768792
187,2020-10-16,226.41,222.28,229.7,221.02,203745,14.5974,2.5072,0.17175661419156837
188,2020-10-19,226.48,219.34,228.51,218.43,167822,14.6863,2.5225,0.1717587139034338
189,2020-10-20,219.34,220.6,221.09,216.05,163234,15.0686,2.5881,0.1717545093771153
190,2020-10-21,222.14,215.98,222.77,213.95,107669,15.8865,2.7286,0.1717558933685834
191,2020-10-22,215.98,211.78,216.33,210.03,142065,15.9221,2.7347,0.1717549820689482
192,2020-10-23,213.18,203.1,213.18,201.98,238946,15.7887,2.7118,0.17175574936505222
193,2020-10-26,202.82,204.71,208.0,198.48,159930,16.2865,2.7973,0.17175574862616277
194,2020-10-27,204.92,206.18,209.61,203.45,201866,15.7354,2.7026,0.17175286297138934
195,2020-10-28,208.28,214.72,216.47,205.62,263474,15.3798,2.6416,0.17175776017893601
196,2020-10-29,211.78,211.64,213.53,207.09,170738,14.553,2.4996,0.1717584003298289
197,2020-10-30,210.1,202.96,210.24,202.19,195215,14.793,2.5408,0.17175691205299803
198,2020-11-02,199.95,201.91,203.03,190.85,307583,14.5708,2.5026,0.17175446783978918
199,2020-11-03,201.91,207.79,209.54,201.63,229276,14.2241,2.4431,0.17175779135411026
200,2020-11-04,208.84,204.85,209.4,202.68,119808,13.744,2.3606,0.17175494761350407
201,2020-11-05,207.37,213.81,214.86,206.88,257359,13.5484,2.327,0.17175459832895396
202,2020-11-06,213.81,211.08,214.44,209.19,160808,13.5306,2.324,0.17175882813770268
203,2020-11-09,211.36,211.78,215.84,209.82,250879,13.8773,2.3835,0.17175531263286087
204,2020-11-10,215.28,221.23,227.53,215.0,525744,12.9528,2.2247,0.17175436971156816
205,2020-11-11,218.85,234.88,239.08,218.64,669220,14.393,2.4721,0.17175710414784964
206,2020-11-12,232.92,239.08,240.55,231.03,409646,14.9441,2.5667,0.17175340100775557
207,2020-11-13,241.25,240.2,245.24,232.78,429621,14.953,2.5683,0.17175817561693305
208,2020-11-16,239.99,254.34,257.49,239.99,514052,15.1397,2.6003,0.1717537335614312
209,2020-11-17,253.78,259.59,269.18,248.18,438295,15.0686,2.5881,0.1717545093771153
210,2020-11-18,249.65,250.28,253.99,241.95,501168,15.0775,2.5896,0.17175261150721272
211,2020-11-19,252.8,257.28,263.09,249.37,414011,15.4242,2.6492,0.1717560716277019
212,2020-11-20,259.38,257.7,264.98,249.44,289772,15.2464,2.6187,0.17175857907440445
213,2020-11-23,263.58,270.58,277.93,256.58,353952,15.1575,2.6034,0.17175655616031668
214,2020-11-24,264.28,265.33,269.25,255.95,286950,13.9662,2.3988,0.17175752889118012
215,2020-11-25,263.58,258.33,269.88,257.28,239098,14.3218,2.4599,0.17175913642139956
216,2020-11-26,258.33,253.15,262.04,246.78,343498,13.6551,2.3453,0.17175267848642634
217,2020-11-27,259.38,258.68,260.78,251.96,218763,14.2329,2.4446,0.17175698557567326
218,2020-11-30,259.38,251.68,260.64,250.35,197911,14.0818,2.4186,0.1717536110440427
219,2020-12-01,254.48,255.18,257.14,250.56,183488,14.3841,2.4705,0.17175214299121946
