,日期,开盘,收盘,最高,最低,成交量,pe,pb,roe
0,2020-01-03,99.52,99.98,101.67,97.52,916088,26.9357,2.0773,0.07712069855247869
1,2020-01-06,98.75,100.67,101.28,97.52,751489,25.5661,1.9716,0.07711774576489962
2,2020-01-07,102.05,104.12,105.2,100.9,702264,24.7508,1.9088,0.0771207395316515
3,2020-01-08,101.82,98.98,102.28,97.98,644797,24.8161,1.9138,0.07711928949351429
4,2020-01-09,100.98,100.82,102.82,99.75,466092,25.1422,1.939,0.07712133385304389
5,2020-01-10,100.36,100.59,101.82,98.9,240981,25.6639,1.9792,0.07712000124688764
6,2020-01-13,101.13,100.21,102.97,96.9,361262,25.5335,1.9691,0.07711829557248322
7,2020-01-14,101.28,104.66,107.12,100.74,587125,25.6965,1.9817,0.07711945206545638
8,2020-01-15,104.35,101.82,105.81,99.44,414557,25.9248,1.9993,0.07711920631981732
9,2020-01-16,103.28,101.13,103.43,101.05,378970,26.0878,2.0119,0.07712033977568057
10,2020-01-17,101.59,101.21,103.59,99.98,287328,26.2835,2.027,0.07712062700934047
11,2020-01-20,100.44,100.67,102.2,99.44,367756,26.6422,2.0546,0.0771182559998799
12,2020-01-21,100.82,101.21,101.97,97.29,452559,26.0552,2.0094,0.07712088182013571
13,2020-01-22,99.82,100.44,100.67,95.68,417333,25.7617,1.9867,0.07711835787234537
14,2020-01-23,99.36,99.52,103.2,94.14,460393,26.0226,2.0069,0.07712142522269104
15,2020-02-03,89.76,91.53,96.06,89.76,604293,26.9031,2.0748,0.07712122394816956
16,2020-02-04,91.68,97.37,97.98,91.07,464640,27.3922,2.1125,0.07712049415527047
17,2020-02-05,97.83,93.53,97.83,92.83,730539,26.3161,2.0295,0.0771200899829382
18,2020-02-06,93.99,101.82,102.59,93.99,792903,26.5444,2.0471,0.07711984448697277
19,2020-02-07,102.82,107.73,109.42,100.67,950952,26.2835,2.027,0.07712062700934047
20,2020-02-10,110.42,110.11,114.03,108.12,841168,26.5118,2.0446,0.07712037658702917
21,2020-02-11,110.19,110.5,112.88,106.5,604757,25.0769,1.9339,0.0771187826246466
22,2020-02-12,110.73,117.87,119.71,110.73,703670,27.8162,2.1665,0.07788626771449732
23,2020-02-13,119.1,118.64,123.4,117.56,616772,27.8162,2.1665,0.07788626771449732
24,2020-02-14,117.03,118.87,120.87,116.18,600871,27.9792,2.1792,0.07788642991936867
25,2020-02-17,119.18,117.26,120.64,116.64,646713,27.9466,2.1767,0.07788782893088962
26,2020-02-18,117.33,118.64,121.4,116.49,645763,27.6531,2.1538,0.07788638525156312
27,2020-02-19,118.41,115.64,118.56,113.19,750709,28.2401,2.1995,0.07788570153788407
28,2020-02-20,115.26,113.57,115.57,109.42,631730,28.8923,2.2503,0.07788580348397325
29,2020-02-21,113.95,114.8,117.41,112.26,520275,28.4684,2.2173,0.07788635820769695
30,2020-02-24,113.42,116.49,117.56,113.34,619381,28.9575,2.2554,0.07788655788655788
31,2020-02-25,114.88,113.57,116.49,110.42,647031,28.664,2.2326,0.0778886408037957
32,2020-02-26,112.5,108.12,112.5,108.04,647717,29.0227,2.2605,0.07788730889958549
33,2020-02-27,109.5,109.12,111.65,106.97,639013,28.7945,2.2427,0.07788640191703278
34,2020-02-28,107.58,105.28,113.57,104.35,690172,30.9467,2.4103,0.07788552575880466
35,2020-03-02,108.81,104.66,110.65,99.52,908699,32.2185,2.5094,0.07788692831758151
36,2020-03-03,105.81,102.97,108.66,101.9,732221,32.512,2.5323,0.07788816437007874
37,2020-03-04,102.74,106.27,107.2,101.59,510476,31.6967,2.4688,0.07788823442187988
38,2020-03-05,106.5,109.81,109.96,105.51,557964,31.0445,2.418,0.07788819275556057
39,2020-03-06,108.73,110.34,111.8,107.5,637139,31.7293,2.4713,0.07788700034353106
40,2020-03-09,108.73,103.05,108.73,102.82,511420,31.6967,2.4688,0.07788823442187988
41,2020-03-10,101.82,108.73,110.27,100.51,611268,32.7402,2.55,0.07788590173548114
42,2020-03-11,109.04,105.97,109.96,105.51,320145,33.2294,2.5881,0.07788584807429565
43,2020-03-12,103.36,103.28,105.66,102.13,295207,34.0446,2.6516,0.0778860671002156
44,2020-03-13,96.83,101.59,102.51,95.52,432032,33.5881,2.6161,0.07788770427621687
45,2020-03-16,102.05,101.74,108.12,99.98,615510,34.436,2.6821,0.07788651411313742
46,2020-03-17,102.51,103.89,105.05,100.9,477777,34.5338,2.6897,0.07788601312337479
47,2020-03-18,106.04,104.05,109.73,104.05,568732,33.9468,2.644,0.07788657546513957
48,2020-03-19,105.28,110.04,110.11,104.43,720990,34.3055,2.672,0.07788838524434857
49,2020-03-20,112.57,112.96,116.03,111.65,730915,34.6316,2.6974,0.07788840249945136
50,2020-03-23,109.58,108.5,113.65,107.2,454801,34.5664,2.6923,0.07788777541196074
51,2020-03-24,110.96,107.5,111.96,103.66,475791,34.7294,2.705,0.07788789901351593
52,2020-03-25,109.65,112.57,113.34,108.35,424760,33.425,2.6034,0.077887808526552
53,2020-03-26,111.57,109.81,113.19,108.89,348104,34.6642,2.6999,0.07788727274825324
54,2020-03-27,110.96,104.51,111.42,103.66,511839,35.8708,2.7939,0.0778878642238255
55,2020-03-30,101.9,98.44,102.43,96.75,412766,35.773,2.7863,0.07788835155005172
56,2020-03-31,99.98,96.83,100.98,95.52,413371,36.6534,2.8548,0.07788636252025734
57,2020-04-01,97.06,96.9,100.21,96.06,286185,36.3273,2.8294,0.07788632791316723
58,2020-04-02,97.21,99.44,99.59,96.06,306209,37.1752,2.8955,0.07788794680324519
59,2020-04-03,99.29,100.28,101.97,98.59,248281,37.2404,2.9005,0.07788584440553807
60,2020-04-07,102.36,103.43,104.51,101.67,316651,36.0991,2.8116,0.0778855982559122
61,2020-04-08,103.28,106.27,109.88,102.82,392193,35.349,2.8401,0.08034456420266486
62,2020-04-09,105.58,112.8,113.34,105.12,757806,34.5012,2.7719,0.08034213302725703
63,2020-04-10,111.73,106.43,111.73,105.74,537279,34.5012,2.7719,0.08034213302725703
64,2020-04-13,106.35,101.9,106.35,101.44,313967,35.5773,2.8584,0.08034336501083555
65,2020-04-14,105.51,111.73,111.88,104.89,1491440,35.349,2.8401,0.08034456420266486
66,2020-04-15,109.35,108.81,111.88,108.12,720732,35.4469,2.8479,0.08034270979972861
67,2020-04-16,107.96,113.42,115.8,107.35,1077109,35.0555,2.8165,0.08034402590178431
68,2020-04-17,114.88,112.8,115.26,111.04,731828,35.9686,2.8898,0.08034229856041103
69,2020-04-20,111.8,111.96,114.42,111.04,601177,36.523,2.9344,0.08034389288941214
70,2020-04-21,111.65,108.89,111.65,107.04,533095,35.1208,2.8217,0.08034270289970614
71,2020-04-22,107.27,110.04,110.5,107.27,326178,34.6968,2.7877,0.08034458509142053
72,2020-04-23,110.34,106.66,110.81,106.66,397180,34.5338,2.7746,0.08034447410942323
73,2020-04-24,106.43,105.35,107.5,104.66,301212,33.8164,2.7169,0.08034267396884351
74,2020-04-27,105.74,106.97,108.58,105.58,290408,34.8273,2.7981,0.08034214538594722
75,2020-04-28,106.97,106.43,108.27,102.05,331969,36.0991,2.9003,0.0803427232257868
76,2020-04-29,106.58,108.58,110.58,106.04,356525,36.0991,2.9003,0.0803427232257868
77,2020-04-30,111.8,108.73,112.57,107.73,520507,36.7512,2.9527,0.08034295478787089
78,2020-05-06,108.35,109.65,110.11,106.89,441052,38.3165,3.0785,0.0803439771377866
79,2020-05-07,109.96,114.42,114.88,108.96,746011,38.0883,3.0601,0.08034225733361688
80,2020-05-08,114.42,113.88,115.11,112.73,507843,39.8166,3.199,0.08034337437149329
81,2020-05-11,115.49,113.19,116.95,112.5,440481,39.4579,3.1702,0.0803438601648846
82,2020-05-12,113.57,112.5,114.18,110.58,396050,39.3274,3.1597,0.08034347554122571
83,2020-05-13,113.19,114.65,115.03,111.65,493713,40.5666,3.2593,0.08034442127267259
84,2020-05-14,114.88,112.34,116.1,112.19,472786,40.5666,3.2593,0.08034442127267259
85,2020-05-15,113.26,111.04,113.65,110.65,351702,40.0122,3.2147,0.08034299538640714
86,2020-05-18,111.04,108.19,111.11,107.43,340400,36.9469,2.9684,0.08034232912639491
87,2020-05-19,109.12,108.96,109.88,107.27,330904,37.4687,3.0104,0.08034439412095963
88,2020-05-20,108.96,106.35,109.04,105.74,368969,39.8492,3.2016,0.08034289270549973
89,2020-05-21,106.66,104.74,107.2,104.51,307614,40.3709,3.2435,0.08034252394670419
90,2020-05-22,105.2,104.35,107.04,103.51,306002,40.9253,3.2881,0.0803439437218542
91,2020-05-25,103.43,105.97,105.97,101.97,331512,40.5014,3.254,0.08034290172685389
92,2020-05-26,105.81,105.28,106.43,104.66,290995,40.0448,3.2173,0.08034251638165255
93,2020-05-27,105.43,101.74,105.81,100.98,423485,42.9797,3.4531,0.08034258033443696
94,2020-05-28,100.67,101.44,102.28,98.52,357089,45.295,3.6392,0.08034440887515179
95,2020-05-29,100.51,104.89,104.97,100.36,586836,46.632,3.7466,0.08034396980614171
96,2020-06-01,104.35,106.5,107.27,103.82,567314,46.645,3.7476,0.08034301640047165
97,2020-06-02,107.27,104.43,107.35,103.74,448946,46.754,3.7564,0.08034392779227446
98,2020-06-03,104.43,103.05,104.89,102.28,356741,46.9447,3.7717,0.08034346795271884
99,2020-06-04,103.28,100.98,103.36,100.44,364162,46.4815,3.7345,0.08034379269171607
100,2020-06-05,101.36,104.82,105.05,100.28,461680,43.8659,3.5243,0.0803425895741339
101,2020-06-08,106.89,103.36,106.97,102.97,330979,42.3401,3.4017,0.0803422759984034
102,2020-06-09,103.59,106.43,106.58,102.82,504119,41.4682,3.3317,0.08034349212167395
103,2020-06-10,106.43,107.81,108.12,105.28,426723,41.7407,3.3536,0.08034364541083404
104,2020-06-11,108.5,109.04,111.42,107.5,652745,41.7135,3.3514,0.08034329413738957
105,2020-06-12,105.66,113.11,113.42,105.2,786728,41.1413,3.3054,0.08034262407848075
106,2020-06-15,113.88,114.26,115.64,111.19,1002428,42.8578,3.4433,0.08034243474933385
107,2020-06-16,114.11,112.73,115.11,112.03,798392,41.5772,3.3405,0.08034451574420597
108,2020-06-17,113.49,109.96,114.49,108.58,866200,38.5257,3.0953,0.08034377052201518
109,2020-06-18,105.74,107.89,110.65,104.58,736798,37.2724,2.9946,0.08034363228555179
110,2020-06-19,107.66,107.04,109.81,106.35,599505,37.5721,3.0187,0.0803441915676792
111,2020-06-22,107.89,110.58,111.19,107.04,765943,38.3077,3.0778,0.08034416057346173
112,2020-06-23,111.19,119.18,121.4,110.65,2018272,39.2886,3.1566,0.08034391655594753
113,2020-06-24,119.33,122.79,125.4,118.41,1392366,39.8335,3.2004,0.08034443370529831
114,2020-06-29,123.32,117.95,124.09,115.87,1284239,39.4248,3.1675,0.08034282989387391
115,2020-06-30,118.18,119.56,121.56,114.95,832498,37.9808,3.0515,0.08034322605105737
116,2020-07-01,120.71,119.64,122.48,116.8,697462,37.5448,3.0165,0.08034401568259786
117,2020-07-02,120.18,118.87,121.79,117.56,759724,37.0544,2.9771,0.08034403471652489
118,2020-07-03,119.48,121.33,123.94,116.95,1161067,35.9646,2.8895,0.08034289273341008
119,2020-07-06,121.25,125.63,125.63,119.48,1464529,36.4823,2.9311,0.08034307047527156
120,2020-07-07,126.86,133.0,135.61,124.48,1493834,35.12,2.8217,0.08034453302961275
121,2020-07-08,133.23,134.31,135.92,130.39,1158414,35.8556,2.8808,0.08034449291045191
122,2020-07-09,134.31,133.77,140.22,131.46,1519628,36.346,2.9202,0.08034446706652727
123,2020-07-10,133.08,133.46,134.84,129.62,1190263,37.0817,2.9793,0.08034421291364743
124,2020-07-13,131.0,133.77,136.99,130.17,1622966,36.6206,2.9333,0.08009972529122952
125,2020-07-14,133.31,129.99,135.98,128.05,1422798,35.3908,2.8348,0.08009991297173277
126,2020-07-15,129.44,123.45,129.44,122.8,1422345,35.5001,2.8435,0.08009836592009599
127,2020-07-16,123.72,115.15,125.29,115.06,1166188,36.7572,2.9442,0.08009859292873234
128,2020-07-17,117.0,116.44,118.29,113.95,857098,37.0032,2.9639,0.08009847796947292
129,2020-07-20,117.83,117.64,118.75,114.51,937428,36.4293,2.918,0.0801003587771382
130,2020-07-21,116.53,116.07,118.65,115.34,801259,36.5659,2.9289,0.08009921812398985
131,2020-07-22,116.07,114.6,117.73,114.23,1401831,37.1398,2.9749,0.08010005438909203
132,2020-07-23,112.66,107.87,112.66,105.11,2188027,38.069,3.0493,0.08009929338832121
133,2020-07-24,107.87,106.4,111.19,104.55,1392952,37.7957,3.0274,0.08009905888765124
134,2020-07-27,107.41,115.06,115.15,107.13,1482223,38.8069,3.1084,0.08009915762403078
135,2020-07-28,115.34,116.63,121.6,114.05,1994843,39.2714,3.1456,0.08009900334594641
136,2020-07-29,114.88,116.63,116.63,113.22,1336423,40.0913,3.2113,0.08009967249752441
137,2020-07-30,117.0,113.12,117.55,112.94,1080354,39.3261,3.15,0.08009947592057184
138,2020-07-31,112.39,113.49,115.34,111.19,803636,39.5721,3.1697,0.08009936293499714
139,2020-08-03,113.49,114.51,115.15,112.39,982335,39.818,3.1894,0.08009945250891556
140,2020-08-04,114.88,109.62,115.43,109.25,1612882,40.0093,3.2047,0.08009887701109492
141,2020-08-05,108.15,110.27,111.1,108.15,795384,38.3149,3.069,0.08009938692258103
142,2020-08-06,109.62,105.84,109.72,105.2,1695081,37.987,3.0427,0.08009845473451443
143,2020-08-07,106.77,104.0,107.13,101.6,1046085,89.816,3.2047,0.03568072503785517
144,2020-08-10,103.82,104.0,104.74,101.51,757616,88.0042,3.14,0.035680115267225886
145,2020-08-11,104.19,100.41,104.65,100.22,1101406,88.4571,3.1562,0.0356805728426548
146,2020-08-12,99.76,97.55,100.22,95.34,1358912,87.0982,3.1077,0.03568041589837677
147,2020-08-13,98.75,99.58,102.07,98.38,973099,88.1983,3.1469,0.035679826028392835
148,2020-08-14,98.84,100.04,100.31,97.55,580935,91.0455,3.2485,0.035679962216693846
149,2020-08-17,100.13,101.24,101.24,98.84,912298,90.0749,3.2139,0.035680306056404175
150,2020-08-18,101.24,105.2,106.12,100.5,1353634,92.6632,3.3062,0.035679752048278064
151,2020-08-19,105.11,103.63,105.84,102.99,737838,93.375,3.3316,0.03567978580990629
152,2020-08-20,102.43,101.05,103.72,100.59,607135,93.8927,3.3501,0.035680090145453265
153,2020-08-21,101.6,102.16,104.55,101.05,688060,90.0101,3.2116,0.035680440306143424
154,2020-08-24,103.08,101.88,103.08,101.05,562272,92.4691,3.2993,0.035680027165831615
155,2020-08-25,101.88,102.53,104.28,101.33,716799,80.5322,3.1117,0.03863920270401156
156,2020-08-26,102.43,99.49,102.53,99.21,723001,84.1843,3.2528,0.03863903364404052
157,2020-08-27,99.21,99.49,100.13,98.47,408348,89.3221,3.4513,0.03863881391055517
158,2020-08-28,99.58,101.88,101.88,98.38,731769,84.0605,3.248,0.038638837503940614
159,2020-08-31,103.36,104.0,105.94,102.9,1338682,81.7702,3.1595,0.03863877060347168
160,2020-09-01,104.28,107.23,107.96,103.36,1277140,79.2323,3.0614,0.038638282619588224
161,2020-09-02,107.69,107.04,108.15,105.38,827616,78.5514,3.0351,0.03863839473262093
162,2020-09-03,107.04,104.65,107.04,104.28,661921,76.5087,2.9562,0.038638743044908615
163,2020-09-04,102.53,105.57,106.4,101.79,563153,76.4468,2.9538,0.038638634972294465
164,2020-09-07,106.12,103.08,106.12,102.16,595524,77.7467,3.004,0.03863829590194825
165,2020-09-08,102.9,103.36,104.0,101.79,504816,82.6368,3.193,0.038638959882280055
166,2020-09-09,101.7,99.95,102.16,98.93,623668,86.908,3.358,0.038638560316656696
167,2020-09-10,100.87,96.44,101.33,96.44,541662,89.1364,3.4441,0.0386385359965177
168,2020-09-11,96.35,100.13,100.31,94.42,549083,85.0509,3.2863,0.03863921487015423
169,2020-09-14,101.05,99.67,101.7,98.56,436092,85.8557,3.3174,0.03863925167461217
170,2020-09-15,99.85,99.85,100.59,98.93,343845,89.4459,3.4561,0.038638998545489515
171,2020-09-16,99.85,98.93,99.95,98.2,331065,87.0937,3.3652,0.03863884528961337
172,2020-09-17,98.2,97.92,98.66,97.0,379153,82.2654,3.1786,0.03863835828914708
173,2020-09-18,97.83,99.58,99.76,97.46,552175,82.1416,3.1738,0.038638156549178494
174,2020-09-21,99.76,99.3,101.97,99.21,496335,80.4084,3.1069,0.038638997915640655
175,2020-09-22,97.92,96.9,99.39,96.44,428702,80.2846,3.1021,0.03863879249569656
176,2020-09-23,96.81,98.2,98.2,96.44,277880,81.6464,3.1547,0.03863856826510416
177,2020-09-24,97.0,95.89,98.84,95.8,391959,83.8129,3.2384,0.038638443485430045
178,2020-09-25,96.44,94.51,96.63,94.51,355242,86.0414,3.3245,0.0386383764094959
179,2020-09-28,94.6,91.56,95.06,91.47,490364,81.4607,3.1475,0.03863826360441292
180,2020-09-29,92.3,91.65,92.94,91.38,289022,87.3413,3.3748,0.03863922336855531
181,2020-09-30,91.74,89.72,92.02,89.35,421044,86.908,3.358,0.038638560316656696
182,2020-10-09,90.64,91.56,92.39,90.27,467114,84.0605,3.248,0.038638837503940614
183,2020-10-12,91.84,93.86,93.96,91.01,609341,81.3988,3.1451,0.038638161741942144
184,2020-10-13,93.68,93.03,93.68,92.57,316127,82.7606,3.1978,0.038639159213442145
185,2020-10-14,92.76,89.44,92.76,89.16,668281,83.2558,3.3482,0.04021581679594695
186,2020-10-15,89.44,83.36,89.44,82.16,2027855,86.3509,3.4727,0.04021614134884524
187,2020-10-16,83.36,84.0,84.28,83.27,493769,85.5462,3.4403,0.04021569631380471
188,2020-10-19,84.0,82.99,84.46,82.44,410326,89.9411,3.6171,0.0402163193467725
189,2020-10-20,82.71,83.82,83.82,82.25,373976,92.2933,3.7117,0.040216353733152896
190,2020-10-21,84.0,82.44,84.0,81.97,342674,90.9315,3.6569,0.04021598675926384
191,2020-10-22,82.53,83.63,84.37,80.78,470654,89.9411,3.6171,0.0402163193467725
192,2020-10-23,83.63,81.79,83.91,81.51,393764,91.6124,3.6843,0.04021617160995673
193,2020-10-26,81.33,80.13,81.7,79.86,410431,94.0265,3.7814,0.04021632199433139
194,2020-10-27,79.86,80.96,82.44,79.58,324883,92.9123,3.7366,0.040216419139338926
195,2020-10-28,80.87,81.05,81.51,79.67,325437,94.2122,3.7888,0.04021559840445293
196,2020-10-29,80.04,80.59,81.05,79.67,265068,94.0265,3.7814,0.04021632199433139
197,2020-10-30,80.78,80.59,82.44,80.32,457343,93.4075,3.7565,0.040216256724567086
198,2020-11-02,78.38,72.85,78.38,72.76,1484671,87.4651,3.5175,0.040216040454992906
199,2020-11-03,73.13,76.91,78.56,71.19,1132790,87.1556,3.505,0.04021543079274309
200,2020-11-04,76.91,76.26,77.55,75.52,513388,85.2366,3.4279,0.04021629206233004
201,2020-11-05,77.0,77.0,78.01,76.08,426683,80.4703,3.2362,0.040216079721338185
202,2020-11-06,77.18,76.35,77.64,75.89,338412,73.7851,2.9673,0.04021543644990655
203,2020-11-09,76.91,79.39,80.22,76.45,749766,76.8801,3.0918,0.04021586860579006
204,2020-11-10,80.13,78.01,80.13,77.55,476001,72.1757,2.9026,0.040215751284712165
205,2020-11-11,78.01,75.52,78.01,75.52,466300,78.6133,3.1615,0.040215841339824185
206,2020-11-12,75.71,74.79,76.45,74.6,317640,79.3561,3.1914,0.040216190059743355
207,2020-11-13,74.79,75.62,76.91,73.04,460430,79.9751,3.2163,0.040216267313201236
208,2020-11-16,76.63,77.27,79.03,76.54,579155,79.5418,3.1988,0.04021533332159946
209,2020-11-17,76.54,76.26,76.72,75.43,386644,79.9751,3.2163,0.040216267313201236
210,2020-11-18,76.35,75.71,76.35,74.88,358637,79.9132,3.2138,0.040216134505938944
211,2020-11-19,75.43,75.25,75.8,74.6,298118,80.4703,3.2362,0.040216079721338185
212,2020-11-20,75.25,74.6,75.89,74.33,420366,82.7606,3.3283,0.04021599650075036
213,2020-11-23,74.42,74.14,75.25,72.02,718424,79.1704,3.1839,0.04021578771864232
214,2020-11-24,73.77,74.51,75.89,73.22,578340,79.4799,3.1964,0.04021645724264877
215,2020-11-25,74.6,73.04,74.69,72.94,407987,79.6656,3.2038,0.04021560121307064
216,2020-11-26,72.94,72.11,73.4,71.84,381050,78.18,3.1441,0.040216167817856224
217,2020-11-27,71.93,71.93,72.57,71.38,319011,82.3273,3.3109,0.04021630734883812
218,2020-11-30,72.02,74.23,74.23,71.28,589386,79.5418,3.1988,0.04021533332159946
219,2020-12-01,73.96,78.1,78.75,73.59,1384068,78.9847,3.1764,0.04021538348566241
