,日期,开盘,收盘,最高,最低,成交量,pe,pb,roe
0,2020-01-03,45.7,47.02,48.14,45.54,1334811,52.9773,7.3577,0.13888401258652291
1,2020-01-06,46.34,47.58,48.46,45.86,1177261,52.8286,7.3371,0.13888499789886538
2,2020-01-07,47.9,47.82,48.26,46.86,897243,48.925,6.7949,0.13888400613183446
3,2020-01-08,46.98,48.38,50.1,46.7,1470864,46.9918,6.5264,0.13888380525964106
4,2020-01-09,49.14,49.46,49.62,47.94,1139133,46.3598,6.4387,0.13888541365579662
5,2020-01-10,49.58,48.3,50.42,47.62,1048289,46.1739,6.4129,0.1388858207775388
6,2020-01-13,47.98,49.1,49.1,47.42,988584,46.7316,6.4903,0.13888460912958256
7,2020-01-14,48.7,47.98,49.38,47.9,885435,47.2149,6.5574,0.13888412344408227
8,2020-01-15,47.78,48.06,48.14,47.1,640971,47.9212,6.6555,0.13888425164645293
9,2020-01-16,48.38,51.62,52.78,48.38,2239744,47.5123,6.5987,0.13888403634427296
10,2020-01-17,51.46,51.1,53.1,50.54,1504143,47.2892,6.5678,0.13888583439770602
11,2020-01-20,52.1,53.58,54.54,51.1,1910530,48.702,6.764,0.13888546671594595
12,2020-01-21,52.98,52.34,53.3,52.06,1083229,48.2558,6.702,0.13888485943658585
13,2020-01-22,52.7,53.5,54.34,50.1,1543584,50.0775,6.955,0.13888472867056062
14,2020-01-23,52.58,52.54,54.9,51.26,1323879,49.7057,6.9034,0.1388854799348968
15,2020-02-03,47.34,47.34,47.34,47.34,109581,52.7914,7.3319,0.1388843637410639
16,2020-02-04,42.86,46.74,48.18,42.86,1349100,52.3453,7.27,0.13888543957146104
17,2020-02-05,46.7,47.22,48.78,46.42,1138595,49.557,6.8827,0.13888451681901648
18,2020-02-06,46.7,46.94,47.62,45.3,1455595,50.9698,7.0789,0.13888420201766535
19,2020-02-07,46.1,45.54,46.7,44.58,1333702,50.3006,6.986,0.13888502324027943
20,2020-02-10,44.7,45.82,46.5,43.9,1492190,49.5942,6.8879,0.138885192220058
21,2020-02-11,46.26,48.86,50.3,45.46,2606423,50.4493,7.0066,0.138883988479523
22,2020-02-12,47.9,48.5,48.62,47.22,1536873,48.4417,6.7278,0.13888447350113642
23,2020-02-13,48.18,47.82,48.82,47.1,1172841,50.0403,6.9498,0.13888405944808482
24,2020-02-14,47.82,48.46,49.7,47.58,1369087,52.9773,7.3577,0.13888401258652291
25,2020-02-17,50.46,50.34,51.3,49.54,1574495,49.1853,6.7914,0.13807784033034262
26,2020-02-18,50.38,51.86,52.46,49.78,1804293,49.0737,6.776,0.13807803365142632
27,2020-02-19,51.1,50.26,51.42,50.14,1390463,46.397,6.4064,0.1380778929672177
28,2020-02-20,50.22,52.46,53.06,49.7,1810323,47.4379,6.5502,0.13807946810461677
29,2020-02-21,52.5,53.26,55.34,51.82,2078214,47.1777,6.5142,0.13807794784400257
30,2020-02-24,53.22,55.62,55.82,52.3,1981340,47.8469,6.6066,0.1380779110036387
31,2020-02-25,53.9,54.46,55.46,51.18,1826098,46.2483,6.3859,0.13807858883461663
32,2020-02-26,53.1,50.74,53.74,50.34,1508706,44.9471,6.2062,0.13807787376716185
33,2020-02-27,51.34,50.38,51.7,49.1,927801,45.3188,6.2576,0.13807956080037423
34,2020-02-28,48.46,46.02,49.58,45.5,1471054,45.2817,6.2524,0.13807785485085586
35,2020-03-02,46.86,47.9,48.46,46.58,979995,46.5085,6.4218,0.13807798574454133
36,2020-03-03,48.94,49.14,50.74,48.3,1302355,47.5123,6.5604,0.13807792929409857
37,2020-03-04,48.3,48.46,48.94,46.9,943483,44.5753,6.1549,0.13807871175292147
38,2020-03-05,49.5,48.5,49.7,47.86,802834,41.6011,5.7442,0.13807807966616267
39,2020-03-06,47.86,48.1,48.98,47.46,675263,41.4524,5.7237,0.1380788567127597
40,2020-03-09,47.1,44.9,47.58,44.7,1101238,40.8948,5.6467,0.13807867992996667
41,2020-03-10,43.7,46.06,46.46,42.86,1554883,40.7832,5.6313,0.13807891484729007
42,2020-03-11,46.3,44.7,46.66,44.62,937211,40.6717,5.6159,0.13807881155693025
43,2020-03-12,43.5,42.62,44.06,41.78,1039255,42.6421,5.3326,0.12505481671868882
44,2020-03-13,39.9,41.9,43.18,39.26,1126647,42.4934,5.314,0.12505471437917418
45,2020-03-16,42.26,37.78,42.46,37.78,1692267,42.5677,5.3233,0.1250549125275737
46,2020-03-17,37.5,36.42,38.58,34.7,1698154,42.2703,5.2861,0.12505470744234132
47,2020-03-18,36.78,36.78,38.9,36.54,1831622,42.1216,5.2675,0.12505460381372027
48,2020-03-19,37.26,37.42,37.78,35.82,1244905,41.8242,5.2303,0.1250543943458572
49,2020-03-20,37.82,37.1,38.06,36.34,972478,42.9023,5.3652,0.12505623241644387
50,2020-03-23,35.82,33.86,36.14,33.46,1271740,43.1626,5.3977,0.12505502448879355
51,2020-03-24,34.7,34.06,34.9,32.02,1301817,41.3009,5.1528,0.12476241437837916
52,2020-03-25,35.3,36.3,37.22,34.9,1912011,40.2219,5.0182,0.1247628779346575
53,2020-03-26,36.06,35.02,36.06,34.78,1135512,40.9661,5.111,0.12476169320486939
54,2020-03-27,35.7,35.06,36.46,34.94,1133290,42.7893,5.3385,0.12476249903597394
55,2020-03-30,33.9,33.74,34.22,32.54,1028570,42.4172,5.2921,0.12476306781211394
56,2020-03-31,34.3,33.58,34.54,33.18,628629,43.7567,5.4592,0.12476260778349373
57,2020-04-01,33.42,34.54,35.22,33.3,1272636,43.9055,5.4778,0.12476341232875152
58,2020-04-02,34.06,36.38,36.42,33.94,1465216,45.245,5.6449,0.1247629572328434
59,2020-04-03,36.22,35.82,36.46,35.34,963743,45.3938,5.6634,0.12476153131044329
60,2020-04-07,37.1,36.62,37.3,36.14,1017880,44.5008,5.552,0.12476180203501959
61,2020-04-08,36.26,36.62,37.26,36.02,835882,44.538,5.5567,0.12476312362476988
62,2020-04-09,36.86,36.5,37.06,36.3,586920,43.6078,5.4406,0.1247620838473851
63,2020-04-10,36.34,34.62,36.46,34.46,989131,43.3102,5.4035,0.12476275796463651
64,2020-04-13,34.06,33.14,34.22,32.98,879237,44.4636,5.5474,0.12476272726454897
65,2020-04-14,33.7,35.22,35.22,33.5,1009903,45.2822,5.6495,0.12476204778036401
66,2020-04-15,35.62,36.3,37.3,35.1,1740465,42.7893,5.3385,0.12476249903597394
67,2020-04-16,36.02,36.9,37.38,35.74,1213584,42.1195,5.2549,0.12476168995358444
68,2020-04-17,37.46,36.7,38.06,36.54,1339203,41.5986,5.1899,0.12476141023976768
69,2020-04-20,36.78,36.54,37.06,35.98,844508,43.4218,5.4174,0.12476221621397547
70,2020-04-21,36.46,35.7,36.46,35.02,923537,43.6078,5.4406,0.1247620838473851
71,2020-04-22,35.06,35.94,35.94,34.78,603690,42.9381,5.3571,0.12476332208458223
72,2020-04-23,35.98,34.94,36.18,34.9,714659,42.6032,5.3153,0.12476292860630186
73,2020-04-24,34.7,33.94,35.26,33.62,720411,43.4962,5.4267,0.12476262294177423
74,2020-04-27,34.06,34.26,34.74,33.1,615969,41.4498,5.1714,0.1247629662869302
75,2020-04-28,33.9,35.66,35.66,32.7,1112419,41.7474,5.2085,0.12476226064377662
76,2020-04-29,35.22,35.06,35.78,34.9,552604,42.9381,5.3571,0.12476332208458223
77,2020-04-30,35.58,37.82,38.38,35.58,2222037,44.0543,5.4963,0.12476194151308725
78,2020-05-06,37.7,38.86,39.26,37.58,1784210,45.2822,5.6495,0.12476204778036401
79,2020-05-07,39.02,38.22,39.9,38.14,1223252,46.9876,5.8623,0.12476270335152254
80,2020-05-08,38.78,38.02,39.26,37.9,998179,47.855,5.9705,0.12476230278967716
81,2020-05-11,38.46,37.46,38.66,37.06,997548,44.725,5.58,0.1247624371157071
82,2020-05-12,37.58,38.22,38.3,36.74,918358,40.6522,5.2644,0.12949852652500973
83,2020-05-13,37.66,37.94,38.34,37.34,800801,41.4064,5.362,0.12949688936975928
84,2020-05-14,37.58,38.42,38.9,37.42,1018737,39.7472,5.1472,0.12949843007809356
85,2020-05-15,38.7,38.58,39.62,38.02,1085079,38.5781,4.9958,0.12949834232375362
86,2020-05-18,38.66,37.3,38.66,37.02,1148429,39.634,5.1325,0.12949740122117376
87,2020-05-19,37.78,38.3,38.5,37.54,821974,42.6886,5.5281,0.12949827354375643
88,2020-05-20,38.3,38.62,39.26,38.1,974644,43.9331,5.6892,0.1294968941413194
89,2020-05-21,38.78,38.06,39.26,37.5,874877,42.1607,5.4597,0.12949737551795867
90,2020-05-22,37.9,37.18,37.9,36.9,607233,41.9344,5.4304,0.12949750085848372
91,2020-05-25,36.9,35.82,37.06,35.78,577936,40.8408,5.2888,0.1294979530273648
92,2020-05-26,36.14,36.54,36.82,36.1,569441,41.1802,5.3327,0.12949669987032603
93,2020-05-27,36.74,35.9,36.94,35.82,426217,43.9331,5.6892,0.1294968941413194
94,2020-05-28,36.02,35.78,36.34,35.14,426298,46.3843,6.0066,0.1294964028776978
95,2020-05-29,35.62,36.78,36.82,35.22,708102,48.2698,6.2508,0.12949711828099558
96,2020-06-01,38.7,40.38,40.38,38.7,808133,47.5156,6.1531,0.1294964180185034
97,2020-06-02,43.58,43.3,44.34,41.98,3992831,49.1372,6.3631,0.12949659321247448
98,2020-06-03,43.54,44.34,46.42,42.78,3609197,49.4011,6.3973,0.1294971164609695
99,2020-06-04,44.34,43.78,45.5,43.22,2082158,44.9135,5.8162,0.129497812461732
100,2020-06-05,43.86,44.7,45.9,43.7,2019727,43.3297,5.6111,0.12949778096778883
101,2020-06-08,45.5,44.74,46.22,44.06,1629137,39.7186,6.4552,0.16252335177977068
102,2020-06-09,45.18,45.38,45.5,44.5,1255893,40.1867,6.5313,0.1625239196052425
103,2020-06-10,45.06,44.58,45.34,43.74,1127807,37.3059,6.0631,0.1625238903229784
104,2020-06-11,44.3,43.74,45.14,43.26,1122922,38.2782,6.2211,0.16252331614339233
105,2020-06-12,42.3,42.02,42.78,41.5,1509355,37.8461,6.1509,0.16252401172115488
106,2020-06-15,41.82,40.66,42.14,40.58,1333262,39.3585,6.3967,0.16252397830201862
107,2020-06-16,41.5,41.18,41.66,40.5,1184140,38.6383,6.2797,0.16252526638076728
108,2020-06-17,41.18,40.5,41.3,39.9,1108423,38.7103,6.2914,0.1625252193860549
109,2020-06-18,40.58,42.9,43.66,40.18,2268439,38.8184,6.3089,0.16252344249118977
110,2020-06-19,42.62,43.82,44.46,42.26,1700422,37.9901,6.1743,0.16252392070565752
111,2020-06-22,43.9,43.7,44.66,43.38,1318233,35.8296,5.8232,0.1625248397972626
112,2020-06-23,44.18,43.62,44.18,42.98,859163,36.4417,5.9227,0.16252534870766183
113,2020-06-24,43.54,44.42,45.7,43.54,1284372,35.9736,5.8466,0.16252474036515666
114,2020-06-29,43.74,42.74,43.9,42.3,1073077,37.1979,6.0456,0.16252530384779787
115,2020-06-30,43.3,43.22,43.7,42.3,1640998,38.7463,6.2972,0.16252390550839693
116,2020-07-01,43.06,42.14,43.1,41.1,1688064,39.5025,6.4201,0.16252389089298147
117,2020-07-02,41.98,45.34,45.42,41.7,2795759,40.2227,6.5372,0.16252514127594617
118,2020-07-03,45.78,44.82,46.14,44.3,1571871,39.6466,6.4435,0.16252339418764788
119,2020-07-06,45.7,46.66,47.1,45.02,2229538,39.6106,6.4377,0.1625246777377773
120,2020-07-07,46.9,48.34,50.02,46.14,2746965,38.7823,6.3031,0.16252517256583543
121,2020-07-08,48.22,53.1,53.1,48.1,3029846,39.2865,6.385,0.1625240222468278
122,2020-07-09,52.7,52.82,53.86,50.78,3202480,38.3502,6.2328,0.16252327236885336
123,2020-07-10,52.02,51.1,52.02,50.62,2014112,35.7215,5.8056,0.16252397015802808
124,2020-07-13,50.5,51.9,51.9,50.02,2187266,32.4807,5.2789,0.16252420668273776
125,2020-07-14,51.9,49.9,51.9,49.1,1844168,31.5804,5.1326,0.1625248571899026
126,2020-07-15,50.3,47.3,50.34,46.78,1465336,31.6885,5.1501,0.16252268172996512
127,2020-07-16,47.3,44.38,48.06,43.1,1395737,32.2646,5.2438,0.16252487246083944
128,2020-07-17,44.3,44.02,45.1,43.34,927468,31.6164,5.1384,0.16252324742854973
129,2020-07-20,44.7,45.18,45.34,43.78,1113078,32.8408,5.3374,0.16252344644466638
130,2020-07-21,45.1,45.42,45.62,44.34,880400,33.6636,5.466,0.16237122589384378
131,2020-07-22,45.1,47.3,47.7,44.7,1519258,34.1682,5.5479,0.16237027411452756
132,2020-07-23,46.5,45.98,46.7,44.9,992317,33.8799,5.5011,0.16237060912222293
133,2020-07-24,45.26,42.74,45.74,42.34,1095535,32.9788,5.3548,0.16237097771901948
134,2020-07-27,42.38,41.62,43.1,40.94,751095,34.1322,5.5421,0.1623716021821037
135,2020-07-28,42.34,42.86,43.42,42.18,687696,33.988,5.5187,0.16237201365187715
136,2020-07-29,42.7,44.62,44.7,42.22,879391,33.5555,5.4484,0.16236980524802194
137,2020-07-30,44.62,43.82,44.7,43.54,656610,33.8078,5.4894,0.16237081383586036
138,2020-07-31,44.34,48.14,48.14,44.34,2533623,33.123,5.3782,0.16237055822238325
139,2020-08-03,48.7,51.46,52.1,48.7,3120137,33.6276,5.4601,0.16236960116095112
140,2020-08-04,51.46,50.54,52.14,50.02,1644945,33.8078,5.4894,0.16237081383586036
141,2020-08-05,51.02,49.38,51.22,48.7,1442200,34.3844,5.583,0.16237014460045834
142,2020-08-06,48.98,48.06,48.98,47.5,1326032,33.4473,5.4309,0.16237185064265278
143,2020-08-07,48.3,46.86,48.38,45.94,1243874,0.0,5.0334,inf
144,2020-08-10,45.9,45.58,45.9,44.46,1392909,0.0,5.1213,inf
145,2020-08-11,45.7,45.26,47.46,45.1,1172405,0.0,4.9162,inf
146,2020-08-12,44.82,47.46,47.66,44.82,1376063,0.0,4.8693,inf
147,2020-08-13,47.06,46.5,47.26,45.98,790897,0.0,5.0158,inf
148,2020-08-14,46.58,46.86,47.34,45.66,683396,0.0,5.1623,inf
149,2020-08-17,46.94,47.58,47.9,46.46,929792,0.0,5.1271,inf
150,2020-08-18,47.58,47.38,48.02,47.02,762424,0.0,5.2502,inf
151,2020-08-19,47.1,45.42,47.1,45.3,892254,0.0,5.2736,inf
152,2020-08-20,45.14,45.98,46.5,44.9,591156,0.0,5.3029,inf
153,2020-08-21,46.42,46.7,47.9,46.02,895107,0.0,5.215,inf
154,2020-08-24,47.3,49.38,50.5,47.1,2051080,0.0,5.0568,inf
155,2020-08-25,49.26,48.5,49.74,48.42,1227304,0.0,4.7521,inf
156,2020-08-26,48.82,47.26,49.7,46.9,1042878,0.0,4.9689,inf
157,2020-08-27,46.78,47.58,48.22,46.34,635936,0.0,5.2443,inf
158,2020-08-28,47.34,48.58,48.86,46.7,715582,0.0,5.2619,inf
159,2020-08-31,49.22,48.54,50.34,48.54,1098960,0.0,5.2619,inf
160,2020-09-01,47.9,49.5,49.78,47.02,936838,0.0,5.1447,inf
161,2020-09-02,49.58,49.34,50.38,49.1,1038272,0.0,5.2268,inf
162,2020-09-03,48.86,47.9,49.1,47.62,712647,0.0,4.9572,inf
163,2020-09-04,46.66,47.74,48.1,46.34,443052,0.0,4.8166,inf
164,2020-09-07,47.42,46.3,48.06,46.14,522464,0.0,4.84,inf
165,2020-09-08,46.54,46.7,47.14,45.66,458441,0.0,5.0334,inf
166,2020-09-09,45.74,44.74,46.22,44.14,582154,0.0,5.0275,inf
167,2020-09-10,45.82,43.94,45.9,43.78,450590,0.0,5.215,inf
168,2020-09-11,43.78,45.1,45.3,43.34,389233,0.0,4.8869,inf
169,2020-09-14,45.46,47.14,48.1,45.42,840556,0.0,4.8576,inf
170,2020-09-15,47.06,46.86,47.3,45.94,423874,0.0,5.3322,inf
171,2020-09-16,46.62,45.7,46.78,45.5,347466,0.0,5.3791,inf
172,2020-09-17,45.66,46.02,46.9,44.86,458684,0.0,5.2854,inf
173,2020-09-18,45.78,46.3,46.42,45.66,382173,0.0,5.2326,inf
174,2020-09-21,46.3,46.5,47.46,45.58,527520,0.0,5.4318,inf
175,2020-09-22,46.1,46.42,46.9,45.9,326353,0.0,6.0354,inf
176,2020-09-23,46.58,46.58,47.42,46.22,371847,0.0,6.1409,inf
177,2020-09-24,46.02,45.26,46.3,45.1,376962,0.0,6.4456,inf
178,2020-09-25,45.66,45.38,45.78,45.14,221183,0.0,6.6448,inf
179,2020-09-28,45.54,45.5,46.02,45.02,282511,0.0,6.4749,inf
180,2020-09-29,45.86,46.1,46.7,45.74,329379,0.0,6.9436,inf
181,2020-09-30,46.18,46.26,46.5,45.54,303460,0.0,7.0022,inf
182,2020-10-09,47.5,49.46,49.98,47.5,1137087,0.0,6.9964,inf
183,2020-10-12,50.18,52.62,53.18,50.18,1843623,0.0,7.096,inf
184,2020-10-13,51.9,51.54,52.46,50.9,1118355,0.0,6.9143,inf
185,2020-10-14,51.1,50.22,51.5,48.06,1621061,0.0,6.6389,inf
186,2020-10-15,49.5,50.26,50.98,49.06,798613,0.0,7.0419,inf
187,2020-10-16,50.3,49.86,50.62,49.22,531477,0.0,7.0929,inf
188,2020-10-19,50.98,51.26,52.1,50.7,1152408,0.0,7.6202,inf
189,2020-10-20,51.02,52.98,53.46,50.3,1273088,0.0,7.7846,inf
190,2020-10-21,52.86,52.26,53.86,51.82,768450,0.0,7.4501,inf
191,2020-10-22,52.58,52.54,53.62,51.54,714443,0.0,7.3367,inf
192,2020-10-23,53.14,51.42,54.82,50.7,936353,0.0,7.0248,inf
193,2020-10-26,51.54,54.3,54.38,51.02,1163461,0.0,7.2516,inf
194,2020-10-27,53.9,54.42,54.66,53.02,852185,0.0,7.0362,inf
195,2020-10-28,55.14,58.5,59.7,55.14,2091944,0.0,6.7697,inf
196,2020-10-29,57.9,55.34,58.9,55.18,1756648,0.0,6.679,inf
197,2020-10-30,54.94,53.62,55.7,52.98,1109951,0.0,6.7754,inf
198,2020-11-02,53.62,55.78,56.5,53.14,1046471,0.0,6.8264,inf
199,2020-11-03,55.42,54.86,56.06,54.42,720405,0.0,6.3955,inf
200,2020-11-04,55.18,55.62,56.54,54.58,535979,0.0,6.3558,inf
201,2020-11-05,56.3,56.34,58.1,55.3,818938,0.0,6.5543,inf
202,2020-11-06,56.62,54.82,56.82,53.5,879526,0.0,6.5939,inf
203,2020-11-09,55.54,57.82,58.86,55.54,1282773,0.0,6.5259,inf
204,2020-11-10,57.54,58.3,58.42,56.38,693675,0.0,6.611,inf
205,2020-11-11,57.42,54.98,57.82,54.94,837940,0.0,7.348,inf
206,2020-11-12,55.3,55.38,56.34,54.7,378272,0.0,7.4841,inf
207,2020-11-13,54.86,53.42,55.34,52.82,692053,0.0,7.3197,inf
208,2020-11-16,53.54,53.9,54.7,52.1,673716,0.0,7.4954,inf
209,2020-11-17,53.78,52.38,54.26,50.38,904305,0.0,7.1439,inf
210,2020-11-18,51.9,52.62,53.1,51.7,405728,0.0,7.2176,inf
211,2020-11-19,52.62,53.06,53.34,52.06,301115,0.0,6.713,inf
212,2020-11-20,52.7,52.3,53.26,51.7,371024,0.0,6.7017,inf
213,2020-11-23,51.94,51.78,51.98,50.54,676150,0.0,6.8604,inf
214,2020-11-24,51.5,51.18,51.82,50.5,428255,0.0,6.747,inf
215,2020-11-25,51.78,51.38,52.5,50.98,567927,0.0,6.9115,inf
216,2020-11-26,51.46,52.06,52.46,50.9,427106,0.0,6.7584,inf
217,2020-11-27,52.1,54.14,54.38,51.34,936535,0.0,6.679,inf
218,2020-11-30,55.5,58.34,59.42,54.94,2651385,0.0,6.645,inf
219,2020-12-01,58.22,58.5,58.78,56.94,1292994,0.0,6.5656,inf
