,日期,开盘,收盘,最高,最低,成交量,pe,pb,roe
0,2020-01-03,672.02,660.64,681.31,648.55,164551,47.9638,7.0882,0.14778228580721292
1,2020-01-06,652.0,657.4,664.32,651.28,118669,47.1976,6.975,0.1477829381154974
2,2020-01-07,658.48,682.24,690.81,657.4,199120,47.3079,6.9913,0.14778292843267193
3,2020-01-08,685.2,690.02,700.6,674.18,201074,45.9717,6.7938,0.14778222254125908
4,2020-01-09,689.44,680.16,695.06,676.48,109421,44.4883,6.5746,0.14778267544500465
5,2020-01-10,679.36,660.5,679.58,655.96,148238,44.3903,6.5601,0.14778228576963887
6,2020-01-13,659.64,664.82,673.68,653.44,127674,44.1328,6.5221,0.1477835079578001
7,2020-01-14,666.04,660.72,672.09,655.82,97451,44.7274,6.61,0.1477841323215747
8,2020-01-15,690.74,652.58,690.88,646.17,199919,46.0881,6.811,0.14778218238547478
9,2020-01-16,652.58,658.48,671.8,641.06,131397,44.5006,6.5764,0.14778227709289313
10,2020-01-17,658.99,646.39,663.38,641.2,121469,44.3473,6.5538,0.147783517824084
11,2020-01-20,646.68,660.86,665.61,631.12,139214,44.6416,6.5973,0.14778368158847355
12,2020-01-21,658.92,644.08,661.94,643.36,85335,42.9559,6.3482,0.14778412278639255
13,2020-01-22,639.62,626.44,639.62,607.08,180066,41.7484,6.1697,0.1477829090456161
14,2020-01-23,610.96,594.98,621.98,587.64,162753,43.195,6.3835,0.14778330825327005
15,2020-02-03,536.16,536.8,558.12,536.16,263787,43.4157,6.4161,0.14778294487938695
16,2020-02-04,547.1,589.8,589.8,546.88,228663,43.9183,6.4904,0.14778349799514098
17,2020-02-05,604.56,596.78,618.02,594.04,196457,43.3115,6.4007,0.14778292139501054
18,2020-02-06,618.74,655.75,655.75,598.0,267031,44.0654,6.5121,0.14778261402370116
19,2020-02-07,646.96,672.52,685.99,628.6,258497,43.6118,6.4451,0.14778339807116422
20,2020-02-10,672.74,721.2,738.4,672.74,287989,43.906,6.4886,0.14778390197239558
21,2020-02-11,721.2,726.96,748.48,721.2,204290,44.0715,6.513,0.14778258057928592
22,2020-02-12,726.81,714.28,731.92,708.16,220886,43.4463,6.4206,0.14778243486787138
23,2020-02-13,717.38,713.71,724.22,699.45,158998,44.1328,6.5221,0.1477835079578001
24,2020-02-14,725.44,770.16,773.83,725.44,312040,43.1214,6.3726,0.14778277143135427
25,2020-02-17,770.16,766.12,783.4,753.6,208277,43.7589,6.4668,0.14778250824403721
26,2020-02-18,755.68,771.88,775.48,749.28,149178,43.1827,6.3817,0.14778371894300266
27,2020-02-19,777.28,783.04,812.78,777.28,233643,42.3062,6.2521,0.14778212176938607
28,2020-02-20,797.08,786.0,802.48,777.43,181691,43.667,6.4532,0.14778207799940457
29,2020-02-21,784.48,802.2,818.97,772.96,196393,44.7703,6.6163,0.14778324022845502
30,2020-02-24,791.68,810.19,824.08,780.88,214581,45.9104,6.7848,0.1477835087474733
31,2020-02-25,799.6,870.67,878.08,796.72,282049,45.4813,9.0108,0.19812098598764769
32,2020-02-26,870.24,842.08,885.28,834.96,268788,46.1249,9.1383,0.1981207547333436
33,2020-02-27,842.08,860.8,895.36,827.68,330406,46.7685,9.2658,0.19812052984380513
34,2020-02-28,828.55,845.68,879.6,828.48,262388,47.8105,9.4723,0.1981217514981019
35,2020-03-02,838.48,870.88,895.94,838.12,340042,49.8639,9.8791,0.19812128614087546
36,2020-03-03,884.06,867.93,891.04,865.48,229140,46.4804,9.2087,0.19812006781353
37,2020-03-04,860.16,883.12,899.68,860.16,236434,44.4883,8.8141,0.19812175335987214
38,2020-03-05,892.48,918.4,942.74,884.42,325997,45.3587,8.9865,0.19812075742911503
39,2020-03-06,903.28,928.48,966.57,903.28,359206,45.3587,8.9865,0.19812075742911503
40,2020-03-09,928.41,968.01,1014.31,919.12,371964,43.3176,8.5821,0.19812039448168875
41,2020-03-10,972.55,945.12,993.28,914.3,316147,45.3281,8.9804,0.19811993002133335
42,2020-03-11,942.88,924.6,971.4,908.04,285468,45.181,8.9513,0.19812089152519866
43,2020-03-12,908.32,883.84,921.07,870.88,265827,45.6775,9.0496,0.19811942422418038
44,2020-03-13,839.06,889.6,910.48,838.56,237775,44.6845,8.8529,0.1981201535207958
45,2020-03-16,901.12,827.68,901.7,804.86,276225,45.2545,8.9659,0.19812173375023479
46,2020-03-17,846.33,827.83,858.79,788.52,208270,46.0943,9.1322,0.19811994107731323
47,2020-03-18,842.08,852.96,908.32,839.42,317759,45.4139,8.9974,0.1981199588672191
48,2020-03-19,853.68,871.82,878.08,831.28,214889,46.2475,9.1626,0.19812097951240606
49,2020-03-20,886.15,847.12,893.49,835.68,215211,48.2457,9.5585,0.1981212833475315
50,2020-03-23,810.4,809.68,830.28,795.28,211611,47.8902,9.488,0.198119865859821
51,2020-03-24,834.88,833.23,842.08,811.99,191882,48.0006,9.5099,0.19812044016116465
52,2020-03-25,859.36,859.22,870.88,842.8,178566,48.5461,9.618,0.1981209613130612
53,2020-03-26,847.84,856.48,872.32,842.52,138127,48.6687,9.6423,0.19812117438928922
54,2020-03-27,862.89,830.13,863.76,828.98,160892,50.7405,10.0527,0.19811984509415556
55,2020-03-30,815.44,831.28,840.86,813.28,100945,50.765,10.0576,0.19812075248694969
56,2020-03-31,838.48,886.8,889.46,832.72,284185,53.603,10.6199,0.198121373803705
57,2020-04-01,892.34,880.24,899.61,867.43,189755,53.9585,10.6903,0.1981207780053189
58,2020-04-02,885.36,874.7,892.27,860.8,149737,54.7308,10.8433,0.19812061946837975
59,2020-04-03,867.64,891.48,908.9,863.76,171130,54.504,10.7984,0.1981212388081609
60,2020-04-07,906.16,930.64,933.52,885.28,220084,53.8175,10.6624,0.19812142890323778
61,2020-04-08,928.48,894.57,934.24,886.72,228636,55.0005,10.8967,0.1981200170907537
62,2020-04-09,892.48,901.84,909.04,867.36,158947,54.3079,10.7595,0.19812034713181692
63,2020-04-10,896.8,898.96,919.41,890.76,104374,54.6756,10.8324,0.19812128261966946
64,2020-04-13,891.04,896.08,915.96,884.42,88504,55.2886,10.9538,0.19812040818541252
65,2020-04-14,905.88,903.79,921.43,895.44,110895,55.589,11.0133,0.1981201316807282
66,2020-04-15,899.68,882.91,908.97,881.04,129385,55.0066,10.898,0.1981216799438613
67,2020-04-16,878.8,865.63,885.21,858.64,129828,55.0496,10.9065,0.19812133058187525
68,2020-04-17,870.88,899.47,905.8,863.68,176580,54.9208,10.881,0.19812165882507174
69,2020-04-20,896.23,900.4,908.68,888.88,100284,55.8832,11.0716,0.19812036533340968
70,2020-04-21,898.32,896.16,902.92,882.98,99317,56.2142,11.1372,0.19812075952339445
71,2020-04-22,892.48,917.4,930.57,889.6,207981,56.5636,11.2064,0.19812034594686337
72,2020-04-23,918.55,928.56,954.98,918.55,152135,56.3919,11.1724,0.1981206520794653
73,2020-04-24,937.27,931.36,942.16,918.4,96977,56.821,11.2574,0.19812041322750393
74,2020-04-27,949.8,965.92,990.12,931.65,203195,57.5749,11.4068,0.19812105622415324
75,2020-04-28,971.68,969.52,978.74,942.88,157493,56.2387,11.142,0.19811980006650223
76,2020-04-29,966.64,934.96,969.38,930.0,133811,55.6686,11.0291,0.19812066407274478
77,2020-04-30,938.56,924.16,940.15,911.28,115394,57.0049,11.2938,0.1981198107531107
78,2020-05-06,905.88,898.24,913.72,891.12,179090,58.0469,11.5003,0.19812082988066546
79,2020-05-07,897.16,897.16,916.82,892.48,120902,57.06,11.3048,0.19812127584998246
80,2020-05-08,899.04,894.64,901.84,879.6,115307,57.2623,11.3448,0.1981198799209951
81,2020-05-11,885.28,846.4,887.44,840.79,323673,56.0732,11.1093,0.19812138419066505
82,2020-05-12,838.48,842.3,855.12,837.04,141732,55.8035,11.0558,0.19812018959384267
83,2020-05-13,842.95,837.04,846.4,826.46,186862,55.8403,11.0631,0.19812035393792657
84,2020-05-14,835.6,819.26,835.6,814.36,210747,55.3131,10.9587,0.19812124071874476
85,2020-05-15,826.24,827.68,834.74,816.16,129671,53.4252,10.5846,0.1981199883201186
86,2020-05-18,834.16,865.84,870.52,834.16,269897,54.7063,10.8384,0.19811977779524478
87,2020-05-19,870.88,848.64,877.22,839.2,164367,56.3981,11.1736,0.19812014943765838
88,2020-05-20,842.08,822.64,842.08,816.02,204668,57.3236,11.357,0.19812084377115183
89,2020-05-21,828.55,832.0,841.94,811.84,173356,58.5802,11.6059,0.19811984254065368
90,2020-05-22,834.96,846.19,864.98,824.8,168010,59.4444,11.7772,0.19812126962337917
91,2020-05-25,855.55,867.72,879.88,855.55,221535,57.9121,14.8297,0.2560725651461439
92,2020-05-26,870.88,851.3,874.41,843.02,125153,55.1783,14.1297,0.2560734926592519
93,2020-05-27,847.27,834.45,849.28,827.68,104974,59.1073,15.1358,0.25607327690488313
94,2020-05-28,842.08,837.04,847.84,828.04,95270,59.0276,15.1154,0.25607343005644817
95,2020-05-29,829.99,872.25,873.69,829.99,162699,57.391,14.6963,0.2560732519036086
96,2020-06-01,874.56,870.81,889.03,858.64,130328,54.8044,14.0339,0.25607250512732554
97,2020-06-02,870.88,882.76,906.81,870.81,142321,55.6257,14.2443,0.2560740808654992
98,2020-06-03,894.21,872.97,903.28,867.36,123472,53.8482,13.7891,0.2560735549191988
99,2020-06-04,874.99,887.96,887.96,856.75,178873,53.3271,13.6557,0.25607430368424305
100,2020-06-05,887.96,857.61,888.21,856.87,235411,53.9278,13.8095,0.25607386171881663
101,2020-06-08,871.32,861.77,872.54,849.29,154997,50.7466,12.9949,0.2560742985736975
102,2020-06-09,864.34,860.3,873.52,854.18,119660,49.9559,12.7924,0.25607385714199926
103,2020-06-10,860.3,862.99,883.8,857.0,207563,51.047,13.0718,0.25607381432797227
104,2020-06-11,860.3,819.91,860.3,816.73,461351,50.2624,12.8709,0.256074123002483
105,2020-06-12,812.08,827.25,829.46,808.65,230019,47.8105,12.243,0.25607345666746845
106,2020-06-15,843.17,858.22,876.7,843.04,326389,46.0943,11.8035,0.25607287668974255
107,2020-06-16,867.65,854.92,868.01,838.02,199689,46.5785,11.9275,0.25607308092789594
108,2020-06-17,852.96,867.65,875.48,843.17,233893,46.5479,11.9197,0.2560738508074478
109,2020-06-18,872.91,893.47,906.57,871.07,315543,45.9288,11.7611,0.25607244256327183
110,2020-06-19,900.69,927.99,933.5,890.04,334287,44.2002,11.3185,0.2560735019298555
111,2020-06-22,930.07,940.35,958.22,914.28,319749,42.9069,10.9873,0.2560730325425514
112,2020-06-23,941.57,940.96,949.16,928.97,225601,42.2694,10.8241,0.2560741340071068
113,2020-06-24,942.43,931.29,962.75,928.48,192143,42.4349,10.8665,0.2560745989739578
114,2020-06-29,947.33,965.57,977.81,939.62,306547,40.8841,10.4693,0.25607265416139774
115,2020-06-30,966.91,1014.53,1015.99,965.57,308768,40.5164,10.3752,0.25607408358096967
116,2020-07-01,1022.48,1030.19,1063.36,1017.71,410614,42.674,10.9277,0.25607395603880584
117,2020-07-02,1031.42,1008.41,1043.9,996.53,423178,42.5391,10.8931,0.25607264845753674
118,2020-07-03,1001.92,1024.19,1025.54,972.3,295046,42.6127,10.912,0.25607389346368575
119,2020-07-06,1032.89,1087.72,1092.49,1032.89,422497,42.4043,10.8586,0.25607308692750497
120,2020-07-07,1145.49,1075.73,1145.49,1074.75,579385,43.9244,11.2479,0.2560740727249547
121,2020-07-08,1076.7,1086.13,1103.39,1070.83,310740,43.372,10.5697,0.24369869962187585
122,2020-07-09,1081.85,1121.63,1133.25,1076.7,417850,43.8624,10.6892,0.24369847523163346
123,2020-07-10,1103.88,1105.22,1120.89,1094.09,261778,43.2639,10.5433,0.24369740129761766
124,2020-07-13,1105.35,1156.88,1168.75,1105.22,432900,43.336,10.5609,0.2436980801181466
125,2020-07-14,1157.49,1189.56,1194.21,1130.81,390871,41.5728,10.1312,0.24369780240926758
126,2020-07-15,1189.56,1191.15,1222.73,1161.41,382303,41.443,10.0996,0.24369857394493644
127,2020-07-16,1192.01,1112.69,1204.25,1112.45,441698,42.2867,10.3052,0.24369837324738033
128,2020-07-17,1112.45,1167.28,1167.28,1112.45,359437,43.1088,10.5055,0.24369734253795047
129,2020-07-20,1185.89,1197.88,1222.61,1173.65,395521,42.0307,10.2428,0.24369805879987724
130,2020-07-21,1203.02,1180.62,1203.51,1151.37,305720,41.3204,10.0697,0.24369802809266122
131,2020-07-22,1172.42,1155.53,1185.15,1151.74,441306,40.8517,9.9555,0.24369854865281004
132,2020-07-23,1148.55,1137.05,1160.79,1114.28,357629,42.1533,10.2727,0.24369859536501295
133,2020-07-24,1134.48,1103.27,1168.75,1081.85,516489,43.0151,10.4827,0.24369814321017505
134,2020-07-27,1124.69,1077.68,1136.68,1065.81,329535,41.1041,10.017,0.24369831719950075
135,2020-07-28,1090.54,1115.38,1122.11,1085.52,327524,40.6822,9.9142,0.24369871835839751
136,2020-07-29,1115.38,1125.91,1127.01,1094.09,286141,41.5728,10.1312,0.24369780240926758
137,2020-07-30,1123.34,1125.17,1147.7,1117.22,280256,41.836,10.1954,0.24369920642508844
138,2020-07-31,1125.17,1130.56,1141.09,1106.33,225714,42.0416,10.2454,0.24369671943979296
139,2020-08-03,1136.93,1154.31,1180.38,1136.68,341597,44.4573,10.8342,0.24369901006133976
140,2020-08-04,1145.49,1150.27,1167.53,1139.5,219404,44.5835,10.8649,0.24369778056904462
141,2020-08-05,1160.18,1169.97,1173.65,1140.23,324574,44.6376,10.8781,0.24369813789271824
142,2020-08-06,1187.11,1149.17,1197.51,1139.62,411973,45.9356,11.1944,0.2436976985170543
143,2020-08-07,1135.46,1122.48,1151.37,1107.3,322754,46.4765,11.3262,0.2436973524254193
144,2020-08-10,1119.91,1133.87,1133.87,1107.67,225944,48.2072,11.748,0.24369803680777974
145,2020-08-11,1130.81,1160.55,1196.41,1130.81,446735,48.0269,11.7041,0.2436988437729689
146,2020-08-12,1163.0,1145.49,1170.95,1116.12,280455,46.2962,13.7094,0.29612365593720436
147,2020-08-13,1146.72,1136.93,1169.48,1133.5,223447,46.1556,13.6677,0.2961222473546005
148,2020-08-14,1137.17,1140.35,1147.45,1122.24,155882,45.5967,13.5022,0.29612230709678555
149,2020-08-17,1140.23,1133.38,1153.82,1127.75,255944,44.533,13.1873,0.2961242224866953
150,2020-08-18,1136.8,1126.77,1141.7,1124.69,257370,44.7458,13.2503,0.29612388201797707
151,2020-08-19,1128.36,1107.55,1132.03,1107.3,234538,44.6989,13.2364,0.2961236182545879
152,2020-08-20,1106.94,1110.12,1118.44,1088.33,162950,43.0043,12.7346,0.2961238759844946
153,2020-08-21,1114.04,1109.26,1118.32,1100.82,177746,43.8696,12.9908,0.2961230556011452
154,2020-08-24,1118.81,1120.89,1133.87,1115.99,240932,44.9152,13.3004,0.2961224707893987
155,2020-08-25,1124.81,1114.89,1128.72,1113.55,132415,44.5294,13.1862,0.2961234600061981
156,2020-08-26,1124.44,1102.65,1128.36,1094.09,197602,44.6737,13.2289,0.29612277469741705
157,2020-08-27,1102.04,1095.31,1102.04,1083.68,147643,44.8179,13.2716,0.2961227545244199
158,2020-08-28,1095.31,1109.14,1112.08,1092.49,207443,44.4537,13.1638,0.2961238322119419
159,2020-08-31,1082.82,1085.52,1097.39,1057.0,356557,46.2601,13.6987,0.2961234411512297
160,2020-09-01,1084.29,1099.23,1099.72,1078.17,181385,44.2987,13.1179,0.2961238140171157
161,2020-09-02,1104.0,1103.75,1149.17,1100.21,389370,43.4586,12.8691,0.2961232069141666
162,2020-09-03,1102.65,1088.33,1102.65,1080.99,254188,43.7362,12.9513,0.29612311997841606
163,2020-09-04,1069.73,1081.23,1086.25,1063.49,181562,44.0643,13.0485,0.2961240732293489
164,2020-09-07,1075.73,1024.56,1087.84,1014.53,403602,41.2844,12.2253,0.2961239596554631
165,2020-09-08,1024.56,1024.07,1034.72,1003.39,278062,41.2267,12.2082,0.29612362861931707
166,2020-09-09,1013.3,982.7,1013.3,978.91,261780,42.5463,12.599,0.2961244573558688
167,2020-09-10,1002.29,980.25,1010.36,975.48,184061,42.6834,12.6395,0.29612214584592605
168,2020-09-11,990.05,969.36,995.55,959.32,211025,41.3817,12.2541,0.29612364885927833
169,2020-09-14,983.8,967.16,999.71,957.49,220759,40.2027,11.9049,0.29612190226029594
170,2020-09-15,968.01,974.26,976.46,954.18,147572,42.0776,12.4602,0.2961243036675096
171,2020-09-16,967.89,934.35,972.3,901.79,446314,43.3143,12.8264,0.29612391288789147
172,2020-09-17,928.85,917.71,930.44,899.59,295685,42.3697,12.5466,0.29612199283922236
173,2020-09-18,916.61,932.52,942.92,914.28,228953,41.1113,12.174,0.2961229637593557
174,2020-09-21,932.52,914.52,932.64,904.98,186439,41.1041,12.1719,0.296123744346671
175,2020-09-22,916.61,903.14,923.83,900.45,181431,44.2049,13.0901,0.2961232804508097
176,2020-09-23,903.14,922.97,927.38,900.2,185797,43.9165,13.0047,0.29612332494620475
177,2020-09-24,921.5,913.06,926.76,908.28,185794,45.9573,13.609,0.2961227052067898
178,2020-09-25,919.05,915.99,929.46,911.34,200150,46.9849,13.9133,0.296122796898578
179,2020-09-28,919.05,875.85,921.38,873.89,245191,48.1314,14.2528,0.29612269744906655
180,2020-09-29,897.39,916.61,920.15,881.72,245000,46.152,13.6667,0.29612367828046454
181,2020-09-30,920.03,916.61,931.05,906.32,187700,45.6472,12.2956,0.26936153805709884
182,2020-10-09,928.72,899.22,928.72,892.25,247274,43.8804,11.8197,0.26936171958323074
183,2020-10-12,904.0,939.0,944.27,898.73,405224,43.1196,11.6148,0.26936242451228676
184,2020-10-13,940.96,1006.57,1013.18,929.09,392592,43.2675,14.5831,0.33704512624949445
185,2020-10-14,996.17,965.57,1003.26,963.36,355530,42.0055,14.1578,0.33704633916987065
186,2020-10-15,959.45,944.76,960.3,933.62,220133,42.7627,14.413,0.3370460705240782
187,2020-10-16,947.08,931.91,948.8,926.76,142900,491.5998,14.097,0.028675764310725917
188,2020-10-19,936.19,919.05,950.88,914.4,175284,508.4244,14.5795,0.02867584639918934
189,2020-10-20,922.73,927.62,930.31,908.53,146112,472.8258,13.5587,0.028675888667665766
190,2020-10-21,927.62,904.85,927.74,902.77,174014,468.1217,13.4238,0.028675876380009728
191,2020-10-22,905.59,882.82,908.65,880.13,199460,458.5863,13.1503,0.02867573671520497
192,2020-10-23,879.89,855.65,885.27,854.18,218850,456.8488,13.1005,0.02867578945156472
193,2020-10-26,855.53,873.15,880.86,839.13,141167,450.28,12.9121,0.02867571288975749
194,2020-10-27,873.03,884.66,886.98,868.87,130733,446.8897,12.8149,0.028675756008697446
195,2020-10-28,886.98,871.93,893.35,871.93,141965,449.2629,12.883,0.028675859947482864
196,2020-10-29,862.87,892.13,901.92,856.63,180752,416.0375,11.9302,0.028675780428446953
197,2020-10-30,890.9,878.42,901.92,877.44,145450,416.3766,11.9399,0.028675722891247972
198,2020-11-02,881.35,890.9,907.3,881.11,174612,423.8353,12.1538,0.028675761551715962
199,2020-11-03,892.98,887.6,901.79,882.58,132463,420.445,12.0566,0.028675807775095433
200,2020-11-04,884.78,881.72,897.02,873.77,126262,391.7966,11.2351,0.028675848641871827
201,2020-11-05,883.19,890.78,899.35,881.84,132287,381.9222,10.9519,0.028675735529382688
202,2020-11-06,896.41,875.72,896.41,864.1,177873,347.2136,9.9566,0.028675720075480915
203,2020-11-09,873.77,887.84,895.31,867.03,220000,343.1028,9.8387,0.028675662221351733
204,2020-11-10,888.21,877.8,890.66,872.17,149446,311.9116,8.9443,0.02867575300181205
205,2020-11-11,872.66,873.4,884.54,870.83,123152,346.1541,9.9262,0.028675667860065788
206,2020-11-12,870.95,844.51,872.91,839.62,245041,364.6738,10.4573,0.028675764477733248
207,2020-11-13,844.63,868.62,871.32,839.74,189949,375.0568,10.7551,0.02867592322016292
208,2020-11-16,875.23,902.28,903.75,865.32,307551,384.9311,11.0382,0.028675781198245605
209,2020-11-17,899.1,896.41,911.46,889.68,178191,376.4129,10.7939,0.028675690976584494
210,2020-11-18,898.25,899.47,903.75,883.56,148000,383.5326,10.9981,0.02867578922886868
211,2020-11-19,903.02,931.17,944.39,894.57,311244,380.0575,10.8985,0.02867592403781007
212,2020-11-20,926.4,904.0,928.85,892.13,239609,384.8464,11.0358,0.02867585613377181
213,2020-11-23,900.69,892.13,900.94,880.86,173650,379.7595,12.2783,0.03233177840185696
214,2020-11-24,886.01,897.27,910.49,882.46,118801,377.266,12.1977,0.032331829531418145
215,2020-11-25,897.63,899.22,906.81,892.0,97174,388.6114,12.5645,0.03233178439953126
216,2020-11-26,905.59,928.85,932.52,901.79,275187,394.3049,12.7486,0.032331832548872716
217,2020-11-27,945.74,955.53,977.68,945.74,335723,389.8166,12.6035,0.032331870936230016
218,2020-11-30,971.69,953.33,976.09,953.33,263429,375.479,12.1399,0.03233176822139188
219,2020-12-01,953.33,968.63,973.89,952.1,174167,377.3491,12.2004,0.03233186457845003
