,日期,开盘,收盘,最高,最低,成交量,pe,pb,roe
0,2020-01-03,14.12,14.14,14.32,14.07,273304,27.505,1.9474,0.07080167242319578
1,2020-01-06,13.97,14.1,14.34,13.88,310830,26.8981,1.9044,0.07080053981507987
2,2020-01-07,14.2,14.33,14.42,14.1,317466,26.8198,1.8989,0.07080216854711817
3,2020-01-08,14.13,13.88,14.21,13.83,276973,26.3891,1.8684,0.07080195990011028
4,2020-01-09,14.08,14.05,14.17,13.96,175973,26.2325,1.8573,0.07080148670542266
5,2020-01-10,14.26,13.98,14.27,13.92,181975,26.6436,1.8864,0.0708012430752601
6,2020-01-13,13.9,14.51,14.51,13.77,372472,26.9177,1.9058,0.07080099711342351
7,2020-01-14,14.57,14.28,14.57,14.25,279593,26.5849,1.8822,0.0707995892405087
8,2020-01-15,14.18,14.15,14.35,14.08,145794,26.5653,1.8808,0.07079912517456984
9,2020-01-16,14.16,14.17,14.23,14.11,130505,26.4674,1.8739,0.07080030528121387
10,2020-01-17,14.2,14.16,14.31,14.09,141209,26.35,1.8656,0.07080075901328273
11,2020-01-20,14.12,14.31,14.36,14.07,159399,26.3304,1.8642,0.07080029167806035
12,2020-01-21,14.3,14.05,14.3,14.02,148368,26.1542,1.8517,0.07079933624427434
13,2020-01-22,13.96,14.08,14.22,13.71,198252,26.3304,1.8642,0.07080029167806035
14,2020-01-23,13.87,13.57,14.1,13.47,224664,26.3304,1.8642,0.07080029167806035
15,2020-02-03,12.34,12.34,12.34,12.34,68287,26.6436,1.8864,0.0708012430752601
16,2020-02-04,11.65,12.61,13.0,11.65,406339,28.3076,2.0042,0.07080077435035113
17,2020-02-05,12.37,12.63,13.0,12.37,278761,27.7399,1.964,0.07080054362128198
18,2020-02-06,12.57,12.82,12.93,12.51,261105,27.5441,1.9501,0.07079919111533867
19,2020-02-07,12.73,12.79,12.86,12.66,167230,27.133,1.921,0.07079939556997016
20,2020-02-10,12.76,12.83,12.91,12.68,154301,27.3484,1.9363,0.07080121689020198
21,2020-02-11,12.87,12.8,13.01,12.75,174615,26.5066,1.8767,0.07080123440954329
22,2020-02-12,12.74,12.9,12.97,12.71,184912,26.1346,1.8504,0.07080269068591064
23,2020-02-13,12.89,12.79,12.92,12.7,166045,26.5262,1.9457,0.07335012176640454
24,2020-02-14,12.76,12.9,13.06,12.74,205076,26.3891,1.9356,0.0733484658438522
25,2020-02-17,13.15,13.36,13.43,13.04,306079,26.1346,1.917,0.07335103655690159
26,2020-02-18,13.35,13.28,13.46,13.2,233359,26.0563,1.9112,0.07334886380644988
27,2020-02-19,13.29,13.35,13.57,13.23,265047,26.8394,1.9687,0.07335111813229803
28,2020-02-20,13.43,14.01,14.1,13.35,444041,27.642,2.0275,0.07334852760292308
29,2020-02-21,13.98,13.97,14.35,13.8,443534,27.2896,2.0017,0.07335028728893059
30,2020-02-24,13.98,14.0,14.2,13.86,281337,27.3875,2.0089,0.07335098128708353
31,2020-02-25,13.74,13.97,14.03,13.47,351759,27.3875,2.0089,0.07335098128708353
32,2020-02-26,13.79,13.87,14.1,13.71,326850,27.7595,2.0362,0.07335146526414381
33,2020-02-27,13.94,13.82,14.09,13.77,259721,27.6224,2.0261,0.07334988994439295
34,2020-02-28,13.45,13.04,13.64,12.97,314835,27.8182,2.0405,0.07335125924754297
35,2020-03-02,13.19,13.46,13.76,13.18,341384,28.2293,2.0706,0.07334932144969944
36,2020-03-03,13.72,13.61,13.91,13.54,278261,28.8949,2.1194,0.07334858400617411
37,2020-03-04,13.72,13.87,13.87,13.51,318601,26.7219,1.96,0.07334807779386944
38,2020-03-05,14.12,14.18,14.35,13.81,515249,26.3304,1.9313,0.07334867681463252
39,2020-03-06,13.99,13.9,14.06,13.82,258860,26.7219,1.96,0.07334807779386944
40,2020-03-09,13.67,13.56,13.86,13.46,266543,26.8198,1.9672,0.07334879454731207
41,2020-03-10,13.52,13.84,13.91,13.37,311406,26.3108,1.9299,0.07335010718032138
42,2020-03-11,13.8,13.56,13.81,13.55,189446,25.8997,1.8997,0.07334833994216149
43,2020-03-12,13.42,13.29,13.55,13.21,209495,26.1934,1.9213,0.07335053868531767
44,2020-03-13,12.73,13.03,13.21,12.47,357255,26.7415,1.9615,0.07335041041078474
45,2020-03-16,13.04,12.44,13.11,12.41,259122,26.7611,1.9629,0.07334900284367983
46,2020-03-17,12.57,12.44,12.76,12.22,205012,27.0156,1.9816,0.07335021246983225
47,2020-03-18,12.55,12.22,12.61,12.22,152949,25.8606,1.8969,0.07335096633488782
48,2020-03-19,12.22,12.45,12.6,12.13,246535,26.0367,1.9098,0.07335030937100323
49,2020-03-20,12.55,12.6,12.66,12.42,154189,25.8606,1.8969,0.07335096633488782
50,2020-03-23,12.37,12.28,12.47,12.22,117535,25.8214,1.894,0.07335001200554578
51,2020-03-24,12.49,12.51,12.61,12.3,152797,25.978,1.9055,0.0733505273693125
52,2020-03-25,12.77,12.67,12.81,12.59,129935,25.8801,1.8983,0.0733497938570562
53,2020-03-26,12.61,12.58,12.68,12.55,93914,26.4674,1.9414,0.07335061245154416
54,2020-03-27,12.71,12.58,12.79,12.57,122237,26.7807,1.9644,0.07335133136923232
55,2020-03-30,12.44,12.46,12.54,12.32,88908,26.3891,1.9356,0.0733484658438522
56,2020-03-31,12.55,12.37,12.61,12.35,99617,26.859,1.9701,0.07334971517926951
57,2020-04-01,12.36,12.2,12.48,12.16,130809,27.0743,1.9859,0.07335000350886264
58,2020-04-02,12.15,12.32,12.33,12.12,103674,27.4267,2.0117,0.07334823365552545
59,2020-04-03,12.29,12.19,12.34,12.12,75082,27.3875,2.0089,0.07335098128708353
60,2020-04-07,12.4,12.37,12.42,12.28,189492,27.4267,2.0117,0.07334823365552545
61,2020-04-08,12.32,12.27,12.33,12.23,126871,28.1314,2.0634,0.07334864244225314
62,2020-04-09,12.35,12.36,12.45,12.32,142949,27.5637,2.0218,0.073350094508357
63,2020-04-10,12.4,12.24,12.4,12.21,84505,27.4854,2.016,0.07334803204610447
64,2020-04-13,12.22,12.12,12.26,12.08,78007,28.2685,2.0735,0.07335019544722926
65,2020-04-14,12.16,12.28,12.38,12.12,143582,28.7187,1.9988,0.06959925066246035
66,2020-04-15,12.28,12.17,12.35,12.17,119491,29.3648,2.0438,0.06960033781943006
67,2020-04-16,12.16,12.2,12.31,12.1,124635,29.0711,2.0233,0.06959832961257055
68,2020-04-17,12.25,12.18,12.31,12.15,120551,30.3827,2.1146,0.06959881774825805
69,2020-04-20,12.2,12.18,12.25,12.13,107961,29.678,2.0656,0.06960037738392075
70,2020-04-21,12.12,11.99,12.17,11.93,120072,29.5605,2.0574,0.06959963464758714
71,2020-04-22,11.92,11.92,11.97,11.85,105618,27.0352,1.8816,0.06959815351837605
72,2020-04-23,12.01,12.05,12.11,11.95,126506,22.712,1.9997,0.08804596688974992
73,2020-04-24,11.99,11.92,12.02,11.83,96701,22.6285,1.9924,0.08804825772808626
74,2020-04-27,11.9,11.87,11.99,11.83,88046,23.046,2.0291,0.08804564783476526
75,2020-04-28,12.01,11.95,12.08,11.77,129300,23.9144,2.1056,0.08804736894925233
76,2020-04-29,11.98,12.01,12.02,11.86,73584,23.8142,2.0968,0.08804830731244384
77,2020-04-30,12.01,12.16,12.21,12.01,130355,23.3466,2.0556,0.08804708180206113
78,2020-05-06,11.95,12.17,12.18,11.94,129845,22.9124,2.0174,0.08804839300989856
79,2020-05-07,12.14,12.14,12.26,12.1,110455,23.1796,2.0409,0.08804724844259608
80,2020-05-08,12.25,12.31,12.44,12.15,199805,22.712,1.9997,0.08804596688974992
81,2020-05-11,12.33,12.37,12.45,12.28,125486,22.044,1.9409,0.08804663400471784
82,2020-05-12,12.42,12.26,12.42,12.19,98348,21.9772,1.935,0.08804579291265494
83,2020-05-13,12.23,12.28,12.3,12.17,69032,22.1609,1.9512,0.08804696560157754
84,2020-05-14,12.24,12.18,12.27,12.13,66415,21.4929,1.8924,0.08804768086205213
85,2020-05-15,12.33,12.24,12.39,12.24,103232,21.3927,1.8836,0.08804872690216756
86,2020-05-18,12.2,12.26,12.33,12.13,87728,21.543,1.8968,0.08804716149097155
87,2020-05-19,12.37,12.29,12.37,12.26,64981,22.7955,2.0071,0.08804807966484612
88,2020-05-20,12.28,12.26,12.35,12.25,58062,22.9792,2.0233,0.08804919231304832
89,2020-05-21,12.29,12.22,12.31,12.15,60970,22.8289,2.01,0.08804629219979937
90,2020-05-22,12.16,11.97,12.22,11.91,112118,23.1629,2.0394,0.0880459700641975
91,2020-05-25,12.0,12.0,12.07,11.93,58629,22.2611,1.96,0.08804596358670506
92,2020-05-26,12.01,12.04,12.07,11.99,62289,22.4949,1.9806,0.08804662390141764
93,2020-05-27,12.0,12.0,12.03,11.92,55881,23.6806,2.085,0.08804675557207166
94,2020-05-28,12.0,12.13,12.2,11.97,107356,24.6325,2.1688,0.0880462803207145
95,2020-05-29,11.98,12.15,12.15,11.98,86104,25.3673,2.2335,0.08804642196843968
96,2020-06-01,12.31,12.45,12.55,12.31,259048,24.1315,2.1247,0.08804674388247725
97,2020-06-02,12.44,12.42,12.51,12.34,108891,24.7327,2.1776,0.08804538121596105
98,2020-06-03,12.44,12.28,12.48,12.25,110214,24.215,2.1321,0.08804873012595499
99,2020-06-04,12.29,12.22,12.33,12.22,72364,23.0961,2.0335,0.08804516779889246
100,2020-06-05,12.32,12.31,12.34,12.2,81182,23.6138,2.0791,0.08804597311741438
101,2020-06-08,12.33,12.3,12.36,12.25,71049,21.4595,1.8894,0.08804492182949276
102,2020-06-09,12.31,12.33,12.41,12.27,97060,20.1235,1.7718,0.08804631401098219
103,2020-06-10,12.33,12.22,12.34,12.17,71756,19.0714,1.6792,0.08804807198213031
104,2020-06-11,12.27,12.2,12.38,12.18,113863,18.871,1.6615,0.08804514864077156
105,2020-06-12,12.12,12.11,12.12,11.97,142214,18.5203,1.6307,0.08804932965448725
106,2020-06-15,12.11,12.03,12.27,12.03,136244,18.9545,1.6689,0.08804769315993564
107,2020-06-16,12.12,12.14,12.15,12.06,81988,18.9378,1.6674,0.08804612996229763
108,2020-06-17,12.12,12.16,12.18,12.07,80695,18.8209,1.6571,0.08804573638880181
109,2020-06-18,12.16,12.23,12.32,12.11,101095,18.7374,1.6498,0.08804850192662803
110,2020-06-19,12.32,12.69,12.77,12.27,470860,17.9692,1.5821,0.08804509939229348
111,2020-06-22,12.54,12.74,13.25,12.49,519636,17.8523,1.5718,0.08804467771659674
112,2020-06-23,12.72,12.81,12.86,12.58,265540,17.8189,1.5689,0.0880469613724753
113,2020-06-24,12.83,12.82,13.06,12.79,224706,17.6352,1.5527,0.08804549990927235
114,2020-06-29,12.72,12.56,12.73,12.48,232882,17.7688,1.5645,0.0880475890324614
115,2020-06-30,12.6,12.77,12.94,12.54,198562,17.9191,1.5777,0.08804571658174797
116,2020-07-01,12.83,12.89,12.92,12.69,208133,17.9525,1.5807,0.0880490182425846
117,2020-07-02,12.94,13.52,13.7,12.9,568267,18.1362,1.5968,0.08804490466580651
118,2020-07-03,13.86,14.32,14.45,13.52,815580,18.0861,1.5924,0.08804551561696553
119,2020-07-06,14.6,15.61,15.61,14.6,1112517,18.1028,1.5939,0.0880471529266191
120,2020-07-07,15.98,15.3,16.07,15.07,918606,17.9525,1.5807,0.0880490182425846
121,2020-07-08,15.22,15.97,16.32,15.17,945747,18.0527,1.5895,0.08804777124751421
122,2020-07-09,16.07,16.28,16.59,15.67,877583,18.2865,1.6101,0.08804856041341974
123,2020-07-10,15.97,15.92,16.4,15.79,581229,18.3366,1.6145,0.08804794782020658
124,2020-07-13,15.98,16.66,17.06,15.8,826816,17.8356,1.5704,0.08804862185740878
125,2020-07-14,16.45,16.22,16.52,15.87,669287,17.8022,1.5674,0.08804529777218546
126,2020-07-15,16.29,15.65,16.39,15.57,477515,17.5851,1.5483,0.08804612996229763
127,2020-07-16,15.64,14.94,15.94,14.91,555709,17.6519,1.5542,0.08804717905721196
128,2020-07-17,15.18,14.8,15.25,14.52,421288,17.5851,1.5483,0.08804612996229763
129,2020-07-20,15.12,15.34,15.55,14.92,452101,17.535,1.5439,0.0880467636156259
130,2020-07-21,15.35,15.14,15.43,14.97,281580,17.9525,1.5807,0.0880490182425846
131,2020-07-22,15.17,15.23,15.71,15.07,384376,18.0193,1.5865,0.08804448563484707
132,2020-07-23,15.02,15.12,15.3,14.73,342020,18.0694,1.591,0.08804940949893189
133,2020-07-24,15.05,14.37,15.16,14.28,390859,18.0193,1.5865,0.08804448563484707
134,2020-07-27,14.41,14.28,14.53,14.09,245111,17.9859,1.5836,0.0880467477301664
135,2020-07-28,14.43,14.34,14.55,14.28,174337,17.8857,1.5748,0.08804799364855723
136,2020-07-29,14.29,14.74,14.81,14.28,275146,18.0527,1.5895,0.08804777124751421
137,2020-07-30,14.85,14.63,14.85,14.49,207049,18.0193,1.5865,0.08804448563484707
138,2020-07-31,14.57,14.67,15.02,14.54,269948,18.203,1.6027,0.08804592649563259
139,2020-08-03,14.93,15.07,15.13,14.76,353074,18.1028,1.5939,0.0880471529266191
140,2020-08-04,15.18,15.35,15.66,15.05,428135,17.8189,1.5689,0.0880469613724753
141,2020-08-05,15.23,15.19,15.3,14.96,263139,17.869,1.5733,0.0880463372320779
142,2020-08-06,15.19,15.45,15.58,14.86,343816,17.8523,1.5718,0.08804467771659674
143,2020-08-07,15.35,15.73,16.03,15.26,765781,17.6018,1.5498,0.08804781329182243
144,2020-08-10,15.43,15.79,16.07,15.23,574370,17.8356,1.6711,0.09369463320549912
145,2020-08-11,15.79,15.27,16.06,15.18,408738,17.702,1.6974,0.09588747034233419
146,2020-08-12,15.08,15.02,15.22,14.75,333480,17.7855,1.7054,0.09588709904135392
147,2020-08-13,15.19,15.07,15.27,14.98,255462,18.0026,1.7262,0.09588614977836533
148,2020-08-14,14.79,15.28,15.3,14.79,261808,17.7855,1.7054,0.09588709904135392
149,2020-08-17,15.47,16.57,16.66,15.45,964668,17.9024,1.7166,0.09588658503887747
150,2020-08-18,16.47,16.63,16.9,16.35,942383,18.2197,1.747,0.09588522313759283
151,2020-08-19,16.57,16.99,17.61,16.44,932903,18.2197,1.747,0.09588522313759283
152,2020-08-20,16.88,16.32,17.24,16.17,640695,18.2531,1.7502,0.09588508253392575
153,2020-08-21,16.55,16.47,16.75,16.18,457694,18.203,1.7454,0.09588529363291766
154,2020-08-24,16.54,16.14,16.55,16.08,331075,18.3867,1.763,0.09588452522747419
155,2020-08-25,16.23,15.91,16.34,15.77,359117,18.1195,1.7374,0.09588564805872128
156,2020-08-26,15.95,15.51,16.11,15.37,415045,18.3199,1.7566,0.09588480286464446
157,2020-08-27,15.51,15.55,15.65,15.38,216386,18.5203,1.7758,0.0958839759615125
158,2020-08-28,15.55,15.84,15.95,15.43,326021,18.37,1.7614,0.0958845944474687
159,2020-08-31,15.89,15.48,16.12,15.48,509654,18.537,1.7774,0.09588390785995578
160,2020-09-01,15.42,15.46,15.56,15.28,253194,18.2364,1.7486,0.09588515277138031
161,2020-09-02,15.47,15.48,15.57,15.29,238916,18.4535,1.7694,0.09588424960034683
162,2020-09-03,15.48,15.3,15.63,15.29,210011,18.2531,1.7502,0.09588508253392575
163,2020-09-04,15.02,15.19,15.28,14.96,176443,18.537,1.7774,0.09588390785995578
164,2020-09-07,15.21,14.95,15.4,14.93,220305,18.6873,1.7918,0.09588330042328212
165,2020-09-08,14.95,15.15,15.24,14.89,223021,18.8877,1.811,0.0958825055459373
166,2020-09-09,15.03,14.99,15.21,14.83,201825,18.8877,1.811,0.0958825055459373
167,2020-09-10,15.21,14.69,15.21,14.69,199605,19.038,1.8255,0.09588717302237629
168,2020-09-11,14.66,14.74,14.8,14.59,125921,18.7708,1.7998,0.09588296716176188
169,2020-09-14,14.79,14.66,14.86,14.54,139515,18.3867,1.763,0.09588452522747419
170,2020-09-15,14.63,14.68,14.75,14.62,93636,18.9211,1.8142,0.09588237470337349
171,2020-09-16,14.7,14.77,14.9,14.68,130153,26.7793,1.63,0.06086790916864892
172,2020-09-17,14.79,14.68,14.84,14.58,111850,26.2283,1.5965,0.06086936629518497
173,2020-09-18,14.67,15.19,15.34,14.66,315430,26.7553,1.6285,0.06086644515292298
174,2020-09-21,15.55,15.14,15.65,15.12,342438,26.7553,1.6285,0.06086644515292298
175,2020-09-22,15.02,15.13,15.61,14.98,388631,28.1685,1.7146,0.06086941086674831
176,2020-09-23,15.14,14.85,15.21,14.77,296717,28.7913,1.7525,0.06086908197962579
177,2020-09-24,14.76,14.7,14.91,14.69,204228,29.438,1.7918,0.06086690671920647
178,2020-09-25,14.8,14.91,15.01,14.67,215190,30.1087,1.8327,0.060869449693942285
179,2020-09-28,14.97,15.17,15.4,14.92,244966,29.438,1.7918,0.06086690671920647
180,2020-09-29,15.07,15.12,15.29,15.07,165523,30.2524,1.8414,0.06086789808411894
181,2020-09-30,15.12,14.92,15.18,14.82,142937,30.9231,1.8822,0.06086711875588153
182,2020-10-09,15.2,15.12,15.22,15.05,139940,30.1806,1.837,0.0608669145079952
183,2020-10-12,15.47,16.23,16.47,15.35,634892,29.5578,1.7991,0.06086718226660982
184,2020-10-13,15.82,15.89,15.94,15.65,348437,29.1985,1.7773,0.06086956521739131
185,2020-10-14,15.88,15.68,15.88,15.63,222692,28.1925,1.716,0.060867251928704444
186,2020-10-15,15.7,15.58,15.91,15.47,186900,30.0608,1.8297,0.06086664360229934
187,2020-10-16,15.58,15.65,15.78,15.54,187910,30.1806,1.837,0.0608669145079952
188,2020-10-19,15.79,15.46,15.91,15.44,206316,30.4201,1.8516,0.06086765000772515
189,2020-10-20,15.46,15.46,15.47,15.25,134453,30.4919,1.856,0.06086862412640734
190,2020-10-21,15.46,15.41,15.51,15.29,113516,30.4201,1.8516,0.06086765000772515
191,2020-10-22,15.38,15.59,15.64,15.31,154885,30.5159,1.8574,0.0608666301829538
192,2020-10-23,15.62,15.18,15.62,15.18,157212,28.935,1.985,0.06860203905304994
193,2020-10-26,15.09,14.78,15.1,14.72,183287,28.7673,1.9735,0.0686021976341193
194,2020-10-27,14.76,14.82,14.92,14.72,86833,28.959,1.9866,0.06860043509789703
195,2020-10-28,14.82,14.95,15.04,14.77,108069,27.8571,1.911,0.0686001055386239
196,2020-10-29,14.79,15.02,15.11,14.76,124199,27.5936,1.8929,0.06859924040357185
197,2020-10-30,15.03,14.82,15.21,14.8,164636,27.8571,1.911,0.0686001055386239
198,2020-11-02,14.82,15.01,15.06,14.68,193263,27.6176,1.8946,0.06860118185504896
199,2020-11-03,14.92,15.44,15.62,14.92,344556,27.6895,1.8995,0.06860001083443183
200,2020-11-04,15.42,15.33,15.47,15.19,155504,27.5936,1.8929,0.06859924040357185
201,2020-11-05,15.48,15.54,15.62,15.32,230197,27.6655,1.8979,0.06860168802298891
202,2020-11-06,15.58,15.64,15.96,15.52,403908,27.2104,1.8666,0.06859877105812484
203,2020-11-09,15.73,15.93,16.14,15.64,422256,27.1625,1.8634,0.06860193281178094
204,2020-11-10,15.48,15.08,15.63,15.05,485323,26.5158,1.819,0.06860060793941726
205,2020-11-11,15.01,14.92,15.14,14.87,171289,29.462,2.0211,0.06860023080578373
206,2020-11-12,14.9,14.92,15.02,14.87,109379,30.6836,2.1049,0.0686001642571276
207,2020-11-13,14.85,14.83,14.89,14.76,144026,30.6117,2.1,0.06860122110173561
208,2020-11-16,14.97,14.92,15.0,14.81,105622,31.2345,2.1427,0.06860042581120236
209,2020-11-17,14.95,14.93,14.97,14.83,110705,30.8752,2.1181,0.06860198476447117
210,2020-11-18,14.93,14.99,15.13,14.93,150618,30.8991,2.1197,0.06860070358036317
211,2020-11-19,14.91,15.04,15.06,14.82,139991,30.8512,2.1164,0.06860024893683228
212,2020-11-20,15.0,15.05,15.11,14.96,108621,31.1626,2.1378,0.06860146457612651
213,2020-11-23,14.93,15.22,15.42,14.93,265992,31.7135,2.1756,0.06860169959165656
214,2020-11-24,15.14,15.08,15.26,15.04,133979,30.444,2.0885,0.06860136644330574
215,2020-11-25,15.13,14.87,15.23,14.87,130795,30.6117,2.1,0.06860122110173561
216,2020-11-26,14.85,14.95,15.01,14.82,98790,30.2045,2.072,0.06859904981045871
217,2020-11-27,14.94,15.17,15.17,14.91,156697,31.2824,2.146,0.06860087461320104
218,2020-11-30,15.23,15.21,15.53,15.17,401135,30.7315,2.1082,0.06860062151212926
219,2020-12-01,15.14,15.52,15.63,15.02,340761,30.8273,2.1148,0.06860153175918747
