,日期,开盘,收盘,最高,最低,成交量,pe,pb,roe
0,2020-01-03,175.45,185.79,185.79,172.97,97068,99.5081,8.5821,0.08624524033721878
1,2020-01-06,190.0,194.8,202.79,190.0,156521,99.632,8.5927,0.08624437931588246
2,2020-01-07,198.06,195.82,199.08,192.96,83646,99.7145,8.5999,0.08624523013202694
3,2020-01-08,196.26,190.99,200.3,190.99,109894,100.53,8.6702,0.08624490201929771
4,2020-01-09,194.66,192.25,195.2,189.25,97940,102.481,8.8385,0.08624525521804043
5,2020-01-10,190.65,194.08,196.05,188.85,97549,106.3209,9.1696,0.08624456715471748
6,2020-01-13,198.09,196.73,203.02,191.97,134350,104.3596,9.0005,0.08624506034902396
7,2020-01-14,193.1,191.06,198.09,189.93,176203,106.7338,9.2052,0.08624446988676501
8,2020-01-15,189.59,190.14,192.48,187.89,92008,105.4848,9.0975,0.08624465325809974
9,2020-01-16,190.78,191.84,195.58,188.47,78343,103.6061,8.9355,0.0862449218723608
10,2020-01-17,191.84,191.29,194.46,188.4,68181,105.2887,9.0806,0.08624477270590292
11,2020-01-20,190.38,197.14,200.41,188.3,118591,109.7789,9.4679,0.0862451709754789
12,2020-01-21,197.14,200.37,203.19,193.03,97748,110.5531,9.5346,0.0862445286473197
13,2020-01-22,199.96,212.65,215.06,197.07,169209,109.4176,9.4367,0.08624480887901033
14,2020-01-23,208.29,203.53,216.11,192.69,135488,107.3531,9.2587,0.08624529706175228
15,2020-02-03,188.06,191.63,206.08,187.89,159657,108.3854,9.3477,0.08624501085939619
16,2020-02-04,202.24,210.54,210.54,200.47,132517,106.4241,9.1785,0.0862445630266077
17,2020-02-05,216.79,222.54,231.35,215.98,191439,108.0344,9.3174,0.08624475167168975
18,2020-02-06,210.2,233.39,233.52,210.2,150174,108.3854,9.3477,0.08624501085939619
19,2020-02-07,231.82,220.06,232.09,218.29,192926,100.53,8.6702,0.08624490201929771
20,2020-02-10,217.34,226.96,230.19,217.0,133493,101.6758,8.769,0.0862447111308689
21,2020-02-11,226.93,226.72,231.75,218.49,116829,105.7016,9.1162,0.08624467368516654
22,2020-02-12,220.19,229.75,237.98,219.34,152098,103.0177,8.8848,0.08624537336787756
23,2020-02-13,229.2,221.89,231.38,221.89,159131,101.6655,8.7681,0.08624459624946516
24,2020-02-14,222.2,214.01,225.26,211.01,203786,101.1597,8.7245,0.08624481883595939
25,2020-02-17,214.18,219.79,221.59,214.18,101188,101.6139,8.8049,0.08665054682479464
26,2020-02-18,221.89,223.9,225.8,218.36,91806,99.6113,8.6314,0.08665081170509771
27,2020-02-19,230.73,213.84,230.73,213.77,145034,97.5468,8.4525,0.0866507153489402
28,2020-02-20,212.99,216.69,221.49,212.99,106112,99.9829,8.6636,0.08665081728975656
29,2020-02-21,214.41,222.98,225.12,214.11,141723,99.0539,8.5831,0.08665080324954394
30,2020-02-24,220.64,218.43,223.19,211.93,186189,101.5623,8.8004,0.08665026294205626
31,2020-02-25,212.2,230.9,232.09,212.2,187761,100.2203,8.6842,0.08665110760993533
32,2020-02-26,229.68,211.35,230.9,211.05,198546,101.2629,8.7745,0.08665068845549555
33,2020-02-27,212.03,211.69,216.66,206.32,121181,103.0177,8.9266,0.08665112888367728
34,2020-02-28,197.41,200.95,209.65,194.9,203057,103.9467,9.0071,0.08665113947821335
35,2020-03-02,203.81,199.73,206.12,194.39,134413,103.3584,8.9561,0.08665091564884904
36,2020-03-03,205.95,206.25,212.65,204.86,126743,103.2242,8.9445,0.08665119225917953
37,2020-03-04,202.34,198.5,206.08,195.03,144686,101.602,8.8939,0.08753666266412079
38,2020-03-05,201.29,202.0,203.23,198.94,91653,94.255,8.2508,0.08753700068961859
39,2020-03-06,202.0,200.47,204.72,198.09,63648,94.1931,8.2454,0.08753719752296081
40,2020-03-09,192.08,188.06,199.35,186.19,121938,89.2676,7.8142,0.08753679946587563
41,2020-03-10,186.19,195.71,197.07,186.16,98054,81.5004,7.1783,0.08807686833438855
42,2020-03-11,199.08,190.95,200.13,190.34,92251,81.8037,7.205,0.08807670068713273
43,2020-03-12,186.23,186.06,190.89,183.92,96332,84.8173,7.4705,0.08807755021676003
44,2020-03-13,174.74,185.51,189.59,173.92,104390,83.5853,7.3619,0.0880764919190336
45,2020-03-16,185.45,170.21,185.45,168.51,117363,85.4333,7.5247,0.08807689741587882
46,2020-03-17,173.14,170.15,175.38,164.2,119831,84.8363,7.4721,0.0880766841552496
47,2020-03-18,172.59,169.16,177.69,166.81,111121,84.8268,7.4713,0.08807711713750843
48,2020-03-19,169.91,166.85,172.93,163.41,94012,84.5804,7.4496,0.0880771431679207
49,2020-03-20,172.53,164.91,174.23,161.99,109885,82.4007,7.2576,0.08807692167663624
50,2020-03-23,156.51,149.54,159.84,148.69,144389,80.9508,7.1299,0.08807695538524635
51,2020-03-24,152.19,149.2,153.93,143.86,150170,75.9091,6.6858,0.0880763966375573
52,2020-03-25,153.38,158.52,161.95,153.28,132889,73.3219,6.458,0.08807736842607734
53,2020-03-26,159.84,155.59,160.08,153.62,85993,73.9285,6.5114,0.08807699331110465
54,2020-03-27,160.69,153.69,162.73,152.91,103813,77.6149,6.8361,0.0880771604421316
55,2020-03-30,149.03,148.45,152.13,144.71,99189,78.6574,6.9279,0.08807690058405186
56,2020-03-31,151.31,147.09,152.81,145.43,87999,81.4246,7.1716,0.08807657636635612
57,2020-04-01,150.6,155.97,160.8,150.15,162042,82.6376,15.0502,0.1821229077320735
58,2020-04-02,156.1,166.17,166.44,156.1,150495,81.9266,14.9212,0.18212888121806595
59,2020-04-03,168.58,167.36,169.43,164.81,121044,79.0362,14.3948,0.18212920155574283
60,2020-04-07,172.25,173.41,176.33,169.19,138557,74.1178,13.499,0.1821289892576412
61,2020-04-08,172.8,169.19,176.71,167.83,111540,76.2879,13.8942,0.18212848957698405
62,2020-04-09,171.54,169.19,171.68,164.43,89774,75.2171,13.6992,0.1821287978398529
63,2020-04-10,169.33,165.83,171.78,164.43,58060,75.1981,13.6958,0.18212960167876582
64,2020-04-13,162.09,157.8,162.36,154.91,94673,74.1083,13.4973,0.18212939711206436
65,2020-04-14,161.99,169.3,170.49,161.0,119733,72.7247,13.2779,0.18257758368202276
66,2020-04-15,171.81,170.89,175.28,168.51,111538,70.6019,12.8904,0.18257865581521177
67,2020-04-16,168.85,175.04,175.89,168.0,73311,70.0143,12.7831,0.1825784161235633
68,2020-04-17,177.52,177.46,181.6,175.82,109013,71.8149,13.1118,0.18257771019663052
69,2020-04-20,177.69,178.78,180.11,174.97,60904,75.4161,13.7693,0.18257772544589285
70,2020-04-21,176.33,175.96,177.66,172.02,69526,75.8899,13.8558,0.18257765526110853
71,2020-04-22,173.27,178.14,179.33,171.88,52487,76.0889,13.8922,0.18257853642252683
72,2020-04-23,178.03,175.99,181.37,174.36,57620,73.9661,13.5046,0.1825782351644875
73,2020-04-24,178.71,176.1,181.5,173.72,65859,73.7387,13.4631,0.182578483211665
74,2020-04-27,174.63,176.1,180.14,172.87,47158,77.7,14.1863,0.18257786357786357
75,2020-04-28,175.52,175.99,181.06,172.76,64565,78.8277,14.3922,0.18257795165912494
76,2020-04-29,174.33,174.57,178.82,172.9,42708,78.8467,14.3957,0.18257834506707318
77,2020-04-30,178.71,188.95,191.6,178.71,105494,78.6571,14.3611,0.18257855934175046
78,2020-05-06,187.55,191.43,192.93,184.7,94970,77.4725,14.1448,0.18257833424763625
79,2020-05-07,191.91,187.93,193.61,187.89,72515,77.5199,14.1534,0.18257763490406978
80,2020-05-08,189.8,191.63,193.5,187.89,85041,75.6814,13.8178,0.182578546379956
81,2020-05-11,190.92,190.27,193.67,188.61,72659,75.6814,13.8178,0.182578546379956
82,2020-05-12,190.72,192.93,193.95,188.68,53351,70.1186,12.8021,0.18257780389226252
83,2020-05-13,190.27,190.41,194.08,189.63,46769,67.4272,12.3107,0.18257765412177876
84,2020-05-14,190.44,185.51,190.44,185.04,58243,65.9393,12.0391,0.18257852297491783
85,2020-05-15,188.27,183.78,190.99,180.79,78188,63.3048,11.5581,0.1825785722409675
86,2020-05-18,184.15,182.01,186.77,181.26,47573,65.9298,12.0374,0.18257904619762233
87,2020-05-19,185.85,185.85,192.93,183.47,85371,73.2554,13.3748,0.18257766662935432
88,2020-05-20,196.36,196.29,204.18,194.12,188704,72.573,13.2503,0.18257892053518526
89,2020-05-21,199.06,199.88,203.58,195.29,118339,72.2035,13.1828,0.18257840686393317
90,2020-05-22,199.71,193.32,199.71,192.6,80479,70.0333,12.7866,0.18257885891425937
91,2020-05-25,194.37,193.42,197.46,190.02,48267,71.0852,12.9786,0.18257808939132197
92,2020-05-26,196.85,202.56,203.99,195.32,67365,68.4507,12.4976,0.182578118266139
93,2020-05-27,209.06,206.07,211.61,204.67,80728,74.0135,13.5133,0.18257885385774217
94,2020-05-28,207.49,203.89,207.49,199.1,71481,72.8005,13.2918,0.1825784163570305
95,2020-05-29,208.14,204.64,208.14,201.88,46068,72.4972,13.2364,0.18257808577434712
96,2020-06-01,207.02,207.36,211.54,204.03,73622,70.2228,12.8212,0.18257887751556473
97,2020-06-02,210.35,206.13,214.43,205.69,89802,71.9097,13.1291,0.18257759384338967
98,2020-06-03,206.95,210.86,212.39,203.55,61758,72.0234,13.1499,0.1825781620973184
99,2020-06-04,211.1,220.11,225.21,211.1,103889,72.5825,13.252,0.18257844521751113
100,2020-06-05,220.11,220.82,222.11,217.01,39683,66.8112,12.1983,0.18257866944464402
101,2020-06-08,222.28,218.75,225.28,217.9,38893,65.3423,11.9301,0.1825785134591222
102,2020-06-09,221.98,223.41,227.15,221.33,42876,64.6789,11.809,0.18257886265845585
103,2020-06-10,225.72,222.18,225.72,220.75,44758,64.044,11.693,0.18257760289800762
104,2020-06-11,225.99,217.22,228.06,215.21,106679,62.3571,11.385,0.18257744507040896
105,2020-06-12,209.16,213.48,214.12,207.53,114338,62.4234,11.3972,0.18257896878414184
106,2020-06-15,210.11,204.88,211.78,203.99,118667,62.9826,11.4992,0.18257741026886792
107,2020-06-16,209.74,209.91,211.78,209.16,50273,62.5087,11.4127,0.182577785172304
108,2020-06-17,209.94,205.15,211.61,204.37,47768,60.5186,11.0494,0.18257857914756787
109,2020-06-18,205.28,208.79,212.12,202.5,67501,60.2248,10.9957,0.18257760922410698
110,2020-06-19,209.94,219.09,219.46,209.09,90885,57.3534,10.4715,0.18257853937168503
111,2020-06-22,218.99,220.14,224.36,218.99,55776,56.3394,10.2863,0.18257737924081552
112,2020-06-23,220.62,227.28,227.28,218.17,76198,57.6661,10.5286,0.18257867273840264
113,2020-06-24,229.12,228.98,229.12,225.04,49900,56.2635,10.2725,0.18257840340540493
114,2020-06-29,224.49,226.98,228.37,223.54,33752,58.6612,10.7103,0.18257894485622525
115,2020-06-30,227.45,226.74,230.38,225.75,49880,59.7036,10.9006,0.1825786049752444
116,2020-07-01,232.35,232.79,237.11,227.89,59865,61.0872,11.1532,0.18257834701868803
117,2020-07-02,232.52,235.07,236.26,229.22,54424,61.4284,11.2155,0.18257841649790651
118,2020-07-03,236.02,237.45,238.23,233.16,54776,60.1301,10.9784,0.18257744457434796
119,2020-07-06,237.28,242.72,243.7,235.92,81708,60.7081,11.084,0.18257860153752134
120,2020-07-07,245.78,263.42,266.69,245.74,137508,60.5091,11.0476,0.18257749660794823
121,2020-07-08,264.38,261.42,266.62,254.55,64144,57.9315,10.577,0.18257769952443834
122,2020-07-09,258.32,261.01,264.51,257.61,68873,56.6142,10.3365,0.18257786915650137
123,2020-07-10,259.72,254.96,263.59,254.45,63748,56.9553,10.3988,0.1825782675185628
124,2020-07-13,259.79,263.12,269.78,257.41,79909,56.1972,10.2604,0.18257849145509028
125,2020-07-14,260.4,264.21,270.26,257.71,80639,55.9887,10.2223,0.18257791304316764
126,2020-07-15,264.61,268.56,275.94,259.68,86458,56.5952,10.3331,0.1825790879791926
127,2020-07-16,273.32,248.6,288.96,244.42,114945,55.6191,10.1548,0.18257756777797554
128,2020-07-17,252.68,258.05,264.75,248.67,97479,53.0699,9.6894,0.18257807156222264
129,2020-07-20,271.69,254.28,272.94,248.87,105172,53.0414,9.6842,0.18257813707782977
130,2020-07-21,259.28,262.06,266.48,254.89,72739,54.8705,10.0182,0.18257898141988865
131,2020-07-22,261.55,263.39,271.62,257.92,55760,53.9891,10.0225,0.18563932349307546
132,2020-07-23,259.72,265.84,266.11,255.71,74933,51.0798,9.4824,0.18563894142107057
133,2020-07-24,263.12,239.56,264.38,239.56,151772,50.0089,9.2836,0.1856389562657847
134,2020-07-27,235.95,230.14,236.6,226.13,132983,50.5017,9.3751,0.1856392953108509
135,2020-07-28,234.73,239.59,247.38,234.73,94695,50.985,9.4648,0.18563891340590372
136,2020-07-29,240.61,244.93,245.64,236.87,51499,52.3496,9.7181,0.18563847670278283
137,2020-07-30,245.78,254.58,256.86,242.14,89219,53.0509,9.8483,0.1856386979297241
138,2020-07-31,256.32,274.54,276.62,254.62,127876,52.3117,9.7111,0.1856391591173676
139,2020-08-03,278.38,274.54,281.27,269.07,82394,52.6908,9.7815,0.18563961830148715
140,2020-08-04,274.51,281.14,288.62,270.94,90776,51.6578,9.5897,0.18563895481418102
141,2020-08-05,281.82,280.97,290.22,279.03,76504,52.6339,9.7709,0.1856389133239224
142,2020-08-06,285.35,285.22,288.55,278.76,57264,51.9421,9.6425,0.18563939463364013
143,2020-08-07,282.36,285.9,291.61,278.93,57975,47.9335,8.8983,0.18563843658401744
144,2020-08-10,291.34,285.83,292.05,282.53,52604,48.3315,8.9722,0.1856387656083507
145,2020-08-11,286.07,281.78,299.5,278.76,90642,48.3599,8.9775,0.18563934168598362
146,2020-08-12,290.39,267.57,290.56,261.42,144735,48.3599,9.0305,0.18673529101590366
147,2020-08-13,272.57,268.39,278.59,261.42,78556,48.3315,9.0251,0.18673328988340937
148,2020-08-14,269.51,276.0,278.38,268.49,49683,48.9285,9.1366,0.18673370326088068
149,2020-08-17,276.79,275.29,280.05,273.15,74529,48.322,9.0234,0.18673482057861843
150,2020-08-18,279.03,273.59,281.82,271.69,51370,49.1086,9.1703,0.18673511360535627
151,2020-08-19,273.73,260.67,275.02,259.72,95334,48.739,9.1012,0.18673341677096372
152,2020-08-20,261.42,254.21,263.05,253.53,56542,48.0661,8.9756,0.1867345176746189
153,2020-08-21,258.09,256.32,261.08,253.7,45634,46.91,8.7597,0.18673417181837565
154,2020-08-24,261.76,263.93,266.52,254.28,63267,46.4646,8.6765,0.18673355629877372
155,2020-08-25,264.55,268.9,270.53,255.71,127411,43.2614,8.0784,0.1867345948120033
156,2020-08-26,271.62,272.81,274.98,265.4,76155,45.4979,8.496,0.18673389321265377
157,2020-08-27,274.98,272.88,285.08,270.56,49765,46.4361,8.6712,0.18673402805145134
158,2020-08-28,276.14,276.72,279.98,273.32,51214,46.4361,8.6712,0.18673402805145134
159,2020-08-31,276.34,268.93,276.38,268.93,64242,47.6113,8.8907,0.1867350817978085
160,2020-09-01,270.46,286.58,289.26,268.93,85368,45.9244,8.5757,0.1867351560390555
161,2020-09-02,286.78,296.95,298.14,286.24,73166,45.5927,8.5137,0.18673384116316866
162,2020-09-03,302.22,299.5,303.88,292.02,93395,42.7497,7.9828,0.186733474153035
163,2020-09-04,293.72,295.15,297.12,288.65,67826,40.2762,7.521,0.18673559074589954
164,2020-09-07,292.02,285.22,301.91,285.22,81255,40.6553,7.5917,0.18673334104040556
165,2020-09-08,286.27,281.48,290.32,280.15,57150,42.1147,7.8643,0.18673527295694853
166,2020-09-09,276.89,268.25,280.29,268.25,63555,42.6454,7.9634,0.18673526335782992
167,2020-09-10,271.62,266.08,276.24,263.66,45104,43.4604,8.1156,0.18673551094789742
168,2020-09-11,267.54,275.36,278.42,263.76,62121,40.8638,7.6307,0.1867349585696876
169,2020-09-14,279.74,293.45,294.98,277.13,103689,40.9586,7.6484,0.18673489816546465
170,2020-09-15,291.13,298.65,300.52,290.32,55516,45.2421,8.4482,0.18673315341241897
171,2020-09-16,295.15,306.47,310.31,294.64,78426,45.7822,8.5491,0.18673414558496532
172,2020-09-17,302.18,307.35,312.01,300.52,54842,46.4267,8.6694,0.18673306524047584
173,2020-09-18,309.6,308.95,311.06,303.71,38264,46.7015,8.7208,0.1867349014485616
174,2020-09-21,310.21,309.53,324.32,306.74,82681,76.5852,8.7243,0.11391626580592594
175,2020-09-22,309.8,302.9,312.01,302.86,51967,83.5757,9.5206,0.11391588703414988
176,2020-09-23,307.32,307.32,308.61,296.47,53055,83.8243,9.549,0.11391684750126158
177,2020-09-24,306.67,296.51,307.62,296.47,40509,86.0612,9.8038,0.11391660818115482
178,2020-09-25,301.5,295.42,303.51,293.75,35600,88.2361,10.0515,0.1139159595675693
179,2020-09-28,298.82,297.56,305.21,296.1,52879,84.7408,9.6534,0.11391679096727905
180,2020-09-29,301.84,313.81,315.48,297.97,68682,90.4109,10.2993,0.11391657421837412
181,2020-09-30,313.17,314.02,318.74,309.05,53260,91.11,10.3789,0.11391614531884535
182,2020-10-09,329.76,338.26,343.02,325.27,92454,89.5099,10.1966,0.1139158908679375
183,2020-10-12,343.7,343.02,347.37,334.52,98323,93.0518,10.6001,0.11391611983862751
184,2020-10-13,337.92,343.46,345.19,331.97,47617,90.0691,10.2604,0.11391698151752376
185,2020-10-14,342.34,345.4,352.03,339.69,54340,90.6284,10.3241,0.11391682960308247
186,2020-10-15,349.89,342.34,352.81,339.89,45388,95.5373,10.8833,0.11391676340026356
187,2020-10-16,346.18,336.56,346.45,332.38,56422,95.3819,11.4861,0.12042221847121938
188,2020-10-19,341.32,333.12,341.32,325.68,61627,104.3143,12.5617,0.12042164880558083
189,2020-10-20,332.82,337.54,339.18,328.98,51717,98.6131,11.8752,0.12042213458455316
190,2020-10-21,340.03,329.28,340.3,325.75,50605,100.6948,12.1259,0.12042230581916841
191,2020-10-22,331.12,332.34,334.52,323.67,40863,97.8209,11.7798,0.12042211838165465
192,2020-10-23,331.12,324.32,343.9,321.97,47816,96.516,11.6226,0.12042148452070123
193,2020-10-26,319.49,331.12,331.59,314.66,41139,101.1142,12.1764,0.12042225523220279
194,2020-10-27,329.52,337.71,339.28,329.52,38927,99.2345,11.95,0.12042182910177408
195,2020-10-28,324.96,336.22,340.3,317.82,86240,96.5936,11.632,0.12042205694787232
196,2020-10-29,331.39,337.88,341.32,329.42,63824,100.1976,12.066,0.12042204603703084
197,2020-10-30,338.33,342.34,350.84,336.22,79484,103.7861,12.4981,0.12042171350498766
198,2020-11-02,336.22,351.18,353.83,336.22,72151,102.4036,12.3316,0.12042154767996438
199,2020-11-03,351.18,337.92,353.18,322.89,103564,102.5123,12.3447,0.12042164696334001
200,2020-11-04,336.22,334.14,341.86,327.99,62087,99.3588,11.965,0.12042214680531568
201,2020-11-05,337.92,360.02,362.06,337.92,95849,105.4483,12.6983,0.12042204568494702
202,2020-11-06,363.42,358.86,370.05,351.86,70075,100.4928,12.1015,0.12042156253980384
203,2020-11-09,360.87,353.56,368.52,345.64,78855,95.0091,11.4412,0.1204221490362502
204,2020-11-10,349.92,360.02,362.06,337.07,69820,86.3719,10.4011,0.12042226696413996
205,2020-11-11,355.19,356.62,368.18,354.68,95064,91.809,11.0558,0.1204217451448115
206,2020-11-12,362.43,363.42,368.11,355.16,53019,95.9723,11.5572,0.12042224683580574
207,2020-11-13,370.22,367.16,373.21,360.02,59239,90.3643,10.8818,0.12042144962114464
208,2020-11-16,360.39,364.61,366.27,348.83,55002,88.8885,10.7041,0.12042165184472683
209,2020-11-17,360.02,349.82,366.14,344.07,67426,86.2166,10.3824,0.12042228526757029
210,2020-11-18,347.03,344.28,352.95,338.94,50202,86.4651,10.4123,0.12042199685190903
211,2020-11-19,343.02,350.46,350.67,337.92,34405,85.6884,10.3188,0.1204223675550016
212,2020-11-20,347.88,354.58,356.24,347.78,39520,86.1078,10.3693,0.12042230785132127
213,2020-11-23,354.58,346.76,357.74,342.34,64152,88.7021,10.6817,0.12042217715251385
214,2020-11-24,353.18,353.22,358.66,347.44,48347,87.4904,10.5358,0.12042235490979583
215,2020-11-25,353.15,340.57,353.18,337.92,61037,86.6515,10.4347,0.12042145837059946
216,2020-11-26,340.57,334.14,341.59,327.07,60573,86.0768,10.3655,0.12042153054016878
217,2020-11-27,331.22,331.46,336.9,325.2,52644,88.2827,10.6312,0.12042223448082126
218,2020-11-30,332.44,331.19,332.48,322.65,66628,87.8166,10.575,0.12042142373993071
219,2020-12-01,328.74,330.78,335.23,326.7,48568,83.7,10.0793,0.12042174432497013
