,日期,开盘,收盘,最高,最低,成交量,pe,pb,roe
0,2020-01-03,258.4,254.0,260.0,253.02,17130,110.9939,10.6369,0.0958331944368114
1,2020-01-06,252.6,259.2,261.74,250.32,23180,105.2185,10.0834,0.09583295713206326
2,2020-01-07,259.0,262.22,263.0,258.0,12726,104.7675,10.0402,0.09583315436561911
3,2020-01-08,262.0,266.94,268.92,260.46,16752,104.9777,10.0603,0.09583273399969708
4,2020-01-09,269.38,280.24,280.76,269.38,29255,105.5469,10.1149,0.09583322674564579
5,2020-01-10,281.92,280.44,284.7,278.76,14446,108.7214,10.4191,0.09583301907444165
6,2020-01-13,283.14,292.56,293.0,281.6,20540,110.3459,10.5748,0.09583319362114949
7,2020-01-14,291.98,289.2,293.86,284.42,14985,112.4257,10.7741,0.09583307019658317
8,2020-01-15,288.96,295.24,298.18,286.64,15104,113.516,10.8786,0.09583318651115261
9,2020-01-16,297.8,299.4,301.82,293.0,11376,109.2906,10.4737,0.09583349345689382
10,2020-01-17,300.0,301.96,308.88,298.04,15755,117.1721,11.229,0.09583339378572202
11,2020-01-20,306.1,309.7,311.76,299.76,14395,119.7555,11.4765,0.09583275924696569
12,2020-01-21,307.12,310.0,315.32,304.0,14789,116.4935,11.1639,0.09583281470639993
13,2020-01-22,306.52,315.32,316.0,305.58,14992,119.1425,11.4178,0.09583314098663365
14,2020-01-23,313.2,306.02,317.54,305.0,19085,117.2378,11.2353,0.0958334257381152
15,2020-02-03,278.0,290.8,304.22,278.0,31259,126.9496,12.166,0.09583330707619402
16,2020-02-04,295.56,318.74,319.68,294.36,26825,126.2184,12.0959,0.09583309565007954
17,2020-02-05,322.0,313.46,322.0,309.0,32549,120.4123,11.5395,0.09583323298367359
18,2020-02-06,313.98,333.72,344.6,309.78,37650,125.6842,12.0447,0.09583304822722347
19,2020-02-07,338.82,319.98,339.34,313.54,38129,120.8502,11.5814,0.0958326920435382
20,2020-02-10,319.98,317.6,320.6,311.32,20382,120.2284,11.5219,0.0958334303708608
21,2020-02-11,317.58,319.86,321.82,314.0,23500,120.9816,11.594,0.09583275473295112
22,2020-02-12,317.86,332.0,332.0,317.86,25130,120.0314,11.503,0.09583325696442764
23,2020-02-13,332.0,323.72,333.82,322.0,17991,124.4801,11.9293,0.09583298856604389
24,2020-02-14,322.66,323.4,328.16,319.36,15530,123.8452,11.8685,0.09583334679099391
25,2020-02-17,355.36,355.54,355.54,342.0,27252,121.9098,11.683,0.09583314877064845
26,2020-02-18,365.8,365.54,370.0,354.12,62754,118.7266,11.3779,0.09583277883810368
27,2020-02-19,359.68,357.56,362.0,355.4,30561,119.7555,11.6555,0.09732747138962303
28,2020-02-20,357.64,361.96,365.1,356.42,26430,124.1342,12.0816,0.09732692521480783
29,2020-02-21,360.72,373.74,378.0,357.6,33627,123.5912,12.0288,0.097327317802562
30,2020-02-24,376.0,391.46,401.76,369.72,36329,121.9405,11.8681,0.09732697504110611
31,2020-02-25,384.22,383.9,397.54,373.9,33289,120.6444,11.742,0.09732735211912033
32,2020-02-26,375.2,368.0,382.0,362.5,36527,125.728,12.2367,0.09732676889793841
33,2020-02-27,369.46,376.36,382.0,366.0,22708,124.4144,20.1736,0.16214843297881917
34,2020-02-28,369.0,360.16,377.66,359.42,25454,124.1998,20.1388,0.16214840925669768
35,2020-03-02,362.0,371.8,373.5,358.0,25704,125.4915,20.3483,0.162148830797305
36,2020-03-03,378.02,390.3,399.0,378.02,29964,115.1068,18.6644,0.16214854378716115
37,2020-03-04,385.0,383.08,388.0,376.0,27231,112.8416,18.2971,0.16214853387403227
38,2020-03-05,390.4,387.54,391.8,380.0,19771,110.5302,17.9223,0.16214844449752194
39,2020-03-06,383.7,382.44,392.8,379.8,19078,108.6383,17.6155,0.16214815585295425
40,2020-03-09,377.2,366.22,380.94,365.36,28893,109.0662,17.6849,0.16214830992553148
41,2020-03-10,360.74,364.0,374.0,355.6,35615,109.0956,17.6897,0.16214861094306277
42,2020-03-11,364.0,353.58,371.0,352.0,35712,105.0182,17.0285,0.1621480848081571
43,2020-03-12,345.26,346.14,351.0,338.0,36949,106.6206,17.2884,0.16214877800350025
44,2020-03-13,328.06,342.1,349.76,328.06,39914,101.5574,16.4674,0.1621486962052987
45,2020-03-16,342.14,323.0,345.6,322.0,39587,100.5422,16.3028,0.1621488290488969
46,2020-03-17,325.36,319.4,331.76,312.3,39548,100.3367,16.2694,0.16214804752398676
47,2020-03-18,322.98,330.0,348.94,322.98,52376,98.2435,15.93,0.16214813193748187
48,2020-03-19,334.06,324.88,342.4,317.22,45749,99.4642,16.128,0.16214879323414855
49,2020-03-20,334.0,343.0,345.4,329.02,42346,101.7252,16.4946,0.1621486121433037
50,2020-03-23,331.98,322.0,341.8,318.36,49968,102.8284,16.6735,0.16214878379902828
51,2020-03-24,328.24,339.14,341.18,327.02,40889,101.6161,16.4769,0.16214851780377323
52,2020-03-25,350.0,347.9,353.6,342.5,37779,99.8375,16.1885,0.16214849129835984
53,2020-03-26,342.66,351.22,354.36,340.0,27687,99.9801,16.2116,0.16214826750523356
54,2020-03-27,355.0,343.66,357.36,342.6,25910,103.1589,17.3291,0.16798453647722106
55,2020-03-30,337.68,331.58,343.04,325.2,35647,103.5557,17.3957,0.16798399315537438
56,2020-03-31,332.32,345.38,347.58,332.32,29187,111.7958,18.78,0.167984843795563
57,2020-04-01,347.92,336.0,348.36,334.44,22478,113.8924,19.1321,0.16798399190815191
58,2020-04-02,336.4,346.06,346.06,334.8,18406,112.7648,18.9427,0.16798415817701978
59,2020-04-03,345.0,347.26,352.4,342.62,18784,114.0177,19.1532,0.16798444452045602
60,2020-04-07,354.88,358.12,361.64,352.4,23859,114.4354,19.2234,0.1679847319972666
61,2020-04-08,356.1,357.24,358.9,349.2,16902,113.6001,19.083,0.16798400705633182
62,2020-04-09,353.26,384.14,390.76,353.26,37934,109.1438,18.3345,0.1679848053668646
63,2020-04-10,384.0,370.68,388.16,367.44,26156,105.4267,17.71,0.16798401164031504
64,2020-04-13,369.6,368.7,372.66,364.36,16648,104.8295,17.6097,0.1679842029199796
65,2020-04-14,372.0,380.18,384.0,364.0,28721,103.752,17.4287,0.1679842316292698
66,2020-04-15,378.0,369.9,383.54,369.18,15407,104.2907,17.5192,0.1679842977369986
67,2020-04-16,368.7,369.06,374.6,366.0,16970,99.1453,16.6549,0.1679847657932348
68,2020-04-17,368.96,366.6,377.54,365.42,21083,97.8339,16.4346,0.16798471695393927
69,2020-04-20,368.0,379.16,381.96,365.26,24023,100.0432,16.8057,0.16798443072592642
70,2020-04-21,376.84,379.64,385.76,372.22,20150,95.5159,16.0452,0.1679845973288217
71,2020-04-22,375.92,382.38,383.0,374.6,13889,95.1902,15.9905,0.16798472952047586
72,2020-04-23,383.0,375.0,390.64,372.0,22527,95.4992,16.0424,0.1679846532745824
73,2020-04-24,374.0,373.64,377.6,366.0,12870,96.0422,16.1336,0.1679844901512044
74,2020-04-27,370.02,378.16,380.54,364.4,21511,96.5141,16.2129,0.16798478149824742
75,2020-04-28,377.18,386.62,389.1,370.52,23090,98.4896,16.5447,0.16798423386834752
76,2020-04-29,386.0,386.68,399.76,382.46,18612,90.6378,16.5046,0.18209400492951064
77,2020-04-30,384.14,379.46,387.76,378.58,17420,90.6712,16.5107,0.18209420411332375
78,2020-05-06,378.0,377.76,378.36,368.66,22656,91.4272,16.6483,0.18209351265268978
79,2020-05-07,377.76,375.02,384.52,371.96,23416,91.8657,16.7282,0.18209407863870847
80,2020-05-08,373.84,377.92,379.98,373.0,16259,90.8508,16.5434,0.18209415877460625
81,2020-05-11,380.0,366.94,386.0,364.76,28433,91.1933,16.6058,0.18209451790866216
82,2020-05-12,367.0,377.9,379.2,364.44,23966,90.713,16.5183,0.18209407692392493
83,2020-05-13,385.6,400.64,401.66,378.24,40669,91.4648,16.6552,0.18209409521477116
84,2020-05-14,400.76,404.38,407.16,398.0,23036,89.8527,16.3616,0.1820935820515132
85,2020-05-15,404.62,397.4,411.0,394.26,21097,90.6295,16.5031,0.1820941304983477
86,2020-05-18,399.42,413.58,417.94,397.44,22783,91.8824,16.7312,0.1820936327305338
87,2020-05-19,415.1,414.24,422.0,408.0,18097,97.7295,17.796,0.1820944545915
88,2020-05-20,414.0,405.94,414.6,404.0,18439,96.9777,17.6591,0.1820944402682266
89,2020-05-21,406.02,407.68,419.0,402.34,21775,97.7963,17.8081,0.18209380109472442
90,2020-05-22,412.02,403.1,415.96,401.56,25245,89.648,16.3244,0.18209441370694274
91,2020-05-25,404.6,407.78,409.12,396.16,18369,91.8699,16.729,0.18209446184223557
92,2020-05-26,407.98,429.42,435.96,407.98,32385,91.8824,16.7312,0.1820936327305338
93,2020-05-27,432.04,423.98,433.98,421.4,20083,99.8177,18.1762,0.18209395728412897
94,2020-05-28,423.58,422.84,427.18,414.0,12331,97.1782,17.6956,0.18209433803054592
95,2020-05-29,425.58,437.1,440.6,422.38,22193,99.4836,18.1154,0.18209433514669757
96,2020-06-01,440.7,438.0,445.92,432.62,21683,97.5791,17.7686,0.1820943214274368
97,2020-06-02,439.0,423.22,443.0,420.44,24425,95.3071,17.3549,0.1820945134203013
98,2020-06-03,425.96,438.0,439.74,422.24,20556,93.1187,16.9564,0.18209446652498368
99,2020-06-04,438.0,441.98,449.44,433.46,16402,94.1795,17.1495,0.18209376775200548
100,2020-06-05,439.0,446.0,451.0,438.4,16775,93.8829,17.0955,0.18209386373876393
101,2020-06-08,448.0,435.86,451.94,430.36,22513,98.427,17.923,0.1820943440316173
102,2020-06-09,437.7,441.82,449.24,435.88,17268,97.2575,17.71,0.18209392591830967
103,2020-06-10,441.88,445.98,450.24,440.4,14026,99.1495,18.0545,0.18209370697784658
104,2020-06-11,446.86,438.96,449.2,436.4,13213,101.4883,18.4804,0.1820938965378275
105,2020-06-12,432.0,445.32,446.72,432.0,15601,99.2372,18.0705,0.1820940131321722
106,2020-06-15,446.0,436.66,454.94,432.54,25310,96.4765,17.5678,0.18209408508807842
107,2020-06-16,436.78,443.0,446.76,436.7,19519,98.6441,17.3045,0.17542356816069082
108,2020-06-17,446.6,440.04,448.6,439.32,17348,94.3883,16.5579,0.17542322512430036
109,2020-06-18,442.22,433.4,444.8,428.82,21214,95.5201,16.7565,0.1754238113234806
110,2020-06-19,433.22,459.42,465.74,433.22,43227,90.0865,15.8033,0.17542362063128217
111,2020-06-22,462.0,454.0,464.4,452.0,26811,91.4731,16.0465,0.1754231571904746
112,2020-06-23,460.0,474.38,479.22,455.76,28453,92.0912,16.155,0.17542392758482897
113,2020-06-24,471.32,465.0,487.84,460.04,24267,90.7673,15.9227,0.17542330773307127
114,2020-06-29,469.62,478.22,484.78,465.3,29841,92.5757,16.24,0.17542400435535457
115,2020-06-30,487.0,489.0,493.8,475.0,19532,91.2476,16.007,0.1754237919682271
116,2020-07-01,489.16,477.8,496.0,465.0,34537,92.7135,16.2641,0.17542321236928818
117,2020-07-02,480.62,468.74,482.54,463.0,27296,91.8448,16.1117,0.17542310506419523
118,2020-07-03,472.18,474.34,475.8,459.36,29730,90.6002,15.8934,0.17542345381136024
119,2020-07-06,465.96,452.58,472.6,447.2,62695,92.7177,16.2649,0.1754238942510438
120,2020-07-07,447.2,454.0,459.98,428.24,57834,91.8782,16.1176,0.17542354987363704
121,2020-07-08,450.74,448.92,456.9,448.2,36605,91.0471,15.9718,0.17542348960043758
122,2020-07-09,448.8,459.4,462.08,445.0,45793,87.9607,15.4304,0.17542379721853055
123,2020-07-10,459.38,470.28,479.0,459.2,36153,91.0471,15.9718,0.17542348960043758
124,2020-07-13,474.8,479.4,484.94,463.26,46852,90.8592,15.9388,0.1754230721820135
125,2020-07-14,479.0,468.36,482.34,454.34,49116,87.8814,15.4165,0.1754239236061328
126,2020-07-15,473.0,481.0,487.4,463.78,63846,88.1194,15.4582,0.17542334605092635
127,2020-07-16,490.76,443.0,496.16,440.02,55659,89.2554,15.6575,0.1754235598070257
128,2020-07-17,445.16,442.94,451.8,433.0,47445,84.7365,14.8648,0.17542381382285083
129,2020-07-20,447.0,432.3,447.2,417.0,50160,83.7592,14.6933,0.17542311769930943
130,2020-07-21,434.0,471.32,474.94,429.4,58081,84.7156,14.8611,0.17542341670247277
131,2020-07-22,470.6,467.4,476.02,460.7,25438,84.3522,14.7974,0.17542399605463757
132,2020-07-23,448.58,471.0,474.94,447.24,46776,86.1087,15.1055,0.17542362153882243
133,2020-07-24,468.14,443.0,472.32,437.46,42052,85.9708,15.0813,0.17542351589144223
134,2020-07-27,443.0,437.0,452.0,433.0,25424,82.5912,14.4884,0.17542304749174248
135,2020-07-28,436.68,433.28,439.2,423.62,37064,84.0491,14.7442,0.1754236511753249
136,2020-07-29,433.0,441.0,444.6,431.08,37445,83.2679,14.6072,0.17542414303711276
137,2020-07-30,442.94,437.4,446.24,433.0,25976,78.518,13.7739,0.1754234697776306
138,2020-07-31,439.0,439.7,450.98,433.76,30369,76.2287,13.3723,0.17542342975808323
139,2020-08-03,442.96,438.06,443.8,427.66,37856,78.5222,13.7746,0.17542300139323655
140,2020-08-04,439.16,442.92,454.16,435.0,31061,77.9164,13.6684,0.1754239158893378
141,2020-08-05,438.0,440.82,444.5,433.16,23148,78.4888,13.7688,0.17542375472678906
142,2020-08-06,440.92,437.2,449.02,434.7,24151,78.8438,13.8311,0.17542406631846763
143,2020-08-07,436.42,437.04,449.64,427.0,36578,80.352,14.0956,0.17542313819195537
144,2020-08-10,455.0,474.64,480.44,455.0,90947,80.3394,14.0934,0.17542326679064071
145,2020-08-11,482.42,465.18,486.92,465.0,41207,78.5723,13.7834,0.17542314530693387
146,2020-08-12,469.66,462.92,471.94,449.8,37680,77.6282,14.1177,0.18186303430969672
147,2020-08-13,464.4,460.32,468.16,451.06,28913,77.9122,14.1693,0.18186240409075857
148,2020-08-14,458.06,458.84,469.88,445.38,26597,79.4538,14.4497,0.18186291908001884
149,2020-08-17,458.76,460.4,463.0,450.76,19102,78.8814,14.3456,0.1818628979708778
150,2020-08-18,463.16,482.08,487.06,463.04,33521,78.7812,14.3274,0.1818631856331206
151,2020-08-19,483.0,471.5,487.0,471.0,17727,76.1576,13.8502,0.18186234860342237
152,2020-08-20,471.4,477.78,481.3,463.0,21000,76.6715,13.9437,0.181862882557404
153,2020-08-21,477.78,502.42,509.0,477.0,31937,76.847,13.9756,0.181862662172889
154,2020-08-24,503.42,499.84,505.0,483.76,24603,78.9942,14.3661,0.18186271903506837
155,2020-08-25,496.12,505.0,513.0,492.0,18090,76.5963,13.93,0.18186257038525358
156,2020-08-26,505.0,507.86,522.86,499.16,27021,77.0099,14.0052,0.18186233198588753
157,2020-08-27,516.0,525.66,528.12,511.02,21620,79.8214,14.5165,0.1818622574898461
158,2020-08-28,525.66,547.0,552.0,517.0,24923,95.9574,13.4883,0.1405655009410426
159,2020-08-31,548.92,551.0,559.86,541.32,20475,96.1951,13.5217,0.14056537183286882
160,2020-09-01,550.78,549.0,556.0,537.0,16581,93.2616,13.1094,0.14056589207133482
161,2020-09-02,548.98,543.0,550.98,539.6,17265,92.9374,13.0638,0.14056558500668193
162,2020-09-03,544.52,548.4,562.54,541.16,17789,90.22,12.6818,0.140565284859233
163,2020-09-04,537.6,538.36,546.94,528.6,23688,92.7537,13.038,0.14056582109392943
164,2020-09-07,530.0,498.9,543.94,497.14,35007,89.0261,12.514,0.1405655195498848
165,2020-09-08,499.02,497.0,506.58,487.04,22201,92.2891,12.9727,0.14056589564748165
166,2020-09-09,491.98,479.68,495.0,473.42,20520,94.3312,13.2597,0.1405653696762047
167,2020-09-10,485.08,479.0,497.3,476.02,17726,93.4344,13.1337,0.14056600138706943
168,2020-09-11,481.62,487.48,495.0,480.98,16650,91.0682,12.801,0.14056498316646204
169,2020-09-14,493.0,493.26,501.9,486.76,20110,86.4383,12.1502,0.14056500417060494
170,2020-09-15,491.2,488.0,497.76,486.04,18108,92.1108,12.9476,0.14056549286294331
171,2020-09-16,488.02,477.22,492.0,465.66,31367,87.2163,12.2596,0.14056546769353895
172,2020-09-17,478.98,471.4,483.4,467.0,20868,88.5993,12.454,0.14056544464798254
173,2020-09-18,476.48,482.36,482.98,468.7,14696,85.736,12.0515,0.14056522347671924
174,2020-09-21,476.72,482.36,486.42,472.12,13472,86.7085,12.1882,0.14056522716919334
175,2020-09-22,480.28,487.2,498.6,479.6,22430,91.8677,12.9134,0.14056518232196952
176,2020-09-23,490.74,511.34,516.6,483.66,25068,92.959,13.0668,0.14056519540872858
177,2020-09-24,510.2,503.7,514.4,499.28,19542,94.9687,13.3493,0.14056525992247973
178,2020-09-25,504.98,523.14,530.16,504.98,23201,97.7834,13.745,0.14056578110395015
179,2020-09-28,525.0,523.0,527.38,514.34,14171,98.383,13.8293,0.14056595143469908
180,2020-09-29,524.4,520.96,528.0,513.08,19461,102.7644,14.4451,0.140565215191253
181,2020-09-30,519.0,529.98,539.22,515.82,14831,104.142,14.6388,0.1405657659733825
182,2020-10-09,535.76,541.0,543.96,530.02,15649,102.9372,14.4694,0.1405653155516179
183,2020-10-12,543.2,551.8,554.02,539.0,18429,104.8875,14.7436,0.14056584435704922
184,2020-10-13,563.94,576.2,580.76,558.52,24034,99.8903,14.0411,0.1405652000244268
185,2020-10-14,576.2,570.3,583.0,568.12,24967,96.7461,14.5189,0.15007219929278803
186,2020-10-15,570.8,571.28,578.76,566.56,12431,101.122,15.1757,0.15007317893237873
187,2020-10-16,573.1,577.28,580.16,571.0,14571,98.8638,14.8368,0.1500731309134385
188,2020-10-19,580.16,554.06,580.48,553.0,26416,103.1587,15.4813,0.1500726550450907
189,2020-10-20,551.36,559.98,561.8,550.42,15019,105.2009,15.7878,0.15007286059339797
190,2020-10-21,560.0,567.52,577.66,552.7,22063,100.4143,15.0694,0.15007225066549287
191,2020-10-22,567.0,570.0,572.2,558.18,12140,97.2323,14.5919,0.15007255819311074
192,2020-10-23,569.2,550.0,578.98,543.1,21474,96.0438,14.4136,0.1500731957710961
193,2020-10-26,537.02,545.3,551.76,521.16,19180,98.1993,14.737,0.15007235285791243
194,2020-10-27,547.04,559.84,568.54,547.0,21017,95.4981,14.3317,0.15007314281645395
195,2020-10-28,563.0,568.68,572.36,556.54,18799,86.8165,13.0288,0.150072854814465
196,2020-10-29,566.5,571.58,583.0,561.2,26249,86.9029,13.0418,0.15007324266508942
197,2020-10-30,567.0,551.26,569.0,544.76,33379,89.1395,13.3774,0.15007263895355033
198,2020-11-02,555.0,555.6,566.0,550.0,17819,85.8603,12.8853,0.15007285089849443
199,2020-11-03,553.0,552.16,556.0,545.2,15336,85.2498,12.7937,0.1500730793503328
200,2020-11-04,550.98,555.0,568.34,549.22,24573,85.8927,12.8901,0.15007212487207877
201,2020-11-05,566.0,577.08,580.12,558.0,30568,89.6041,13.4471,0.1500723739203898
202,2020-11-06,581.64,553.0,582.56,547.22,27907,84.1315,12.6258,0.15007220838805915
203,2020-11-09,555.02,579.52,593.0,555.02,29529,85.5577,12.8399,0.15007299167696186
204,2020-11-10,582.86,582.86,588.0,564.0,32548,78.0106,11.7073,0.15007319518116768
205,2020-11-11,590.1,538.5,591.0,532.1,57275,82.1218,12.3242,0.15007220981517697
206,2020-11-12,539.02,547.2,547.46,526.54,36927,84.6339,12.7012,0.1500722523716856
207,2020-11-13,543.0,535.1,551.96,531.0,23572,83.1969,12.4856,0.15007289935081716
208,2020-11-16,538.8,550.0,553.0,531.52,25107,83.1159,12.4734,0.1500723688247375
209,2020-11-17,550.0,538.2,551.0,534.0,24590,81.0251,12.1597,0.15007324890682025
210,2020-11-18,538.48,502.2,546.52,499.72,48175,80.3336,12.0559,0.1500729458159475
211,2020-11-19,502.6,521.5,526.36,495.38,33994,79.2099,11.8872,0.15007215007215005
212,2020-11-20,526.22,516.52,536.1,514.48,19663,77.5784,11.6424,0.15007270064863415
213,2020-11-23,518.38,507.02,520.48,501.34,25416,78.486,11.7786,0.1500726244170935
214,2020-11-24,505.0,499.6,508.92,483.9,38152,75.2122,11.2873,0.15007272756281562
215,2020-11-25,499.02,485.1,502.76,483.66,27065,75.1581,11.2792,0.15007297949256299
216,2020-11-26,489.0,482.5,494.96,478.0,21485,71.5655,10.74,0.1500723113790863
217,2020-11-27,485.02,481.54,491.66,478.0,16527,70.2906,10.5487,0.15007269819862115
218,2020-11-30,482.76,483.6,489.68,467.8,28398,69.4748,10.4263,0.15007312003776907
219,2020-12-01,485.52,509.98,515.2,481.0,35861,68.0702,10.2155,0.1500730128602531
