,日期,开盘,收盘,最高,最低,成交量,pe,pb,roe
0,2020-01-03,14.96,14.83,15.12,14.74,227672,92.1872,6.9845,0.07576431435166704
1,2020-01-06,13.42,14.04,14.43,13.42,466407,89.9253,6.8131,0.07576399522714966
2,2020-01-07,13.91,14.04,14.12,13.88,268195,89.2529,6.7621,0.07576336455174006
3,2020-01-08,13.94,13.65,14.01,13.6,197510,87.9079,6.6603,0.07576452173240403
4,2020-01-09,13.86,13.76,13.99,13.68,148917,87.48,6.6278,0.07576360310928211
5,2020-01-10,13.89,13.81,13.97,13.76,119553,88.7638,6.7251,0.07576399388038818
6,2020-01-13,13.74,13.89,13.89,13.47,162394,89.9253,6.8131,0.07576399522714966
7,2020-01-14,13.9,13.92,13.99,13.78,181831,88.4581,6.7019,0.07576355359203962
8,2020-01-15,13.85,13.83,13.94,13.75,112619,87.9691,6.6649,0.07576410353180833
9,2020-01-16,13.83,13.87,13.96,13.79,123061,87.7245,6.6464,0.07576446716709699
10,2020-01-17,13.88,14.95,15.25,13.88,804508,87.7857,6.651,0.0757640481308459
11,2020-01-20,14.73,14.82,14.89,14.34,504220,86.991,6.5908,0.07576415951075398
12,2020-01-21,14.58,14.56,14.9,14.47,324501,86.1962,6.5306,0.07576436084189325
13,2020-01-22,14.69,15.24,15.71,14.59,574265,86.6853,6.5676,0.07576371080217753
14,2020-01-23,14.75,14.64,15.14,14.46,384965,87.2355,6.6093,0.07576388053028871
15,2020-02-03,13.18,13.18,13.18,13.18,37686,88.1525,6.6788,0.07576415870224894
16,2020-02-04,11.88,12.69,13.02,11.88,377384,89.7419,6.7992,0.07576394081248558
17,2020-02-05,12.7,12.84,13.41,12.7,275162,87.48,6.6278,0.07576360310928211
18,2020-02-06,12.85,13.11,13.33,12.62,311130,87.6634,6.6417,0.07576365963446548
19,2020-02-07,13.07,13.12,13.37,12.92,269350,87.1132,6.6,0.07576348934489835
20,2020-02-10,13.15,13.34,13.54,13.14,234518,87.1132,6.6,0.07576348934489835
21,2020-02-11,13.41,13.23,13.66,13.19,225364,85.157,6.4518,0.07576358960508238
22,2020-02-12,13.14,13.41,13.52,13.05,251323,85.0959,6.4472,0.07576393222235148
23,2020-02-13,13.34,13.14,13.43,13.1,208644,88.3359,6.6927,0.07576421364360357
24,2020-02-14,13.04,13.24,13.41,13.02,226600,87.9691,6.6649,0.07576410353180833
25,2020-02-17,13.44,13.79,13.9,13.3,355662,87.48,6.6278,0.07576360310928211
26,2020-02-18,13.74,13.68,13.84,13.51,258386,87.1132,6.6,0.07576348934489835
27,2020-02-19,13.69,13.72,14.01,13.54,286836,90.1087,6.827,0.07576404942031124
28,2020-02-20,13.84,15.09,15.09,13.7,601218,92.7985,7.0308,0.07576415567061967
29,2020-02-21,14.94,14.93,15.64,14.54,685829,92.554,7.0123,0.0757644186096765
30,2020-02-24,14.62,15.03,15.25,14.5,410200,95.3049,7.3942,0.07758467822745735
31,2020-02-25,14.71,15.14,15.33,14.25,448874,93.2264,7.2329,0.07758424652244429
32,2020-02-26,14.84,14.96,15.5,14.75,493820,92.7374,7.47,0.08055002620302057
33,2020-02-27,15.23,14.84,15.46,14.75,342680,90.4755,7.2878,0.0805499831446082
34,2020-02-28,14.04,13.48,14.48,13.36,380120,92.3095,7.4355,0.0805496725689122
35,2020-03-02,13.64,14.02,14.27,13.47,270378,89.0083,7.1696,0.08054979142394585
36,2020-03-03,14.29,14.21,14.51,13.97,304463,90.2921,7.273,0.08054968264111699
37,2020-03-04,14.16,14.71,14.73,14.06,360404,87.4189,7.0416,0.08055008699491759
38,2020-03-05,15.03,15.44,16.02,14.65,662758,85.8906,6.9185,0.08055014169187315
39,2020-03-06,15.09,14.77,15.27,14.72,357411,87.6634,7.0613,0.08055014977744418
40,2020-03-09,14.52,14.85,15.17,14.38,366356,87.9079,7.081,0.08055021221073419
41,2020-03-10,14.85,16.33,16.33,14.74,788115,88.1525,7.1007,0.08055018292164147
42,2020-03-11,16.73,15.92,17.09,15.87,1000370,86.6242,6.9776,0.08055023884780466
43,2020-03-12,15.86,16.83,16.94,15.72,806591,88.4581,7.1253,0.08055000050871543
44,2020-03-13,16.03,18.26,18.51,16.02,1347164,88.8861,7.1598,0.08055027726494919
45,2020-03-16,17.34,16.44,17.62,16.44,999594,88.7638,7.1499,0.0805497286055802
46,2020-03-17,16.96,16.09,17.03,15.64,571535,89.4974,7.209,0.08054982602846562
47,2020-03-18,16.12,15.02,16.33,14.84,624259,85.6461,6.8988,0.08055007758672023
48,2020-03-19,14.94,15.45,15.88,14.63,587654,85.7072,6.9037,0.08054982545223738
49,2020-03-20,15.5,15.2,15.59,14.94,383626,86.2574,6.9481,0.08055077013682305
50,2020-03-23,14.54,13.95,14.83,13.75,367163,86.1962,6.9431,0.08054995463837153
51,2020-03-24,14.24,14.1,14.31,13.34,365776,85.6461,6.8988,0.08055007758672023
52,2020-03-25,14.44,14.3,14.48,14.09,334531,84.4845,6.8052,0.08054968662890827
53,2020-03-26,14.1,13.88,14.23,13.84,236021,86.6242,6.9776,0.08055023884780466
54,2020-03-27,14.15,14.62,15.26,14.09,581445,89.9253,7.2435,0.0805501899910259
55,2020-03-30,14.04,14.81,15.01,13.96,456765,89.0083,7.1696,0.08054979142394585
56,2020-03-31,14.84,14.45,14.98,14.43,351366,92.4317,7.4454,0.08055028740140016
57,2020-04-01,14.27,14.27,14.8,14.22,270636,93.043,7.4946,0.08054985329363842
58,2020-04-02,14.22,14.72,14.72,14.16,277048,93.2264,7.5094,0.08055014459423511
59,2020-04-03,14.54,14.25,14.7,14.19,237600,93.4098,7.5242,0.0805504347509576
60,2020-04-07,14.65,14.74,14.99,14.44,395647,93.8989,7.5636,0.08055046438243686
61,2020-04-08,14.64,14.63,14.82,14.46,264152,94.5713,7.6177,0.08054980739399797
62,2020-04-09,14.79,14.78,15.13,14.73,353572,92.3706,7.4405,0.08055052148627377
63,2020-04-10,14.79,14.43,14.88,14.4,243852,92.1872,7.4257,0.08055022823125119
64,2020-04-13,14.29,14.58,14.65,14.24,161119,95.5495,7.6965,0.0805498720558454
65,2020-04-14,14.64,14.95,15.13,14.57,329227,96.5276,7.7753,0.08055001885471097
66,2020-04-15,14.83,14.65,15.03,14.64,265525,96.4053,7.7655,0.08055055064399987
67,2020-04-16,14.55,14.74,14.99,14.49,258925,95.7329,7.7113,0.08055015569360167
68,2020-04-17,14.77,14.63,14.96,14.6,292603,97.9947,7.8935,0.08055027465771109
69,2020-04-20,14.64,14.64,14.72,14.5,186286,99.2785,7.9969,0.08055016947274586
70,2020-04-21,14.55,14.25,14.56,14.15,210295,100.8068,8.12,0.08055012161877968
71,2020-04-22,14.14,14.28,14.36,14.07,132347,97.8113,7.8787,0.08054999780188997
72,2020-04-23,14.29,14.05,14.34,14.04,153669,95.6106,7.7015,0.08055069207807503
73,2020-04-24,14.03,13.83,14.28,13.75,176646,95.1827,7.667,0.08055035211230613
74,2020-04-27,13.88,13.65,14.02,13.64,126129,95.9774,7.8565,0.08185781235999308
75,2020-04-28,13.97,13.82,14.02,13.44,186591,98.8506,8.0917,0.08185787440845073
76,2020-04-29,13.67,13.77,13.91,13.65,99706,98.6061,8.0717,0.08185801892580682
77,2020-04-30,13.9,14.13,14.24,13.82,199556,103.0076,8.432,0.08185803765935717
78,2020-05-06,13.88,14.28,14.3,13.82,195856,101.6627,8.3219,0.08185794790026234
79,2020-05-07,14.22,14.19,14.43,14.14,168423,102.274,8.372,0.08185853687154115
80,2020-05-08,14.4,14.61,14.94,14.25,354307,106.0642,8.6822,0.0818579690413919
81,2020-05-11,14.69,14.51,14.71,14.39,187148,104.0468,8.5171,0.08185835604747094
82,2020-05-12,14.54,14.44,14.59,14.26,120659,94.5713,7.7414,0.0818578152145524
83,2020-05-13,14.43,14.58,14.66,14.33,154941,96.711,7.9166,0.08185832014972444
84,2020-05-14,14.49,14.3,14.51,14.28,135653,94.3879,7.7264,0.08185795001266052
85,2020-05-15,14.4,14.22,14.44,14.2,128052,92.9208,7.6063,0.08185788327263649
86,2020-05-18,14.17,14.05,14.29,14.04,128162,92.554,7.5763,0.08185815848045465
87,2020-05-19,14.22,14.12,14.27,14.05,96617,97.5668,7.9867,0.08185878803035458
88,2020-05-20,14.1,14.05,14.24,13.98,117759,98.3615,8.0517,0.08185824738337662
89,2020-05-21,14.09,13.84,14.12,13.84,105962,98.2393,8.0417,0.08185827871330517
90,2020-05-22,13.82,13.58,13.98,13.56,119241,100.1955,8.2018,0.0818579676731989
91,2020-05-25,13.51,13.6,13.68,13.42,75909,96.6498,7.9116,0.08185842081411446
92,2020-05-26,13.66,13.78,13.78,13.62,90425,98.7283,8.0817,0.08185798803382616
93,2020-05-27,13.77,13.52,13.85,13.48,85036,103.68,8.4871,0.08185860339506172
94,2020-05-28,13.58,13.77,14.01,13.54,144386,111.5049,9.1276,0.0818582860484158
95,2020-05-29,13.62,13.64,13.74,13.56,68836,108.3872,8.8724,0.08185837442059579
96,2020-06-01,14.02,14.25,14.39,13.86,264964,105.1472,8.6072,0.081858575406668
97,2020-06-02,14.17,14.1,14.3,14.06,172854,101.4793,8.3069,0.0818580735184417
98,2020-06-03,14.15,13.88,14.21,13.85,158422,102.7019,8.407,0.08185827136596305
99,2020-06-04,13.94,13.86,14.02,13.81,99835,98.3004,8.0467,0.08185826303860412
100,2020-06-05,13.92,14.01,14.03,13.75,131948,103.9857,8.5121,0.0818583709106156
101,2020-06-08,14.01,13.87,14.04,13.8,99989,95.6106,7.8265,0.08185807849757244
102,2020-06-09,13.88,13.94,14.08,13.83,110615,90.2921,7.2107,0.0798596997965492
103,2020-06-10,13.84,13.78,13.9,13.72,92682,85.0347,6.7909,0.07986033936734062
104,2020-06-11,13.74,13.75,14.02,13.7,107890,84.4234,6.7421,0.07986055998692305
105,2020-06-12,13.5,13.71,13.82,13.46,93175,82.9562,6.6249,0.07986021539077248
106,2020-06-15,13.8,13.6,13.98,13.6,126932,85.5238,6.8299,0.07985964140975964
107,2020-06-16,13.69,13.73,13.81,13.64,88087,86.563,6.9129,0.07985975532271293
108,2020-06-17,13.75,13.77,13.81,13.65,76631,86.6853,6.9227,0.07986013776268872
109,2020-06-18,13.71,13.76,13.92,13.67,110511,85.5849,6.8348,0.07985988182494809
110,2020-06-19,13.77,14.04,14.23,13.74,269772,83.8732,6.6981,0.07985983603821006
111,2020-06-22,14.05,14.22,14.74,13.94,358497,83.9344,6.703,0.0798599858937456
112,2020-06-23,14.07,14.2,14.25,13.99,173185,83.6898,6.6835,0.07986038919916166
113,2020-06-24,14.25,14.03,14.32,14.02,141441,82.8951,6.62,0.07985996759760228
114,2020-06-29,13.79,13.61,13.84,13.49,159220,83.5676,6.6737,0.0798598978551496
115,2020-06-30,13.71,13.85,13.98,13.61,142584,83.8121,6.6932,0.0798595906796274
116,2020-07-01,13.83,13.95,13.95,13.75,143377,83.9955,6.7079,0.07986023060759208
117,2020-07-02,13.95,14.81,15.03,13.89,533457,84.9736,6.786,0.07986009772446971
118,2020-07-03,14.86,15.73,16.03,14.67,811694,84.5457,6.7518,0.07985976814906022
119,2020-07-06,16.07,17.1,17.26,15.76,745113,85.4015,6.8202,0.07986042399723658
120,2020-07-07,16.86,16.17,16.86,15.78,696697,84.4845,6.7469,0.07985961922009363
121,2020-07-08,16.08,16.89,17.54,16.0,668779,84.6068,6.7567,0.07986001125205067
122,2020-07-09,16.58,16.69,16.99,16.26,564908,85.9517,6.8641,0.07985996786567338
123,2020-07-10,16.34,17.29,18.35,16.32,676148,86.8687,6.9373,0.07985960420726912
124,2020-07-13,17.59,17.82,18.33,17.17,645787,83.1396,6.6395,0.07985965773229604
125,2020-07-14,17.48,18.33,18.34,17.29,588092,83.9344,6.703,0.0798599858937456
126,2020-07-15,18.46,17.05,18.68,16.97,464867,82.4061,6.581,0.07986059284446177
127,2020-07-16,17.09,16.24,17.51,16.03,418416,83.9955,6.7079,0.07986023060759208
128,2020-07-17,16.26,15.9,16.44,15.69,277993,82.8951,6.62,0.07985996759760228
129,2020-07-20,16.28,16.48,16.74,16.1,284968,82.7728,6.6103,0.07986077552046082
130,2020-07-21,16.42,16.16,16.53,15.99,204749,84.3623,6.7372,0.07986031675286234
131,2020-07-22,16.18,16.18,16.74,16.1,289814,85.6461,6.8397,0.07986002865279329
132,2020-07-23,15.94,16.05,16.38,15.62,243453,86.074,6.8739,0.07986035271975277
133,2020-07-24,15.95,15.23,16.22,15.09,253481,85.6461,6.8397,0.07986002865279329
134,2020-07-27,15.32,15.29,15.42,14.91,147802,86.6853,6.9227,0.07986013776268872
135,2020-07-28,15.44,15.53,15.68,15.32,157927,87.1744,6.9618,0.07986060127743924
136,2020-07-29,15.37,15.91,16.04,15.25,222483,88.8861,7.0985,0.07986063062728593
137,2020-07-30,15.89,15.56,15.89,15.52,169785,88.0302,7.0301,0.07986009346792351
138,2020-07-31,15.6,17.11,17.11,15.6,266675,88.4581,7.0643,0.07986040848718207
139,2020-08-03,18.27,17.44,18.27,17.26,729585,89.0695,7.1131,0.07986010924053688
140,2020-08-04,17.45,16.82,17.64,16.69,439005,86.5019,6.9081,0.07986067358058031
141,2020-08-05,16.59,16.72,16.89,16.41,267768,87.0521,6.952,0.07986022163738726
142,2020-08-06,16.77,16.94,17.05,16.29,319399,86.1351,6.8788,0.07986059109468731
143,2020-08-07,16.64,16.22,16.64,15.79,306006,83.9344,6.703,0.0798599858937456
144,2020-08-10,16.08,16.26,16.49,15.96,200368,84.24,6.7274,0.0798599240265907
145,2020-08-11,16.29,15.79,16.48,15.74,183517,83.2008,6.8836,0.08273478139633274
146,2020-08-12,15.83,15.66,15.95,15.37,173041,84.3012,6.9746,0.08273429085232475
147,2020-08-13,15.74,15.73,15.93,15.58,142505,85.6461,7.0859,0.0827346487464111
148,2020-08-14,15.67,16.09,16.1,15.51,169250,87.0521,7.2022,0.08273436252543018
149,2020-08-17,16.27,16.58,16.98,16.18,374838,86.8687,7.187,0.08273405726113088
150,2020-08-18,16.48,16.33,16.55,16.24,196982,89.2529,7.3843,0.08273456660791974
151,2020-08-19,16.34,16.12,16.45,16.1,153029,114.2911,7.3797,0.06456933217022147
152,2020-08-20,16.06,15.75,16.06,15.71,120026,115.1528,7.4354,0.06456985848368428
153,2020-08-21,15.84,15.86,16.08,15.7,104339,114.4478,7.3899,0.0645700485286742
154,2020-08-24,16.07,15.88,16.07,15.77,78122,116.7978,7.5416,0.064569709360964
155,2020-08-25,15.91,15.72,16.03,15.69,114063,113.8994,7.3545,0.06457013820968328
156,2020-08-26,15.59,15.17,15.75,15.09,164111,112.7244,7.2786,0.06456987129672014
157,2020-08-27,15.24,15.2,15.32,15.0,98244,115.4661,7.4556,0.06456960094781065
158,2020-08-28,15.21,15.56,15.67,15.12,143923,114.2911,7.3797,0.06456933217022147
159,2020-08-31,15.69,15.45,15.83,15.44,170051,115.1528,7.4354,0.06456985848368428
160,2020-09-01,15.32,15.37,15.49,15.23,90716,111.3144,7.1875,0.06456936389182352
161,2020-09-02,15.42,15.34,15.49,15.17,106033,114.9961,7.4253,0.06457001585271152
162,2020-09-03,15.32,15.31,15.59,15.22,98853,111.471,7.1977,0.06457015726063281
163,2020-09-04,15.07,15.21,15.25,14.99,66100,112.8811,7.2887,0.06456971096135669
164,2020-09-07,15.2,14.65,15.28,14.65,110622,115.7011,7.4708,0.06456982690743648
165,2020-09-08,14.73,14.8,14.97,14.53,114339,114.2128,7.3747,0.06456982054550803
166,2020-09-09,14.59,14.26,14.72,14.24,118249,108.416,7.0004,0.0645698051948052
167,2020-09-10,14.41,13.91,14.47,13.91,95730,111.706,7.2128,0.06456949492417596
168,2020-09-11,13.88,14.1,14.15,13.79,65458,110.1393,7.1117,0.06457004901974137
169,2020-09-14,14.19,14.19,14.22,14.05,53693,108.9643,7.0358,0.06456977193447763
170,2020-09-15,14.19,14.2,14.23,14.09,42584,118.7562,7.8679,0.06625254091996881
171,2020-09-16,14.17,14.11,14.32,14.09,55934,120.7146,7.9977,0.06625296360175156
172,2020-09-17,14.09,14.1,14.2,13.98,55206,117.3462,7.7745,0.06625267797338133
173,2020-09-18,14.0,14.71,14.78,14.0,152223,125.7281,8.3298,0.06625249248179206
174,2020-09-21,15.05,14.61,15.17,14.6,138427,128.4698,8.5115,0.06625292481190131
175,2020-09-22,14.39,14.63,14.97,14.37,125912,142.7268,9.456,0.0662524487342251
176,2020-09-23,14.58,14.56,14.88,14.51,66905,131.5249,8.7139,0.06625285402231822
177,2020-09-24,14.45,14.26,14.64,14.25,65263,124.3964,8.2416,0.06625272113984006
178,2020-09-25,14.39,14.51,14.65,14.26,85313,127.6081,8.4544,0.06625284758569401
179,2020-09-28,14.44,14.47,14.6,14.42,46212,116.0145,7.6863,0.06625292528089162
180,2020-09-29,14.57,14.43,14.68,14.42,62508,115.3878,7.6448,0.0662531047476423
181,2020-09-30,14.47,14.14,14.54,14.09,63424,120.6363,7.9925,0.06625286087189344
182,2020-10-09,14.33,14.39,14.43,14.26,53557,114.9178,7.6136,0.06625257357867971
183,2020-10-12,14.5,14.86,14.88,14.5,122652,111.001,7.3541,0.06625255628327673
184,2020-10-13,14.72,14.65,14.73,14.49,87893,109.5127,7.2555,0.06625258988226936
185,2020-10-14,14.54,15.19,15.64,14.51,244388,105.2826,6.9753,0.06625311305001966
186,2020-10-15,15.1,14.89,15.43,14.85,177007,115.9361,7.6811,0.06625287550642121
187,2020-10-16,14.96,15.26,15.31,14.9,173767,116.8762,7.7434,0.0662530095947678
188,2020-10-19,15.45,15.34,15.59,15.22,220861,118.2862,7.8368,0.06625286804377857
189,2020-10-20,15.29,15.68,15.87,15.21,256748,117.4245,7.7797,0.06625278370357124
190,2020-10-21,15.66,15.23,15.68,15.13,173419,116.6412,7.7278,0.06625274774265011
191,2020-10-22,15.15,15.27,15.53,15.07,150432,117.8945,7.8108,0.06625245452502025
192,2020-10-23,15.09,14.83,15.26,14.79,115666,107.1626,7.0998,0.06625259185574071
193,2020-10-26,14.79,14.34,14.82,14.14,123541,106.8493,7.0791,0.06625312472800478
194,2020-10-27,14.22,14.4,14.49,14.22,60885,107.7109,7.1361,0.06625234771968297
195,2020-10-28,14.4,14.48,14.53,14.28,66622,103.4025,6.8507,0.0662527501752859
196,2020-10-29,14.26,14.54,14.62,14.25,85509,102.6192,6.7988,0.06625270904470118
197,2020-10-30,14.45,14.01,14.6,14.01,89387,104.7342,6.9389,0.06625247531369886
198,2020-11-02,14.09,14.02,14.34,13.91,78647,103.3242,6.8455,0.06625263007117403
199,2020-11-03,14.21,14.34,14.48,14.09,79132,104.1859,6.9026,0.0662527270964689
200,2020-11-04,14.38,14.34,14.41,14.19,57726,102.4625,6.7884,0.06625253141393192
201,2020-11-05,14.49,14.43,14.62,14.35,74310,102.3842,6.7832,0.06625241003983036
202,2020-11-06,14.43,14.4,14.6,14.29,89671,100.2691,6.6431,0.06625271394676924
203,2020-11-09,14.51,14.77,14.98,14.38,153811,99.0941,6.5653,0.06625318762671037
204,2020-11-10,14.79,14.51,14.84,14.47,96021,102.9325,6.8196,0.06625312704927987
205,2020-11-11,14.42,14.36,14.53,14.33,60755,114.3694,7.5773,0.06625286134228212
206,2020-11-12,14.37,14.27,14.43,14.25,46628,119.0696,7.8887,0.0662528470743162
207,2020-11-13,14.26,14.19,14.26,14.14,51018,113.7428,7.5358,0.06625298480431288
208,2020-11-16,14.31,14.32,14.36,14.19,42220,115.7795,7.6707,0.06625266130878092
209,2020-11-17,14.33,14.45,14.49,14.28,78925,116.7978,7.7382,0.06625296024411419
210,2020-11-18,14.46,14.44,14.65,14.4,84411,108.3376,7.1777,0.06625308295550206
211,2020-11-19,14.32,14.48,14.52,14.17,69076,108.0243,7.1569,0.06625268573830148
212,2020-11-20,14.49,14.56,14.58,14.44,70591,108.7293,7.2036,0.06625261084178782
213,2020-11-23,14.47,14.8,15.03,14.4,176982,108.4943,7.188,0.06625232846333863
214,2020-11-24,14.73,14.61,14.85,14.6,91833,107.8676,7.1465,0.0662525169745132
215,2020-11-25,14.71,14.4,14.8,14.4,69398,107.4759,7.1206,0.06625299253134889
216,2020-11-26,14.33,14.47,14.59,14.33,57720,106.6143,7.0635,0.06625283850290252
217,2020-11-27,14.42,14.69,14.71,14.41,77025,109.6693,7.2659,0.06625281642173333
218,2020-11-30,14.73,14.8,15.22,14.7,211070,109.6693,7.2659,0.06625281642173333
219,2020-12-01,14.64,15.17,15.39,14.56,260382,115.8578,7.6759,0.0662527684799815
