,日期,开盘,收盘,最高,最低,成交量,pe,pb,roe
0,2020-01-03,181.26,176.54,181.4,176.04,38434,43.5035,7.5736,0.17409173974507797
1,2020-01-06,175.86,177.71,179.1,174.06,35418,42.3682,7.3759,0.174090473515514
2,2020-01-07,176.82,179.71,180.07,176.82,28237,41.9237,7.2985,0.17409007315671088
3,2020-01-08,178.85,175.98,178.85,175.15,27980,42.4556,7.3911,0.17409010825427035
4,2020-01-09,177.31,182.33,182.7,176.83,44109,43.174,7.5162,0.1740908880344652
5,2020-01-10,182.9,186.8,188.15,182.46,48577,43.0589,7.4962,0.17409176732336404
6,2020-01-13,190.02,205.36,205.36,187.93,79039,43.2534,7.53,0.17409036052657134
7,2020-01-14,213.3,207.6,213.3,201.07,76324,43.5828,7.5874,0.17409161412300264
8,2020-01-15,206.0,205.55,208.19,202.08,42124,43.9361,7.6489,0.17409146464979822
9,2020-01-16,205.87,206.92,207.13,204.06,37748,43.0708,7.4982,0.1740901028074705
10,2020-01-17,207.42,203.46,208.84,202.86,31602,45.4206,7.9073,0.17409061086819638
11,2020-01-20,203.47,208.15,211.7,202.99,46299,45.6072,7.9398,0.1740909330105773
12,2020-01-21,205.51,207.05,212.46,205.51,35932,46.8297,8.1526,0.17409037427102883
13,2020-01-22,205.27,224.8,227.63,203.46,77029,46.6551,8.1222,0.17409029237961124
14,2020-01-23,220.86,214.25,225.29,209.15,62921,46.0041,8.0089,0.17409100493216909
15,2020-02-03,192.95,192.95,192.95,192.95,9103,47.7943,8.3206,0.17409188961863656
16,2020-02-04,183.66,200.18,205.02,183.66,67851,49.5765,8.6308,0.17409054693251844
17,2020-02-05,199.26,198.85,207.86,196.64,53703,46.5241,8.0994,0.17409041765450595
18,2020-02-06,196.96,201.67,203.94,196.46,41231,45.9089,7.9923,0.17409042691068616
19,2020-02-07,200.75,214.26,216.76,199.36,56043,42.1936,7.3455,0.1740903833756778
20,2020-02-10,210.2,213.41,221.03,210.2,45848,41.9038,7.2951,0.17409160983013475
21,2020-02-11,214.78,217.26,219.43,211.26,44291,40.8242,7.1071,0.17409036796801897
22,2020-02-12,216.77,218.65,219.78,212.98,43001,42.789,7.4492,0.1740914721073173
23,2020-02-13,218.74,227.89,231.11,218.72,61331,41.6696,7.2543,0.17409094399754255
24,2020-02-14,229.2,235.62,239.57,224.47,59609,42.4714,7.3939,0.17409127083166553
25,2020-02-17,239.05,259.06,259.06,233.88,67957,46.2978,8.5572,0.18482951673729636
26,2020-02-18,264.22,260.83,265.26,251.03,74225,45.5873,8.4259,0.18482998554421956
27,2020-02-19,256.86,261.54,273.64,255.89,62447,46.0319,8.508,0.1848283472982866
28,2020-02-20,261.42,265.27,267.65,258.07,48391,47.2148,8.7267,0.1848297567711819
29,2020-02-21,263.2,283.15,287.58,262.26,58605,46.5003,8.5946,0.18482891508226826
30,2020-02-24,283.15,311.34,311.34,277.38,61621,48.219,8.9123,0.18482963147307077
31,2020-02-25,301.4,305.58,328.54,282.19,109356,47.7705,8.8294,0.18482954961744172
32,2020-02-26,294.06,275.15,301.02,275.15,86201,48.5445,8.9724,0.18482835336649878
33,2020-02-27,274.62,266.58,275.05,257.35,80400,48.8223,9.0238,0.18482947341686073
34,2020-02-28,248.5,250.36,260.32,244.12,78654,48.7826,9.0165,0.18483024685031138
35,2020-03-02,261.66,275.27,275.27,259.26,63778,50.283,9.2938,0.1848298629755583
36,2020-03-03,289.24,269.17,295.24,267.04,91361,50.2116,9.2806,0.18482980028519308
37,2020-03-04,266.5,274.5,278.48,260.32,56205,48.0205,8.8756,0.1848293957788861
38,2020-03-05,285.8,272.46,292.86,264.19,72179,46.2507,8.5453,0.18476044686891224
39,2020-03-06,260.46,274.84,277.87,260.46,45582,46.5008,8.5915,0.18476026218903763
40,2020-03-09,271.26,269.93,283.26,262.92,58805,46.6358,8.6165,0.18476149224415578
41,2020-03-10,265.86,296.8,296.8,265.86,87865,46.6874,8.626,0.1847607705719316
42,2020-03-11,300.2,297.68,316.86,296.7,84967,46.6794,8.6245,0.18476030111783784
43,2020-03-12,288.23,301.73,301.86,285.66,68134,48.0967,8.8864,0.18476111666704786
44,2020-03-13,284.46,311.56,317.1,284.46,78516,48.6248,8.984,0.184761685395107
45,2020-03-16,314.46,288.42,321.06,280.52,87786,49.4227,9.1314,0.18476125343212732
46,2020-03-17,294.06,276.76,297.66,260.77,81930,48.1325,8.893,0.1847608164961305
47,2020-03-18,280.85,269.1,283.84,266.99,62686,48.6525,8.9891,0.1847613175068085
48,2020-03-19,266.46,274.14,281.57,246.06,80514,45.6949,8.4426,0.18476022488286442
49,2020-03-20,277.26,253.14,278.46,248.23,100315,46.2904,8.5527,0.18476185126937766
50,2020-03-23,240.06,231.44,250.86,228.06,78370,45.9371,8.4874,0.18476133669735353
51,2020-03-24,237.76,233.46,240.04,218.32,70927,46.1236,8.5219,0.18476224752621218
52,2020-03-25,244.26,251.16,252.84,241.38,73203,45.458,8.4084,0.18497074222359103
53,2020-03-26,247.26,247.78,253.48,245.04,35503,46.0573,8.5193,0.1849717634338096
54,2020-03-27,255.66,247.56,256.86,247.14,37695,49.213,9.103,0.18497145063296283
55,2020-03-30,241.15,240.68,245.21,231.66,42722,52.8213,9.7704,0.18497083562880884
56,2020-03-31,245.23,238.16,247.98,236.7,36308,54.8179,10.1398,0.1849724268897568
57,2020-04-01,238.86,240.06,245.59,234.06,40777,54.7782,10.1324,0.18497139372962237
58,2020-04-02,238.57,253.81,255.61,237.67,59795,55.0233,11.4998,0.20899873326390822
59,2020-04-03,250.15,250.26,254.32,247.98,34268,55.43,11.5848,0.20899873714594985
60,2020-04-07,259.26,257.08,262.73,255.29,49906,54.2216,11.3323,0.2089997344231819
61,2020-04-08,254.46,261.06,264.3,253.38,40760,54.4133,11.3723,0.20899853528457196
62,2020-04-09,266.34,271.33,277.02,264.06,46593,53.682,11.2195,0.20899929212771506
63,2020-04-10,273.65,272.34,282.86,266.1,54897,53.6937,11.2219,0.20899844860756475
64,2020-04-13,268.12,258.0,271.12,255.66,40944,56.353,11.7777,0.2089986336131173
65,2020-04-14,260.46,272.46,274.58,258.06,43895,55.1211,11.5202,0.20899800620814898
66,2020-04-15,275.3,269.38,280.34,268.86,39331,54.554,11.4017,0.20899842358030574
67,2020-04-16,267.66,272.83,275.52,263.23,35034,55.8602,11.6747,0.20899853563001922
68,2020-04-17,276.43,277.49,282.84,274.72,50467,55.4926,12.1355,0.21868681589977762
69,2020-04-20,277.27,285.0,286.67,276.3,39039,57.2681,12.5238,0.21868719234617529
70,2020-04-21,282.06,286.97,287.83,277.14,36833,57.8859,12.6589,0.2186871068774952
71,2020-04-22,282.66,280.64,285.08,276.06,34655,56.9239,12.4485,0.21868670277335175
72,2020-04-23,280.64,277.14,282.05,275.32,24148,56.3138,12.3151,0.2186870713750448
73,2020-04-24,277.14,272.16,281.93,268.62,27508,56.7675,12.4143,0.21868674857973314
74,2020-04-27,272.28,270.77,276.52,263.92,27193,57.5303,13.8726,0.24113554074983098
75,2020-04-28,273.3,276.47,282.73,268.26,37291,58.703,14.1554,0.24113588743335093
76,2020-04-29,274.87,269.96,276.02,269.46,26536,58.4089,14.0845,0.241136196709748
77,2020-04-30,273.0,281.34,287.58,273.0,46772,60.3944,14.5633,0.24113659544593538
78,2020-05-06,277.51,295.14,297.4,277.14,52963,61.5594,14.8442,0.24113620340679087
79,2020-05-07,303.66,299.68,305.75,293.46,52024,60.766,14.6529,0.24113649080077676
80,2020-05-08,299.68,308.82,310.48,299.68,44413,61.4046,14.8069,0.2411366575142579
81,2020-05-11,311.32,303.18,312.02,299.12,38471,59.659,14.3859,0.24113545315878576
82,2020-05-12,303.12,307.62,309.1,296.42,36203,59.0668,14.2431,0.2411354601908348
83,2020-05-13,307.9,302.27,309.9,295.41,64782,59.5003,14.3477,0.24113659931126397
84,2020-05-14,302.18,303.85,310.58,300.0,48141,56.9768,13.7392,0.2411367433762514
85,2020-05-15,306.82,310.2,321.1,302.17,64565,57.2322,13.8008,0.24113698232813
86,2020-05-18,310.08,287.6,310.08,283.2,121329,58.6372,14.1396,0.24113702564242495
87,2020-05-19,287.75,290.44,292.52,283.5,63174,62.1167,14.9786,0.24113644156885347
88,2020-05-20,290.66,288.07,293.92,284.09,43355,63.7462,15.3715,0.24113594222086962
89,2020-05-21,288.09,281.52,289.9,280.68,45411,63.7269,15.3668,0.24113521919315076
90,2020-05-22,281.69,274.46,284.88,272.28,42719,63.9359,15.4172,0.2411352620358828
91,2020-05-25,271.1,266.9,275.3,263.04,63562,62.9605,15.1821,0.2411369032965113
92,2020-05-26,270.5,268.08,273.96,265.56,58280,62.9566,15.1811,0.2411359571514345
93,2020-05-27,268.63,256.49,268.7,256.15,68275,67.0787,16.1751,0.24113615797563162
94,2020-05-28,256.67,258.47,260.69,252.2,48562,71.2355,17.1775,0.2411367927508054
95,2020-05-29,254.64,256.32,259.6,252.12,30843,74.9047,18.0622,0.24113573647581527
96,2020-06-01,258.17,266.58,269.12,258.17,68872,72.7837,17.5508,0.2411364082892186
97,2020-06-02,268.92,266.9,269.19,263.9,40549,75.1253,18.1154,0.24113580910824983
98,2020-06-03,267.36,265.56,270.58,262.72,49450,71.0575,17.1345,0.2411356999612989
99,2020-06-04,266.23,263.93,267.58,262.84,29021,69.9273,16.862,0.24113615140295705
100,2020-06-05,265.39,268.63,269.47,264.1,41589,68.1121,16.4243,0.2411363032412743
101,2020-06-08,271.46,268.9,277.99,268.58,50573,65.4182,15.7747,0.24113625871699312
102,2020-06-09,269.76,268.42,272.16,265.11,39982,64.4855,15.5498,0.2411363794961658
103,2020-06-10,268.08,261.34,268.08,260.23,53301,65.1277,16.395,0.2517362044107192
104,2020-06-11,261.29,260.37,264.85,259.68,52690,64.5612,16.2523,0.2517347880770494
105,2020-06-12,254.56,259.21,259.98,251.31,59257,63.748,16.0476,0.25173495639078874
106,2020-06-15,255.48,255.72,259.01,252.96,43523,64.3954,16.2106,0.2517353724023766
107,2020-06-16,259.93,271.1,274.63,259.93,101772,61.4086,15.4587,0.25173509899264923
108,2020-06-17,273.12,270.52,273.96,265.9,60788,62.8115,15.8119,0.25173574902685014
109,2020-06-18,271.46,277.54,280.66,269.93,74970,62.9965,15.8585,0.25173620756708703
110,2020-06-19,277.61,277.25,279.18,273.62,54461,63.062,15.875,0.251736386413371
111,2020-06-22,278.97,276.45,282.14,275.47,62970,61.451,15.4694,0.2517355291207629
112,2020-06-23,274.63,270.33,275.77,267.36,65866,61.5859,15.5034,0.25173619286232723
113,2020-06-24,270.11,283.35,285.97,269.89,104974,58.0557,14.6147,0.25173583300175517
114,2020-06-29,281.44,280.53,281.5,276.48,60599,58.8573,14.8165,0.251735978374815
115,2020-06-30,283.2,284.07,288.16,281.55,64604,59.1233,14.8834,0.25173493360485627
116,2020-07-01,284.59,286.54,290.74,279.84,77259,59.3468,14.9397,0.25173556114230256
117,2020-07-02,285.69,282.54,287.57,280.85,77385,60.9693,15.3481,0.2517348895263682
118,2020-07-03,284.58,286.59,288.21,281.2,74508,61.0811,15.3763,0.25173580698448456
119,2020-07-06,288.16,298.29,301.68,288.07,97508,61.0194,15.3608,0.25173633303506754
120,2020-07-07,304.69,306.17,317.64,298.32,113175,59.9403,15.0891,0.25173547679941544
121,2020-07-08,305.96,311.07,313.44,303.36,83063,60.3141,15.1832,0.2517354980012965
122,2020-07-09,310.9,328.73,335.28,308.35,108090,60.6224,15.2608,0.25173533215445115
123,2020-07-10,322.73,318.56,328.56,315.14,99113,60.5492,15.2424,0.25173577850739565
124,2020-07-13,328.88,327.77,331.08,321.64,101254,58.1945,14.6496,0.25173512960846817
125,2020-07-14,325.37,311.84,325.37,306.05,125284,58.6878,14.7738,0.2517354543874536
126,2020-07-15,311.76,293.8,313.44,293.28,123669,58.233,14.6593,0.2517352703793382
127,2020-07-16,293.85,275.91,300.84,270.77,107274,60.8922,15.3287,0.25173503338687053
128,2020-07-17,275.91,275.93,279.84,269.76,74778,60.6224,15.2608,0.25173533215445115
129,2020-07-20,277.03,280.16,281.39,269.59,71211,62.3567,15.6974,0.2517355793363023
130,2020-07-21,281.49,279.25,283.89,276.46,57829,63.9754,16.1049,0.25173582345714135
131,2020-07-22,279.42,279.34,283.2,275.64,69876,65.4784,16.4832,0.25173492327240743
132,2020-07-23,278.16,272.26,278.16,265.54,86635,66.0218,16.62,0.2517350329739571
133,2020-07-24,269.76,257.16,272.78,256.34,83124,65.3705,16.4561,0.25173587474472425
134,2020-07-27,258.92,251.06,259.68,246.32,79971,70.554,17.761,0.25173625875216143
135,2020-07-28,254.66,249.95,255.97,247.15,58322,69.0973,17.3942,0.2517348724190381
136,2020-07-29,250.59,260.91,261.34,250.56,78871,68.735,17.303,0.25173492398341457
137,2020-07-30,263.07,259.02,263.54,256.39,59273,70.2793,17.0356,0.2423985440947761
138,2020-07-31,258.91,261.6,267.24,258.0,65704,69.2608,16.7887,0.2423982974496396
139,2020-08-03,263.54,269.17,269.31,261.7,69342,70.5546,17.1024,0.24239950336335264
140,2020-08-04,270.1,266.4,271.05,262.89,64359,68.4569,16.5939,0.2423992322176435
141,2020-08-05,276.5,269.84,280.76,268.92,76449,67.4164,16.3417,0.24239947549854338
142,2020-08-06,269.81,264.79,269.81,262.54,49858,64.2506,15.5743,0.24239929276925037
143,2020-08-07,263.04,256.17,264.13,251.28,59245,61.641,14.9417,0.2423987281192713
144,2020-08-10,254.32,257.45,259.48,252.62,42851,63.133,15.3034,0.24239937908859074
145,2020-08-11,257.76,252.36,258.72,252.12,47873,61.8254,14.9864,0.24239875520417173
146,2020-08-12,252.12,246.51,252.79,241.03,65607,62.1447,15.0638,0.24239878863362443
147,2020-08-13,249.15,244.56,249.15,243.69,33030,63.2872,15.3408,0.24239972695900594
148,2020-08-14,245.74,247.18,248.26,243.85,38885,64.091,15.5356,0.24239908879561875
149,2020-08-17,247.2,251.31,252.0,246.54,52905,65.5417,15.8873,0.24239987671970667
150,2020-08-18,250.74,248.66,252.39,247.92,46039,65.0903,15.7778,0.2423986369704856
151,2020-08-19,248.42,241.03,248.51,240.53,64345,63.367,15.3601,0.24239904051004466
152,2020-08-20,241.23,242.61,247.1,241.2,54978,62.2989,15.1012,0.24239914348407435
153,2020-08-21,245.37,237.0,246.22,235.03,79028,61.5061,14.909,0.24239872142763075
154,2020-08-24,237.0,239.44,242.34,226.63,80121,62.2136,15.0805,0.24239876811501024
155,2020-08-25,239.47,244.73,245.7,239.45,67889,58.8964,14.2764,0.24239851671749038
156,2020-08-26,244.9,233.3,244.98,232.55,67793,62.186,15.0738,0.24239861061975365
157,2020-08-27,232.8,233.25,236.82,230.15,49387,61.9548,15.9145,0.25687275239368057
158,2020-08-28,233.35,236.4,236.97,230.82,50205,59.5984,15.3092,0.25687266772262346
159,2020-08-31,236.92,235.57,242.78,235.42,54678,58.6845,15.0745,0.2568736208027673
160,2020-09-01,236.16,240.76,240.86,232.97,43844,57.1209,14.6728,0.25687270333625695
161,2020-09-02,242.68,239.02,242.71,237.0,38896,57.9357,14.8821,0.25687270543033053
162,2020-09-03,239.52,234.48,239.52,233.64,44078,54.781,14.0718,0.25687373359376425
163,2020-09-04,230.28,234.65,238.43,229.44,41031,54.346,13.96,0.25687263092039897
164,2020-09-07,234.58,226.2,235.69,226.2,55005,54.9241,14.1085,0.2568726660973962
165,2020-09-08,226.18,210.93,227.71,209.67,108644,56.5015,14.5137,0.2568728263851402
166,2020-09-09,206.42,197.57,207.57,197.54,104565,56.551,14.5264,0.256872557514456
167,2020-09-10,201.05,195.03,202.88,194.9,67245,57.3273,14.7258,0.2568723801748905
168,2020-09-11,194.88,197.82,198.02,194.24,52186,53.2669,13.6828,0.2568724667664159
169,2020-09-14,199.42,197.03,201.67,195.45,51225,52.8045,13.564,0.2568720468899431
170,2020-09-15,197.52,198.53,200.68,194.38,52204,57.7815,14.8425,0.25687287453596735
171,2020-09-16,199.35,196.01,199.37,195.17,35250,110.678,15.4318,0.1394296969587452
172,2020-09-17,195.99,208.52,211.72,191.64,108819,108.6338,15.1468,0.13942990119097373
173,2020-09-18,205.08,206.19,207.11,201.75,75624,111.739,15.5797,0.1394293845479197
174,2020-09-21,206.14,211.78,214.67,205.26,76727,116.4698,16.2393,0.13942927694561164
175,2020-09-22,208.94,208.41,211.77,207.43,39441,125.8536,17.5477,0.1394294640757197
176,2020-09-23,208.94,206.17,209.28,204.44,35438,121.8674,16.9919,0.13942941262388464
177,2020-09-24,202.71,200.17,204.74,199.7,40817,120.2272,16.7632,0.13942934710281868
178,2020-09-25,201.72,200.21,202.86,198.36,26231,119.867,16.713,0.13942953440062736
179,2020-09-28,199.32,199.99,203.4,196.68,31875,108.9696,15.1936,0.13942971250697442
180,2020-09-29,201.8,199.42,203.89,199.33,34746,110.9602,15.4711,0.13942927283836906
181,2020-09-30,200.34,198.36,201.43,197.18,25950,109.9966,15.3368,0.13942976419271141
182,2020-10-09,201.64,205.89,206.66,201.43,49708,110.824,15.4521,0.13942918501407636
183,2020-10-12,208.61,215.16,215.16,208.44,69594,108.663,15.1508,0.13942924454506134
184,2020-10-13,216.02,215.46,216.67,213.66,45012,111.1355,15.4956,0.1394297951599624
185,2020-10-14,214.32,209.11,214.32,207.7,54848,101.0314,15.968,0.1580498736036519
186,2020-10-15,209.95,209.28,210.93,207.38,31203,107.6117,17.008,0.15804972879343046
187,2020-10-16,207.58,208.1,209.67,206.93,25909,111.0868,17.5572,0.1580493812046076
188,2020-10-19,209.87,204.83,211.8,204.66,31392,123.4298,19.508,0.15804935274949808
189,2020-10-20,204.24,206.73,206.76,203.48,24780,125.766,19.8773,0.1580498703942242
190,2020-10-21,206.78,199.45,207.26,198.44,42563,114.3331,18.0703,0.15804959368721744
191,2020-10-22,199.45,202.48,203.38,197.47,31437,107.0812,16.9241,0.1580492187237349
192,2020-10-23,203.89,197.47,205.05,196.68,30675,105.5675,16.6849,0.15804958912544106
193,2020-10-26,195.84,195.59,196.83,193.66,22414,105.2803,16.6395,0.15804951163702993
194,2020-10-27,194.98,198.6,199.07,193.59,22984,104.56,16.5257,0.1580499234889059
195,2020-10-28,187.59,182.4,191.64,179.93,105114,95.0545,15.0233,0.15804932959512702
196,2020-10-29,179.06,179.01,181.81,175.83,60347,91.9201,14.5279,0.15804921883244252
197,2020-10-30,180.89,183.74,190.58,180.55,76105,88.1725,13.9356,0.15804927840313024
198,2020-11-02,184.75,175.43,185.41,170.62,95076,87.6079,13.8464,0.15804967360249475
199,2020-11-03,175.44,180.0,182.28,174.39,66201,86.0455,13.5995,0.15805010139984077
200,2020-11-04,182.06,181.22,185.04,180.05,51254,86.3911,13.6541,0.1580498454123168
201,2020-11-05,184.58,196.95,197.52,181.69,120355,81.2855,12.8471,0.15804909854771146
202,2020-11-06,195.89,199.55,202.19,195.89,101103,80.1417,12.6664,0.1580500538421321
203,2020-11-09,207.6,212.47,213.68,204.26,125983,80.682,12.7517,0.1580488832701222
204,2020-11-10,212.64,204.93,212.64,204.24,74851,77.7471,12.2879,0.1580496250020901
205,2020-11-11,204.24,197.35,204.83,197.32,58174,86.3862,13.6533,0.1580495495808358
206,2020-11-12,200.31,200.11,203.85,198.02,43441,90.6644,14.3295,0.1580499071300312
207,2020-11-13,199.7,200.85,202.17,195.84,38812,83.466,13.1918,0.15804998442479573
208,2020-11-16,200.88,195.67,201.8,195.55,46108,83.9137,13.2625,0.15804928158334097
209,2020-11-17,195.37,194.88,196.95,189.12,48295,82.0107,12.9618,0.15805010809565093
210,2020-11-18,195.0,184.94,196.8,184.92,73867,83.4124,13.1833,0.15804964249919673
211,2020-11-19,183.56,188.6,189.49,181.83,51936,82.8576,13.0956,0.1580494728304947
212,2020-11-20,188.45,187.1,190.46,185.61,35014,83.6899,13.2271,0.15804894019469495
213,2020-11-23,186.89,185.71,187.99,183.66,41680,82.7797,13.0833,0.15804961844510187
214,2020-11-24,186.85,184.89,188.28,184.26,38890,75.2552,11.894,0.15804887901434053
215,2020-11-25,184.9,185.37,187.61,182.22,43980,73.4397,11.6071,0.15804939290329345
216,2020-11-26,185.66,182.33,186.23,181.9,35181,70.865,11.2002,0.15804981302476542
217,2020-11-27,182.11,180.08,183.68,179.09,39729,72.3787,11.4394,0.15804926034869374
218,2020-11-30,180.1,181.96,183.36,178.22,45388,71.5659,11.311,0.15805013281465055
219,2020-12-01,181.51,186.77,187.24,180.72,55445,71.0938,11.2363,0.15804894378975382
