,日期,开盘,收盘,最高,最低,成交量,pe,pb,roe
0,2020-01-03,46.42,47.15,47.83,46.27,67328,44.2589,6.44,0.14550745725718445
1,2020-01-06,46.39,46.08,46.95,45.75,86197,43.9823,6.3997,0.14550626047296297
2,2020-01-07,46.5,46.8,46.92,46.1,57969,39.9831,5.8178,0.14550647648631546
3,2020-01-08,47.0,46.4,47.08,45.7,75511,37.9994,5.5292,0.14550756064569442
4,2020-01-09,46.49,48.72,48.8,46.48,113542,37.462,5.451,0.14550744754684744
5,2020-01-10,48.71,50.5,51.35,48.71,106315,38.1338,5.5487,0.14550608646397684
6,2020-01-13,50.28,50.76,51.36,49.37,81023,39.1691,5.6994,0.14550755570079477
7,2020-01-14,51.7,50.17,52.06,49.8,91941,40.0701,5.8305,0.145507498109563
8,2020-01-15,50.2,49.8,50.56,48.98,72965,39.7223,5.7799,0.14550768711781542
9,2020-01-16,50.0,50.01,50.6,49.07,56308,39.0585,5.6833,0.14550737995570745
10,2020-01-17,50.0,49.3,50.41,49.1,43813,39.9436,5.8121,0.14550766580879038
11,2020-01-20,49.5,51.12,51.75,49.1,77529,39.7777,5.7879,0.1455061504310204
12,2020-01-21,50.62,50.46,51.6,50.42,55963,41.3899,6.0225,0.1455065124583534
13,2020-01-22,50.3,51.96,51.96,48.6,101271,42.5438,6.1904,0.14550651328748257
14,2020-01-23,50.7,50.48,52.23,49.1,77089,41.2714,6.0053,0.14550754275357755
15,2020-02-03,45.48,45.48,46.18,45.48,34347,42.5596,6.1927,0.14550653671557062
16,2020-02-04,43.1,44.8,46.11,43.1,100387,42.9548,6.2502,0.1455064393269204
17,2020-02-05,44.5,45.38,47.0,44.3,99059,41.0264,5.9696,0.1455063081332995
18,2020-02-06,45.45,44.51,45.93,42.86,113273,41.635,6.0582,0.14550738561306595
19,2020-02-07,44.36,43.39,44.37,42.5,123377,40.8683,5.9466,0.14550641940085593
20,2020-02-10,42.72,42.98,43.06,41.0,136299,41.0738,5.9765,0.14550638119677264
21,2020-02-11,43.2,47.23,47.23,43.2,153475,39.9515,5.8132,0.14550642654218238
22,2020-02-12,48.0,47.54,48.35,46.5,137671,38.687,5.7946,0.14978158037583686
23,2020-02-13,46.6,47.52,48.8,46.51,104998,41.3504,6.1936,0.14978331527627303
24,2020-02-14,47.29,48.9,50.25,47.0,112722,43.0813,6.4528,0.14978192394379927
25,2020-02-17,48.56,49.6,50.35,48.02,103839,42.3384,6.3415,0.14978128601931107
26,2020-02-18,49.35,49.11,49.83,48.38,87949,41.2556,6.1794,0.1497833021456481
27,2020-02-19,49.0,48.39,49.93,48.0,93466,39.7302,5.9509,0.14978278488404284
28,2020-02-20,48.28,48.54,49.58,48.0,113364,41.1449,6.1628,0.14978284064367636
29,2020-02-21,48.54,51.71,51.88,48.37,183214,41.6903,6.2445,0.14978304305797752
30,2020-02-24,51.5,53.57,54.79,50.76,218439,42.3779,6.3475,0.14978325967072462
31,2020-02-25,51.5,54.53,55.45,51.0,191859,42.7651,6.4055,0.14978335137764207
32,2020-02-26,53.37,49.13,54.2,49.13,205020,40.8604,6.1202,0.14978316413936232
33,2020-02-27,48.7,47.39,49.13,46.34,148529,42.283,6.3333,0.14978360097438687
34,2020-02-28,44.27,42.71,45.05,42.7,175810,43.5871,6.5286,0.14978284859511184
35,2020-03-02,43.3,43.77,44.9,42.95,144106,46.3612,6.9441,0.14978257680991863
36,2020-03-03,45.26,43.65,45.85,43.1,150234,43.429,6.5049,0.14978240346312371
37,2020-03-04,43.0,42.13,43.0,40.18,209950,46.5034,6.9654,0.14978259654132817
38,2020-03-05,43.27,43.1,43.5,41.55,160099,45.1994,6.7701,0.14978296172073083
39,2020-03-06,41.62,42.78,43.09,41.6,96288,45.231,6.7748,0.14978222900223298
40,2020-03-09,41.78,39.95,41.78,39.8,143697,44.9623,6.7346,0.14978326286689073
41,2020-03-10,39.4,41.44,41.68,38.6,200779,45.3416,6.7914,0.14978298075056903
42,2020-03-11,41.71,40.65,42.01,40.57,120860,44.8121,6.7121,0.1497832058751989
43,2020-03-12,39.7,39.27,40.1,38.86,138391,45.8949,6.8742,0.14978134825438122
44,2020-03-13,35.97,38.52,38.77,35.97,114578,44.7252,6.699,0.14978133132998844
45,2020-03-16,38.57,35.82,39.0,35.46,131917,44.8516,6.718,0.14978283940818166
46,2020-03-17,35.82,35.86,38.5,33.35,162239,45.5708,6.8257,0.14978231674668868
47,2020-03-18,36.46,34.21,37.1,34.21,155966,44.6066,6.6813,0.1497827675725117
48,2020-03-19,34.54,34.31,34.9,33.1,192121,43.0022,6.441,0.14978303435638177
49,2020-03-20,34.96,34.42,35.16,33.85,103407,42.8758,6.422,0.14978146180362814
50,2020-03-23,33.28,31.03,33.47,31.03,169726,43.2077,6.4718,0.14978348766539296
51,2020-03-24,31.7,31.32,31.81,29.87,166694,39.2956,5.8858,0.14978267286922708
52,2020-03-25,32.11,33.53,34.39,32.11,188113,38.2839,5.7343,0.14978359049104192
53,2020-03-26,33.4,32.84,33.75,32.68,117200,36.7507,5.5046,0.14978218101968124
54,2020-03-27,33.76,32.38,33.76,32.36,92815,37.1616,5.5662,0.1497836476362697
55,2020-03-30,31.63,31.22,31.81,30.48,115105,36.3476,5.4442,0.14978155366516635
56,2020-03-31,31.9,32.26,32.99,31.72,113357,37.4383,5.6076,0.1497824420446441
57,2020-04-01,32.36,33.17,34.47,32.31,167298,38.5289,5.771,0.1497836688823195
58,2020-04-02,33.03,36.09,36.3,33.02,228193,39.5168,5.9189,0.14978186492833426
59,2020-04-03,35.63,36.78,37.58,35.4,158321,38.1021,5.707,0.14978177055857814
60,2020-04-07,37.9,37.03,38.46,36.49,154041,38.6475,5.7887,0.1497820040106087
61,2020-04-08,36.82,38.19,38.9,36.61,147930,38.3946,5.7508,0.1497814796872477
62,2020-04-09,38.5,37.65,38.65,37.39,88501,38.1654,5.7165,0.1497822635161691
63,2020-04-10,37.38,36.31,37.38,35.96,109351,38.1259,5.7106,0.14978269365444488
64,2020-04-13,35.91,35.51,36.17,34.61,93834,39.4457,5.9083,0.14978311957957394
65,2020-04-14,36.76,37.5,37.6,36.4,120191,40.2519,6.029,0.14978174943294603
66,2020-04-15,37.4,39.7,39.98,37.4,184123,37.3987,5.6017,0.14978328123704837
67,2020-04-16,39.1,39.4,39.6,38.68,81930,35.7153,5.3495,0.14978174619840798
68,2020-04-17,39.6,39.71,40.8,39.16,125510,36.1816,5.4194,0.14978331527627303
69,2020-04-20,39.73,39.68,39.98,39.11,68223,37.541,5.623,0.14978290402493277
70,2020-04-21,39.44,37.86,39.44,36.92,158493,37.2486,5.5792,0.1497828106291243
71,2020-04-22,37.34,38.38,38.68,37.23,91193,36.5057,5.4679,0.14978208882448496
72,2020-04-23,38.7,38.25,38.76,38.14,58638,36.0789,5.404,0.1497828370598882
73,2020-04-24,38.22,37.82,38.56,37.64,48650,36.7744,5.6558,0.1537972067525235
74,2020-04-27,37.34,37.47,38.28,37.34,50514,37.6517,5.7908,0.15379916444675806
75,2020-04-28,37.65,39.31,39.8,36.41,124815,37.8888,5.8272,0.15379742826376133
76,2020-04-29,39.14,40.8,41.2,38.86,119374,38.6949,5.9512,0.15379804573729355
77,2020-04-30,41.19,42.29,43.37,40.47,137567,39.3588,6.0533,0.15379788001666717
78,2020-05-06,42.6,44.01,44.38,42.6,139557,40.3072,6.1992,0.1537988250238171
79,2020-05-07,44.5,43.77,44.78,43.29,107115,40.0859,6.1651,0.1537972204690427
80,2020-05-08,44.15,43.38,44.16,42.9,100964,40.7814,6.2721,0.1537980549956598
81,2020-05-11,43.66,42.88,43.94,42.52,79853,40.3072,6.1992,0.1537988250238171
82,2020-05-12,43.3,43.63,44.25,42.53,81916,38.6238,5.9403,0.15379895297717985
83,2020-05-13,43.53,43.69,43.98,43.05,63752,38.5447,5.9281,0.15379805783933978
84,2020-05-14,43.05,42.73,43.45,42.72,66528,37.3434,5.7434,0.15379960046487465
85,2020-05-15,43.09,42.38,43.55,41.98,99302,35.9603,5.5306,0.15379738211305247
86,2020-05-18,40.94,41.5,42.29,40.39,127930,35.0514,5.3909,0.15379984822289552
87,2020-05-19,42.04,42.9,43.25,41.94,85082,38.1891,5.8734,0.15379781141739396
88,2020-05-20,42.98,41.12,42.98,40.78,169880,39.3272,6.0485,0.1537994060090726
89,2020-05-21,41.13,40.1,41.6,40.06,68013,39.5564,6.0837,0.1537981211637055
90,2020-05-22,40.49,41.09,41.32,39.9,82061,37.9915,5.843,0.15379755998052194
91,2020-05-25,41.0,40.41,42.05,40.21,72986,37.3434,5.7434,0.15379960046487465
92,2020-05-26,40.87,43.12,43.39,40.4,109508,37.3197,5.7397,0.15379812806640997
93,2020-05-27,43.3,42.59,43.45,42.5,69067,39.4615,6.0691,0.15379800565107762
94,2020-05-28,42.22,41.36,42.57,40.8,84096,40.734,6.2648,0.1537978101831394
95,2020-05-29,41.19,42.51,43.4,40.93,70444,41.6508,6.4058,0.15379776618936492
96,2020-06-01,43.04,46.71,46.71,43.04,160849,41.2951,6.3511,0.15379790822639974
97,2020-06-02,47.4,48.3,49.12,46.65,179257,42.9074,6.5991,0.1537986454550963
98,2020-06-03,48.56,49.45,51.5,47.71,162046,41.4927,6.3815,0.15379813798571798
99,2020-06-04,50.0,50.5,51.83,49.6,106034,41.0185,6.3086,0.15379889562026888
100,2020-06-05,50.59,49.97,51.48,49.1,102354,39.3351,6.0497,0.1537990242811128
101,2020-06-08,50.86,51.23,51.96,50.16,81054,38.7265,5.9561,0.15379907815062038
102,2020-06-09,53.4,49.52,53.4,49.2,129608,39.0505,6.0059,0.1537982868337153
103,2020-06-10,50.5,49.33,50.5,49.0,105964,38.9478,5.9901,0.15379816061497698
104,2020-06-11,49.5,49.65,50.49,48.65,100846,39.5643,6.0849,0.1537977419036859
105,2020-06-12,48.48,48.41,49.27,47.81,115664,39.3667,6.0545,0.15379749890135572
106,2020-06-15,48.39,47.24,48.67,47.0,78883,39.912,6.1384,0.1537983563840449
107,2020-06-16,48.0,47.9,49.27,47.4,78979,40.8367,6.2806,0.1537979317623608
108,2020-06-17,48.4,47.73,48.43,47.02,64161,38.0626,5.854,0.15379926752244985
109,2020-06-18,47.58,49.25,50.03,47.03,162883,38.3946,5.905,0.15379766946393506
110,2020-06-19,49.65,49.58,51.1,49.32,152726,38.1338,5.8649,0.15379794303216568
111,2020-06-22,49.59,49.16,50.26,49.1,91874,36.9324,5.6801,0.15379720787167908
112,2020-06-23,49.14,52.67,53.5,48.48,167359,37.462,5.4315,0.14498692007901337
113,2020-06-24,52.68,51.5,52.95,51.26,108052,36.9403,5.3559,0.14498799414189922
114,2020-06-29,51.0,50.81,51.97,50.2,85064,37.865,5.4899,0.14498613495312293
115,2020-06-30,49.38,51.06,52.4,49.38,138140,38.8451,5.632,0.1449861115044111
116,2020-07-01,50.8,50.28,50.99,48.98,154037,38.5922,5.5953,0.1449852560880178
117,2020-07-02,50.0,50.41,50.69,49.33,99789,38.7423,5.6171,0.1449862295217372
118,2020-07-03,51.77,50.0,52.84,49.05,150925,40.0938,5.8131,0.14498750430241086
119,2020-07-06,49.93,50.77,51.32,48.68,205482,39.098,5.6687,0.14498695585451943
120,2020-07-07,50.99,52.9,53.63,50.66,271450,39.5168,5.7294,0.14498643614867598
121,2020-07-08,53.63,53.5,54.09,52.2,207423,38.687,5.6091,0.14498668803474035
122,2020-07-09,53.96,55.29,56.1,53.85,211613,37.7781,5.4773,0.14498611629489042
123,2020-07-10,55.0,53.25,55.0,53.1,162371,36.5215,5.2951,0.14498583026436482
124,2020-07-13,53.31,53.7,54.2,52.71,189341,33.2021,4.8139,0.14498781703566943
125,2020-07-14,53.71,52.54,53.72,51.32,142723,32.2932,4.6821,0.14498717996358368
126,2020-07-15,52.39,50.93,53.15,50.85,116647,33.2653,4.823,0.14498591625507662
127,2020-07-16,50.89,48.22,51.96,48.2,132721,33.6842,4.8837,0.14498488905777784
128,2020-07-17,48.21,48.25,49.09,47.32,100000,31.5423,4.5732,0.1449862565507271
129,2020-07-20,48.72,49.07,49.48,47.66,97182,32.0798,4.6511,0.14498531786357768
130,2020-07-21,49.08,51.05,51.06,48.38,111403,31.2973,4.5377,0.1449869477558767
131,2020-07-22,50.99,50.76,51.28,50.07,82383,32.1035,4.6546,0.14498730667995705
132,2020-07-23,50.03,49.32,50.5,48.6,96735,33.5103,4.8585,0.14498527318466262
133,2020-07-24,48.96,45.35,49.19,44.76,163816,32.4038,4.6981,0.14498608187928577
134,2020-07-27,45.49,46.5,47.45,45.36,112122,33.0993,4.799,0.14498796047046314
135,2020-07-28,47.04,48.25,49.48,47.04,121254,33.3759,4.8391,0.1449878505148925
136,2020-07-29,48.24,49.77,49.82,47.72,106762,34.1347,4.9491,0.1449873589045751
137,2020-07-30,50.8,49.87,51.27,49.77,93164,34.0872,4.9422,0.1449869745828346
138,2020-07-31,51.0,52.0,53.04,51.0,270515,33.4945,4.8562,0.14498499753690905
139,2020-08-03,53.3,52.6,53.75,52.1,142703,33.8896,4.9135,0.1449854822718474
140,2020-08-04,52.72,51.72,52.97,50.82,107268,34.1979,4.9582,0.1449855108062191
141,2020-08-05,52.1,52.0,52.66,51.0,66565,34.3876,4.9857,0.14498540171457153
142,2020-08-06,51.75,50.8,52.49,50.62,79969,33.0282,4.7886,0.14498519447018002
143,2020-08-07,50.5,49.96,51.45,49.0,67386,31.8506,4.6976,0.1474885873421537
144,2020-08-10,48.89,48.94,49.48,47.71,102032,30.673,4.524,0.1474912789749943
145,2020-08-11,49.05,48.64,50.17,48.5,57349,29.2188,4.3095,0.1474906567004805
146,2020-08-12,48.0,47.53,48.6,46.67,101169,29.4954,4.3503,0.14749079517484082
147,2020-08-13,48.25,46.65,48.75,46.49,122521,29.8352,4.4004,0.14749021290287984
148,2020-08-14,47.12,47.19,47.76,46.3,78002,29.938,4.4155,0.14748814216046496
149,2020-08-17,47.84,48.13,48.29,47.0,96509,29.527,4.3549,0.14748873912012733
150,2020-08-18,48.36,48.5,48.67,47.49,100047,30.9654,4.5671,0.1474904247967086
151,2020-08-19,48.2,46.78,48.68,46.57,71297,30.9891,4.5706,0.14749056926467694
152,2020-08-20,46.85,46.19,47.33,45.9,62050,30.7441,4.5344,0.14748846120068565
153,2020-08-21,46.76,48.32,48.7,46.59,134444,30.9812,4.5694,0.14748944521193497
154,2020-08-24,49.32,51.93,52.2,47.75,197406,29.2425,4.313,0.14749080960930153
155,2020-08-25,51.93,50.91,52.51,50.68,181218,27.6697,4.081,0.14748985352208374
156,2020-08-26,51.36,49.24,51.46,48.71,102441,28.302,4.1743,0.14749134336795985
157,2020-08-27,49.24,49.29,50.18,48.88,62124,29.361,4.3305,0.14749157045059771
158,2020-08-28,49.29,49.58,49.82,47.85,65437,29.7878,4.3934,0.1474899119773867
159,2020-08-31,49.5,49.9,50.58,49.44,70276,28.871,4.2582,0.14749056146305983
160,2020-09-01,49.48,49.21,50.06,47.69,82943,28.6734,4.229,0.1474886131397044
161,2020-09-02,49.93,51.0,51.97,49.61,167658,28.1281,4.1486,0.14748952115500158
162,2020-09-03,50.4,49.75,50.98,49.53,61323,25.8203,3.8082,0.14748860392791718
163,2020-09-04,48.57,48.37,49.38,48.1,66015,25.1011,3.7022,0.14749154419527433
164,2020-09-07,48.34,46.99,49.0,46.92,72731,25.6231,3.5819,0.13979182846728147
165,2020-09-08,46.45,48.02,48.5,46.06,73462,26.5906,3.7172,0.13979376170526428
166,2020-09-09,47.27,47.5,47.68,46.21,62261,26.9743,3.7708,0.13979232083872425
167,2020-09-10,47.96,49.44,50.5,47.66,113364,27.5498,3.8512,0.13979048849719417
168,2020-09-11,49.6,50.72,51.35,49.43,117349,25.7065,3.5936,0.1397934374574524
169,2020-09-14,50.88,55.67,55.69,50.78,357564,25.4646,3.5597,0.1397901400375423
170,2020-09-15,54.36,55.25,56.14,54.16,177279,28.2921,3.955,0.1397916732939584
171,2020-09-16,55.25,55.41,57.48,54.69,143553,28.2004,3.9422,0.13979234337101604
172,2020-09-17,56.45,57.44,58.3,54.7,127483,28.117,3.9305,0.13979087384856137
173,2020-09-18,57.44,58.55,59.2,56.6,123478,29.4932,4.1229,0.13979154516973402
174,2020-09-21,58.0,57.75,58.22,55.88,109700,29.4598,4.1183,0.139793888621104
175,2020-09-22,57.09,57.59,58.86,57.08,79287,31.7119,4.4331,0.13979294838845985
176,2020-09-23,58.5,59.07,60.24,57.37,86715,32.3374,4.5205,0.13979169630211458
177,2020-09-24,58.52,57.7,59.8,57.4,75209,33.4885,4.6814,0.13979127163055974
178,2020-09-25,58.66,58.37,59.4,57.75,67599,34.1474,4.7735,0.13979102362112492
179,2020-09-28,58.99,57.89,59.44,57.66,55261,32.9046,4.5998,0.13979200476529116
180,2020-09-29,58.7,58.23,59.41,56.95,79666,35.2651,4.9298,0.13979259948220765
181,2020-09-30,58.88,58.19,58.88,57.6,53630,35.532,4.9671,0.1397922998986829
182,2020-10-09,59.6,59.84,62.57,58.54,136119,34.7229,4.854,0.13979247125096117
183,2020-10-12,59.84,55.95,61.5,55.08,233886,35.9907,5.0312,0.1397916684032264
184,2020-10-13,56.68,59.66,60.03,55.94,129388,36.0908,5.0452,0.13979185831292185
185,2020-10-14,58.95,56.15,58.95,55.81,130505,35.2067,4.9216,0.13979157376294854
186,2020-10-15,55.4,54.5,56.21,54.33,73769,39.1102,5.8402,0.1493267740896237
187,2020-10-16,54.08,52.7,54.84,52.08,84723,40.5615,6.0569,0.14932633161988584
188,2020-10-19,53.9,55.11,57.02,53.9,151768,45.0655,6.7295,0.14932709056817298
189,2020-10-20,54.56,54.62,55.85,54.08,59445,44.2648,6.6099,0.14932632701378973
190,2020-10-21,54.4,53.75,54.4,53.01,48399,42.7134,6.3783,0.14932784559412268
191,2020-10-22,54.7,53.06,54.74,52.84,71512,40.0694,5.9834,0.1493259195296161
192,2020-10-23,52.85,51.27,53.88,50.77,72872,39.9443,5.9648,0.14932793915527373
193,2020-10-26,51.18,53.2,54.12,48.72,105952,40.5448,6.0544,0.14932617746295457
194,2020-10-27,52.77,54.57,54.8,52.32,68395,40.9535,6.1155,0.14932789627260185
195,2020-10-28,54.57,55.51,56.08,54.18,66393,40.3697,6.0283,0.14932734204118434
196,2020-10-29,54.5,53.32,55.29,53.1,78676,39.2186,5.8564,0.14932710499609878
197,2020-10-30,52.77,49.95,53.32,49.0,178104,39.2353,5.8589,0.14932726396892593
198,2020-11-02,48.7,51.55,52.0,47.51,160618,38.9767,5.8203,0.1493276752521378
199,2020-11-03,52.32,52.97,53.25,51.28,78979,35.4319,5.2909,0.14932588994663
200,2020-11-04,52.75,52.71,53.49,51.75,52040,35.7739,5.342,0.1493267437992503
201,2020-11-05,53.82,53.68,54.13,52.6,48341,36.708,5.4815,0.14932712215320912
202,2020-11-06,53.31,52.91,53.65,51.62,102499,37.4337,5.5899,0.14932801192508355
203,2020-11-09,53.11,55.35,56.75,53.11,150676,36.9499,5.5176,0.14932652050479162
204,2020-11-10,55.51,54.85,55.9,53.56,67038,37.5171,5.6023,0.1493265737490371
205,2020-11-11,54.37,53.22,54.79,53.01,52604,41.6875,6.2251,0.14932773613193404
206,2020-11-12,53.58,54.83,55.37,53.01,61829,42.9219,6.4094,0.1493270335190194
207,2020-11-13,54.31,53.37,54.81,52.0,100749,41.6708,6.2226,0.14932758670339902
208,2020-11-16,53.2,51.33,53.2,50.21,132869,42.2213,6.3048,0.14932747215268125
209,2020-11-17,51.34,51.54,51.55,49.2,104621,40.7033,6.0781,0.1493269587478165
210,2020-11-18,51.53,50.42,52.15,50.27,68475,41.2955,6.1665,0.1493261977697328
211,2020-11-19,50.21,51.26,51.49,49.89,44443,41.1203,6.1404,0.14932770432122333
212,2020-11-20,51.12,51.7,52.68,51.12,53367,41.4289,6.1865,0.14932812601831089
213,2020-11-23,51.2,50.56,51.5,49.6,87843,41.921,6.2599,0.14932611340378332
214,2020-11-24,50.27,49.25,50.67,49.0,113900,41.7042,6.2276,0.14932788544079492
215,2020-11-25,49.41,48.4,49.56,48.29,72092,40.2195,6.0059,0.14932806225835726
216,2020-11-26,48.62,49.08,49.63,48.03,74577,38.2844,5.7169,0.14932714108096248
217,2020-11-27,49.09,51.59,51.81,48.66,101013,38.6181,5.7667,0.14932635215093443
218,2020-11-30,52.88,56.65,56.65,52.66,237326,38.0175,5.677,0.1493259683040705
219,2020-12-01,57.1,57.0,57.3,55.28,164248,38.91,5.8103,0.1493266512464662
