,日期,开盘,收盘,最高,最低,成交量,pe,pb,roe
0,2020-01-03,3.66,3.67,3.68,3.63,651448,14.9911,1.5091,0.1006663953946008
1,2020-01-06,3.65,3.67,3.69,3.64,697973,14.9911,1.5091,0.1006663953946008
2,2020-01-07,3.66,3.7,3.72,3.66,647093,14.9911,1.5091,0.1006663953946008
3,2020-01-08,3.69,3.63,3.69,3.63,690486,14.9911,1.5091,0.1006663953946008
4,2020-01-09,3.67,3.72,3.74,3.65,1221642,14.7243,1.4823,0.10067032049061755
5,2020-01-10,3.72,3.68,3.72,3.66,596726,14.671,1.4769,0.10066798445913708
6,2020-01-13,3.68,3.69,3.69,3.66,374863,14.7777,1.4877,0.10067195842384133
7,2020-01-14,3.68,3.7,3.72,3.67,570338,14.6176,1.4715,0.10066632005253941
8,2020-01-15,3.7,3.67,3.7,3.66,349533,14.671,1.4769,0.10066798445913708
9,2020-01-16,3.67,3.64,3.68,3.63,336769,14.7243,1.4823,0.10067032049061755
10,2020-01-17,3.64,3.63,3.66,3.63,248349,14.6176,1.4715,0.10066632005253941
11,2020-01-20,3.63,3.67,3.67,3.63,354372,14.5643,1.4662,0.10067081837094814
12,2020-01-21,3.67,3.69,3.76,3.63,838761,14.4042,1.4501,0.1006720262145763
13,2020-01-22,3.67,3.66,3.68,3.63,461537,14.5109,1.4608,0.10066915215458726
14,2020-01-23,3.64,3.57,3.65,3.51,742279,14.7243,1.4823,0.10067032049061755
15,2020-02-03,3.21,3.21,3.21,3.21,267831,14.7243,1.4823,0.10067032049061755
16,2020-02-04,2.95,3.15,3.19,2.95,900587,14.7777,1.4877,0.10067195842384133
17,2020-02-05,3.15,3.2,3.23,3.15,597790,14.5109,1.4608,0.10066915215458726
18,2020-02-06,3.2,3.24,3.25,3.17,679888,14.4576,1.4554,0.10066677733510404
19,2020-02-07,3.22,3.23,3.24,3.2,544716,14.4042,1.4501,0.1006720262145763
20,2020-02-10,3.22,3.26,3.26,3.2,476875,14.5643,1.4662,0.10067081837094814
21,2020-02-11,3.26,3.28,3.36,3.24,673687,14.3509,1.4447,0.10066964441254557
22,2020-02-12,3.26,3.3,3.3,3.26,467694,14.5643,1.4662,0.10067081837094814
23,2020-02-13,3.29,3.26,3.29,3.25,430161,14.671,1.4769,0.10066798445913708
24,2020-02-14,3.26,3.25,3.27,3.24,330586,14.9377,1.5038,0.10067145544494802
25,2020-02-17,3.26,3.3,3.31,3.25,689171,15.0978,1.6354,0.10832041754427797
26,2020-02-18,3.3,3.32,3.33,3.29,625227,15.1511,1.6411,0.108315567846559
27,2020-02-19,3.32,3.3,3.32,3.3,476811,15.2045,1.6469,0.1083166167910816
28,2020-02-20,3.3,3.4,3.44,3.29,1133344,15.2578,1.6527,0.10831836830997917
29,2020-02-21,3.38,3.37,3.39,3.36,864757,15.2578,1.6527,0.10831836830997917
30,2020-02-24,3.38,3.41,3.45,3.38,754912,15.3112,1.6585,0.10831940017764774
31,2020-02-25,3.36,3.35,3.37,3.31,853211,15.4179,1.67,0.1083156590715986
32,2020-02-26,3.34,3.35,3.39,3.3,797125,15.4712,1.6758,0.10831738973059621
33,2020-02-27,3.18,3.23,3.28,3.15,3625376,15.4179,1.67,0.1083156590715986
34,2020-02-28,3.14,3.09,3.17,3.08,1622357,15.4712,1.6758,0.10831738973059621
35,2020-03-02,3.09,3.17,3.17,3.09,1061384,15.5779,1.6874,0.10832012017024117
36,2020-03-03,3.2,3.19,3.22,3.17,1124504,15.6313,1.6931,0.10831472750187125
37,2020-03-04,3.17,3.19,3.19,3.15,818603,15.4179,1.67,0.1083156590715986
38,2020-03-05,3.2,3.24,3.25,3.19,1384886,15.3112,1.6585,0.10831940017764774
39,2020-03-06,3.21,3.22,3.24,3.19,1027374,15.2045,1.6469,0.1083166167910816
40,2020-03-09,3.16,3.15,3.19,3.14,1002622,15.1511,1.6411,0.108315567846559
41,2020-03-10,3.11,3.16,3.17,3.09,897035,15.2578,1.6527,0.10831836830997917
42,2020-03-11,3.16,3.13,3.17,3.13,630813,15.2578,1.6527,0.10831836830997917
43,2020-03-12,3.12,3.09,3.12,3.08,602635,15.5246,1.6816,0.10831841078030996
44,2020-03-13,3.0,3.04,3.07,2.96,816398,15.5246,1.6816,0.10831841078030996
45,2020-03-16,3.07,3.0,3.08,2.99,651521,15.6846,1.6989,0.10831643777973299
46,2020-03-17,3.0,2.98,3.03,2.92,636511,15.7913,1.7105,0.10831913775306656
47,2020-03-18,2.99,2.95,3.01,2.95,536440,15.6313,1.6931,0.10831472750187125
48,2020-03-19,2.94,2.93,2.96,2.9,634378,15.6846,1.6989,0.10831643777973299
49,2020-03-20,2.94,2.94,2.96,2.92,504545,15.6846,1.6989,0.10831643777973299
50,2020-03-23,2.91,2.9,2.93,2.89,460522,15.738,1.7047,0.10831744821451265
51,2020-03-24,2.92,2.92,2.93,2.89,397981,15.738,1.7047,0.10831744821451265
52,2020-03-25,2.95,2.96,2.96,2.94,468756,15.738,1.7047,0.10831744821451265
53,2020-03-26,2.96,2.93,2.96,2.91,488055,16.0581,1.7394,0.10831916602835953
54,2020-03-27,2.94,2.94,2.97,2.92,428134,16.0047,1.7336,0.10831818153417434
55,2020-03-30,2.92,2.92,2.93,2.9,473978,15.898,1.722,0.10831551138507989
56,2020-03-31,2.93,2.91,2.94,2.9,273872,16.0047,1.7336,0.10831818153417434
57,2020-04-01,2.9,2.91,2.92,2.9,271599,16.1648,1.7509,0.10831559932693259
58,2020-04-02,2.89,2.92,2.93,2.88,395560,16.0047,1.7336,0.10831818153417434
59,2020-04-03,2.92,2.9,2.92,2.89,272060,16.0581,1.7394,0.10831916602835953
60,2020-04-07,2.92,2.95,2.96,2.91,583278,16.0581,1.7394,0.10831916602835953
61,2020-04-08,2.93,2.93,2.94,2.92,360617,16.1114,1.7452,0.10832081631639709
62,2020-04-09,2.94,2.93,2.94,2.93,284833,16.2181,1.7567,0.10831725047940265
63,2020-04-10,2.94,2.91,2.94,2.9,335769,15.9514,1.7243,0.10809709492583723
64,2020-04-13,2.91,2.9,2.91,2.89,264285,16.1114,1.7417,0.10810357883237956
65,2020-04-14,2.9,2.92,2.92,2.89,253305,16.1648,1.7474,0.10809907948134219
66,2020-04-15,2.92,2.9,2.92,2.9,235657,16.3248,1.7647,0.10809933352935411
67,2020-04-16,2.9,2.93,2.96,2.89,639625,16.3248,1.7647,0.10809933352935411
68,2020-04-17,2.93,2.92,2.94,2.91,411522,16.5916,1.7936,0.10810289544106658
69,2020-04-20,2.91,2.92,2.92,2.91,192612,16.4849,1.782,0.10809892689673581
70,2020-04-21,2.91,2.9,2.92,2.89,363513,16.3782,1.7705,0.10810101232125631
71,2020-04-22,2.89,2.91,2.91,2.88,246147,16.2181,1.7532,0.10810144221579594
72,2020-04-23,2.91,2.9,2.91,2.89,264447,16.2181,1.7532,0.10810144221579594
73,2020-04-24,2.9,2.88,2.91,2.88,295940,16.2181,1.7532,0.10810144221579594
74,2020-04-27,2.88,2.89,2.9,2.88,223132,16.3782,1.7705,0.10810101232125631
75,2020-04-28,2.89,2.84,2.9,2.8,470510,16.3248,1.7647,0.10809933352935411
76,2020-04-29,2.83,2.83,2.85,2.82,268912,16.1114,1.7417,0.10810357883237956
77,2020-04-30,2.84,2.85,2.86,2.83,345865,16.2715,1.759,0.10810312509602679
78,2020-05-06,2.83,2.86,2.87,2.82,345935,16.2715,1.759,0.10810312509602679
79,2020-05-07,2.86,2.85,2.86,2.84,263720,16.3782,1.7705,0.10810101232125631
80,2020-05-08,2.85,2.92,2.97,2.84,1048745,16.4315,1.7763,0.10810333810059945
81,2020-05-11,2.9,2.91,2.94,2.9,531088,16.2715,1.759,0.10810312509602679
82,2020-05-12,2.92,2.9,2.92,2.88,340873,16.2181,1.7532,0.10810144221579594
83,2020-05-13,2.89,2.9,2.9,2.88,242639,16.3248,1.7647,0.10809933352935411
84,2020-05-14,2.89,2.86,2.89,2.86,316334,16.1114,1.7417,0.10810357883237956
85,2020-05-15,2.88,2.87,2.88,2.85,220244,16.1114,1.7417,0.10810357883237956
86,2020-05-18,2.87,2.86,2.87,2.85,230879,16.1648,1.7474,0.10809907948134219
87,2020-05-19,2.87,2.87,2.87,2.86,180878,16.5916,1.7936,0.10810289544106658
88,2020-05-20,2.87,2.85,2.87,2.84,214839,16.5916,1.7936,0.10810289544106658
89,2020-05-21,2.85,2.84,2.86,2.83,260923,16.5916,1.7936,0.10810289544106658
90,2020-05-22,2.84,2.82,2.84,2.81,298328,16.6983,1.8051,0.10810082463484307
91,2020-05-25,2.81,2.82,2.83,2.8,202028,16.2715,1.759,0.10810312509602679
92,2020-05-26,2.82,2.84,2.85,2.82,187592,16.3782,1.7705,0.10810101232125631
93,2020-05-27,2.84,2.83,2.84,2.82,166771,16.805,1.8166,0.10809878012496281
94,2020-05-28,2.83,2.83,2.85,2.81,204361,17.2851,1.8685,0.10809888285286172
95,2020-05-29,2.83,2.82,2.83,2.81,136266,17.0183,1.8397,0.10810127921120205
96,2020-06-01,2.83,2.85,2.86,2.82,337635,16.805,1.8166,0.10809878012496281
97,2020-06-02,2.85,2.93,2.95,2.85,1077675,17.5518,1.8177,0.10356202782620587
98,2020-06-03,2.92,2.91,2.93,2.89,554253,17.2851,1.7901,0.10356318447680372
99,2020-06-04,2.91,2.9,2.91,2.89,325098,17.0717,1.768,0.10356320694482682
100,2020-06-05,2.91,2.92,2.93,2.9,421315,17.2317,1.7845,0.10355913810012941
101,2020-06-08,2.93,2.95,2.95,2.92,493635,16.2715,1.6851,0.10356144178471562
102,2020-06-09,2.95,2.94,2.96,2.93,308795,16.0581,1.663,0.10356144251187875
103,2020-06-10,2.95,2.98,2.98,2.93,597856,15.8447,1.6409,0.10356144325862908
104,2020-06-11,2.98,3.04,3.08,2.97,1420775,15.7913,1.6354,0.10356335450532889
105,2020-06-12,3.0,3.02,3.12,2.98,1981073,15.738,1.6298,0.10355826661583428
106,2020-06-15,3.02,3.08,3.11,3.02,1095109,15.8447,1.6409,0.10356144325862908
107,2020-06-16,3.09,3.07,3.1,3.04,646808,15.8447,1.6409,0.10356144325862908
108,2020-06-17,3.07,3.03,3.07,3.01,527485,16.0581,1.663,0.10356144251187875
109,2020-06-18,3.01,3.03,3.04,3.01,287899,16.2181,1.6796,0.10356330272966624
110,2020-06-19,3.04,3.04,3.04,3.02,383265,16.1648,1.674,0.10355834900524596
111,2020-06-22,3.03,3.01,3.04,3.01,372113,16.1648,1.674,0.10355834900524596
112,2020-06-23,3.01,2.97,3.02,2.97,338123,16.3782,1.6961,0.10355838858971071
113,2020-06-24,2.97,2.97,2.99,2.97,204044,16.4315,1.7017,0.10356327785047013
114,2020-06-29,2.98,2.95,2.98,2.94,271052,16.1114,1.6685,0.1035602120237844
115,2020-06-30,2.96,2.96,2.97,2.95,210994,16.2181,1.6796,0.10356330272966624
116,2020-07-01,2.95,2.97,2.97,2.94,298501,15.898,1.6464,0.10356019625110077
117,2020-07-02,2.96,3.01,3.02,2.95,496352,15.6846,1.6243,0.10356018004922025
118,2020-07-03,3.02,3.05,3.07,3.02,635122,15.738,1.6298,0.10355826661583428
119,2020-07-06,3.07,3.23,3.24,3.07,1879176,15.5779,1.6133,0.10356338145706417
120,2020-07-07,3.3,3.2,3.35,3.2,1734631,15.4712,1.6022,0.10356016340038265
121,2020-07-08,3.18,3.24,3.25,3.17,1026041,15.5246,1.6077,0.10355822372235034
122,2020-07-09,3.25,3.29,3.29,3.22,1203214,15.6313,1.6188,0.10356144402576882
123,2020-07-10,3.31,3.23,3.31,3.23,1114910,15.2045,1.5746,0.1035614456246506
124,2020-07-13,3.21,3.27,3.28,3.2,920209,15.0444,1.558,0.10356012868575683
125,2020-07-14,3.28,3.32,3.36,3.25,1544496,15.0978,1.5635,0.10355813429771224
126,2020-07-15,3.3,3.23,3.32,3.22,937867,15.0978,1.5635,0.10355813429771224
127,2020-07-16,3.24,3.15,3.26,3.14,771820,15.1511,1.5691,0.10356343763819129
128,2020-07-17,3.16,3.13,3.18,3.1,486534,15.0444,1.558,0.10356012868575683
129,2020-07-20,3.14,3.21,3.22,3.13,619551,15.0444,1.558,0.10356012868575683
130,2020-07-21,3.22,3.19,3.23,3.18,415509,15.1511,1.5691,0.10356343763819129
131,2020-07-22,3.2,3.19,3.22,3.16,492926,15.2045,1.5746,0.1035614456246506
132,2020-07-23,3.17,3.19,3.26,3.12,915128,15.3112,1.5856,0.10355817963320968
133,2020-07-24,3.18,3.11,3.18,3.1,687701,15.2578,1.5801,0.10356014628583414
134,2020-07-27,3.11,3.1,3.13,3.08,349309,15.3112,1.5856,0.10355817963320968
135,2020-07-28,3.1,3.1,3.12,3.09,278900,15.2578,1.5801,0.10356014628583414
136,2020-07-29,3.1,3.14,3.14,3.09,344290,15.4712,1.6022,0.10356016340038265
137,2020-07-30,3.13,3.12,3.15,3.11,288853,15.4712,1.6022,0.10356016340038265
138,2020-07-31,3.12,3.13,3.15,3.11,369564,15.5246,1.6077,0.10355822372235034
139,2020-08-03,3.14,3.16,3.16,3.12,590954,15.5779,1.6133,0.10356338145706417
140,2020-08-04,3.16,3.15,3.16,3.13,409206,15.2045,1.5746,0.1035614456246506
141,2020-08-05,3.15,3.13,3.15,3.11,400453,15.2578,1.5801,0.10356014628583414
142,2020-08-06,3.12,3.13,3.13,3.11,373897,15.2045,1.5746,0.1035614456246506
143,2020-08-07,3.12,3.1,3.12,3.09,427610,15.0978,1.5635,0.10355813429771224
144,2020-08-10,3.11,3.14,3.17,3.09,746668,15.1511,1.597,0.10540488809393378
145,2020-08-11,3.14,3.15,3.2,3.13,1049656,15.4179,1.6251,0.10540345961512268
146,2020-08-12,3.13,3.12,3.14,3.09,639016,15.3645,1.6195,0.10540531745256923
147,2020-08-13,3.12,3.12,3.13,3.11,337308,15.4712,1.6308,0.10540875950152542
148,2020-08-14,3.12,3.12,3.13,3.1,285833,15.5246,1.6364,0.10540690259330354
149,2020-08-17,3.12,3.15,3.16,3.11,471156,15.4712,1.6308,0.10540875950152542
150,2020-08-18,3.15,3.17,3.19,3.13,622640,15.5779,1.642,0.10540573504772786
151,2020-08-19,3.16,3.19,3.22,3.13,990869,15.5779,1.642,0.10540573504772786
152,2020-08-20,3.17,3.14,3.17,3.13,529405,15.6313,1.6476,0.10540390114705751
153,2020-08-21,3.15,3.14,3.17,3.14,348639,15.4712,1.6308,0.10540875950152542
154,2020-08-24,3.15,3.11,3.15,3.11,397279,15.5779,1.642,0.10540573504772786
155,2020-08-25,3.11,3.1,3.13,3.09,405555,15.4712,1.6308,0.10540875950152542
156,2020-08-26,3.1,3.07,3.11,3.06,394105,15.5246,1.6364,0.10540690259330354
157,2020-08-27,3.08,3.12,3.12,3.08,454788,15.6313,1.6476,0.10540390114705751
158,2020-08-28,3.12,3.1,3.13,3.08,708545,15.6313,1.6476,0.10540390114705751
159,2020-08-31,3.1,3.09,3.12,3.09,514166,15.738,1.6589,0.10540729444656247
160,2020-09-01,3.09,3.09,3.1,3.07,454363,15.4712,1.6308,0.10540875950152542
161,2020-09-02,3.09,3.08,3.09,3.06,612146,15.5779,1.642,0.10540573504772786
162,2020-09-03,3.09,3.11,3.15,3.09,1050027,15.5246,1.6364,0.10540690259330354
163,2020-09-04,3.07,3.08,3.09,3.06,512804,15.5246,1.6364,0.10540690259330354
164,2020-09-07,3.08,3.06,3.09,3.05,547398,15.5779,1.642,0.10540573504772786
165,2020-09-08,3.06,3.08,3.09,3.05,525396,15.6846,1.6533,0.10540912742435256
166,2020-09-09,3.07,3.09,3.12,3.06,892416,15.6313,1.6476,0.10540390114705751
167,2020-09-10,3.09,3.03,3.1,3.03,724394,17.1759,1.664,0.09687993060043433
168,2020-09-11,3.02,3.03,3.04,3.01,284597,16.9438,1.6415,0.09687909441801722
169,2020-09-14,3.03,3.03,3.04,3.02,255633,16.8278,1.6303,0.09688135109758853
170,2020-09-15,3.03,3.02,3.04,3.01,280147,17.0599,1.6528,0.09688216226355373
171,2020-09-16,3.02,3.02,3.04,3.0,243340,17.0019,1.6472,0.0968832895147013
172,2020-09-17,3.02,3.01,3.03,3.0,308997,17.1179,1.6584,0.09688104265125981
173,2020-09-18,3.01,3.04,3.04,3.0,441573,17.292,1.6753,0.09688295165394402
174,2020-09-21,3.04,3.02,3.04,3.01,264492,17.408,1.6865,0.09688074448529412
175,2020-09-22,3.01,2.99,3.02,2.98,296409,17.6402,1.709,0.09688098774390314
176,2020-09-23,2.99,2.99,3.0,2.98,207215,17.9303,1.7371,0.09688069915171527
177,2020-09-24,2.99,2.94,2.99,2.94,330486,18.1624,1.7596,0.09688146940932915
178,2020-09-25,2.95,2.94,2.96,2.93,184041,18.3365,1.7765,0.09688326561775693
179,2020-09-28,2.94,2.92,2.95,2.92,186526,18.2784,1.7708,0.09687937675070027
180,2020-09-29,2.93,2.93,2.95,2.92,152268,18.6846,1.8102,0.09688192415144023
181,2020-09-30,2.94,2.95,2.95,2.92,199203,18.8007,1.8214,0.09687937151276282
182,2020-10-09,2.96,2.97,2.98,2.95,250390,18.5106,1.7933,0.09687962572796127
183,2020-10-12,2.97,3.01,3.01,2.96,368344,18.5106,1.7933,0.09687962572796127
184,2020-10-13,3.0,3.0,3.01,2.98,188887,18.3945,1.7821,0.09688222022887276
185,2020-10-14,3.0,2.98,3.0,2.97,243307,17.9303,1.7371,0.09688069915171527
186,2020-10-15,2.98,2.97,2.99,2.96,207531,18.7427,1.8158,0.09688038543006078
187,2020-10-16,2.97,2.98,2.98,2.96,190158,19.439,1.9058,0.0980400226349092
188,2020-10-19,2.98,2.97,2.99,2.96,271946,19.439,1.9058,0.0980400226349092
189,2020-10-20,2.96,2.95,2.96,2.94,215368,19.7871,1.9399,0.09803862112184202
190,2020-10-21,2.95,2.94,2.96,2.92,313881,19.555,1.9171,0.09803630784965482
191,2020-10-22,2.94,2.94,2.94,2.92,179566,19.7291,1.9342,0.09803792367619404
192,2020-10-23,2.93,2.93,2.94,2.92,187688,19.1489,1.8773,0.0980369629587078
193,2020-10-26,2.94,2.92,2.94,2.91,204332,19.2649,1.8887,0.0980384014451152
194,2020-10-27,2.92,2.91,2.92,2.9,244742,19.1489,1.8773,0.0980369629587078
195,2020-10-28,2.9,2.88,2.91,2.87,484160,18.8587,1.8489,0.09803963157587745
196,2020-10-29,2.86,2.83,2.87,2.82,731904,18.9167,1.8546,0.0980403558760249
197,2020-10-30,2.83,2.81,2.84,2.8,426826,19.1489,1.8773,0.0980369629587078
198,2020-11-02,2.81,2.77,2.82,2.74,576913,19.0328,1.8659,0.09803602202513555
199,2020-11-03,2.78,2.81,2.82,2.77,284471,18.9167,1.8546,0.0980403558760249
200,2020-11-04,2.81,2.78,2.82,2.76,501929,18.7427,1.8375,0.09803816952733597
201,2020-11-05,2.79,2.79,2.8,2.78,342574,18.8007,1.8432,0.0980389028068104
202,2020-11-06,2.79,2.8,2.81,2.78,458063,18.5686,1.8204,0.09803647017007205
203,2020-11-09,2.8,2.85,2.85,2.8,542992,18.2784,1.792,0.09803921568627451
204,2020-11-10,2.84,2.84,2.87,2.83,444101,18.6266,1.8261,0.09803721559490192
205,2020-11-11,2.83,2.84,2.85,2.81,444715,20.7156,2.0309,0.09803722798277627
206,2020-11-12,2.83,2.8,2.84,2.79,629738,21.2378,2.0821,0.09803746150731243
207,2020-11-13,2.79,2.78,2.8,2.77,362941,21.4119,2.0992,0.09803894096273569
208,2020-11-16,2.78,2.81,2.81,2.78,522096,21.2958,2.0878,0.09803811080119085
209,2020-11-17,2.81,2.82,2.83,2.79,540890,21.0637,2.065,0.09803595759529427
210,2020-11-18,2.82,2.84,2.86,2.8,813645,21.1218,2.0707,0.09803615222187503
211,2020-11-19,2.83,2.83,2.84,2.82,363613,21.2958,2.0878,0.09803811080119085
212,2020-11-20,2.83,2.82,2.83,2.8,603501,21.4699,2.1049,0.09803958099478807
213,2020-11-23,2.82,2.85,2.87,2.81,924635,21.4119,2.0992,0.09803894096273569
214,2020-11-24,2.85,2.83,2.85,2.83,464924,21.3539,2.0935,0.09803829745386089
215,2020-11-25,2.84,2.84,2.88,2.83,859823,21.586,2.1162,0.09803576392105996
216,2020-11-26,2.84,2.89,2.9,2.83,1127273,21.0637,2.065,0.09803595759529427
217,2020-11-27,2.88,2.89,2.91,2.86,823427,21.4699,2.1049,0.09803958099478807
218,2020-11-30,2.9,2.89,2.93,2.88,1127789,21.2958,2.0878,0.09803811080119085
219,2020-12-01,2.88,2.89,2.89,2.85,744665,21.2958,2.0878,0.09803811080119085
