,日期,开盘,收盘,最高,最低,成交量,pe,pb,roe
0,2020-01-03,136.29,134.65,136.29,133.49,173088,30.5626,5.2454,0.1716280682926191
1,2020-01-06,133.97,134.09,136.21,132.81,190194,30.2384,5.1898,0.17162945129371926
2,2020-01-07,134.05,139.41,139.53,133.49,310689,30.0396,5.1556,0.17162678597584521
3,2020-01-08,137.53,138.09,139.73,136.73,193657,29.7781,5.1108,0.17162948609884446
4,2020-01-09,139.37,144.13,144.45,138.65,294751,29.4434,5.0533,0.17162759735628358
5,2020-01-10,144.49,143.73,147.29,142.89,266598,30.9601,5.3136,0.17162735262483003
6,2020-01-13,144.49,146.05,146.25,142.41,188277,30.7823,5.2831,0.1716278510702579
7,2020-01-14,146.09,144.29,147.17,144.09,160874,31.6922,5.4393,0.17162898126352857
8,2020-01-15,143.29,143.25,145.29,142.05,157061,31.6504,5.4321,0.17162816267724895
9,2020-01-16,143.25,142.45,144.49,140.81,162815,31.7341,5.4465,0.1716292568561894
10,2020-01-17,143.09,145.65,146.57,141.13,221771,31.2843,5.3693,0.17162921976838222
11,2020-01-20,145.41,135.85,146.97,131.49,772859,32.3407,5.5506,0.17162893814914335
12,2020-01-21,135.89,137.13,140.45,135.89,263528,32.6127,5.5972,0.17162639094585852
13,2020-01-22,137.89,135.17,139.45,131.89,200451,32.1315,5.5147,0.17162908672175278
14,2020-01-23,133.69,131.53,135.85,129.13,209758,30.4999,5.2346,0.17162679221899088
15,2020-02-03,118.77,123.37,130.69,118.77,284977,30.4266,5.2221,0.1716294295123346
16,2020-02-04,124.89,131.77,132.57,124.89,263262,30.8869,5.3011,0.17162939628127133
17,2020-02-05,134.01,134.57,136.09,130.61,249907,30.6463,5.2598,0.1716292015675628
18,2020-02-06,134.41,143.29,145.89,131.45,355425,31.755,5.45,0.1716265155093686
19,2020-02-07,149.09,144.13,151.65,139.89,376651,32.6545,5.6044,0.171627187677043
20,2020-02-10,144.09,143.81,145.77,140.57,222092,32.4662,5.5721,0.1716277236017766
21,2020-02-11,143.29,142.97,144.61,140.17,188595,30.4789,5.231,0.17162692879336197
22,2020-02-12,143.65,143.77,145.37,142.69,189406,32.1838,5.5236,0.17162671903255677
23,2020-02-13,144.25,145.93,146.41,141.09,271405,33.2298,5.7032,0.17162907992223847
24,2020-02-14,145.05,143.09,146.45,142.33,186132,33.052,6.2933,0.19040602686675542
25,2020-02-17,143.09,144.65,145.45,142.33,217418,32.8846,6.2614,0.19040523527730308
26,2020-02-18,144.45,143.29,145.37,142.69,187511,32.5081,6.1897,0.19040485294434312
27,2020-02-19,142.33,139.21,142.33,139.13,232459,32.8637,6.2574,0.1904046105581538
28,2020-02-20,139.29,140.09,141.49,137.89,190487,32.9997,6.2833,0.19040476125540537
29,2020-02-21,140.89,146.93,147.73,140.17,369922,32.9055,6.2654,0.1904058592028688
30,2020-02-24,148.21,151.01,152.89,145.33,351651,32.8428,6.2535,0.19040702985129163
31,2020-02-25,148.21,153.21,155.09,147.29,358087,32.7173,6.2296,0.19040691010566274
32,2020-02-26,151.01,145.57,153.09,145.57,274766,35.8865,6.833,0.1904058629289566
33,2020-02-27,147.41,148.09,150.21,145.53,199814,36.3049,6.9127,0.19040680459111578
34,2020-02-28,143.97,141.09,146.93,141.09,298923,36.0957,6.8728,0.19040495128228568
35,2020-03-02,143.45,144.45,145.21,141.65,174109,37.0579,7.0561,0.19040744348708374
36,2020-03-03,148.61,151.13,155.73,148.13,428367,36.8069,7.0083,0.19040723342634128
37,2020-03-04,150.29,150.17,154.17,147.69,207948,35.5309,6.7653,0.19040609722804655
38,2020-03-05,152.49,160.85,162.41,151.29,424578,35.2589,6.7135,0.19040582661398966
39,2020-03-06,159.81,165.89,168.25,159.09,443931,35.0706,6.6777,0.19040734974594103
40,2020-03-09,162.65,161.81,167.97,161.17,341461,34.3908,6.5482,0.19040557358363283
41,2020-03-10,159.89,162.89,165.33,156.21,317515,34.4849,6.5661,0.19040507584479002
42,2020-03-11,162.89,163.49,166.57,160.37,226672,34.3803,6.5462,0.19040555201670725
43,2020-03-12,162.17,154.29,163.81,152.89,292609,35.3531,6.7314,0.1904048018419884
44,2020-03-13,146.73,155.61,159.29,145.09,287083,34.7046,6.608,0.19040703537859535
45,2020-03-16,156.49,152.65,161.61,150.93,281278,34.9974,6.6637,0.1904055729854218
46,2020-03-17,154.29,147.29,155.89,142.65,307825,34.8719,6.6398,0.1904054553953183
47,2020-03-18,148.69,144.81,151.01,144.61,205991,34.4326,6.5562,0.19040676568136009
48,2020-03-19,144.81,146.05,147.49,141.01,211717,34.9556,6.6558,0.19040725949490211
49,2020-03-20,147.49,149.77,150.61,146.81,147680,35.8133,6.8191,0.19040691586645186
50,2020-03-23,145.09,147.01,150.73,144.33,162481,35.6355,6.7852,0.19040563483043593
51,2020-03-24,149.77,150.65,151.09,145.89,158264,36.148,6.8828,0.19040610822175497
52,2020-03-25,154.05,159.73,160.53,152.93,223232,36.4827,6.9465,0.19040531539606445
53,2020-03-26,159.57,160.69,163.89,157.89,234065,37.5914,7.1576,0.19040525226514576
54,2020-03-27,162.21,157.41,163.33,156.89,178379,38.5223,7.3349,0.19040659566017606
55,2020-03-30,157.93,161.77,162.73,157.93,196177,38.4491,7.3209,0.19040497696955194
56,2020-03-31,154.21,148.77,157.09,147.49,479670,39.5787,7.536,0.1904054453531824
57,2020-04-01,148.69,150.05,153.13,146.69,192463,39.8088,7.5798,0.190405136552722
58,2020-04-02,150.09,150.09,150.37,146.97,140837,40.7501,7.7591,0.19040689470700684
59,2020-04-03,150.01,150.93,152.89,149.01,138489,41.0535,7.8168,0.1904052029668603
60,2020-04-07,153.41,152.57,154.17,149.49,170443,40.541,7.7192,0.19040477541254533
61,2020-04-08,151.73,155.89,156.53,150.29,145467,40.792,7.767,0.19040498136889586
62,2020-04-09,156.33,160.29,162.25,155.93,187035,38.353,8.748,0.22809167470602038
63,2020-04-10,159.89,155.93,161.89,155.21,137935,39.3753,8.9812,0.2280922304084032
64,2020-04-13,156.69,158.29,160.97,155.61,99024,39.5405,9.0189,0.22809271506430115
65,2020-04-14,160.09,160.49,160.97,157.01,111527,39.7161,9.0589,0.22809137855932482
66,2020-04-15,159.89,160.21,163.89,159.09,141361,38.766,8.8422,0.22809162668317598
67,2020-04-16,159.09,163.17,164.89,156.81,218864,39.0345,8.9035,0.22809309713202422
68,2020-04-17,163.17,159.85,163.81,158.53,169533,39.2927,8.9624,0.22809325905320835
69,2020-04-20,159.57,159.85,162.53,158.77,128113,40.2634,9.1838,0.2280930075453141
70,2020-04-21,161.29,160.01,161.61,157.49,108410,40.0775,9.1414,0.22809306967749987
71,2020-04-22,159.49,162.49,162.49,157.49,136925,40.0672,9.139,0.22809180576631258
72,2020-04-23,163.53,166.17,167.65,162.49,262507,39.809,9.0801,0.22809163756939388
73,2020-04-24,166.25,163.93,166.25,162.53,128714,40.5938,9.2592,0.2280939453808217
74,2020-04-27,163.89,161.65,165.29,159.29,122534,41.8537,9.5465,0.22809214000195918
75,2020-04-28,162.45,160.09,164.69,159.13,139644,42.8863,9.7821,0.22809382017101032
76,2020-04-29,161.85,158.73,162.53,157.89,121173,43.5989,9.9446,0.22809291060095552
77,2020-04-30,158.77,156.33,160.73,155.93,167349,45.0239,10.2696,0.22809219103631628
78,2020-05-06,155.29,162.29,162.29,154.69,172510,45.3854,10.3521,0.22809317533832468
79,2020-05-07,161.89,162.21,163.13,160.73,132290,45.7571,10.4369,0.22809356362182043
80,2020-05-08,163.17,162.29,165.09,162.01,118687,46.2321,10.5452,0.2280926023260894
81,2020-05-11,163.49,158.93,163.61,156.77,174518,44.2804,10.1,0.22809188715549092
82,2020-05-12,159.17,159.69,160.57,157.17,116263,44.2185,10.0859,0.22809231430283708
83,2020-05-13,160.73,166.69,167.65,159.89,263977,44.4869,10.1471,0.22809186524572403
84,2020-05-14,166.61,163.81,166.65,162.69,159173,43.2684,9.8692,0.22809255715487514
85,2020-05-15,164.49,162.69,164.81,160.09,152008,43.4233,9.9045,0.22809183088341975
86,2020-05-18,163.29,166.29,169.41,162.05,208417,43.382,9.8951,0.22809229634410585
87,2020-05-19,167.69,165.45,168.69,163.29,157409,46.6762,10.6465,0.22809268963626
88,2020-05-20,165.61,162.37,166.89,161.77,147671,46.3148,10.5641,0.22809339563163394
89,2020-05-21,163.09,163.85,168.89,161.53,217128,45.5403,10.3874,0.22809248072586258
90,2020-05-22,163.97,156.77,164.49,155.93,201877,44.8381,10.2272,0.2280917344847351
91,2020-05-25,157.09,156.45,158.01,154.81,99992,45.7055,10.4251,0.22809289910404656
92,2020-05-26,158.29,157.25,159.53,155.57,152309,44.6625,10.1872,0.22809291911558915
93,2020-05-27,157.25,145.21,157.25,141.93,569383,46.6452,10.6394,0.22809206520713812
94,2020-05-28,145.09,145.61,148.49,144.05,226222,46.2115,10.5405,0.2280925743591963
95,2020-05-29,144.69,143.61,146.69,142.21,285392,47.017,10.7242,0.2280919667354361
96,2020-06-01,144.13,145.73,146.45,142.49,264893,46.3457,10.5711,0.22809235808284262
97,2020-06-02,144.29,144.93,145.69,143.09,192660,45.5403,10.3874,0.22809248072586258
98,2020-06-03,145.09,142.77,146.29,142.61,246244,44.9103,10.2437,0.22809244204558868
99,2020-06-04,143.65,139.69,143.65,136.29,437236,43.4543,9.9116,0.2280925017777297
100,2020-06-05,140.69,141.57,142.93,140.01,280625,42.5765,9.7114,0.22809296208002064
101,2020-06-08,143.33,139.21,143.69,136.33,373791,41.895,9.5559,0.22809165771571782
102,2020-06-09,139.85,140.01,141.33,138.89,255918,38.0845,8.6868,0.22809279365621185
103,2020-06-10,140.53,143.61,144.89,140.29,364790,37.4649,8.5455,0.22809349551179905
104,2020-06-11,143.77,141.09,144.21,140.37,246730,37.7127,8.602,0.2280929236039849
105,2020-06-12,138.49,143.29,144.05,138.13,206684,36.7936,8.3924,0.2280940163506697
106,2020-06-15,146.57,145.53,148.21,143.65,357122,36.9589,8.43,0.22809120401310645
107,2020-06-16,146.89,152.41,152.57,146.53,316230,37.3719,8.5243,0.22809383520773632
108,2020-06-17,151.97,151.97,155.41,150.93,253595,37.279,8.5031,0.22809356474154346
109,2020-06-18,151.97,149.57,153.05,148.29,215028,37.8573,8.635,0.22809339281987884
110,2020-06-19,149.25,151.33,153.57,147.93,210372,37.4029,8.5313,0.22809193939507363
111,2020-06-22,151.33,149.09,153.29,148.29,270438,38.0225,8.6727,0.22809389177460715
112,2020-06-23,148.73,149.45,150.37,147.77,223309,38.1361,8.6986,0.2280935911118337
113,2020-06-24,150.13,147.85,151.41,146.93,185062,36.5665,8.0782,0.22091805340954154
114,2020-06-29,148.65,147.21,150.09,146.61,171496,35.9882,7.9504,0.2209168560806042
115,2020-06-30,148.37,150.77,150.85,147.49,197838,35.4202,7.825,0.22091913653790773
116,2020-07-01,151.89,149.81,153.49,147.93,214437,36.0708,7.9687,0.22091830511105937
117,2020-07-02,149.41,152.21,153.17,147.57,257684,35.1414,7.7634,0.22091891615018186
118,2020-07-03,151.21,166.97,166.97,148.89,687367,34.9349,7.7177,0.22091661919742148
119,2020-07-06,169.45,169.61,174.65,167.29,518187,35.5441,7.8523,0.22091711423274185
120,2020-07-07,170.33,173.01,177.45,167.89,440021,35.0588,7.7451,0.22091743014592627
121,2020-07-08,172.29,178.65,180.65,171.41,407069,35.8539,7.9208,0.22091878428845954
122,2020-07-09,178.41,181.09,184.61,176.09,299905,36.4116,8.044,0.220918608355579
123,2020-07-10,179.89,184.21,188.17,178.89,291265,36.6181,8.0896,0.22091807057165722
124,2020-07-13,185.41,186.81,192.53,181.57,318328,36.0708,7.9687,0.22091830511105937
125,2020-07-14,188.09,183.69,188.61,180.25,262482,36.5871,8.0827,0.22091666188356007
126,2020-07-15,183.69,185.37,190.01,183.69,302190,36.4838,8.0599,0.22091722901671426
127,2020-07-16,184.69,177.69,187.89,177.01,304979,39.5921,8.7466,0.2209178093609584
128,2020-07-17,178.93,181.73,190.73,178.49,310456,39.3856,8.701,0.22091830516737085
129,2020-07-20,186.37,178.37,186.97,172.73,286390,39.4682,8.7192,0.2209170927480858
130,2020-07-21,178.33,181.09,183.49,177.01,200812,41.296,9.123,0.22091728012398293
131,2020-07-22,181.01,184.09,188.93,179.33,201438,40.9139,9.0386,0.22091758546606413
132,2020-07-23,183.05,185.49,186.21,179.89,215327,41.7091,9.2143,0.22091821688792135
133,2020-07-24,183.89,172.73,184.09,171.41,293960,41.926,9.2622,0.220917807565711
134,2020-07-27,172.49,172.89,177.77,171.49,205859,40.9966,9.0569,0.22091832005580953
135,2020-07-28,173.89,172.29,175.73,170.49,214819,41.2857,9.1208,0.22091910758446628
136,2020-07-29,172.69,177.01,177.01,171.57,197794,42.0292,9.285,0.22091783807448154
137,2020-07-30,180.65,175.97,181.41,174.77,225168,40.2221,8.8858,0.22091835085686726
138,2020-07-31,177.89,176.21,183.97,173.93,237160,40.0259,8.8424,0.22091695627081465
139,2020-08-03,176.69,183.77,186.57,175.93,296062,40.8933,9.0341,0.22091883022402203
140,2020-08-04,182.05,181.93,184.61,180.13,174186,40.8726,9.0295,0.22091817011885714
141,2020-08-05,180.69,180.49,183.33,179.17,159945,40.8933,9.0341,0.22091883022402203
142,2020-08-06,181.05,179.09,182.93,177.65,153028,39.3546,8.6941,0.22091699572603968
143,2020-08-07,178.01,173.57,180.21,170.61,186641,39.9742,8.831,0.2209174917821995
144,2020-08-10,172.09,170.81,173.37,169.09,166859,40.3253,9.2978,0.2305698903665937
145,2020-08-11,171.01,166.81,173.05,166.81,146247,40.7281,9.3907,0.23057053975019706
146,2020-08-12,167.89,161.93,167.89,159.73,210390,41.3167,9.5264,0.23057020526808775
147,2020-08-13,162.25,158.89,163.45,158.57,194270,41.895,9.6597,0.23056928034371643
148,2020-08-14,159.21,159.89,160.17,155.97,157360,40.9449,9.4407,0.230570840324436
149,2020-08-17,159.77,159.93,161.01,156.89,261464,40.3047,9.2931,0.23057112445943032
150,2020-08-18,160.01,160.65,161.61,159.17,191299,40.2634,9.2835,0.2305692018061068
151,2020-08-19,160.69,156.89,161.97,156.77,211691,40.2634,9.2835,0.2305692018061068
152,2020-08-20,156.29,155.89,158.53,153.45,149149,41.1205,9.4812,0.23057112632385304
153,2020-08-21,156.89,154.85,159.69,153.53,184070,40.3563,9.305,0.2305711871504573
154,2020-08-24,156.01,158.53,159.97,153.09,207069,40.4286,9.3216,0.23056944836081386
155,2020-08-25,158.65,157.85,161.29,156.77,190823,39.8606,9.1907,0.2305710400746602
156,2020-08-26,157.93,157.21,160.57,155.93,202735,39.2514,9.0502,0.23057011979190553
157,2020-08-27,156.69,153.25,157.09,148.57,323129,40.377,9.3097,0.23056938355994747
158,2020-08-28,156.21,160.69,160.69,155.53,284265,39.241,9.0478,0.2305700670217375
159,2020-08-31,164.09,159.73,164.57,158.73,230618,38.3839,8.8502,0.23057062987346258
160,2020-09-01,160.57,161.69,163.69,159.73,189689,37.9605,8.7526,0.2305712516958417
161,2020-09-02,162.29,160.53,162.65,158.77,186308,37.7437,8.7026,0.2305709297180722
162,2020-09-03,161.33,156.93,161.89,156.33,214863,37.7334,8.7002,0.23057026401013425
163,2020-09-04,153.89,156.05,157.01,153.29,179953,37.4029,8.624,0.23057035684398802
164,2020-09-07,156.69,151.73,158.13,150.21,214981,57.7027,9.3347,0.1617723260783291
165,2020-09-08,151.85,152.01,153.09,149.49,158189,56.1092,9.0769,0.16177204451319926
166,2020-09-09,151.69,148.45,153.49,147.41,203689,57.308,9.2708,0.16177148042158163
167,2020-09-10,149.85,144.21,151.25,143.97,196856,56.9571,9.2141,0.16177263238472467
168,2020-09-11,142.69,142.93,143.85,140.45,324927,53.6385,8.6772,0.16177186162924018
169,2020-09-14,144.49,140.97,144.69,138.33,282386,52.3081,8.462,0.16177226853967167
170,2020-09-15,140.69,141.65,142.45,139.33,234699,53.3169,8.6252,0.16177234610414334
171,2020-09-16,142.33,138.37,143.85,137.45,242877,51.9573,8.4053,0.16177322532156216
172,2020-09-17,138.69,136.37,138.69,133.97,284533,51.5041,8.3319,0.16177158711636547
173,2020-09-18,136.57,138.41,138.41,136.01,211977,52.4105,8.4786,0.16177292718062222
174,2020-09-21,139.09,138.53,141.41,137.25,211382,54.3695,8.7955,0.16177268505320078
175,2020-09-22,137.57,137.41,140.97,136.69,203751,55.4513,8.9705,0.1617725824281847
176,2020-09-23,139.25,139.89,141.77,137.17,224334,54.9689,8.8924,0.16177147441553316
177,2020-09-24,138.61,136.17,139.09,135.97,187862,58.3313,9.4364,0.16177249606986302
178,2020-09-25,136.69,136.57,137.37,134.49,151963,58.112,9.4009,0.16177209526431718
179,2020-09-28,137.21,136.21,137.97,135.49,102458,57.7173,9.3371,0.16177298660886769
180,2020-09-29,137.21,138.81,139.77,135.89,163673,59.2085,9.5783,0.16177238065480465
181,2020-09-30,138.97,139.53,140.49,137.89,165262,57.3664,9.2803,0.16177239638534055
182,2020-10-09,141.09,140.57,141.85,139.33,190556,53.4631,8.6488,0.1617713899867385
183,2020-10-12,141.77,145.45,145.61,140.57,247195,53.8139,8.7056,0.16177233019721673
184,2020-10-13,144.97,146.41,147.33,143.93,186298,51.3725,8.3107,0.16177332230278846
185,2020-10-14,145.73,142.73,146.09,142.61,229417,50.1445,8.112,0.16177247753990967
186,2020-10-15,143.49,143.53,144.49,140.33,176758,52.7028,8.5259,0.16177318852129297
187,2020-10-16,143.93,141.93,143.93,140.77,128042,51.7818,8.3769,0.16177305539784248
188,2020-10-19,140.09,129.81,140.17,128.69,579122,54.5741,8.8286,0.16177270903230653
189,2020-10-20,128.73,130.29,130.89,127.09,231395,53.7701,8.6985,0.16177206291228768
190,2020-10-21,131.09,130.53,132.85,130.53,181996,52.2789,8.5381,0.16331827945882565
191,2020-10-22,130.21,130.89,131.89,128.45,138095,49.779,8.1298,0.16331786496313705
192,2020-10-23,131.49,130.37,132.97,129.49,114102,49.4573,8.0773,0.16331866074371226
193,2020-10-26,130.25,129.01,130.61,127.53,105690,50.9485,8.3208,0.16331786019215483
194,2020-10-27,128.61,130.45,132.61,128.45,155974,51.4456,8.402,0.16331814576951187
195,2020-10-28,130.89,131.09,131.97,127.93,181412,50.8754,8.3089,0.16331861764231828
196,2020-10-29,131.45,131.77,133.77,128.33,328387,51.9134,8.4784,0.16331814136619832
197,2020-10-30,130.89,127.77,131.05,126.33,249110,51.124,8.3495,0.1633185979187857
198,2020-11-02,127.73,121.25,127.89,120.29,355401,50.8316,8.3017,0.1633177000133775
199,2020-11-03,121.41,128.85,129.41,118.69,344854,51.1386,8.3519,0.16331890196446522
200,2020-11-04,128.33,129.57,129.81,126.69,195740,51.2555,8.371,0.16331905844250863
201,2020-11-05,129.97,126.13,133.13,120.85,715424,50.9485,8.3208,0.16331786019215483
202,2020-11-06,125.21,121.89,125.21,120.49,472653,47.7615,7.8003,0.1633177349957602
203,2020-11-09,121.53,122.81,123.29,120.01,486427,46.7381,7.6332,0.16331857734910063
204,2020-11-10,124.73,121.05,125.73,120.29,389841,43.6681,7.1318,0.16331830329233468
205,2020-11-11,120.61,121.33,121.65,119.69,225725,46.6504,7.6189,0.16331907121911066
206,2020-11-12,122.65,127.57,130.49,122.53,637568,47.9808,7.8361,0.1633174102974523
207,2020-11-13,125.73,129.41,129.89,124.89,317825,48.6971,7.9531,0.16331773349953077
208,2020-11-16,129.57,128.37,129.89,126.61,237264,48.2293,7.8767,0.16331773424038912
209,2020-11-17,128.37,124.33,128.53,123.73,280066,51.8111,8.4617,0.16331828507790802
210,2020-11-18,124.29,126.05,126.77,123.61,196471,50.6415,8.2707,0.16331862207872988
211,2020-11-19,124.81,125.73,127.09,124.73,154066,50.9339,8.3184,0.1633175547130693
212,2020-11-20,125.73,125.89,126.53,124.85,153885,51.314,8.3805,0.16331800288420315
213,2020-11-23,125.89,122.41,125.89,121.89,328435,51.9573,8.4856,0.16331872518394913
214,2020-11-24,121.81,123.09,123.37,121.09,140615,51.1093,8.3471,0.16331861324651287
215,2020-11-25,122.45,117.29,122.65,117.13,439089,51.2555,8.371,0.16331905844250863
216,2020-11-26,118.09,118.57,120.13,117.49,205839,49.048,8.0104,0.1633175664655032
217,2020-11-27,118.69,119.57,120.53,117.97,145997,49.5304,8.0892,0.16331788154345614
218,2020-11-30,119.57,120.33,122.01,118.21,214385,47.5861,7.7717,0.16331870020867437
219,2020-12-01,121.09,121.57,123.25,121.09,257882,47.7907,7.8051,0.16331838621321723
