,日期,开盘,收盘,最高,最低,成交量,pe,pb,roe
0,2020-01-03,845.02,840.6,850.06,834.93,197908,195.1183,28.3212,0.14514886609815686
1,2020-01-06,838.5,822.73,838.5,813.9,271477,182.9234,26.5512,0.14514928106518907
2,2020-01-07,823.36,836.4,837.87,821.89,210834,187.1677,27.1672,0.14514897602524368
3,2020-01-08,833.04,828.41,848.38,828.41,176371,185.4939,26.9243,0.1451492474954702
4,2020-01-09,838.71,883.7,899.26,838.71,507399,185.4939,26.9243,0.1451492474954702
5,2020-01-10,894.21,890.43,895.05,876.34,266214,190.1865,27.6054,0.14514910364300304
6,2020-01-13,881.39,885.59,888.11,861.84,239799,192.9961,28.0132,0.1451490470532824
7,2020-01-14,876.76,879.07,889.17,871.51,202202,192.6375,27.9612,0.1451493089351762
8,2020-01-15,879.07,876.13,887.69,870.04,155714,186.8987,27.1282,0.14514921719626728
9,2020-01-16,876.97,909.35,915.44,871.72,359197,186.809,27.1152,0.14514932364072397
10,2020-01-17,908.72,916.29,930.37,898.21,269549,197.2703,28.6336,0.14514906704151614
11,2020-01-20,924.9,917.34,931.21,906.61,200493,206.5062,29.9742,0.14514915290678923
12,2020-01-21,916.5,911.24,933.31,904.3,166769,205.7888,29.8701,0.14514929869847143
13,2020-01-22,905.98,903.46,910.19,889.8,175958,208.3593,30.2432,0.1451492685951623
14,2020-01-23,893.16,853.43,897.79,842.71,425633,203.4574,29.5317,0.14514930398206208
15,2020-02-03,779.85,786.78,821.89,769.34,567713,207.1637,30.0696,0.14514898121630382
16,2020-02-04,794.56,838.29,843.97,794.56,358440,205.2508,29.792,0.14514925154981126
17,2020-02-05,850.69,848.38,858.05,832.4,321151,196.3139,28.4948,0.14514917181106382
18,2020-02-06,840.39,860.57,868.98,836.82,234220,200.2892,29.0718,0.14514911438060565
19,2020-02-07,853.43,859.73,866.04,843.76,196294,201.7537,29.2844,0.14514925872487097
20,2020-02-10,858.68,876.97,888.96,852.38,223926,193.3847,28.0696,0.14514902161339546
21,2020-02-11,876.55,893.37,897.79,876.55,211634,191.8603,27.8484,0.1451493612800564
22,2020-02-12,889.17,890.85,898.63,877.6,167972,186.0917,27.011,0.1451488701538005
23,2020-02-13,887.06,881.18,887.48,867.72,180094,186.5101,27.0718,0.1451492439283449
24,2020-02-14,874.87,876.76,891.06,870.67,155631,187.9747,27.2844,0.1451493206266588
25,2020-02-17,876.97,899.26,903.88,876.55,210425,183.7005,26.664,0.14514930552720326
26,2020-02-18,900.1,898.0,913.13,891.69,172144,169.772,26.1952,0.15429635039935916
27,2020-02-19,895.68,885.17,895.89,883.49,132955,170.9377,26.375,0.15429598034839592
28,2020-02-20,886.01,933.31,943.4,881.81,368881,174.8532,26.9792,0.15429628968757791
29,2020-02-21,929.11,922.8,931.21,917.76,190087,173.8968,26.8316,0.15429611125679138
30,2020-02-24,910.19,910.19,916.29,891.48,234685,171.5056,26.4627,0.1542964194755157
31,2020-02-25,891.69,903.46,907.67,880.97,179617,168.0086,25.9231,0.15429626816722478
32,2020-02-26,892.11,870.04,899.05,862.47,254905,170.6089,26.3243,0.15429617095005008
33,2020-02-27,872.14,888.54,894.84,867.72,173648,171.147,26.4073,0.1542960145372107
34,2020-02-28,851.32,853.43,876.34,851.11,192996,172.6414,26.6379,0.15429613059208278
35,2020-03-02,864.99,895.47,901.78,864.99,233566,173.5082,26.7716,0.15429587765880806
36,2020-03-03,907.67,904.3,918.6,892.53,222385,170.9676,26.3796,0.1542959016796165
37,2020-03-04,895.47,929.11,933.31,893.79,284534,158.9819,24.5303,0.15429618088600025
38,2020-03-05,929.95,952.44,964.64,920.28,325830,153.6915,23.714,0.15429610616071807
39,2020-03-06,950.76,956.44,969.05,945.09,201194,148.0424,22.8424,0.15429633672515444
40,2020-03-09,952.65,937.31,956.02,923.01,205160,145.3823,22.4319,0.1542959493693524
41,2020-03-10,932.47,936.05,950.13,913.34,258113,143.6786,22.169,0.15429576847213156
42,2020-03-11,937.31,919.86,947.82,917.55,145732,141.3771,21.8139,0.15429585130830947
43,2020-03-12,910.19,886.64,911.45,874.24,251998,145.0535,22.3812,0.15429617348081914
44,2020-03-13,842.92,877.6,888.33,822.94,358539,140.0022,21.6018,0.1542961467748364
45,2020-03-16,877.39,831.56,884.96,824.0,261800,140.9586,21.7494,0.15429636786971496
46,2020-03-17,832.4,818.53,849.22,796.67,265936,143.021,22.0676,0.15429622223309863
47,2020-03-18,828.2,812.43,849.01,812.43,239435,142.2738,21.9523,0.15429615291079596
48,2020-03-19,807.18,769.34,811.17,736.75,630071,145.4719,22.4458,0.15429646550295967
49,2020-03-20,780.69,771.65,783.84,756.72,304684,148.7896,22.9577,0.15429640243672943
50,2020-03-23,748.31,731.49,770.81,731.49,296058,148.431,22.9023,0.15429593548517492
51,2020-03-24,751.68,795.82,798.14,750.42,397005,148.9989,22.9899,0.1542957699687716
52,2020-03-25,826.94,825.47,834.93,798.77,306290,146.5181,22.6072,0.15429629513350226
53,2020-03-26,817.06,828.2,836.4,815.59,149380,146.5181,22.6072,0.15429629513350226
54,2020-03-27,838.71,828.62,860.36,825.26,177908,151.3004,23.3451,0.1542963534795678
55,2020-03-30,813.9,814.54,828.2,798.77,163567,152.5258,23.5341,0.15429586338835788
56,2020-03-31,825.05,840.39,847.12,818.74,166231,156.9196,24.2121,0.154296212837657
57,2020-04-01,837.66,830.51,855.11,827.78,140920,160.3569,24.7424,0.15429582387786245
58,2020-04-02,827.78,842.92,842.92,822.94,96690,159.6993,24.641,0.15429623047815488
59,2020-04-03,843.13,840.39,850.9,838.71,89817,160.596,24.7793,0.15429587287354604
60,2020-04-07,851.75,860.36,863.94,847.33,142637,155.3354,23.9677,0.15429644498292083
61,2020-04-08,853.43,858.89,863.94,846.28,96062,153.1236,23.6264,0.15429626785159178
62,2020-04-09,862.05,892.95,904.72,862.05,209255,150.9716,23.2943,0.15429590730971918
63,2020-04-10,893.37,914.18,941.09,893.37,282473,149.3874,23.0499,0.15429614545805068
64,2020-04-13,909.56,907.67,926.38,899.26,112234,138.5376,22.3402,0.16125730487607695
65,2020-04-14,916.71,932.05,934.36,903.88,162118,138.0892,22.268,0.16125808535352512
66,2020-04-15,935.42,923.01,939.2,917.13,149970,135.3992,21.8342,0.16125796902788198
67,2020-04-16,922.8,917.76,922.8,906.61,128217,132.0217,21.2895,0.16125758114007013
68,2020-04-17,918.6,918.39,936.89,912.29,140411,133.008,21.4486,0.16125796944544687
69,2020-04-20,925.75,916.5,926.38,910.19,119739,135.7877,21.8968,0.16125761022537385
70,2020-04-21,916.5,903.88,922.38,895.68,124084,136.1763,21.9595,0.16125786939430722
71,2020-04-22,909.77,938.15,938.78,901.99,206702,134.353,21.6655,0.16125802922152838
72,2020-04-24,936.26,936.68,949.71,905.98,200191,132.7091,21.4004,0.16125796949870055
73,2020-04-27,938.15,943.83,969.89,930.79,173534,137.1925,22.1234,0.16125808626564864
74,2020-04-28,938.57,960.43,971.15,937.1,172804,137.9398,22.2439,0.16125802705238082
75,2020-04-29,957.49,972.84,1011.1,956.02,164892,138.5376,22.3402,0.16125730487607695
76,2020-04-30,971.15,945.72,972.21,939.2,169720,137.1094,22.1082,0.16124496205220065
77,2020-05-06,944.04,968.84,974.94,935.21,172468,140.248,22.6143,0.1612450801437454
78,2020-05-07,973.26,991.76,996.38,964.85,140769,141.8322,22.8698,0.1612454717617015
79,2020-05-08,993.86,996.38,1008.79,977.46,129049,142.5795,22.9902,0.16124477922843047
80,2020-05-11,1005.84,971.15,1006.26,964.85,152598,140.0088,22.5757,0.1612448646085103
81,2020-05-12,976.62,986.29,995.75,969.05,116596,135.4056,21.8335,0.1612451774520404
82,2020-05-13,986.29,1027.92,1035.27,979.56,225151,135.4654,21.8431,0.16124486400217325
83,2020-05-14,1023.08,1019.72,1027.71,1009.42,139808,137.9165,22.2384,0.16124539123310117
84,2020-05-15,1014.25,1016.14,1021.61,998.48,118164,136.691,22.0408,0.16124543678808406
85,2020-05-18,1011.1,1044.73,1058.4,1002.69,172607,137.498,22.1709,0.16124525447642876
86,2020-05-19,1047.05,1037.38,1058.4,1034.22,125999,131.5198,21.2069,0.16124492281770503
87,2020-05-20,1040.53,1019.3,1044.31,1013.83,171561,137.7371,22.2094,0.16124486431034193
88,2020-05-21,1020.35,1040.11,1048.52,1020.14,152808,136.9002,22.0745,0.16124519905741555
89,2020-05-22,1042.63,1018.88,1044.1,1007.31,121172,135.4056,21.8335,0.1612451774520404
90,2020-05-25,1019.51,1036.54,1058.4,1017.62,116310,131.3704,21.1828,0.16124484663211805
91,2020-05-26,1042.21,1064.08,1071.43,1032.33,124783,132.0878,21.2985,0.16124502035767121
92,2020-05-27,1064.08,1048.73,1068.07,1038.64,104914,132.1176,21.3033,0.16124498174353757
93,2020-05-28,1053.92,1044.63,1058.02,1023.04,165168,142.6093,22.9951,0.1612454447220483
94,2020-05-29,1040.53,1085.9,1097.65,1029.6,290649,137.2589,22.1323,0.16124491745161879
95,2020-06-01,1086.99,1117.87,1126.89,1075.24,207711,139.9789,22.5709,0.16124501621315784
96,2020-06-02,1109.67,1089.72,1117.87,1083.98,216917,137.2888,22.1372,0.16124549125638798
97,2020-06-03,1092.18,1085.62,1108.85,1081.8,194323,138.5442,22.3396,0.16124529211616223
98,2020-06-04,1086.99,1109.4,1112.68,1078.79,204605,130.6053,28.978,0.22187460998902803
99,2020-06-05,1099.29,1122.52,1130.44,1089.72,196802,129.6123,28.7577,0.22187477577359555
100,2020-06-08,1122.25,1108.31,1138.92,1097.92,193590,127.0423,28.1875,0.2218749188262492
101,2020-06-09,1102.84,1124.98,1127.44,1098.2,131426,126.3121,28.0255,0.22187502226627537
102,2020-06-10,1123.34,1158.05,1163.51,1117.05,233139,123.5376,27.4099,0.22187495952649236
103,2020-06-11,1155.31,1147.66,1169.25,1138.37,166011,126.9254,28.1615,0.22187442387418121
104,2020-06-12,1134.0,1162.42,1179.91,1132.63,225972,126.8962,28.1551,0.22187504432756855
105,2020-06-15,1172.53,1160.23,1181.28,1155.31,188368,125.874,27.9283,0.22187504965282745
106,2020-06-16,1168.71,1196.31,1196.31,1160.78,187253,128.6485,28.5439,0.22187510930947502
107,2020-06-17,1195.49,1208.33,1245.5,1189.48,238429,134.5772,29.8593,0.2218748792514631
108,2020-06-18,1201.77,1224.19,1229.1,1196.31,195584,133.6426,29.6519,0.22187461183784216
109,2020-06-19,1223.64,1281.03,1281.03,1218.17,308315,135.2197,30.0018,0.22187447539078997
110,2020-06-22,1272.83,1266.27,1285.4,1246.87,360365,129.145,28.654,0.22187463703588986
111,2020-06-23,1259.17,1275.02,1280.48,1246.05,273971,127.4511,28.2782,0.2218748994712482
112,2020-06-24,1264.63,1219.54,1270.1,1192.76,614183,126.1661,27.9931,0.22187497275417087
113,2020-06-29,1216.81,1193.58,1217.08,1168.98,511236,122.311,27.1377,0.22187456565640046
114,2020-06-30,1193.58,1203.14,1220.91,1192.76,328508,122.5447,27.1896,0.22187495664847193
115,2020-07-01,1215.44,1203.41,1216.81,1181.55,233320,120.9676,26.8396,0.22187428699916342
116,2020-07-02,1203.41,1171.71,1203.41,1163.51,400745,122.0774,27.0859,0.2218748105709984
117,2020-07-03,1162.69,1197.68,1204.23,1146.02,434835,118.5436,26.3018,0.221874483312469
118,2020-07-06,1191.12,1204.51,1212.71,1167.61,460480,116.7621,25.9065,0.22187422117279496
119,2020-07-07,1190.84,1228.56,1241.13,1181.28,525871,118.2807,26.2435,0.22187474372403954
120,2020-07-08,1228.56,1237.85,1257.8,1218.99,377652,116.8789,25.9325,0.22187494919955614
121,2020-07-09,1227.74,1282.4,1282.67,1226.64,407271,114.338,25.3687,0.22187461736255665
122,2020-07-10,1270.92,1270.92,1293.88,1262.17,334175,114.7761,25.4659,0.22187458887346756
123,2020-07-13,1270.92,1295.52,1296.61,1264.63,393774,117.7842,26.1333,0.22187441099909835
124,2020-07-14,1293.06,1270.65,1308.36,1246.87,327040,114.3672,25.3752,0.22187480326527187
125,2020-07-15,1270.92,1319.57,1333.78,1270.92,461852,109.9573,24.3967,0.22187430939100905
126,2020-07-16,1316.56,1223.64,1316.56,1211.89,464340,110.7323,22.8595,0.2064393135516918
127,2020-07-17,1227.74,1223.37,1260.26,1212.71,325054,112.3723,23.1981,0.2064396652911794
128,2020-07-20,1230.2,1216.81,1245.5,1191.12,275254,109.4293,22.5906,0.20644013988940804
129,2020-07-21,1216.81,1253.7,1261.35,1212.71,302958,107.5422,22.201,0.20643989057318896
130,2020-07-22,1245.5,1267.37,1281.03,1238.67,248824,109.8112,22.6694,0.2064397802774216
131,2020-07-23,1257.8,1275.02,1281.03,1246.32,259611,107.5872,22.2103,0.20643998542577557
132,2020-07-24,1267.37,1218.17,1270.37,1206.69,306639,109.5192,22.6091,0.20643960145800921
133,2020-07-27,1218.17,1272.83,1272.83,1218.17,347464,110.3055,22.7714,0.20643938878841037
134,2020-07-28,1272.83,1265.45,1283.22,1246.87,199912,107.2502,22.1407,0.20643970827094027
135,2020-07-29,1256.98,1276.66,1280.76,1256.43,220637,107.6321,22.2195,0.2064393429097825
136,2020-07-30,1276.38,1254.25,1285.95,1243.04,234116,108.5082,22.4004,0.2064396976449706
137,2020-07-31,1256.16,1253.7,1274.47,1242.5,253573,104.0601,21.4821,0.20643935571847422
138,2020-08-03,1257.8,1295.79,1302.89,1248.24,358958,102.4426,21.1482,0.20643950856382012
139,2020-08-04,1295.79,1319.29,1332.96,1287.59,318132,105.1384,21.7047,0.20643932188429726
140,2020-08-05,1319.29,1312.46,1331.04,1302.62,202104,104.6442,21.6027,0.20643953511040267
141,2020-08-06,1312.46,1297.98,1324.76,1278.3,195677,102.1954,21.0972,0.2064398201876014
142,2020-08-07,1297.98,1269.28,1306.45,1252.06,247512,99.7242,20.587,0.2064393597542021
143,2020-08-10,1272.83,1282.4,1284.31,1252.61,158116,102.6223,21.1853,0.20643953604625898
144,2020-08-11,1279.94,1276.93,1331.59,1275.02,252877,101.2968,21.1828,0.20911618136012194
145,2020-08-12,1278.3,1270.1,1291.14,1245.78,227886,99.522,20.8117,0.20911657723920338
146,2020-08-13,1276.93,1229.1,1281.03,1226.92,199527,98.7582,20.6519,0.20911580000445534
147,2020-08-14,1229.38,1244.14,1244.96,1204.23,236625,135.1884,20.6737,0.1529251030413852
148,2020-08-17,1244.96,1260.81,1261.9,1240.58,171974,130.1837,19.9084,0.1529254430470174
149,2020-08-18,1256.43,1257.25,1273.38,1253.15,113245,132.0259,20.1901,0.15292529723334589
150,2020-08-19,1257.25,1231.84,1259.71,1230.74,130799,132.3023,20.2324,0.15292553493023173
151,2020-08-20,1232.11,1222.82,1242.22,1218.45,120209,132.2101,20.2183,0.15292553292070726
152,2020-08-21,1230.2,1253.7,1259.17,1229.1,147687,132.9777,20.3357,0.1529256409157325
153,2020-08-24,1264.36,1278.3,1283.22,1246.05,193379,134.298,20.5376,0.15292558340407156
154,2020-08-25,1278.02,1282.4,1294.7,1267.37,143106,130.7364,19.9929,0.15292527559271937
155,2020-08-26,1308.63,1381.6,1465.78,1308.63,653747,131.6882,20.1385,0.1529256227968793
156,2020-08-27,1388.16,1396.09,1404.01,1371.22,271788,128.5871,19.6642,0.15292513790263565
157,2020-08-28,1395.82,1415.77,1423.14,1376.96,258448,123.6131,18.9036,0.15292553944525297
158,2020-08-31,1423.69,1435.99,1457.58,1402.1,295375,123.828,18.9365,0.1529258326065187
159,2020-09-01,1429.16,1484.09,1494.2,1429.16,286596,120.9112,18.4904,0.1529254527289449
160,2020-09-02,1484.09,1475.89,1502.4,1464.14,227407,121.2796,18.5467,0.15292514157368595
161,2020-09-03,1469.06,1481.9,1548.59,1460.86,327747,119.4681,18.2697,0.152925341576538
162,2020-09-04,1451.29,1450.47,1463.59,1400.73,329712,120.9112,18.4904,0.1529254527289449
163,2020-09-07,1455.67,1410.3,1472.34,1408.66,272800,117.1346,17.9129,0.15292577940249935
164,2020-09-08,1412.49,1399.09,1436.26,1382.15,177580,119.1918,18.2275,0.15292578851900884
165,2020-09-09,1396.09,1355.37,1398.55,1348.54,249400,119.1304,18.2181,0.15292570158414645
166,2020-09-10,1372.04,1355.37,1398.55,1346.08,188723,118.7312,18.157,0.15292526311533952
167,2020-09-11,1358.37,1378.05,1390.08,1357.55,179660,114.402,17.495,0.15292564815300433
168,2020-09-14,1382.97,1372.86,1393.08,1360.83,193246,105.0067,16.0582,0.1529254799931814
169,2020-09-15,1368.49,1376.14,1379.42,1330.22,178528,110.8711,16.955,0.15292533401400363
170,2020-09-16,1372.86,1345.8,1386.25,1337.88,171246,110.5333,16.9034,0.15292586035158637
171,2020-09-17,1343.89,1316.56,1346.35,1305.63,176305,116.8276,17.8659,0.15292533613632395
172,2020-09-18,1316.56,1319.29,1326.4,1296.88,162693,117.718,18.0021,0.1529256358415875
173,2020-09-21,1319.29,1304.53,1331.32,1298.52,165054,119.6216,18.2932,0.15292555859476883
174,2020-09-22,1299.07,1295.79,1313.28,1290.6,156474,126.3457,19.3215,0.15292566347726913
175,2020-09-23,1299.89,1341.98,1351.54,1290.6,336318,127.666,19.5234,0.15292560274466185
176,2020-09-24,1327.49,1308.36,1337.88,1302.07,172541,132.5172,20.2652,0.15292505425710776
177,2020-09-25,1310.55,1329.4,1342.8,1309.18,160801,134.8814,20.6268,0.1529254589587593
178,2020-09-28,1330.22,1344.98,1357.83,1316.56,199520,135.0656,20.655,0.1529256894427597
179,2020-09-29,1346.62,1369.31,1377.5,1333.5,167931,137.8596,21.0822,0.1529251499351514
180,2020-09-30,1371.22,1420.96,1442.28,1371.22,258450,137.2763,20.993,0.15292515896771694
181,2020-10-09,1431.89,1469.33,1473.43,1412.21,214099,133.8681,20.4718,0.1529251554328477
182,2020-10-12,1469.33,1578.92,1587.12,1460.04,288663,130.2451,19.9178,0.15292552272599888
183,2020-10-13,1576.19,1602.15,1605.98,1559.79,201534,128.9556,19.7206,0.15292550304135688
184,2020-10-14,1600.79,1594.23,1611.72,1577.83,176971,122.8148,19.224,0.15652836628810207
185,2020-10-15,1594.78,1580.56,1602.7,1565.53,163031,127.9423,20.0266,0.156528372555441
186,2020-10-16,1580.56,1575.64,1591.5,1550.23,135545,125.2404,19.6037,0.15652856426520517
187,2020-10-19,1591.77,1551.87,1595.32,1546.95,147602,130.1223,20.3679,0.15652889627681035
188,2020-10-20,1554.87,1583.84,1588.76,1543.4,118809,131.1048,20.5217,0.156528975293048
189,2020-10-21,1586.03,1605.71,1634.13,1575.1,156099,132.947,20.81,0.15652854144884804
190,2020-10-22,1591.5,1614.45,1628.12,1578.92,118433,134.4822,21.0503,0.1565285219902708
191,2020-10-23,1612.27,1578.65,1631.4,1559.79,132421,127.4511,19.9497,0.15652826848885573
192,2020-10-26,1565.81,1567.99,1577.56,1505.68,120841,129.324,20.2429,0.15652856391698367
193,2020-10-27,1627.57,1695.35,1709.56,1614.73,340339,129.5082,20.2718,0.1565290846448333
194,2020-10-28,1710.38,1734.43,1751.37,1690.98,235775,126.2229,19.7575,0.1565286489218676
195,2020-10-29,1712.02,1721.04,1739.62,1699.45,149988,126.8677,19.8584,0.15652841503392903
196,2020-10-30,1737.71,1717.21,1751.37,1693.16,171961,128.2801,20.0795,0.15652856522562736
197,2020-11-02,1726.78,1769.96,1780.62,1721.04,226640,128.6485,20.1372,0.15652883632533607
198,2020-11-03,1764.77,1783.9,1797.56,1739.9,166501,126.2536,19.7623,0.15652860591697978
199,2020-11-04,1779.8,1860.42,1873.81,1770.23,184065,123.7359,19.3682,0.1565285418378983
200,2020-11-05,1850.03,1847.03,1869.98,1794.83,220225,123.8587,19.3874,0.15652836659838995
201,2020-11-06,1834.46,1810.68,1838.56,1761.49,234232,122.0779,19.1087,0.15652874107434678
202,2020-11-09,1819.7,1892.39,1910.43,1816.15,212977,120.6041,18.878,0.15652867522745909
203,2020-11-10,1890.48,1909.89,1938.58,1875.45,187691,113.0817,17.7005,0.15652842148641205
204,2020-11-11,1908.25,1876.0,1934.76,1844.02,213370,122.8148,19.224,0.15652836628810207
205,2020-11-12,1885.02,1920.82,1933.66,1874.9,160367,130.1223,20.3679,0.15652889627681035
206,2020-11-13,1909.61,1897.31,1915.08,1874.08,121805,131.2583,20.5457,0.156528768085523
207,2020-11-16,1920.27,1903.87,1924.64,1876.82,123341,132.1487,20.6851,0.1565289707730761
208,2020-11-17,1914.53,1819.42,1918.9,1792.37,301766,131.9952,20.661,0.15652841921524419
209,2020-11-18,1835.55,1723.77,1835.55,1706.55,411769,130.982,20.5024,0.15652837794506116
210,2020-11-19,1710.11,1724.59,1751.1,1678.13,269582,126.1308,19.7431,0.15652877806213866
211,2020-11-20,1740.17,1777.06,1810.95,1740.17,218299,126.5607,19.8104,0.15652884347194668
212,2020-11-23,1777.06,1780.34,1804.94,1756.29,145504,127.5125,19.9594,0.15652896774825997
213,2020-11-24,1764.77,1754.65,1778.16,1715.57,185901,128.2187,20.0699,0.156528649877124
214,2020-11-25,1750.28,1711.75,1754.65,1699.17,155901,127.2361,19.9161,0.15652868957787924
215,2020-11-26,1727.32,1711.75,1749.46,1685.51,159826,119.1611,18.6521,0.15652843083858742
216,2020-11-27,1710.38,1727.05,1749.73,1699.72,100864,120.3278,18.8348,0.1565290813926624
217,2020-11-30,1728.14,1688.24,1735.8,1683.05,205025,118.3321,18.5224,0.15652895537221093
218,2020-12-01,1710.38,1799.75,1813.96,1709.83,259125,120.9419,18.9309,0.15652887874260285
