,日期,开盘,收盘,最高,最低,成交量,pe,pb,roe
0,2020-01-03,447.58,434.74,452.61,429.53,409365,82.0324,11.556,0.14087116797753083
1,2020-01-06,438.42,468.96,476.32,438.15,474028,80.0468,11.2763,0.14087134026594442
2,2020-01-07,469.05,464.83,473.27,454.77,294042,81.6477,11.5018,0.14087108393745323
3,2020-01-08,459.35,457.19,471.83,453.42,221162,81.6105,11.4966,0.14087157902475786
4,2020-01-09,459.8,469.5,475.33,456.38,279745,83.8816,11.8165,0.1408711803303704
5,2020-01-10,475.24,486.47,492.31,468.24,319734,83.9808,11.8305,0.14087148491083676
6,2020-01-13,487.19,495.36,508.92,487.19,237031,84.4028,11.8899,0.14087091897425205
7,2020-01-14,501.02,500.39,510.9,494.1,281473,81.1637,11.4336,0.14087085729211457
8,2020-01-15,494.1,494.82,496.62,481.98,193805,78.1852,11.0141,0.14087192972583046
9,2020-01-16,492.58,498.42,502.55,489.43,157182,76.0755,10.7168,0.14087058251342413
10,2020-01-17,501.11,495.72,510.9,487.82,177737,79.2029,11.1574,0.1408711044671344
11,2020-01-20,502.19,544.31,545.03,502.19,407464,82.777,11.6609,0.14087125650845042
12,2020-01-21,542.6,539.91,548.53,532.72,201993,83.6458,11.7833,0.14087138864115115
13,2020-01-22,539.91,565.96,578.62,526.53,321536,78.9671,11.1242,0.1408713248935316
14,2020-01-23,555.18,544.4,573.14,532.72,257124,79.3021,11.1714,0.1408714271122707
15,2020-02-03,490.24,490.24,517.01,490.24,371125,78.1976,11.0158,0.14087133108944522
16,2020-02-04,514.67,534.34,538.65,501.29,315011,77.8005,10.9599,0.14087184529662405
17,2020-02-05,548.89,535.87,574.76,532.72,361036,76.696,10.8043,0.14087175341608427
18,2020-02-06,517.64,564.52,571.25,514.94,347532,76.1747,10.7308,0.14087091908468297
19,2020-02-07,564.16,550.87,564.16,544.85,206759,69.1667,12.6417,0.18277147818242015
20,2020-02-10,555.18,598.29,599.64,550.96,290032,65.0554,11.8903,0.1827719143991121
21,2020-02-11,598.29,596.31,604.58,582.21,215036,65.1763,11.9124,0.18277195851866399
22,2020-02-12,586.7,630.17,641.13,585.53,279804,64.3662,11.7643,0.18277139243888874
23,2020-02-13,627.03,630.62,659.36,625.41,280477,64.7531,11.835,0.18277117234541668
24,2020-02-14,625.23,631.79,651.1,620.74,212710,69.1667,13.5933,0.19652954384118365
25,2020-02-17,632.87,694.66,694.66,632.87,284269,67.4738,13.2606,0.19652961593981666
26,2020-02-18,708.58,712.8,741.99,689.99,372739,65.6842,12.9089,0.19652975905925624
27,2020-02-19,740.91,710.91,751.87,694.57,330016,64.2815,12.6332,0.1965293280337267
28,2020-02-20,722.32,713.7,730.22,699.87,258387,66.5669,13.0823,0.1965286050574685
29,2020-02-21,719.54,727.26,729.24,694.66,283491,66.5911,13.0871,0.19652926592292363
30,2020-02-24,714.51,698.97,715.05,674.27,374570,67.6794,13.301,0.19652952006075705
31,2020-02-25,674.54,745.13,768.58,671.04,457333,64.3783,12.6522,0.19652895463222858
32,2020-02-26,713.52,670.95,727.08,670.95,477441,66.4097,13.0514,0.19652851917716838
33,2020-02-27,669.24,655.32,684.42,644.99,337922,65.66,12.9041,0.19652908924763937
34,2020-02-28,622.72,600.53,639.42,596.58,388438,65.66,12.9041,0.19652908924763937
35,2020-03-02,622.0,625.23,633.59,600.62,287982,66.6999,13.1085,0.1965295300292804
36,2020-03-03,649.57,631.16,672.03,623.89,280701,66.1679,13.0039,0.19652883044497407
37,2020-03-04,624.69,638.44,651.28,620.29,260316,61.5003,12.0866,0.19652912262216607
38,2020-03-05,649.48,636.82,653.97,620.47,227289,59.8558,11.7634,0.19652899134252655
39,2020-03-06,623.8,641.58,654.42,621.55,206998,60.6176,11.9131,0.196528730929631
40,2020-03-09,622.54,609.16,636.01,604.67,214920,59.9526,11.7824,0.19652859092016028
41,2020-03-10,602.51,649.48,653.07,598.92,309030,60.4121,11.8727,0.196528510017033
42,2020-03-11,656.13,635.83,656.13,630.62,233656,57.2318,11.2477,0.19652885284055369
43,2020-03-12,616.16,611.58,626.76,601.61,222298,59.9767,11.7872,0.19652965234832862
44,2020-03-13,568.65,601.52,616.43,568.65,200071,58.1871,11.4355,0.1965298150277295
45,2020-03-16,596.49,541.62,602.78,541.62,363811,59.747,11.742,0.19652869600147288
46,2020-03-17,555.36,533.44,559.67,515.75,247412,59.8316,11.7587,0.19652992732937108
47,2020-03-18,541.8,525.36,565.51,523.74,236479,59.8437,11.761,0.1965286237314872
48,2020-03-19,539.64,532.28,543.5,510.45,235322,58.8764,11.5709,0.19652866004035574
49,2020-03-20,545.48,534.52,547.81,518.35,196452,59.0094,11.5971,0.1965297054367609
50,2020-03-23,511.53,481.35,521.95,481.35,265223,58.4773,11.4925,0.19652925152153058
51,2020-03-24,490.51,477.94,494.55,455.93,360708,56.6151,11.1265,0.19652884124553344
52,2020-03-25,496.35,525.45,525.45,494.55,420146,54.1605,10.6441,0.19652883559051337
53,2020-03-26,520.06,499.4,520.06,499.04,309047,54.5111,10.713,0.19652878037684066
54,2020-03-27,509.82,497.88,518.98,495.72,226628,56.1919,11.0433,0.19652832525684308
55,2020-03-30,480.72,506.23,520.87,469.85,302582,58.0057,11.3998,0.1965289618089257
56,2020-03-31,518.35,524.73,530.39,512.97,286957,60.9441,11.9773,0.19652927846994211
57,2020-04-01,535.42,527.34,555.63,518.35,295936,62.6854,12.3195,0.19652901632597064
58,2020-04-02,523.74,558.23,558.59,520.24,264797,60.8957,11.9678,0.19652947580863675
59,2020-04-03,557.87,554.01,569.55,548.44,176099,60.146,11.8204,0.19652844744455158
60,2020-04-07,570.63,570.98,579.42,561.29,187839,59.2633,11.647,0.19652972412943592
61,2020-04-08,566.76,569.1,580.6,561.29,146792,61.0408,11.9963,0.19652920669453874
62,2020-04-09,575.39,566.31,577.45,554.28,135564,60.6055,11.9107,0.19652836788740297
63,2020-04-10,552.21,532.81,557.87,528.77,213754,60.9804,11.9844,0.19652872070370153
64,2020-04-13,514.76,512.88,530.03,496.44,188871,65.1522,12.8043,0.19652905043881866
65,2020-04-14,523.38,550.33,552.12,520.24,243717,63.6527,12.6911,0.19938038763477434
66,2020-04-15,555.9,534.34,556.35,533.89,170978,60.0009,11.963,0.1993803426281939
67,2020-04-16,534.88,545.12,547.54,526.35,129982,58.7434,11.7123,0.19938069638461514
68,2020-04-17,556.08,570.18,580.33,556.08,281563,60.5693,12.0764,0.19938153486997537
69,2020-04-20,591.0,595.86,599.64,572.24,248759,63.556,12.6719,0.19938164768078548
70,2020-04-21,586.61,567.57,591.1,558.32,230508,64.5959,12.8792,0.19938107526948307
71,2020-04-22,558.5,577.09,577.63,555.0,136529,63.1691,12.5947,0.19938070987239012
72,2020-04-23,577.63,568.65,580.33,558.95,163697,60.932,12.1487,0.19938127748966059
73,2020-04-24,568.65,566.94,585.44,564.34,138170,61.6334,12.2885,0.19938053068628375
74,2020-04-27,568.65,559.67,576.73,557.87,94420,63.6527,12.6911,0.19938038763477434
75,2020-04-28,562.36,582.57,588.86,555.45,203778,64.3904,12.8382,0.19938065301659877
76,2020-04-29,577.9,576.1,586.43,569.55,115837,65.6842,13.0962,0.1993812819521285
77,2020-04-30,585.09,609.07,615.08,585.0,220384,67.4859,13.4554,0.1993809077155376
78,2020-05-06,601.61,628.11,634.84,599.64,232687,70.5694,14.0702,0.19938103483946298
79,2020-05-07,625.14,614.99,630.44,614.28,157688,70.4969,14.0557,0.1993803982870169
80,2020-05-08,618.86,610.68,621.46,600.8,176344,73.012,14.5572,0.199380923683778
81,2020-05-11,614.28,605.11,617.69,599.01,120883,72.7944,14.5138,0.19938072159396877
82,2020-05-12,603.68,620.74,622.09,599.9,126594,69.9043,13.9376,0.19938115394904174
83,2020-05-13,615.35,614.9,624.33,609.43,99705,70.2671,14.0099,0.19938064898081748
84,2020-05-14,613.38,593.08,613.38,592.54,134167,68.6226,13.682,0.19938037905879402
85,2020-05-15,596.67,597.75,609.6,592.09,130720,66.5911,13.277,0.1993809983616429
86,2020-05-18,585.71,558.41,585.71,554.28,218404,67.8124,13.5205,0.19938093917926517
87,2020-05-19,563.35,567.3,579.7,561.46,134043,71.5126,14.2583,0.19938164742996337
88,2020-05-20,576.28,584.27,613.56,576.28,302218,68.3203,13.6218,0.19938144299717653
89,2020-05-21,595.41,548.89,595.59,547.99,290978,64.5959,12.8792,0.19938107526948307
90,2020-05-22,548.98,547.18,557.87,541.71,139110,63.4593,12.6526,0.19938133575378233
91,2020-05-25,547.09,555.0,558.23,532.45,134425,62.8426,12.5296,0.19938067489250924
92,2020-05-26,559.31,569.1,573.05,556.26,144415,62.6007,12.4814,0.19938115707971316
93,2020-05-27,571.25,567.03,594.43,565.51,200638,64.3541,12.831,0.19938123600516516
94,2020-05-28,570.45,576.28,577.63,557.33,116591,65.1884,12.9973,0.19938056464033477
95,2020-05-29,588.05,585.98,593.53,576.37,165451,70.2913,14.0147,0.19938029315149952
96,2020-06-01,594.88,614.01,616.25,587.51,230133,68.5258,13.6628,0.1993818386651451
97,2020-06-02,626.58,621.55,631.07,612.66,186178,72.5525,14.4656,0.1993811377967679
98,2020-06-03,621.55,623.8,640.23,612.66,191780,67.3287,13.4241,0.19938154160112997
99,2020-06-04,625.59,647.6,654.6,625.41,166547,64.8015,12.9202,0.19938118716387737
100,2020-06-05,647.87,661.97,666.19,640.95,151235,58.9126,11.7461,0.19938179608436907
101,2020-06-08,674.63,665.11,686.22,662.59,156925,56.9779,11.3603,0.1993808125606595
102,2020-06-09,670.18,667.62,675.3,653.27,265518,55.8171,11.1289,0.19938155153169906
103,2020-06-10,665.05,720.54,732.66,663.86,542895,57.256,11.4158,0.19938172418611153
104,2020-06-11,739.49,725.66,748.2,721.05,545540,57.8606,11.5363,0.19938092588047826
105,2020-06-12,711.49,718.15,744.27,711.32,506308,57.4979,11.464,0.19938119479146196
106,2020-06-15,738.47,726.34,746.83,712.86,359862,53.6647,10.6997,0.19938059841944517
107,2020-06-16,741.88,737.27,758.95,731.12,320504,54.1725,10.801,0.19938160505791686
108,2020-06-17,735.05,726.86,735.05,716.95,271504,53.7735,10.7214,0.19938073586431979
109,2020-06-18,725.66,730.1,743.93,716.95,237822,52.9633,10.5599,0.19938145848162786
110,2020-06-19,741.88,752.12,774.32,741.2,477675,51.4035,10.2489,0.1993813650821442
111,2020-06-22,758.1,763.56,773.64,748.71,302318,51.1737,10.2031,0.1993817136536932
112,2020-06-23,763.73,769.2,779.78,760.66,270430,51.9113,10.3501,0.19938048170629516
113,2020-06-24,763.39,762.03,771.76,755.88,207016,51.1374,10.1958,0.1993804925553509
114,2020-06-29,772.78,816.15,832.02,763.73,467082,50.557,10.0801,0.19938089680954169
115,2020-06-30,817.17,821.27,823.83,808.63,287861,51.0891,10.1862,0.19938108128739787
116,2020-07-01,820.41,812.73,856.61,802.83,335561,50.7263,10.1139,0.19938178025994402
117,2020-07-02,815.29,792.41,826.73,786.27,408802,46.9778,9.3665,0.19938140994256862
118,2020-07-03,804.37,808.8,820.93,796.0,332967,46.9084,9.1551,0.19516973505811325
119,2020-07-06,823.83,836.12,843.63,811.88,559590,46.6858,9.1116,0.19516855232211935
120,2020-07-07,861.05,919.26,919.26,861.05,500287,45.668,8.913,0.19516948410265395
121,2020-07-08,951.87,954.94,977.48,898.95,655531,43.9822,8.584,0.19516986417232426
122,2020-07-09,943.33,1028.7,1028.7,924.9,628787,43.8232,8.5529,0.19516831267456505
123,2020-07-10,1011.62,971.85,1011.62,941.12,923319,43.3309,8.4491,0.19499018021781223
124,2020-07-13,982.6,996.77,1011.45,951.87,639944,41.3442,8.0617,0.19498986556760078
125,2020-07-14,972.36,924.73,973.04,910.9,798465,40.6565,7.9276,0.1949897310393172
126,2020-07-15,938.21,912.95,951.7,875.22,625774,40.0007,7.7997,0.1949890876909654
127,2020-07-16,916.19,888.19,948.12,883.24,577104,40.1471,7.8283,0.19499042272044553
128,2020-07-17,888.7,891.61,909.02,862.41,386848,39.1474,7.6334,0.19499123824315281
129,2020-07-20,910.21,900.31,917.56,870.09,403129,38.5935,7.5254,0.1949913845595761
130,2020-07-21,927.97,916.36,934.8,903.9,386990,38.7144,7.5489,0.19498946128572314
131,2020-07-22,925.41,968.94,977.31,918.07,631243,41.2232,8.0381,0.19498971452968233
132,2020-07-23,958.7,1014.01,1041.67,953.58,735514,40.0198,7.8035,0.19499097946516475
133,2020-07-24,1005.82,961.77,1045.09,955.46,622553,39.3894,7.6806,0.1949915459489101
134,2020-07-27,977.48,944.53,992.84,925.41,382091,42.1784,8.2244,0.19499080097869997
135,2020-07-28,961.26,973.21,973.72,947.6,298410,41.8473,8.1598,0.19498987987277558
136,2020-07-29,970.65,996.43,1002.06,944.36,321421,43.3946,8.4615,0.19498969917916054
137,2020-07-30,1011.62,991.31,1016.4,976.63,325830,43.8084,8.5422,0.19499000191744048
138,2020-07-31,991.31,1032.11,1044.92,990.28,522475,42.7005,8.3262,0.19499069097551552
139,2020-08-03,1054.48,1035.18,1060.28,1021.7,340474,43.0953,8.4032,0.1949911011177553
140,2020-08-04,1033.82,999.67,1050.89,992.5,375186,43.4009,8.4628,0.19499134810568444
141,2020-08-05,1000.19,1000.7,1008.38,984.99,226943,44.3306,8.644,0.19498946551591903
142,2020-08-06,1004.11,957.16,1006.67,951.7,366762,42.9807,8.3808,0.19498984427894384
143,2020-08-07,959.55,931.73,973.72,907.31,338234,40.6438,7.9251,0.19498914963659894
144,2020-08-10,926.26,913.46,929.51,898.43,260803,41.1023,8.0145,0.19498908820187677
145,2020-08-11,924.56,903.04,938.21,900.82,235865,39.4785,7.6979,0.1949896779259597
146,2020-08-12,906.46,874.53,910.73,832.36,468783,39.9943,8.0592,0.20150871499188636
147,2020-08-13,892.12,864.63,892.63,856.61,221284,40.1153,8.0835,0.20150665706102164
148,2020-08-14,871.12,896.21,896.9,859.68,280363,40.7138,8.2042,0.2015090706345269
149,2020-08-17,900.65,916.36,918.24,866.51,358146,40.0389,8.0681,0.2015065348948148
150,2020-08-18,916.36,901.68,916.36,894.0,218775,42.0446,8.4723,0.20150744685405497
151,2020-08-19,894.0,859.51,895.53,857.8,249263,107.2714,8.1131,0.07563152900027406
152,2020-08-20,842.44,833.73,859.34,830.66,250084,102.5336,7.7548,0.07563179289520704
153,2020-08-21,843.46,851.49,876.41,843.46,252280,100.4958,7.6007,0.07563201646237952
154,2020-08-24,865.83,903.04,920.29,852.17,429239,103.5185,7.8293,0.07563189188405937
155,2020-08-25,909.19,924.21,970.31,905.78,506496,96.4373,7.2937,0.07563152431683592
156,2020-08-26,933.09,865.31,934.63,854.56,453766,100.2072,7.5789,0.07563228989533687
157,2020-08-27,869.92,860.02,878.46,831.0,318031,106.5412,8.0579,0.07563177437460814
158,2020-08-28,854.56,866.17,871.63,839.19,215107,107.0676,8.0977,0.0756316570092166
159,2020-08-31,869.07,841.07,876.58,840.9,300055,107.4243,8.1247,0.0756318635541493
160,2020-09-01,839.19,853.53,862.75,825.54,286154,104.2148,7.882,0.07563225184906558
161,2020-09-02,852.85,864.12,878.29,844.31,230999,105.0129,7.9423,0.07563166049123489
162,2020-09-03,864.8,889.39,907.31,858.14,402350,99.1713,7.5005,0.07563176039842172
163,2020-09-04,863.09,864.8,869.75,846.02,247821,98.6788,7.4633,0.0756322533310093
164,2020-09-07,862.41,823.32,866.85,815.46,311769,95.1807,7.1987,0.07563192958236281
165,2020-09-08,817.51,797.71,826.9,782.85,272061,93.6014,7.0793,0.07563241575446521
166,2020-09-09,781.15,773.98,784.22,750.42,287810,93.8901,7.1011,0.07563204214288832
167,2020-09-10,784.56,769.03,809.15,764.42,236558,98.8147,7.4736,0.07563247168690489
168,2020-09-11,769.54,803.68,810.17,769.54,232663,89.8315,6.7941,0.07563159916065078
169,2020-09-14,812.39,829.97,841.75,806.76,271598,90.4768,6.8429,0.07563154311381481
170,2020-09-15,839.19,837.49,848.41,827.24,205546,100.5298,7.6033,0.07563230007420686
171,2020-09-16,842.61,835.61,847.05,827.24,143853,100.1053,7.5712,0.07563235912584049
172,2020-09-17,835.61,849.27,865.48,818.36,256949,98.7977,7.4723,0.0756323274732104
173,2020-09-18,840.05,847.73,856.09,834.07,145627,100.326,7.5879,0.07563243825130077
174,2020-09-21,855.58,847.9,878.46,847.9,180607,101.8713,7.7047,0.07563170392446154
175,2020-09-22,844.31,825.88,844.31,823.83,119913,113.1979,8.5614,0.07563214511929992
176,2020-09-23,827.24,851.14,854.56,812.73,195332,115.0998,8.7052,0.07563175609340762
177,2020-09-24,849.1,812.39,849.1,811.54,171592,119.6848,9.052,0.07563199336924989
178,2020-09-25,832.36,857.29,864.8,824.0,345708,122.266,9.2472,0.0756318191484141
179,2020-09-28,860.53,850.8,865.66,842.1,143924,114.6413,8.6706,0.07563242915075108
180,2020-09-29,854.39,860.19,867.87,840.9,189243,120.7716,9.1342,0.07563201944828088
181,2020-09-30,866.17,849.44,871.8,845.34,161486,119.8716,9.0661,0.07563175931580124
182,2020-10-09,870.09,872.66,896.56,866.0,309391,120.1773,9.0892,0.0756315876625619
183,2020-10-12,884.61,938.55,943.33,884.61,488362,118.8018,8.9852,0.07563185069586488
184,2020-10-13,926.26,946.07,953.58,919.95,259467,117.681,8.9004,0.07563158028908659
185,2020-10-14,946.75,931.38,963.48,929.68,224149,113.0111,8.9705,0.07937715852690576
186,2020-10-15,946.75,931.38,953.24,924.56,181172,123.3698,9.7927,0.07937680048115503
187,2020-10-16,955.29,941.97,980.21,928.99,367686,126.3245,10.0272,0.0793765263270387
188,2020-10-19,936.51,913.29,951.7,909.19,212395,140.3512,11.1406,0.07937659243383739
189,2020-10-20,922.68,959.9,964.68,909.19,322935,131.6227,10.4478,0.07937688559800095
190,2020-10-21,951.87,944.53,963.82,926.43,203061,136.9719,10.8724,0.07937686488980587
191,2020-10-22,931.38,944.19,948.29,922.17,133713,134.4077,10.6688,0.07937640477442884
192,2020-10-23,943.33,911.92,954.6,907.14,158705,133.8813,10.6271,0.07937703024993034
193,2020-10-26,892.8,931.73,943.33,881.02,183314,134.2379,10.6554,0.07937698667812891
194,2020-10-27,953.58,956.99,970.99,941.46,261842,130.8076,10.3831,0.07937688635828499
195,2020-10-28,960.41,980.89,993.87,953.75,290321,118.9207,9.4395,0.0793764247940014
196,2020-10-29,942.99,918.58,942.99,884.61,652198,118.6999,9.422,0.07937664648411667
197,2020-10-30,915.17,913.12,915.17,890.41,324250,118.615,9.4153,0.07937697593053156
198,2020-11-02,902.36,924.56,932.75,892.12,256099,112.213,8.9071,0.079376721057275
199,2020-11-03,934.63,922.85,953.58,909.7,217329,112.5866,8.9368,0.07937711947958283
200,2020-11-04,945.21,980.89,1006.16,936.68,553659,103.6204,8.2251,0.07937722687810507
201,2020-11-05,995.75,1052.26,1070.52,995.75,670679,106.2016,8.4299,0.07937639357599133
202,2020-11-06,1079.74,1059.43,1091.69,1034.5,500912,100.7845,7.9999,0.07937629298155967
203,2020-11-09,1062.84,1074.62,1096.65,1038.94,458727,100.4958,7.977,0.07937645155319924
204,2020-11-10,1067.79,1080.08,1120.21,1048.5,400529,92.158,7.3152,0.07937672258512554
205,2020-11-11,1079.91,1095.28,1144.28,1069.67,457380,102.3978,8.128,0.07937670535890419
206,2020-11-12,1074.11,1090.67,1120.38,1074.11,253748,106.4733,8.4515,0.07937670758772387
207,2020-11-13,1114.23,1155.03,1157.08,1103.82,488193,101.5487,8.0606,0.07937669315313738
208,2020-11-16,1136.25,1143.08,1152.64,1097.16,379803,102.3808,8.1267,0.07937718791023317
209,2020-11-17,1156.74,1093.91,1171.42,1073.09,386595,93.1939,7.3974,0.07937643987428362
210,2020-11-18,1095.11,1050.89,1105.52,1038.77,428924,93.7033,7.4379,0.0793771403995377
211,2020-11-19,1058.06,1079.91,1081.45,1037.57,260316,93.024,7.3839,0.07937628998968008
212,2020-11-20,1081.96,1120.89,1137.62,1081.96,314779,94.0769,7.4675,0.07937655258623531
213,2020-11-23,1148.2,1165.45,1189.86,1123.45,316116,93.1259,7.392,0.07937641408029346
214,2020-11-24,1190.88,1159.64,1207.79,1150.94,263730,91.4448,7.2586,0.07937684810946058
215,2020-11-25,1165.28,1158.28,1173.98,1144.79,177536,88.2353,7.0038,0.07937639470824036
216,2020-11-26,1151.45,1127.03,1164.42,1093.57,241099,85.9088,6.8192,0.07937720000744977
217,2020-11-27,1127.2,1127.55,1147.69,1104.5,152799,87.3523,6.9337,0.07937627286287825
218,2020-11-30,1123.96,1105.52,1131.13,1091.86,214071,88.1334,6.9957,0.07937626370933154
219,2020-12-01,1105.69,1132.84,1138.81,1101.25,177266,81.6635,6.4822,0.07937695543296576
