,日期,开盘,收盘,最高,最低,成交量,pe,pb,roe
0,2020-01-03,922.04,915.72,941.08,913.72,99826,88.215,18.4426,0.20906421810349712
1,2020-01-06,905.72,944.04,978.04,891.4,168537,85.6758,17.9117,0.20906370293595158
2,2020-01-07,948.84,944.84,960.36,930.6,109551,84.3882,17.6425,0.20906358945918976
3,2020-01-08,929.72,901.0,935.32,890.52,128780,83.442,17.4447,0.20906378082979798
4,2020-01-09,919.88,919.88,944.6,913.72,112844,83.9151,17.5436,0.20906368460503535
5,2020-01-10,941.64,920.2,945.56,911.88,83227,84.7655,17.7214,0.2090638290342179
6,2020-01-13,918.52,933.08,933.64,901.8,102034,85.9453,17.968,0.20906320648133173
7,2020-01-14,936.92,912.52,941.72,909.0,93761,84.7116,17.7101,0.20906345766105233
8,2020-01-15,909.32,904.28,916.28,892.44,93615,85.2087,17.814,0.2090631590436188
9,2020-01-16,905.64,897.4,909.72,894.52,54664,84.3822,17.6413,0.2090642339261124
10,2020-01-17,904.84,911.24,927.96,901.72,98284,83.2144,17.3971,0.20906357553500354
11,2020-01-20,911.56,925.08,929.72,897.56,82452,83.7714,17.5136,0.20906419135886473
12,2020-01-21,921.72,900.44,924.92,896.6,83287,83.939,17.5486,0.20906372484780616
13,2020-01-22,891.0,919.24,925.24,874.04,111384,83.2443,17.4034,0.20906416415298107
14,2020-01-23,913.64,898.12,936.76,880.76,117572,82.7413,17.2982,0.20906367195100878
15,2020-02-03,810.92,810.92,810.92,810.92,20768,86.0112,17.9818,0.20906347080380228
16,2020-02-04,753.72,807.56,823.0,753.72,173842,88.7121,18.5465,0.20906392701784762
17,2020-02-05,813.56,822.52,858.6,803.24,134805,83.7714,17.5136,0.20906419135886473
18,2020-02-06,817.72,855.48,866.52,812.2,156864,84.3762,17.64,0.20906369331636174
19,2020-02-07,843.32,863.24,877.72,842.92,103856,83.3941,17.4347,0.20906395056724636
20,2020-02-10,853.56,863.96,879.4,851.72,100701,83.975,17.5561,0.2090634117296815
21,2020-02-11,868.36,857.72,876.92,856.76,73133,82.2382,17.193,0.20906342794467778
22,2020-02-12,854.12,902.44,920.12,849.8,175398,80.9207,16.9176,0.2090639354330845
23,2020-02-13,902.12,905.72,922.36,876.36,137340,83.8013,17.5198,0.2090635825458555
24,2020-02-14,899.4,976.92,993.72,897.72,257401,84.5798,17.6826,0.20906410277631302
25,2020-02-17,997.24,1046.04,1065.72,977.56,229890,84.2026,17.6037,0.20906361561281955
26,2020-02-18,1025.72,1010.92,1045.72,999.0,151498,84.9751,17.7652,0.20906359627702703
27,2020-02-19,1001.72,997.4,1040.12,993.72,150526,92.8144,20.9297,0.22550056887724318
28,2020-02-20,998.36,1094.6,1094.6,989.4,173386,95.0183,21.4267,0.22550077195655996
29,2020-02-21,1145.72,1201.48,1201.48,1129.72,264285,93.8206,21.1566,0.22550058302760803
30,2020-02-24,1177.72,1204.28,1224.12,1169.24,220327,94.8986,21.3997,0.22550069231790562
31,2020-02-25,1153.72,1193.72,1201.72,1096.92,249174,94.0362,21.2052,0.22550039240207498
32,2020-02-26,1161.72,1076.92,1169.72,1076.92,202309,96.0963,21.6698,0.225500877765325
33,2020-02-27,1091.96,1099.48,1145.64,1074.2,221236,95.7609,21.5941,0.22550017804761652
34,2020-02-28,1032.76,1013.64,1069.55,999.24,208998,96.6054,21.7845,0.22549981678042844
35,2020-03-02,1049.72,1073.72,1088.92,1026.36,174698,99.1865,22.3666,0.22550044612926154
36,2020-03-03,1105.72,1067.08,1144.12,1060.76,202893,101.2107,22.8231,0.2255008610749654
37,2020-03-04,1064.28,1093.72,1105.56,1041.88,174647,98.0067,22.1006,0.22550090963168845
38,2020-03-05,1116.6,1110.2,1150.28,1072.12,218706,95.743,21.5901,0.22550055878758762
39,2020-03-06,1073.72,1059.48,1089.4,1051.32,147912,97.0485,21.8845,0.22550065173598766
40,2020-03-09,1007.8,990.52,1029.72,979.32,156966,95.749,21.5914,0.22550000522198665
41,2020-03-10,1001.72,1035.64,1045.4,973.72,172480,94.2577,21.2552,0.2255009405067172
42,2020-03-11,1032.68,1002.84,1038.92,1001.08,108099,93.9044,21.1755,0.22550061551961356
43,2020-03-12,984.52,983.56,1009.56,969.72,110566,93.066,20.9864,0.22550018266606495
44,2020-03-13,926.12,970.68,992.84,921.72,154677,93.3055,21.0404,0.22550010449544777
45,2020-03-16,971.08,904.44,971.32,890.52,145045,93.8445,21.162,0.22550069529913846
46,2020-03-17,936.12,924.12,937.8,880.12,131474,96.815,21.8318,0.2255001807571141
47,2020-03-18,935.96,897.72,949.0,896.76,125356,88.6582,19.9925,0.2255008560967852
48,2020-03-19,906.36,931.56,941.0,865.8,163892,89.8799,20.268,0.22550091844783984
49,2020-03-20,945.08,929.72,945.88,912.76,103624,92.0479,20.7568,0.22549998424733209
50,2020-03-23,889.72,889.8,913.16,883.16,85697,89.9398,20.2815,0.22550083500296866
51,2020-03-24,919.24,937.32,941.72,890.6,116049,88.772,20.0181,0.2255001577073852
52,2020-03-25,968.76,939.0,970.76,933.8,161033,88.6283,19.9857,0.2255002070444768
53,2020-03-26,923.08,913.72,929.64,912.84,81941,90.4369,20.3936,0.22550087409011146
54,2020-03-27,929.8,918.84,936.92,906.12,93342,94.2039,21.243,0.22550021814383478
55,2020-03-30,897.72,897.56,905.72,881.72,80491,93.9942,21.1957,0.22550008404773908
56,2020-03-31,906.44,894.52,912.28,891.4,59962,97.7253,22.0371,0.22550045893949672
57,2020-04-01,889.72,896.2,913.72,889.72,65663,99.9591,22.5408,0.2255002295939039
58,2020-04-02,892.6,936.68,936.92,888.52,92513,104.2111,23.4997,0.22550093032316135
59,2020-04-03,926.12,912.2,935.32,907.72,72831,101.7497,22.9446,0.22550041916585503
60,2020-04-07,944.12,941.24,950.68,932.6,113094,100.564,22.6772,0.22550017899049363
61,2020-04-08,928.52,933.16,940.52,925.72,64210,98.8571,22.2923,0.22550024226889115
62,2020-04-09,948.92,1023.24,1023.24,948.92,285060,93.2456,21.0269,0.22550018445910586
63,2020-04-10,1009.96,962.44,1012.52,948.12,240288,92.1078,20.7703,0.22549990337408993
64,2020-04-13,936.84,979.72,982.52,924.92,126689,93.4073,21.0634,0.2255005765074036
65,2020-04-14,968.52,991.4,1002.12,968.52,132412,85.9932,24.0349,0.2794976812120028
66,2020-04-15,981.08,965.48,990.04,958.92,89540,84.5619,23.6349,0.2794982137345542
67,2020-04-16,952.6,968.52,980.36,952.6,73549,83.8432,23.434,0.2794979199267204
68,2020-04-17,972.52,975.8,995.8,971.64,109891,84.3762,23.583,0.2794982471360407
69,2020-04-20,968.52,985.56,994.92,968.52,72926,87.3167,24.4049,0.27949865260597345
70,2020-04-21,969.4,961.4,976.52,951.32,75534,88.802,24.82,0.27949820949978604
71,2020-04-22,952.28,959.72,962.52,944.68,59852,84.9452,23.742,0.27949784096099606
72,2020-04-23,961.96,944.04,961.96,942.6,59083,83.424,23.3168,0.2794975067126966
73,2020-04-24,942.04,917.16,947.64,912.68,78477,83.2982,23.2817,0.2794982364564901
74,2020-04-27,920.52,924.52,935.72,912.52,57287,83.1365,23.2365,0.2794981746886145
75,2020-04-28,942.04,936.44,953.32,919.32,91040,84.9392,23.7403,0.27949757002656017
76,2020-04-29,929.08,943.8,958.76,929.08,66545,84.2026,23.5345,0.27949849529586973
77,2020-04-30,954.2,988.12,994.12,954.12,141275,89.1613,24.9204,0.27949794361455027
78,2020-05-06,968.52,1002.36,1003.56,963.08,108261,88.0653,24.6141,0.2794982813889239
79,2020-05-07,1006.92,982.84,1006.92,981.72,76820,87.9515,24.5823,0.27949835989153116
80,2020-05-08,998.92,996.68,1025.72,989.32,129995,88.1073,24.6258,0.2794978395660746
81,2020-05-11,999.4,985.08,1007.0,973.8,90069,85.6938,23.9512,0.2794974665611748
82,2020-05-12,988.12,986.92,992.36,969.88,51201,83.1665,23.2449,0.2794983557081277
83,2020-05-13,984.52,994.52,1004.52,977.08,60805,84.9691,23.7487,0.2794980763595236
84,2020-05-14,988.52,973.32,989.16,968.76,68311,82.4059,23.0323,0.27949819127028525
85,2020-05-15,978.92,975.56,985.56,966.68,64308,83.0108,23.2014,0.27949857127024436
86,2020-05-18,968.6,969.56,983.56,958.68,66671,84.0828,23.501,0.2794983040526719
87,2020-05-19,984.36,974.76,996.52,972.36,80813,90.1434,25.1949,0.27949799985356666
88,2020-05-20,972.44,957.8,973.72,954.36,73334,90.9759,25.4276,0.27949819677518994
89,2020-05-21,960.52,935.0,964.52,933.64,74065,89.8021,25.0995,0.2794979182001312
90,2020-05-22,935.0,921.32,947.64,920.52,61128,91.8862,25.682,0.2794979006640823
91,2020-05-25,920.52,924.28,930.92,914.92,36467,89.4967,25.0141,0.27949745633079204
92,2020-05-26,931.16,937.24,945.96,928.6,57909,91.0777,25.456,0.27949761577202764
93,2020-05-27,933.8,920.28,937.32,915.72,48389,99.9711,27.9417,0.27949777485693367
94,2020-05-28,921.32,923.72,944.52,912.52,75486,102.4205,28.6263,0.279497756796735
95,2020-05-29,893.24,890.84,902.84,872.52,101401,104.3129,29.1553,0.27949850881338745
96,2020-06-01,923.16,965.0,973.8,912.6,164200,103.1152,28.8205,0.27949807593836795
97,2020-06-02,956.52,943.4,964.84,939.32,94648,106.3072,29.7127,0.2794984723518257
98,2020-06-03,948.52,931.32,956.52,931.08,70909,106.966,29.8968,0.27949815829328944
99,2020-06-04,931.4,920.52,938.52,915.0,62119,98.5457,27.5433,0.2794977355683708
100,2020-06-05,924.52,936.2,941.96,916.52,72945,104.0914,29.0933,0.279497633810286
101,2020-06-08,937.4,934.12,951.16,933.24,62702,94.6291,26.4486,0.27949753299989116
102,2020-06-09,936.2,963.0,972.52,933.32,131182,86.9574,24.3044,0.27949777707245155
103,2020-06-10,948.6,974.92,983.56,948.6,99161,79.0522,22.0949,0.2794975977898148
104,2020-06-11,973.0,983.56,1036.36,970.2,163789,79.699,22.2757,0.2794978607008871
105,2020-06-12,960.52,991.24,1000.52,957.32,116822,75.8901,21.2111,0.2794975892771257
106,2020-06-15,992.52,986.28,1032.44,985.08,125896,76.6686,21.4287,0.27949773440495845
107,2020-06-16,1007.56,997.32,1013.32,986.2,82611,77.0938,21.5476,0.27949848107111075
108,2020-06-17,996.52,983.72,996.52,973.32,67244,77.1358,21.5593,0.2794979762963501
109,2020-06-18,983.72,992.36,1010.92,975.56,78426,75.0097,20.9651,0.2794985181916472
110,2020-06-19,994.76,1034.52,1055.4,992.52,179894,71.8536,20.083,0.2794988699244018
111,2020-06-22,1035.24,1062.92,1108.2,1035.24,166542,71.2069,19.9022,0.279498194697424
112,2020-06-23,1048.68,1062.35,1070.92,1044.52,106490,72.2249,20.1867,0.2794977909280594
113,2020-06-24,1069.47,1056.68,1076.28,1042.84,74265,71.3985,19.9557,0.2794974684342108
114,2020-06-29,1058.35,1046.28,1074.12,1036.12,87652,71.7698,20.0595,0.279497783190144
115,2020-06-30,1056.44,1097.16,1117.72,1050.68,125071,71.1949,19.8988,0.27949754827944134
116,2020-07-01,1097.16,1088.52,1117.16,1063.71,106514,70.5481,19.7181,0.2794986682844754
117,2020-07-02,1084.68,1194.12,1194.12,1080.52,182569,69.6558,19.4686,0.2794971847283356
118,2020-07-03,1232.52,1296.6,1310.28,1216.52,232036,67.4938,18.8644,0.27949826502582464
119,2020-07-06,1312.92,1423.0,1423.0,1312.6,199512,67.6495,18.9079,0.2794980007243217
120,2020-07-07,1464.52,1348.92,1469.8,1337.48,215027,66.4757,18.5798,0.2794976209351688
121,2020-07-08,1348.92,1461.4,1480.6,1337.32,172799,67.2842,18.8058,0.27949800993398155
122,2020-07-09,1401.48,1452.6,1536.44,1401.32,189148,68.1885,19.0586,0.2794987424565725
123,2020-07-10,1416.44,1409.96,1445.32,1397.8,114255,69.8055,19.5105,0.27949803382254984
124,2020-07-13,1384.52,1425.96,1486.52,1376.52,151493,64.2539,17.9588,0.2794974312843267
125,2020-07-14,1399.56,1400.68,1452.52,1368.52,120842,66.7153,18.6468,0.279498106131577
126,2020-07-15,1424.68,1367.96,1432.52,1347.48,115106,66.4577,18.5748,0.27949808675292703
127,2020-07-16,1365.24,1249.16,1394.68,1240.28,167475,67.7274,18.9297,0.27949840094260225
128,2020-07-17,1273.48,1228.04,1277.8,1205.8,125807,66.7572,18.6585,0.27949794179504234
129,2020-07-20,1258.12,1259.96,1289.0,1206.92,134813,66.5356,18.5966,0.2794984940392812
130,2020-07-21,1259.16,1232.12,1270.92,1220.76,95404,67.5597,18.8828,0.2794979847453437
131,2020-07-22,1230.12,1247.8,1292.6,1225.96,127559,69.2665,19.3598,0.2794973038914916
132,2020-07-23,1231.32,1236.68,1261.32,1203.16,100989,70.5361,19.7147,0.2794980159095839
133,2020-07-24,1232.52,1155.72,1248.44,1147.88,126332,70.1468,19.6059,0.2794981381901954
134,2020-07-27,1161.24,1141.4,1171.72,1119.32,111319,70.596,19.7314,0.2794974219502521
135,2020-07-28,1168.6,1133.32,1172.12,1116.92,85743,70.4283,19.6846,0.2794984402576805
136,2020-07-29,1141.32,1167.56,1174.52,1130.04,121770,72.0153,20.1281,0.2794975512148113
137,2020-07-30,1166.92,1143.48,1166.92,1141.8,80992,71.4464,19.9691,0.27949763738970756
138,2020-07-31,1151.72,1177.24,1221.96,1146.2,143410,71.3087,19.9306,0.27949745262499526
139,2020-08-03,1204.52,1209.48,1217.48,1176.6,121478,72.177,20.1733,0.2794976238968092
140,2020-08-04,1212.12,1207.4,1238.36,1197.32,101604,71.141,19.8838,0.2794984608031936
141,2020-08-05,1207.64,1208.92,1228.12,1192.52,87060,72.6022,20.2922,0.2794984174033294
142,2020-08-06,1206.68,1223.56,1228.44,1177.16,98388,71.5362,19.9942,0.2794976529365552
143,2020-08-07,1200.6,1157.32,1200.68,1128.52,124957,68.2184,19.0669,0.2794979067231128
144,2020-08-10,1138.2,1167.16,1187.96,1136.6,78286,67.6675,18.9129,0.27949754313370523
145,2020-08-11,1160.6,1143.08,1181.96,1139.96,62187,66.7751,16.966,0.25407674417559845
146,2020-08-12,1146.52,1145.24,1156.44,1104.6,82914,66.2242,16.826,0.25407630443251866
147,2020-08-13,1152.44,1146.92,1162.76,1143.0,42142,68.2364,17.3373,0.25407700288995316
148,2020-08-14,1146.92,1167.24,1167.24,1140.52,51474,69.4102,17.6355,0.25407649019884687
149,2020-08-17,1202.12,1218.76,1248.52,1200.52,153240,69.536,17.6675,0.2540770248504372
150,2020-08-18,1208.92,1198.92,1214.68,1185.4,75943,71.3446,18.127,0.2540766925597733
151,2020-08-19,1191.8,1159.64,1196.12,1157.16,61113,70.614,17.9413,0.2540756790438156
152,2020-08-20,1134.12,1152.52,1158.76,1132.52,38461,70.069,17.8029,0.2540766958283977
153,2020-08-21,1160.44,1162.12,1173.32,1136.52,57154,69.8414,17.7451,0.2540770946745054
154,2020-08-24,1171.72,1181.24,1201.64,1133.72,76891,71.7818,18.2381,0.2540769387226288
155,2020-08-25,1219.64,1280.28,1346.68,1204.6,224899,70.9074,18.0159,0.25407644336134166
156,2020-08-26,1284.6,1262.92,1296.36,1253.4,123196,69.6138,17.6872,0.25407605963185464
157,2020-08-27,1265.72,1278.12,1317.8,1255.56,112775,74.1653,18.8437,0.2540770414196396
158,2020-08-28,1280.52,1353.08,1394.04,1261.96,162266,67.4219,17.1303,0.2540761977932986
159,2020-08-31,1376.52,1375.88,1439.96,1368.36,160292,68.0268,17.284,0.2540763346210611
160,2020-09-01,1376.52,1391.72,1409.0,1335.8,124135,65.8529,16.7317,0.2540768895523204
161,2020-09-02,1400.52,1424.6,1470.76,1376.52,160965,67.6854,17.1973,0.25407695012513776
162,2020-09-03,1405.64,1367.8,1444.04,1361.8,130412,65.1642,14.6605,0.22497782524760532
163,2020-09-04,1330.52,1337.96,1362.92,1320.6,92325,65.0384,14.6322,0.2249778592339295
164,2020-09-07,1344.6,1288.12,1352.52,1281.88,87652,65.266,14.6834,0.2249777832255692
165,2020-09-08,1297.8,1290.92,1321.96,1272.68,92326,66.859,15.0418,0.2249779386470034
166,2020-09-09,1265.48,1240.6,1279.56,1240.52,87261,66.4757,14.9556,0.22497845077223708
167,2020-09-10,1256.52,1216.44,1268.52,1212.52,76726,68.3682,15.3814,0.22497886444282575
168,2020-09-11,1205.56,1218.36,1230.2,1184.52,68070,68.2424,15.3531,0.2249788987491647
169,2020-09-14,1222.92,1233.96,1260.52,1216.52,68740,64.685,14.5527,0.2249779701630981
170,2020-09-15,1230.92,1262.12,1265.72,1220.52,67736,67.6735,15.2251,0.22497875830273295
171,2020-09-16,1256.52,1233.16,1268.52,1219.72,57875,67.8112,15.2561,0.2249790595063942
172,2020-09-17,1216.68,1216.84,1236.6,1195.16,70077,65.2779,14.6861,0.22497813195583802
173,2020-09-18,1218.12,1329.32,1334.92,1204.52,158310,67.2542,15.1308,0.2249792578009998
174,2020-09-21,1330.12,1286.12,1351.96,1285.16,101801,65.781,14.7993,0.22497833720983262
175,2020-09-22,1266.92,1278.92,1326.92,1256.52,93599,70.7397,15.9149,0.2249783360687139
176,2020-09-23,1279.0,1275.72,1288.6,1259.64,53399,71.7039,16.1318,0.2249779998019633
177,2020-09-24,1261.16,1286.92,1290.12,1259.8,64320,73.1472,16.4565,0.2249778528774854
178,2020-09-25,1284.84,1291.64,1319.08,1276.6,64222,75.6026,17.009,0.22497903511254905
179,2020-09-28,1281.56,1311.56,1325.8,1281.56,66529,72.2249,16.2491,0.22497919692516014
180,2020-09-29,1324.6,1328.92,1367.48,1314.92,79711,77.3873,17.4105,0.22497877558720875
181,2020-09-30,1335.8,1311.48,1344.28,1293.8,69433,81.1842,18.2647,0.22497850566982247
182,2020-10-09,1338.28,1341.72,1342.92,1317.8,74740,79.9505,17.9871,0.22497795510972415
183,2020-10-12,1347.16,1384.52,1412.76,1346.92,120558,77.9562,17.5385,0.2249788984070542
184,2020-10-13,1360.52,1357.48,1363.08,1346.36,69750,78.4533,17.6503,0.22497842665636758
185,2020-10-14,1350.44,1323.0,1359.48,1320.52,62138,73.9557,16.6384,0.22497792597460375
186,2020-10-15,1336.36,1311.72,1339.64,1306.44,49442,80.3817,18.0841,0.2249778245545939
187,2020-10-16,1304.92,1316.2,1324.52,1300.52,41420,78.6929,17.7042,0.2249783652654814
188,2020-10-19,1338.28,1288.68,1344.36,1285.72,58083,87.4365,19.6713,0.22497812698358235
189,2020-10-20,1288.84,1300.2,1302.84,1279.56,38427,124.9329,22.2893,0.17841017057956712
190,2020-10-21,1303.4,1285.8,1303.4,1280.52,37905,124.6361,22.2363,0.17840978657066453
191,2020-10-22,1280.52,1301.8,1316.52,1264.52,44860,113.3063,20.215,0.17841020313963127
192,2020-10-23,1301.88,1272.36,1308.52,1266.12,39069,103.0026,18.3767,0.1784100595518948
193,2020-10-26,1239.32,1167.64,1240.52,1126.92,148647,104.4358,18.6324,0.17841008543047499
194,2020-10-27,1148.6,1157.32,1161.0,1138.12,74288,108.1587,19.2966,0.17841005855284875
195,2020-10-28,1152.52,1162.36,1172.2,1150.28,56380,100.8317,17.9894,0.17841016267701526
196,2020-10-29,1136.52,1151.96,1171.56,1128.68,57812,93.2841,16.6428,0.17840982546864903
197,2020-10-30,1144.52,1113.48,1159.72,1112.52,72212,92.9364,16.5808,0.17841018158654734
198,2020-11-02,1125.4,1131.08,1144.36,1112.6,57351,88.1959,15.735,0.17840965396350625
199,2020-11-03,1143.96,1154.28,1173.16,1140.52,81097,88.8574,15.8531,0.17841057694688342
200,2020-11-04,1153.8,1146.52,1154.04,1124.52,54412,88.781,15.8394,0.17840979488854594
201,2020-11-05,1172.12,1159.64,1178.84,1147.32,74523,87.9585,15.6927,0.17841027302648407
202,2020-11-06,1159.64,1151.56,1170.12,1143.0,61569,84.4645,15.0693,0.17840986449928667
203,2020-11-09,1166.76,1217.56,1257.48,1156.12,123122,82.8787,14.7864,0.17841013432884445
204,2020-11-10,1224.52,1181.48,1224.52,1173.32,82789,83.2349,14.8499,0.17840953734551251
205,2020-11-11,1172.52,1137.8,1185.16,1133.24,75735,92.4785,16.4991,0.17841011694610098
206,2020-11-12,1151.08,1144.52,1154.2,1134.84,36055,94.7173,16.8985,0.17840985754450348
207,2020-11-13,1131.72,1153.8,1157.8,1126.92,40070,92.7244,16.543,0.17841042918584535
208,2020-11-16,1159.72,1151.56,1169.32,1141.32,37615,95.3364,17.009,0.17841034484205404
209,2020-11-17,1151.08,1144.12,1151.08,1127.56,38752,93.8693,16.7472,0.17840976762370658
210,2020-11-18,1145.64,1159.72,1170.12,1145.64,49546,92.4022,16.4855,0.1784102543013045
211,2020-11-19,1148.52,1170.76,1180.52,1144.6,43690,93.1315,16.6156,0.1784100975502381
212,2020-11-20,1160.52,1164.12,1174.12,1159.24,34624,94.005,16.7714,0.17840965906068826
213,2020-11-23,1163.08,1180.6,1204.92,1142.92,91902,96.1844,17.1603,0.17841042830230266
214,2020-11-24,1172.52,1164.84,1179.64,1164.12,42749,94.8191,16.9167,0.17841025700518143
215,2020-11-25,1176.52,1153.48,1191.48,1152.2,51000,94.7852,16.9106,0.17840970953271185
216,2020-11-26,1147.16,1147.16,1159.56,1136.52,43120,92.7838,16.5536,0.17841045527344213
217,2020-11-27,1145.16,1159.8,1160.52,1136.84,39422,97.431,17.3827,0.1784103622050477
218,2020-11-30,1164.84,1177.0,1229.32,1164.76,145961,97.3462,17.3676,0.17841066215219495
219,2020-12-01,1165.4,1210.92,1230.92,1165.32,110810,94.3442,16.832,0.1784105435204284
