,日期,开盘,收盘,最高,最低,成交量,pe,pb,roe
0,2020-01-03,205.75,211.83,214.83,204.35,166579,87.4969,27.8828,0.3186718615173795
1,2020-01-06,214.71,228.11,231.91,214.55,215348,84.4543,26.9132,0.31867175502017064
2,2020-01-07,229.87,229.83,233.47,227.71,122511,81.6079,26.0062,0.3186725794929167
3,2020-01-08,227.87,231.43,235.67,226.67,103922,80.0731,25.5171,0.3186725629456085
4,2020-01-09,231.83,237.83,242.79,231.83,106814,80.7627,25.7368,0.31867186213437637
5,2020-01-10,237.91,236.71,242.71,235.11,100555,83.474,26.6008,0.3186716822004456
6,2020-01-13,237.03,237.79,241.87,233.71,96543,85.2386,27.1632,0.3186725262967716
7,2020-01-14,237.35,235.91,241.15,234.31,93114,81.0332,25.823,0.31867185301826906
8,2020-01-15,235.11,237.91,239.63,231.43,85202,81.1346,25.8553,0.31867168877396324
9,2020-01-16,238.71,237.95,239.91,234.31,57593,80.3841,25.6162,0.3186724737852386
10,2020-01-17,238.95,239.91,242.63,235.55,83091,80.8979,25.7799,0.31867205452799147
11,2020-01-20,243.91,245.91,249.91,238.71,135209,91.2764,29.0873,0.3186727346827877
12,2020-01-21,243.95,254.11,255.39,243.91,183117,89.2075,28.4279,0.31867163635344564
13,2020-01-22,253.71,251.95,255.11,245.11,131788,91.2764,29.0873,0.3186727346827877
14,2020-01-23,251.91,242.27,255.19,238.67,141710,89.9174,28.6542,0.3186724705118253
15,2020-02-03,227.99,240.03,258.43,227.91,313473,98.3621,31.3453,0.31867253749157454
16,2020-02-04,245.55,248.67,252.11,231.91,249468,102.7569,32.7458,0.31867251736866337
17,2020-02-05,247.79,261.83,261.91,243.55,241329,101.7766,32.4334,0.3186724649870402
18,2020-02-06,257.87,266.43,277.87,253.43,335521,109.3018,34.8314,0.31867178765583004
19,2020-02-07,263.11,255.83,268.71,254.11,216143,112.2024,35.7558,0.3186723278646446
20,2020-02-10,261.11,255.59,267.95,252.51,175758,110.4918,35.2107,0.31867251687455544
21,2020-02-11,254.71,251.03,254.71,248.15,153597,108.247,34.4953,0.31867211100538584
22,2020-02-12,255.71,253.95,255.71,250.75,132369,108.3011,34.5126,0.3186726635278866
23,2020-02-13,254.31,248.43,254.87,245.11,156626,108.9299,34.7129,0.3186719165261328
24,2020-02-14,250.55,251.43,259.51,248.75,190507,98.7813,31.4789,0.3186726637531597
25,2020-02-17,253.83,253.79,255.43,250.43,138867,98.7137,31.4573,0.3186720789515538
26,2020-02-18,255.07,250.15,255.07,248.15,130224,96.2932,30.686,0.3186725542405902
27,2020-02-19,249.47,245.91,251.51,244.91,115416,97.1587,30.9618,0.3186724400388231
28,2020-02-20,243.87,247.11,249.15,242.23,148525,103.4533,32.9677,0.31867228981579127
29,2020-02-21,247.11,245.71,248.55,241.99,180725,109.5317,34.9047,0.3186721287079448
30,2020-02-24,248.39,255.07,256.23,248.39,208310,108.1794,34.4738,0.31867250141893927
31,2020-02-25,252.71,258.51,261.35,250.43,219470,107.0976,34.129,0.31867194036094176
32,2020-02-26,254.59,240.31,258.31,235.91,206844,109.5046,34.8961,0.31867245759538865
33,2020-02-27,242.91,244.95,249.51,241.43,143875,105.813,38.8104,0.3667829094723711
34,2020-02-28,243.07,243.83,249.43,239.51,133973,107.1653,39.3063,0.3667819714030568
35,2020-03-02,244.47,249.47,251.07,241.11,132938,105.0017,38.5128,0.36678263304308406
36,2020-03-03,255.91,255.11,263.83,251.95,237584,105.333,38.6343,0.36678248981800576
37,2020-03-04,255.95,257.31,260.43,249.75,128018,101.4182,37.1984,0.36678229351339303
38,2020-03-05,258.47,265.83,268.71,256.71,181967,94.1905,34.5474,0.3667822126435257
39,2020-03-06,267.43,267.91,275.87,265.87,152306,91.2764,33.4786,0.3667826513753829
40,2020-03-09,267.87,263.03,275.03,262.31,169108,92.7301,34.0118,0.3667827382910188
41,2020-03-10,256.91,267.71,270.91,256.91,177513,95.5901,35.0608,0.36678275260722604
42,2020-03-11,268.31,261.71,272.91,260.55,95957,96.4149,35.3633,0.3667825201291502
43,2020-03-12,259.91,250.91,262.71,249.59,139520,96.0228,35.2195,0.3667826807799814
44,2020-03-13,233.67,247.39,254.39,228.95,144288,85.7931,31.4674,0.3667824102404506
45,2020-03-16,247.91,235.19,251.75,232.71,124224,83.9675,30.7978,0.3667823860422187
46,2020-03-17,239.31,235.91,241.59,223.91,147027,83.8661,30.7606,0.3667822874796849
47,2020-03-18,244.43,240.31,251.35,240.31,168502,83.1359,30.4928,0.366782581291596
48,2020-03-19,242.35,238.07,245.07,232.19,123915,84.434,30.9689,0.3667823388682285
49,2020-03-20,241.91,242.67,245.91,236.87,93084,86.361,31.6757,0.36678245967508477
50,2020-03-23,242.51,246.55,252.51,239.91,145373,84.3867,30.9516,0.3667829172132575
51,2020-03-24,245.35,258.11,258.99,245.35,163708,84.5625,31.016,0.36678196600147817
52,2020-03-25,260.67,267.11,270.67,257.03,182247,82.0879,30.1084,0.3667824368755931
53,2020-03-26,263.71,270.71,273.31,262.67,123700,79.3496,29.104,0.3667819371490216
54,2020-03-27,272.31,272.87,280.63,271.71,139443,90.0729,33.0372,0.3667829058462645
55,2020-03-30,270.31,267.67,276.15,264.71,94137,89.7484,32.9181,0.3667820261976815
56,2020-03-31,269.51,273.47,275.43,266.31,82578,92.6692,33.9894,0.36678205919550405
57,2020-04-01,273.95,266.71,274.27,266.63,74199,89.2751,32.7445,0.36678200304452196
58,2020-04-02,264.71,268.27,268.51,258.35,86855,89.248,32.7346,0.36678244890641803
59,2020-04-03,268.31,270.91,275.35,267.91,66017,89.0587,32.6652,0.36678280729451473
60,2020-04-07,267.63,282.55,282.59,267.11,175621,91.3778,33.5158,0.3667827415411621
61,2020-04-08,279.35,278.75,281.31,272.31,119026,96.7462,35.4848,0.3667823645786604
62,2020-04-09,279.11,296.67,300.55,277.55,143616,92.1892,33.8134,0.36678266000789683
63,2020-04-10,294.63,299.91,314.11,294.63,183256,90.9383,33.3546,0.36678275270155697
64,2020-04-13,304.27,316.23,319.71,301.11,152582,91.628,33.6075,0.36678198803859086
65,2020-04-14,316.91,319.67,321.91,311.15,129455,91.3034,33.4885,0.3667826170766916
66,2020-04-15,318.67,312.55,320.71,309.23,95290,93.9471,34.4581,0.3667819443069557
67,2020-04-16,309.03,313.63,316.71,308.07,91820,92.0607,33.7663,0.36678300295348615
68,2020-04-17,313.51,314.55,318.27,307.31,94289,91.6821,33.6274,0.3667826107822574
69,2020-04-20,314.43,315.11,318.15,310.71,63201,101.3303,37.1662,0.36678268987657203
70,2020-04-21,318.19,315.31,323.03,310.91,74485,99.1735,36.3751,0.3667824570071642
71,2020-04-22,312.75,321.11,322.79,308.99,104116,98.0376,35.9585,0.36678274457963067
72,2020-04-23,323.07,324.71,336.63,321.87,143823,96.0092,35.2145,0.36678255833815926
73,2020-04-24,327.47,313.23,327.47,311.91,96667,98.5379,36.142,0.36678273029971215
74,2020-04-27,320.75,334.35,342.99,320.71,175894,106.692,34.8158,0.32632062385183525
75,2020-04-28,337.95,340.27,344.27,327.91,136737,108.3011,35.3409,0.3263207852921161
76,2020-04-29,341.03,332.95,342.63,331.31,86900,108.8894,35.5328,0.32632010094646496
77,2020-04-30,333.51,320.55,335.51,312.91,165964,110.7825,36.1506,0.32632049285762643
78,2020-05-06,317.51,327.31,327.31,314.03,95144,119.6735,39.0519,0.3263203633218716
79,2020-05-07,325.91,324.71,326.67,321.75,52186,115.7385,37.7678,0.32632010955732105
80,2020-05-08,324.71,329.47,334.31,321.95,84355,128.5307,48.5592,0.377802346054289
81,2020-05-11,339.51,323.91,339.51,322.23,93745,125.7586,47.5118,0.37780159766409616
82,2020-05-12,323.91,330.59,331.67,321.63,85872,123.0744,46.4977,0.3778015574319274
83,2020-05-13,329.95,333.87,336.87,326.31,85396,119.3692,45.0979,0.3778018115225703
84,2020-05-14,332.31,331.59,336.31,328.43,53036,108.5175,40.9981,0.3778017370470201
85,2020-05-15,331.71,330.51,335.87,327.31,62634,109.5655,41.3941,0.37780231916068474
86,2020-05-18,326.91,337.79,344.71,323.39,109860,100.8097,38.0861,0.3778019377103592
87,2020-05-19,345.91,345.91,350.63,338.63,106558,107.5033,40.615,0.37780235583465815
88,2020-05-20,343.91,329.99,343.95,328.03,138852,99.3899,37.5497,0.3778019698178588
89,2020-05-21,329.95,331.11,339.11,326.59,96724,92.4393,34.9238,0.3778025147312885
90,2020-05-22,329.55,319.83,333.95,319.11,87864,84.0351,31.7486,0.3778016566886932
91,2020-05-25,323.83,330.27,332.27,320.47,82568,84.5152,31.93,0.3778018628601719
92,2020-05-26,332.79,342.99,344.11,330.39,109107,83.5348,31.5596,0.3778018263047257
93,2020-05-27,341.95,331.15,342.99,330.63,90100,85.7525,32.3975,0.3778023964315909
94,2020-05-28,333.15,327.79,333.91,321.95,58747,90.6273,34.2392,0.37780227370781205
95,2020-05-29,326.31,339.11,339.11,323.91,77444,83.1427,31.4115,0.37780226045100773
96,2020-06-01,335.91,341.59,343.71,329.91,106409,75.5836,28.5556,0.3778015336660333
97,2020-06-02,340.83,334.79,340.83,330.99,73349,70.5059,26.6373,0.3778024250452799
98,2020-06-03,335.83,333.11,341.11,331.51,80575,67.2132,25.3933,0.37780227693369756
99,2020-06-04,333.11,336.63,337.91,329.39,65296,67.3755,25.4546,0.3778020200221148
100,2020-06-05,338.59,351.75,353.07,336.31,155553,64.5764,24.3971,0.377802107271387
101,2020-06-08,355.91,344.59,358.23,341.91,102369,65.8339,24.8722,0.3778023176509367
102,2020-06-09,345.91,360.43,362.43,340.75,119123,64.786,24.4763,0.3778023029666903
103,2020-06-10,363.91,364.31,371.39,362.35,111478,65.888,24.8926,0.377801724137931
104,2020-06-11,363.83,357.51,366.23,354.47,113924,67.7136,25.5823,0.3778015051629215
105,2020-06-12,352.71,359.91,364.71,351.79,106677,66.7197,25.2068,0.3778014589394137
106,2020-06-15,366.11,365.11,375.11,364.27,110555,67.5445,25.5185,0.3778027818697303
107,2020-06-16,367.91,371.43,374.07,364.75,72935,69.627,26.3052,0.3778017148519971
108,2020-06-17,373.95,384.67,386.71,371.11,135331,66.3884,25.0817,0.37780244741551233
109,2020-06-18,384.67,375.11,384.67,368.43,96816,64.8333,24.4941,0.3778012225199088
110,2020-06-19,377.63,387.47,391.03,373.39,128407,62.7441,23.7048,0.3778012594012823
111,2020-06-22,394.63,396.67,402.31,386.31,126771,64.36,24.3153,0.3778014294592915
112,2020-06-23,397.43,415.83,435.95,391.11,258312,62.122,23.4698,0.3778017449534786
113,2020-06-24,415.43,403.51,415.43,397.11,183263,61.0538,23.0662,0.37780121794220833
114,2020-06-29,403.83,398.63,409.91,395.79,124619,60.1748,22.7342,0.37780266822656666
115,2020-06-30,400.23,404.51,409.51,398.19,107743,59.7691,22.5809,0.3778022422957682
116,2020-07-01,404.07,393.71,404.51,384.63,140937,60.9185,23.0151,0.37780148887447984
117,2020-07-02,391.91,387.19,396.31,380.99,142298,60.2627,22.7674,0.37780252129426656
118,2020-07-03,386.31,393.39,397.83,377.79,140901,57.5853,21.7558,0.3778012791458932
119,2020-07-06,390.71,385.95,391.91,382.11,192491,58.7955,22.2131,0.37780272299750833
120,2020-07-07,383.91,402.51,405.91,376.59,229231,56.2398,21.2475,0.37780184140057393
121,2020-07-08,402.31,401.55,403.51,394.35,126147,55.6448,21.0227,0.37780169935016394
122,2020-07-09,399.03,421.03,430.95,395.95,199621,55.9288,21.13,0.3778017765444636
123,2020-07-10,419.03,451.07,459.43,415.15,218517,57.0782,21.5642,0.37780098181091903
124,2020-07-13,457.51,495.79,495.79,457.11,170953,56.659,21.4059,0.37780229089818035
125,2020-07-14,519.83,540.07,544.31,495.91,257717,54.7456,20.683,0.3778020516717325
126,2020-07-15,545.91,511.23,570.15,503.91,286458,55.3135,20.8975,0.3778010793025211
127,2020-07-16,513.99,498.11,527.83,475.91,255932,57.3148,21.6537,0.37780294095067946
128,2020-07-17,491.91,503.91,507.79,483.99,176762,55.1647,20.8414,0.37780319660942596
129,2020-07-20,507.87,501.07,521.51,479.91,154114,53.4001,20.1747,0.37780266329089274
130,2020-07-21,503.91,550.79,550.79,501.15,183061,55.3067,20.895,0.3778023277469095
131,2020-07-22,547.03,591.91,604.47,543.83,249527,55.1174,20.8235,0.37780265397134116
132,2020-07-23,585.83,639.91,650.71,584.71,302906,57.8084,21.8401,0.3778014959763633
133,2020-07-24,617.39,600.31,643.91,587.11,323609,56.4359,21.3216,0.37780207279409034
134,2020-07-27,615.11,652.11,657.91,614.71,247566,55.2053,20.8567,0.37780249360115786
135,2020-07-28,664.03,645.91,682.31,597.79,272624,55.3879,20.9256,0.37780092763943024
136,2020-07-29,633.91,710.11,710.11,631.95,180102,55.7733,21.0712,0.3778008473588617
137,2020-07-30,753.91,732.03,780.75,715.91,380510,55.2188,20.8618,0.3778024875585851
138,2020-07-31,731.91,747.91,763.11,715.91,316145,54.0897,20.4352,0.3778020584325666
139,2020-08-03,761.47,764.31,771.91,711.11,354143,55.0295,20.7903,0.3778028148538511
140,2020-08-04,743.91,688.63,761.51,688.27,422017,54.2249,20.4863,0.37780244869054624
141,2020-08-05,663.71,711.91,723.95,649.31,303180,54.6644,20.6523,0.37780164055582793
142,2020-08-06,711.91,659.31,719.43,641.11,353639,53.5218,20.2206,0.3778011950270731
143,2020-08-07,663.95,648.11,677.95,623.91,328829,55.6178,21.0125,0.377801710963037
144,2020-08-10,647.91,644.63,655.87,604.11,258321,56.8551,23.4098,0.4117449446047936
145,2020-08-11,644.43,635.11,676.15,634.19,214854,55.8544,22.9978,0.41174553839983963
146,2020-08-12,637.11,588.87,649.27,573.03,356438,52.2845,21.5279,0.4117453547418451
147,2020-08-13,597.95,573.91,601.27,555.99,264362,54.2249,22.3269,0.4117462641701506
148,2020-08-14,573.91,585.91,588.99,566.19,177459,53.6164,22.0763,0.4117452868898322
149,2020-08-17,594.31,592.63,597.23,567.91,197287,52.6361,21.6726,0.41174403118772096
150,2020-08-18,597.79,605.39,632.51,597.79,255128,85.7674,21.6503,0.25243041062221777
151,2020-08-19,601.39,548.31,601.39,545.91,288374,85.6131,21.6114,0.25243099478934883
152,2020-08-20,533.91,550.55,557.11,529.91,186493,85.3596,21.5474,0.2524308923659436
153,2020-08-21,555.39,561.71,577.11,555.39,179620,85.0619,21.4722,0.25243028900130376
154,2020-08-24,565.91,546.07,567.83,508.99,234970,87.0242,21.9676,0.2524309330048424
155,2020-08-25,545.91,547.99,566.23,541.43,151106,86.0761,21.7283,0.25243127883349736
156,2020-08-26,553.91,543.91,567.15,539.07,161334,81.5783,20.5929,0.25243109993711565
157,2020-08-27,535.91,551.31,560.67,527.23,151486,80.6853,20.3675,0.2524313598635687
158,2020-08-28,551.23,578.27,588.11,543.91,228601,75.7465,19.1208,0.2524314654802532
159,2020-08-31,578.23,546.51,578.27,546.11,225661,76.7938,19.3851,0.2524305347567121
160,2020-09-01,535.91,532.79,544.71,522.91,172554,73.5858,18.5753,0.2524304961011499
161,2020-09-02,535.11,533.91,539.23,526.75,115685,72.8582,18.3917,0.25243143530858575
162,2020-09-03,536.91,534.07,552.55,531.15,159960,72.4283,18.2831,0.2524303345515496
163,2020-09-04,520.55,554.15,556.99,511.95,213002,74.2914,18.7534,0.2524302947582089
164,2020-09-07,551.11,536.87,570.55,531.43,185875,72.6929,18.3499,0.25243042993194664
165,2020-09-08,537.15,538.79,549.51,529.91,108266,74.126,18.7117,0.25243099587189377
166,2020-09-09,528.63,475.35,528.63,462.11,292301,73.5307,18.5614,0.25243061741558287
167,2020-09-10,487.07,491.55,515.31,482.95,206782,72.5385,18.311,0.2524314674276419
168,2020-09-11,493.91,506.19,518.83,493.91,134501,70.0581,17.6848,0.2524304826993595
169,2020-09-14,521.19,505.15,538.79,493.47,179477,66.8721,16.8806,0.2524311334622361
170,2020-09-15,505.15,516.83,520.63,495.59,126657,65.8028,16.6107,0.2524315074738461
171,2020-09-16,519.99,505.43,524.31,496.31,104646,64.535,16.2906,0.2524304640892539
172,2020-09-17,499.43,497.75,507.83,483.91,120622,65.1524,16.4465,0.25243122279455554
173,2020-09-18,497.91,501.91,506.79,490.99,115163,63.9397,16.1404,0.252431587886712
174,2020-09-21,501.51,502.67,510.87,493.91,83319,63.7413,16.0903,0.2524313121947622
175,2020-09-22,505.11,513.47,533.51,505.11,186405,67.1037,16.939,0.25243019386412374
176,2020-09-23,510.03,573.99,589.31,502.19,367395,68.0738,17.1839,0.2524304504816831
177,2020-09-24,561.83,576.31,589.83,548.99,295348,71.0503,17.9353,0.252431024218054
178,2020-09-25,565.91,571.43,607.71,561.43,238055,72.7039,18.3527,0.25243074993225945
179,2020-09-28,577.91,554.51,581.43,543.95,157137,71.4141,18.0271,0.25243054242789587
180,2020-09-29,553.87,545.91,556.23,526.11,166508,72.759,18.3666,0.2524306271389106
181,2020-09-30,565.91,563.15,573.87,549.95,157555,72.1858,18.2219,0.2524305334290124
182,2020-10-09,573.91,605.91,619.99,566.31,245126,69.8376,17.6292,0.25243135502938246
183,2020-10-12,625.91,629.07,636.71,618.31,221297,69.2313,17.4761,0.2524306202541336
184,2020-10-13,629.11,627.11,663.91,617.91,235982,67.6769,17.0837,0.2524302974870303
185,2020-10-14,636.03,639.91,653.63,623.03,182098,66.1225,16.6914,0.2524314718892964
186,2020-10-15,636.31,631.91,643.91,615.51,147552,66.4312,18.744,0.2821565770300702
187,2020-10-16,631.95,653.75,657.11,631.91,207556,65.1524,18.3832,0.2821569121014728
188,2020-10-19,659.91,639.51,661.83,635.91,127499,70.1684,19.7984,0.28215550019666974
189,2020-10-20,639.43,645.91,648.31,624.23,111509,69.2203,19.5309,0.28215566820715887
190,2020-10-21,645.43,653.91,677.51,642.71,173460,66.6406,18.8031,0.2821568233179173
191,2020-10-22,649.91,617.95,649.91,605.91,177753,67.0265,18.9119,0.2821555653360984
192,2020-10-23,638.87,580.71,645.35,541.11,286756,66.6958,18.8186,0.28215569795999146
193,2020-10-26,563.47,575.59,583.75,555.91,144846,67.8643,19.1483,0.28215571368156744
194,2020-10-27,573.95,589.91,592.11,568.03,117651,68.8675,19.4314,0.28215631466221364
195,2020-10-28,585.87,590.31,599.91,572.27,105413,68.2171,19.2479,0.28215652673596503
196,2020-10-29,583.91,650.35,663.11,581.91,253597,67.3903,19.0146,0.2821563340718175
197,2020-10-30,655.47,646.63,659.35,628.07,177998,68.9116,19.4438,0.2821556893179087
198,2020-11-02,646.75,646.31,657.43,623.19,161667,68.1068,19.2168,0.28215684777437783
199,2020-11-03,645.91,659.59,671.91,631.07,150703,69.3636,19.5714,0.2821566354687473
200,2020-11-04,657.91,669.71,683.67,653.91,149878,69.4297,19.59,0.28215590734224694
201,2020-11-05,670.71,652.55,675.91,637.95,144750,72.3511,20.4143,0.2821560418570001
202,2020-11-06,653.83,608.03,653.83,593.51,216266,71.0834,20.0566,0.28215589012343245
203,2020-11-09,609.91,613.83,629.03,599.59,153183,67.4564,19.0333,0.28215706737981866
204,2020-11-10,627.91,587.83,651.91,584.63,237513,65.0752,18.3614,0.2821566433910307
205,2020-11-11,579.03,537.87,579.11,531.11,303795,65.6926,18.5356,0.28215658993554826
206,2020-11-12,545.07,545.91,561.79,541.95,145294,68.3604,19.2883,0.28215604355738116
207,2020-11-13,537.91,533.67,553.43,529.91,157211,68.9557,19.4563,0.2821565149799074
208,2020-11-16,543.91,545.91,557.91,526.23,142118,66.6958,18.8186,0.28215569795999146
209,2020-11-17,537.95,484.51,540.11,474.47,468365,65.0422,18.3521,0.28215681511387997
210,2020-11-18,487.51,481.47,491.11,468.67,179300,64.502,18.1996,0.2821555920746644
211,2020-11-19,485.83,485.91,493.91,472.71,146257,64.4909,18.1965,0.28215608713787527
212,2020-11-20,482.39,485.31,493.43,478.11,125426,63.9397,18.041,0.2821564692984171
213,2020-11-23,498.39,510.19,519.63,485.11,218127,64.4579,18.1872,0.2821562601325827
214,2020-11-24,505.91,499.75,506.99,494.23,124805,64.1602,18.1032,0.28215622769255705
215,2020-11-25,500.35,483.71,501.91,471.91,163116,64.4689,18.1903,0.28215620244800205
216,2020-11-26,475.23,479.63,483.87,472.91,100411,62.705,17.6926,0.2821561279004864
217,2020-11-27,483.15,488.71,500.15,477.43,119299,62.2641,17.5682,0.2821561702489878
218,2020-11-30,493.47,505.55,515.11,481.95,193985,61.79,17.4344,0.2821556886227545
219,2020-12-01,511.11,523.55,533.87,510.75,177580,57.3032,16.1685,0.28215701740914995
