,日期,开盘,收盘,最高,最低,成交量,pe,pb,roe
0,2020-01-03,601.52,597.17,608.18,587.06,238992,44.2967,8.3348,0.18815848584657546
1,2020-01-06,589.74,591.79,599.98,582.7,297223,44.2589,8.3277,0.1881587658075551
2,2020-01-07,590.38,583.6,595.5,576.05,316340,44.004,8.2797,0.1881578947368421
3,2020-01-08,577.2,568.5,581.42,565.68,278081,43.8813,8.2566,0.18815759788338085
4,2020-01-09,574.38,581.68,581.68,568.24,332104,43.2204,8.1323,0.188158832403217
5,2020-01-10,583.86,573.74,586.03,569.65,309343,42.7201,8.0381,0.18815733109238975
6,2020-01-13,573.74,592.94,593.58,569.9,394740,42.0215,7.9067,0.18815844270195017
7,2020-01-14,594.99,596.14,602.67,586.67,337183,41.9176,7.8871,0.18815724182682214
8,2020-01-15,591.66,590.13,597.68,578.35,248664,42.2669,7.9529,0.18815905590426552
9,2020-01-16,589.23,580.91,589.62,573.74,243790,41.9176,7.8871,0.18815724182682214
10,2020-01-17,582.83,581.04,586.67,573.74,227041,41.9176,7.8871,0.18815724182682214
11,2020-01-20,585.26,619.82,624.43,580.78,557539,42.4557,7.9884,0.1881584804867191
12,2020-01-21,617.26,600.11,623.02,598.06,376553,45.0048,8.468,0.18815770762229805
13,2020-01-22,593.84,601.01,606.26,564.53,591350,46.1377,8.6812,0.18815849077869073
14,2020-01-23,587.82,566.06,598.7,554.54,404511,45.9111,8.6385,0.1881571123323118
15,2020-02-03,509.74,509.74,514.86,509.74,224459,49.8008,9.3704,0.1881576199579123
16,2020-02-04,502.06,526.13,532.14,502.06,490319,49.8102,9.3722,0.18815824871211115
17,2020-02-05,528.3,521.26,542.64,516.14,436790,46.5531,8.7593,0.1881571796507644
18,2020-02-06,517.42,534.06,534.83,508.46,420523,47.7143,8.9778,0.18815742869538063
19,2020-02-07,526.64,525.87,528.94,512.18,489804,45.4579,8.5533,0.18815871388691513
20,2020-02-10,512.69,521.65,526.26,509.49,438142,45.6279,8.5852,0.18815680756729986
21,2020-02-11,525.1,547.12,554.16,521.65,599291,45.052,8.4769,0.18815812838497736
22,2020-02-12,541.36,547.5,550.96,537.26,355314,44.8443,8.4378,0.18815769228196225
23,2020-02-13,545.33,546.86,559.28,535.47,350896,46.9213,8.8286,0.18815761711632029
24,2020-02-14,545.07,551.73,559.02,543.02,339570,47.9975,9.7902,0.20397312360018752
25,2020-02-17,560.69,577.84,580.14,555.95,484965,46.1943,9.4224,0.20397321747488326
26,2020-02-18,577.84,578.99,585.01,568.62,389987,45.4485,9.2703,0.2039737285058913
27,2020-02-19,572.46,577.97,597.17,568.88,455605,45.5807,9.2972,0.20397229529164757
28,2020-02-20,578.86,588.34,591.41,568.11,432133,46.1188,9.407,0.2039732169961057
29,2020-02-21,590.13,629.04,644.14,590.13,718545,46.6853,9.5225,0.20397212827164013
30,2020-02-24,643.5,691.63,691.63,630.58,699064,47.5255,9.6939,0.2039726041809134
31,2020-02-25,670.38,711.09,738.74,646.45,889477,47.3178,9.6516,0.20397398019350013
32,2020-02-26,684.72,669.74,709.42,668.59,572197,46.8269,9.5514,0.2039725029843957
33,2020-02-27,671.66,686.26,721.97,653.1,545928,47.0629,9.5996,0.20397383076690984
34,2020-02-28,636.46,641.97,676.91,627.5,558596,49.0455,10.004,0.2039738610066163
35,2020-03-02,668.46,645.42,675.12,603.57,855221,49.9896,10.1965,0.20397242626466305
36,2020-03-03,673.58,642.61,681.14,634.54,541014,48.649,9.9231,0.2039733601923986
37,2020-03-04,633.26,616.88,640.05,599.34,606264,54.7761,11.1728,0.20397217034436552
38,2020-03-05,634.16,628.53,640.3,609.2,490919,51.4624,10.4969,0.2039722204949633
39,2020-03-06,613.17,617.9,626.35,610.74,230913,52.4725,10.703,0.20397350993377483
40,2020-03-09,604.46,570.42,613.94,564.78,532804,52.4914,10.7068,0.20397246025063154
41,2020-03-10,567.34,597.94,598.32,559.66,563330,52.1893,10.6452,0.2039728450084596
42,2020-03-11,600.24,583.98,618.8,580.91,426064,52.0666,10.6202,0.20397337256513773
43,2020-03-12,566.06,563.5,577.33,553.39,411055,54.6911,11.1555,0.2039728584724023
44,2020-03-13,528.69,552.62,566.06,514.99,474773,54.0114,11.0169,0.20397360557215696
45,2020-03-16,551.6,498.48,551.6,497.71,755485,53.9831,11.0111,0.20397309528352392
46,2020-03-17,505.65,480.82,509.62,458.03,595325,54.3135,11.0785,0.203973229491747
47,2020-03-18,489.39,474.93,503.47,473.52,497268,53.3789,10.8878,0.2039719814383586
48,2020-03-19,483.63,490.54,499.25,470.06,498410,54.5401,11.1247,0.203972856668763
49,2020-03-20,501.68,488.62,503.47,478.13,354853,55.267,11.273,0.20397343803716503
50,2020-03-23,463.92,457.01,480.18,448.18,443980,56.2206,11.4675,0.20397327669928816
51,2020-03-24,468.78,462.0,470.96,438.19,418328,56.1545,11.454,0.2039729674380504
52,2020-03-25,482.48,490.54,499.25,475.18,605358,53.5677,10.9264,0.2039736632336277
53,2020-03-26,485.94,478.9,491.18,477.23,332166,53.3411,10.8801,0.20397217155251768
54,2020-03-27,491.18,467.63,493.1,466.99,337911,54.8611,11.1902,0.20397330713383438
55,2020-03-30,451.89,450.86,459.31,438.06,408508,56.7965,11.5849,0.20397207574410392
56,2020-03-31,458.03,442.16,461.87,441.01,334227,58.5808,11.9489,0.2039729740802447
57,2020-04-01,442.16,450.48,466.99,439.09,440687,58.4486,11.9219,0.20397237915022773
58,2020-04-02,448.3,490.16,491.82,448.05,648117,59.0906,12.0529,0.203973220783001
59,2020-04-03,489.26,475.44,494.26,470.19,560772,58.4392,11.92,0.20397267587509754
60,2020-04-07,495.66,488.75,498.48,486.32,523153,58.5525,11.9431,0.2039725033089962
61,2020-04-08,487.98,498.74,512.18,485.04,574712,59.1945,12.0741,0.20397334211793325
62,2020-04-09,502.96,490.29,504.5,487.98,359433,59.4777,12.1318,0.2039722450599132
63,2020-04-10,477.87,463.02,482.86,458.54,480987,58.6091,11.9547,0.20397344439685988
64,2020-04-13,455.86,454.83,470.06,447.54,297976,60.2235,12.284,0.20397353192690562
65,2020-04-14,463.54,468.78,468.78,454.83,293021,60.9882,12.44,0.20397388347254058
66,2020-04-15,470.45,481.46,490.54,467.5,411982,55.1632,11.2518,0.20397293848072626
67,2020-04-16,475.95,481.33,483.63,470.83,221400,54.3324,11.0823,0.20397221547364003
68,2020-04-17,489.26,493.1,500.53,487.98,459984,53.2372,10.859,0.2039739129781431
69,2020-04-20,500.78,498.74,507.7,497.71,298731,54.2757,11.0708,0.20397341720143639
70,2020-04-21,496.3,508.98,509.1,489.65,388136,56.6926,11.5638,0.20397371085467947
71,2020-04-22,504.11,505.14,508.21,498.35,236363,55.5975,11.3404,0.20397320023382348
72,2020-04-23,505.9,492.21,506.67,489.26,226882,52.9635,10.8031,0.2039725471315151
73,2020-04-24,492.34,483.63,503.98,482.35,257338,53.7659,10.9668,0.20397315026810672
74,2020-04-27,485.04,488.88,494.0,478.0,225892,53.4544,10.9033,0.20397385435062407
75,2020-04-28,486.7,498.48,501.55,463.66,349688,52.482,10.7049,0.20397279067108723
76,2020-04-29,494.38,496.43,503.98,491.82,183083,56.8248,11.5907,0.20397256127606256
77,2020-04-30,505.39,531.5,537.9,502.83,526479,56.9947,11.6254,0.20397335190815988
78,2020-05-06,527.15,557.49,562.1,522.67,490964,55.9468,12.2233,0.21848077101818156
79,2020-05-07,565.42,559.15,575.79,551.47,325731,56.1828,12.2749,0.21848145695835738
80,2020-05-08,559.92,557.74,567.34,551.98,241507,56.2251,12.1088,0.21536288952798663
81,2020-05-11,564.91,556.72,569.39,550.7,219915,52.5306,11.3131,0.21536209371299778
82,2020-05-12,556.46,558.77,562.22,544.05,221945,47.7534,10.2843,0.2153626757466484
83,2020-05-13,553.26,572.46,577.33,552.11,330378,48.9975,10.5522,0.21536200826572782
84,2020-05-14,567.86,566.58,578.1,564.4,212965,47.7819,10.2904,0.2153618838932734
85,2020-05-15,575.41,572.72,586.54,566.7,300406,46.4902,10.0123,0.21536366804186688
86,2020-05-18,566.06,540.46,566.06,538.93,422048,46.6232,10.0409,0.21536273786441087
87,2020-05-19,549.17,549.94,552.11,539.31,255030,50.5361,10.8836,0.2153628792091198
88,2020-05-20,550.06,534.96,550.06,532.53,223248,50.2417,10.8202,0.21536293556945724
89,2020-05-21,540.34,525.74,550.83,521.65,262817,50.8116,10.9429,0.21536224011839816
90,2020-05-22,525.49,514.35,532.66,513.07,184416,49.7763,10.72,0.2153635364621316
91,2020-05-25,509.1,503.34,512.3,495.92,218113,48.8931,10.5297,0.21536167680102103
92,2020-05-26,508.85,516.91,519.98,507.18,192507,47.8104,10.2966,0.21536318457908737
93,2020-05-27,516.91,503.73,521.01,498.74,190898,51.0585,10.9961,0.21536277015580169
94,2020-05-28,504.5,502.06,506.42,490.29,179865,52.1032,11.2211,0.21536297194798015
95,2020-05-29,501.42,502.19,508.08,499.5,164095,55.2659,11.9022,0.2153624567771447
96,2020-06-01,510.0,552.11,552.11,510.0,340152,53.7178,11.5688,0.2153625055382015
97,2020-06-02,566.06,585.52,595.63,562.86,676651,53.8508,11.5975,0.2153635600585321
98,2020-06-03,586.54,604.59,627.12,579.5,579309,53.6703,11.5586,0.21536305927114252
99,2020-06-04,608.05,603.57,617.26,598.96,290667,53.2619,11.4706,0.21536220074762635
100,2020-06-05,607.66,603.44,618.54,595.89,248691,51.6568,11.125,0.21536370816620465
101,2020-06-08,621.1,615.98,646.7,611.12,354768,50.5171,10.8795,0.21536271876255764
102,2020-06-09,629.68,617.65,630.7,613.42,225868,50.4507,10.8652,0.2153627204379721
103,2020-06-10,623.66,619.82,626.86,613.81,197205,50.9635,10.9756,0.21536197474663238
104,2020-06-11,617.26,606.77,629.81,602.16,353584,50.3557,10.8447,0.2153619153343117
105,2020-06-12,598.06,596.78,605.49,589.1,362543,45.7779,9.8589,0.21536374538805841
106,2020-06-15,593.33,592.43,610.22,590.64,220070,47.5064,10.2311,0.2153625616759005
107,2020-06-16,609.71,613.04,623.66,609.2,296191,46.8321,10.0859,0.21536296685393141
108,2020-06-17,615.98,599.47,615.98,590.38,219065,47.2405,10.0709,0.2131836030524656
109,2020-06-18,596.91,630.06,636.46,593.58,385740,46.1103,9.8299,0.21318230417065168
110,2020-06-19,631.47,624.3,638.51,622.77,248252,46.5377,9.921,0.21318200082943503
111,2020-06-22,630.06,639.54,649.14,618.93,417484,44.2678,9.4371,0.21318204202603244
112,2020-06-23,636.72,634.67,649.9,625.58,292176,45.2745,9.6517,0.2131818131619344
113,2020-06-24,631.6,643.76,649.52,628.27,288847,43.7454,9.3258,0.21318355758548327
114,2020-06-29,628.14,620.46,635.95,611.89,354214,44.0684,9.3946,0.21318223488939925
115,2020-06-30,629.94,682.16,682.16,628.4,410076,44.8092,9.5525,0.2131816680503111
116,2020-07-01,694.06,690.35,700.34,676.14,435046,45.7779,9.759,0.2131814696611247
117,2020-07-02,690.35,683.44,703.41,676.27,316948,45.6164,9.7246,0.21318210117413913
118,2020-07-03,682.03,684.34,691.38,663.73,294271,45.493,9.6983,0.21318224781834566
119,2020-07-06,684.85,699.7,711.98,681.9,367521,44.5622,9.4999,0.21318292184856225
120,2020-07-07,706.61,721.33,749.23,693.55,479362,44.5717,9.5019,0.21318235562027024
121,2020-07-08,735.66,726.83,744.11,705.97,359890,44.6477,9.5181,0.21318231398257917
122,2020-07-09,726.7,729.26,748.21,719.02,410323,43.2326,9.2164,0.2131817193506752
123,2020-07-10,723.5,727.47,746.8,709.04,294058,40.7537,8.688,0.21318309748562708
124,2020-07-13,727.47,748.34,765.1,725.55,362061,37.0497,7.8984,0.21318391242034346
125,2020-07-14,745.39,705.71,751.79,687.02,494012,37.0402,7.8963,0.2131818942662297
126,2020-07-15,708.91,691.63,715.06,684.59,363389,37.1637,7.9226,0.21318114181311335
127,2020-07-16,695.73,647.86,709.55,630.7,401823,38.1419,8.1312,0.2131828776227718
128,2020-07-17,658.1,662.45,685.74,652.08,337420,37.1352,7.9166,0.2131831793015791
129,2020-07-20,680.75,674.35,683.7,644.27,287562,37.952,8.0907,0.2131824409780776
130,2020-07-21,676.66,688.3,694.45,666.67,265854,38.7972,8.2709,0.21318291010691492
131,2020-07-22,692.02,680.62,703.66,677.81,347195,39.4811,8.4167,0.21318301668393233
132,2020-07-23,669.23,684.59,686.64,644.91,371470,40.5923,8.6536,0.21318328845618506
133,2020-07-24,675.5,631.86,681.9,624.05,359976,39.8895,8.5037,0.21318141365522256
134,2020-07-27,638.38,630.06,642.1,619.18,296189,42.2828,9.014,0.2131836113029411
135,2020-07-28,638.38,647.47,652.85,633.39,223423,41.8269,8.9168,0.21318338198623374
136,2020-07-29,644.78,663.86,664.37,643.5,262987,42.2638,9.0099,0.21318243981847348
137,2020-07-30,669.36,647.09,671.66,645.55,204667,41.2476,8.7933,0.21318331248363542
138,2020-07-31,653.87,711.47,711.47,653.87,638021,41.0956,8.7609,0.21318340649607256
139,2020-08-03,729.9,761.26,779.06,729.9,598331,41.1716,8.7771,0.21318335940308372
140,2020-08-04,769.33,765.23,769.46,746.54,354214,41.2761,8.7993,0.21318147790125522
141,2020-08-05,759.47,762.03,774.06,756.14,237104,41.1526,8.773,0.21318215616996253
142,2020-08-06,740.91,776.24,799.02,740.91,482568,39.2246,8.362,0.21318254360783792
143,2020-08-07,770.48,773.94,803.38,760.24,381649,36.6223,7.8072,0.21318158608279653
144,2020-08-10,743.86,715.06,751.41,696.88,562053,36.7743,7.8396,0.21318148815885007
145,2020-08-11,717.74,728.24,764.21,717.74,338607,36.062,7.6878,0.21318285175531032
146,2020-08-12,729.14,732.46,735.02,699.57,295218,35.6726,7.6048,0.2131832274630949
147,2020-08-13,738.22,721.58,753.33,708.4,193520,36.3089,7.7404,0.21318189204299773
148,2020-08-14,724.27,757.3,761.9,724.14,270274,37.2681,7.9449,0.21318231946356267
149,2020-08-17,753.58,772.14,773.81,741.81,253308,37.5531,8.0057,0.21318346554612
150,2020-08-18,767.54,739.38,768.05,735.66,252547,36.7933,7.8437,0.2131828349183139
151,2020-08-19,733.49,725.3,745.26,720.43,167096,36.3754,7.7546,0.213182535449782
152,2020-08-20,719.02,740.14,741.42,713.9,206984,36.6549,7.6918,0.20984370438877203
153,2020-08-21,744.62,751.41,781.74,740.91,329941,36.6647,7.6938,0.20984216426153765
154,2020-08-24,772.91,830.38,845.49,754.86,503180,35.6939,7.4901,0.20984257814360438
155,2020-08-25,829.1,820.02,851.89,819.63,378612,34.6251,7.2658,0.20984199323612057
156,2020-08-26,822.7,798.13,841.52,794.67,337695,35.2527,7.3975,0.20984208301775467
157,2020-08-27,808.88,809.9,825.26,787.89,226591,37.3414,7.8358,0.2098421591049077
158,2020-08-28,803.5,806.06,812.21,777.9,198528,37.9886,7.9716,0.20984189993840258
159,2020-08-31,807.73,797.36,825.39,797.1,205430,37.2237,7.8111,0.2098421167159632
160,2020-09-01,771.76,795.82,816.05,758.19,253609,36.2039,7.5971,0.20984203359306597
161,2020-09-02,801.2,804.66,825.9,797.23,231441,37.3316,7.8338,0.20984367131331097
162,2020-09-03,797.49,795.95,834.22,795.57,238563,34.2917,7.1959,0.20984378143982363
163,2020-09-04,774.7,797.74,803.12,771.63,170291,33.6543,7.0621,0.209842427267838
164,2020-09-07,797.74,773.55,815.02,766.38,228785,34.3211,7.202,0.20984175915107614
165,2020-09-08,775.47,747.31,780.46,733.74,240147,35.6057,7.4716,0.20984280606756783
166,2020-09-09,736.43,726.7,752.05,717.1,196536,36.4686,7.6527,0.20984353663151314
167,2020-09-10,745.9,729.78,750.64,722.61,184964,37.361,7.8399,0.20984181365595142
168,2020-09-11,734.26,764.85,767.02,726.7,204782,35.1742,7.3811,0.2098441471305673
169,2020-09-14,778.93,765.74,784.3,750.77,240408,34.7918,7.3008,0.2098425491063986
170,2020-09-15,759.73,752.82,764.46,740.53,153987,37.2139,7.8091,0.20984363369601142
171,2020-09-16,748.59,742.96,756.14,736.05,102249,37.361,7.8399,0.20984181365595142
172,2020-09-17,739.89,727.22,742.06,713.9,201365,36.1646,7.5889,0.20984332745281298
173,2020-09-18,724.4,740.02,741.81,721.71,150988,36.6157,7.6835,0.20984167993510983
174,2020-09-21,739.5,735.41,745.52,726.83,120394,37.9689,7.9675,0.20984279239061443
175,2020-09-22,733.36,735.79,751.41,725.42,145649,42.1169,8.8379,0.20984212988135403
176,2020-09-23,738.99,745.01,753.58,729.26,108432,42.9504,9.0128,0.20984205036507228
177,2020-09-24,733.36,709.42,741.42,704.94,174707,44.5194,9.3421,0.2098433491915884
178,2020-09-25,722.22,711.09,722.48,707.5,94449,45.5882,9.5664,0.20984377536292287
179,2020-09-28,714.8,715.18,726.58,708.91,103244,43.4799,9.124,0.2098440888778493
180,2020-09-29,720.3,714.93,726.58,690.86,193983,47.118,9.8874,0.20984337195976058
181,2020-09-30,712.24,701.23,719.41,698.54,136943,47.9319,10.0582,0.2098435488682902
182,2020-10-09,723.38,746.16,751.41,718.13,246465,47.0395,9.8709,0.20984279169634035
183,2020-10-12,753.58,663.09,753.58,617.9,936159,49.0105,10.2845,0.2098427887901572
184,2020-10-13,667.82,681.26,686.51,663.22,458296,49.2263,10.3298,0.2098431123200403
185,2020-10-14,664.62,668.46,681.65,647.98,344847,48.9615,10.7357,0.2192682005249022
186,2020-10-15,667.82,641.58,672.82,640.18,269535,52.3544,11.4796,0.2192671485109179
187,2020-10-16,638.64,638.38,645.81,633.26,129348,51.0894,11.2022,0.21926661890724886
188,2020-10-19,647.98,645.04,666.54,643.12,169331,54.2568,11.8967,0.21926652511758893
189,2020-10-20,649.78,647.86,649.78,637.1,129733,52.7662,11.5699,0.21926725820695825
190,2020-10-21,647.86,636.46,650.03,630.7,112808,47.9711,10.5185,0.2192674339341812
191,2020-10-22,634.29,628.78,640.94,626.74,98254,44.8528,9.8347,0.21926613277209003
192,2020-10-23,634.54,621.49,638.77,615.98,112415,44.0585,9.6606,0.2192675647150947
193,2020-10-26,617.9,619.7,626.99,593.58,131523,44.1369,9.6778,0.21926777820825658
194,2020-10-27,619.82,629.81,636.46,615.34,148616,44.0487,9.6584,0.21926640286773505
195,2020-10-28,633.26,654.26,661.42,620.72,258120,42.0483,9.2198,0.21926689069474867
196,2020-10-29,644.02,639.66,650.03,636.59,154542,41.6756,9.1381,0.21926738907178298
197,2020-10-30,638.51,611.5,644.66,603.06,229274,41.7247,9.1488,0.219265806584589
198,2020-11-02,612.4,614.32,623.66,598.83,148633,41.6952,9.1424,0.21926744565321668
199,2020-11-03,618.03,622.13,635.57,608.56,148693,39.7438,8.7145,0.21926690452347283
200,2020-11-04,619.18,619.82,627.5,613.04,107899,40.0674,8.7855,0.21926803336378206
201,2020-11-05,633.01,650.42,655.02,623.66,256709,40.695,8.9231,0.21926772330753164
202,2020-11-06,653.49,634.67,655.92,624.56,204119,39.7144,8.7081,0.2192680740487078
203,2020-11-09,643.38,678.83,694.58,643.25,380959,40.087,8.7898,0.21926809190011723
204,2020-11-10,678.83,678.7,687.02,658.86,191899,38.8319,8.5146,0.21926817899716472
205,2020-11-11,669.1,625.97,676.78,619.18,377105,43.1465,9.4606,0.21926691620409533
206,2020-11-12,629.17,629.04,633.9,621.49,139769,45.8236,10.0476,0.21926692795851918
207,2020-11-13,620.21,613.68,623.79,606.26,171844,45.7549,10.0326,0.21926831880301345
208,2020-11-16,619.18,579.12,621.1,575.41,340781,47.2651,10.3637,0.2192674933513311
209,2020-11-17,581.17,571.82,583.22,559.02,297365,44.2938,9.7122,0.21926770789591318
210,2020-11-18,569.14,571.82,576.3,561.33,153641,44.284,9.71,0.21926655225363564
211,2020-11-19,569.01,576.56,579.5,565.55,127167,44.9901,9.8648,0.2192660163013641
212,2020-11-20,574.38,571.82,580.78,568.88,114813,45.4509,9.9659,0.2192673852442966
213,2020-11-23,572.08,573.23,577.84,562.22,166431,45.2058,9.9121,0.21926611187060066
214,2020-11-24,573.87,582.7,583.22,567.98,156972,43.7349,9.5896,0.21926653542136829
215,2020-11-25,586.93,589.49,608.69,577.84,225879,44.3429,9.7229,0.21926621849270117
216,2020-11-26,590.64,598.45,601.14,588.46,167095,43.3328,9.5015,0.21926808329948677
217,2020-11-27,601.9,600.11,607.66,593.97,130812,44.49,9.7552,0.21926725106765566
218,2020-11-30,601.65,603.57,619.82,593.97,215890,45.1175,9.8928,0.219267468277276
219,2020-12-01,603.44,604.08,608.69,594.35,143872,45.5294,9.9831,0.2192671109217341
