,日期,开盘,收盘,最高,最低,成交量,pe,pb,roe
0,2020-01-03,261.13,257.23,261.92,256.36,56824,37.7629,5.3556,0.1418217350892013
1,2020-01-06,255.72,265.1,271.21,255.64,91106,37.6262,5.3362,0.14182139041412634
2,2020-01-07,265.1,265.1,269.31,261.2,55232,38.9533,5.5245,0.14182367090849812
3,2020-01-08,263.83,260.17,266.69,258.74,52610,37.2359,5.2809,0.14182281078206785
4,2020-01-09,262.47,266.53,267.64,260.41,57951,36.67,5.2006,0.14182165257703844
5,2020-01-10,266.69,266.21,268.83,262.71,46940,36.4748,5.173,0.14182394420257272
6,2020-01-13,268.12,263.51,268.12,256.28,74539,36.6895,5.2034,0.14182259229479824
7,2020-01-14,262.47,266.13,267.32,261.28,77282,36.9237,5.2366,0.14182219008387567
8,2020-01-15,265.57,257.39,265.57,255.56,99644,37.1969,5.2754,0.14182364659420543
9,2020-01-16,256.84,255.17,260.32,252.31,84806,36.8456,5.2255,0.14182154721323578
10,2020-01-17,255.88,254.77,257.31,253.18,56499,36.8066,5.22,0.141822390549521
11,2020-01-20,246.83,233.48,249.05,230.62,401934,35.7137,5.065,0.14182232588614455
12,2020-01-21,228.47,228.16,232.76,226.17,282483,34.9526,4.9571,0.14182349810886744
13,2020-01-22,228.16,228.16,231.97,220.61,328436,34.8745,4.946,0.14182282183257108
14,2020-01-23,223.07,219.34,225.3,215.05,268360,34.2695,4.8602,0.14182290374823092
15,2020-02-03,197.97,209.49,218.62,197.97,398208,35.1282,4.982,0.1418233783683764
16,2020-02-04,207.5,213.22,218.46,207.34,166673,33.4304,4.7412,0.14182301139082992
17,2020-02-05,213.7,219.26,224.66,213.7,203395,32.7864,4.6498,0.14182099895078445
18,2020-02-06,218.94,219.5,222.99,215.37,192878,33.0986,4.6941,0.14182170847105316
19,2020-02-07,217.27,224.03,224.26,213.22,184730,32.7668,4.6471,0.1418234310338513
20,2020-02-10,219.42,226.96,229.59,218.23,124141,32.0252,4.5419,0.14182268963191488
21,2020-02-11,226.73,230.62,234.04,224.82,112401,31.9081,4.5253,0.1418229227061467
22,2020-02-12,230.46,228.79,234.75,226.17,130198,32.396,4.5945,0.14182306457587357
23,2020-02-13,226.96,223.39,229.27,222.6,127830,31.2446,4.4312,0.1418229069983293
24,2020-02-14,223.63,222.12,224.03,219.1,119349,32.5912,4.6675,0.1432135054861435
25,2020-02-17,221.96,227.84,228.79,220.53,111352,32.6302,4.6731,0.14321395517036364
26,2020-02-18,227.28,225.93,229.9,224.98,71137,32.396,4.6395,0.14321212495369798
27,2020-02-19,225.46,229.03,229.43,223.15,103477,32.0838,4.5948,0.1432124623641838
28,2020-02-20,229.9,243.65,247.62,229.9,207271,32.0838,4.5948,0.1432124623641838
29,2020-02-21,239.83,238.17,242.54,235.54,141083,32.6888,4.6815,0.14321418956951615
30,2020-02-24,234.99,232.45,238.33,229.98,126145,32.1423,4.6032,0.1432131490279165
31,2020-02-25,227.76,230.06,231.18,224.98,100751,32.0838,4.5948,0.1432124623641838
32,2020-02-26,227.76,229.19,234.67,225.93,109073,32.6888,4.6815,0.14321418956951615
33,2020-02-27,229.75,227.76,233.16,224.03,138779,32.4741,4.6507,0.14321259095710118
34,2020-02-28,222.67,224.42,224.42,215.84,153209,32.396,4.6395,0.14321212495369798
35,2020-03-02,224.1,227.04,227.76,220.69,129868,33.3133,4.7709,0.1432130710557045
36,2020-03-03,229.11,223.31,229.35,222.83,123016,34.5623,4.9498,0.14321384861539885
37,2020-03-04,223.47,221.96,225.3,218.23,92870,34.0939,4.8827,0.14321330208629696
38,2020-03-05,223.39,232.21,233.48,222.2,185270,35.5966,5.0979,0.14321311585937982
39,2020-03-06,228.95,232.05,235.39,227.76,116911,35.6552,5.1063,0.14321333213668694
40,2020-03-09,228.87,218.54,228.87,217.91,125121,34.4452,4.933,0.14321298758607875
41,2020-03-10,218.23,232.53,235.31,217.83,220746,34.1525,4.8911,0.14321352756020786
42,2020-03-11,233.32,241.34,244.92,231.25,211765,34.172,4.8939,0.143213742245113
43,2020-03-12,239.52,237.69,241.34,235.15,146991,35.0111,5.014,0.1432117242817278
44,2020-03-13,229.75,239.44,244.44,226.17,203469,34.9526,5.0057,0.14321395261010628
45,2020-03-16,238.72,229.75,244.44,228.24,185630,35.5771,5.0951,0.14321290942769366
46,2020-03-17,231.02,226.96,232.92,218.46,113521,35.2648,5.0504,0.14321362945486715
47,2020-03-18,226.96,217.35,228.55,216.72,135110,35.6161,5.1007,0.14321332206502113
48,2020-03-19,217.35,214.81,220.61,209.49,159924,36.5724,5.2376,0.14321182093600637
49,2020-03-20,215.84,224.18,225.22,213.54,120666,37.1774,5.3243,0.1432133500459957
50,2020-03-23,217.99,213.14,220.61,212.27,107152,36.2601,5.1929,0.1432125118242917
51,2020-03-24,215.84,223.87,224.58,215.84,115605,34.777,4.9805,0.1432124680104667
52,2020-03-25,227.36,224.18,230.22,220.85,110236,34.3866,4.9246,0.14321276311121192
53,2020-03-26,222.99,217.75,222.99,216.32,75242,34.2891,4.9106,0.14321169117882943
54,2020-03-27,221.4,217.67,222.91,217.35,133698,35.3624,5.0644,0.14321426147546545
55,2020-03-30,210.36,204.16,211.08,199.08,193492,35.5381,5.0895,0.1432124958846984
56,2020-03-31,205.67,203.77,205.83,198.44,108001,35.4015,5.0699,0.14321144584269027
57,2020-04-01,199.95,199.95,209.49,199.08,127027,35.1868,5.0392,0.14321279570748122
58,2020-04-02,197.97,201.3,201.54,195.98,99924,37.0798,5.3103,0.14321274656281857
59,2020-04-03,200.59,199.32,203.61,198.37,82876,36.8456,5.2768,0.14321384371539614
60,2020-04-07,205.51,208.3,208.69,202.34,117920,34.894,4.9973,0.14321373302000345
61,2020-04-08,207.1,213.06,215.45,206.39,113276,35.4795,5.0811,0.1432122775123663
62,2020-04-09,213.86,215.76,216.48,209.49,81498,34.9721,5.0085,0.1432141621463967
63,2020-04-10,215.45,216.32,222.91,213.94,108891,35.1282,5.0308,0.1432125756514709
64,2020-04-13,216.4,213.14,218.23,208.69,75436,35.2844,5.0532,0.14321343143145415
65,2020-04-14,213.14,215.6,215.68,208.85,78355,35.6942,5.1119,0.14321374340929338
66,2020-04-15,213.46,214.25,217.35,211.87,66706,34.3671,4.9218,0.14321254921130966
67,2020-04-16,213.46,212.19,214.25,207.26,104414,33.8597,4.8491,0.14321154646969703
68,2020-04-17,214.25,220.61,222.44,213.46,117921,32.9034,4.7122,0.14321316338129192
69,2020-04-20,219.74,219.58,222.36,218.23,88955,32.7473,4.6898,0.14321180677490966
70,2020-04-21,219.97,217.03,220.13,214.09,64145,32.9425,4.7178,0.14321317447066859
71,2020-04-22,217.11,217.19,219.1,214.17,68507,31.2446,4.4746,0.1432119470244458
72,2020-04-23,217.03,220.45,223.39,216.64,91679,31.0299,4.4439,0.1432134811907225
73,2020-04-24,218.23,215.21,219.42,214.17,60547,31.3032,4.483,0.14321219555828157
74,2020-04-27,215.37,214.41,218.07,212.51,89813,34.777,4.9805,0.1432124680104667
75,2020-04-28,215.76,223.95,224.98,214.89,145140,36.2797,5.1957,0.14321231983726437
76,2020-04-29,220.77,230.14,231.97,220.77,118985,37.7824,5.4323,0.14377858473786734
77,2020-04-30,235.7,242.3,249.76,235.7,181516,38.602,5.5501,0.14377752448059686
78,2020-05-06,242.3,236.18,244.6,233.88,136042,38.6996,5.5642,0.1437792638683604
79,2020-05-07,236.1,240.23,242.46,233.88,98122,38.2117,5.494,0.14377795282596692
80,2020-05-08,241.19,245.79,249.05,238.72,108090,36.9627,5.3144,0.14377737557050757
81,2020-05-11,246.83,249.69,257.71,246.03,130093,36.4358,5.2387,0.14377892073180773
82,2020-05-12,252.78,252.55,252.78,245.0,93834,36.026,5.1797,0.14377671681563314
83,2020-05-13,249.29,245.08,250.08,243.25,135347,37.0798,5.3313,0.1437790926596152
84,2020-05-14,244.44,242.85,245.55,240.87,101281,36.0845,5.1882,0.14377918496861533
85,2020-05-15,243.73,240.47,247.86,238.48,72350,35.9479,5.1685,0.14377752247001913
86,2020-05-18,240.47,241.42,244.84,238.01,67472,35.9089,5.1629,0.143777726413229
87,2020-05-19,246.67,256.99,261.13,244.52,158050,38.8362,5.5838,0.14377822752998493
88,2020-05-20,257.39,256.36,259.14,249.84,129278,39.4997,5.6792,0.14377830717701653
89,2020-05-21,256.6,254.61,262.63,252.7,111846,39.3436,5.6567,0.14377687857745605
90,2020-05-22,259.54,251.59,261.84,248.41,71412,40.1243,5.769,0.1437782092148648
91,2020-05-25,250.72,254.13,256.36,247.38,71386,40.0072,5.7521,0.14377662020836252
92,2020-05-26,259.54,260.32,264.7,255.48,86170,37.0213,5.3228,0.1437766907158852
93,2020-05-27,261.13,265.01,269.78,260.32,116931,39.6168,5.696,0.1437773873710143
94,2020-05-28,265.81,262.4,269.07,260.41,71753,37.0993,5.3341,0.14377899313464138
95,2020-05-29,261.44,268.31,275.31,258.15,264643,36.2992,5.219,0.14377727332833784
96,2020-06-01,274.31,276.46,284.32,269.88,250545,36.9432,5.3116,0.14377747460967108
97,2020-06-02,280.89,271.45,285.04,266.02,262201,36.8261,5.2948,0.14377846147161932
98,2020-06-03,271.31,278.75,281.89,268.59,190834,35.9674,5.1713,0.14377742066426819
99,2020-06-04,279.03,282.75,286.9,278.89,180745,36.3187,5.2218,0.14377717264109122
100,2020-06-05,280.46,286.61,288.18,279.03,139642,36.1821,5.2022,0.1437782771038718
101,2020-06-08,288.9,286.04,292.19,283.04,206807,36.6895,5.2751,0.14377682988320908
102,2020-06-09,286.04,288.04,289.47,281.75,153892,34.5428,4.9665,0.1437781534791621
103,2020-06-10,288.18,288.18,290.33,285.75,86131,34.4257,4.9497,0.14377921146120487
104,2020-06-11,285.18,279.89,287.75,277.89,197561,33.7621,4.8543,0.14377956347502083
105,2020-06-12,275.03,283.18,285.47,273.6,165951,34.25,4.9244,0.14377810218978104
106,2020-06-15,278.6,271.45,279.75,267.16,301403,35.5576,5.1124,0.14377798276599096
107,2020-06-16,274.89,281.32,283.75,274.31,176905,35.4405,5.0956,0.14377900988981532
108,2020-06-17,279.89,266.88,282.61,265.45,298802,35.2453,5.0675,0.14377803565298067
109,2020-06-18,266.88,265.73,272.17,263.73,218918,35.9674,5.1713,0.14377742066426819
110,2020-06-19,268.74,270.45,275.74,266.73,194340,35.3234,5.0787,0.14377721283908118
111,2020-06-22,269.31,265.16,270.74,264.16,192249,35.4795,5.1012,0.14377880184331798
112,2020-06-23,267.16,266.59,268.45,263.45,167337,37.4506,5.3846,0.14377873785733739
113,2020-06-24,269.02,267.45,275.46,264.02,283736,36.104,5.191,0.14377908265012188
114,2020-06-29,265.73,257.87,266.88,256.3,327188,37.7043,5.4211,0.1437793567311951
115,2020-06-30,258.73,254.29,261.87,251.58,333986,37.2554,5.3565,0.1437778147597395
116,2020-07-01,255.29,259.16,263.87,254.01,255525,38.3874,5.5193,0.14377894830074453
117,2020-07-02,259.73,260.01,262.87,255.15,239685,38.3678,5.5165,0.14377941920047538
118,2020-07-03,262.59,275.74,279.17,261.73,396612,38.0946,5.4772,0.14377890829671397
119,2020-07-06,276.32,272.03,276.32,267.16,585329,38.1727,5.4884,0.14377814511417847
120,2020-07-07,270.6,273.03,279.17,270.6,406025,37.6458,5.4126,0.14377699504327177
121,2020-07-08,272.88,270.45,274.6,266.45,363866,37.0993,5.3341,0.14377899313464138
122,2020-07-09,270.6,276.74,283.32,269.88,406405,36.104,5.191,0.14377908265012188
123,2020-07-10,274.31,277.6,280.89,272.17,368134,36.7871,5.2892,0.14377866154168173
124,2020-07-13,277.6,272.88,280.75,267.59,473830,35.6747,5.1292,0.14377696238510765
125,2020-07-14,274.03,278.75,284.89,270.6,553567,35.0849,4.8919,0.13943035322888195
126,2020-07-15,292.9,297.19,305.77,292.9,790541,35.4427,4.9418,0.1394306867140483
127,2020-07-16,290.04,278.17,293.05,276.46,563392,34.803,4.8526,0.13943050886417838
128,2020-07-17,277.32,300.05,304.91,275.74,556676,33.9573,4.7347,0.13943099127433572
129,2020-07-20,304.34,300.91,307.06,289.47,398525,33.6103,4.6863,0.1394304722064367
130,2020-07-21,300.91,295.19,301.63,288.04,303545,34.0223,4.7438,0.1394320783721265
131,2020-07-22,293.76,296.33,306.49,291.04,316278,34.2609,4.777,0.13943007918647787
132,2020-07-23,294.9,291.47,299.62,285.75,340706,34.3476,4.7891,0.1394304114406829
133,2020-07-24,288.76,270.02,291.04,266.45,417312,32.2226,4.4928,0.1394300894403307
134,2020-07-27,270.02,270.31,275.31,265.59,243349,32.0925,4.4747,0.139431331307938
135,2020-07-28,270.6,271.31,276.74,269.45,136432,32.4177,4.52,0.13943000274541376
136,2020-07-29,271.45,278.6,280.32,271.17,163537,32.7213,4.5624,0.13943211302729416
137,2020-07-30,277.6,270.88,277.89,269.45,212834,33.7405,4.7045,0.1394318400735022
138,2020-07-31,268.31,273.88,280.6,267.59,220690,33.3501,4.65,0.1394298667770112
139,2020-08-03,274.46,277.74,281.03,270.17,234012,32.8189,4.576,0.1394318517683408
140,2020-08-04,278.03,286.9,289.61,272.88,304226,32.0599,4.4701,0.13942963016104232
141,2020-08-05,285.75,290.47,292.76,283.32,268290,31.507,4.3931,0.13943250706192273
142,2020-08-06,292.62,289.76,299.62,287.47,255797,32.3418,4.5095,0.13943256095826453
143,2020-08-07,291.47,283.75,295.33,279.75,207632,30.683,4.2782,0.1394322589055829
144,2020-08-10,287.33,272.74,290.33,270.6,430323,29.8373,4.1602,0.13942950602098714
145,2020-08-11,275.74,261.73,276.46,260.73,399991,29.7025,3.9298,0.1323053615015571
146,2020-08-12,250.29,236.28,250.43,236.28,813748,29.8153,3.9447,0.13230455504388686
147,2020-08-13,238.42,234.27,242.0,231.7,562148,30.5602,4.0433,0.13230607129534494
148,2020-08-14,233.99,235.85,236.42,227.98,456998,30.0975,3.9821,0.13230666998920176
149,2020-08-17,235.85,248.29,253.15,232.84,531524,30.0749,3.9791,0.13230634183322304
150,2020-08-18,248.29,246.86,250.72,245.86,215443,30.436,4.0269,0.13230713628597715
151,2020-08-19,247.0,248.0,252.72,242.14,262878,30.5827,4.0463,0.13230682706235877
152,2020-08-20,249.57,255.01,257.58,247.57,324755,29.3865,3.888,0.13230565055382573
153,2020-08-21,256.44,258.73,263.73,253.29,210481,29.6799,3.9268,0.13230502798190022
154,2020-08-24,261.44,268.45,273.88,259.87,248709,29.8718,3.9522,0.13230538501195108
155,2020-08-25,269.88,265.45,274.31,263.02,192820,29.5219,3.9059,0.1323051700601926
156,2020-08-26,264.73,264.3,270.74,260.3,168270,29.9733,3.9656,0.13230441759832917
157,2020-08-27,263.59,263.16,269.88,259.58,190643,29.8943,3.9552,0.13230615869915
158,2020-08-28,263.16,266.88,268.02,260.73,164676,29.5106,3.9044,0.13230500227037065
159,2020-08-31,267.16,262.59,270.88,262.44,161570,28.8335,3.8148,0.13230443754660376
160,2020-09-01,262.59,276.89,277.89,260.87,290012,27.5583,3.6461,0.13230496801326644
161,2020-09-02,278.32,278.6,282.61,275.17,222438,27.8404,3.6834,0.13230413356129941
162,2020-09-03,279.46,264.73,280.75,261.01,355793,27.6486,3.6581,0.13230687991435372
163,2020-09-04,259.87,266.31,268.02,259.16,205716,28.1903,3.7297,0.13230437419963603
164,2020-09-07,267.88,267.31,275.31,265.3,240567,28.2467,3.7372,0.13230572066825505
165,2020-09-08,269.31,266.02,271.45,262.87,139667,30.1652,3.991,0.13230477503878643
166,2020-09-09,265.16,258.15,266.02,257.15,206628,30.1765,3.9925,0.13230493927393833
167,2020-09-10,262.16,258.87,265.3,254.44,183945,31.0906,4.1134,0.13230365448077555
168,2020-09-11,257.58,261.73,262.44,255.29,154357,31.0454,4.1075,0.13230623538430814
169,2020-09-14,262.02,272.6,275.74,260.59,295984,29.5219,3.9059,0.1323051700601926
170,2020-09-15,270.02,279.32,280.89,268.31,351886,31.0906,4.1134,0.13230365448077555
171,2020-09-16,279.32,274.89,279.32,271.74,234486,29.7589,3.9373,0.13230663767814
172,2020-09-17,276.32,267.88,278.46,263.87,235705,30.12,3.985,0.13230411686586985
173,2020-09-18,266.88,266.31,270.02,259.01,284673,31.4855,4.1657,0.13230534690571852
174,2020-09-21,266.88,267.59,275.03,264.45,213326,31.8805,4.218,0.1323065823936262
175,2020-09-22,262.44,263.02,267.59,261.87,194000,33.2573,4.4001,0.13230478721964803
176,2020-09-23,263.73,263.45,266.88,258.73,179417,33.009,4.3673,0.13230634069496197
177,2020-09-24,262.3,257.3,264.02,256.87,136635,33.5281,4.436,0.132306930604478
178,2020-09-25,257.87,257.15,259.73,255.01,96450,32.2755,4.2702,0.13230468931542502
179,2020-09-28,257.15,259.3,264.45,257.01,115355,30.2893,4.0074,0.13230414700900978
180,2020-09-29,260.44,268.16,269.45,258.73,174903,32.2078,4.2613,0.1323064599258565
181,2020-09-30,269.74,267.74,273.17,265.59,168849,32.2304,4.2643,0.1323067662827641
182,2020-10-09,271.45,256.72,271.45,248.57,341224,30.7746,4.0716,0.13230391296718724
183,2020-10-12,256.44,260.16,260.73,254.29,240316,30.9664,4.097,0.13230469153663327
184,2020-10-13,259.01,251.0,259.16,249.57,337526,31.4968,4.1672,0.1323055040512052
185,2020-10-14,248.86,244.28,250.29,242.28,338035,31.1244,4.1179,0.13230455848144862
186,2020-10-15,244.43,244.86,247.29,242.42,140376,31.5984,4.1806,0.13230416729961011
187,2020-10-16,245.0,246.43,246.86,242.85,109092,31.8015,4.1247,0.12970142917786895
188,2020-10-19,245.0,242.0,247.29,239.99,127553,31.9257,4.1408,0.12970114985732498
189,2020-10-20,242.0,242.42,242.57,238.71,113606,32.2642,4.1847,0.12970103086392967
190,2020-10-21,243.0,246.43,250.43,242.85,243526,33.0767,4.2901,0.12970157240595342
191,2020-10-22,247.0,242.0,247.14,235.27,279740,33.8554,4.3911,0.1297016133319943
192,2020-10-23,242.14,242.0,247.72,240.99,138981,31.7789,4.1218,0.12970241260710724
193,2020-10-26,242.0,244.28,249.86,238.99,143019,31.3388,4.0647,0.12970183925357703
194,2020-10-27,244.71,246.0,248.29,242.0,104927,31.6097,4.0998,0.12970069314166222
195,2020-10-28,246.71,245.71,249.15,243.0,95975,30.7971,3.9944,0.1297005237506129
196,2020-10-29,239.99,235.85,241.14,234.27,399743,30.9777,4.0178,0.129699751756909
197,2020-10-30,235.42,244.28,251.0,232.7,361920,31.7451,4.1174,0.12970190675096313
198,2020-11-02,243.14,240.71,246.57,235.42,242866,32.0047,4.151,0.12969970035651013
199,2020-11-03,242.71,241.57,245.71,240.14,116693,31.4855,4.0837,0.1297009734639755
200,2020-11-04,242.85,247.0,249.29,240.71,142217,31.068,4.0295,0.12969936912578858
201,2020-11-05,248.0,249.43,249.86,244.57,126127,30.4247,3.9461,0.129700539364398
202,2020-11-06,249.72,247.14,250.58,245.43,84233,30.3909,3.9417,0.12970000888423838
203,2020-11-09,249.72,251.86,253.15,248.0,154770,29.5332,3.8305,0.1297014884943047
204,2020-11-10,273.03,264.3,280.75,263.3,642886,29.0028,3.7617,0.12970127022218544
205,2020-11-11,264.3,258.01,264.3,256.72,245115,30.4022,3.9432,0.1297011400490754
206,2020-11-12,259.87,262.44,267.31,258.58,160480,31.6548,4.1057,0.12970228843650883
207,2020-11-13,265.3,263.02,266.16,260.87,93484,31.6548,4.1057,0.12970228843650883
208,2020-11-16,262.73,268.59,270.31,261.87,179525,32.4109,4.2037,0.12970019345343697
209,2020-11-17,275.17,276.6,280.18,270.02,420724,35.4353,4.596,0.12970117368838419
210,2020-11-18,276.6,276.89,282.32,273.31,212634,35.4918,4.6033,0.12970038149657104
211,2020-11-19,277.6,279.46,284.75,274.17,231578,35.8077,4.6443,0.12970115366248045
212,2020-11-20,278.6,277.46,283.61,276.89,141834,37.0491,4.8053,0.12970085643106039
213,2020-11-23,278.17,275.74,279.46,272.88,154534,36.6767,4.757,0.1297008727611808
214,2020-11-24,277.17,274.17,280.03,273.74,176465,37.0604,4.8068,0.12970178411458053
215,2020-11-25,277.17,275.6,287.04,275.46,227364,37.1055,4.8126,0.12970044872054007
216,2020-11-26,278.17,279.75,283.61,274.31,196678,36.2027,4.6955,0.12970027097426434
217,2020-11-27,279.17,292.33,296.33,278.03,379360,36.9024,4.7863,0.129701591224419
218,2020-11-30,292.33,282.61,293.62,282.61,259311,36.9024,4.7863,0.129701591224419
219,2020-12-01,283.61,283.61,288.9,282.32,168287,35.7852,4.6414,0.12970166437521655
