,日期,开盘,收盘,最高,最低,成交量,pe,pb,roe
0,2020-01-03,75.17,74.2,75.36,73.74,264053,79.8208,7.3477,0.09205244748236048
1,2020-01-06,74.07,77.76,78.28,73.68,453412,78.4657,7.223,0.09205296072041669
2,2020-01-07,78.54,77.83,79.06,76.66,297836,76.6045,7.0516,0.09205203349672669
3,2020-01-08,78.15,77.5,79.12,76.85,328733,78.3514,7.2124,0.09205196078181117
4,2020-01-09,78.73,77.83,80.68,76.92,320180,78.9555,7.2681,0.09205311852879153
5,2020-01-10,77.44,75.49,77.89,75.17,329684,83.6902,7.7039,0.09205259397157611
6,2020-01-13,76.4,77.31,77.63,74.39,309351,83.1025,7.6498,0.09205258566228453
7,2020-01-14,77.31,76.98,78.6,76.66,211496,74.5637,6.8638,0.09205283536090618
8,2020-01-15,76.92,76.01,77.11,75.49,137551,71.7065,6.6008,0.0920530216925941
9,2020-01-16,76.53,76.14,77.7,75.56,178213,72.0004,6.6278,0.0920522663762979
10,2020-01-17,76.14,75.56,77.24,74.97,147583,73.4535,6.7616,0.09205279530587378
11,2020-01-20,75.95,77.37,77.57,74.91,233924,74.8575,6.8908,0.09205223257522625
12,2020-01-21,77.5,74.07,77.5,73.55,360559,75.6902,6.9675,0.09205286813880793
13,2020-01-22,74.84,79.51,81.19,73.74,485031,77.9923,7.1794,0.09205267699503669
14,2020-01-23,78.86,76.08,79.96,74.91,443481,71.0534,6.5406,0.0920518933647088
15,2020-02-03,68.69,68.69,68.69,68.69,45650,77.0616,7.0937,0.09205233216024583
16,2020-02-04,63.18,68.3,68.75,63.18,468298,72.3269,6.6579,0.0920528876531415
17,2020-02-05,67.91,68.17,70.31,67.65,324652,70.8575,6.5226,0.09205235860706347
18,2020-02-06,67.78,69.79,70.63,67.2,298043,74.2861,6.8382,0.09205221434427166
19,2020-02-07,69.01,71.73,71.73,69.01,261195,72.3269,6.6579,0.0920528876531415
20,2020-02-10,70.89,72.64,72.9,70.57,255896,74.7433,6.8803,0.09205239800758061
21,2020-02-11,72.32,71.41,72.71,71.09,208084,74.0086,6.8127,0.09205281548360596
22,2020-02-12,75.17,77.57,78.28,74.39,804748,63.3963,5.8358,0.0920526907721744
23,2020-02-13,78.73,77.5,80.94,76.79,725452,52.8329,5.2653,0.0996594924753326
24,2020-02-14,76.33,75.43,78.08,74.78,473430,51.4778,5.1303,0.09966043614917498
25,2020-02-17,75.95,78.54,79.25,75.75,438182,49.8288,4.9659,0.09965923321452655
26,2020-02-18,79.7,84.89,86.18,79.7,902355,49.0125,4.8846,0.0996602907421576
27,2020-02-19,86.31,85.21,87.8,84.95,784963,45.6813,4.5526,0.09966003594468634
28,2020-02-20,88.45,89.1,92.08,87.16,756510,47.0369,4.6877,0.09966005412771675
29,2020-02-21,88.91,91.37,94.74,88.91,773036,47.8209,4.7658,0.09965935396447996
30,2020-02-24,90.27,89.81,92.02,88.84,669241,48.9151,4.8749,0.09966043205472339
31,2020-02-25,87.74,89.1,91.37,85.99,660646,47.0369,4.6877,0.09966005412771675
32,2020-02-26,86.64,83.46,88.13,83.14,758246,49.6827,4.9514,0.09966044518514493
33,2020-02-27,84.31,83.46,85.28,82.49,385904,49.6827,4.9514,0.09966044518514493
34,2020-02-28,80.22,76.27,81.65,76.21,613687,51.61,5.1434,0.099658980817671
35,2020-03-02,78.02,79.25,80.55,77.5,464932,51.2833,5.1109,0.09966012327599824
36,2020-03-03,81.26,80.35,82.75,79.25,458842,52.6226,5.2444,0.09966060209871803
37,2020-03-04,80.29,80.74,81.78,78.86,345768,52.1979,5.202,0.09965918169121747
38,2020-03-05,81.97,83.2,84.63,81.32,507300,44.8974,4.4745,0.09966055940878536
39,2020-03-06,81.71,81.45,82.88,80.94,314218,43.8521,4.3703,0.09965999347807745
40,2020-03-09,79.06,75.43,79.7,75.1,538135,45.3057,4.5152,0.09966074908896673
41,2020-03-10,75.04,78.28,78.67,73.81,543178,43.8521,4.3703,0.09965999347807745
42,2020-03-11,78.67,78.73,83.01,78.34,621667,43.9011,4.3752,0.09966037297470907
43,2020-03-12,76.79,78.99,80.35,76.14,427586,48.7191,4.8553,0.09965906595154672
44,2020-03-13,75.17,79.57,81.0,74.52,507006,42.6599,4.2515,0.09966033675653248
45,2020-03-16,80.68,71.86,80.68,71.86,706251,43.3948,4.3247,0.0996594061961341
46,2020-03-17,72.64,70.11,73.48,68.36,393694,45.6323,4.5477,0.0996596708910136
47,2020-03-18,71.09,68.36,71.99,68.36,382107,46.302,4.6145,0.09966092177443737
48,2020-03-19,68.36,69.6,69.73,66.68,341658,42.9375,4.2792,0.09966113537117904
49,2020-03-20,70.44,69.53,70.5,67.85,256526,40.1774,4.0041,0.0996605056574094
50,2020-03-23,66.61,64.99,67.33,64.35,325825,40.0467,3.9911,0.0996611456124974
51,2020-03-24,66.42,66.03,66.74,63.76,245749,39.8834,3.9748,0.09966051038778038
52,2020-03-25,68.3,68.23,69.73,67.39,309931,33.2362,3.3123,0.09965940751349434
53,2020-03-26,67.65,67.0,68.11,66.74,193118,33.2852,3.3172,0.09965990890846382
54,2020-03-27,68.11,67.39,68.75,66.87,208845,35.1634,3.5044,0.0996604423918051
55,2020-03-30,65.9,65.06,66.29,63.7,227968,35.1797,3.506,0.0996597469563413
56,2020-03-31,66.1,63.89,66.29,63.76,198495,35.7513,3.563,0.09966071163845791
57,2020-04-01,64.02,64.54,66.42,63.63,230713,35.7677,3.5646,0.09965974887957571
58,2020-04-02,64.35,67.39,67.52,64.15,242032,36.3556,3.6232,0.09966002486549527
59,2020-04-03,67.07,65.84,67.26,65.38,179892,36.1923,3.6069,0.09965931980006797
60,2020-04-07,67.52,67.2,67.85,66.61,215473,35.781,3.569,0.09974567507895252
61,2020-04-08,66.68,67.2,67.52,66.49,161617,35.4873,3.6715,0.10345954750009159
62,2020-04-09,67.46,67.33,68.11,67.07,139938,34.1821,3.5364,0.10345765766292885
63,2020-04-10,67.07,65.71,67.26,65.45,159576,32.7952,3.3929,0.10345721325071962
64,2020-04-13,65.32,63.83,65.32,63.63,194312,33.7578,3.4925,0.10345757128722843
65,2020-04-14,64.48,65.64,65.9,64.15,166773,33.9047,3.5077,0.10345763271758783
66,2020-04-15,65.71,66.16,67.39,65.58,199558,31.8162,3.2916,0.10345672959058592
67,2020-04-16,65.71,66.74,67.2,65.38,192529,31.4899,3.2579,0.10345856925553908
68,2020-04-17,67.65,67.13,69.01,66.81,345267,32.4852,3.3609,0.10345942152118504
69,2020-04-20,67.07,66.42,67.52,65.64,274309,34.2636,3.5449,0.1034596481397168
70,2020-04-21,66.23,65.12,66.29,64.48,214475,34.3452,3.5533,0.10345841631436126
71,2020-04-22,64.54,66.49,66.68,64.41,207098,34.1494,3.533,0.10345716176565327
72,2020-04-23,66.23,65.06,66.61,65.06,169534,34.0189,3.5195,0.10345719585289352
73,2020-04-24,64.54,64.28,65.64,63.5,173379,33.9536,3.5128,0.10345883794354648
74,2020-04-27,64.54,64.99,66.03,64.54,192725,37.7035,3.8996,0.10342806370761336
75,2020-04-28,65.77,66.94,67.26,63.12,348811,35.647,3.6869,0.10342805846214269
76,2020-04-29,66.68,71.6,71.6,66.55,587940,32.3989,3.351,0.10342943741917164
77,2020-04-30,70.96,72.9,74.59,70.7,505297,32.4152,3.3527,0.10342987240553815
78,2020-05-06,72.25,73.22,73.87,71.67,310660,32.9049,3.4033,0.10342836477241993
79,2020-05-07,73.22,73.87,74.71,72.45,311072,32.4479,3.3561,0.10343042230776107
80,2020-05-08,74.2,73.74,74.71,73.03,235100,33.3782,3.4523,0.10342978351139367
81,2020-05-11,74.26,73.29,74.71,72.64,257917,34.2759,3.5451,0.10342835636701006
82,2020-05-12,73.74,73.68,74.0,72.38,184650,33.9495,3.5114,0.10343009469948011
83,2020-05-13,73.42,73.09,74.13,73.03,161434,32.9702,3.4101,0.10342976384735307
84,2020-05-14,72.84,71.41,73.48,71.35,254954,32.2357,3.3341,0.10342880719202623
85,2020-05-15,71.99,70.44,72.64,70.18,294412,33.1334,3.427,0.1034303753915988
86,2020-05-18,70.96,72.45,74.0,69.6,373619,31.7624,3.2852,0.103430471249024
87,2020-05-19,74.71,76.72,77.31,74.39,490267,32.7417,3.3864,0.10342773893841797
88,2020-05-20,76.79,75.17,77.76,74.78,327338,31.0442,3.2109,0.1034299482673092
89,2020-05-21,75.95,71.6,76.53,71.02,327759,31.4522,3.2531,0.10342996674318489
90,2020-05-22,72.06,70.96,72.38,70.5,227671,30.3913,3.1433,0.10342762566918821
91,2020-05-25,71.28,72.06,72.38,70.31,200963,29.5589,3.0573,0.10343077719400925
92,2020-05-26,72.06,73.09,73.87,71.93,209851,28.2858,2.9256,0.10342998960609212
93,2020-05-27,73.22,72.58,74.78,72.19,254086,30.1791,3.1214,0.10342919437624051
94,2020-05-28,72.77,73.81,73.94,71.86,258055,29.6079,3.0623,0.10342847685921662
95,2020-05-29,73.42,75.17,75.49,73.16,379223,29.7874,3.0809,0.1034296380348738
96,2020-06-01,75.62,77.5,78.54,75.62,333483,29.1509,3.015,0.10342733843552
97,2020-06-02,78.02,77.5,78.99,76.79,289825,28.7265,2.9365,0.1022226863697283
98,2020-06-03,77.95,78.86,80.42,77.44,393274,26.3272,2.6912,0.10222127685435593
99,2020-06-04,79.19,77.89,79.77,77.57,221882,26.0171,2.6595,0.1022212314208732
100,2020-06-05,78.34,77.5,78.47,76.79,153206,24.7766,2.5327,0.10222145088510935
101,2020-06-08,78.21,80.03,81.26,78.15,317216,24.9888,2.5544,0.1022217953643232
102,2020-06-09,80.03,79.45,80.94,79.19,224193,24.9398,2.5494,0.10222215093946221
103,2020-06-10,79.38,78.8,79.57,77.83,156244,24.3196,2.486,0.1022220760209872
104,2020-06-11,78.86,79.19,80.74,78.21,236078,23.4872,2.4009,0.10222163561429204
105,2020-06-12,76.85,79.06,79.96,76.85,192329,23.1771,2.3692,0.10222158941368853
106,2020-06-15,79.45,83.33,86.44,79.38,483205,22.1651,2.2657,0.1022192545939337
107,2020-06-16,84.56,84.5,85.47,83.4,290461,20.7451,2.1206,0.1022217294686456
108,2020-06-17,84.43,83.4,85.08,82.75,194960,20.7451,2.1206,0.1022217294686456
109,2020-06-18,83.59,82.75,83.92,81.91,196163,20.6472,2.1106,0.10222209306830948
110,2020-06-19,82.81,84.24,84.69,82.36,230802,20.2718,2.0722,0.10222081906885427
111,2020-06-22,84.37,84.63,85.6,83.66,279681,20.435,2.0889,0.102221678492782
112,2020-06-23,84.63,84.63,85.99,82.62,300469,20.7124,2.1173,0.10222378864834593
113,2020-06-24,85.8,90.27,90.53,84.82,604265,20.4187,2.0872,0.10222002380171118
114,2020-06-29,89.75,94.28,97.65,89.68,678452,19.3414,1.9771,0.10222114221307661
115,2020-06-30,94.61,95.52,97.14,93.64,362051,19.3741,1.9804,0.10221894178310219
116,2020-07-01,96.81,98.82,99.4,94.35,378607,19.2761,1.9704,0.10221984737576584
117,2020-07-02,98.89,101.28,101.8,97.59,558110,19.4393,1.9871,0.10222075897794675
118,2020-07-03,100.89,101.48,102.13,99.79,301510,19.5862,2.0021,0.10221993035913039
119,2020-07-06,100.89,100.63,102.45,97.78,628178,18.9497,1.9371,0.1022232541939978
120,2020-07-07,100.51,105.56,107.44,100.51,495993,19.0476,1.9471,0.10222285222285223
121,2020-07-08,105.49,106.78,107.83,103.49,347538,19.2924,1.9721,0.10222160021562894
122,2020-07-09,107.18,116.32,116.83,106.79,502569,18.9497,1.9371,0.1022232541939978
123,2020-07-10,114.83,118.45,121.76,111.0,567619,18.9497,1.9371,0.1022232541939978
124,2020-07-13,116.77,120.98,122.34,116.45,300147,18.3621,1.877,0.10222142347552839
125,2020-07-14,120.85,120.27,121.69,116.83,314684,18.0193,1.842,0.10222372678183947
126,2020-07-15,120.14,122.54,127.14,118.07,382054,17.7092,1.8103,0.10222370293406817
127,2020-07-16,123.19,115.02,125.71,114.5,344454,17.8398,1.8236,0.1022208769156605
128,2020-07-17,115.21,120.07,125.84,115.21,513842,17.5787,1.7969,0.10222030070483026
129,2020-07-20,122.6,123.38,125.45,119.49,288283,17.3012,1.7685,0.1022183432363073
130,2020-07-21,129.67,127.59,135.37,124.93,476566,17.4644,1.7852,0.10221937197956986
131,2020-07-22,125.65,125.97,129.73,124.48,251343,18.3621,1.877,0.10222142347552839
132,2020-07-23,125.78,132.71,134.65,124.93,308474,18.7538,1.917,0.10221928355853215
133,2020-07-24,129.86,128.82,133.16,127.14,304832,17.6766,1.8069,0.10221988391432742
134,2020-07-27,130.44,134.27,139.32,130.44,306039,17.1706,1.7552,0.10222123862881903
135,2020-07-28,135.63,130.7,136.53,127.79,317187,17.4154,1.7802,0.10221987436406857
136,2020-07-29,129.99,133.62,133.94,128.82,228176,17.8398,1.8236,0.1022208769156605
137,2020-07-30,134.2,137.51,138.8,132.32,307468,17.9867,1.8386,0.10221997364719487
138,2020-07-31,138.02,138.8,144.76,136.53,269107,17.8888,1.8286,0.10222038370376996
139,2020-08-03,140.68,135.24,141.33,133.23,406046,18.003,1.8403,0.10222185191356996
140,2020-08-04,135.76,131.54,136.02,130.31,448359,18.0357,1.8436,0.10221948690652428
141,2020-08-05,131.67,133.36,135.37,130.38,364989,17.8724,1.8269,0.10221906403169133
142,2020-08-06,132.65,131.41,134.27,129.08,201476,17.7908,1.8186,0.10222137284439148
143,2020-08-07,131.67,131.35,133.75,127.92,224055,17.4644,1.7852,0.10221937197956986
144,2020-08-10,132.78,144.25,144.25,132.32,323250,16.2892,1.6917,0.10385408737077327
145,2020-08-11,149.49,152.41,155.46,149.49,495728,15.7996,1.6409,0.10385705967239678
146,2020-08-12,150.79,137.57,152.67,137.44,601130,17.2199,1.6275,0.09451274397644586
147,2020-08-13,140.1,137.83,144.05,137.44,325852,17.4358,1.6479,0.09451243992245838
148,2020-08-14,138.48,138.35,140.1,133.68,278219,17.8317,1.6854,0.09451706791837008
149,2020-08-17,139.51,139.13,140.36,136.6,164911,17.4538,1.6496,0.09451236979912683
150,2020-08-18,139.13,138.8,140.75,137.96,161814,17.8137,1.6837,0.09451714130135794
151,2020-08-19,140.88,131.74,140.88,131.48,257872,18.0116,1.7024,0.09451686690799262
152,2020-08-20,131.41,127.79,132.45,126.88,232343,17.9036,1.6922,0.0945173037824795
153,2020-08-21,127.98,129.08,132.0,127.98,162131,17.7417,1.6769,0.09451743632233664
154,2020-08-24,129.67,137.38,139.0,127.27,318802,17.5977,1.6633,0.09451803360666451
155,2020-08-25,136.21,136.79,141.07,134.98,213660,17.0939,1.6156,0.09451324741574478
156,2020-08-26,136.99,132.97,138.48,131.67,208836,17.6157,1.665,0.0945179584120983
157,2020-08-27,135.56,138.48,139.45,132.45,206232,18.0656,1.7075,0.09451665042954566
158,2020-08-28,138.87,143.66,144.37,137.38,232412,18.0296,1.7041,0.09451679460442827
159,2020-08-31,145.54,144.83,147.87,141.78,234486,18.0296,1.7041,0.09451679460442827
160,2020-09-01,143.99,146.32,146.58,141.78,163557,17.6517,1.6684,0.09451780848303562
161,2020-09-02,147.55,146.97,151.44,142.5,218224,18.0836,1.7092,0.09451657855736689
162,2020-09-03,146.58,144.63,147.1,143.66,122163,17.2919,1.6343,0.09451245959090673
163,2020-09-04,140.81,144.57,144.96,139.97,132203,17.1119,1.6173,0.0945131750419299
164,2020-09-07,145.28,142.3,149.17,141.91,185296,17.4358,1.6479,0.09451243992245838
165,2020-09-08,143.86,142.24,144.25,140.29,125899,18.087,1.7095,0.09451539779952452
166,2020-09-09,141.07,134.78,141.72,131.22,235600,17.979,1.6993,0.09451582401690863
167,2020-09-10,136.6,134.59,139.9,134.01,153811,18.3209,1.7316,0.09451500745050734
168,2020-09-11,134.59,160.96,160.96,133.55,417360,17.709,1.6738,0.09451691230447795
169,2020-09-14,176.52,161.61,187.4,156.95,955200,17.4211,1.6466,0.09451756777700605
170,2020-09-15,161.55,162.13,168.61,158.24,616889,18.6809,1.7656,0.09451364762939687
171,2020-09-16,161.03,173.08,186.75,161.03,817426,18.6989,1.7673,0.09451358101278687
172,2020-09-17,174.77,186.43,192.97,171.33,908302,18.3569,1.735,0.09451486906830675
173,2020-09-18,188.05,184.23,188.05,178.39,672310,18.8428,1.7809,0.09451355424883774
174,2020-09-21,187.4,174.9,188.57,173.99,684544,19.3288,1.8269,0.09451699019080335
175,2020-09-22,174.38,171.98,177.42,171.53,393101,21.4704,2.0293,0.09451617110067814
176,2020-09-23,173.73,196.02,205.35,173.73,847561,21.3084,2.014,0.09451671641230688
177,2020-09-24,189.54,176.9,200.36,171.4,930203,21.2364,2.0072,0.09451696144355917
178,2020-09-25,178.33,176.71,184.81,173.41,502760,21.1105,1.9953,0.09451694654318941
179,2020-09-28,180.92,182.48,192.97,179.17,597425,20.3186,1.9204,0.09451438583366965
180,2020-09-29,185.65,176.71,187.4,175.48,568033,21.9923,2.0786,0.09451489839625686
181,2020-09-30,178.59,180.86,189.41,176.45,567079,22.4782,2.1245,0.09451379558861474
182,2020-10-09,206.71,209.82,214.55,202.31,769397,21.7944,2.0599,0.09451510479756267
183,2020-10-12,212.67,211.51,218.7,206.52,843075,21.6864,2.0497,0.09451545669175151
184,2020-10-13,209.05,206.19,210.86,199.58,618850,21.3804,2.0208,0.09451647303137452
185,2020-10-14,206.58,207.49,218.51,206.58,828270,20.5526,2.0073,0.09766647528779812
186,2020-10-15,205.22,199.84,209.05,196.34,583668,22.5502,2.2024,0.09766653954288654
187,2020-10-16,199.71,199.84,205.29,195.18,454599,22.5502,2.2024,0.09766653954288654
188,2020-10-19,201.53,189.35,201.92,188.57,512926,24.116,2.3553,0.09766545032343674
189,2020-10-20,192.2,196.8,199.97,188.57,428851,24.3139,2.3746,0.09766429902236992
190,2020-10-21,199.65,192.46,203.21,188.63,380852,24.7459,2.4168,0.09766466364124966
191,2020-10-22,186.82,189.35,192.59,182.93,320475,24.116,2.3553,0.09766545032343674
192,2020-10-23,191.87,183.97,195.5,180.92,307126,23.0361,2.2498,0.09766410112822917
193,2020-10-26,184.23,197.25,200.36,179.04,494503,22.9462,2.241,0.09766322964150927
194,2020-10-27,196.8,200.49,200.75,193.1,387857,21.1825,2.0688,0.09766552578779653
195,2020-10-28,200.36,207.04,211.25,198.48,503983,20.3186,1.9844,0.09766420914826808
196,2020-10-29,203.6,212.41,220.32,202.95,484852,20.8945,2.0406,0.09766206417956878
197,2020-10-30,254.28,254.34,254.34,236.13,1021609,20.9125,2.0424,0.0976640765092648
198,2020-11-02,254.66,296.46,304.04,252.27,1039520,19.2028,1.8754,0.09766284083571146
199,2020-11-03,301.0,299.38,303.91,284.67,720592,19.5447,1.9088,0.09766330514154734
200,2020-11-04,297.69,289.79,309.87,270.99,804327,19.2928,1.8842,0.09766337701111297
201,2020-11-05,298.86,297.56,304.04,286.55,671148,18.7529,1.8315,0.09766489449631789
202,2020-11-06,302.75,283.95,303.01,278.58,568828,18.3029,1.7875,0.09766211911773544
203,2020-11-09,286.61,289.79,300.8,280.13,649441,18.3389,1.7911,0.09766670847215482
204,2020-11-10,285.64,308.58,322.19,281.49,791990,18.4469,1.8016,0.09766410616417935
205,2020-11-11,301.06,284.73,303.78,284.73,543574,20.4986,2.002,0.0976652064043398
206,2020-11-12,296.07,312.27,312.27,289.98,626852,21.4524,2.0951,0.0976627323749324
207,2020-11-13,311.04,303.13,311.82,289.98,567886,19.9407,1.9475,0.09766457546625745
208,2020-11-16,304.37,299.83,308.71,286.42,437230,20.8585,2.0371,0.0976628233094422
209,2020-11-17,297.24,294.26,304.04,284.6,355962,20.3546,1.9879,0.09766342743163707
210,2020-11-18,290.95,288.49,302.36,273.59,492206,20.5166,2.0037,0.09766238070635484
211,2020-11-19,287.19,287.32,296.59,280.84,373026,20.4806,2.0002,0.09766315439977345
212,2020-11-20,292.18,298.66,304.69,286.55,405951,20.7505,2.0266,0.0976651165032168
213,2020-11-23,298.92,332.55,342.53,295.03,691853,20.8405,2.0354,0.09766560303255681
214,2020-11-24,327.37,334.89,341.37,322.38,448108,20.3366,1.9862,0.09766627656540425
215,2020-11-25,333.2,316.09,334.95,313.96,396365,20.9845,2.0494,0.09766256046129285
216,2020-11-26,313.76,313.7,316.94,302.1,293869,20.8945,2.0406,0.09766206417956878
217,2020-11-27,315.06,306.76,315.06,303.01,238986,20.9845,2.0494,0.09766256046129285
218,2020-11-30,309.23,314.15,314.15,296.46,337754,20.9665,2.0477,0.09766532325376194
219,2020-12-01,309.23,319.53,329.64,305.08,389264,19.9767,1.951,0.0976637783017215
