,日期,开盘,收盘,最高,最低,成交量,pe,pb,roe
0,2020-01-03,53.54,53.84,54.07,52.91,281437,8.8388,2.6388,0.2985473141150382
1,2020-01-06,53.42,55.61,56.12,53.41,360623,8.8069,2.6293,0.2985500005677367
2,2020-01-07,57.13,59.1,59.6,56.87,688792,8.9484,2.6715,0.29854499128335793
3,2020-01-08,59.1,57.46,59.66,57.3,467170,8.7795,2.6211,0.2985477532889117
4,2020-01-09,58.09,57.83,58.71,57.4,251063,8.7293,2.6061,0.2985462751881594
5,2020-01-10,57.7,56.07,57.72,55.89,333407,8.8023,2.6279,0.2985469706781182
6,2020-01-13,55.93,56.75,56.97,55.7,207640,8.816,2.632,0.2985480943738657
7,2020-01-14,56.65,56.33,56.95,55.99,204131,8.9119,2.6606,0.2985446425565817
8,2020-01-15,56.58,55.51,56.77,55.21,203413,9.0168,2.692,0.29855381066453734
9,2020-01-16,55.57,55.25,56.06,55.14,169428,8.7887,2.6238,0.2985424465506844
10,2020-01-17,55.24,54.99,55.64,54.85,131782,8.7978,2.6266,0.2985519107049489
11,2020-01-20,55.41,56.05,56.2,54.46,219569,8.7704,2.6184,0.2985496670619356
12,2020-01-21,55.84,55.45,55.86,54.85,204566,8.4647,2.5271,0.2985457251881342
13,2020-01-22,55.07,53.58,55.09,52.69,350346,8.5012,2.538,0.29854608761116075
14,2020-01-23,52.98,51.08,53.02,50.82,360023,8.6289,2.5762,0.2985548563548077
15,2020-02-03,46.37,46.37,47.1,46.37,382552,8.7841,2.6225,0.29855079063307566
16,2020-02-04,45.56,47.59,47.87,45.56,445362,8.6426,2.5802,0.29854441950339017
17,2020-02-05,47.61,48.27,49.23,47.2,346481,8.4829,2.5326,0.2985535606926876
18,2020-02-06,48.99,49.18,49.48,47.36,432103,8.5559,2.5544,0.2985542140511226
19,2020-02-07,48.93,48.46,49.0,47.94,312409,8.597,2.5666,0.2985460044201466
20,2020-02-10,48.1,50.46,50.93,47.97,410324,8.6426,2.5802,0.29854441950339017
21,2020-02-11,50.53,50.33,51.16,49.94,279969,8.5422,2.5503,0.29855306595490627
22,2020-02-12,50.53,50.65,51.31,50.36,193828,8.6472,2.5816,0.29854750670737346
23,2020-02-13,50.67,50.26,50.89,49.54,240120,8.8845,2.7912,0.31416511902751987
24,2020-02-14,50.23,51.9,52.04,50.05,351956,8.4373,2.6507,0.3141644838988776
25,2020-02-17,52.5,53.45,53.6,52.09,322203,8.5559,2.688,0.3141691698126439
26,2020-02-18,53.37,52.82,53.37,52.56,237124,8.6153,2.7067,0.31417362134806687
27,2020-02-19,53.27,54.84,55.56,53.27,447455,8.7613,2.7525,0.31416570600253385
28,2020-02-20,55.48,55.2,56.36,54.56,394733,8.7339,2.7439,0.3141666380425697
29,2020-02-21,54.95,54.55,55.17,53.81,386754,8.9347,2.807,0.314168354841237
30,2020-02-24,54.04,54.94,55.57,53.78,291886,8.994,2.8256,0.3141649988881477
31,2020-02-25,54.71,55.28,56.26,54.13,457994,9.0077,2.8299,0.3141645481088402
32,2020-02-26,54.79,54.95,56.13,54.49,402814,9.0898,2.8558,0.3141763295122005
33,2020-02-27,55.14,54.2,55.38,54.13,405202,9.0579,2.8457,0.3141677430751057
34,2020-02-28,53.12,50.86,53.94,50.86,610099,9.1674,2.8801,0.31416759386521803
35,2020-03-02,51.11,52.83,53.47,51.11,352035,9.4001,2.9532,0.31416687056520676
36,2020-03-03,53.63,52.79,53.64,52.47,380254,9.3134,2.926,0.31417097944896605
37,2020-03-04,52.52,54.03,54.26,52.5,407185,8.9712,2.8185,0.3141720171214553
38,2020-03-05,54.39,58.74,59.03,53.94,1286440,8.9164,2.8013,0.3141738818357185
39,2020-03-06,58.16,56.15,58.97,55.79,875928,9.0944,2.8572,0.3141713581984518
40,2020-03-09,54.58,54.5,56.29,53.84,620874,8.9894,2.8242,0.3141700224709102
41,2020-03-10,54.36,53.97,55.38,52.5,501819,9.1948,2.8887,0.3141667029190412
42,2020-03-11,54.13,53.21,55.21,53.05,514566,9.2952,2.9203,0.31417290644633794
43,2020-03-12,51.84,51.28,52.43,50.99,452421,9.4731,2.9762,0.31417381849658504
44,2020-03-13,48.8,50.37,50.93,48.54,434374,9.4275,2.9618,0.3141660037125431
45,2020-03-16,50.8,48.83,50.83,48.66,341351,9.5963,3.0149,0.31417317090962144
46,2020-03-17,49.09,48.79,49.88,47.46,272332,9.642,3.0292,0.31416718523127984
47,2020-03-18,48.87,49.23,51.25,48.87,404383,9.5051,2.9862,0.314168183396282
48,2020-03-19,49.52,49.41,49.93,47.79,336249,9.6374,3.0278,0.3141718720816818
49,2020-03-20,49.94,49.35,50.24,48.74,211035,9.8017,3.0794,0.31416999091994247
50,2020-03-23,47.94,48.0,48.54,47.3,237429,9.8519,3.0952,0.3141729006587562
51,2020-03-24,48.95,49.67,49.75,48.67,245201,9.8701,3.1009,0.3141710823598545
52,2020-03-25,50.67,49.57,50.67,49.05,376682,9.8199,3.0851,0.3141681687186224
53,2020-03-26,49.16,48.17,49.45,47.98,385289,9.7789,3.0722,0.31416621501395864
54,2020-03-27,48.57,47.26,48.57,47.22,368371,10.1901,3.2012,0.3141480456521526
55,2020-03-30,47.07,48.37,48.38,46.83,269249,10.432,3.2772,0.314148773006135
56,2020-03-31,48.44,50.53,50.54,48.23,516977,10.8153,3.3976,0.3141475502297671
57,2020-04-01,50.23,49.57,50.39,49.32,305905,10.8381,3.4048,0.31415100432732673
58,2020-04-02,49.67,49.19,49.91,48.61,284949,11.1393,3.4994,0.3141490039769106
59,2020-04-03,49.03,49.67,50.44,48.87,286397,11.1849,3.5137,0.31414675142379456
60,2020-04-07,50.11,51.49,51.8,49.61,442105,11.2625,3.5381,0.3141487236403996
61,2020-04-08,51.51,50.98,52.09,50.59,329599,11.3903,3.5782,0.3141444913654601
62,2020-04-09,51.24,51.06,51.51,50.34,244443,10.724,3.3689,0.3141458411040656
63,2020-04-10,50.82,51.03,51.48,50.65,230270,10.6784,3.3546,0.31414818699430624
64,2020-04-13,49.09,48.83,49.23,48.38,329691,11.0617,3.475,0.3141470117613025
65,2020-04-14,49.1,49.1,49.23,48.41,245352,11.226,3.5266,0.3141457331195439
66,2020-04-15,49.1,48.74,49.44,48.51,232315,10.8655,3.4134,0.31415029220928625
67,2020-04-16,48.53,47.94,49.06,47.65,343075,10.8974,3.4234,0.3141483289592013
68,2020-04-17,48.36,48.36,48.63,47.74,296963,11.0708,3.7083,0.3349622430176681
69,2020-04-20,48.37,48.31,48.61,48.01,196880,11.0206,3.6915,0.3349636135963559
70,2020-04-21,48.08,47.36,48.33,47.25,276413,11.0435,3.6991,0.33495721465115225
71,2020-04-22,47.1,48.49,48.77,47.1,331314,10.8518,3.6349,0.33495825577323574
72,2020-04-23,48.49,47.94,48.92,47.87,279526,10.829,3.6273,0.33496167697848367
73,2020-04-24,48.77,48.67,49.13,48.1,338254,10.724,3.5921,0.334958970533383
74,2020-04-27,49.06,48.1,49.31,48.05,314915,10.6738,3.5753,0.3349603702523937
75,2020-04-28,47.94,46.66,48.02,46.43,458010,10.5734,3.5417,0.33496320956362197
76,2020-04-29,46.71,47.33,47.33,46.35,208003,10.4639,3.505,0.3349611521516834
77,2020-04-30,47.35,47.55,47.65,47.12,215712,10.651,3.5676,0.3349544643695428
78,2020-05-06,47.0,47.61,47.89,46.93,231262,10.9157,3.6563,0.3349579046694211
79,2020-05-07,47.61,47.71,48.27,47.25,203337,11.1073,3.7205,0.3349598912426962
80,2020-05-08,48.08,47.51,48.08,47.43,256819,11.1804,3.7449,0.3349522378447998
81,2020-05-11,47.36,46.7,47.58,46.51,327458,10.8381,3.6303,0.3349572342015667
82,2020-05-12,46.73,46.74,47.05,46.61,167344,10.902,3.6517,0.33495688864428547
83,2020-05-13,46.7,46.4,46.73,46.35,190176,11.0115,3.6884,0.33495890659764793
84,2020-05-14,46.12,44.91,46.21,44.8,390964,10.9066,3.6532,0.33495314763537676
85,2020-05-15,45.09,44.45,45.25,44.25,290212,10.7286,3.5936,0.334955166564137
86,2020-05-18,44.48,45.53,45.75,44.48,279624,10.6921,3.5814,0.3349575855070566
87,2020-05-19,45.69,44.77,45.81,44.6,249433,10.7377,3.5967,0.33496000074503846
88,2020-05-20,44.7,44.48,45.0,44.38,168529,10.9294,3.6609,0.33495891814738227
89,2020-05-21,44.65,43.27,44.83,42.98,369790,10.9431,3.6655,0.3349599290877357
90,2020-05-22,43.11,42.41,43.63,42.34,281016,11.1028,3.719,0.3349605504917678
91,2020-05-25,42.58,42.68,43.07,42.21,179651,10.9613,3.6716,0.3349602693111219
92,2020-05-26,43.24,42.62,43.29,42.09,233155,10.8746,3.6425,0.3349548489139831
93,2020-05-27,42.61,42.38,42.8,42.18,187380,11.7006,3.9192,0.3349571816829906
94,2020-05-28,42.26,41.66,42.49,41.49,207750,11.9151,3.991,0.33495312670476957
95,2020-05-29,41.69,42.08,42.13,41.5,203545,11.7097,3.9223,0.33496161302168287
96,2020-06-01,42.06,42.7,42.75,41.77,298451,11.0845,3.7129,0.33496323695250124
97,2020-06-02,42.83,43.4,43.69,42.78,338632,11.2488,3.7679,0.334960173529621
98,2020-06-03,43.62,42.94,43.76,42.93,240976,10.7697,3.6074,0.3349582625328468
99,2020-06-04,43.2,43.13,43.69,43.04,227803,10.7468,3.5997,0.33495552164365205
100,2020-06-05,43.0,42.77,43.0,42.34,212874,10.8564,3.6364,0.3349544968866291
101,2020-06-08,43.01,43.62,43.69,42.83,301234,10.3681,3.4729,0.33496011805441694
102,2020-06-09,43.68,43.52,43.76,43.21,222908,10.2312,3.427,0.3349558214090234
103,2020-06-10,43.62,43.29,44.24,43.1,286357,10.181,3.4102,0.334957273352323
104,2020-06-11,43.04,41.66,43.04,41.56,577937,9.9482,3.3322,0.3349550672483464
105,2020-06-12,40.71,40.81,41.35,40.54,391278,9.857,3.3017,0.3349599269554631
106,2020-06-15,41.4,41.78,42.49,41.19,550160,9.9939,3.3475,0.3349543221365033
107,2020-06-16,41.94,41.88,42.09,41.3,306167,9.752,3.2665,0.3349569319114028
108,2020-06-17,41.9,41.83,42.35,41.4,319553,9.9756,3.3414,0.3349572958017563
109,2020-06-18,41.92,42.58,42.75,41.8,416214,9.8524,3.3001,0.33495391985709067
110,2020-06-19,42.8,42.77,42.99,42.37,377220,9.8022,3.2833,0.33495541817143093
111,2020-06-22,42.97,43.23,43.65,42.44,423676,9.606,3.2176,0.3349573183427025
112,2020-06-23,42.92,42.39,43.13,42.32,342617,9.6197,3.2222,0.33495847063837747
113,2020-06-24,42.44,43.3,43.82,42.11,625812,9.5923,3.213,0.3349561627555435
114,2020-06-29,43.4,42.78,44.04,42.66,524883,9.3367,3.1274,0.3349577473839794
115,2020-06-30,42.97,43.13,43.28,42.78,336524,9.5603,3.2023,0.3349581080091629
116,2020-07-01,43.08,44.01,44.17,42.96,610854,10.3704,3.0812,0.2971148653860989
117,2020-07-02,44.01,44.2,44.34,43.66,592840,10.4312,3.0992,0.2971086739780658
118,2020-07-03,44.17,44.72,44.79,43.85,583375,10.4578,3.1071,0.2971083784352349
119,2020-07-06,44.99,46.57,46.57,44.99,795494,10.2335,3.0405,0.2971124248790737
120,2020-07-07,47.19,46.15,47.38,45.51,964693,10.3285,3.0687,0.2971099385196302
121,2020-07-08,46.0,46.24,46.38,45.72,553010,10.2791,3.054,0.29710772343882247
122,2020-07-09,46.41,48.05,48.07,46.41,918406,10.4008,3.0902,0.29711176063379735
123,2020-07-10,48.07,47.43,48.42,47.21,691633,10.2144,3.0348,0.29710996240601506
124,2020-07-13,47.79,49.8,50.13,47.79,956539,10.0509,2.9862,0.2971077216965645
125,2020-07-14,50.42,50.58,51.22,49.19,1084449,9.9406,2.9535,0.29711486228195483
126,2020-07-15,50.71,49.76,50.82,49.52,764843,10.1308,3.01,0.29711375212224106
127,2020-07-16,49.83,46.64,49.97,46.55,936642,10.1954,3.0292,0.29711438491868886
128,2020-07-17,46.64,46.96,47.67,46.29,529096,10.2106,3.0337,0.29711280434058723
129,2020-07-20,47.59,47.5,47.69,46.64,481507,10.1384,3.0122,0.29710802493490096
130,2020-07-21,47.5,46.9,47.57,46.76,407798,10.3666,3.08,0.2971080199872668
131,2020-07-22,46.93,46.84,47.41,46.62,423925,10.686,3.1749,0.2971083660864683
132,2020-07-23,46.53,46.12,46.72,45.2,556086,10.762,3.1975,0.29711020256457904
133,2020-07-24,45.98,45.94,47.5,45.62,672144,10.9636,3.2574,0.2971104381772411
134,2020-07-27,46.31,46.08,46.81,45.55,352310,10.6784,3.1727,0.29711379982019775
135,2020-07-28,46.33,46.76,47.02,45.74,411995,10.8001,3.2088,0.2971083601077768
136,2020-07-29,46.64,47.15,47.22,46.07,460373,11.1918,3.3252,0.2971103843885702
137,2020-07-30,47.15,46.74,47.64,46.6,437262,11.283,3.3523,0.2971106975095276
138,2020-07-31,46.65,46.5,47.15,46.19,417221,11.2716,3.3489,0.2971095496646439
139,2020-08-03,46.69,47.79,47.91,46.65,685773,11.4846,3.4122,0.29711091374536336
140,2020-08-04,47.88,47.52,48.4,47.34,547969,11.5378,3.428,0.29711036766107923
141,2020-08-05,46.91,46.79,46.98,46.33,617399,11.5112,3.4201,0.29711064007227744
142,2020-08-06,46.72,45.79,46.72,45.41,662084,11.496,3.4156,0.29711203897007654
143,2020-08-07,45.65,45.08,45.69,44.68,522935,11.439,3.3987,0.297115132441647
144,2020-08-10,45.01,45.5,45.6,44.86,286038,11.2602,3.3455,0.2971083994955685
145,2020-08-11,45.6,45.88,46.45,45.37,537001,11.6405,3.4585,0.2971092307031485
146,2020-08-12,45.7,46.07,46.38,45.5,393583,11.7926,3.5037,0.29711005206655017
147,2020-08-13,46.24,46.46,46.91,45.94,410738,40.9359,4.357,0.10643469424148487
148,2020-08-14,46.58,46.55,46.81,46.05,260680,41.4459,4.4113,0.10643513592418066
149,2020-08-17,46.76,47.28,47.43,46.64,434006,40.399,4.2999,0.10643580286640758
150,2020-08-18,47.36,47.19,47.59,46.95,415230,41.2848,4.3942,0.10643626710072472
151,2020-08-19,47.19,47.38,47.67,46.58,505741,41.3251,4.3985,0.10643652404954859
152,2020-08-20,47.45,46.72,47.93,46.52,530587,40.9359,4.357,0.10643469424148487
153,2020-08-21,46.46,46.6,47.07,46.43,322706,41.6875,4.437,0.10643478260869565
154,2020-08-24,46.91,47.97,48.4,46.71,711212,42.023,4.4727,0.10643457154415438
155,2020-08-25,47.97,47.34,48.17,47.1,511493,41.768,4.4456,0.10643554874545105
156,2020-08-26,47.09,45.89,47.52,45.81,521029,43.8215,4.6642,0.1064363383270769
157,2020-08-27,45.89,46.07,46.29,45.39,265701,43.8484,4.667,0.10643489842274746
158,2020-08-28,46.17,48.59,49.28,46.15,1169187,43.7678,4.6584,0.10643441068548111
159,2020-08-31,48.8,48.1,49.33,48.07,715871,44.251,4.7099,0.10643601274547469
160,2020-09-01,48.0,47.81,48.42,47.28,568928,42.5465,4.5284,0.10643413676800677
161,2020-09-02,47.93,47.64,48.62,47.33,636317,42.1035,4.4813,0.10643533197952665
162,2020-09-03,47.34,46.5,47.38,46.43,623028,42.4525,4.5184,0.106434250044167
163,2020-09-04,45.98,46.41,46.45,45.43,399779,43.3518,4.6142,0.10643618027394482
164,2020-09-07,45.82,44.96,46.0,44.74,657693,41.3385,4.3999,0.1064358890622543
165,2020-09-08,44.86,44.04,44.96,43.85,456054,40.3051,4.2899,0.10643566198818512
166,2020-09-09,43.53,42.49,43.87,42.35,474395,41.1506,4.3799,0.10643587213795183
167,2020-09-10,42.96,42.64,43.09,42.32,281659,42.4525,4.5184,0.106434250044167
168,2020-09-11,42.44,42.83,42.9,41.9,232734,42.5465,4.5284,0.10643413676800677
169,2020-09-14,42.97,42.77,43.08,42.49,258816,40.9896,4.3627,0.10643431504576771
170,2020-09-15,42.75,42.58,42.94,42.26,217701,42.2512,4.497,0.1064348468209187
171,2020-09-16,42.51,41.95,42.56,41.83,244198,42.3049,4.5027,0.10643447922108312
172,2020-09-17,41.9,41.45,41.92,41.09,278477,42.1438,4.4856,0.10643558483098343
173,2020-09-18,41.49,42.23,42.23,41.47,286196,41.7277,4.4413,0.10643529358196115
174,2020-09-21,42.09,41.8,42.14,41.59,201170,41.768,4.4456,0.10643554874545105
175,2020-09-22,41.62,41.16,41.71,41.12,226366,43.2041,4.5984,0.1064343430368877
176,2020-09-23,41.26,41.33,41.68,41.23,173141,44.0497,4.6884,0.10643432304873812
177,2020-09-24,41.18,40.66,41.4,40.62,233869,45.8482,4.8799,0.10643602147957827
178,2020-09-25,40.74,40.28,40.92,40.23,193154,46.5595,4.9556,0.10643585090046069
179,2020-09-28,40.31,39.5,40.43,39.5,262754,47.0561,5.0084,0.10643465990594206
180,2020-09-29,39.78,39.9,40.36,39.59,186176,48.5862,5.1713,0.10643557224067739
181,2020-09-30,39.97,39.22,40.07,39.17,255924,51.0021,5.4284,0.1064348330755008
182,2020-10-09,39.64,39.43,39.76,39.15,285189,46.6132,4.9613,0.10643551611989736
183,2020-10-12,39.45,40.73,40.78,39.33,397981,45.4589,4.8384,0.10643460356497847
184,2020-10-13,40.52,41.05,41.37,40.38,332717,45.4992,4.8427,0.10643483841474134
185,2020-10-14,40.9,40.17,40.92,40.04,319787,43.6605,4.647,0.10643487820799122
186,2020-10-15,40.05,39.76,40.23,39.71,215159,46.7743,4.9784,0.10643451639041097
187,2020-10-16,39.83,39.88,40.07,39.46,197431,47.4722,5.0527,0.10643492401868883
188,2020-10-19,39.88,39.57,40.26,39.55,215864,47.7809,5.0856,0.1064358352396041
189,2020-10-20,39.67,39.52,39.74,39.21,191186,47.4588,5.0513,0.1064354766660767
190,2020-10-21,39.53,39.29,39.6,39.17,195677,47.0964,5.0127,0.10643488674293575
191,2020-10-22,39.19,38.53,39.29,38.46,268369,47.7004,5.077,0.10643516616212861
192,2020-10-23,38.55,38.64,38.89,38.5,178345,47.3648,5.0413,0.10643558085329188
193,2020-10-26,38.65,38.08,38.67,37.98,186681,45.4858,4.8413,0.10643541500864007
194,2020-10-27,38.08,37.86,38.48,37.72,244841,46.0763,4.9042,0.10643649772225634
195,2020-10-28,37.82,37.41,37.89,36.96,294898,44.6268,4.7499,0.10643604291591599
196,2020-10-29,36.99,39.1,39.33,36.91,488494,43.0967,4.587,0.10643506347353741
197,2020-10-30,38.98,38.2,39.14,37.98,277888,43.4591,4.6256,0.10643570621572929
198,2020-11-02,38.2,37.81,38.6,37.55,234591,43.1639,4.5942,0.10643616540674035
199,2020-11-03,37.79,38.19,38.41,37.53,225708,43.2846,4.607,0.10643508314735496
200,2020-11-04,38.0,38.01,38.34,37.88,158034,41.419,4.4085,0.10643665950409234
201,2020-11-05,38.19,38.38,38.46,37.93,249233,42.0901,4.4799,0.10643595524838383
202,2020-11-06,38.58,38.1,38.58,37.98,189145,41.2446,4.3899,0.10643575158929897
203,2020-11-09,37.94,38.7,38.76,37.81,337525,40.6137,4.3227,0.10643452825031947
204,2020-11-10,38.72,39.24,39.45,38.31,452496,39.4729,4.2013,0.10643504784295046
205,2020-11-11,39.22,38.65,39.62,38.51,336028,43.8618,4.6684,0.10643430046190534
206,2020-11-12,38.72,38.17,38.72,38.05,213214,46.1971,4.917,0.10643525242926503
207,2020-11-13,37.98,38.03,38.1,37.63,196732,47.9419,5.1027,0.10643508079571314
208,2020-11-16,38.03,39.19,39.41,38.01,427105,48.4922,5.1613,0.1064356741909008
209,2020-11-17,39.21,39.29,39.45,38.67,362792,47.5124,5.057,0.10643537266061072
210,2020-11-18,39.22,39.26,39.71,38.93,363726,47.754,5.0827,0.1064350630313691
211,2020-11-19,39.29,40.12,40.66,39.19,611721,47.9956,5.1084,0.1064347565193476
212,2020-11-20,40.02,39.72,40.02,39.4,342276,48.7607,5.1899,0.10643612581443662
213,2020-11-23,39.72,39.36,39.91,39.08,340977,49.1499,5.2313,0.1064356183837607
214,2020-11-24,39.29,39.31,39.78,39.21,239421,48.5191,5.1641,0.10643437326743489
215,2020-11-25,39.41,39.03,39.55,39.0,209576,50.1565,5.3384,0.10643485889166908
216,2020-11-26,39.05,39.22,39.5,39.03,194389,49.8075,5.3013,0.10643577774431563
217,2020-11-27,39.38,39.86,40.1,39.31,353829,51.3435,5.4637,0.10641463865922658
218,2020-11-30,39.95,39.33,40.42,39.33,362180,48.0951,5.118,0.10641416693176645
219,2020-12-01,39.21,39.45,39.55,39.02,267661,46.4441,4.9423,0.10641394708908129
