,日期,开盘,收盘,最高,最低,成交量,pe,pb,roe
0,2020-01-03,82.18,84.12,84.61,81.42,787073,58.5096,5.5956,0.0956355880060708
1,2020-01-06,83.8,87.85,89.52,83.53,1010554,58.2788,5.5735,0.0956351194602497
2,2020-01-07,86.5,88.01,89.74,86.12,707791,57.1068,5.4615,0.09563659669251298
3,2020-01-08,87.04,84.77,88.17,84.39,703777,55.1713,5.2764,0.09563668066549093
4,2020-01-09,87.09,89.2,89.47,85.69,758245,53.8573,5.1507,0.09563606047833811
5,2020-01-10,89.69,88.92,90.66,87.74,511187,54.2835,5.1914,0.0956349535309993
6,2020-01-13,88.28,94.17,94.71,87.36,731517,54.8339,5.2441,0.09563609373033835
7,2020-01-14,94.33,92.33,95.09,91.9,492531,55.1713,5.2764,0.09563668066549093
8,2020-01-15,91.9,96.22,96.92,91.31,625791,55.1713,5.2764,0.09563668066549093
9,2020-01-16,96.49,98.43,99.3,94.92,662109,55.1358,5.273,0.09563659183325533
10,2020-01-17,97.95,97.57,98.76,95.68,454746,55.6152,5.3188,0.09563572548511919
11,2020-01-20,104.86,107.13,107.13,102.43,693360,53.9461,5.1592,0.09563619983650347
12,2020-01-21,112.26,111.18,114.47,109.18,1161968,56.6096,5.4139,0.09563572256295752
13,2020-01-22,110.21,118.63,121.33,107.88,1146340,58.5807,5.6024,0.09563559329267148
14,2020-01-23,115.66,113.93,122.14,110.21,1286219,58.4564,5.5905,0.09563537953072716
15,2020-02-03,102.75,102.75,102.75,102.75,223695,59.5928,5.6992,0.09563571438160316
16,2020-02-04,97.57,108.75,108.91,97.57,1320170,61.3863,5.8707,0.09563534534578563
17,2020-02-05,109.45,110.31,117.82,107.67,1208402,59.0424,5.6466,0.09563635624568108
18,2020-02-06,107.83,110.21,111.77,105.94,989686,59.7349,5.7128,0.09563588454990297
19,2020-02-07,108.64,106.26,108.64,102.16,1149941,59.0424,5.6466,0.09563635624568108
20,2020-02-10,103.4,106.48,106.86,101.89,826117,59.0424,5.6466,0.09563635624568108
21,2020-02-11,109.18,113.88,115.28,106.91,1287590,59.1667,5.6585,0.09563656583855445
22,2020-02-12,111.34,113.77,115.23,110.42,918184,59.0068,5.6432,0.09563643512273162
23,2020-02-13,114.15,114.53,118.2,112.8,821535,64.7601,6.1934,0.09563604750455913
24,2020-02-14,112.96,117.93,120.41,112.96,882518,65.2573,6.2409,0.09563527758580266
25,2020-02-17,119.98,123.43,123.76,116.85,928727,60.7825,5.813,0.09563607946366141
26,2020-02-18,122.68,122.95,123.7,120.95,763811,61.0134,6.4918,0.10639957779766412
27,2020-02-19,121.92,116.74,121.98,115.98,944252,59.8592,6.369,0.10639968459317865
28,2020-02-20,117.23,120.52,121.54,115.07,868146,61.3508,6.5277,0.10639959055138645
29,2020-02-21,119.28,122.41,124.95,118.85,1046758,62.0788,6.6052,0.10640025258220197
30,2020-02-24,121.22,124.35,124.51,119.44,1049650,63.8723,6.796,0.10639980085263878
31,2020-02-25,120.47,122.14,123.7,114.85,1153632,61.99,6.5957,0.10639941926117115
32,2020-02-26,118.9,119.22,128.46,117.01,1415259,61.8657,6.5825,0.10639983060080141
33,2020-02-27,120.52,111.18,121.27,107.61,1231165,62.8956,6.6921,0.10640012973880525
34,2020-02-28,106.48,107.4,113.5,104.91,990369,61.9012,6.5863,0.1064001990268363
35,2020-03-02,112.42,110.21,113.18,106.91,851323,64.0499,6.8149,0.10639985386394046
36,2020-03-03,113.5,111.66,116.63,110.53,858524,64.7424,6.8886,0.1064001334519573
37,2020-03-04,110.26,107.83,111.29,104.75,824579,63.4816,6.7544,0.10639933461034379
38,2020-03-05,110.37,109.77,111.23,105.99,717572,57.0358,6.0686,0.10639984010042815
39,2020-03-06,107.02,107.99,109.99,106.64,449584,57.3732,6.1045,0.10639985219579874
40,2020-03-09,104.21,99.51,106.64,99.03,832559,56.947,6.0592,0.10640068835935167
41,2020-03-10,99.51,104.32,105.29,98.38,749149,56.3433,5.9949,0.10639951866504092
42,2020-03-11,105.94,101.13,107.24,101.08,599578,56.6096,6.0233,0.10640068115655295
43,2020-03-12,98.92,100.32,102.92,98.0,641188,59.3087,6.3104,0.10639922979259366
44,2020-03-13,94.76,98.38,100.54,92.71,787503,58.9003,6.267,0.10640013718096512
45,2020-03-16,97.84,88.77,98.7,88.77,1228063,59.0424,6.2821,0.10639980759589718
46,2020-03-17,88.77,84.29,90.5,80.61,1322192,60.8536,6.4748,0.10639962138640935
47,2020-03-18,85.53,84.02,90.27,83.42,1069156,58.8115,6.2575,0.1063992586483936
48,2020-03-19,86.23,85.26,86.61,82.18,982739,58.6872,6.2443,0.10639969192600772
49,2020-03-20,86.99,87.15,87.36,84.12,935801,60.8713,6.4767,0.10639989617438761
50,2020-03-23,83.42,78.67,83.75,78.67,983184,62.8246,6.6845,0.10639940405509944
51,2020-03-24,80.34,79.21,81.05,75.16,898575,60.676,6.4559,0.10639956490210296
52,2020-03-25,82.18,86.93,86.93,81.64,1561073,56.6629,6.0289,0.10639942537356895
53,2020-03-26,85.42,83.42,86.34,83.1,1082677,57.7283,6.1423,0.10640015382403431
54,2020-03-27,85.74,81.69,86.23,81.64,881201,60.5517,6.4427,0.10639998546696461
55,2020-03-30,79.53,80.07,80.88,75.75,956434,59.4863,6.3293,0.10639928857568885
56,2020-03-31,82.13,80.88,82.99,79.32,767642,62.6293,6.6638,0.106400678276781
57,2020-04-01,80.72,85.26,88.55,80.13,1395214,64.5471,6.8678,0.10639982276508161
58,2020-04-02,84.77,92.17,92.17,84.39,1370499,65.2396,6.9415,0.10640010055242521
59,2020-04-03,90.93,93.79,94.6,89.79,1096589,64.5115,6.864,0.10639963417375196
60,2020-04-07,97.03,100.32,101.3,94.28,1200405,61.2975,6.5221,0.1064007504384355
61,2020-04-08,104.21,102.27,109.61,101.35,1714126,62.9312,6.6959,0.10640032289230143
62,2020-04-09,103.35,99.08,103.62,98.0,1119187,60.6582,6.454,0.10639946454065567
63,2020-04-10,99.24,97.52,100.27,96.71,864136,60.5517,6.4427,0.10639998546696461
64,2020-04-13,88.01,88.01,89.74,88.01,441035,65.2929,6.9472,0.10640054278489697
65,2020-04-14,86.07,87.74,87.85,83.26,1744014,62.8956,6.6921,0.10640012973880525
66,2020-04-15,87.47,88.01,92.49,86.93,1440429,57.0713,6.0724,0.10640023970016453
67,2020-04-16,87.04,88.39,89.2,85.96,698224,56.4676,6.0081,0.10639906778400357
68,2020-04-17,90.44,93.41,95.84,90.44,1329642,54.5143,5.8003,0.1063996052411936
69,2020-04-20,93.41,93.63,94.33,90.98,735418,54.9937,5.8513,0.10639946030181639
70,2020-04-21,92.49,93.84,94.28,90.55,671699,55.8816,5.925,0.10602774437381893
71,2020-04-22,92.98,93.3,94.28,91.9,515064,53.4489,5.6671,0.10602837476543014
72,2020-04-23,93.68,89.63,93.74,89.63,670993,52.1704,5.5315,0.1060275558554276
73,2020-04-24,89.74,88.44,91.68,87.9,558536,53.2713,5.6483,0.10602894992237848
74,2020-04-27,89.2,88.98,90.12,86.39,491745,51.6732,5.4788,0.10602788292577196
75,2020-04-28,90.12,94.87,95.84,88.71,1115717,52.419,5.5579,0.10602834849958985
76,2020-04-29,94.76,97.95,99.89,93.25,907947,54.5853,5.7876,0.1060285461470396
77,2020-04-30,98.97,100.92,102.86,97.79,985311,58.4209,6.1943,0.10602883557083166
78,2020-05-06,99.46,101.57,102.21,98.6,943332,58.6339,6.2169,0.10602910602910603
79,2020-05-07,101.73,101.19,102.92,100.81,668767,59.2022,6.2771,0.10602815435912855
80,2020-05-08,102.05,101.67,104.05,100.92,668963,61.1022,6.4786,0.10602891548913132
81,2020-05-11,103.24,99.57,103.62,98.16,771492,58.3321,6.1848,0.10602738457898825
82,2020-05-12,99.73,102.97,103.08,98.87,799257,55.7573,5.9118,0.10602737220059077
83,2020-05-13,101.62,102.59,103.51,100.32,622173,57.2844,6.0738,0.10602886649768524
84,2020-05-14,102.0,102.27,104.7,101.24,716621,52.6498,5.5824,0.10602889279731356
85,2020-05-15,103.08,103.02,105.29,100.59,776555,51.5489,5.4656,0.106027480702789
86,2020-05-18,100.54,93.03,100.97,92.93,1445823,50.3769,5.3414,0.10602875524297843
87,2020-05-19,94.71,96.71,97.14,94.22,854363,55.1891,5.8516,0.10602818310137328
88,2020-05-20,96.76,95.09,98.16,94.44,611451,56.0592,5.9439,0.1060289836458601
89,2020-05-21,96.0,92.6,96.71,92.17,569767,54.8694,5.8177,0.10602813225586576
90,2020-05-22,92.6,90.55,93.41,89.63,553586,55.8461,5.9213,0.1060288901105001
91,2020-05-25,90.39,89.41,91.52,88.23,453185,55.1891,5.8516,0.10602818310137328
92,2020-05-26,90.82,92.93,93.36,89.84,583159,52.8274,5.6012,0.10602831106584842
93,2020-05-27,92.66,90.71,93.09,90.01,467788,56.5741,5.9985,0.10602908398012517
94,2020-05-28,90.12,91.9,91.9,88.66,448440,60.1611,6.3788,0.10602864641770181
95,2020-05-29,91.04,90.27,92.33,90.17,472133,63.9256,6.7779,0.10602794498604627
96,2020-06-01,91.85,99.08,99.08,91.47,742122,61.9723,6.5708,0.10602801574251723
97,2020-06-02,103.62,104.81,105.78,101.3,1600864,58.847,6.2394,0.10602749502948323
98,2020-06-03,106.48,106.8,110.15,104.1,1300426,58.3853,6.1905,0.10602840098449438
99,2020-06-04,106.48,107.13,109.34,106.1,790564,53.076,5.6276,0.10602909036099178
100,2020-06-05,107.83,110.58,112.64,107.78,832448,51.0339,5.411,0.10602756207148581
101,2020-06-08,114.26,111.99,115.88,111.02,853288,49.5601,5.2548,0.106028841749714
102,2020-06-09,112.85,115.07,116.52,111.34,713508,51.9573,5.5089,0.10602744946330929
103,2020-06-10,114.58,116.36,117.44,113.12,944109,51.9395,5.5071,0.10602913004553374
104,2020-06-11,116.74,116.04,119.66,114.63,845555,49.7909,5.0347,0.1011168707534911
105,2020-06-12,112.69,122.46,125.86,111.61,1169747,45.9554,4.6468,0.10111542930754601
106,2020-06-15,120.14,117.06,121.76,117.06,909786,45.2984,4.5804,0.10111615421295234
107,2020-06-16,120.47,118.9,122.35,116.52,807458,43.4339,4.3919,0.10111686954199368
108,2020-06-17,119.28,120.79,123.76,116.74,718042,43.9311,4.4422,0.10111743161450543
109,2020-06-18,119.76,132.67,132.67,119.76,1313958,43.2385,4.3721,0.10111590365068167
110,2020-06-19,133.21,133.75,135.58,131.59,971038,42.8834,4.3362,0.1011160495669653
111,2020-06-22,133.48,135.85,136.77,132.29,824550,38.9768,3.9412,0.10111656164692844
112,2020-06-23,135.1,134.34,135.69,131.43,752169,38.3553,3.8784,0.10111770733119022
113,2020-06-24,135.53,140.01,142.98,133.21,977704,37.7516,3.8173,0.10111624407972111
114,2020-06-29,138.39,142.01,145.2,136.99,917567,39.5273,3.9969,0.10111745553073447
115,2020-06-30,143.58,153.67,153.73,143.58,978381,37.4142,3.7832,0.1011166883162008
116,2020-07-01,152.15,161.6,162.95,149.02,966720,37.5207,3.794,0.10111751646424508
117,2020-07-02,160.25,161.65,163.44,158.2,865092,37.0946,3.7509,0.10111714373520675
118,2020-07-03,162.46,154.37,162.46,149.45,1296215,36.0824,3.6485,0.10111577943817485
119,2020-07-06,151.07,158.85,162.95,151.02,1167381,35.6207,3.6018,0.10111536269640967
120,2020-07-07,157.01,165.06,173.16,155.99,1256715,34.4843,3.4869,0.10111558013356803
121,2020-07-08,166.19,181.2,181.2,164.03,1187155,34.3777,3.4762,0.10111787583229827
122,2020-07-09,178.07,182.61,194.54,176.34,1547612,33.7207,3.4097,0.1011159317570513
123,2020-07-10,179.15,192.11,193.35,177.21,1311415,31.8385,3.2194,0.10111657270285974
124,2020-07-13,190.92,198.05,200.75,189.3,1118548,28.9441,2.9267,0.10111559868850646
125,2020-07-14,192.65,186.6,193.73,182.93,1921618,29.4768,2.9806,0.10111681050860337
126,2020-07-15,187.68,175.69,189.14,175.21,1234762,29.0861,2.9411,0.10111702840875883
127,2020-07-16,174.88,164.3,178.93,162.3,1430944,29.8142,3.0147,0.10111624662073777
128,2020-07-17,167.81,171.48,174.45,164.3,1248361,28.66,2.898,0.1011165387299372
129,2020-07-20,174.94,173.48,175.32,168.03,971070,29.0329,2.9357,0.10111631976137417
130,2020-07-21,171.59,170.51,174.61,166.73,925027,29.7076,3.0039,0.10111553945791649
131,2020-07-22,171.59,174.13,178.39,168.78,990643,30.5245,3.0865,0.1011154973873446
132,2020-07-23,169.97,171.48,174.61,163.0,1148967,31.0572,3.1404,0.10111664927939415
133,2020-07-24,168.35,156.85,168.35,155.93,1218426,29.8497,3.0183,0.1011165941366245
134,2020-07-27,159.17,160.41,163.76,157.01,768079,33.1347,3.3505,0.10111755953728266
135,2020-07-28,164.03,163.76,164.46,159.17,763843,32.8861,3.3253,0.10111566893003426
136,2020-07-29,162.63,177.85,179.04,161.22,1323159,32.9927,3.3361,0.10111630754682097
137,2020-07-30,178.5,173.21,178.5,172.83,879616,33.117,3.3487,0.10111725095872212
138,2020-07-31,175.86,181.04,183.47,175.1,1215314,31.9983,3.2356,0.10111787188694399
139,2020-08-03,184.55,189.46,197.02,184.33,1194880,32.6908,3.3056,0.10111713387252683
140,2020-08-04,189.3,183.69,189.3,181.63,875143,32.531,3.2894,0.10111585871937537
141,2020-08-05,186.93,181.96,186.93,178.61,700970,32.6553,3.302,0.10111681717822223
142,2020-08-06,180.23,181.31,185.41,179.26,617175,32.4422,3.2804,0.10111521413467645
143,2020-08-07,182.82,169.65,182.82,167.59,1165371,31.4656,3.3096,0.10518153157734161
144,2020-08-10,164.57,163.06,166.73,158.09,1048488,30.4534,3.2032,0.10518365765398938
145,2020-08-11,164.57,160.79,167.11,160.25,620635,110.5242,3.2175,0.02911127155862698
146,2020-08-12,160.95,165.65,166.41,156.26,866442,109.836,3.1975,0.029111584544229577
147,2020-08-13,165.81,162.3,166.57,161.38,506775,111.3501,3.2415,0.02911088539660045
148,2020-08-14,162.3,166.19,166.89,161.38,556007,116.0298,3.3778,0.02911148687664721
149,2020-08-17,166.08,173.59,173.64,164.3,713631,116.718,3.3978,0.029111191075926593
150,2020-08-18,176.45,170.89,176.45,168.89,660307,116.4427,3.3898,0.029111313976745646
151,2020-08-19,170.89,169.43,179.15,168.94,963899,116.1674,3.3818,0.029111437460079163
152,2020-08-20,165.7,175.37,177.53,163.92,953591,109.7672,3.1955,0.029111610754396576
153,2020-08-21,178.61,177.21,183.36,175.91,1049685,109.2855,3.1814,0.029110906753411936
154,2020-08-24,178.45,194.92,201.18,177.75,1537922,108.9414,3.1714,0.029111063379027625
155,2020-08-25,195.35,202.21,210.04,190.22,1593965,109.2855,3.1814,0.029110906753411936
156,2020-08-26,200.48,187.79,201.24,185.63,1495167,121.3977,3.534,0.029110930437726577
157,2020-08-27,187.79,188.11,192.54,183.9,925240,123.3935,3.5921,0.029110933720171643
158,2020-08-28,185.47,195.03,195.13,182.82,1025724,127.4538,3.7103,0.029110940591806602
159,2020-08-31,195.89,190.06,198.91,190.06,856102,124.9763,3.6382,0.029111119468251182
160,2020-09-01,186.6,199.83,217.16,183.9,1645277,116.6492,3.3958,0.029111215507693154
161,2020-09-02,196.81,202.05,208.85,195.51,1303646,114.5846,3.3357,0.029111241824817648
162,2020-09-03,198.81,199.94,206.15,194.38,956011,105.7757,3.0793,0.029111601246789194
163,2020-09-04,191.03,194.11,197.83,190.06,848308,100.2013,2.917,0.029111398754307575
164,2020-09-07,193.89,184.55,197.29,181.63,1001583,99.169,2.8869,0.02911091167602779
165,2020-09-08,186.33,187.79,187.95,180.12,705383,101.2336,2.947,0.029110888084588518
166,2020-09-09,182.93,179.2,185.63,176.99,918027,103.4358,3.0111,0.02911081076377811
167,2020-09-10,181.85,175.96,183.63,175.42,730635,107.9091,3.1414,0.02911153924923848
168,2020-09-11,176.02,188.17,189.57,174.61,985216,98.0679,2.8549,0.029111462568281777
169,2020-09-14,190.38,194.7,196.21,187.79,1012740,97.3797,2.8348,0.0291107900311872
170,2020-09-15,192.16,188.76,192.54,187.3,677087,108.1844,3.1494,0.02911140608072883
171,2020-09-16,187.25,182.12,190.6,180.93,631623,105.7757,3.0793,0.029111601246789194
172,2020-09-17,180.23,182.5,186.33,179.37,571198,104.1928,3.0332,0.029111416527821496
173,2020-09-18,182.01,188.92,189.9,181.47,658796,104.5369,3.0432,0.029111251625024273
174,2020-09-21,188.55,183.2,189.95,182.44,515584,110.2489,3.2095,0.029111401565004275
175,2020-09-22,183.47,182.77,188.06,181.96,467528,122.4988,3.5661,0.029111305580136294
176,2020-09-23,183.36,184.01,187.09,180.07,489282,124.9763,3.6382,0.029111119468251182
177,2020-09-24,181.2,175.8,183.69,175.8,601015,126.0086,3.6683,0.02911150508774798
178,2020-09-25,178.07,174.99,178.23,172.72,407223,130.069,3.7865,0.029111471603533515
179,2020-09-28,177.1,176.83,179.42,175.96,356903,123.944,3.6082,0.02911153424127025
180,2020-09-29,178.88,178.12,179.85,176.88,332756,134.7487,3.9227,0.029111227047088392
181,2020-09-30,179.69,177.1,180.55,176.07,359149,137.0198,3.9888,0.02911112116642996
182,2020-10-09,184.17,196.7,196.75,182.88,1142422,134.5423,3.9167,0.0291112906498551
183,2020-10-12,198.59,200.53,200.59,192.81,1091162,139.4284,4.0589,0.02911099890696587
184,2020-10-13,200.48,198.43,211.55,196.59,1085038,137.5703,4.0048,0.029110934554914834
185,2020-10-14,193.73,191.89,197.83,190.0,886898,133.9917,3.9007,0.02911150466782644
186,2020-10-15,193.14,194.92,196.7,190.76,649272,138.8091,4.0409,0.029111203804361527
187,2020-10-16,194.54,191.79,196.65,189.03,497436,149.0632,4.3394,0.02911114211958418
188,2020-10-19,198.05,192.16,199.99,191.57,568445,152.7794,4.4476,0.029111254527770105
189,2020-10-20,191.73,197.89,198.43,188.11,613561,155.601,4.5297,0.029110995430620627
190,2020-10-21,198.48,192.43,198.48,189.68,519517,153.1235,4.4576,0.029111142313230823
191,2020-10-22,189.9,190.22,192.76,188.65,300932,150.7149,4.3875,0.02911125575507133
192,2020-10-23,193.73,185.68,196.16,181.47,575466,145.8975,4.2473,0.029111533782278654
193,2020-10-26,182.98,189.19,190.71,181.96,434542,149.1509,4.6358,0.03108127406539283
194,2020-10-27,189.25,188.49,190.6,184.12,578322,149.7515,4.6545,0.031081491671201958
195,2020-10-28,189.95,202.1,204.37,188.87,1440912,142.9446,4.4429,0.03108127204525389
196,2020-10-29,198.59,200.59,201.45,197.51,824750,138.7404,4.3122,0.031081069392909347
197,2020-10-30,198.1,183.09,199.02,181.85,1438622,137.8061,4.2832,0.031081352712252944
198,2020-11-02,181.31,183.58,187.84,180.77,642543,137.9395,4.2873,0.031081017402556917
199,2020-11-03,182.77,183.2,185.47,180.23,581810,128.797,4.0032,0.03108146928888095
200,2020-11-04,183.47,183.2,185.63,181.09,567788,128.53,3.9949,0.031081459581420678
201,2020-11-05,186.17,185.31,188.22,182.39,691799,133.4016,4.1463,0.03108133635578584
202,2020-11-06,185.63,183.2,186.06,181.36,490485,133.5351,4.1504,0.03108096672710022
203,2020-11-09,186.17,190.33,195.3,186.17,1100804,131.5998,4.0903,0.031081354226982112
204,2020-11-10,187.25,184.87,187.25,182.93,662314,124.1923,3.86,0.031080831903427183
205,2020-11-11,181.31,181.42,183.31,180.23,461821,138.0063,4.2894,0.031081189771771284
206,2020-11-12,183.15,181.8,183.69,180.28,260842,143.8122,4.4699,0.031081507688499307
207,2020-11-13,180.72,175.8,180.72,174.07,542581,134.6028,4.1836,0.031081077065261645
208,2020-11-16,175.69,167.7,177.31,164.84,746259,129.5978,4.0281,0.03108154613735727
209,2020-11-17,167.81,172.78,172.94,160.9,766354,117.7858,3.6609,0.031080996181203507
210,2020-11-18,169.97,171.32,173.75,167.81,430130,118.8536,3.6941,0.031081094724938918
211,2020-11-19,168.89,171.43,175.26,168.4,343717,116.1175,3.6091,0.031081447671539603
212,2020-11-20,171.48,171.43,174.61,170.51,294533,111.3126,3.4597,0.031080937827343894
213,2020-11-23,169.97,170.4,171.43,166.24,409952,113.5816,3.5303,0.031081618853758004
214,2020-11-24,168.78,168.73,170.94,165.7,366338,107.1084,3.3291,0.031081595841222536
215,2020-11-25,168.35,167.43,170.78,167.27,341511,107.442,3.3394,0.03108095530611865
216,2020-11-26,167.27,171.43,172.83,166.19,474955,101.9698,3.1693,0.03108077097336662
217,2020-11-27,171.59,177.31,179.15,170.35,609920,105.9739,3.2938,0.03108123792745195
218,2020-11-30,179.64,180.88,182.39,176.99,717267,105.7737,3.2876,0.031081450303808978
219,2020-12-01,180.77,181.58,181.63,177.69,458217,101.169,3.1445,0.03108165544781504
