,日期,开盘,收盘,最高,最低,成交量,pe,pb,roe
0,2020-01-03,66.23,67.16,68.83,64.71,251433,105.6261,11.9532,0.11316521200725958
1,2020-01-06,64.53,68.06,69.03,64.36,161050,105.5645,11.9462,0.11316493707638457
2,2020-01-07,67.16,69.88,71.45,66.75,141938,98.5433,11.1516,0.11316446678769637
3,2020-01-08,68.61,66.86,69.97,66.36,127614,99.8059,11.2945,0.11316465259067851
4,2020-01-09,67.74,67.15,68.52,65.17,131073,96.1875,10.885,0.11316439246263807
5,2020-01-10,67.15,66.74,67.88,66.01,76424,102.8546,11.6395,0.11316460323602444
6,2020-01-13,66.79,67.88,69.22,66.31,95810,109.0135,12.3365,0.11316488324840501
7,2020-01-14,68.95,70.56,74.22,67.69,167105,109.5678,12.3992,0.11316463413521126
8,2020-01-15,71.48,70.31,72.18,68.37,108836,108.2898,12.2546,0.11316485947891676
9,2020-01-16,68.85,68.66,71.24,68.11,90645,107.2274,12.1344,0.11316510518766658
10,2020-01-17,68.81,68.27,70.48,67.42,97733,107.0273,12.1117,0.11316458511052789
11,2020-01-20,68.27,69.85,70.72,67.01,93341,108.0897,12.2319,0.1131643440586846
12,2020-01-21,69.59,72.89,74.35,68.79,122674,107.5662,12.1727,0.11316473018476066
13,2020-01-22,72.67,75.75,76.77,70.32,106054,110.2145,12.4724,0.1131647832181791
14,2020-01-23,75.54,78.45,81.12,74.35,143345,108.8595,12.3191,0.1131651348756884
15,2020-02-03,71.65,71.16,77.46,70.63,162953,113.4326,12.8366,0.11316499842197042
16,2020-02-04,72.98,78.25,78.25,71.92,164060,121.3314,13.7304,0.11316444053229419
17,2020-02-05,77.45,76.95,81.58,76.09,177995,121.8857,13.7932,0.11316503904887941
18,2020-02-06,76.43,83.4,84.62,74.68,209419,122.902,13.9082,0.11316496070039544
19,2020-02-07,83.4,85.86,91.3,81.87,212699,122.4093,13.8524,0.11316460432336431
20,2020-02-10,85.44,86.54,87.83,82.97,158596,121.3006,13.727,0.11316514510233255
21,2020-02-11,85.81,83.89,86.93,81.54,145161,121.2237,13.7183,0.11316516489762316
22,2020-02-12,84.26,88.28,89.52,82.87,139031,113.9407,12.8941,0.11316500600751092
23,2020-02-13,88.33,87.14,88.33,84.54,125122,117.3281,13.9728,0.11909167539574918
24,2020-02-14,85.64,84.16,87.27,82.85,147341,112.7089,13.4227,0.11909174874388802
25,2020-02-17,85.0,86.63,88.29,83.35,126551,111.7851,13.3127,0.11909190044111424
26,2020-02-18,88.09,87.99,89.33,85.06,122076,110.5533,13.166,0.11909187694985135
27,2020-02-19,86.76,83.82,87.61,82.05,138475,111.2769,13.2522,0.11909210267360072
28,2020-02-20,84.25,84.16,84.67,82.55,132984,115.0339,13.6996,0.11909185031542875
29,2020-02-21,84.08,84.96,85.73,82.24,117564,119.3452,14.213,0.11909150933594312
30,2020-02-24,84.93,83.47,84.93,81.53,153038,119.9457,14.2845,0.11909138885345619
31,2020-02-25,81.92,81.17,83.13,77.72,198702,117.2511,13.9636,0.11909142003785039
32,2020-02-26,81.95,77.46,82.67,76.6,216165,116.4967,13.8738,0.11909178543254872
33,2020-02-27,79.15,77.26,79.28,75.95,121467,120.7001,14.3744,0.11909186487832238
34,2020-02-28,74.91,75.19,79.56,74.37,195236,117.8362,14.0333,0.11909158645645396
35,2020-03-02,76.95,75.75,77.69,72.7,204961,114.3102,13.6134,0.11909173459586285
36,2020-03-03,77.28,77.01,78.98,75.83,127860,115.4804,13.7528,0.11909207103543112
37,2020-03-04,76.78,78.94,79.25,75.14,128460,106.088,12.6342,0.11909169745871352
38,2020-03-05,79.9,82.36,84.4,79.59,178484,103.7784,12.3592,0.11909221957555714
39,2020-03-06,81.03,80.1,82.34,79.39,70062,106.5653,12.6911,0.11909223734179888
40,2020-03-09,77.7,73.47,79.01,73.32,116906,103.0547,12.273,0.11909209381037449
41,2020-03-10,72.3,76.17,77.46,72.3,119540,99.6211,11.8641,0.11909224049925167
42,2020-03-11,76.73,74.71,77.57,73.93,88501,96.6956,11.5156,0.11909125130822912
43,2020-03-12,75.07,71.5,75.41,70.05,121030,99.6981,11.8732,0.11909153735126347
44,2020-03-13,67.04,72.35,73.37,67.04,133559,97.989,11.6697,0.11909193889110002
45,2020-03-16,73.37,68.95,73.88,68.64,82115,98.6203,11.7449,0.11909211389541503
46,2020-03-17,70.17,72.52,72.65,67.93,104758,102.2849,12.1813,0.11909186986544447
47,2020-03-18,73.35,73.72,76.34,71.67,101293,100.6527,11.9869,0.11909168854884172
48,2020-03-19,74.66,72.52,75.73,70.92,92615,103.6244,12.3408,0.11909164250890718
49,2020-03-20,73.54,74.86,76.05,72.82,82765,102.5466,12.2125,0.11909219808360297
50,2020-03-23,72.36,72.35,74.42,71.21,51490,102.9316,12.2583,0.11909170750284655
51,2020-03-24,74.22,74.9,75.07,71.58,78571,103.3781,12.3115,0.11909195467898907
52,2020-03-25,75.99,76.77,77.96,75.22,70448,98.8512,11.7724,0.11909213039396586
53,2020-03-26,75.97,79.28,80.85,75.97,83185,98.8512,11.7724,0.11909213039396586
54,2020-03-27,80.03,77.07,80.35,76.0,62041,104.0556,12.3922,0.11909210076151597
55,2020-03-30,75.07,74.73,75.92,69.47,125974,103.0085,12.2675,0.11909211375760254
56,2020-03-31,74.27,74.37,75.51,72.72,62265,112.7551,13.4282,0.11909173066229377
57,2020-04-01,74.08,71.07,75.49,70.63,75760,112.4317,13.3897,0.11909185754551428
58,2020-04-02,69.9,71.84,72.01,69.54,67581,112.2624,13.3695,0.11909152129297076
59,2020-04-03,72.35,70.14,72.6,69.12,84114,113.0168,13.4594,0.11909202879571887
60,2020-04-07,71.67,74.42,74.95,70.92,72364,109.3215,13.0193,0.11909185292920423
61,2020-04-08,74.22,70.68,74.34,70.39,85501,108.9057,12.9698,0.11909202181336698
62,2020-04-09,71.48,70.49,72.36,67.93,107175,102.0847,12.1574,0.11909130359397639
63,2020-04-10,70.61,68.23,70.97,67.04,95474,102.3926,13.0309,0.12726407963075456
64,2020-04-13,68.27,68.27,68.74,67.35,45376,97.0805,12.3549,0.1272644866888819
65,2020-04-14,68.74,70.95,70.95,68.28,62869,97.6964,12.4333,0.12726466891308175
66,2020-04-15,70.95,70.51,72.13,69.95,42740,94.386,12.012,0.12726463670459603
67,2020-04-16,69.98,72.5,73.08,69.98,60955,91.7377,11.6749,0.12726392748019624
68,2020-04-17,73.33,73.27,75.49,71.68,61143,93.9703,11.9591,0.12726467830793348
69,2020-04-20,73.57,73.66,75.0,72.16,37084,98.3277,12.5136,0.127264239883573
70,2020-04-21,73.54,72.16,74.56,71.11,38058,97.9582,12.4666,0.12726448628088305
71,2020-04-22,71.31,74.54,74.69,71.14,37399,98.4201,12.5254,0.12726465427285685
72,2020-04-23,75.24,74.74,76.04,73.16,41782,97.1421,12.1251,0.12481817872992246
73,2020-04-24,74.22,75.49,76.12,72.93,59355,94.54,11.8003,0.12481806642690924
74,2020-04-27,75.44,73.37,75.58,72.48,56375,96.3569,12.0271,0.12481825380434615
75,2020-04-28,73.83,74.78,76.22,70.99,80425,99.036,12.3615,0.12481824790985095
76,2020-04-29,74.42,79.44,80.59,74.42,87785,100.9453,12.5998,0.12481809455219807
77,2020-04-30,80.15,79.25,81.02,78.31,54772,99.4671,12.4153,0.12481815595307393
78,2020-05-06,79.49,80.17,80.68,78.26,63497,105.4413,13.161,0.12481826381123905
79,2020-05-07,80.17,79.95,80.64,77.74,62340,103.5936,12.9304,0.12481852160751244
80,2020-05-08,79.93,81.02,83.14,79.32,74472,107.7817,13.4532,0.12481896277382896
81,2020-05-11,82.24,81.68,83.21,80.73,57030,104.8254,13.0842,0.12481898471172062
82,2020-05-12,82.24,82.8,84.81,80.42,64128,102.639,12.8112,0.1248180516178061
83,2020-05-13,83.21,83.57,84.69,82.05,52272,106.1188,13.2456,0.12481859953184544
84,2020-05-14,83.14,82.8,84.37,82.28,55005,100.6065,12.5576,0.12481897292918451
85,2020-05-15,83.23,83.82,84.4,82.45,53370,98.5433,12.3,0.12481822711437511
86,2020-05-18,83.31,83.99,85.2,82.96,51201,99.5595,12.4269,0.12481882693263827
87,2020-05-19,84.76,87.17,89.09,83.7,67982,107.0119,13.3571,0.12481882856018818
88,2020-05-20,87.24,85.11,87.92,84.84,54817,108.3514,13.5243,0.12481887635969632
89,2020-05-21,85.08,83.14,86.78,83.02,82564,107.3198,13.3955,0.1248185330200019
90,2020-05-22,83.91,80.56,83.91,79.74,61912,107.7971,13.4551,0.12481875671980044
91,2020-05-25,80.69,79.88,81.66,78.31,58361,107.6739,13.4397,0.1248185493420411
92,2020-05-26,80.81,82.45,83.94,80.18,68329,105.6261,13.1841,0.12481858177098276
93,2020-05-27,82.33,85.44,87.6,82.19,87969,107.7663,13.4512,0.12481824095287673
94,2020-05-28,85.25,85.71,86.0,83.14,48501,111.7235,13.9452,0.12481886084843385
95,2020-05-29,85.39,90.37,90.37,84.42,79625,113.7713,14.2008,0.12481882513428254
96,2020-06-01,91.47,97.98,98.02,89.57,95531,112.17,14.0009,0.12481857894267628
97,2020-06-02,97.39,91.98,97.39,91.27,93445,103.0393,12.8612,0.12481839453490076
98,2020-06-03,93.24,90.08,93.63,89.55,96050,98.4047,12.2827,0.12481822514575015
99,2020-06-04,90.67,89.69,91.15,88.43,70170,97.0036,12.1078,0.1248180479899715
100,2020-06-05,89.33,91.27,92.82,89.33,54526,93.262,11.6408,0.12481825395123416
101,2020-06-08,91.71,87.82,91.73,87.04,68394,94.8479,11.8388,0.12481878881872979
102,2020-06-09,88.48,88.29,89.35,86.97,60794,94.5554,11.8023,0.12481888924376609
103,2020-06-10,88.43,90.83,91.3,87.29,80475,96.2491,12.0137,0.12481882947476912
104,2020-06-11,90.84,90.01,94.4,89.01,80201,100.391,12.5307,0.12481895787470987
105,2020-06-12,87.82,96.13,98.99,86.97,137145,97.4501,12.1636,0.12481875339276204
106,2020-06-15,103.8,102.37,105.5,99.38,218002,96.8496,12.0886,0.12481827493350514
107,2020-06-16,104.17,102.61,104.92,99.72,112109,98.2815,12.2674,0.12481901476880188
108,2020-06-17,105.6,106.76,109.41,104.14,126507,98.1584,12.252,0.1248186604508631
109,2020-06-18,106.01,112.67,114.64,104.22,119408,100.2986,12.5191,0.12481829257836102
110,2020-06-19,110.77,111.01,114.66,109.12,101798,101.8075,12.7075,0.12481889841121724
111,2020-06-22,110.94,108.64,110.94,105.67,106282,96.4493,12.0387,0.12481894632724137
112,2020-06-23,108.63,108.78,110.77,106.99,93928,92.6923,11.5697,0.12481835060733198
113,2020-06-24,109.07,107.2,109.83,106.21,79008,92.4767,11.5428,0.12481846778702095
114,2020-06-29,106.69,107.86,110.39,106.26,81840,86.8259,10.8375,0.12481874648002497
115,2020-06-30,108.22,111.11,115.15,108.22,105039,81.2828,10.1456,0.12481853479456909
116,2020-07-01,113.16,106.53,113.3,105.02,124391,82.0219,10.2379,0.1248191031907332
117,2020-07-02,106.48,104.66,107.76,103.63,117349,79.7277,9.9515,0.12481860131422329
118,2020-07-03,104.53,104.99,106.31,101.54,99353,79.2966,9.8977,0.12481871858314228
119,2020-07-06,104.82,103.24,104.82,98.12,192619,82.4222,10.2878,0.1248183135126216
120,2020-07-07,101.03,107.37,109.82,101.03,174888,80.9903,10.1091,0.12481865112241836
121,2020-07-08,107.47,108.91,110.22,105.0,139455,81.3444,10.1533,0.12481867221345293
122,2020-07-09,108.39,114.03,114.15,108.05,142114,83.0689,10.3685,0.12481807270831803
123,2020-07-10,113.03,124.11,125.39,112.47,216152,88.5042,11.047,0.12481893514658063
124,2020-07-13,122.67,125.88,130.27,117.45,175974,81.6062,10.186,0.12481894757996329
125,2020-07-14,124.33,123.62,128.28,119.57,151020,77.3873,9.6594,0.12481893023790726
126,2020-07-15,122.62,119.25,126.03,117.82,96688,77.1409,9.6286,0.12481835187300122
127,2020-07-16,119.27,116.89,125.01,116.29,112096,74.431,9.2904,0.12481895984200132
128,2020-07-17,117.79,119.15,120.97,115.87,106815,72.106,9.0002,0.12481901644800711
129,2020-07-20,119.27,119.28,120.85,112.82,109258,72.7219,9.077,0.12481797092760227
130,2020-07-21,117.57,118.76,119.49,114.52,104791,75.0623,9.3692,0.12481898369754191
131,2020-07-22,117.57,119.9,122.6,116.41,108544,76.8484,9.5921,0.12481847377434013
132,2020-07-23,119.59,118.42,122.46,115.36,102295,78.7115,9.8246,0.12481784745558146
133,2020-07-24,118.23,110.19,120.78,109.41,143329,75.8321,9.4653,0.12481917288325128
134,2020-07-27,110.24,109.07,115.15,108.2,125693,75.6782,9.446,0.12481797928597667
135,2020-07-28,110.55,111.35,111.75,106.98,92374,74.7543,9.3307,0.12481823788063028
136,2020-07-29,111.35,117.43,119.52,111.33,133814,75.4472,9.4172,0.12481841605785238
137,2020-07-30,117.91,113.59,118.47,113.59,102304,74.7543,9.3307,0.12481823788063028
138,2020-07-31,114.66,116.0,118.16,113.49,83052,73.7381,9.2039,0.12481878431909692
139,2020-08-03,116.8,119.27,120.2,113.83,109107,73.1376,9.1289,0.12481815099210254
140,2020-08-04,119.86,114.64,120.03,113.96,110625,72.1676,9.0078,0.1248177852665185
141,2020-08-05,114.68,116.68,117.02,111.89,96866,72.3677,9.0328,0.12481811636959583
142,2020-08-06,116.6,110.09,116.6,109.05,144923,71.5363,8.9291,0.12481914776134634
143,2020-08-07,109.02,111.72,114.44,108.9,108335,71.7056,8.9502,0.1248187031417351
144,2020-08-10,112.25,109.61,114.81,109.1,68327,67.4868,8.4236,0.12481848302186502
145,2020-08-11,110.17,106.65,111.16,106.42,100531,66.2088,8.2641,0.12481875521078768
146,2020-08-12,106.6,104.65,107.37,101.93,118496,91.0173,8.9686,0.09853731103867067
147,2020-08-13,105.67,107.52,108.44,104.82,86452,90.1123,8.8794,0.09853704766163998
148,2020-08-14,107.42,109.1,110.36,106.69,67781,89.8654,8.8551,0.0985373681083042
149,2020-08-17,109.03,108.59,109.92,106.45,104088,86.9858,8.5714,0.09853792228156781
150,2020-08-18,109.53,109.0,110.19,108.05,60039,88.7959,8.7497,0.09853720723591967
151,2020-08-19,109.03,104.19,109.24,104.19,95507,88.3228,8.7031,0.09853741049876136
152,2020-08-20,104.19,101.72,104.56,100.96,89506,87.3972,8.6119,0.09853748174998742
153,2020-08-21,102.13,104.65,107.08,101.59,139109,84.9906,8.3748,0.09853795596218877
154,2020-08-24,106.53,108.3,111.09,103.13,135834,85.5254,8.4275,0.09853797819127416
155,2020-08-25,109.27,107.62,109.88,107.08,56590,82.2755,8.1072,0.09853723161816096
156,2020-08-26,107.62,113.49,114.68,106.82,149221,82.2344,8.1032,0.09853783817964258
157,2020-08-27,113.66,113.15,115.85,109.27,139423,84.97,8.3727,0.09853713075203013
158,2020-08-28,114.05,120.68,120.8,113.15,144287,85.1963,8.395,0.09853714304494444
159,2020-08-31,117.74,121.14,124.28,117.74,156196,89.7215,8.8409,0.09853713992744213
160,2020-09-01,119.85,125.22,125.9,119.13,117985,84.5381,8.3302,0.09853781904253821
161,2020-09-02,126.41,124.38,127.53,121.31,107337,86.595,8.5329,0.09853802182574052
162,2020-09-03,124.38,124.57,127.77,123.45,88301,85.6694,8.4417,0.09853810111895264
163,2020-09-04,122.04,124.93,125.34,121.07,73691,89.6597,8.8349,0.09853813920858534
164,2020-09-07,122.91,114.17,124.47,114.03,153397,90.0917,8.8774,0.09853737913703481
165,2020-09-08,114.24,115.32,119.42,114.22,95380,92.9302,9.1571,0.09853739688497389
166,2020-09-09,115.15,109.58,115.87,108.57,89928,95.6042,9.4206,0.09853751195031181
167,2020-09-10,110.31,109.58,112.13,109.24,64446,92.56,9.1206,0.0985371650821089
168,2020-09-11,111.62,114.58,115.66,108.91,72042,90.2974,8.8977,0.09853772090890768
169,2020-09-14,115.85,114.08,115.85,111.11,61512,87.2121,8.5937,0.09853793223646719
170,2020-09-15,114.85,113.66,115.71,112.74,54405,90.2562,8.8936,0.09853727500160653
171,2020-09-16,112.64,114.85,115.02,111.79,49048,87.4177,8.6139,0.09853725275316097
172,2020-09-17,114.81,111.57,115.19,111.43,43269,88.8781,8.7578,0.09853720995385815
173,2020-09-18,110.94,113.66,114.13,110.6,41306,87.4177,8.6139,0.09853725275316097
174,2020-09-21,113.69,109.32,114.81,109.24,62421,83.0983,8.1883,0.09853751520789235
175,2020-09-22,108.93,108.63,111.57,107.66,53848,87.2121,8.5937,0.09853793223646719
176,2020-09-23,109.65,110.51,112.21,108.73,46967,86.1836,8.4923,0.09853730872230912
177,2020-09-24,109.83,107.2,111.04,106.59,44122,90.0711,8.8754,0.09853771076405196
178,2020-09-25,108.81,110.43,111.57,108.49,45039,91.84,9.0497,0.09853767421602787
179,2020-09-28,113.16,114.22,115.83,110.63,70010,88.5696,8.7274,0.09853719560661897
180,2020-09-29,114.97,118.09,119.01,113.91,66344,96.5915,9.5179,0.09853765600492796
181,2020-09-30,118.79,115.02,118.88,113.78,75967,99.3271,9.7875,0.0985380626233928
182,2020-10-09,117.14,117.57,117.91,114.34,66302,95.1928,9.3801,0.09853791463219908
183,2020-10-12,117.23,127.94,127.94,116.43,104403,92.8479,9.149,0.09853750057890377
184,2020-10-13,127.94,126.65,131.68,124.27,61724,91.3258,8.999,0.09853732461144606
185,2020-10-14,128.82,130.54,135.3,128.82,86172,90.6471,9.1211,0.10062208278036475
186,2020-10-15,133.7,133.7,139.38,132.8,107435,93.1565,9.3736,0.10062207146039193
187,2020-10-16,132.85,129.06,133.7,128.11,82894,93.4033,9.3985,0.10062278313507125
188,2020-10-19,131.32,129.89,132.09,128.5,67841,97.8873,9.8496,0.1006218375621761
189,2020-10-20,131.34,132.87,133.43,130.01,51733,100.6641,10.1291,0.1006227642227964
190,2020-10-21,133.0,132.2,135.01,131.27,45130,102.4742,10.3112,0.10062240056521544
191,2020-10-22,133.92,127.44,133.92,125.85,85090,101.5074,10.2139,0.10062222064598246
192,2020-10-23,127.99,123.3,128.7,122.84,66647,101.096,10.1725,0.10062218089736487
193,2020-10-26,123.96,122.5,124.45,119.47,70869,106.1354,10.6796,0.10062241250327413
194,2020-10-27,122.84,123.86,125.86,121.14,86122,104.4899,10.514,0.10062216539588993
195,2020-10-28,124.2,124.88,128.12,122.51,78547,101.5074,10.2139,0.10062222064598246
196,2020-10-29,124.3,129.98,130.78,122.29,77530,105.107,10.5761,0.10062222306792126
197,2020-10-30,129.45,126.24,129.76,124.88,57296,106.4851,10.7148,0.10062252841007803
198,2020-11-02,128.79,134.28,137.0,128.01,109402,101.1783,10.1808,0.10062236665371924
199,2020-11-03,136.32,134.36,136.32,130.27,69089,104.3871,10.5037,0.10062258650733663
200,2020-11-04,135.13,135.59,136.37,131.15,58590,103.5643,10.4209,0.1006225118115026
201,2020-11-05,137.25,136.13,138.68,134.06,53704,100.5818,10.1208,0.10062257784211456
202,2020-11-06,135.28,135.01,137.12,131.78,51892,92.7862,9.3364,0.10062272191338799
203,2020-11-09,135.6,134.4,138.89,132.65,78326,94.3495,9.4937,0.10062268480490093
204,2020-11-10,133.6,125.68,133.6,124.11,164740,85.7722,8.6306,0.10062234616810574
205,2020-11-11,125.03,120.63,126.17,119.95,129005,94.5963,9.5185,0.10062232878030113
206,2020-11-12,121.68,122.12,122.84,120.0,56203,91.3258,9.1894,0.10062216810583646
207,2020-11-13,122.12,119.2,122.12,117.75,84137,87.8703,8.8417,0.10062216698930126
208,2020-11-16,120.46,119.78,121.31,118.25,62229,84.1884,8.4712,0.10062193841431835
209,2020-11-17,122.5,118.6,122.84,113.66,128370,82.2755,8.2788,0.10062290718379105
210,2020-11-18,120.19,118.83,122.6,116.38,108398,82.7486,8.3264,0.10062285041680463
211,2020-11-19,117.74,120.0,120.8,115.31,65143,84.7438,8.5271,0.10062211040807707
212,2020-11-20,120.29,121.41,124.79,120.13,81117,85.0523,8.5582,0.10062279326955297
213,2020-11-23,120.32,120.8,123.11,117.58,72599,81.8024,8.2311,0.10062174214937458
214,2020-11-24,118.83,114.0,121.14,113.54,200968,80.4243,8.0925,0.10062257302830113
215,2020-11-25,111.86,106.64,114.3,106.59,227579,80.918,8.1422,0.10062285276452705
216,2020-11-26,106.98,110.63,110.72,104.85,157843,80.5683,8.107,0.10062270148433068
217,2020-11-27,110.26,109.24,111.28,108.15,73970,84.2296,8.4754,0.10062258398472745
218,2020-11-30,109.63,116.99,116.99,108.39,137316,82.0287,8.2539,0.10062209933840228
219,2020-12-01,114.37,117.06,117.4,112.81,97160,80.9385,8.1442,0.10062207725618832
