,日期,开盘,收盘,最高,最低,成交量,pe,pb,roe
0,2020-01-03,550.76,553.03,559.02,545.12,121498,75.7497,11.3546,0.1498963032196827
1,2020-01-06,561.3,561.06,582.63,551.95,223694,73.9084,11.0786,0.14989635819473834
2,2020-01-07,561.06,553.27,563.22,537.58,146123,74.1899,11.1208,0.1498964144715116
3,2020-01-08,553.03,543.57,561.54,542.49,132403,73.8849,11.0751,0.14989666359432036
4,2020-01-09,551.95,553.39,561.42,546.92,140766,74.2368,11.1278,0.14989600844864004
5,2020-01-10,553.15,545.0,553.75,537.58,140750,76.7461,11.5463,0.15044803579595575
6,2020-01-13,550.28,546.2,559.74,538.53,231840,76.464,13.1197,0.17158008997698262
7,2020-01-14,551.95,549.92,568.73,548.48,231469,75.0257,12.8729,0.1715798719638737
8,2020-01-15,545.96,522.36,545.96,510.02,272565,75.3824,12.9341,0.17157983826463472
9,2020-01-16,522.96,522.0,533.5,520.8,156312,74.4618,12.7762,0.17158059568799036
10,2020-01-17,525.71,515.89,528.59,509.54,154087,74.6805,12.8137,0.17158026526335524
11,2020-01-20,515.17,529.79,538.3,512.89,223004,78.2476,13.4257,0.17157970340304368
12,2020-01-21,530.99,522.0,533.14,514.69,223798,78.7079,13.5047,0.1715799811708863
13,2020-01-22,522.24,549.8,555.31,522.12,266923,80.0657,13.7377,0.17158033964606564
14,2020-01-23,541.17,533.86,562.38,522.36,228200,77.4767,13.2935,0.17158061714037898
15,2020-02-03,481.14,500.43,532.78,481.14,218783,78.4432,13.4593,0.17158020070573357
16,2020-02-04,522.0,539.49,546.56,516.97,200255,76.8093,13.1789,0.1715794832136213
17,2020-02-05,557.94,548.12,576.75,539.13,264831,76.8668,13.1888,0.17157992787523355
18,2020-02-06,523.32,541.89,547.4,519.6,270331,77.6378,13.3211,0.17158008083691192
19,2020-02-07,537.58,515.41,537.58,510.38,229461,76.6942,13.1592,0.1715801194875232
20,2020-02-10,516.01,558.78,561.18,514.45,285438,76.1534,13.0664,0.1715799951151229
21,2020-02-11,558.54,564.65,579.51,547.4,339820,75.9462,13.0309,0.17158067158067158
22,2020-02-12,565.13,616.65,620.49,556.99,455731,69.0075,11.8403,0.1715799007354273
23,2020-02-13,607.07,600.96,632.23,599.88,327673,67.3275,12.7248,0.1889985518547399
24,2020-02-14,598.56,594.61,609.34,587.9,210669,66.8327,12.6313,0.18899879849235476
25,2020-02-17,594.73,606.83,608.62,592.45,238698,66.7406,12.6139,0.18899890021965637
26,2020-02-18,608.15,603.47,621.8,590.65,198967,66.7406,12.6139,0.18899890021965637
27,2020-02-19,618.09,578.31,622.64,575.68,261628,61.6775,11.657,0.1889992298650237
28,2020-02-20,584.06,581.79,589.45,564.41,228631,63.8639,12.0702,0.1889987927451972
29,2020-02-21,583.34,616.05,628.39,575.92,286954,62.3104,11.7766,0.18899894720624486
30,2020-02-24,629.83,640.61,653.91,602.87,317817,63.5532,12.0115,0.18899913773027952
31,2020-02-25,620.73,689.74,701.72,620.73,349046,61.9997,11.7179,0.18899930160952394
32,2020-02-26,689.5,662.42,689.5,652.36,269197,60.9756,11.5243,0.18899855023976805
33,2020-02-27,709.63,713.82,727.96,691.29,485275,61.4129,11.607,0.18899937960917004
34,2020-02-28,668.89,679.55,691.17,643.13,384695,62.3104,11.7766,0.18899894720624486
35,2020-03-02,677.76,657.51,687.1,627.2,309718,61.1712,11.5613,0.18899907145846412
36,2020-03-03,677.76,653.79,696.33,647.8,227371,61.5625,11.6353,0.18899979695431474
37,2020-03-04,652.83,644.81,669.49,622.4,208330,60.2507,11.3873,0.18899863404076633
38,2020-03-05,649.0,635.58,659.3,626.12,154188,55.6824,10.5239,0.1889986782178929
39,2020-03-06,630.19,637.02,654.63,624.08,154132,55.0955,10.413,0.1889991015600185
40,2020-03-09,613.54,576.75,623.6,574.0,245978,54.1289,10.2303,0.18899885273855555
41,2020-03-10,587.9,597.6,605.87,562.62,234249,53.6226,10.1346,0.18899866847187569
42,2020-03-11,602.15,589.1,615.45,587.9,170006,52.9322,10.0041,0.18899837905849368
43,2020-03-12,574.0,586.22,599.16,570.16,130901,53.2967,10.0564,0.18868710445487244
44,2020-03-13,558.9,592.45,602.87,548.36,161966,53.3773,10.0716,0.18868695119460896
45,2020-03-16,587.06,546.32,590.65,534.58,197748,53.7457,10.1411,0.18868672284480434
46,2020-03-17,550.76,531.11,557.7,510.38,242912,54.6783,10.3171,0.18868728544962077
47,2020-03-18,535.06,513.85,556.51,513.73,184080,54.6092,10.3041,0.18868798663961384
48,2020-03-19,514.93,516.01,534.1,505.95,179012,54.3444,10.2541,0.1886873348495889
49,2020-03-20,531.59,516.01,533.74,506.43,145259,55.3691,10.4474,0.18868646952903334
50,2020-03-23,499.24,475.15,508.22,468.09,214183,49.8656,9.409,0.1886871911698646
51,2020-03-24,486.06,474.91,489.41,450.11,217832,48.3803,9.1288,0.1886883710931929
52,2020-03-25,491.45,493.61,513.13,490.01,229575,46.5957,8.792,0.18868693892354874
53,2020-03-26,494.44,476.95,496.12,476.23,132224,46.7454,8.8203,0.18868808481690177
54,2020-03-27,489.41,470.96,491.81,468.09,152093,48.6451,9.1787,0.18868704144919013
55,2020-03-30,461.5,461.74,470.0,441.73,180413,49.2784,9.2982,0.1886871326991136
56,2020-03-31,468.92,455.63,477.19,455.63,135016,49.9922,9.4329,0.18868743523989745
57,2020-04-01,464.25,466.17,479.35,456.34,230176,51.3739,9.6936,0.1886872516978466
58,2020-04-02,466.41,489.89,490.37,462.09,203788,53.0203,10.0043,0.1886881062536425
59,2020-04-03,495.28,476.47,497.68,470.48,150327,52.3756,9.8826,0.18868709857261778
60,2020-04-07,488.45,493.01,496.84,483.42,143000,51.7423,9.7631,0.1886870123670575
61,2020-04-08,491.57,462.09,491.57,451.31,354341,51.9611,9.8044,0.18868730646579843
62,2020-04-09,466.29,457.66,466.77,452.27,239332,51.6617,9.7479,0.18868717057317122
63,2020-04-10,453.71,458.98,467.37,452.75,193678,51.7769,9.7696,0.18868646056446023
64,2020-04-13,451.91,457.06,459.82,443.04,113388,53.0318,10.0064,0.18868678792724364
65,2020-04-14,463.41,478.63,478.63,460.9,237100,52.341,9.8761,0.18868764448520278
66,2020-04-15,482.34,470.72,487.38,470.0,179980,51.466,9.711,0.18868767730151945
67,2020-04-16,470.48,484.62,488.45,466.89,157153,51.3509,9.6893,0.18868802688949948
68,2020-04-17,492.29,486.42,506.19,483.78,202376,54.5632,10.2954,0.18868761362969916
69,2020-04-20,490.85,499.24,501.63,483.9,109748,57.1652,10.7864,0.18868822290484422
70,2020-04-21,495.04,480.07,499.12,478.27,176311,57.5682,11.2326,0.1951181381387641
71,2020-04-22,471.32,476.23,476.95,465.57,122354,57.0386,11.1293,0.1951187441486993
72,2020-04-23,476.47,463.17,478.75,461.02,133710,57.3955,11.1989,0.1951180841703618
73,2020-04-24,467.37,462.09,472.88,459.46,113518,56.2902,10.9833,0.19511922146306107
74,2020-04-27,462.33,467.61,472.76,454.55,96092,54.9777,10.7272,0.19511911193083742
75,2020-04-28,468.09,433.22,468.09,423.76,443381,54.7128,10.6755,0.1951188752906084
76,2020-04-29,428.67,423.76,434.78,422.08,212292,49.7389,9.705,0.19511891095299655
77,2020-04-30,429.75,462.09,465.33,429.75,313708,50.5449,9.8622,0.19511760830469543
78,2020-05-06,460.9,470.72,472.4,451.91,223580,50.9248,9.9364,0.19511907754178712
79,2020-05-07,474.08,474.08,492.05,469.28,153159,51.5696,10.0622,0.19511882969811672
80,2020-05-08,474.68,474.91,480.07,464.73,144325,51.4545,10.0397,0.19511801688870747
81,2020-05-11,479.83,464.61,483.66,461.38,180566,50.6946,9.8914,0.1951174286807668
82,2020-05-12,463.65,460.3,466.53,452.15,177833,50.6025,9.8735,0.19511881824020552
83,2020-05-13,458.26,474.08,476.47,454.67,178544,50.1304,9.7814,0.19511912931075753
84,2020-05-14,464.97,473.48,497.8,456.94,297353,48.5876,9.4803,0.19511768434744667
85,2020-05-15,472.76,482.82,490.61,467.37,252094,47.7701,9.3208,0.19511786661530958
86,2020-05-18,482.7,464.25,482.82,463.05,180028,49.6814,9.6938,0.19511930018075174
87,2020-05-19,469.76,481.98,483.3,466.89,190647,53.619,10.4621,0.19511926742386093
88,2020-05-20,497.44,519.01,529.55,497.44,594938,57.0731,11.136,0.19511819053109083
89,2020-05-21,519.13,492.89,521.64,492.05,305065,58.1439,11.3449,0.19511763056829695
90,2020-05-22,493.13,471.92,499.12,469.64,225842,56.3593,10.9967,0.19511775341425464
91,2020-05-25,470.24,458.74,471.56,458.74,145918,55.4382,10.817,0.19511816761727474
92,2020-05-26,467.49,503.91,503.91,462.33,401075,56.0024,10.9271,0.19511842349613587
93,2020-05-27,513.49,521.52,540.69,512.18,386141,57.5452,11.2281,0.1951179246922419
94,2020-05-28,533.5,504.03,533.98,498.88,239907,57.7064,11.2596,0.19511873899602125
95,2020-05-29,512.54,510.02,521.04,506.9,215963,61.1259,11.9268,0.19511859948074384
96,2020-06-01,520.8,524.4,535.18,518.41,228658,59.2953,11.1609,0.18822571097540616
97,2020-06-02,531.47,522.0,531.59,517.33,164826,57.833,10.8857,0.18822644510919373
98,2020-06-03,523.92,509.54,525.6,507.38,175017,56.2787,10.5931,0.18822574082201612
99,2020-06-04,511.82,517.93,527.99,511.82,190789,56.3132,10.5996,0.18822585113259413
100,2020-06-05,518.41,535.9,536.74,509.78,152338,55.6799,10.4805,0.18822770874229297
101,2020-06-08,543.69,540.33,559.26,538.77,170169,53.216,10.0167,0.18822722489476848
102,2020-06-09,539.97,546.92,554.95,539.85,110075,52.5597,9.8932,0.18822786279221534
103,2020-06-10,551.71,568.49,570.64,542.13,149440,52.2716,9.8395,0.18823797243627513
104,2020-06-11,575.92,569.93,595.92,562.26,196837,53.2042,10.015,0.18823701888196798
105,2020-06-12,545.96,567.53,572.08,545.48,154622,52.5479,9.8915,0.188237779245222
106,2020-06-15,564.29,565.73,584.3,547.16,159271,53.02,9.9803,0.18823651452282156
107,2020-06-16,575.92,568.97,579.27,559.02,101925,53.8029,10.1277,0.1882370652883023
108,2020-06-17,567.41,560.34,571.6,553.39,93543,55.2651,10.4029,0.18823633721824445
109,2020-06-18,564.77,558.9,565.13,549.56,95399,55.0348,10.3596,0.1882372607877198
110,2020-06-19,561.54,579.51,584.78,561.42,160339,53.0545,9.9868,0.18823662460300258
111,2020-06-22,578.91,581.91,592.45,568.73,142167,53.1927,10.0128,0.18823635574054334
112,2020-06-23,579.15,566.69,580.11,562.02,137241,54.0216,10.1689,0.18823766789580465
113,2020-06-24,563.93,558.54,572.08,556.51,134014,53.7108,10.1104,0.18823774734317866
114,2020-06-29,557.94,553.63,562.74,549.08,98159,53.8835,10.1429,0.18823758664526247
115,2020-06-30,555.55,560.46,567.53,555.55,97257,54.1137,10.1862,0.188236989893502
116,2020-07-01,571.12,550.76,577.59,544.29,158901,53.9756,10.1602,0.18823690704688784
117,2020-07-02,552.55,553.75,556.03,541.29,174316,51.9031,9.7701,0.18823731145153177
118,2020-07-03,557.94,560.58,574.24,554.47,152741,51.2699,9.6509,0.18823715279335437
119,2020-07-06,561.06,586.22,588.86,556.75,207257,50.8439,9.5707,0.18823693697769056
120,2020-07-07,603.71,592.81,631.03,590.17,333972,49.1169,9.2456,0.1882366354554135
121,2020-07-08,590.05,592.45,594.73,579.15,191705,48.3109,9.0939,0.18823702311486643
122,2020-07-09,594.01,608.62,621.32,594.01,200294,49.5083,9.3193,0.18823712387619854
123,2020-07-10,604.07,623.84,637.02,599.76,192059,49.7386,9.3626,0.1882360983220276
124,2020-07-13,624.6,644.84,648.32,619.8,224024,48.357,9.1026,0.18823748371487067
125,2020-07-14,637.89,609.26,642.21,598.0,220611,47.7813,8.9942,0.18823682068089398
126,2020-07-15,611.54,607.58,619.8,581.22,223351,49.4623,9.3106,0.1882362930959539
127,2020-07-16,607.58,591.53,614.65,583.98,154134,47.7698,8.992,0.18823608221093666
128,2020-07-17,595.84,585.66,602.43,577.87,122910,43.4292,8.175,0.18823740709016054
129,2020-07-20,599.79,595.24,604.23,575.83,134553,44.6957,8.4134,0.18823734721684635
130,2020-07-21,599.79,613.81,618.25,593.44,160440,46.7105,8.7927,0.18823819055672705
131,2020-07-22,609.74,602.67,613.69,599.43,147163,49.2205,9.2651,0.18823660873010228
132,2020-07-23,595.84,566.73,599.2,561.1,264583,45.6628,8.5954,0.18823637621871633
133,2020-07-24,560.14,525.75,561.81,520.12,199445,43.9588,8.2747,0.18823762250106918
134,2020-07-27,525.75,505.86,531.74,498.79,200227,45.7434,8.6106,0.1882369915659964
135,2020-07-28,514.97,514.37,518.8,506.1,148253,44.8453,8.4416,0.18823823232311968
136,2020-07-29,511.25,530.42,532.22,506.7,131506,44.9029,8.4524,0.1882372853423721
137,2020-07-30,533.06,535.34,543.0,523.35,113030,43.5788,8.2032,0.1882383177141179
138,2020-07-31,534.74,536.29,545.4,529.58,111330,43.9933,8.2812,0.18823775438532686
139,2020-08-03,542.88,544.2,547.08,536.53,95522,44.9835,8.4676,0.1882379094556893
140,2020-08-04,547.2,545.4,561.69,541.69,110934,44.9029,8.4524,0.1882372853423721
141,2020-08-05,544.32,538.69,550.31,526.47,112704,44.5805,8.3917,0.18823700945480648
142,2020-08-06,543.84,534.74,545.88,521.44,132935,43.7515,8.2357,0.1882381175502554
143,2020-08-07,534.38,526.35,538.09,522.52,96605,40.0672,7.5421,0.1882362630780289
144,2020-08-10,543.96,578.11,578.11,543.96,234076,40.9768,7.7133,0.18823578219870757
145,2020-08-11,589.49,580.86,613.81,578.47,323524,45.6607,7.9483,0.17407310882224758
146,2020-08-12,593.44,594.52,610.1,570.2,277910,45.1146,7.8533,0.1740744681322676
147,2020-08-13,595.96,606.02,616.81,590.93,230305,45.2215,7.8719,0.17407427882754886
148,2020-08-14,601.11,602.31,607.46,591.05,128272,46.5156,8.0971,0.17407278418423067
149,2020-08-17,606.14,607.82,615.61,598.84,147464,46.8955,8.1633,0.1740742715185892
150,2020-08-18,601.83,603.63,619.8,588.65,220671,48.795,8.4939,0.1740731632339379
151,2020-08-19,607.58,576.55,612.37,571.88,213369,47.5247,8.2728,0.17407369220636848
152,2020-08-20,570.2,543.12,575.23,538.45,244317,47.3466,8.2418,0.17407374552766194
153,2020-08-21,548.63,544.32,553.67,537.73,147516,45.9694,8.0021,0.1740744930323215
154,2020-08-24,544.32,553.43,557.5,528.75,161018,46.753,8.1385,0.17407439094817445
155,2020-08-25,551.51,560.62,571.28,546.12,158146,44.616,7.7665,0.17407432311278465
156,2020-08-26,562.17,547.56,563.85,544.2,95026,44.8059,7.7995,0.17407305734289458
157,2020-08-27,552.11,546.36,560.14,542.64,96218,44.6753,7.7768,0.17407381707565478
158,2020-08-28,548.04,549.47,550.31,540.73,94692,45.1146,7.8533,0.1740744681322676
159,2020-08-31,547.92,547.2,557.74,544.56,95381,48.1777,8.3865,0.17407431238934196
160,2020-09-01,543.36,553.79,555.1,536.53,107924,46.5393,8.1013,0.17407438444497447
161,2020-09-02,554.63,560.5,561.33,545.16,114821,47.869,8.3327,0.17407299087091857
162,2020-09-03,557.5,543.36,557.5,542.88,94867,45.5183,7.9235,0.17407284542700407
163,2020-09-04,528.75,528.99,533.54,523.95,93145,44.4735,7.7417,0.174074448829078
164,2020-09-07,531.5,521.56,537.49,521.56,94051,45.079,7.8471,0.17407440271523325
165,2020-09-08,527.31,514.97,527.31,510.18,79475,45.9932,8.0062,0.17407355869998173
166,2020-09-09,503.71,495.2,510.06,487.77,118514,46.5868,8.1095,0.17407291335743175
167,2020-09-10,499.99,493.64,508.02,491.84,82118,48.237,8.3968,0.17407384372991688
168,2020-09-11,488.13,512.21,518.8,487.53,88414,46.385,8.0744,0.17407351514498223
169,2020-09-14,517.12,527.67,549.11,517.12,178688,46.4087,8.0785,0.17407296476738196
170,2020-09-15,595.84,584.94,606.38,571.88,410370,50.4571,8.7833,0.17407460991614662
171,2020-09-16,581.46,574.27,593.92,568.04,203152,50.4571,8.7833,0.17407460991614662
172,2020-09-17,569.72,577.03,589.13,565.41,155725,50.2434,8.7461,0.17407460482371814
173,2020-09-18,578.35,578.35,581.46,567.8,110403,51.9531,9.0437,0.17407430932899096
174,2020-09-21,581.34,568.04,582.78,566.01,91946,53.4608,9.3061,0.17407333971807382
175,2020-09-22,565.89,564.21,576.67,561.21,69600,58.0317,10.1018,0.17407382516796854
176,2020-09-23,568.88,563.37,574.75,560.14,79925,57.4143,9.9943,0.1740733580310132
177,2020-09-24,558.82,559.9,574.15,556.3,91344,57.6992,10.0439,0.17407347068936832
178,2020-09-25,568.04,567.09,576.43,562.05,115753,58.5422,10.1907,0.1740744283610797
179,2020-09-28,576.19,572.36,580.27,568.28,144547,56.4764,9.8311,0.17407448066803125
180,2020-09-29,576.07,582.42,588.17,570.68,110403,62.4481,10.8706,0.17407415117513583
181,2020-09-30,584.1,588.53,594.4,579.67,95203,62.3057,10.8458,0.17407396113036208
182,2020-10-09,611.78,636.1,642.33,607.82,201736,63.2198,11.0049,0.17407362883147368
183,2020-10-12,643.77,649.76,666.29,637.77,159508,64.1103,11.1599,0.17407343281812754
184,2020-10-13,645.44,645.68,651.67,634.78,79971,64.4783,11.224,0.17407406832996528
185,2020-10-14,649.76,657.54,672.76,642.33,118117,66.6628,12.8673,0.1930206952003216
186,2020-10-15,666.41,648.2,676.71,648.2,109522,70.0583,13.5226,0.19301924254513741
187,2020-10-16,649.88,643.65,660.3,639.21,98791,64.9651,12.5396,0.19302056027005268
188,2020-10-19,650.12,654.31,670.12,647.36,116018,67.6719,13.062,0.19301955464528114
189,2020-10-20,655.63,670.48,674.32,650.0,137718,62.8043,12.1225,0.19302022313758774
190,2020-10-21,666.41,657.54,667.73,655.63,76586,60.3705,11.6527,0.1930197695894518
191,2020-10-22,653.47,673.72,682.1,649.88,112848,56.975,10.9973,0.19301974550241333
192,2020-10-23,674.32,650.95,705.47,650.0,133162,56.6307,10.9309,0.1930207466974627
193,2020-10-26,646.76,703.67,708.82,625.79,195032,59.1239,11.4121,0.19302008155754274
194,2020-10-27,703.67,703.67,734.58,689.29,160238,59.4563,11.4763,0.19302075642110256
195,2020-10-28,703.67,704.63,715.41,695.04,138643,58.2454,11.2425,0.19301953458985602
196,2020-10-29,691.81,709.78,715.05,688.81,120499,58.8746,11.364,0.1930204196716411
197,2020-10-30,761.3,727.27,771.01,718.05,239301,60.4299,11.6642,0.19302034257875653
198,2020-11-02,740.81,799.52,815.58,740.81,311674,55.2773,10.6696,0.19301955775698165
199,2020-11-03,796.05,801.68,808.63,776.16,185583,54.6955,10.5573,0.19301953542796024
200,2020-11-04,792.93,807.31,815.1,788.86,149150,50.3978,9.7278,0.19302033025251103
201,2020-11-05,823.48,817.13,831.39,802.04,145405,53.0216,10.2342,0.1930194486775201
202,2020-11-06,823.6,809.11,831.15,770.29,193232,53.6389,10.3534,0.19302036395228092
203,2020-11-09,817.73,808.51,825.28,796.76,175935,52.7841,10.1884,0.19302024662729875
204,2020-11-10,808.51,825.52,857.87,787.54,195004,48.9137,9.4413,0.19301954258213957
205,2020-11-11,842.65,815.46,843.73,794.25,212945,52.2261,10.0807,0.19302034806351612
206,2020-11-12,822.28,842.41,849.84,816.41,141768,53.8051,10.3855,0.19302073595253982
207,2020-11-13,847.68,828.28,867.57,823.12,133343,51.0508,9.8538,0.19301950214296346
208,2020-11-16,825.88,823.48,835.46,796.17,138202,51.8225,10.0028,0.19302040619422067
209,2020-11-17,830.67,786.34,830.67,775.56,182729,50.4453,9.7369,0.1930189730262284
210,2020-11-18,790.53,784.06,797.48,765.61,158704,51.0508,9.8538,0.19301950214296346
211,2020-11-19,787.3,793.65,801.8,779.51,96473,51.0864,9.8607,0.19302006013342102
212,2020-11-20,800.96,789.94,824.92,789.82,146577,53.817,10.3878,0.19302079268632588
213,2020-11-23,797.12,804.91,815.1,774.12,121869,53.449,10.3167,0.19301951392916614
214,2020-11-24,811.38,793.53,814.26,787.54,119400,53.3302,10.2938,0.19302008993028338
215,2020-11-25,797.72,767.17,797.72,765.49,102252,54.1613,10.4542,0.19301973918646712
216,2020-11-26,769.81,763.58,775.2,757.47,77721,53.1878,10.2663,0.19301982785526
217,2020-11-27,768.37,766.69,772.56,754.95,76607,54.1494,10.4519,0.1930196825818938
218,2020-11-30,770.77,763.82,775.08,741.41,106515,54.9211,10.6009,0.19302053309201744
219,2020-12-01,765.37,782.63,791.37,763.58,116711,54.1257,10.4473,0.19301921268454728
