,日期,开盘,收盘,最高,最低,成交量,pe,pb,roe
0,2020-01-03,67.15,67.34,68.7,66.55,48255,161.1422,12.4385,0.07718958782987945
1,2020-01-06,66.6,66.2,67.62,65.8,40793,159.3962,12.3037,0.0771894185683222
2,2020-01-07,66.03,68.99,69.43,65.38,58490,158.366,12.2242,0.0771895482616218
3,2020-01-08,68.44,66.7,68.78,66.44,39675,160.0771,12.3563,0.07718967922332426
4,2020-01-09,67.09,69.29,69.39,66.76,47697,159.0644,12.2781,0.07718949054596755
5,2020-01-10,69.29,70.36,71.43,68.64,52345,170.2042,13.138,0.07718963456835966
6,2020-01-13,70.4,70.66,71.0,69.1,30661,174.255,13.4507,0.07718975065277897
7,2020-01-14,70.24,69.14,71.04,68.54,40783,190.0916,14.6731,0.07718962857906399
8,2020-01-15,69.43,69.68,70.3,69.14,30021,199.0488,15.3645,0.07718961380324825
9,2020-01-16,69.76,69.94,70.44,68.95,26023,186.2329,14.3752,0.0771893687957391
10,2020-01-17,70.34,74.24,75.04,69.94,76518,187.5599,14.4777,0.07718974045091728
11,2020-01-20,75.07,78.55,79.22,74.11,67450,191.017,14.7445,0.07718946481203244
12,2020-01-21,77.03,76.92,79.04,76.44,60040,197.4774,15.2432,0.07718959232803349
13,2020-01-22,76.89,76.49,77.42,75.15,49314,196.0805,15.1354,0.07718972564839441
14,2020-01-23,75.94,73.73,78.31,71.44,57024,187.2281,14.452,0.07718926806392844
15,2020-02-03,66.4,66.4,69.29,66.4,57407,187.8741,14.5019,0.07718945825954722
16,2020-02-04,66.55,68.66,70.07,66.55,54505,192.6758,14.8726,0.07718976643667756
17,2020-02-05,69.75,69.46,70.94,67.79,64087,192.8329,14.8847,0.07718962894817223
18,2020-02-06,69.41,72.38,73.73,68.94,60072,198.6996,15.3375,0.07718938538376524
19,2020-02-07,71.74,69.72,72.34,69.32,57696,200.0441,15.4413,0.0771894797197218
20,2020-02-10,68.61,69.84,69.94,68.07,35694,197.7124,15.2613,0.0771893922687702
21,2020-02-11,69.84,71.47,72.58,69.45,40103,194.4378,15.0086,0.07718972339740524
22,2020-02-12,71.23,71.84,72.28,70.34,44864,186.4951,14.3955,0.07718969560058146
23,2020-02-13,71.85,71.9,73.54,71.14,44404,194.2113,14.9911,0.07718963829602088
24,2020-02-14,71.78,71.43,72.82,70.85,35061,188.8466,14.577,0.07718963433813476
25,2020-02-17,72.44,76.04,76.33,71.64,59637,190.031,17.11,0.09003794117801832
26,2020-02-18,76.2,75.1,76.79,74.54,48726,182.5412,16.4357,0.09003830368157983
27,2020-02-19,74.73,75.44,75.71,73.79,48076,181.1478,16.3102,0.0900380794025652
28,2020-02-20,76.91,82.94,82.94,76.65,91128,187.6447,16.8952,0.09003824781621862
29,2020-02-21,82.44,83.51,84.94,80.94,74340,186.0423,16.7509,0.09003812573807139
30,2020-02-24,81.84,83.32,84.85,81.52,60394,187.2267,16.8576,0.09003844003018802
31,2020-02-25,82.04,83.71,85.0,80.69,60340,187.2441,16.8591,0.09003808397701184
32,2020-02-26,84.34,79.33,85.34,76.44,64851,203.2513,18.3004,0.09003829249800617
33,2020-02-27,80.66,84.53,86.62,79.44,73905,201.5269,18.1451,0.09003810409429212
34,2020-02-28,83.24,81.14,84.94,79.62,72991,203.2513,18.3004,0.09003829249800617
35,2020-03-02,82.55,80.94,83.82,79.42,68286,209.3651,18.8509,0.09003840659212065
36,2020-03-03,81.94,83.39,86.64,81.57,65900,205.0105,18.4588,0.09003831511068945
37,2020-03-04,81.94,80.59,82.89,79.5,62327,198.6704,17.8879,0.0900380731100355
38,2020-03-05,82.13,82.74,83.34,80.44,44520,198.1478,17.8409,0.0900383451141017
39,2020-03-06,82.44,86.56,87.22,82.15,71611,198.9316,17.9114,0.09003798290467678
40,2020-03-09,85.44,81.94,87.12,81.92,66674,192.6437,17.3453,0.09003824158277692
41,2020-03-10,80.46,81.57,82.41,78.1,68431,199.9593,18.004,0.09003832279868954
42,2020-03-11,81.64,77.87,81.83,77.63,51263,200.029,18.0102,0.09003794449804779
43,2020-03-12,76.54,74.39,76.94,73.53,60014,201.8579,18.1749,0.09003809115224126
44,2020-03-13,69.44,70.94,72.32,68.44,71064,190.4316,17.1461,0.09003810291989355
45,2020-03-16,71.44,65.62,71.93,65.34,63414,193.3404,17.408,0.09003808826298075
46,2020-03-17,66.18,66.73,68.29,63.94,59038,200.3077,18.0353,0.09003797657304237
47,2020-03-18,67.89,68.0,71.74,66.73,70389,195.6048,17.6119,0.09003817902219168
48,2020-03-19,69.24,67.2,69.66,65.24,60336,198.0259,17.8299,0.0900382222729451
49,2020-03-20,68.24,66.74,69.1,65.54,40980,199.3497,17.9491,0.09003825940044054
50,2020-03-23,64.44,63.23,66.43,61.94,57591,188.3937,16.9626,0.09003804267340149
51,2020-03-24,64.79,65.07,65.28,63.12,38195,196.2318,17.6684,0.09003841375353026
52,2020-03-25,67.07,68.45,69.04,67.07,58189,193.8456,17.4535,0.09003815407726562
53,2020-03-26,68.14,69.09,70.59,67.5,43216,192.1734,17.3029,0.09003795530494857
54,2020-03-27,69.94,70.72,71.44,69.44,45585,197.904,17.8189,0.09003809928045921
55,2020-03-30,70.12,69.39,71.14,68.14,32986,198.862,17.9052,0.09003831802958837
56,2020-03-31,70.11,70.64,71.72,69.94,24539,216.5239,19.4954,0.09003809741095556
57,2020-04-01,70.52,71.54,72.94,69.52,34914,229.3958,20.6544,0.0900382657398261
58,2020-04-02,71.39,72.69,72.74,70.76,27073,225.8948,20.3392,0.09003837184388486
59,2020-04-03,72.62,75.14,76.06,72.06,48016,225.5638,20.3094,0.09003838381868014
60,2020-04-07,75.94,77.41,77.94,75.45,33085,227.8979,20.5195,0.09003812672253672
61,2020-04-08,77.92,79.0,80.24,77.15,38342,230.3886,20.7438,0.09003830918717333
62,2020-04-09,79.42,81.95,82.24,77.99,42081,224.6059,20.2231,0.09003815126851075
63,2020-04-10,89.94,89.41,90.1,86.98,134647,219.5372,19.7667,0.09003804366640368
64,2020-04-13,88.12,88.79,89.86,87.24,72435,221.6796,19.9596,0.09003805492250978
65,2020-04-14,87.8,89.48,89.52,86.0,65355,220.3384,19.8389,0.09003832287063897
66,2020-04-15,88.14,87.4,91.54,86.34,69190,218.2308,19.6491,0.09003816143275835
67,2020-04-16,86.62,88.11,88.83,86.14,44961,217.5341,19.5864,0.09003829744394098
68,2020-04-17,89.35,88.33,89.94,86.42,40690,220.0597,19.8138,0.09003829415381372
69,2020-04-20,88.39,89.02,90.74,86.63,48115,229.9184,20.7014,0.09003803088400059
70,2020-04-21,88.54,89.54,89.89,87.05,45006,227.0792,20.4458,0.09003818931896888
71,2020-04-22,89.44,90.87,91.42,88.32,50133,228.5249,20.576,0.09003832842723047
72,2020-04-23,92.43,90.35,96.01,88.3,88287,227.3927,20.474,0.09003807070323717
73,2020-04-24,90.78,92.76,93.88,90.36,63412,232.9665,20.9759,0.09003826730452662
74,2020-04-27,92.01,98.5,99.73,91.24,75074,244.7585,22.0376,0.09003813963559999
75,2020-04-28,98.43,97.44,99.14,94.98,54693,251.4122,22.6367,0.09003819225956418
76,2020-04-29,97.34,99.42,104.42,97.04,77984,245.0547,22.0643,0.0900382649261573
77,2020-04-30,99.94,94.84,100.74,94.54,81269,248.8518,22.4062,0.09003832803298992
78,2020-05-06,94.49,102.29,103.44,94.49,58856,248.2215,22.5834,0.09098083767925019
79,2020-05-07,103.24,102.54,103.94,100.86,36857,246.3105,22.4095,0.090980693068302
80,2020-05-08,102.43,101.8,104.85,100.83,47789,242.5406,22.0665,0.09098064406536473
81,2020-05-11,101.8,99.55,101.8,98.54,48444,240.0737,21.8421,0.09098081130919379
82,2020-05-12,99.94,103.1,105.19,99.44,50841,235.4004,21.4169,0.09098072900470856
83,2020-05-13,102.94,105.4,106.44,102.27,40605,240.3864,21.8705,0.09098060455999174
84,2020-05-14,104.45,104.63,105.83,103.46,23947,235.4525,21.4217,0.0909809834255317
85,2020-05-15,105.3,101.84,105.6,99.1,59727,235.4004,21.4169,0.09098072900470856
86,2020-05-18,100.45,104.19,105.42,100.44,47677,234.8097,21.3632,0.09098090922138224
87,2020-05-19,105.44,105.77,107.04,103.29,33940,257.1337,23.3942,0.09098068436770444
88,2020-05-20,106.62,101.63,106.9,101.15,43366,257.9849,23.4717,0.09098090624683848
89,2020-05-21,102.64,103.07,107.12,102.43,74298,242.6622,22.0776,0.09098079552563193
90,2020-05-22,104.02,99.93,104.65,99.76,46686,234.219,21.3094,0.0909806633962232
91,2020-05-25,100.02,103.93,104.63,99.13,43237,260.1913,23.6724,0.09098075147016829
92,2020-05-26,104.63,104.83,105.94,102.94,34999,239.7609,21.8136,0.09098063946206408
93,2020-05-27,104.63,101.5,105.23,100.91,34454,257.6027,23.4369,0.09098080105526844
94,2020-05-28,101.33,101.25,102.35,98.21,44513,271.5357,24.7045,0.09098067031333264
95,2020-05-29,100.63,105.74,106.99,100.63,69153,271.5357,24.7045,0.09098067031333264
96,2020-06-01,106.18,105.73,107.31,105.07,48323,271.3619,24.6887,0.0909807161580163
97,2020-06-02,106.13,103.04,106.54,101.91,44302,259.7222,23.6297,0.09098067088604671
98,2020-06-03,103.43,107.91,107.97,103.0,56424,251.3659,22.8695,0.0909809166637161
99,2020-06-04,107.53,107.33,108.61,106.16,33629,249.1596,22.6687,0.09098064052117598
100,2020-06-05,107.33,113.33,113.87,107.23,54196,236.0779,21.4786,0.09098098551368002
101,2020-06-08,114.63,112.61,116.01,111.96,51709,242.558,22.0681,0.09098071389111059
102,2020-06-09,112.54,112.77,114.83,111.15,42187,234.358,21.3221,0.0909808924807346
103,2020-06-10,112.43,114.33,115.63,112.33,35614,238.041,21.6572,0.09098096546393268
104,2020-06-11,114.23,112.7,115.63,111.43,41136,243.1834,22.125,0.09098071661141344
105,2020-06-12,110.23,115.73,118.0,109.69,66177,236.7728,21.5418,0.0909808896967895
106,2020-06-15,117.84,117.14,120.8,117.14,51377,235.7652,21.4501,0.0909807723955868
107,2020-06-16,117.67,119.51,120.8,116.83,43017,228.0517,20.7483,0.09098068551999393
108,2020-06-17,119.51,121.99,123.51,119.14,53689,207.3261,18.8627,0.09098082682305798
109,2020-06-18,122.45,114.88,122.48,114.13,87421,208.3163,18.9528,0.09098087859663405
110,2020-06-19,115.63,120.54,120.77,115.23,66884,198.4834,18.0582,0.09098090822708599
111,2020-06-22,121.33,119.97,122.63,118.65,38410,210.8354,19.182,0.09098092635297488
112,2020-06-23,125.63,131.9,131.9,123.81,63378,206.5269,18.79,0.09098088433032209
113,2020-06-24,134.93,136.34,137.21,132.69,69889,202.4096,18.4154,0.09098086256778334
114,2020-06-29,136.62,136.92,138.4,135.25,55556,199.96,18.1925,0.09098069613922784
115,2020-06-30,137.03,140.61,144.45,136.34,50416,194.6961,17.7136,0.09098076438100199
116,2020-07-01,140.58,137.65,141.13,133.63,69546,197.5279,17.9712,0.0909805652771077
117,2020-07-02,141.13,135.53,142.23,134.19,76928,194.8177,17.7247,0.0909809529626928
118,2020-07-03,136.76,140.25,141.11,134.99,79154,194.5397,17.6994,0.09098091546352749
119,2020-07-06,138.63,136.52,138.63,133.63,84859,195.7906,17.8132,0.09098087446486193
120,2020-07-07,137.03,144.05,147.4,134.08,87148,185.367,16.8648,0.09098059525158199
121,2020-07-08,143.63,145.32,146.45,142.13,47720,186.3746,16.9565,0.09098074523030499
122,2020-07-09,144.63,150.13,151.52,143.16,54504,177.9141,16.1868,0.0909809846437129
123,2020-07-10,149.73,156.83,159.93,149.63,64641,182.5873,16.6119,0.09098058846371022
124,2020-07-13,156.63,156.93,161.29,154.63,57643,182.6047,16.6135,0.09098068122014383
125,2020-07-14,156.42,156.93,159.23,150.65,65971,174.8043,15.9038,0.09098059944749642
126,2020-07-15,141.3,148.91,156.09,141.3,141144,175.2387,15.9434,0.09098104471215548
127,2020-07-16,150.14,138.64,151.63,138.57,85889,181.0238,16.4697,0.09098085445118266
128,2020-07-17,139.64,150.4,152.44,139.64,95560,179.4602,16.3274,0.09098061854383313
129,2020-07-20,151.01,135.45,153.63,135.42,137396,172.5111,15.6952,0.09098081224918281
130,2020-07-21,137.21,140.31,141.51,134.23,79201,177.9662,16.1915,0.09098075926777109
131,2020-07-22,139.83,149.13,152.29,139.63,72174,175.4645,15.9639,0.09098079668536942
132,2020-07-23,148.62,148.64,150.43,142.68,60564,182.9869,16.1629,0.08832818086977812
133,2020-07-24,150.11,135.79,150.11,133.84,108208,180.242,15.9205,0.08832846950211383
134,2020-07-27,137.0,136.13,142.63,133.63,64850,176.1594,15.5598,0.08832795752029128
135,2020-07-28,137.19,136.16,138.22,131.96,48503,181.0064,15.988,0.08832836849967735
136,2020-07-29,135.63,139.0,141.01,135.32,66886,182.3441,16.1061,0.08832805667965128
137,2020-07-30,139.33,136.13,141.61,134.63,69849,178.3484,15.7532,0.08832823843667788
138,2020-07-31,136.15,138.82,139.4,135.43,64601,172.1811,15.2084,0.08832792913972556
139,2020-08-03,139.92,140.24,140.88,132.39,74290,176.0899,15.5537,0.08832817782280528
140,2020-08-04,140.24,142.41,149.96,139.07,82650,177.3755,15.6673,0.08832843318271126
141,2020-08-05,141.28,143.51,145.45,139.64,50267,176.9412,15.6289,0.08832821298826954
142,2020-08-06,142.63,143.5,144.51,135.83,77182,163.9985,14.4857,0.08832824690469729
143,2020-08-07,144.36,141.32,147.02,137.65,57649,171.9552,15.1885,0.08832823898317702
144,2020-08-10,147.57,144.97,149.9,143.19,76713,168.5154,14.8847,0.08832842576998898
145,2020-08-11,142.98,141.15,146.02,140.02,46623,170.3569,15.0473,0.0883280923754776
146,2020-08-12,141.15,134.38,142.22,131.65,68358,160.385,14.1665,0.08832808554415937
147,2020-08-13,134.43,131.18,134.59,129.66,41504,156.1981,13.7967,0.08832821910125667
148,2020-08-14,131.18,131.83,132.63,126.63,49969,157.1015,14.7376,0.0938094162054468
149,2020-08-17,132.64,131.0,132.64,128.81,36789,154.791,14.5208,0.09380907158684937
150,2020-08-18,131.83,132.63,133.43,129.78,51826,212.9297,14.7968,0.06949148005186688
151,2020-08-19,131.63,126.97,132.63,126.43,56055,211.271,14.6815,0.06949131683950945
152,2020-08-20,126.13,125.52,128.1,124.63,39643,210.7422,14.6448,0.06949153990040913
153,2020-08-21,126.63,125.92,128.93,125.14,33528,209.0355,14.5262,0.06949154569439162
154,2020-08-24,126.75,127.13,128.37,122.63,43426,214.0354,14.8736,0.06949130844710734
155,2020-08-25,127.52,127.9,130.21,126.32,35322,212.3768,14.7584,0.06949158288475954
156,2020-08-26,127.63,126.67,132.08,125.93,48983,213.8672,14.8619,0.06949125438589929
157,2020-08-27,126.93,129.58,130.78,126.88,45143,195.9347,13.6158,0.06949151936844265
158,2020-08-28,128.76,132.9,133.63,128.13,49474,188.8435,13.123,0.06949140425802318
159,2020-08-31,133.63,131.47,134.03,131.02,41668,185.0214,12.8574,0.06949142099238251
160,2020-09-01,130.79,130.13,132.51,128.92,33390,179.5648,12.4782,0.06949134797020351
161,2020-09-02,130.63,130.32,131.13,128.07,35660,173.6754,12.069,0.0694917069429522
162,2020-09-03,130.45,132.33,133.43,129.74,70356,170.911,11.8769,0.0694917237626601
163,2020-09-04,132.43,124.94,132.43,122.25,67477,168.7476,11.7265,0.06949135869191621
164,2020-09-07,123.63,114.8,124.03,113.51,91679,165.7428,11.5177,0.06949140475483702
165,2020-09-08,114.8,114.25,116.74,112.43,34607,168.9399,11.7399,0.06949157659025489
166,2020-09-09,113.09,110.96,116.21,108.63,35311,165.0217,11.4676,0.06949146687981034
167,2020-09-10,112.78,111.92,115.76,111.19,36302,163.4833,11.3607,0.06949150157844868
168,2020-09-11,111.92,113.29,114.12,111.23,27402,155.3584,10.7961,0.06949157560839968
169,2020-09-14,114.43,108.79,114.43,107.12,54467,150.9354,10.4887,0.06949131880261357
170,2020-09-15,108.72,115.08,116.65,108.34,54907,159.3727,11.075,0.06949119893181202
171,2020-09-16,115.46,114.32,117.62,113.31,34315,160.4785,11.1519,0.06949155182781494
172,2020-09-17,113.59,112.93,114.43,109.88,36847,162.4015,11.2855,0.06949135322025966
173,2020-09-18,112.63,115.66,116.02,112.38,23988,159.3487,11.0734,0.0694916243433426
174,2020-09-21,115.36,111.63,116.85,110.63,39055,156.6805,10.888,0.069491736367959
175,2020-09-22,110.14,109.96,113.29,109.53,35009,169.4688,11.7766,0.06949125738779056
176,2020-09-23,110.63,116.52,117.77,109.37,59736,177.7619,12.3529,0.06949126893895712
177,2020-09-24,116.6,115.47,119.28,114.9,33646,186.1272,12.9342,0.06949118667234021
178,2020-09-25,115.83,115.43,117.35,113.29,21605,195.0213,13.5523,0.06949138376167116
179,2020-09-28,116.68,111.23,117.07,110.93,31976,195.9107,13.6141,0.06949135498979893
180,2020-09-29,111.26,114.84,115.72,109.63,31682,207.0163,14.3859,0.0694916294030953
181,2020-09-30,115.12,114.39,117.21,113.29,27057,197.8337,13.7477,0.06949119386636352
182,2020-10-09,115.73,114.69,117.07,114.1,28772,192.6655,13.3886,0.06949142425602924
183,2020-10-12,115.54,118.33,119.92,114.89,47412,199.3962,13.8563,0.06949129421724184
184,2020-10-13,122.71,120.83,122.72,117.23,61859,193.5069,13.4471,0.06949157885326053
185,2020-10-14,123.23,117.32,123.23,116.37,49508,193.9876,13.4805,0.06949155513032793
186,2020-10-15,115.73,116.33,117.93,114.93,35208,202.1366,14.2237,0.07036677177710518
187,2020-10-16,115.79,117.32,119.08,115.45,38230,189.6367,13.3441,0.07036665371207156
188,2020-10-19,117.63,108.13,118.13,107.69,69466,200.1654,14.085,0.07036680665089971
189,2020-10-20,106.65,108.12,108.84,105.14,42389,199.2279,14.019,0.07036665045407797
190,2020-10-21,108.12,107.44,109.57,106.52,28665,199.6847,14.0511,0.07036643268112179
191,2020-10-22,106.82,108.36,109.46,105.14,34650,198.3145,13.9547,0.07036651379500743
192,2020-10-23,108.36,104.63,109.63,104.13,26331,180.2859,12.6861,0.07036656776819485
193,2020-10-26,103.13,105.43,106.13,102.43,19881,179.4686,12.6286,0.07036662680825503
194,2020-10-27,105.42,109.73,110.24,104.22,31307,181.7282,12.7876,0.07036662444243656
195,2020-10-28,110.6,109.05,111.63,108.85,44108,170.6466,12.0078,0.07036647668339129
196,2020-10-29,107.63,112.13,112.49,106.81,37614,171.7764,12.0873,0.07036647641934515
197,2020-10-30,112.1,107.7,112.1,107.13,39567,171.6322,12.0772,0.07036674936288179
198,2020-11-02,107.64,112.26,113.51,107.64,44415,170.7428,12.0146,0.07036665674921579
199,2020-11-03,112.63,114.14,115.08,110.63,43364,166.8246,11.7389,0.07036672049565831
200,2020-11-04,114.14,115.2,117.78,113.63,37409,166.5361,11.7186,0.07036672529259422
201,2020-11-05,115.78,114.43,116.36,113.57,28377,172.9302,12.1685,0.07036654095120458
202,2020-11-06,114.43,111.07,114.6,108.79,40818,165.9111,11.6746,0.07036659994418698
203,2020-11-09,110.88,110.98,114.02,110.43,37541,163.9881,11.5393,0.07036669124162058
204,2020-11-10,112.4,108.23,112.4,107.29,37452,158.5554,11.157,0.07036657218864827
205,2020-11-11,108.63,107.86,111.11,106.13,31035,176.1754,12.3969,0.0703668049001166
206,2020-11-12,107.83,112.93,113.48,107.63,47534,182.8099,12.8637,0.0703665392300964
207,2020-11-13,113.18,113.73,116.49,112.69,38342,183.8435,12.9365,0.07036691533831764
208,2020-11-16,113.63,110.03,114.21,109.49,34425,187.7618,13.2122,0.07036681582728756
209,2020-11-17,108.64,108.05,109.34,105.51,35467,177.4013,12.4831,0.07036645165508934
210,2020-11-18,108.11,107.29,109.13,106.99,25820,167.0649,11.7558,0.07036666588852596
211,2020-11-19,107.2,114.63,115.11,105.43,67492,166.4399,11.7118,0.07036654071529724
212,2020-11-20,117.72,109.5,119.43,109.33,74503,165.1419,11.6205,0.07036675731598098
213,2020-11-23,109.19,100.43,109.43,99.65,112535,168.7957,11.8776,0.07036672142714535
214,2020-11-24,100.13,98.11,100.81,97.43,56158,168.0745,11.8268,0.07036641489339548
215,2020-11-25,97.99,91.73,98.01,91.13,96048,165.5025,11.6459,0.07036691288651228
216,2020-11-26,92.1,92.31,92.76,89.25,48273,159.2766,11.2078,0.07036689633003217
217,2020-11-27,92.28,91.33,92.93,89.66,35281,164.7813,11.5951,0.07036660106456255
218,2020-11-30,91.17,91.92,92.63,89.66,34091,158.0747,11.1232,0.07036673167812434
219,2020-12-01,91.73,92.92,94.56,91.63,38022,160.815,11.316,0.0703665702826229
