,日期,开盘,收盘,最高,最低,成交量,pe,pb,roe
0,2020-01-03,277.62,274.59,277.74,272.66,26017,131.0896,25.1419,0.19179172108237422
1,2020-01-06,272.37,272.66,276.74,268.75,34592,126.6375,24.2881,0.19179232060013818
2,2020-01-07,273.48,289.28,291.27,270.68,79644,124.3224,23.844,0.19179166425358585
3,2020-01-08,286.95,284.33,287.82,282.4,37717,123.7485,23.734,0.1917922237441262
4,2020-01-09,286.37,292.78,297.45,285.96,43641,121.9281,23.3848,0.19179171987425375
5,2020-01-10,293.95,293.42,301.53,292.78,31648,126.6375,24.2881,0.19179232060013818
6,2020-01-13,292.72,292.96,298.26,290.16,35312,127.8049,24.512,0.19179233347078242
7,2020-01-14,291.62,289.63,295.93,284.97,39119,129.2098,24.7814,0.19179195386108486
8,2020-01-15,293.36,308.53,310.28,293.36,80848,126.9541,24.3488,0.19179215165165994
9,2020-01-16,306.49,309.46,313.49,304.39,47052,126.2615,24.2159,0.19179163878141794
10,2020-01-17,311.21,313.08,314.65,309.69,33748,142.6056,27.3506,0.19179190719018047
11,2020-01-20,315.41,318.44,319.61,308.47,37174,141.9131,27.2178,0.19179201920048258
12,2020-01-21,318.85,315.53,321.65,309.17,32508,141.0227,27.047,0.19179181791300268
13,2020-01-22,317.22,317.22,319.55,311.5,28406,136.4321,26.1666,0.1917921075758564
14,2020-01-23,320.19,305.5,327.54,302.23,51674,131.3864,25.1989,0.19179230118185744
15,2020-02-03,275.05,279.66,291.79,275.05,62863,134.1368,25.7264,0.19179225984219098
16,2020-02-04,286.66,297.39,300.83,281.06,49117,135.7395,26.0338,0.19179236699707897
17,2020-02-05,298.61,293.48,299.61,290.51,53348,134.6314,25.8212,0.19179181082570632
18,2020-02-06,295.64,303.63,307.13,293.48,50670,138.4306,26.5499,0.19179213266430978
19,2020-02-07,304.39,300.65,306.78,294.53,36749,140.4884,26.9446,0.19179234726852892
20,2020-02-10,296.63,305.44,306.14,294.82,43474,139.8157,26.8155,0.19179176587464786
21,2020-02-11,305.44,322.87,328.3,302.11,71647,136.9663,26.269,0.191791703506629
22,2020-02-12,323.75,325.56,328.24,320.19,43083,134.8689,25.8668,0.19179217744046256
23,2020-02-13,328.36,319.32,328.88,317.1,37684,136.4519,26.1704,0.19179212601656703
24,2020-02-14,320.13,324.51,338.8,319.03,47657,134.6117,25.8174,0.1917916496114379
25,2020-02-17,329.52,332.15,335.12,322.76,35913,134.6117,25.8174,0.1917916496114379
26,2020-02-18,331.16,338.15,340.55,330.34,41485,125.0545,26.2252,0.20971016636746379
27,2020-02-19,338.27,327.6,338.45,325.44,35714,123.8079,25.9638,0.2097103658167209
28,2020-02-20,327.25,334.54,338.15,327.25,34264,128.6557,26.9804,0.20971010223410233
29,2020-02-21,339.44,336.23,342.76,331.91,27675,127.8445,26.8103,0.2097102339169851
30,2020-02-24,336.4,334.77,339.44,327.77,46524,128.3985,26.9265,0.20971039381301182
31,2020-02-25,331.27,327.77,338.27,318.03,52872,125.5492,26.3289,0.20970981893950738
32,2020-02-26,332.44,322.87,336.99,321.94,50428,129.8825,27.2377,0.20971031509248744
33,2020-02-27,326.67,339.38,349.18,321.24,84881,129.467,27.1505,0.20970981022190982
34,2020-02-28,332.44,330.11,338.04,322.0,53275,131.05,27.4825,0.20971003433803892
35,2020-03-02,330.11,345.91,347.31,326.2,56909,130.951,27.4618,0.2097105024016617
36,2020-03-03,350.23,341.83,358.68,339.55,46843,129.8628,27.2335,0.209709786020323
37,2020-03-04,343.52,344.98,346.44,333.14,37832,126.4989,26.5281,0.20971012396155223
38,2020-03-05,345.21,357.34,360.72,344.69,57573,123.1154,25.8185,0.20970975198878453
39,2020-03-06,355.53,359.44,363.93,352.33,38810,121.4947,25.6461,0.2110882203091987
40,2020-03-09,354.08,342.35,361.6,341.71,46667,120.3674,25.4081,0.2110878859226003
41,2020-03-10,337.22,350.52,353.78,337.22,40031,120.051,25.3413,0.21108778769023165
42,2020-03-11,353.67,337.8,353.67,335.88,41497,117.4205,24.7861,0.2110883533965534
43,2020-03-12,332.91,323.11,334.13,319.96,54205,118.6665,25.0491,0.21108821782053064
44,2020-03-13,310.28,319.03,323.11,306.78,49242,111.9421,23.6297,0.2110885895476322
45,2020-03-16,317.8,299.2,319.61,298.03,48851,111.0521,23.4418,0.21108830900091038
46,2020-03-17,304.45,295.64,307.94,287.77,59291,113.0496,23.8634,0.2110878764719203
47,2020-03-18,299.78,301.0,315.99,296.34,50698,111.863,23.613,0.21108856368951306
48,2020-03-19,305.67,297.51,308.94,290.92,45054,114.4143,24.1515,0.21108812447395123
49,2020-03-20,302.11,302.7,307.36,294.88,29961,117.2425,24.7485,0.21108812930464635
50,2020-03-23,294.01,288.17,300.07,285.72,42011,115.0868,24.2935,0.21108850015814154
51,2020-03-24,294.82,308.12,309.34,291.03,56164,118.1721,24.9447,0.21108789638163322
52,2020-03-25,318.73,313.31,318.91,309.17,44962,116.7876,24.6525,0.2110883347204669
53,2020-03-26,311.74,318.73,323.4,309.29,44914,114.4539,24.1599,0.21108848191280508
54,2020-03-27,320.89,322.52,329.52,320.66,40436,116.7085,24.6358,0.21108830976321347
55,2020-03-30,320.08,312.55,322.0,308.29,40872,116.2141,24.5314,0.21108798329978892
56,2020-03-31,315.93,323.34,325.97,315.12,35741,123.9274,26.1596,0.21108810480975151
57,2020-04-01,322.29,319.32,329.46,318.44,25919,137.9103,29.1112,0.21108793179334684
58,2020-04-02,320.25,330.98,331.74,315.23,32567,133.6976,28.222,0.21108830674597004
59,2020-04-03,331.16,330.92,336.4,327.77,24070,132.2934,27.9256,0.2110883838498368
60,2020-04-07,336.23,336.11,340.66,333.61,27639,129.1685,27.266,0.2110886168067292
61,2020-04-08,336.52,334.19,336.81,330.75,17652,128.8718,27.2033,0.21108807357389278
62,2020-04-09,338.1,345.56,348.65,334.95,32081,125.3118,26.4519,0.21108866044538502
63,2020-04-10,347.14,347.89,363.99,345.27,51136,128.5554,29.4816,0.22932992313041695
64,2020-04-13,348.71,361.19,362.65,348.71,43441,122.9781,28.2025,0.22932944971503058
65,2020-04-14,358.27,368.42,369.06,355.18,47390,115.9174,26.5833,0.22932967785681874
66,2020-04-15,370.87,356.93,373.2,356.12,42106,114.2956,26.2114,0.22932991296252878
67,2020-04-16,359.62,363.35,366.79,354.08,34259,112.1794,25.7261,0.22932998393644466
68,2020-04-17,364.63,357.46,367.2,356.18,32985,113.4254,26.0118,0.22932958578942636
69,2020-04-20,360.32,362.77,368.54,357.52,29950,116.8667,26.801,0.22932965506855246
70,2020-04-21,362.3,356.53,365.22,353.2,30868,116.5305,26.7239,0.22932966047515457
71,2020-04-22,354.6,363.64,364.52,351.68,29279,115.2054,26.42,0.22932952795615485
72,2020-04-23,363.29,363.82,371.57,359.27,24740,115.1461,26.4064,0.2293295213645968
73,2020-04-24,363.99,361.42,371.4,359.91,24135,121.2772,27.8125,0.22932999772422188
74,2020-04-27,365.04,391.93,395.42,365.04,81831,124.6196,28.579,0.22932989674176454
75,2020-04-28,391.4,398.17,403.01,383.82,47530,123.5319,28.3295,0.22932942826913535
76,2020-04-29,397.29,393.85,404.81,390.12,39130,122.8199,28.1662,0.22932928621501888
77,2020-04-30,397.7,385.28,397.7,382.06,34628,125.4701,28.774,0.22932953747546228
78,2020-05-06,388.25,388.54,391.23,376.18,42808,127.6852,29.282,0.22932963256508979
79,2020-05-07,391.93,393.79,397.7,386.09,29053,126.3798,28.9827,0.22933016194043668
80,2020-05-08,393.79,397.7,401.84,391.93,32591,126.8347,29.087,0.22932998619462971
81,2020-05-11,402.13,389.36,404.76,386.74,30753,129.3267,29.6585,0.22933006100055134
82,2020-05-12,386.62,398.05,402.42,383.59,37445,128.5554,29.4816,0.22932992313041695
83,2020-05-13,399.51,437.77,437.77,399.51,77769,129.5641,29.7129,0.22932972945437818
84,2020-05-14,443.01,444.3,454.74,435.49,62456,129.5245,29.7038,0.22932958629448486
85,2020-05-15,450.13,425.75,453.1,424.41,61198,120.763,27.6945,0.22932934756506546
86,2020-05-18,430.94,442.08,452.29,427.5,60847,119.2005,27.3362,0.22932957495983658
87,2020-05-19,445.0,444.3,451.82,435.78,37290,128.9114,29.5632,0.22932960157131177
88,2020-05-20,447.91,439.95,452.29,434.88,91619,128.6741,29.5088,0.22932975633791103
89,2020-05-21,441.53,439.78,447.74,437.42,47120,126.281,28.96,0.2293298279234406
90,2020-05-22,439.95,432.6,442.66,426.83,55997,119.4576,27.3952,0.22932990450168092
91,2020-05-25,433.04,437.42,441.88,426.92,43917,119.8136,27.4768,0.22932955858099582
92,2020-05-26,443.45,451.67,459.46,438.12,68280,119.3587,27.3725,0.22932974303506992
93,2020-05-27,453.69,448.35,457.45,443.36,48451,130.8892,30.0168,0.22932984539595325
94,2020-05-28,447.48,441.0,452.46,432.43,52510,125.7074,28.8284,0.22932937917735946
95,2020-05-29,443.54,478.53,480.19,440.91,93991,131.799,30.2254,0.22932950932859886
96,2020-06-01,478.53,488.85,494.89,474.16,71095,129.1883,29.6267,0.22932959099237316
97,2020-06-02,482.9,477.48,492.53,475.12,58187,127.6061,29.2639,0.22932994582547386
98,2020-06-03,478.53,483.34,491.92,474.94,52364,125.9645,28.8874,0.22932969209578888
99,2020-06-04,482.9,531.54,531.54,481.68,93982,126.5183,29.0144,0.2293296700951562
100,2020-06-05,534.34,548.43,554.64,525.07,68423,126.2216,28.9464,0.22933000373945506
101,2020-06-08,541.95,514.31,551.93,508.71,118796,132.4912,30.3842,0.22932994795126016
102,2020-06-09,517.81,512.21,517.81,503.9,74315,127.6852,29.282,0.22932963256508979
103,2020-06-10,509.15,522.8,529.97,506.17,58553,130.1376,29.8444,0.22932957116160127
104,2020-06-11,521.4,531.63,543.27,517.28,87780,137.1389,31.45,0.2293295337792559
105,2020-06-12,516.32,525.77,541.34,512.65,82939,133.4998,30.6155,0.22932993158042186
106,2020-06-15,535.13,516.85,542.48,513.61,73133,131.5221,30.1619,0.22932951952561584
107,2020-06-16,518.86,529.97,535.04,513.35,77757,131.087,30.0621,0.22932937667350695
108,2020-06-17,531.11,545.37,564.7,526.38,106144,125.4107,28.7604,0.22932971429072638
109,2020-06-18,544.05,528.39,545.28,522.27,65671,124.9163,28.647,0.2293295590727551
110,2020-06-19,532.86,554.29,557.26,528.48,69487,119.0621,27.3045,0.22932990431043968
111,2020-06-22,556.39,556.48,575.63,545.28,51320,122.899,28.1844,0.22932977485577588
112,2020-06-23,562.86,581.58,583.33,554.29,57480,119.4181,27.3861,0.2293295572446723
113,2020-06-24,581.58,583.51,591.82,561.8,68875,116.4514,26.7058,0.2293300037612257
114,2020-06-29,575.11,592.25,596.63,572.13,60371,118.4687,27.1684,0.22932977233649054
115,2020-06-30,600.65,608.35,620.25,592.78,54190,119.7939,27.4723,0.2293297071052867
116,2020-07-01,613.95,577.38,613.95,573.88,88609,117.7963,27.0142,0.2293297837028837
117,2020-07-02,577.21,566.53,586.57,556.39,104552,115.4032,26.4654,0.22932986260346333
118,2020-07-03,561.55,587.79,595.84,551.58,102608,115.8779,26.5742,0.22932931991346064
119,2020-07-06,580.88,560.06,581.67,555.51,149862,123.5912,28.3431,0.22932943445811677
120,2020-07-07,552.89,561.37,569.68,537.4,147595,119.7741,27.4678,0.2293300471470877
121,2020-07-08,560.32,558.92,566.89,555.51,78338,108.8765,24.9686,0.22932956147561687
122,2020-07-09,558.14,566.19,571.26,554.73,116288,107.5514,24.6647,0.22932941830603784
123,2020-07-10,570.38,573.18,590.51,568.72,102178,110.1225,25.2544,0.22933006424663444
124,2020-07-13,577.38,584.73,590.07,570.38,103795,107.7888,24.7192,0.22932994893718087
125,2020-07-14,580.88,557.79,592.25,544.84,139306,99.3041,22.7734,0.22932990682157128
126,2020-07-15,566.27,580.71,592.25,561.72,144082,100.9654,23.1544,0.2293300477193177
127,2020-07-16,586.57,529.71,587.71,525.77,146529,101.717,23.3267,0.22932941396226786
128,2020-07-17,529.71,531.72,551.14,526.82,97233,98.4932,22.5874,0.22932953747060708
129,2020-07-20,538.02,530.14,543.09,524.81,96888,97.4054,22.338,0.22933020140567156
130,2020-07-21,532.77,560.32,564.96,524.9,105319,99.0272,22.7099,0.22932992147611972
131,2020-07-22,556.39,570.91,581.76,554.73,76259,99.0668,22.719,0.22933010857320515
132,2020-07-23,564.87,571.96,575.28,558.14,59957,100.1809,22.3002,0.22259931783403825
133,2020-07-24,568.64,529.01,569.16,526.56,110022,99.6799,22.1886,0.22259853791988155
134,2020-07-27,532.68,535.92,548.25,527.52,51610,95.988,21.3668,0.22259865816560404
135,2020-07-28,538.45,574.67,574.76,532.59,100834,100.1809,22.3002,0.22259931783403825
136,2020-07-29,570.73,574.85,589.63,569.51,91466,98.7042,21.9714,0.22259843046192562
137,2020-07-30,578.17,570.38,584.38,566.01,70430,89.7251,19.9727,0.2225988045708503
138,2020-07-31,575.46,573.8,594.0,566.71,74073,87.7605,19.5354,0.2225990052472354
139,2020-08-03,577.47,562.77,580.01,549.39,118244,89.646,19.9551,0.2225988889632555
140,2020-08-04,561.99,560.76,582.28,552.98,78622,88.7626,19.7584,0.22259825647288387
141,2020-08-05,560.76,566.54,572.92,551.14,61550,87.5759,19.4943,0.22259891134433102
142,2020-08-06,571.17,556.74,574.67,551.23,53788,86.8375,19.3299,0.22259853174031954
143,2020-08-07,556.74,545.02,567.76,535.39,58773,88.7757,19.7614,0.22259920225917676
144,2020-08-10,545.02,548.16,555.51,533.64,64693,89.7514,19.9786,0.2225993132140557
145,2020-08-11,547.9,552.98,566.89,545.89,62040,88.3406,19.6645,0.2225986692415492
146,2020-08-12,550.26,538.19,554.99,526.73,62027,81.4448,18.7868,0.2306691157692081
147,2020-08-13,538.19,511.07,543.97,508.71,92312,81.9854,18.9115,0.23066911913584615
148,2020-08-14,511.34,511.34,517.9,496.81,75236,81.9458,18.9024,0.2306695401106585
149,2020-08-17,513.79,517.2,518.77,501.36,45663,80.3372,18.5313,0.23066898024825364
150,2020-08-18,516.15,518.68,523.85,511.77,41342,81.748,18.8568,0.23066986348289864
151,2020-08-19,521.4,503.46,521.4,503.46,42891,80.5482,18.58,0.23066933835889566
152,2020-08-20,501.8,497.95,508.45,493.23,38929,81.8799,18.8872,0.23066955382212237
153,2020-08-21,497.95,507.31,513.35,497.95,35340,80.4295,18.5526,0.23066909529463692
154,2020-08-24,509.15,514.49,530.14,500.93,65034,83.027,19.1518,0.23066954123357464
155,2020-08-25,513.7,545.72,551.14,512.74,92309,81.3921,18.7747,0.23066980702058307
156,2020-08-26,545.63,570.38,590.16,539.77,126825,78.3858,18.0812,0.2306693304144373
157,2020-08-27,570.38,556.04,577.38,545.89,108685,110.4957,17.9599,0.162539356735149
158,2020-08-28,557.35,571.78,576.07,551.84,72791,106.8468,17.3668,0.16253926182159878
159,2020-08-31,577.38,573.1,578.08,565.22,60758,107.4643,17.4672,0.16253955964911138
160,2020-09-01,575.46,586.92,591.38,571.7,63005,105.7989,17.1965,0.16253949710252186
161,2020-09-02,586.83,593.13,596.54,581.76,56012,105.8176,17.1995,0.1625391239264546
162,2020-09-03,601.09,611.76,632.41,599.69,107275,102.0752,16.5912,0.16253899086163928
163,2020-09-04,601.0,549.91,609.75,536.27,183598,103.3663,16.8011,0.1625394349996082
164,2020-09-07,543.97,515.8,543.97,510.9,143516,99.9045,16.2384,0.16253922495983664
165,2020-09-08,520.0,517.98,526.64,501.98,78561,103.1043,16.7585,0.16253929273560852
166,2020-09-09,509.32,508.01,517.37,494.28,75514,101.888,16.5608,0.16253925879396985
167,2020-09-10,512.56,518.33,539.07,509.32,67084,100.1478,16.278,0.16253976622551866
168,2020-09-11,517.81,524.46,529.27,515.27,37620,98.4824,16.0073,0.1625397025255274
169,2020-09-14,528.31,510.81,530.84,504.6,55135,92.0828,14.9671,0.1625395839396717
170,2020-09-15,515.62,520.35,521.92,505.12,36094,96.7422,15.7244,0.16253920212688983
171,2020-09-16,520.35,507.84,527.17,501.19,48539,95.0768,15.4537,0.1625391262642411
172,2020-09-17,507.22,496.55,510.9,489.9,57817,96.1995,15.6362,0.16253930633735103
173,2020-09-18,496.73,502.06,503.2,483.34,53699,94.478,15.3564,0.16253942716822967
174,2020-09-21,508.1,492.96,517.9,491.74,66861,95.6194,15.5419,0.16253919183763965
175,2020-09-22,491.65,496.9,503.55,488.15,36829,101.9816,16.576,0.16253912470484871
176,2020-09-23,503.55,526.64,532.42,495.94,82801,103.2914,16.7889,0.16253918525646863
177,2020-09-24,526.99,521.13,529.27,517.81,37961,108.0069,17.5554,0.1625396155245637
178,2020-09-25,522.45,532.77,538.02,519.12,59389,112.0862,18.2184,0.16253918858878255
179,2020-09-28,538.89,534.17,543.09,523.23,41170,109.4665,17.7926,0.16253922432890427
180,2020-09-29,539.68,539.15,547.29,530.84,39018,114.9492,18.6838,0.16253962620009535
181,2020-09-30,539.24,546.07,552.71,538.02,42899,114.2755,18.5743,0.16253965198139586
182,2020-10-09,552.01,561.02,564.17,545.02,44673,110.3085,17.9295,0.16253960483552946
183,2020-10-12,567.5,575.9,580.01,558.66,56728,109.2981,17.7653,0.16253987946725515
184,2020-10-13,575.46,580.71,585.87,571.17,41501,110.6079,17.9782,0.1625399270757333
185,2020-10-14,579.05,581.14,591.2,572.13,40169,105.5369,17.1539,0.16253935827184615
186,2020-10-15,581.14,574.15,584.21,570.82,32053,108.5122,17.6375,0.1625393273751707
187,2020-10-16,573.97,575.98,580.79,562.6,34266,103.2166,16.7768,0.1625397465136422
188,2020-10-19,578.26,556.83,578.26,548.51,63154,104.7884,17.9078,0.17089487004286735
189,2020-10-20,560.59,569.42,573.36,554.46,40616,107.0339,18.2915,0.17089445493437125
190,2020-10-21,571.78,566.97,580.01,561.81,27531,107.5017,18.3715,0.17089497189346775
191,2020-10-22,569.51,570.56,577.12,557.79,42227,106.959,18.2788,0.17089538982226835
192,2020-10-23,570.56,549.13,582.98,546.68,35752,104.7323,17.8982,0.17089474784760766
193,2020-10-26,544.05,554.64,555.25,526.73,30590,108.1192,18.477,0.17089471620211766
194,2020-10-27,555.51,596.89,612.99,555.51,123772,106.1918,18.1476,0.17089455118003463
195,2020-10-28,598.03,596.89,607.83,591.47,65230,103.7405,17.7287,0.1708946843325413
196,2020-10-29,596.63,605.03,615.79,592.34,76249,102.0752,17.4441,0.17089459535714846
197,2020-10-30,606.51,598.03,611.41,591.64,47937,104.0774,17.7863,0.17089493011931506
198,2020-11-02,605.46,607.3,619.2,598.47,58124,103.2166,17.6392,0.17089499169707198
199,2020-11-03,604.41,619.9,625.5,602.84,48497,97.6216,16.683,0.17089455612282528
200,2020-11-04,617.62,622.87,626.2,613.77,41943,96.0872,16.4208,0.17089477058338676
201,2020-11-05,627.33,613.77,630.31,598.03,58992,97.0416,16.5839,0.170894750292658
202,2020-11-06,614.04,596.98,616.31,583.59,56085,93.7856,16.0275,0.17089510543196396
203,2020-11-09,597.07,601.88,611.68,593.83,50464,95.0394,16.2417,0.17089438695951364
204,2020-11-10,599.25,594.79,606.16,584.21,39558,89.3508,15.2696,0.17089494442131464
205,2020-11-11,600.04,582.63,609.75,582.63,35860,97.6404,16.6862,0.17089442484873063
206,2020-11-12,588.32,604.94,614.65,587.01,57263,101.4015,17.329,0.17089490786625444
207,2020-11-13,608.53,625.23,627.25,601.18,67826,100.8589,17.2363,0.17089518128791806
208,2020-11-16,634.25,629.17,636.52,609.75,54160,101.7945,17.3962,0.1708952841263526
209,2020-11-17,629.52,632.23,645.01,623.75,71662,100.0729,17.102,0.17089541724083143
210,2020-11-18,628.38,559.97,639.93,558.66,150000,98.9128,16.9037,0.17089497011509128
211,2020-11-19,564.96,563.04,576.42,552.01,77748,98.6134,16.8525,0.17089462486842558
212,2020-11-20,557.44,573.01,587.79,556.39,54744,92.5506,15.8164,0.1708946241299354
213,2020-11-23,577.21,566.8,578.08,561.64,33531,93.6172,15.9987,0.170894878291596
214,2020-11-24,562.51,561.64,568.64,557.88,21944,93.7669,16.0243,0.17089505998385357
215,2020-11-25,557.35,540.82,558.49,535.66,54870,93.5611,15.9891,0.17089474151116224
216,2020-11-26,540.38,548.86,551.84,537.23,30055,90.8478,15.5254,0.1708946171508831
217,2020-11-27,546.77,551.4,557.79,539.85,21644,92.4384,15.7972,0.17089434693806901
218,2020-11-30,547.46,561.64,561.64,533.64,45148,87.1054,14.8859,0.17089526022496881
219,2020-12-01,556.39,581.32,583.51,549.21,77955,87.7229,14.9914,0.17089494305363823
