,日期,开盘,收盘,最高,最低,成交量,pe,pb,roe
0,2020-01-03,606.6,579.88,607.32,578.6,51514,54.3555,13.7802,0.2535198829925215
1,2020-01-06,568.84,587.88,600.68,566.6,38194,50.33,12.7597,0.25352076296443476
2,2020-01-07,595.0,603.0,604.2,585.48,31140,50.5199,12.8078,0.2535199000789788
3,2020-01-08,600.44,595.4,605.8,589.64,28979,49.7163,12.6041,0.2535204751761495
4,2020-01-09,598.6,624.84,625.72,597.0,47724,49.9793,12.6707,0.25351895684813514
5,2020-01-10,628.84,624.2,641.8,616.84,28521,50.2862,12.7485,0.25351885805648466
6,2020-01-13,614.04,642.6,645.96,614.04,31789,50.761,12.8689,0.25351943421130396
7,2020-01-14,651.48,653.0,667.88,647.24,37922,50.3592,12.7671,0.2535207072391936
8,2020-01-15,659.24,661.8,665.64,645.0,26058,49.6944,12.5985,0.25351951125277694
9,2020-01-16,659.72,671.4,679.88,659.72,24313,49.8551,12.6393,0.25352070299728613
10,2020-01-17,671.48,664.68,677.72,661.8,22919,50.3592,12.7671,0.2535207072391936
11,2020-01-20,664.68,671.56,676.44,664.68,20442,52.2222,13.2394,0.2535205334129929
12,2020-01-21,671.56,677.16,686.92,663.56,24348,51.0752,12.9486,0.25352029947998245
13,2020-01-22,663.56,674.28,676.92,663.56,33957,50.688,12.8504,0.2535195707070707
14,2020-01-23,678.6,666.44,685.8,656.28,31472,51.1994,12.9801,0.2535205490689344
15,2020-02-03,609.8,677.72,723.88,609.08,70816,50.6661,12.8449,0.2535205985856421
16,2020-02-04,700.28,735.4,736.2,679.48,84021,49.3218,12.5041,0.25352075552798153
17,2020-02-05,729.8,773.72,807.32,710.44,103269,47.7656,12.1095,0.2535192690974258
18,2020-02-06,761.8,773.16,809.8,753.8,90107,48.0433,12.1799,0.2535192212025402
19,2020-02-07,783.08,804.68,811.4,761.24,72409,46.2387,11.7224,0.2535192382138771
20,2020-02-10,801.8,788.2,821.8,776.84,62961,46.5163,11.7928,0.2535197339427254
21,2020-02-11,793.48,762.92,793.48,749.96,76231,44.6972,11.3316,0.25351923610427496
22,2020-02-12,759.16,766.04,770.52,752.2,56513,44.1712,11.1983,0.25352039337849097
23,2020-02-13,765.8,745.88,765.8,745.8,43931,45.8296,11.6187,0.2535195594113848
24,2020-02-14,742.6,738.04,756.36,734.44,49247,46.4506,11.7761,0.25351879200699234
25,2020-02-17,745.0,768.04,773.8,744.2,52696,44.7556,12.255,0.2738204827999178
26,2020-02-18,774.6,768.52,775.24,751.24,42642,44.9821,12.317,0.2738200306344079
27,2020-02-19,761.8,778.44,796.84,757.8,53334,43.9374,12.031,0.2738213913431382
28,2020-02-20,777.8,781.4,784.92,764.84,40893,45.0113,12.3251,0.2738223512762351
29,2020-02-21,781.48,810.12,823.08,771.32,57347,43.4114,11.8869,0.27381978005777285
30,2020-02-24,802.52,841.8,857.8,800.36,57979,44.4196,12.163,0.2738205656962242
31,2020-02-25,841.64,824.2,841.72,783.64,57379,43.9812,12.043,0.27382154193155256
32,2020-02-26,821.4,836.92,881.24,802.68,76259,44.1492,12.089,0.2738214961992516
33,2020-02-27,857.8,839.32,864.28,797.8,57716,45.8004,12.5411,0.27382075265718203
34,2020-02-28,800.68,844.12,878.68,800.68,74327,47.6195,13.0392,0.2738205987043123
35,2020-03-02,853.8,909.48,927.56,853.8,74786,48.3866,13.2493,0.2738216779025598
36,2020-03-03,934.6,881.24,942.52,873.8,71222,46.5383,12.7432,0.2738217769020355
37,2020-03-04,871.24,878.44,911.0,858.44,43928,45.289,12.4011,0.2738214577491223
38,2020-03-05,897.72,857.0,902.2,851.4,52506,44.0616,12.065,0.27382119578045283
39,2020-03-06,841.88,839.56,864.68,833.8,30431,44.1858,12.099,0.27382100131716525
40,2020-03-09,841.64,792.36,841.8,792.36,55589,44.1858,12.099,0.27382100131716525
41,2020-03-10,792.36,809.56,819.32,745.8,57635,43.2068,11.8309,0.27382032457853855
42,2020-03-11,814.44,793.08,846.44,792.84,42790,42.8123,11.7229,0.2738208412068494
43,2020-03-12,781.96,761.0,790.6,755.24,61110,44.3611,12.147,0.27382098279799194
44,2020-03-13,727.24,741.8,765.96,724.92,58843,44.2442,12.115,0.27382120142301136
45,2020-03-16,750.92,705.56,765.8,697.8,58007,43.8351,12.003,0.2738216634614727
46,2020-03-17,737.8,688.68,740.2,664.6,52128,44.0762,12.069,0.27382124593317936
47,2020-03-18,705.96,707.8,754.6,705.8,66834,43.0314,11.7829,0.27382097723987603
48,2020-03-19,725.8,715.72,729.8,684.2,55267,40.8981,11.1988,0.2738220112914781
49,2020-03-20,716.92,730.84,743.4,716.92,48567,41.731,11.4268,0.2738204212695598
50,2020-03-23,713.8,696.12,725.08,691.0,49192,42.6662,11.6829,0.2738209636667901
51,2020-03-24,715.4,714.28,727.08,689.0,50108,41.6068,11.3928,0.273820625474682
52,2020-03-25,737.24,745.48,751.08,731.0,52890,41.2342,11.2908,0.2738212454709925
53,2020-03-26,736.28,714.6,742.6,712.2,40434,42.0817,11.5229,0.27382211269981965
54,2020-03-27,728.04,687.4,732.2,685.8,46863,43.4333,11.8929,0.2738198571142418
55,2020-03-30,665.8,652.84,670.36,627.0,64272,44.9456,12.307,0.27381990673169343
56,2020-03-31,662.6,662.36,671.08,650.44,40202,45.4935,12.4571,0.2738215349445525
57,2020-04-01,669.08,659.24,672.28,649.88,30604,45.7273,12.5211,0.2738211090530165
58,2020-04-02,664.6,689.8,691.4,654.36,32894,45.3912,12.4291,0.27382179805777335
59,2020-04-03,689.48,700.04,715.24,685.96,37047,42.4324,11.6189,0.2738214194813397
60,2020-04-07,721.8,718.6,733.4,710.6,32378,41.1685,11.2728,0.2738210039229022
61,2020-04-08,705.8,714.2,731.0,697.8,30171,41.8041,11.4468,0.27382003200643
62,2020-04-09,716.76,706.44,720.68,703.32,20260,41.3876,11.3328,0.2738211444973857
63,2020-04-10,698.68,681.8,705.48,677.8,27610,40.9493,11.2128,0.2738215305267733
64,2020-04-13,681.88,687.08,695.8,678.6,28295,42.1474,11.5409,0.2738223472859536
65,2020-04-14,687.4,709.0,709.56,687.4,31781,42.0086,11.5028,0.27382012254633575
66,2020-04-15,733.8,761.24,778.44,732.6,57210,41.5191,11.3688,0.27382096432726144
67,2020-04-16,748.92,758.52,768.84,747.4,33446,42.1621,11.5449,0.2738217498654004
68,2020-04-17,747.48,710.92,760.6,705.96,94197,44.7191,12.245,0.27382035863870247
69,2020-04-20,640.84,681.96,698.28,640.84,200884,45.7784,12.5351,0.2738212781573843
70,2020-04-21,673.88,653.64,680.92,638.28,100215,45.3547,12.4191,0.27382167669502827
71,2020-04-22,669.0,718.04,718.04,669.0,95644,46.8597,13.3898,0.2857423329641462
72,2020-04-23,734.6,688.92,736.68,688.04,62673,45.7127,13.062,0.2857411616465446
73,2020-04-24,689.8,682.44,689.8,665.8,32363,45.7273,13.0662,0.28574177788760763
74,2020-04-27,670.6,693.4,709.56,670.6,40643,45.3912,12.9702,0.2857426109025538
75,2020-04-28,701.72,721.72,732.2,676.44,50872,44.931,12.8387,0.28574258307182127
76,2020-04-29,728.12,718.04,728.12,708.2,25835,45.1209,12.8929,0.2857411975381697
77,2020-04-30,729.88,734.04,749.64,729.8,27863,47.4661,13.5631,0.2857428775483977
78,2020-05-06,734.2,741.0,746.2,717.8,47963,46.7282,13.3522,0.2857418004545435
79,2020-05-07,737.8,729.8,747.0,727.32,29367,47.8387,13.6695,0.2857414603657708
80,2020-05-08,729.88,761.4,771.24,729.88,34235,47.6341,13.6111,0.2857427767082825
81,2020-05-11,772.2,769.8,781.8,759.4,31393,45.9895,13.1325,0.2855543113101904
82,2020-05-12,769.8,777.72,779.4,757.0,21246,46.7788,13.3578,0.285552429733127
83,2020-05-13,770.6,768.76,776.44,762.6,17720,47.3634,13.5248,0.28555382426092724
84,2020-05-14,771.4,757.8,772.84,755.8,19672,46.9542,13.4079,0.28555273010721083
85,2020-05-15,765.4,765.0,767.64,756.92,20789,45.4049,12.9655,0.28555288085647146
86,2020-05-18,763.72,753.32,765.8,746.2,24626,45.1125,12.882,0.2855527847049044
87,2020-05-19,760.76,765.8,772.04,750.36,33089,48.4158,13.8253,0.2855534763444991
88,2020-05-20,762.28,732.04,765.8,726.28,41577,49.2343,14.059,0.28555295799879354
89,2020-05-21,737.64,701.56,741.4,699.0,31595,47.7654,13.6396,0.2855539784027769
90,2020-05-22,702.44,683.4,713.64,678.44,29800,48.0358,13.7168,0.2855536912053093
91,2020-05-25,691.24,687.56,691.8,666.44,24355,47.1296,13.458,0.2855530282455187
92,2020-05-26,697.88,703.56,718.28,697.08,25055,48.2404,13.7752,0.28555318778451255
93,2020-05-27,704.84,696.84,708.28,683.64,21585,51.0759,14.5849,0.28555346063407594
94,2020-05-28,696.84,700.2,705.8,691.88,20446,51.1124,14.5953,0.2855530164891494
95,2020-05-29,697.8,729.8,732.2,697.8,34930,52.479,14.9856,0.28555422168867545
96,2020-06-01,718.64,768.92,773.24,701.12,94493,54.4084,15.5365,0.2855533336764176
97,2020-06-02,772.88,770.6,788.6,749.0,54912,55.1757,15.7556,0.28555324173503915
98,2020-06-03,769.76,770.6,782.6,756.2,53121,54.5326,15.572,0.2855539622170958
99,2020-06-04,765.56,752.6,779.72,749.0,50668,52.404,15.3275,0.29248721471643385
100,2020-06-05,752.6,753.92,756.8,743.0,28748,52.091,15.2359,0.2924862260275288
101,2020-06-08,758.36,768.8,770.0,750.32,43617,50.6281,14.8081,0.292487768650216
102,2020-06-09,763.4,766.88,774.92,751.52,26507,50.1986,14.6825,0.2924882367237333
103,2020-06-10,765.8,767.24,772.76,757.52,32839,49.1069,14.3631,0.2924863919327019
104,2020-06-11,767.96,764.12,784.76,758.6,51889,49.6819,14.5313,0.29248680102814106
105,2020-06-12,741.8,749.0,779.0,737.0,69035,49.6091,14.51,0.2924866607134578
106,2020-06-15,762.2,768.32,775.04,750.92,51748,48.7648,14.2631,0.29248761401666773
107,2020-06-16,774.32,773.84,781.16,759.2,46786,48.0224,14.0459,0.2924864230025988
108,2020-06-17,774.44,794.6,814.4,774.44,69863,46.8943,13.716,0.2924875731165621
109,2020-06-18,776.84,767.36,790.16,765.8,62021,46.3702,13.5627,0.29248741648731297
110,2020-06-19,775.04,781.52,790.16,764.12,54073,45.5114,13.3115,0.2924871570639444
111,2020-06-22,788.6,790.16,804.92,783.56,53356,47.1636,13.7947,0.2924861545768347
112,2020-06-23,788.6,808.76,812.6,776.6,53228,45.9044,13.4265,0.29248830177499324
113,2020-06-24,815.0,821.0,836.84,809.36,61720,45.5696,13.3285,0.2924866577718479
114,2020-06-29,815.6,834.92,839.0,806.84,54490,44.3978,12.9858,0.2924874655951421
115,2020-06-30,843.92,836.12,844.88,823.4,52343,45.3149,13.254,0.29248657726266636
116,2020-07-01,838.88,826.64,844.76,798.2,59488,45.5041,13.3094,0.29248792965908565
117,2020-07-02,821.0,844.64,856.76,818.24,61061,45.4823,13.303,0.2924874071891703
118,2020-07-03,840.8,851.72,852.8,835.64,47636,45.5987,13.337,0.292486408603754
119,2020-07-06,850.16,875.84,880.88,847.04,60047,44.6962,13.0731,0.29248795199591915
120,2020-07-07,875.84,881.0,895.4,869.96,73687,44.6162,13.0497,0.29248793039299625
121,2020-07-08,872.0,912.44,918.92,872.0,64075,45.7079,13.369,0.29248773188004695
122,2020-07-09,908.96,923.0,923.6,901.4,62935,45.7079,13.369,0.29248773188004695
123,2020-07-10,921.08,910.4,938.36,905.6,49184,45.606,13.3392,0.292487830548612
124,2020-07-13,868.88,878.72,879.68,845.12,133021,43.67,11.3262,0.25935882757041445
125,2020-07-14,878.96,856.28,884.12,843.8,102892,41.8746,10.8606,0.25936008940980926
126,2020-07-15,856.28,855.68,871.52,845.36,72320,41.6709,10.8077,0.25935844918156314
127,2020-07-16,855.8,809.12,863.72,809.0,77675,42.0784,10.9134,0.25935872086391115
128,2020-07-17,810.2,790.88,834.2,781.16,63023,41.108,10.6617,0.25935827576140896
129,2020-07-20,790.16,805.76,813.2,779.36,54255,40.8557,10.5963,0.2593591591870902
130,2020-07-21,805.88,801.32,819.68,797.36,42353,41.9571,10.882,0.2593601559688348
131,2020-07-22,812.6,825.44,837.44,799.04,63692,43.8058,11.3615,0.25936063261029363
132,2020-07-23,821.0,812.0,825.44,806.6,43649,45.8535,11.8925,0.2593586094845541
133,2020-07-24,804.68,757.76,817.76,751.4,64451,45.0965,11.6962,0.2593593737873227
134,2020-07-27,745.28,762.56,769.76,745.28,45269,45.8049,11.8799,0.25935871489731444
135,2020-07-28,767.12,788.0,790.04,767.12,43536,45.3682,11.7667,0.2593600804087444
136,2020-07-29,788.36,794.72,797.0,776.6,47535,46.033,11.9391,0.2593595898594486
137,2020-07-30,794.48,785.12,801.32,776.72,35689,46.5765,12.08,0.2593582600667719
138,2020-07-31,785.0,772.16,798.2,767.24,59985,46.0961,11.9555,0.25936033634081845
139,2020-08-03,784.88,799.4,801.44,784.88,53262,45.5866,11.8233,0.2593591099138782
140,2020-08-04,801.2,802.76,811.16,787.28,59242,43.67,11.3262,0.25935882757041445
141,2020-08-05,803.12,784.52,812.24,782.6,52594,44.3493,11.5024,0.2593592232571878
142,2020-08-06,785.12,796.64,804.8,781.04,47294,43.9271,11.3929,0.25935925658648074
143,2020-08-07,792.2,758.12,793.76,753.8,50735,42.9567,11.1412,0.2593588427416445
144,2020-08-10,758.24,755.0,770.84,749.6,38115,43.1799,11.1991,0.25935909995159784
145,2020-08-11,751.28,762.56,774.08,751.28,44886,41.4622,10.7536,0.2593591271085471
146,2020-08-12,760.88,768.08,772.04,743.0,43206,40.7975,10.5812,0.2593590293522888
147,2020-08-13,767.96,767.84,774.92,757.16,37288,41.1905,10.6831,0.2593583471917068
148,2020-08-14,766.04,786.68,786.8,755.96,41630,42.9567,11.1412,0.2593588427416445
149,2020-08-17,786.56,761.96,786.56,756.92,85867,39.0507,10.1282,0.2593602675496214
150,2020-08-18,757.4,768.92,786.8,749.96,60891,40.7683,10.5737,0.25936082691699186
151,2020-08-19,764.72,751.52,772.76,749.36,34119,42.5248,11.0292,0.25935924448792236
152,2020-08-20,747.56,709.52,748.04,701.24,80001,45.4119,11.778,0.25935933092427316
153,2020-08-21,712.88,698.96,714.2,693.44,55313,45.5769,11.8208,0.2593594562157584
154,2020-08-24,702.2,707.0,717.8,696.2,49373,61.5247,12.6775,0.2060554541509345
155,2020-08-25,703.64,709.28,713.0,702.44,33296,59.5959,12.28,0.2060544433425789
156,2020-08-26,709.28,689.6,714.44,687.56,36199,59.1313,12.1843,0.20605499963640236
157,2020-08-27,690.2,696.8,700.64,683.96,21889,61.2994,12.6311,0.20605585046509428
158,2020-08-28,695.96,703.64,704.72,689.0,28545,61.9823,12.7718,0.20605559974379783
159,2020-08-31,703.76,693.2,716.48,691.64,47775,62.3694,12.8515,0.20605457163288407
160,2020-09-01,701.24,713.96,714.32,691.4,52790,60.7363,12.515,0.2060546987551102
161,2020-09-02,721.4,762.56,780.2,721.4,127789,59.8426,11.6012,0.19386189771166362
162,2020-09-03,764.6,768.08,788.0,747.8,78931,57.1532,11.0798,0.1938614110845937
163,2020-09-04,748.4,764.24,767.48,738.32,45601,57.4278,11.133,0.19386081305569774
164,2020-09-07,764.48,755.24,787.76,752.6,65861,56.59,10.9706,0.19386110620250926
165,2020-09-08,755.36,730.4,761.0,715.4,50940,59.6314,11.5602,0.19386095245122537
166,2020-09-09,719.24,708.2,725.6,698.24,40267,62.0251,12.0243,0.1938618398035634
167,2020-09-10,720.2,694.28,730.4,693.2,32048,64.7427,12.5511,0.19386123840989022
168,2020-09-11,689.12,700.4,700.64,687.8,27580,61.9969,12.0188,0.19386130596852424
169,2020-09-14,707.0,717.8,718.76,693.44,36935,60.3988,11.709,0.1938614674463731
170,2020-09-15,710.6,702.44,717.56,695.48,30230,63.4543,12.3013,0.19386077854455883
171,2020-09-16,702.44,688.76,704.36,684.2,26386,62.1237,12.0434,0.1938616019329177
172,2020-09-17,688.88,723.8,725.0,681.92,44510,61.4267,11.9082,0.19386032458198146
173,2020-09-18,715.52,742.4,751.76,711.56,58159,59.744,11.582,0.1938604713444028
174,2020-09-21,741.8,737.0,745.88,727.52,29975,61.2295,11.87,0.1938608023910043
175,2020-09-22,731.96,743.72,747.8,728.96,28737,64.4188,12.4883,0.19386110886883953
176,2020-09-23,744.2,745.64,756.44,741.2,24782,66.1085,12.8159,0.19386160629873614
177,2020-09-24,737.12,720.2,743.6,720.2,22572,68.9316,13.3632,0.19386174120432428
178,2020-09-25,730.04,726.68,732.56,715.4,17795,70.3819,13.6443,0.19386092162899835
179,2020-09-28,733.16,742.76,743.72,719.12,29226,68.8683,13.3509,0.19386132661906855
180,2020-09-29,739.28,742.76,758.0,739.28,28942,73.0221,14.1561,0.19386048881092163
181,2020-09-30,743.72,740.72,748.64,732.44,17546,74.5569,14.4537,0.1938613327539101
182,2020-10-09,746.48,760.88,787.16,746.48,43771,76.4437,14.8195,0.19386162626874417
183,2020-10-12,762.56,781.4,783.2,756.44,40552,76.6901,14.8672,0.193860746041536
184,2020-10-13,776.96,811.76,814.4,775.4,50711,79.1753,15.349,0.19386096421484986
185,2020-10-14,800.36,799.16,811.28,792.44,22213,73.4234,14.2339,0.19386054037268774
186,2020-10-15,792.32,769.28,799.28,761.0,50550,73.0009,14.152,0.19386062363614695
187,2020-10-16,761.84,742.16,768.92,739.16,39208,72.7897,14.1111,0.1938612193758183
188,2020-10-19,742.4,739.4,757.4,737.12,22161,71.6703,13.8941,0.19386133447188028
189,2020-10-20,737.12,746.6,748.16,725.0,17783,73.2192,15.0813,0.2059746623836371
190,2020-10-21,740.96,730.04,744.2,726.2,15524,70.4312,14.507,0.2059740569520326
191,2020-10-22,725.0,756.32,759.56,723.32,27606,67.9038,13.9864,0.2059737452101355
192,2020-10-23,762.8,738.68,764.36,729.8,16196,67.6433,13.9328,0.20597457545684497
193,2020-10-26,731.24,755.84,759.56,725.0,15100,66.7703,13.753,0.2059748121545058
194,2020-10-27,750.56,752.12,758.6,745.76,14457,66.728,13.7443,0.20597500299724256
195,2020-10-28,754.28,779.96,786.2,740.12,38480,64.0879,13.2005,0.2059749188224298
196,2020-10-29,768.2,769.76,779.6,759.2,18655,64.7779,13.3426,0.20597456848709203
197,2020-10-30,768.08,742.52,777.32,732.32,28180,66.552,13.708,0.2059742757542974
198,2020-11-02,747.44,751.16,752.6,731.96,17281,66.2774,13.6515,0.20597518912932614
199,2020-11-03,754.52,781.04,783.2,749.12,33729,68.5022,14.1097,0.20597440666139188
200,2020-11-04,774.92,776.48,788.84,768.92,25488,69.9525,14.4084,0.20597405382223652
201,2020-11-05,785.0,806.12,808.76,773.12,45841,67.1786,13.8371,0.20597481936211828
202,2020-11-06,806.12,801.56,811.64,789.92,28528,67.2279,13.8472,0.20597400781520767
203,2020-11-09,807.68,827.12,846.56,804.2,41512,63.8556,13.1526,0.20597410407231315
204,2020-11-10,827.24,849.2,864.32,816.32,68882,58.7795,12.1071,0.2059748721918356
205,2020-11-11,848.96,857.96,873.68,834.8,59830,57.7868,11.9026,0.20597437477070887
206,2020-11-12,848.96,849.56,865.88,839.72,34452,58.4768,12.0447,0.2059739931049579
207,2020-11-13,848.6,855.92,862.52,827.96,35365,58.7302,12.0969,0.2059740985046875
208,2020-11-16,864.92,874.76,876.2,855.92,31797,58.2374,11.9954,0.20597416780282088
209,2020-11-17,867.56,844.16,874.64,839.0,29356,57.632,11.8707,0.20597411160466408
210,2020-11-18,839.0,835.88,859.88,831.8,24615,58.2233,11.9925,0.2059742405531806
211,2020-11-19,827.36,833.24,845.12,817.64,16007,57.3785,11.8185,0.20597436321967286
212,2020-11-20,841.16,844.16,861.56,830.84,20167,56.6041,11.659,0.20597447888050513
213,2020-11-23,845.72,850.76,857.0,834.08,17825,55.6888,11.4705,0.20597498958497937
214,2020-11-24,848.6,842.96,860.24,839.72,12035,54.0696,11.1369,0.2059734120466954
215,2020-11-25,838.76,837.92,851.0,831.32,17843,54.1259,11.1485,0.20597348034859467
216,2020-11-26,833.36,833.6,846.2,830.6,10600,51.535,10.6149,0.20597458038226452
217,2020-11-27,839.6,846.8,851.96,822.92,19345,52.2039,10.7527,0.2059750325167277
218,2020-11-30,846.68,843.68,862.28,834.08,30180,50.8733,10.4786,0.2059744502519003
219,2020-12-01,843.92,909.8,919.88,841.76,55627,50.1692,10.3336,0.20597498066542821
