,日期,开盘,收盘,最高,最低,成交量,pe,pb,roe
0,2020-01-03,129.36,122.6,129.87,122.37,98911,170.41,14.1287,0.08291004049058154
1,2020-01-06,122.37,120.8,125.11,120.29,64123,162.0042,13.4317,0.08290957888746094
2,2020-01-07,121.55,126.16,126.25,119.75,53649,159.3053,13.208,0.082909984790211
3,2020-01-08,125.23,125.16,127.84,124.36,34797,162.5273,13.4751,0.08290976346742977
4,2020-01-09,125.44,132.33,134.58,125.4,59322,165.8801,13.7531,0.08290988491084826
5,2020-01-10,133.9,134.16,137.44,132.33,66291,175.2727,14.5318,0.0829096602037853
6,2020-01-13,134.99,133.09,136.52,132.33,33383,176.5449,14.6373,0.08290978668882533
7,2020-01-14,133.74,133.98,135.77,132.63,38296,176.8778,14.6649,0.0829097829122705
8,2020-01-15,135.32,137.32,138.02,134.01,41900,181.4314,15.0424,0.08290957353578268
9,2020-01-16,137.33,137.75,138.23,135.16,32587,179.9809,14.9222,0.08290990877365322
10,2020-01-17,138.11,144.01,144.61,137.65,74847,176.3201,14.6187,0.0829100028867951
11,2020-01-20,145.78,158.21,158.21,143.93,111143,187.4185,15.5388,0.08290963805600834
12,2020-01-21,161.53,153.74,161.98,150.25,95128,191.0864,15.8429,0.08290961575496739
13,2020-01-22,152.69,153.22,155.36,149.59,48218,192.8021,15.9852,0.08290988531763918
14,2020-01-23,151.8,150.63,155.61,147.57,48960,189.3116,15.6958,0.08290986923146812
15,2020-02-03,136.07,145.34,152.84,136.07,68092,198.3631,16.4463,0.08291007752954052
16,2020-02-04,149.42,147.38,151.29,142.96,52490,202.6108,16.7984,0.0829096968177412
17,2020-02-05,148.85,147.23,149.8,143.11,56548,193.7605,16.0647,0.0829100874533251
18,2020-02-06,145.96,155.54,158.09,143.87,70286,201.9719,16.7455,0.08291004837801694
19,2020-02-07,154.79,153.14,157.79,152.11,49869,203.7467,16.8926,0.08290980909138651
20,2020-02-10,160.0,157.5,165.39,153.04,86426,203.2852,16.8543,0.08290962647551321
21,2020-02-11,154.28,159.1,159.1,152.22,50890,204.1016,16.922,0.08290968811611472
22,2020-02-12,159.1,162.64,165.06,157.04,54344,214.5374,19.6648,0.09166140728842617
23,2020-02-13,163.48,162.65,166.77,161.68,38629,212.7153,19.4978,0.09166148368265001
24,2020-02-14,165.2,170.51,173.66,163.82,61264,203.4864,18.6519,0.09166165404665864
25,2020-02-17,171.26,172.18,173.0,168.27,45210,204.5867,18.7527,0.09166138365788197
26,2020-02-18,172.16,169.47,173.05,167.07,45984,198.3394,18.1801,0.09166156598235145
27,2020-02-19,167.16,164.14,167.76,159.3,63351,186.188,17.0663,0.09166165381227576
28,2020-02-20,164.15,163.78,165.27,159.28,52974,200.3154,18.3612,0.09166144989351792
29,2020-02-21,163.24,166.89,170.38,161.45,34672,210.4436,19.2896,0.09166161384808091
30,2020-02-24,168.45,172.91,174.26,168.45,42944,206.2669,18.9067,0.09166133781038063
31,2020-02-25,171.58,178.18,180.38,169.71,60900,207.9233,19.0586,0.09166168486167735
32,2020-02-26,175.76,181.0,182.37,170.66,59838,210.0176,19.2505,0.09166136552365135
33,2020-02-27,184.05,173.6,184.47,173.45,50720,214.1588,19.6301,0.091661421337811
34,2020-02-28,166.02,166.82,172.58,165.72,54635,216.3832,19.834,0.09166145985455433
35,2020-03-02,166.95,171.67,173.79,166.95,31884,220.063,20.1713,0.09166147875835556
36,2020-03-03,177.97,169.72,182.24,168.15,53706,222.7843,20.4207,0.0916613064744688
37,2020-03-04,171.26,173.64,177.25,169.77,47313,221.2084,20.2756,0.09165836378727028
38,2020-03-05,177.07,176.17,178.44,173.96,39591,214.7314,19.682,0.09165869546791945
39,2020-03-06,175.65,176.58,178.57,174.63,32058,211.7702,19.4105,0.0916583164203462
40,2020-03-09,177.4,172.33,177.85,172.01,35407,213.764,19.5933,0.09165855803596488
41,2020-03-10,170.86,168.72,173.3,166.04,65840,221.5624,20.3081,0.09165860272320574
42,2020-03-11,169.17,165.8,171.56,165.27,37660,225.2551,20.6466,0.09165874601729328
43,2020-03-12,166.73,158.92,166.73,158.04,44047,227.1073,20.8163,0.09165843634264507
44,2020-03-13,149.82,160.78,162.58,149.82,54252,205.6354,18.8482,0.0916583428728711
45,2020-03-16,161.53,154.49,165.23,154.49,44834,202.9219,18.5995,0.09165841636609946
46,2020-03-17,156.29,160.8,161.53,150.06,59588,205.2814,18.8158,0.0916585720869012
47,2020-03-18,165.27,157.79,170.07,157.79,58931,200.8916,18.4134,0.09165838691115008
48,2020-03-19,158.04,153.91,160.42,151.8,58985,204.4501,18.7396,0.09165855140202915
49,2020-03-20,156.27,150.69,156.89,146.85,91104,209.0387,19.1602,0.09165862589080395
50,2020-03-23,149.55,153.43,157.79,148.8,79122,200.4,18.3684,0.09165868263473054
51,2020-03-24,153.44,156.8,159.94,153.44,60231,197.099,18.0658,0.09165850663879574
52,2020-03-25,160.48,166.77,166.77,157.44,58132,195.4836,17.9177,0.09165832837128025
53,2020-03-26,162.28,172.34,174.65,161.99,63342,189.6308,17.3813,0.09165863351312128
54,2020-03-27,172.46,172.48,177.25,170.51,43368,227.2995,20.8339,0.09165836264488043
55,2020-03-30,168.27,167.29,174.24,166.02,32481,224.7476,20.6,0.0916583758847703
56,2020-03-31,167.29,172.16,172.58,166.86,35884,229.3245,21.0196,0.09165876301921513
57,2020-04-01,172.28,175.16,179.5,172.28,41812,226.4684,20.7578,0.09165870381916418
58,2020-04-02,174.3,175.77,176.94,171.28,24972,227.3463,20.8382,0.09165840834005215
59,2020-04-03,175.88,176.58,179.35,175.01,21777,228.5871,20.952,0.0916587156493083
60,2020-04-07,178.15,189.55,192.23,178.15,49149,231.771,21.2438,0.09165857678484367
61,2020-04-08,188.63,186.69,190.58,186.06,35433,241.6388,22.1483,0.09165870712815988
62,2020-04-09,187.91,197.93,198.22,187.91,64852,232.1573,21.2792,0.0916585435823039
63,2020-04-10,197.77,184.92,201.03,183.57,64868,228.0252,20.9005,0.0916587289475023
64,2020-04-13,187.2,186.16,190.73,182.51,33939,234.8145,21.5228,0.09165873487369817
65,2020-04-14,187.74,194.77,194.77,184.44,50361,234.1004,21.4573,0.0916585362519671
66,2020-04-15,195.01,187.74,195.04,185.91,65811,241.194,22.1075,0.09165858188843837
67,2020-04-16,186.04,190.89,192.23,184.17,39807,230.9048,21.1644,0.09165855365501281
68,2020-04-17,191.63,192.02,196.9,187.15,39537,233.0937,21.365,0.09165841891050679
69,2020-04-20,196.42,194.77,196.42,191.48,27051,247.1171,22.6504,0.09165856996541316
70,2020-04-21,199.12,193.65,199.12,191.43,24752,242.3061,22.2094,0.09165844359675633
71,2020-04-22,191.66,197.62,198.97,189.65,34042,233.6907,20.7518,0.08880028173992376
72,2020-04-23,196.58,202.71,204.96,195.52,37734,227.2058,20.1759,0.08880010985635049
73,2020-04-24,203.17,198.64,204.88,197.47,29170,243.4766,21.6208,0.0888003200307545
74,2020-04-27,200.43,205.26,207.95,197.02,51544,270.5283,24.023,0.08880032144511313
75,2020-04-28,201.21,206.0,208.0,198.22,44746,269.229,23.9076,0.08880024068729594
76,2020-04-29,204.21,204.24,210.2,203.46,28049,276.147,24.5219,0.08880016802644967
77,2020-04-30,204.21,201.21,204.21,191.4,69178,251.0384,22.2923,0.08880035882956552
78,2020-05-06,197.2,202.07,203.46,195.57,47149,278.9329,24.7693,0.08880020965615745
79,2020-05-07,203.29,204.66,205.4,198.38,26103,289.9011,25.7433,0.08880028395890875
80,2020-05-08,203.46,200.75,204.81,200.21,42064,265.7056,23.5947,0.08880016077944913
81,2020-05-11,200.9,200.91,203.13,199.34,32220,263.2123,23.3733,0.08880018145048692
82,2020-05-12,202.71,208.28,210.2,202.71,49646,265.3076,23.5594,0.08880032083513628
83,2020-05-13,210.87,210.2,212.13,206.44,29525,262.8026,23.3369,0.08880011080560087
84,2020-05-14,209.27,212.56,214.82,208.82,26770,244.1907,21.6842,0.08880026962533791
85,2020-05-15,212.41,212.97,214.27,210.0,23878,243.3479,21.6094,0.08880043756284726
86,2020-05-18,211.71,217.01,220.5,210.75,34214,241.7208,21.4649,0.08880038457592396
87,2020-05-19,220.81,224.36,225.08,219.06,41038,256.6454,22.7902,0.0888003447558382
88,2020-05-20,224.12,218.54,224.83,217.68,29793,241.8261,21.4742,0.08880017500178848
89,2020-05-21,220.66,219.0,227.82,218.28,47913,239.4499,21.2632,0.08880020413456009
90,2020-05-22,219.18,213.43,221.13,213.21,45393,222.2544,22.1168,0.09951119077957513
91,2020-05-25,216.94,219.03,219.59,213.73,30704,229.9566,22.8833,0.09951138606154378
92,2020-05-26,220.68,223.94,229.02,219.93,45541,226.7142,22.5606,0.09951119074147098
93,2020-05-27,224.87,215.41,224.96,214.39,46214,236.0904,23.4936,0.09951103475617815
94,2020-05-28,216.1,212.68,218.97,207.2,43307,234.7208,23.3573,0.09951099348672976
95,2020-05-29,213.94,219.18,221.13,212.71,54131,231.3028,23.0172,0.09951111702927937
96,2020-06-01,216.04,211.36,216.85,203.47,150008,221.552,22.0469,0.09951117570592909
97,2020-06-02,208.7,207.35,208.7,202.87,79166,207.6575,20.6642,0.09951097359835306
98,2020-06-03,207.77,205.3,209.75,204.28,74160,188.7763,18.7854,0.09951143231433184
99,2020-06-04,206.45,206.6,207.32,202.56,57678,188.1091,18.719,0.09951140056488496
100,2020-06-05,207.37,209.6,213.19,206.17,47345,184.5038,18.3602,0.09951122957901137
101,2020-06-08,213.19,197.89,213.19,194.92,121064,184.9486,18.4044,0.09951089113407725
102,2020-06-09,196.0,207.04,208.55,195.52,70240,180.3249,17.9443,0.09951093831190255
103,2020-06-10,207.5,210.2,212.04,205.12,44691,187.7813,18.6863,0.09951097366990216
104,2020-06-11,211.68,214.84,215.86,209.04,52043,189.8181,18.889,0.099511058218368
105,2020-06-12,210.2,209.45,217.68,209.37,68934,183.0523,18.2157,0.09951090480698685
106,2020-06-15,214.69,218.21,221.28,214.18,57377,179.9152,17.9036,0.0995113253354914
107,2020-06-16,218.13,219.59,222.93,216.74,47259,184.3399,18.3439,0.0995112832327673
108,2020-06-17,222.15,221.13,225.77,219.29,53234,182.1392,18.1249,0.09951125293182358
109,2020-06-18,223.39,219.63,223.67,215.56,48035,176.4854,17.5623,0.09951134768088465
110,2020-06-19,222.18,226.32,228.17,220.87,65763,171.253,17.0416,0.09951124943796605
111,2020-06-22,226.32,233.56,236.36,225.17,59990,172.4236,17.1581,0.09951131979613001
112,2020-06-23,233.56,236.37,238.63,231.61,46049,171.2179,17.0381,0.09951120764826575
113,2020-06-24,236.25,230.71,238.48,225.22,63785,170.141,16.9309,0.09951099382277054
114,2020-06-29,232.06,234.72,237.29,229.36,37081,163.2932,16.2495,0.09951118601386953
115,2020-06-30,239.5,243.38,244.91,237.15,33675,167.5072,16.6688,0.09951094639514003
116,2020-07-01,241.66,240.77,244.61,234.9,40791,163.8785,16.3077,0.09951091814972678
117,2020-07-02,237.15,231.24,239.31,229.75,62235,161.4086,16.062,0.09951142628087971
118,2020-07-03,228.18,237.15,240.04,222.03,49497,154.2565,15.3502,0.09951087960636991
119,2020-07-06,235.65,236.58,238.33,231.48,47597,163.4103,16.2611,0.09951086314632553
120,2020-07-07,230.41,241.19,242.24,227.96,63216,161.0691,16.0282,0.0995113277469111
121,2020-07-08,238.2,242.05,243.89,235.85,46404,160.0508,15.9268,0.09951090528757119
122,2020-07-09,241.04,266.2,266.2,241.04,85161,161.6544,16.0864,0.09951105568422511
123,2020-07-10,267.1,283.98,288.15,267.1,76000,164.7915,16.3986,0.09951120051701694
124,2020-07-13,285.07,296.45,311.6,277.58,94896,170.9019,17.0066,0.09951088899538271
125,2020-07-14,299.22,300.82,307.31,294.05,56748,165.8216,16.5011,0.09951116139272569
126,2020-07-15,301.54,302.57,321.01,300.04,62252,167.952,16.7131,0.0995111698580547
127,2020-07-16,304.45,290.58,312.02,288.21,75995,174.6242,17.3771,0.09951140792627824
128,2020-07-17,291.07,294.73,301.06,285.32,59575,170.7848,16.995,0.09951119771782971
129,2020-07-20,296.3,284.87,299.31,279.08,74413,166.4069,16.5593,0.09951089768513205
130,2020-07-21,284.75,306.87,308.98,280.52,82122,170.7614,16.9927,0.09951136498061036
131,2020-07-22,304.54,309.91,318.01,298.37,71034,170.3985,16.9566,0.09951143936126199
132,2020-07-23,306.03,328.87,328.87,305.85,94414,167.8569,34.5896,0.2060660002657025
133,2020-07-24,324.0,309.78,325.46,304.54,85645,162.3425,33.4533,0.2060661872276206
134,2020-07-27,315.02,311.86,328.2,307.19,83985,159.3102,32.8284,0.20606590161835212
135,2020-07-28,310.78,312.94,319.05,296.88,72521,159.0069,32.7659,0.2060659002848304
136,2020-07-29,309.03,336.75,342.87,307.85,101405,157.2325,32.4003,0.20606617588602869
137,2020-07-30,341.79,339.95,359.6,337.3,101915,155.7949,32.104,0.2060657954785426
138,2020-07-31,335.98,337.27,343.31,320.83,116397,150.2693,30.9654,0.2060660427645567
139,2020-08-03,347.29,340.46,350.21,327.45,100680,150.1458,30.9399,0.2060657041355802
140,2020-08-04,337.55,371.41,374.45,337.55,134548,153.077,31.544,0.20606622810742306
141,2020-08-05,352.45,357.38,367.43,334.32,110678,151.1341,31.1436,0.20606600363518227
142,2020-08-06,356.8,321.7,361.44,321.7,145079,150.4939,31.0117,0.20606615949217877
143,2020-08-07,353.82,353.82,353.82,339.43,198265,152.7626,31.4792,0.20606614446206073
144,2020-08-10,344.97,344.97,352.16,321.01,154311,154.0878,31.7523,0.20606628169134744
145,2020-08-11,345.27,346.63,365.63,337.81,111769,202.4437,32.0499,0.15831512662532843
146,2020-08-12,343.47,312.02,344.31,312.02,122863,195.898,31.0136,0.15831504150118939
147,2020-08-13,312.02,291.21,315.48,289.56,98028,199.9261,31.6513,0.15831499739153618
148,2020-08-14,290.79,299.5,305.87,288.51,79797,194.8909,30.8542,0.15831524201489142
149,2020-08-17,301.99,310.98,313.46,296.75,63628,190.9664,30.2328,0.1583147611307539
150,2020-08-18,310.65,317.13,333.63,310.65,58351,192.0771,30.4087,0.15831507243705784
151,2020-08-19,315.66,299.19,316.93,294.5,69377,189.3522,29.9773,0.15831503410047518
152,2020-08-20,300.54,296.39,307.79,294.5,53576,188.2415,29.8015,0.15831524929412483
153,2020-08-21,302.29,309.55,316.96,302.29,65891,185.1168,29.3068,0.15831518263064182
154,2020-08-24,306.48,300.48,307.26,284.1,78394,192.0771,30.4087,0.15831507243705784
155,2020-08-25,301.99,301.39,310.23,300.49,46692,183.5618,29.0606,0.15831507426926517
156,2020-08-26,300.82,292.71,309.3,292.35,50431,182.3326,28.866,0.1583150791465706
157,2020-08-27,292.89,297.99,307.11,288.53,45102,195.2019,30.9034,0.15831505738417506
158,2020-08-28,299.04,310.12,313.3,293.01,63924,184.0801,29.1426,0.1583147770997517
159,2020-08-31,311.63,297.5,311.63,296.46,66411,186.9087,29.5904,0.15831472799286495
160,2020-09-01,297.39,293.43,299.56,289.43,42544,174.0838,27.5601,0.15831513328638275
161,2020-09-02,290.77,291.84,295.22,287.06,33158,173.2841,27.4335,0.15831515990214912
162,2020-09-03,291.84,290.71,299.15,290.46,40383,172.6769,27.3373,0.15831474852745214
163,2020-09-04,287.17,294.37,297.51,283.27,40877,169.715,26.8684,0.15831482190731522
164,2020-09-07,292.26,288.51,306.18,287.88,49524,164.902,26.1065,0.1583152417799663
165,2020-09-08,293.01,291.78,296.87,285.83,34630,170.026,26.9177,0.1583151988519403
166,2020-09-09,258.74,243.59,260.06,234.61,161777,169.8928,26.8966,0.1583151257734289
167,2020-09-10,247.35,251.08,264.37,237.75,115660,164.3837,26.0244,0.15831496675156964
168,2020-09-11,251.09,253.14,263.06,250.24,52200,154.5207,24.4629,0.15831471123286395
169,2020-09-14,263.06,257.37,273.96,254.97,92767,151.1886,23.9354,0.15831484648974856
170,2020-09-15,257.37,268.42,270.54,255.69,57726,148.4784,23.5064,0.15831528356986604
171,2020-09-16,267.88,262.55,273.09,259.0,37680,151.6625,24.0104,0.15831467897469712
172,2020-09-17,265.57,258.0,265.57,253.98,34397,155.4981,24.6177,0.158315117676679
173,2020-09-18,263.06,262.31,266.25,255.57,38719,158.4747,25.0889,0.15831486035310366
174,2020-09-21,260.05,258.56,265.74,254.48,33404,152.24,24.1019,0.15831516027325276
175,2020-09-22,261.56,262.01,271.37,260.15,56012,158.4599,25.0866,0.1583151320933561
176,2020-09-23,261.5,289.26,291.51,258.71,109617,156.6236,24.7959,0.15831522197165687
177,2020-09-24,282.51,286.91,292.99,282.51,55379,163.4211,25.872,0.15831492995702515
178,2020-09-25,288.32,282.22,296.58,278.48,47839,166.3089,26.3292,0.15831503906285233
179,2020-09-28,285.52,272.33,286.82,265.3,52745,169.8779,26.8942,0.15831488380772307
180,2020-09-29,273.57,269.8,280.25,265.14,46797,174.0838,27.5601,0.15831513328638275
181,2020-09-30,273.54,273.55,279.53,270.26,42817,173.6839,27.4968,0.1583151921392829
182,2020-10-09,276.91,281.77,286.84,276.53,65553,171.1812,27.1005,0.15831469810937182
183,2020-10-12,285.46,282.96,288.24,279.18,81832,167.3011,26.4863,0.15831515752137912
184,2020-10-13,282.87,279.51,285.52,276.55,63231,169.2263,26.7911,0.15831522641575216
185,2020-10-14,279.54,274.86,282.33,274.32,63573,164.4281,29.2638,0.17797322963654022
186,2020-10-15,276.82,272.04,277.27,269.65,44470,171.1367,30.4578,0.17797351473997103
187,2020-10-16,264.0,266.8,271.17,263.51,44689,178.4525,31.7598,0.177973410291254
188,2020-10-19,267.25,264.15,270.54,263.81,31223,175.6684,31.2643,0.17797338622085704
189,2020-10-20,264.43,262.05,265.21,252.57,43126,170.4555,30.3366,0.17797372334714925
190,2020-10-21,264.85,267.34,276.23,263.51,55412,164.5022,29.277,0.17797330370049763
191,2020-10-22,261.56,254.52,261.56,250.03,45181,161.4218,28.7288,0.17797348313548728
192,2020-10-23,251.27,236.64,258.38,234.11,59396,161.7772,28.7921,0.17797378122504284
193,2020-10-26,236.1,252.02,252.87,233.11,59495,167.0494,29.7303,0.17797310256726454
194,2020-10-27,252.57,259.93,261.18,248.38,46394,169.7298,30.2074,0.17797346134856695
195,2020-10-28,259.99,258.53,260.83,252.51,33480,168.086,29.9148,0.17797318039574977
196,2020-10-29,256.75,270.21,274.56,255.81,58895,160.3111,28.5311,0.1779733281101558
197,2020-10-30,270.21,272.52,273.25,264.55,40609,160.2963,28.5285,0.17797354025014925
198,2020-11-02,266.16,259.31,270.48,255.57,47227,156.8013,27.9065,0.17797365200416068
199,2020-11-03,264.4,258.28,264.45,255.57,29615,155.2167,27.6244,0.17797311758335282
200,2020-11-04,258.86,258.86,267.2,255.67,36202,150.9072,26.8575,0.17797361557301444
201,2020-11-05,263.06,256.62,264.55,254.57,38694,153.2767,27.2792,0.1779735602345301
202,2020-11-06,257.04,246.23,257.05,240.86,48404,145.0575,25.8164,0.1779735622080899
203,2020-11-09,247.75,257.43,259.06,244.43,43828,145.2056,25.8427,0.17797316356944912
204,2020-11-10,264.57,252.05,272.79,250.0,59445,143.1915,25.4843,0.1779735528994389
205,2020-11-11,247.41,240.59,250.3,240.42,58797,148.4192,26.4147,0.17797360449321922
206,2020-11-12,242.69,245.01,247.33,241.04,29091,150.9812,26.8706,0.17797315162417573
207,2020-11-13,242.11,242.84,247.39,239.59,30787,151.4996,26.9629,0.17797340719051405
208,2020-11-16,242.84,238.2,244.79,237.3,42464,155.9127,27.7483,0.17797331455359314
209,2020-11-17,238.2,224.15,239.1,220.66,76721,141.8735,25.2497,0.1779733354009029
210,2020-11-18,225.28,227.69,229.93,224.12,36505,135.6832,24.148,0.17797339685384778
211,2020-11-19,227.61,229.51,233.08,225.7,25592,135.2537,24.0716,0.1779736894443553
212,2020-11-20,229.66,223.78,231.03,221.88,74701,131.9512,23.4838,0.17797337197388124
213,2020-11-23,229.47,223.36,229.95,220.78,54320,131.0775,23.3283,0.1779733363849631
214,2020-11-24,224.96,221.76,228.17,220.83,48030,132.1289,23.5154,0.17797317619385314
215,2020-11-25,221.76,209.93,221.76,208.1,91191,130.3222,23.1939,0.17797351487313748
216,2020-11-26,212.14,205.7,213.9,203.82,60800,123.2285,21.9314,0.1779734395858101
217,2020-11-27,207.65,201.65,208.4,199.0,72766,124.2207,22.108,0.17797355835219092
218,2020-11-30,203.46,205.05,206.32,195.07,87263,118.919,21.1644,0.17797324229097117
219,2020-12-01,205.4,215.63,219.0,205.4,105231,120.6961,21.4807,0.1779734390754962
