,日期,开盘,收盘,最高,最低,成交量,pe,pb,roe
0,2020-01-03,20.86,20.84,21.01,20.79,325688,11.9931,1.2762,0.10641118643219852
1,2020-01-06,20.76,20.79,20.96,20.67,293662,11.8396,1.2599,0.10641406804283927
2,2020-01-07,20.86,20.84,20.89,20.72,245066,11.7885,1.2544,0.10640878822581328
3,2020-01-08,20.76,20.45,20.76,20.4,464671,11.7885,1.2544,0.10640878822581328
4,2020-01-09,20.57,20.55,20.62,20.42,295933,11.7629,1.2517,0.10641083406302868
5,2020-01-10,20.55,20.35,20.57,20.25,570549,11.9419,1.2707,0.10640685318081712
6,2020-01-13,20.3,20.33,20.33,20.18,406381,12.1465,1.2925,0.1064092536944799
7,2020-01-14,20.37,20.37,20.47,20.33,342011,11.9164,1.268,0.10640797556308954
8,2020-01-15,20.33,20.15,20.37,20.13,394698,11.6862,1.2435,0.10640755763207888
9,2020-01-16,20.2,20.13,20.23,20.06,286925,11.8908,1.2653,0.10640999764523834
10,2020-01-17,20.13,20.03,20.18,20.01,311368,11.9675,1.2735,0.10641320242322959
11,2020-01-20,19.96,20.03,20.03,19.94,386135,11.5584,1.2299,0.10640746124031007
12,2020-01-21,19.98,19.84,20.01,19.84,366412,11.3794,1.2109,0.1064115858481115
13,2020-01-22,19.84,19.67,19.86,19.62,424889,11.6351,1.2381,0.1064107742950211
14,2020-01-23,19.62,19.2,19.62,19.03,562591,11.6606,1.2408,0.10640961871601803
15,2020-02-03,17.93,17.93,17.93,17.93,219497,12.1465,1.2925,0.1064092536944799
16,2020-02-04,16.81,17.52,17.89,16.81,744856,12.5045,1.3306,0.10640969251069615
17,2020-02-05,17.52,17.67,17.86,17.45,426891,11.5584,1.2299,0.10640746124031007
18,2020-02-06,17.74,17.76,17.81,17.54,357790,11.0213,1.1728,0.1064121292406522
19,2020-02-07,17.71,17.98,18.06,17.64,326732,10.6889,1.1374,0.1064094527968266
20,2020-02-10,17.89,18.01,18.06,17.81,276862,10.7401,1.1428,0.10640496829638459
21,2020-02-11,18.06,18.18,18.23,17.96,305446,10.6122,1.1292,0.10640583479391644
22,2020-02-12,18.15,18.35,18.4,18.08,248566,10.6889,1.1732,0.10975872166453049
23,2020-02-13,18.35,18.13,18.47,18.08,303966,10.8679,1.1929,0.1097636157859384
24,2020-02-14,18.11,18.08,18.18,18.03,231530,10.8168,1.1872,0.10975519562162561
25,2020-02-17,18.11,18.42,18.42,18.08,375401,10.8679,1.1929,0.1097636157859384
26,2020-02-18,18.45,18.45,18.59,18.35,290731,10.7912,1.1844,0.1097560975609756
27,2020-02-19,18.47,18.37,18.5,18.35,296291,11.0213,1.2097,0.10976019162893669
28,2020-02-20,18.37,18.52,18.54,18.28,454991,10.9702,1.2041,0.1097609888607318
29,2020-02-21,18.47,18.47,18.54,18.42,406304,10.9702,1.2041,0.1097609888607318
30,2020-02-24,18.42,18.15,18.42,18.11,556207,10.9702,1.2041,0.1097609888607318
31,2020-02-25,17.86,17.96,18.03,17.67,606105,11.0981,1.2181,0.10975752606301979
32,2020-02-26,17.81,18.01,18.23,17.76,488883,10.8679,1.1929,0.1097636157859384
33,2020-02-27,18.01,18.03,18.18,17.98,293211,10.8168,1.1872,0.10975519562162561
34,2020-02-28,17.81,17.59,17.91,17.57,475022,10.8679,1.1929,0.1097636157859384
35,2020-03-02,17.54,17.86,17.93,17.54,326447,11.0213,1.2097,0.10976019162893669
36,2020-03-03,17.96,18.23,18.52,17.86,799992,11.0469,1.2125,0.10975929898885659
37,2020-03-04,18.08,18.3,18.42,18.03,509428,10.7912,1.1844,0.1097560975609756
38,2020-03-05,18.32,18.35,18.42,18.25,624213,10.6889,1.1732,0.10975872166453049
39,2020-03-06,18.23,18.15,18.28,18.13,341131,10.7145,1.176,0.10975780484390313
40,2020-03-09,17.98,17.93,18.03,17.89,404653,10.6889,1.1732,0.10975872166453049
41,2020-03-10,17.76,17.98,18.03,17.69,402224,10.7401,1.1788,0.10975689239392558
42,2020-03-11,18.03,18.28,18.35,17.96,617286,10.8935,1.1957,0.10976270252903107
43,2020-03-12,18.13,18.06,18.15,17.91,322290,11.0725,1.2153,0.10975841047640551
44,2020-03-13,17.59,17.86,17.96,17.52,398997,11.0981,1.2181,0.10975752606301979
45,2020-03-16,17.86,17.64,18.06,17.62,411728,11.2515,1.235,0.10976314269208551
46,2020-03-17,17.74,17.52,17.79,17.23,406730,11.3026,1.2406,0.10976235556420647
47,2020-03-18,17.47,17.25,17.57,17.23,340354,11.0469,1.2125,0.10975929898885659
48,2020-03-19,17.25,17.1,17.25,16.86,431203,11.0469,1.2125,0.10975929898885659
49,2020-03-20,17.25,17.32,17.37,17.06,386926,11.0981,1.2181,0.10975752606301979
50,2020-03-23,17.01,16.91,17.13,16.91,242957,11.0725,1.2153,0.10975841047640551
51,2020-03-24,17.01,17.01,17.1,16.89,225943,11.0213,1.2097,0.10976019162893669
52,2020-03-25,17.15,17.35,17.45,17.15,331622,11.0725,1.2153,0.10975841047640551
53,2020-03-26,17.37,17.42,17.54,17.3,278617,11.2771,1.2378,0.10976226157434091
54,2020-03-27,17.47,17.45,17.57,17.4,205709,11.1748,1.2265,0.10975587929985324
55,2020-03-30,17.28,17.35,17.5,17.15,240795,11.0981,1.2181,0.10975752606301979
56,2020-03-31,17.45,17.45,17.62,17.37,238794,11.1748,1.2265,0.10975587929985324
57,2020-04-01,17.42,17.2,17.45,17.18,211035,11.2515,1.235,0.10976314269208551
58,2020-04-02,17.1,17.25,17.25,17.08,164974,11.2515,1.235,0.10976314269208551
59,2020-04-03,17.25,17.15,17.28,17.13,135999,11.3026,1.2406,0.10976235556420647
60,2020-04-07,17.25,17.32,17.35,17.2,228893,11.3538,1.2462,0.10976060878296254
61,2020-04-08,17.32,17.3,17.35,17.23,143790,11.3538,1.2772,0.11249097218552379
62,2020-04-09,17.32,17.28,17.35,17.28,106366,11.2771,1.2686,0.11249346019810057
63,2020-04-10,17.32,17.32,17.37,17.15,217691,11.3026,1.2715,0.11249623980323112
64,2020-04-13,17.25,17.1,17.25,17.06,219086,11.4561,1.2887,0.11249028901633192
65,2020-04-14,17.15,17.2,17.2,17.06,177976,11.5072,1.2945,0.11249478587319245
66,2020-04-15,17.2,17.08,17.2,17.06,186858,11.4816,1.2916,0.11249303232998886
67,2020-04-16,17.03,17.06,17.1,17.01,103496,11.4305,1.2858,0.1124885175626613
68,2020-04-17,17.08,17.06,17.13,17.06,157780,11.5839,1.3031,0.11249233850430339
69,2020-04-20,17.1,17.03,17.1,16.98,140370,11.6862,1.3146,0.1124916568259999
70,2020-04-21,17.01,16.96,17.1,16.93,168087,11.7374,1.3204,0.1124951011297221
71,2020-04-22,16.91,16.96,16.96,16.84,122653,11.5584,1.3002,0.11248961794019934
72,2020-04-23,16.93,16.98,17.06,16.91,154310,11.5328,1.2974,0.11249653163152054
73,2020-04-24,16.98,16.86,17.01,16.84,132814,11.6351,1.3089,0.11249581009187716
74,2020-04-27,16.86,16.86,16.91,16.84,80412,11.3538,1.2772,0.11249097218552379
75,2020-04-28,16.86,16.59,16.89,16.4,242396,11.5328,1.2974,0.11249653163152054
76,2020-04-29,16.59,16.57,16.69,16.54,129857,11.4561,1.2887,0.11249028901633192
77,2020-04-30,16.64,16.71,16.74,16.62,265652,11.5839,1.3031,0.11249233850430339
78,2020-05-06,16.67,16.84,16.86,16.59,369203,11.7374,1.3204,0.1124951011297221
79,2020-05-07,16.86,16.74,16.86,16.69,251959,12.0442,1.3549,0.1124939805051394
80,2020-05-08,16.79,16.71,16.81,16.67,315156,11.6606,1.3117,0.11248992333156099
81,2020-05-11,16.74,16.67,16.74,16.64,298521,11.5328,1.2974,0.11249653163152054
82,2020-05-12,16.67,16.52,16.67,16.47,338742,11.5839,1.2509,0.10798608413401357
83,2020-05-13,16.47,16.49,16.52,16.42,214076,11.5072,1.2426,0.1079845661846496
84,2020-05-14,16.45,16.37,16.45,16.37,272768,11.3026,1.2206,0.10799285120237821
85,2020-05-15,16.4,16.49,16.52,16.4,261601,11.2771,1.2178,0.10798875597449697
86,2020-05-18,16.52,16.4,16.52,16.37,259570,11.2771,1.2178,0.10798875597449697
87,2020-05-19,16.47,16.42,16.52,16.4,225932,11.5584,1.2482,0.1079907253599114
88,2020-05-20,16.45,16.4,16.45,16.37,171668,11.6351,1.2565,0.10799219602753736
89,2020-05-21,16.42,16.3,16.45,16.3,221752,11.6862,1.262,0.10799062141671374
90,2020-05-22,16.28,16.23,16.3,16.18,261298,11.7885,1.273,0.10798659710735037
91,2020-05-25,16.2,16.25,16.3,16.15,148714,11.3538,1.2261,0.10799027638323733
92,2020-05-26,16.25,16.23,16.25,16.2,150776,11.5072,1.2426,0.1079845661846496
93,2020-05-27,16.23,16.28,16.28,16.18,154313,11.9419,1.2896,0.10798951590617908
94,2020-05-28,16.25,16.4,16.57,16.23,253874,12.2999,1.3283,0.10799274790851959
95,2020-05-29,16.42,16.4,16.42,16.25,236422,12.5045,1.3503,0.10798512535487224
96,2020-06-01,16.45,16.47,16.47,16.35,301632,12.2744,1.3255,0.10798898520497946
97,2020-06-02,16.47,17.01,17.06,16.42,860488,12.3511,1.3338,0.10799038142351694
98,2020-06-03,16.98,16.71,16.98,16.71,558966,12.1209,1.3089,0.10798703066603964
99,2020-06-04,16.74,16.64,16.79,16.59,261681,11.9419,1.2896,0.10798951590617908
100,2020-06-05,16.64,16.89,16.96,16.59,428440,12.1209,1.3089,0.10798703066603964
101,2020-06-08,16.89,16.89,16.96,16.79,319367,11.4561,1.2371,0.10798613838915513
102,2020-06-09,16.89,16.89,16.91,16.79,218640,11.2259,1.2123,0.10799134145146491
103,2020-06-10,16.86,16.79,16.89,16.76,196674,10.7912,1.1653,0.10798613685224999
104,2020-06-11,16.79,16.69,16.84,16.67,269472,10.7401,1.1598,0.1079878213424456
105,2020-06-12,16.57,16.69,16.69,16.49,317179,10.6122,1.146,0.10798891841465483
106,2020-06-15,16.67,16.59,16.67,16.57,205338,10.7912,1.1653,0.10798613685224999
107,2020-06-16,16.64,16.86,16.89,16.59,298993,10.6633,1.1515,0.10798720846267103
108,2020-06-17,16.84,16.76,16.86,16.74,181676,10.7145,1.157,0.10798450697652714
109,2020-06-18,16.74,16.84,16.93,16.71,292974,10.8679,1.1736,0.10798774372233826
110,2020-06-19,16.84,16.89,17.03,16.84,429311,10.8168,1.1681,0.107989423859182
111,2020-06-22,16.86,16.74,16.91,16.74,261694,10.7401,1.1598,0.1079878213424456
112,2020-06-23,16.74,16.69,16.76,16.67,168251,10.8423,1.1708,0.10798446824013355
113,2020-06-24,16.69,16.81,16.86,16.67,187326,10.5611,1.1405,0.10799064491388209
114,2020-06-29,16.81,16.64,16.81,16.64,163146,10.6633,1.1515,0.10798720846267103
115,2020-06-30,16.67,16.76,16.76,16.67,169710,10.6633,1.1515,0.10798720846267103
116,2020-07-01,16.76,16.81,16.84,16.64,222405,10.7656,1.1626,0.1079921230586312
117,2020-07-02,16.81,17.23,17.37,16.79,779194,10.8679,1.1736,0.10798774372233826
118,2020-07-03,17.25,17.45,17.54,17.2,689873,10.8679,1.1736,0.10798774372233826
119,2020-07-06,17.67,18.08,18.18,17.62,1102514,10.8679,1.1736,0.10798774372233826
120,2020-07-07,18.2,17.91,18.52,17.89,1082595,10.6122,1.146,0.10798891841465483
121,2020-07-08,17.91,18.08,18.15,17.79,735564,10.6889,1.1543,0.10799053223437398
122,2020-07-09,18.18,18.3,18.45,18.13,1079440,10.9958,1.1874,0.10798668582549702
123,2020-07-10,18.23,18.23,18.5,18.11,991212,10.4332,1.1267,0.10799179542230572
124,2020-07-13,18.3,18.45,18.64,18.06,1093674,10.3565,1.1184,0.1079901511128277
125,2020-07-14,18.59,18.25,18.59,18.08,1047071,10.3565,1.1184,0.1079901511128277
126,2020-07-15,18.3,17.91,18.37,17.84,689549,10.2286,1.1046,0.1079913184600043
127,2020-07-16,17.91,17.5,18.01,17.45,648916,10.1775,1.0991,0.10799312208302628
128,2020-07-17,17.47,17.35,17.59,17.28,448600,10.2031,1.1018,0.10798678832903726
129,2020-07-20,17.4,17.76,17.81,17.35,585330,10.1775,1.0991,0.10799312208302628
130,2020-07-21,17.79,17.67,17.91,17.54,373869,10.2542,1.1073,0.10798502077197634
131,2020-07-22,17.62,17.62,17.84,17.52,413814,10.3565,1.1184,0.1079901511128277
132,2020-07-23,17.62,17.54,17.64,17.35,492287,10.3821,1.1211,0.107983933886208
133,2020-07-24,17.5,17.28,17.59,17.18,430544,10.3565,1.1184,0.1079901511128277
134,2020-07-27,17.32,17.28,17.37,17.2,213400,10.4588,1.1294,0.10798561976517382
135,2020-07-28,17.37,17.3,17.37,17.25,176361,10.3309,1.1156,0.10798671945329061
136,2020-07-29,17.3,17.5,17.5,17.23,291086,10.4588,1.1294,0.10798561976517382
137,2020-07-30,17.47,17.57,17.62,17.47,350827,10.4843,1.1322,0.10799004225365548
138,2020-07-31,17.56,17.87,18.17,17.51,659456,10.6378,1.1488,0.10799225403748895
139,2020-08-03,17.8,18.0,18.04,17.75,551150,10.6889,1.1543,0.10799053223437398
140,2020-08-04,18.14,18.36,18.51,18.14,1049586,10.7145,1.157,0.10798450697652714
141,2020-08-05,18.31,18.07,18.31,17.97,599166,10.8168,1.1681,0.107989423859182
142,2020-08-06,18.07,17.92,18.12,17.78,422188,10.6889,1.1543,0.10799053223437398
143,2020-08-07,17.85,17.8,17.92,17.7,309209,10.5355,1.1635,0.1104361444639552
144,2020-08-10,17.73,17.87,17.95,17.7,272121,10.5611,1.1664,0.11044304097111098
145,2020-08-11,17.9,17.7,18.02,17.68,317224,10.8423,1.1974,0.11043782223328999
146,2020-08-12,17.7,17.97,17.97,17.65,341390,10.8423,1.1974,0.11043782223328999
147,2020-08-13,17.92,17.87,18.0,17.85,206735,10.9702,1.2115,0.11043554356347195
148,2020-08-14,17.87,17.9,17.92,17.75,211017,10.9446,1.2087,0.1104380242311277
149,2020-08-17,17.9,18.07,18.14,17.87,446252,10.9446,1.2087,0.1104380242311277
150,2020-08-18,18.09,18.02,18.12,17.95,308758,11.0213,1.2172,0.11044069211436038
151,2020-08-19,18.07,17.92,18.07,17.92,284393,11.0469,1.22,0.11043822248775674
152,2020-08-20,17.87,17.78,17.87,17.75,264459,11.0469,1.22,0.11043822248775674
153,2020-08-21,17.82,17.82,17.87,17.73,168385,11.0725,1.2228,0.11043576428087605
154,2020-08-24,17.82,17.85,17.9,17.8,158279,11.2004,1.237,0.11044248419699297
155,2020-08-25,17.85,17.8,17.92,17.78,171341,11.0981,1.2257,0.11044232796604823
156,2020-08-26,17.75,17.65,17.82,17.65,192144,11.3282,1.2511,0.11044119983757349
157,2020-08-27,17.63,17.63,17.7,17.61,188008,9.9448,1.244,0.12509049955755772
158,2020-08-28,17.63,17.7,17.73,17.58,264999,9.9673,1.2468,0.12508904116460826
159,2020-08-31,17.68,17.7,17.78,17.68,226664,9.9899,1.2497,0.1250963473107839
160,2020-09-01,17.63,17.65,17.68,17.61,161444,9.832,1.2299,0.12509153783563873
161,2020-09-02,17.65,17.61,17.68,17.58,165377,9.9222,1.2412,0.1250932252927778
162,2020-09-03,17.63,17.61,17.65,17.58,145769,9.8771,1.2356,0.12509744763138977
163,2020-09-04,17.53,17.53,17.56,17.46,176642,10.1026,1.2638,0.125096509809356
164,2020-09-07,17.53,17.46,17.61,17.43,195457,10.0124,1.2525,0.12509488234589108
165,2020-09-08,17.48,17.53,17.56,17.43,145682,10.1026,1.2638,0.125096509809356
166,2020-09-09,17.51,17.63,17.7,17.48,330803,10.0801,1.2609,0.12508804476146068
167,2020-09-10,17.65,17.43,17.73,17.41,246931,10.0124,1.2525,0.12509488234589108
168,2020-09-11,17.39,17.39,17.41,17.29,169850,9.6967,1.213,0.12509410417977251
169,2020-09-14,17.39,17.43,17.48,17.34,110811,9.6065,1.2017,0.1250923853640764
170,2020-09-15,17.43,17.46,17.48,17.31,140617,9.9899,1.2497,0.1250963473107839
171,2020-09-16,17.43,17.41,17.56,17.36,204918,9.7869,1.2243,0.12509579131287743
172,2020-09-17,17.36,17.41,17.46,17.36,127756,9.9222,1.2412,0.1250932252927778
173,2020-09-18,17.46,17.65,17.68,17.41,301745,10.1703,1.2722,0.125089722033765
174,2020-09-21,17.68,17.61,17.75,17.58,161061,10.283,1.2863,0.12508995429349412
175,2020-09-22,17.56,17.46,17.65,17.41,201784,10.486,1.3117,0.12509059698645814
176,2020-09-23,17.51,17.43,17.56,17.43,113691,10.6664,1.3343,0.1250937523438086
177,2020-09-24,17.43,17.26,17.43,17.24,202009,10.8693,1.3597,0.12509545232903682
178,2020-09-25,17.26,17.12,17.31,17.07,173063,10.5987,1.3258,0.12509081302423883
179,2020-09-28,17.14,17.07,17.19,17.07,96221,10.5536,1.3202,0.125094754396604
180,2020-09-29,17.09,17.09,17.17,17.04,98962,10.7566,1.3456,0.1250952903333767
181,2020-09-30,17.09,17.07,17.12,17.02,102236,10.937,1.3681,0.1250891469324312
182,2020-10-09,17.17,17.17,17.21,17.12,131148,10.8919,1.3625,0.12509295898787173
183,2020-10-12,17.19,17.41,17.43,17.19,187445,10.8242,1.354,0.12509007594094715
184,2020-10-13,17.39,17.39,17.43,17.31,99711,10.486,1.3117,0.12509059698645814
185,2020-10-14,17.34,17.24,17.39,17.19,132354,10.2379,1.2807,0.12509401342072105
186,2020-10-15,17.24,17.19,17.26,17.19,88350,10.6438,1.3315,0.12509630019353987
187,2020-10-16,17.21,17.24,17.29,17.19,94095,10.6213,1.3286,0.12508826603146508
188,2020-10-19,17.29,17.46,17.51,17.26,282360,10.5762,1.323,0.12509218812049697
189,2020-10-20,17.43,17.34,17.43,17.26,189342,10.7566,1.3456,0.1250952903333767
190,2020-10-21,17.31,17.34,17.34,17.26,89364,11.0497,1.3822,0.12508936894214323
191,2020-10-22,17.34,17.34,17.39,17.26,108196,11.0949,1.3879,0.12509351143318098
192,2020-10-23,17.34,17.39,17.39,17.31,135003,10.9595,1.371,0.12509694785346046
193,2020-10-26,17.39,17.17,17.41,17.14,189354,11.0272,1.3794,0.1250906848520023
194,2020-10-27,17.12,17.24,17.29,17.07,152191,11.0046,1.3766,0.12509314286752812
195,2020-10-28,17.19,17.19,17.21,17.12,77162,10.6889,1.3371,0.12509238555885077
196,2020-10-29,17.12,17.24,17.29,17.07,128299,10.734,1.3427,0.12508850381963854
197,2020-10-30,17.29,17.07,17.31,17.02,172863,10.937,1.3681,0.1250891469324312
198,2020-11-02,17.09,17.0,17.14,16.95,168238,10.7791,1.3484,0.12509393177538014
199,2020-11-03,17.0,17.12,17.14,17.0,126676,10.6213,1.3286,0.12508826603146508
200,2020-11-04,17.09,17.07,17.17,17.02,88973,10.5987,1.3258,0.12509081302423883
201,2020-11-05,17.14,17.39,17.41,17.07,410222,10.3958,1.3004,0.12508897824121282
202,2020-11-06,17.34,17.9,17.9,17.29,946145,10.3056,1.2892,0.1250970346219531
203,2020-11-09,18.09,18.8,19.0,18.04,1994736,10.1703,1.2722,0.125089722033765
204,2020-11-10,18.95,18.46,19.0,18.29,1227820,10.5536,1.3202,0.125094754396604
205,2020-11-11,18.39,18.0,18.39,18.0,778194,11.7263,1.4669,0.12509487221033064
206,2020-11-12,18.07,17.97,18.24,17.82,609843,12.1547,1.5205,0.125095642015023
207,2020-11-13,17.92,17.73,17.92,17.63,545543,12.3126,1.5402,0.12509136981628577
208,2020-11-16,18.22,17.9,18.24,17.85,782564,12.493,1.5628,0.12509405266949492
209,2020-11-17,17.87,18.29,18.51,17.78,1143682,12.493,1.5628,0.12509405266949492
210,2020-11-18,18.17,18.22,18.51,18.04,741374,12.5832,1.5741,0.1250953652489033
211,2020-11-19,18.14,18.02,18.31,17.97,492823,12.6057,1.5769,0.125094203415915
212,2020-11-20,17.97,18.24,18.41,17.9,585581,12.8087,1.6023,0.12509466222177115
213,2020-11-23,18.24,18.46,18.58,18.22,787469,12.7636,1.5966,0.1250900999717948
214,2020-11-24,18.46,18.26,18.48,18.26,442225,12.7861,1.5994,0.1250889637966229
215,2020-11-25,18.31,18.09,18.36,18.04,460439,12.9665,1.6554,0.12766745073844138
216,2020-11-26,18.07,18.12,18.14,17.95,301943,12.8763,1.6439,0.12766866258164222
217,2020-11-27,18.09,18.12,18.22,17.95,269804,13.2371,1.6899,0.12766391430147087
218,2020-11-30,18.14,18.17,18.39,18.09,533817,13.192,1.6842,0.1276682838083687
219,2020-12-01,18.22,18.31,18.36,18.14,380038,13.2371,1.6899,0.12766391430147087
