,日期,开盘,收盘,最高,最低,成交量,pe,pb,roe
0,2020-01-03,11.94,11.76,12.02,11.73,757360,37.7016,1.3864,0.036772975152248186
1,2020-01-06,11.57,11.4,11.57,11.31,1310285,36.4295,1.3396,0.03677239599774908
2,2020-01-07,11.45,11.57,11.6,11.42,636492,36.5451,1.3439,0.03677373984473979
3,2020-01-08,11.34,11.4,11.45,11.3,725097,36.7764,1.3524,0.03677358305870069
4,2020-01-09,11.61,11.87,11.91,11.54,1266258,36.3139,1.3354,0.036773797361340975
5,2020-01-10,11.87,11.76,12.06,11.73,618721,36.603,1.346,0.036772942108570336
6,2020-01-13,11.82,11.85,11.97,11.7,631718,35.7934,1.3162,0.03677214235026569
7,2020-01-14,12.12,11.82,12.23,11.81,820124,36.0826,1.3269,0.036773957530776606
8,2020-01-15,11.75,11.72,11.82,11.61,522048,36.1404,1.329,0.03677325098781419
9,2020-01-16,11.73,11.55,11.76,11.46,611050,36.4295,1.3396,0.03677239599774908
10,2020-01-17,11.57,11.54,11.6,11.48,433788,35.7356,1.3141,0.036772853960756226
11,2020-01-20,11.31,11.27,11.33,11.04,1200868,34.9261,1.2843,0.036771927011604505
12,2020-01-21,11.15,10.98,11.15,10.94,1078580,34.29,1.2609,0.03677165354330709
13,2020-01-22,10.91,11.01,11.04,10.85,732279,34.5213,1.2695,0.03677439725618677
14,2020-01-23,10.86,10.64,10.88,10.5,1200645,34.6948,1.2758,0.03677208111878437
15,2020-02-03,9.68,9.68,9.68,9.68,249642,35.273,1.2971,0.03677316927961897
16,2020-02-04,9.0,9.35,9.56,9.0,1464131,34.0587,1.2524,0.0367718086714995
17,2020-02-05,9.44,9.6,9.68,9.38,1006787,32.96,1.212,0.036771844660194175
18,2020-02-06,9.69,9.81,9.9,9.53,942377,32.6709,1.2014,0.03677278556758461
19,2020-02-07,9.8,9.84,9.84,9.66,668147,32.2083,1.1844,0.036773129907508306
20,2020-02-10,9.72,9.81,9.81,9.63,754987,31.8035,1.1695,0.036772682251953404
21,2020-02-11,9.81,10.14,10.19,9.81,1046505,31.2253,1.1482,0.036771464165276234
22,2020-02-12,10.11,10.17,10.17,10.02,545816,31.8614,1.1834,0.0371421218151117
23,2020-02-13,10.1,10.07,10.25,10.04,582915,32.7287,1.2156,0.037141713541937196
24,2020-02-14,10.05,10.16,10.17,9.99,509688,32.9022,1.222,0.037140373592039436
25,2020-02-17,10.16,10.31,10.35,10.11,506873,32.7287,1.2156,0.037141713541937196
26,2020-02-18,10.31,10.25,10.32,10.16,404364,33.3648,1.2392,0.03714093895362777
27,2020-02-19,10.26,10.35,10.55,10.22,930201,34.1165,1.2672,0.03714331774947606
28,2020-02-20,10.5,10.59,10.68,10.46,1053271,34.29,1.2736,0.03714202391367746
29,2020-02-21,10.52,10.44,10.53,10.38,786345,34.5791,1.2843,0.03714093195022427
30,2020-02-24,10.37,10.13,10.37,10.04,1012435,33.8852,1.2586,0.03714305950680533
31,2020-02-25,9.87,10.04,10.08,9.8,706147,34.0587,1.265,0.03714175819981384
32,2020-02-26,9.89,10.01,10.11,9.86,599668,33.943,1.2607,0.03714167869663848
33,2020-02-27,10.05,9.99,10.1,9.95,328002,33.943,1.2607,0.03714167869663848
34,2020-02-28,9.78,9.63,9.86,9.63,703020,34.7526,1.2908,0.03714254473046621
35,2020-03-02,9.63,9.84,9.89,9.63,430023,34.9839,1.2994,0.03714279997370219
36,2020-03-03,9.93,9.95,10.1,9.84,670114,34.6369,1.2865,0.03714246944732352
37,2020-03-04,10.01,10.04,10.08,9.96,475514,33.943,1.2607,0.03714167869663848
38,2020-03-05,10.08,10.22,10.23,10.02,839559,33.5383,1.2457,0.03714261009055319
39,2020-03-06,10.08,10.02,10.1,9.98,658994,33.7117,1.2521,0.03714140787916361
40,2020-03-09,10.2,10.13,10.29,10.04,1354282,34.1743,1.2693,0.03714194584819586
41,2020-03-10,9.99,10.19,10.22,9.84,968524,33.3648,1.2392,0.03714093895362777
42,2020-03-11,10.19,10.28,10.53,10.1,1116263,33.5383,1.2457,0.03714261009055319
43,2020-03-12,10.16,9.98,10.16,9.93,683119,34.8682,1.2951,0.03714272603690468
44,2020-03-13,9.53,9.81,9.87,9.42,685132,34.9839,1.2994,0.03714279997370219
45,2020-03-16,9.89,9.5,9.89,9.39,608236,37.0077,1.3745,0.03714091932219511
46,2020-03-17,9.53,9.3,9.65,9.14,558864,37.9329,1.4089,0.037141900566526685
47,2020-03-18,9.33,9.08,9.44,9.05,649317,37.8173,1.4046,0.037141731429795356
48,2020-03-19,8.99,8.73,8.99,8.57,753719,37.8751,1.4068,0.037143136255745855
49,2020-03-20,8.78,8.9,8.94,8.7,469667,37.4703,1.3917,0.037141416001473165
50,2020-03-23,8.64,8.7,8.76,8.57,455689,36.1404,1.3423,0.037141260196345366
51,2020-03-24,8.82,8.79,8.85,8.66,366598,35.8513,1.3316,0.03714230725245667
52,2020-03-25,9.08,9.12,9.24,9.0,711896,35.7356,1.3273,0.037142233515038224
53,2020-03-26,9.09,9.05,9.11,9.0,328072,36.7186,1.3638,0.03714193896281448
54,2020-03-27,9.14,8.93,9.18,8.91,422036,36.256,1.3466,0.03714143865842895
55,2020-03-30,8.79,8.78,8.84,8.66,272479,36.3139,1.3488,0.03714280206752787
56,2020-03-31,8.85,8.72,8.85,8.67,265249,35.0417,1.3015,0.03714146288564767
57,2020-04-01,8.66,8.7,8.81,8.64,270431,33.8852,1.2586,0.03714305950680533
58,2020-04-02,8.66,8.76,8.76,8.61,229200,33.4226,1.2414,0.0371425322985046
59,2020-04-03,8.75,8.72,8.75,8.67,187605,33.8852,1.2586,0.03714305950680533
60,2020-04-07,8.76,8.82,8.82,8.73,442791,33.8852,1.2586,0.03714305950680533
61,2020-04-08,8.81,8.93,8.97,8.76,490037,33.2491,1.1743,0.035318249215768246
62,2020-04-09,8.96,8.93,9.02,8.9,338793,32.5553,1.1498,0.03531836598034728
63,2020-04-10,8.97,8.88,8.97,8.85,230247,32.9022,1.162,0.03531678732729118
64,2020-04-13,8.85,8.7,8.87,8.63,444797,33.4226,1.1804,0.03531741994937557
65,2020-04-14,8.69,8.76,8.76,8.61,508649,33.2491,1.1743,0.035318249215768246
66,2020-04-15,8.75,8.81,8.93,8.69,459105,33.943,1.1988,0.03531803317326106
67,2020-04-16,8.79,8.72,8.79,8.69,262152,33.6539,1.1886,0.03531834349065042
68,2020-04-17,8.81,8.85,8.94,8.73,750507,33.4804,1.1825,0.03531917181395682
69,2020-04-20,8.82,8.84,8.91,8.76,355013,33.0178,1.1661,0.03531731369140281
70,2020-04-21,8.84,8.7,8.85,8.64,464534,33.5383,1.1845,0.035317830659276114
71,2020-04-22,8.69,8.84,8.84,8.64,418646,33.307,1.1763,0.035316900351277505
72,2020-04-23,8.84,8.79,8.87,8.78,295331,33.3648,1.1784,0.035318659185728664
73,2020-04-24,8.79,8.67,8.79,8.64,376649,33.4804,1.1825,0.03531917181395682
74,2020-04-27,8.7,8.66,8.72,8.63,214045,32.1505,1.1355,0.03531826876720424
75,2020-04-28,8.67,8.69,8.69,8.55,343047,31.7457,1.1212,0.03531816907486683
76,2020-04-29,8.66,8.73,8.81,8.64,284051,31.6301,1.1171,0.03531762466764253
77,2020-04-30,9.17,9.09,9.29,8.97,1091980,31.8035,1.1232,0.03531686764035405
78,2020-05-06,8.79,8.82,8.88,8.72,889872,31.3988,1.1089,0.03531663630457215
79,2020-05-07,8.78,8.73,8.79,8.7,488841,31.6879,1.1191,0.0353163194784129
80,2020-05-08,8.78,8.79,8.82,8.75,296241,31.5722,1.1151,0.03531904650293613
81,2020-05-11,8.81,8.87,8.93,8.81,385348,30.8205,1.0885,0.035317402378287184
82,2020-05-12,8.85,8.75,8.85,8.75,262935,30.9362,1.0926,0.035317847699458886
83,2020-05-13,8.72,8.72,8.73,8.67,298620,31.1675,1.1008,0.0353188417421994
84,2020-05-14,8.7,8.64,8.7,8.63,360010,30.7049,1.0844,0.035316838680471196
85,2020-05-15,8.67,8.63,8.69,8.6,351720,31.0518,1.0967,0.03531840344199048
86,2020-05-18,8.61,8.63,8.66,8.57,293724,31.3409,1.1069,0.03531806680727101
87,2020-05-19,8.79,8.73,8.85,8.72,481812,32.3818,1.1437,0.03531922252623387
88,2020-05-20,8.72,8.67,8.79,8.64,369869,32.8444,1.16,0.03531804508531135
89,2020-05-21,8.67,8.64,8.72,8.63,192551,32.2661,1.1396,0.03531880208640027
90,2020-05-22,8.61,8.58,8.64,8.55,336826,32.3818,1.1437,0.03531922252623387
91,2020-05-25,8.57,8.45,8.58,8.42,397268,31.3409,1.1069,0.03531806680727101
92,2020-05-26,8.46,8.51,8.54,8.46,204647,31.7457,1.1212,0.03531816907486683
93,2020-05-27,8.57,8.55,8.64,8.52,290324,32.6131,1.1518,0.0353170965041655
94,2020-05-28,8.54,8.51,8.6,8.46,236491,32.324,1.1416,0.035317411211483726
95,2020-05-29,8.49,8.58,8.58,8.43,252078,32.96,1.1641,0.035318567961165045
96,2020-06-01,8.55,8.66,8.7,8.55,496907,32.4974,1.1477,0.035316671487565156
97,2020-06-02,8.7,8.69,8.73,8.66,420169,33.4226,1.1804,0.03531741994937557
98,2020-06-03,8.72,8.72,8.79,8.66,556544,33.2491,1.1743,0.035318249215768246
99,2020-06-04,8.66,8.67,8.72,8.6,423661,32.3818,1.1437,0.03531922252623387
100,2020-06-05,8.84,9.2,9.24,8.76,2043295,32.96,1.1641,0.035318567961165045
101,2020-06-08,9.26,9.42,9.6,9.14,1465915,31.3409,1.1069,0.03531806680727101
102,2020-06-09,9.47,9.57,9.72,9.47,1008330,31.2253,1.1028,0.03531751496382741
103,2020-06-10,9.5,9.41,9.5,9.29,775361,30.0688,1.062,0.035319001755972974
104,2020-06-11,9.29,9.08,9.3,9.03,816600,29.8953,1.0558,0.03531658822624292
105,2020-06-12,8.82,8.9,8.97,8.79,1027561,29.6062,1.0456,0.03531692685991448
106,2020-06-15,8.79,8.67,8.79,8.64,909052,29.9531,1.0579,0.03531854799670151
107,2020-06-16,8.76,8.76,8.81,8.72,451820,29.7797,1.0518,0.035319361847164346
108,2020-06-17,8.72,8.75,8.76,8.69,315704,29.9531,1.0579,0.03531854799670151
109,2020-06-18,8.73,8.76,8.78,8.69,282099,30.0688,1.062,0.035319001755972974
110,2020-06-19,8.78,8.79,8.84,8.75,397410,25.1592,1.0708,0.04256097173201056
111,2020-06-22,8.76,8.76,8.87,8.72,491909,25.1106,1.0688,0.04256369819916688
112,2020-06-23,8.76,8.72,8.76,8.7,260917,25.1592,1.0708,0.04256097173201056
113,2020-06-24,8.73,8.76,8.78,8.72,261392,24.8678,1.0584,0.04256106290061847
114,2020-06-29,8.72,8.67,8.75,8.67,303073,25.5963,1.0894,0.04256083887124311
115,2020-06-30,8.76,8.75,8.78,8.73,248989,26.1792,1.1143,0.04256432587703215
116,2020-07-01,8.7,8.79,8.79,8.69,310651,27.2477,1.1597,0.042561390502684635
117,2020-07-02,8.79,9.09,9.15,8.76,878260,27.782,1.1825,0.042563530343387806
118,2020-07-03,9.23,9.12,9.24,9.02,796916,27.2963,1.1618,0.042562545106845984
119,2020-07-06,9.14,9.54,9.59,9.12,1360532,26.5677,1.1308,0.04256296179195038
120,2020-07-07,9.75,9.39,9.92,9.39,1669849,24.8678,1.0584,0.04256106290061847
121,2020-07-08,9.33,9.62,9.74,9.26,1282012,25.0135,1.0646,0.04256101705079257
122,2020-07-09,9.59,9.66,9.74,9.5,1018389,24.9163,1.0605,0.04256249924748057
123,2020-07-10,9.54,9.42,9.63,9.39,853094,24.8192,1.0564,0.04256382155750387
124,2020-07-13,9.41,9.54,9.56,9.32,1033361,24.5763,1.046,0.04256132941085518
125,2020-07-14,9.53,9.38,9.53,9.27,815978,24.3335,1.0357,0.0425627221731358
126,2020-07-15,9.56,9.45,9.72,9.41,1294163,24.4792,1.0419,0.04256266544658323
127,2020-07-16,9.54,9.23,9.63,9.17,969000,24.3335,1.0357,0.0425627221731358
128,2020-07-17,9.23,9.12,9.27,9.08,610751,24.1392,1.0274,0.042561476768078484
129,2020-07-20,9.15,9.39,9.42,9.12,653245,24.5763,1.046,0.04256132941085518
130,2020-07-21,9.39,9.36,9.48,9.35,558112,24.7706,1.0543,0.04256255399546236
131,2020-07-22,9.33,9.51,9.66,9.32,1150433,24.8678,1.0584,0.04256106290061847
132,2020-07-23,9.41,9.39,9.47,9.21,699616,25.062,1.0667,0.04256244513606256
133,2020-07-24,9.39,9.12,9.39,9.11,683496,24.7221,1.0522,0.04256110929087739
134,2020-07-27,9.12,9.05,9.18,8.96,377680,24.7221,1.0522,0.04256110929087739
135,2020-07-28,9.05,8.96,9.12,8.9,552176,24.7706,1.0543,0.04256255399546236
136,2020-07-29,8.93,9.08,9.08,8.88,394315,25.0135,1.0646,0.04256101705079257
137,2020-07-30,9.08,9.02,9.09,8.97,401956,25.1106,1.0688,0.04256369819916688
138,2020-07-31,9.02,8.99,9.09,8.93,477210,25.4992,1.0853,0.042562119595908894
139,2020-08-03,9.02,9.18,9.18,9.0,617005,25.2563,1.075,0.04256363758745343
140,2020-08-04,9.18,9.21,9.32,9.09,566209,25.062,1.0667,0.04256244513606256
141,2020-08-05,9.2,9.14,9.2,9.08,550835,25.3535,1.0791,0.04256217090342556
142,2020-08-06,9.2,9.24,9.29,9.09,688970,26.2277,1.1163,0.042561871609024055
143,2020-08-07,9.24,9.2,9.39,9.11,699391,25.062,0.9863,0.03935440108530843
144,2020-08-10,9.18,9.23,9.27,9.05,699672,24.9163,0.9806,0.03935576309484153
145,2020-08-11,9.32,9.33,9.47,9.27,1131047,24.8192,0.9767,0.039352597988653946
146,2020-08-12,9.47,9.68,9.77,9.45,2121672,24.8678,0.9786,0.03935209387239724
147,2020-08-13,9.6,9.65,9.72,9.5,931674,25.2563,0.9939,0.03935255757969299
148,2020-08-14,9.54,9.63,9.63,9.48,553708,25.402,0.9997,0.03935516888433981
149,2020-08-17,9.63,9.69,9.75,9.57,950762,24.9649,0.9825,0.039355254777707904
150,2020-08-18,9.75,9.56,9.75,9.51,698208,25.402,0.9997,0.03935516888433981
151,2020-08-19,9.53,9.68,9.77,9.48,966930,25.4506,1.0016,0.03935467140263884
152,2020-08-20,9.62,9.72,10.05,9.59,1418609,25.0135,0.9844,0.03935474843584465
153,2020-08-21,9.71,9.8,9.95,9.57,1020246,24.1086,1.0008,0.04151215748736965
154,2020-08-24,9.78,9.62,9.89,9.62,796094,23.9698,0.995,0.04151056746405894
155,2020-08-25,9.75,9.66,9.84,9.62,693744,23.7847,0.9873,0.04150987819901029
156,2020-08-26,9.71,9.53,9.77,9.45,588811,24.34,1.0104,0.041511914543960554
157,2020-08-27,9.53,9.44,9.57,9.39,484394,24.4788,1.0161,0.04150938771508407
158,2020-08-28,9.41,9.62,9.63,9.41,559526,24.4788,1.0161,0.04150938771508407
159,2020-08-31,9.69,9.78,9.81,9.66,790110,24.1549,1.0027,0.041511246165374306
160,2020-09-01,9.78,9.78,9.84,9.72,537291,23.831,0.9892,0.04150895891905501
161,2020-09-02,9.81,9.66,9.89,9.6,495682,23.9698,0.995,0.04151056746405894
162,2020-09-03,9.71,9.78,9.99,9.71,1146053,23.7847,0.9873,0.04150987819901029
163,2020-09-04,9.62,10.08,10.11,9.59,1278980,23.831,0.9892,0.04150895891905501
164,2020-09-07,10.1,10.41,10.52,9.98,1903830,21.3432,0.9748,0.045672626410285244
165,2020-09-08,10.44,10.4,10.73,10.25,1403590,21.7544,0.9935,0.04566892214908248
166,2020-09-09,10.43,10.52,10.82,10.37,1512296,22.0834,1.0086,0.04567231495150203
167,2020-09-10,10.67,10.26,10.73,10.22,1079401,22.289,1.018,0.045672753376104804
168,2020-09-11,10.2,10.29,10.35,10.13,526859,21.3843,0.9766,0.045669018859630664
169,2020-09-14,10.34,10.37,10.38,10.22,552469,21.1375,0.9654,0.045672383205204024
170,2020-09-15,10.38,10.71,10.76,10.34,1229806,21.6721,0.9898,0.045671623885087276
171,2020-09-16,10.64,10.82,11.12,10.58,1484900,21.2198,0.9691,0.045669610458157005
172,2020-09-17,10.74,10.8,10.86,10.61,606204,22.1656,1.0123,0.04566986682065904
173,2020-09-18,10.79,10.83,10.88,10.64,723394,22.7825,1.0405,0.04567101942280259
174,2020-09-21,10.85,10.59,10.91,10.46,722319,23.3171,1.0649,0.04567034493997967
175,2020-09-22,10.38,10.07,10.38,10.04,1137112,24.1807,1.1044,0.04567278862894788
176,2020-09-23,10.08,10.04,10.14,9.92,641860,24.633,1.125,0.04567044208987943
177,2020-09-24,9.92,9.69,9.96,9.66,833865,25.4555,1.1626,0.04567185873386891
178,2020-09-25,9.72,9.65,9.75,9.56,470420,25.2088,1.1513,0.04567055948716321
179,2020-09-28,9.69,9.86,9.86,9.68,459599,25.0443,1.1438,0.045671070862431766
180,2020-09-29,9.9,9.74,9.93,9.71,432134,24.7564,1.1306,0.04566899872356239
181,2020-09-30,9.74,9.69,9.77,9.62,351163,25.291,1.1551,0.04567237357162627
182,2020-10-09,9.87,9.8,9.9,9.77,441010,24.7975,1.1325,0.04566992640387136
183,2020-10-12,9.81,9.98,9.98,9.66,742201,24.5508,1.1213,0.04567264610521857
184,2020-10-13,10.01,10.07,10.07,9.9,678533,24.2629,1.1081,0.04567055051127442
185,2020-10-14,10.02,10.01,10.07,9.9,563880,23.6872,1.0818,0.045670235401398224
186,2020-10-15,9.81,9.8,9.92,9.78,574629,24.6742,1.1269,0.04567118690778222
187,2020-10-16,9.78,9.8,9.83,9.69,249505,24.7153,1.1288,0.04567211403462633
188,2020-10-19,9.8,9.83,9.9,9.77,303868,24.7975,1.1325,0.04566992640387136
189,2020-10-20,9.87,9.78,9.87,9.72,224029,25.0443,1.1438,0.045671070862431766
190,2020-10-21,9.8,9.96,9.99,9.77,569580,25.9079,1.1832,0.04566946761412542
191,2020-10-22,9.9,9.89,10.02,9.72,382193,26.3191,1.202,0.04567025468196101
192,2020-10-23,9.9,9.84,9.95,9.81,244449,25.6611,1.172,0.04567224320079809
193,2020-10-26,9.77,9.65,9.78,9.59,383049,25.3733,1.1588,0.04567005474258374
194,2020-10-27,9.6,9.48,9.62,9.41,483152,25.5378,1.1663,0.04566955650055995
195,2020-10-28,9.44,9.53,9.56,9.27,397573,25.1265,1.1476,0.045672895150538274
196,2020-10-29,9.36,9.48,9.5,9.32,441764,24.8798,1.1363,0.045671588999911576
197,2020-10-30,9.44,9.26,9.51,9.24,457376,25.1676,1.1494,0.04566982946327818
198,2020-11-02,9.29,9.09,9.35,9.05,580402,25.0854,1.1457,0.04567198450094477
199,2020-11-03,9.09,9.24,9.3,9.09,521159,24.1807,1.1044,0.04567278862894788
200,2020-11-04,9.26,9.35,9.42,9.17,403201,24.2629,1.1081,0.04567055051127442
201,2020-11-05,9.47,9.47,9.48,9.35,386984,24.1807,1.1044,0.04567278862894788
202,2020-11-06,9.47,9.54,9.62,9.44,438281,23.605,1.0781,0.045672527006990045
203,2020-11-09,9.63,9.83,9.92,9.59,769409,22.9058,1.0461,0.045669655720385234
204,2020-11-10,10.44,10.14,10.59,10.04,1945514,23.8106,1.0875,0.045672935583311626
205,2020-11-11,10.01,9.99,10.08,9.87,769154,26.4425,1.2077,0.04567268601682897
206,2020-11-12,9.86,9.95,10.1,9.8,498166,27.4706,1.2546,0.04567064425240074
207,2020-11-13,9.87,9.89,9.92,9.77,353486,27.3883,1.2509,0.04567278728508158
208,2020-11-16,9.95,10.05,10.11,9.93,600208,28.1697,1.2865,0.045669637944316055
209,2020-11-17,10.2,10.26,10.29,10.14,1023191,28.9099,1.3203,0.04566947654609667
210,2020-11-18,10.23,10.44,10.49,10.19,1009487,28.951,1.3222,0.04567027045697904
211,2020-11-19,10.41,10.37,10.47,10.29,392386,29.4034,1.3429,0.04567158899991157
212,2020-11-20,10.34,10.35,10.47,10.28,382872,29.6912,1.356,0.04567009753731746
213,2020-11-23,10.22,10.28,10.38,10.07,658281,29.7735,1.3598,0.04567148638890288
214,2020-11-24,10.32,10.49,10.52,10.29,590621,29.5268,1.3485,0.04567037403308181
215,2020-11-25,10.61,10.41,10.71,10.41,536111,29.8146,1.3617,0.045672254533014024
216,2020-11-26,10.47,10.53,10.56,10.34,403343,28.5398,1.3034,0.04566955619871197
217,2020-11-27,10.53,10.47,10.67,10.4,369094,28.9921,1.3241,0.045671062116921506
218,2020-11-30,10.4,10.44,10.82,10.38,798220,28.5398,1.3034,0.04566955619871197
219,2020-12-01,10.43,10.77,10.88,10.38,857276,29.5268,1.3485,0.04567037403308181
