,日期,开盘,收盘,最高,最低,成交量,pe,pb,roe
0,2020-01-03,22.72,22.68,22.77,22.65,179772,4.6924,0.4816,0.10263404654334668
1,2020-01-06,22.63,22.61,22.74,22.56,217468,4.587,0.4708,0.10263788968824941
2,2020-01-07,22.65,22.72,22.86,22.65,181606,4.587,0.4708,0.10263788968824941
3,2020-01-08,22.7,22.5,22.72,22.45,214304,4.5027,0.4621,0.10262731250138805
4,2020-01-09,22.59,22.56,22.63,22.52,166543,4.4676,0.4585,0.10262780911451339
5,2020-01-10,22.59,22.61,22.65,22.52,160412,4.4957,0.4614,0.10263140334097025
6,2020-01-13,22.59,22.63,22.63,22.52,114191,4.5238,0.4643,0.10263495291569036
7,2020-01-14,22.61,22.61,22.72,22.59,128142,4.4606,0.4578,0.10263193292382189
8,2020-01-15,22.63,22.52,22.65,22.47,123454,4.4746,0.4592,0.10262369820766103
9,2020-01-16,22.5,22.43,22.56,22.41,126900,4.4816,0.4599,0.10261960014280613
10,2020-01-17,22.45,22.43,22.52,22.36,106981,4.4114,0.4527,0.10262048329328556
11,2020-01-20,22.41,22.47,22.47,22.36,127801,4.3903,0.4506,0.10263535521490559
12,2020-01-21,22.43,22.27,22.43,22.25,180607,4.3482,0.4462,0.10261717492295662
13,2020-01-22,22.27,22.2,22.29,22.14,155020,4.4255,0.4542,0.1026324709072421
14,2020-01-23,22.18,22.02,22.18,21.98,291932,4.4044,0.452,0.10262464807919354
15,2020-02-03,20.7,21.17,21.26,20.7,550579,4.3833,0.4498,0.10261674993726187
16,2020-02-04,21.08,21.31,21.75,21.01,355052,4.3974,0.4513,0.10262882612452812
17,2020-02-05,21.4,21.31,21.42,21.17,204254,4.3622,0.4477,0.1026316996011187
18,2020-02-06,21.33,21.33,21.37,21.19,232491,4.3552,0.447,0.10263592946362969
19,2020-02-07,21.26,21.4,21.46,21.17,226797,4.3482,0.4462,0.10261717492295662
20,2020-02-10,21.33,21.33,21.37,21.26,165135,4.3131,0.4426,0.102617606825717
21,2020-02-11,21.35,21.42,21.46,21.33,177640,4.2498,0.4361,0.10261659372205752
22,2020-02-12,21.37,21.4,21.42,21.33,141238,4.2569,0.4441,0.10432474335784256
23,2020-02-13,21.37,21.26,21.4,21.26,127344,4.3271,0.4514,0.10431929005569551
24,2020-02-14,21.24,21.31,21.35,21.22,106434,4.3412,0.4529,0.1043259928130471
25,2020-02-17,21.33,21.51,21.53,21.28,268374,4.3833,0.4573,0.10432778956493965
26,2020-02-18,21.48,21.44,21.55,21.42,170789,4.3833,0.4573,0.10432778956493965
27,2020-02-19,21.46,21.42,21.51,21.4,140625,4.4676,0.4661,0.10432894619034828
28,2020-02-20,21.42,21.57,21.6,21.37,222783,4.4184,0.4609,0.10431377874343653
29,2020-02-21,21.55,21.55,21.69,21.51,221470,4.4535,0.4646,0.10432244302234198
30,2020-02-24,21.53,21.46,21.6,21.42,155960,4.3833,0.4573,0.10432778956493965
31,2020-02-25,21.33,21.28,21.37,21.19,275488,4.4255,0.4617,0.10432719466726922
32,2020-02-26,21.17,21.37,21.46,21.17,260169,4.4044,0.4595,0.10432749069112707
33,2020-02-27,21.35,21.4,21.46,21.31,188755,4.3833,0.4573,0.10432778956493965
34,2020-02-28,21.24,21.01,21.37,21.01,326908,4.3552,0.4543,0.10431208670095518
35,2020-03-02,21.1,21.31,21.35,21.1,231485,4.3693,0.4558,0.10431876959696061
36,2020-03-03,21.37,21.4,21.48,21.35,199967,4.3833,0.4573,0.10432778956493965
37,2020-03-04,21.35,21.46,21.48,21.35,144727,4.3271,0.4514,0.10431929005569551
38,2020-03-05,21.51,21.69,21.78,21.46,385229,4.306,0.4492,0.10431955411054343
39,2020-03-06,21.57,21.48,21.66,21.46,190997,4.3131,0.4499,0.10431012496812038
40,2020-03-09,21.35,21.24,21.35,21.17,290577,4.3341,0.4521,0.10431231397521976
41,2020-03-10,21.15,21.37,21.42,21.13,228460,4.3412,0.4529,0.1043259928130471
42,2020-03-11,21.42,21.28,21.42,21.26,162409,4.3412,0.4529,0.1043259928130471
43,2020-03-12,21.22,21.22,21.28,21.15,166335,4.3552,0.4543,0.10431208670095518
44,2020-03-13,20.86,21.01,21.17,20.77,370417,4.3833,0.4573,0.10432778956493965
45,2020-03-16,21.08,20.86,21.17,20.83,318673,4.4395,0.4631,0.10431354882306566
46,2020-03-17,20.86,20.77,21.04,20.72,341228,4.4535,0.4646,0.10432244302234198
47,2020-03-18,20.81,20.45,20.86,20.41,286503,4.3903,0.458,0.10432088923308203
48,2020-03-19,20.43,19.93,20.47,19.89,613579,4.3903,0.458,0.10432088923308203
49,2020-03-20,20.02,19.96,20.11,19.85,407144,4.3693,0.4558,0.10431876959696061
50,2020-03-23,19.73,19.62,19.85,19.62,284189,4.3763,0.4565,0.10431186161826202
51,2020-03-24,19.8,19.89,19.93,19.76,260481,4.3693,0.4558,0.10431876959696061
52,2020-03-25,20.07,20.11,20.16,19.98,225559,4.3552,0.4543,0.10431208670095518
53,2020-03-26,20.07,20.11,20.27,19.98,192230,4.3903,0.458,0.10432088923308203
54,2020-03-27,20.2,20.09,20.27,20.09,175758,4.4184,0.4609,0.10431377874343653
55,2020-03-30,19.87,20.02,20.16,19.87,189027,4.3763,0.4565,0.10431186161826202
56,2020-03-31,20.11,19.93,20.16,19.89,139148,4.3763,0.4565,0.10431186161826202
57,2020-04-01,19.98,19.93,20.09,19.87,139361,4.4255,0.4617,0.10432719466726922
58,2020-04-02,19.89,20.05,20.07,19.85,155352,4.4465,0.4639,0.10432924772292813
59,2020-04-03,20.02,19.93,20.05,19.91,95463,4.4816,0.4675,0.10431542306319172
60,2020-04-07,20.07,20.11,20.16,20.07,162167,4.5168,0.4712,0.10432164364151612
61,2020-04-08,20.07,20.11,20.14,20.05,102460,4.5168,0.4733,0.10478657456606447
62,2020-04-09,20.14,20.07,20.16,20.07,92564,4.4746,0.4689,0.10479148974209986
63,2020-04-10,20.09,19.93,20.11,19.93,132727,4.4816,0.4696,0.10478400571224562
64,2020-04-13,19.91,19.82,19.93,19.78,125247,4.5097,0.4726,0.10479632791538242
65,2020-04-14,19.87,19.96,20.0,19.85,129129,4.5097,0.4726,0.10479632791538242
66,2020-04-15,19.96,19.91,19.96,19.89,92652,4.5168,0.4733,0.10478657456606447
67,2020-04-16,19.87,19.96,19.96,19.85,125348,4.5168,0.4733,0.10478657456606447
68,2020-04-17,19.98,19.96,20.02,19.89,182664,4.587,0.4807,0.10479616306954437
69,2020-04-20,19.96,19.87,19.96,19.82,181871,4.6011,0.4821,0.10477929190845667
70,2020-04-21,19.87,19.78,19.87,19.76,146554,4.6573,0.488,0.10478174049341893
71,2020-04-22,19.78,19.8,19.8,19.69,107219,4.5238,0.474,0.10477916795614307
72,2020-04-23,19.82,19.78,19.82,19.73,105154,4.4887,0.4704,0.10479648896116917
73,2020-04-24,19.8,19.73,19.8,19.64,133126,4.4957,0.4711,0.10478902061970327
74,2020-04-27,19.76,19.82,19.91,19.71,180093,4.4887,0.4704,0.10479648896116917
75,2020-04-28,19.85,19.82,19.87,19.64,167121,4.5097,0.4726,0.10479632791538242
76,2020-04-29,19.82,20.16,20.18,19.8,254965,4.4676,0.4681,0.10477661384188379
77,2020-04-30,20.2,20.14,20.23,20.05,310096,4.5238,0.474,0.10477916795614307
78,2020-05-06,20.0,20.02,20.05,19.96,261512,4.5097,0.4726,0.10479632791538242
79,2020-05-07,20.02,19.93,20.02,19.91,163639,4.5519,0.477,0.10479140578659461
80,2020-05-08,19.98,20.05,20.09,19.93,156128,4.5027,0.4718,0.10478157549914496
81,2020-05-11,20.05,20.0,20.11,19.98,112738,4.4676,0.4681,0.10477661384188379
82,2020-05-12,20.02,19.91,20.05,19.89,118960,4.4746,0.4689,0.10479148974209986
83,2020-05-13,19.89,19.87,19.91,19.82,130755,4.5097,0.4726,0.10479632791538242
84,2020-05-14,19.82,19.78,19.85,19.76,119002,4.4606,0.4674,0.10478410976101868
85,2020-05-15,19.82,19.78,19.85,19.76,70399,4.4325,0.4645,0.1047941342357586
86,2020-05-18,19.78,19.82,19.85,19.73,74657,4.4465,0.4659,0.10477903969414144
87,2020-05-19,19.89,19.85,19.93,19.82,80432,4.5378,0.4755,0.10478646039931244
88,2020-05-20,19.85,19.82,19.89,19.8,67309,4.6221,0.4843,0.10477921291187989
89,2020-05-21,19.85,19.78,19.87,19.78,83097,4.6221,0.4843,0.10477921291187989
90,2020-05-22,19.78,19.64,19.82,19.64,97144,4.6432,0.4865,0.10477687801516194
91,2020-05-25,19.67,19.6,19.67,19.55,129842,4.5168,0.4733,0.10478657456606447
92,2020-05-26,19.6,19.62,19.64,19.58,88274,4.5519,0.477,0.10479140578659461
93,2020-05-27,19.64,19.67,19.71,19.62,89659,4.573,0.4792,0.10478897878854143
94,2020-05-28,19.69,19.76,19.87,19.67,131888,4.6573,0.488,0.10478174049341893
95,2020-05-29,19.71,19.71,19.73,19.6,174146,4.7416,0.4969,0.10479584950227772
96,2020-06-01,19.71,19.82,19.82,19.69,157007,4.7486,0.4976,0.10478877985090343
97,2020-06-02,19.8,19.87,19.87,19.78,161268,4.8891,0.5123,0.10478411159518111
98,2020-06-03,19.89,19.87,19.98,19.82,170525,4.9312,0.5167,0.1047817975340688
99,2020-06-04,19.87,19.78,19.89,19.73,104047,4.875,0.5108,0.10477948717948718
100,2020-06-05,19.78,19.76,19.8,19.71,116643,5.0155,0.5256,0.10479513508124812
101,2020-06-08,19.78,19.69,19.8,19.67,151163,4.573,0.4792,0.10478897878854143
102,2020-06-09,19.71,19.73,19.76,19.64,167285,4.4746,0.4689,0.10479148974209986
103,2020-06-10,19.73,19.64,19.73,19.6,210132,4.3552,0.4564,0.10479426891991182
104,2020-06-11,19.67,19.55,19.67,19.55,180979,4.299,0.4505,0.10479181204931379
105,2020-06-12,19.46,19.53,19.55,19.42,188968,4.292,0.4497,0.10477632805219013
106,2020-06-15,19.51,19.49,19.58,19.49,156272,4.306,0.4512,0.10478402229447283
107,2020-06-16,19.53,19.6,19.62,19.53,120927,4.285,0.449,0.10478413068844808
108,2020-06-17,19.62,19.62,19.64,19.58,103835,4.306,0.4512,0.10478402229447283
109,2020-06-18,19.64,19.64,19.73,19.55,288991,4.306,0.3788,0.08797027403622852
110,2020-06-19,19.69,19.73,19.8,19.64,293056,4.4535,0.4583,0.10290782530593914
111,2020-06-22,19.73,19.73,19.82,19.71,188534,4.4465,0.4576,0.1029124030136062
112,2020-06-23,19.73,19.66,19.75,19.64,126741,4.4395,0.4568,0.10289447009798401
113,2020-06-24,19.69,19.73,19.82,19.64,147088,4.4044,0.4532,0.1028971028971029
114,2020-06-29,19.8,19.69,19.82,19.64,152917,4.4184,0.4547,0.10291055585732392
115,2020-06-30,19.69,19.71,19.78,19.69,202951,4.4255,0.4554,0.10290362670884645
116,2020-07-01,19.71,19.89,19.93,19.69,315986,4.4535,0.4583,0.10290782530593914
117,2020-07-02,19.87,20.27,20.27,19.84,537280,4.4816,0.4612,0.10290967511602998
118,2020-07-03,20.27,20.58,20.61,20.25,635389,4.4676,0.4597,0.10289640970543469
119,2020-07-06,20.7,22.0,22.04,20.7,1329088,4.4887,0.4619,0.10290284492169226
120,2020-07-07,22.25,21.55,22.63,21.51,1530349,4.4957,0.4626,0.10289832506617434
121,2020-07-08,21.48,21.73,21.93,21.39,952616,4.5238,0.4655,0.10290021663203502
122,2020-07-09,21.64,21.59,21.82,21.51,701659,4.5238,0.4655,0.10290021663203502
123,2020-07-10,21.53,21.15,21.59,21.08,697358,4.5097,0.4641,0.10291150187373885
124,2020-07-13,21.08,21.12,21.28,20.97,671645,4.4746,0.4604,0.10289187860367408
125,2020-07-14,21.12,20.85,21.19,20.76,640637,4.4887,0.4619,0.10290284492169226
126,2020-07-15,20.92,20.58,20.97,20.56,577628,4.4606,0.459,0.1029009550284715
127,2020-07-16,20.63,20.52,20.74,20.49,523515,4.4465,0.4576,0.1029124030136062
128,2020-07-17,20.56,20.4,20.63,20.29,412772,4.4395,0.4568,0.10289447009798401
129,2020-07-20,20.47,20.81,20.81,20.43,502042,4.4535,0.4583,0.10290782530593914
130,2020-07-21,20.83,20.74,20.9,20.65,313954,4.4957,0.4626,0.10289832506617434
131,2020-07-22,20.72,20.74,20.92,20.63,371575,4.5097,0.4641,0.10291150187373885
132,2020-07-23,20.63,20.47,20.65,20.29,368504,4.5168,0.4648,0.10290471130003542
133,2020-07-24,20.43,20.18,20.47,20.16,338201,4.5097,0.4641,0.10291150187373885
134,2020-07-27,20.2,20.13,20.27,20.09,197362,4.4957,0.4626,0.10289832506617434
135,2020-07-28,20.18,20.22,20.29,20.18,173205,4.4957,0.4626,0.10289832506617434
136,2020-07-29,20.22,20.38,20.43,20.13,216271,4.5238,0.4655,0.10290021663203502
137,2020-07-30,20.38,20.27,20.43,20.25,152053,4.5378,0.4669,0.10289126889682225
138,2020-07-31,20.27,20.25,20.43,20.22,242159,4.5659,0.4698,0.10289318644735977
139,2020-08-03,20.31,20.36,20.38,20.29,323304,4.58,0.4713,0.10290393013100436
140,2020-08-04,20.4,20.52,20.67,20.31,600971,4.5449,0.4677,0.10290655459966115
141,2020-08-05,20.47,20.38,20.49,20.31,249313,4.573,0.4706,0.10290837524600918
142,2020-08-06,20.4,20.43,20.49,20.29,251257,4.6081,0.4742,0.10290575291334823
143,2020-08-07,20.38,20.25,20.43,20.2,279384,4.6151,0.4869,0.10550150592619878
144,2020-08-10,20.29,20.38,20.43,20.2,368262,4.5097,0.4758,0.10550590948400117
145,2020-08-11,20.4,20.31,20.63,20.29,428991,4.5097,0.4758,0.10550590948400117
146,2020-08-12,20.34,20.34,20.38,20.2,272863,4.4816,0.4728,0.10549803641556586
147,2020-08-13,20.36,20.31,20.38,20.29,209990,4.4957,0.4743,0.10550081188691415
148,2020-08-14,20.31,20.43,20.45,20.27,277702,4.5027,0.4751,0.10551446909632
149,2020-08-17,20.45,20.85,21.01,20.45,805774,4.4957,0.4743,0.10550081188691415
150,2020-08-18,20.81,20.67,20.83,20.61,425300,4.5238,0.4773,0.1055086431760909
151,2020-08-19,20.63,20.63,20.74,20.56,321870,4.5519,0.4803,0.10551637777631319
152,2020-08-20,20.61,20.4,20.61,20.36,291051,4.7813,0.3726,0.07792859682513124
153,2020-08-21,20.45,20.4,20.49,20.38,226308,4.7665,0.3715,0.07793978810447919
154,2020-08-24,20.45,20.38,20.49,20.36,194714,4.7813,0.3726,0.07792859682513124
155,2020-08-25,20.4,20.38,20.45,20.31,216062,4.737,0.3692,0.07793962423474772
156,2020-08-26,20.38,20.29,20.38,20.25,203506,4.7739,0.372,0.07792371017407151
157,2020-08-27,20.29,20.27,20.31,20.22,152045,4.8182,0.3755,0.07793366817483707
158,2020-08-28,20.27,20.4,20.43,20.22,282060,4.8329,0.3766,0.07792422768937904
159,2020-08-31,20.38,20.4,20.49,20.31,471028,4.8329,0.3766,0.07792422768937904
160,2020-09-01,20.34,20.29,20.36,20.25,317109,4.7739,0.372,0.07792371017407151
161,2020-09-02,20.31,20.18,20.34,20.16,318160,4.8108,0.3749,0.07792882680635237
162,2020-09-03,20.2,20.11,20.25,20.04,270988,4.7739,0.372,0.07792371017407151
163,2020-09-04,20.02,19.96,20.04,19.93,232351,4.7739,0.372,0.07792371017407151
164,2020-09-07,19.96,19.96,20.07,19.89,207060,4.8034,0.3743,0.07792397052088106
165,2020-09-08,19.96,20.09,20.11,19.96,203378,4.8256,0.3761,0.07793849469496021
166,2020-09-09,20.0,20.0,20.09,19.96,232436,4.8329,0.3766,0.07792422768937904
167,2020-09-10,20.02,19.89,20.07,19.84,214514,4.8329,0.3766,0.07792422768937904
168,2020-09-11,19.84,19.93,20.0,19.78,220837,4.7592,0.3709,0.07793326609514205
169,2020-09-14,19.91,19.96,19.98,19.87,149832,4.6706,0.364,0.07793431250802894
170,2020-09-15,19.96,19.93,19.98,19.89,121589,4.7813,0.3726,0.07792859682513124
171,2020-09-16,19.91,20.0,20.04,19.89,181512,4.7739,0.372,0.07792371017407151
172,2020-09-17,20.0,20.0,20.04,19.96,131198,4.9436,0.3853,0.07793915365320818
173,2020-09-18,20.0,20.2,20.2,19.96,225599,5.0469,0.3933,0.07792902573857219
174,2020-09-21,20.18,20.16,20.22,20.09,198293,5.0764,0.3956,0.07792924119454732
175,2020-09-22,20.11,19.98,20.18,19.93,161608,5.1281,0.3996,0.0779235974337474
176,2020-09-23,20.0,19.89,20.02,19.89,137185,5.1945,0.4048,0.07792857830397536
177,2020-09-24,19.84,19.84,19.87,19.71,219074,5.2166,0.4065,0.07792431852164244
178,2020-09-25,19.82,19.84,19.87,19.78,113026,5.2461,0.5432,0.10354358475820133
179,2020-09-28,19.84,19.82,19.89,19.78,84749,5.2019,0.5386,0.10353909148580326
180,2020-09-29,19.89,19.75,19.89,19.73,125382,5.283,0.547,0.10353965549876964
181,2020-09-30,19.78,19.73,19.82,19.69,168537,5.3494,0.5539,0.10354432272778254
182,2020-10-09,19.8,19.8,19.82,19.78,159514,5.2757,0.5463,0.10355023977860758
183,2020-10-12,19.78,19.98,20.02,19.78,195909,5.2535,0.544,0.10355001427619683
184,2020-10-13,19.96,19.93,19.98,19.89,118849,5.224,0.5409,0.10354134762633997
185,2020-10-14,19.96,19.89,19.98,19.84,117511,5.1281,0.531,0.10354712271601568
186,2020-10-15,19.89,19.98,20.16,19.87,202527,5.2535,0.544,0.10355001427619683
187,2020-10-16,19.93,20.04,20.2,19.93,356411,5.2461,0.5432,0.10354358475820133
188,2020-10-19,20.07,20.11,20.36,20.07,342080,5.2166,0.5401,0.10353486945520071
189,2020-10-20,20.11,19.98,20.13,19.93,219774,5.2757,0.5463,0.10355023977860758
190,2020-10-21,19.98,20.2,20.22,19.93,305477,5.3052,0.5493,0.10353992309432256
191,2020-10-22,20.13,20.09,20.29,20.07,244404,5.3126,0.5501,0.10354628618755413
192,2020-10-23,20.09,20.25,20.29,20.07,381994,5.2609,0.5447,0.10353741755212985
193,2020-10-26,20.22,19.98,20.27,19.98,304752,5.2683,0.5455,0.10354383767059583
194,2020-10-27,19.96,19.98,20.0,19.89,148231,5.2904,0.5478,0.10354604566762436
195,2020-10-28,19.98,19.84,19.98,19.78,169009,5.224,0.5409,0.10354134762633997
196,2020-10-29,19.78,19.8,19.87,19.75,136524,5.2093,0.5394,0.10354558193999194
197,2020-10-30,19.8,19.57,19.89,19.55,324029,5.2535,0.544,0.10355001427619683
198,2020-11-02,19.64,19.55,19.73,19.53,242412,5.2609,0.5447,0.10353741755212985
199,2020-11-03,19.66,19.75,19.87,19.64,288680,5.2314,0.5417,0.10354780747027564
200,2020-11-04,19.89,19.87,19.96,19.75,238088,5.2535,0.544,0.10355001427619683
201,2020-11-05,19.93,19.89,19.96,19.82,188726,5.2314,0.5417,0.10354780747027564
202,2020-11-06,19.89,19.91,19.93,19.73,207702,5.224,0.5409,0.10354134762633997
203,2020-11-09,19.91,20.02,20.04,19.91,230311,5.224,0.5409,0.10354134762633997
204,2020-11-10,20.11,19.98,20.16,19.96,237498,5.1797,0.5363,0.10353881498928509
205,2020-11-11,20.0,20.04,20.13,19.93,206179,5.4601,0.5654,0.10355121701067747
206,2020-11-12,20.04,20.11,20.2,20.02,240398,5.5192,0.5715,0.10354761559646326
207,2020-11-13,20.09,19.87,20.09,19.84,185141,5.5413,0.5738,0.1035497085521448
208,2020-11-16,19.84,20.0,20.02,19.84,146709,5.6077,0.5806,0.10353620914100255
209,2020-11-17,20.0,20.07,20.11,19.98,168301,5.5929,0.5791,0.10354199073825741
210,2020-11-18,20.09,20.29,20.36,20.02,466091,5.5929,0.5791,0.10354199073825741
211,2020-11-19,20.25,20.27,20.36,20.22,278743,5.6225,0.5822,0.10354824366385061
212,2020-11-20,20.22,20.22,20.29,20.13,183924,5.652,0.5852,0.10353857041755131
213,2020-11-23,20.2,20.43,20.45,20.18,348663,5.6593,0.586,0.10354637499337373
214,2020-11-24,20.43,20.34,20.45,20.31,217914,5.652,0.5852,0.10353857041755131
215,2020-11-25,20.43,20.25,20.49,20.22,230436,5.6372,0.5837,0.10354431277939402
216,2020-11-26,20.22,20.36,20.43,20.22,219162,5.6151,0.5814,0.10354223433242507
217,2020-11-27,20.38,20.63,20.63,20.38,459621,5.6889,0.589,0.1035349540332929
218,2020-11-30,20.67,20.63,21.12,20.49,949294,5.652,0.5852,0.10353857041755131
219,2020-12-01,20.56,20.97,21.01,20.4,626209,5.6741,0.5875,0.1035406496184417
