,日期,开盘,收盘,最高,最低,成交量,pe,pb,roe
0,2020-01-03,19.6,19.56,19.66,19.52,284090,47.4724,1.011,0.021296584963052215
1,2020-01-06,19.52,19.58,19.62,19.48,390201,47.8447,1.019,0.021298074812884184
2,2020-01-07,19.58,19.66,19.66,19.54,416025,48.0309,1.0229,0.021296706911592328
3,2020-01-08,19.62,19.46,19.66,19.4,413275,48.8686,1.0408,0.021297929549854096
4,2020-01-09,19.5,19.52,19.58,19.46,253469,47.1001,1.0031,0.021297194698100434
5,2020-01-10,19.52,19.46,19.54,19.42,164542,47.007,1.0011,0.021296828131980347
6,2020-01-13,19.44,19.5,19.5,19.38,160223,47.7516,1.017,0.021297715678636944
7,2020-01-14,19.52,19.6,19.62,19.5,287287,47.2862,1.0071,0.02129796854050442
8,2020-01-15,19.6,19.48,19.62,19.44,198133,47.1001,1.0031,0.021297194698100434
9,2020-01-16,19.48,19.36,19.5,19.32,250480,47.6586,1.015,0.021297310453936957
10,2020-01-17,19.38,19.32,19.42,19.3,172373,47.3793,1.0091,0.021298330705603503
11,2020-01-20,19.34,19.34,19.36,19.28,142618,47.007,1.0011,0.021296828131980347
12,2020-01-21,19.32,19.18,19.34,19.12,288388,46.6346,0.9932,0.02129749156205907
13,2020-01-22,19.16,19.28,19.36,19.06,286295,47.1931,1.0051,0.02129760494648582
14,2020-01-23,19.22,19.1,19.32,19.08,274331,48.5894,1.0348,0.021296826056711956
15,2020-02-03,18.02,18.02,18.18,18.02,369946,47.8447,1.019,0.021298074812884184
16,2020-02-04,17.66,18.02,18.46,17.66,364000,48.0309,1.0229,0.021296706911592328
17,2020-02-05,18.08,18.04,18.22,17.94,285097,47.8447,1.019,0.021298074812884184
18,2020-02-06,18.1,18.12,18.14,17.98,231866,45.9831,0.9793,0.02129695475076713
19,2020-02-07,18.1,18.18,18.22,18.0,298986,45.1453,0.9615,0.021297898120070085
20,2020-02-10,18.1,18.16,18.18,18.08,277657,46.4485,0.9892,0.02129670495279718
21,2020-02-11,18.14,18.14,18.28,18.08,346960,43.9352,0.9357,0.021297274167410184
22,2020-02-12,18.14,18.16,18.18,18.02,382085,45.4246,0.9674,0.021296830351835792
23,2020-02-13,18.12,17.98,18.16,17.98,345887,46.4485,0.9892,0.02129670495279718
24,2020-02-14,17.98,17.96,17.98,17.88,288412,46.5416,0.9912,0.02129707616411984
25,2020-02-17,17.94,18.14,18.14,17.9,364427,47.2862,1.0523,0.022253849960453577
26,2020-02-18,18.12,18.16,18.26,18.1,335387,48.8686,1.0876,0.022255599710243386
27,2020-02-19,18.12,18.1,18.16,18.08,282421,46.1692,1.0275,0.02225509647124057
28,2020-02-20,18.12,18.26,18.26,18.08,391607,46.7277,1.0399,0.02225446576655817
29,2020-02-21,18.24,18.28,18.38,18.2,369442,47.8447,1.0648,0.022255338626848947
30,2020-02-24,18.26,18.14,18.26,18.08,366995,48.6825,1.0834,0.022254403533097107
31,2020-02-25,18.0,18.0,18.04,17.9,319047,48.124,1.071,0.022255007896267973
32,2020-02-26,17.92,18.08,18.16,17.88,371490,49.1479,1.0938,0.02225527438608771
33,2020-02-27,18.08,18.06,18.14,18.04,240910,48.2171,1.0731,0.022255589821868173
34,2020-02-28,17.96,17.68,17.98,17.68,498955,48.7756,1.0855,0.022254979948990887
35,2020-03-02,17.68,17.9,17.94,17.68,266891,50.5441,1.1248,0.022253833780797365
36,2020-03-03,17.96,17.94,18.04,17.92,241236,51.1957,1.1393,0.02225382209834029
37,2020-03-04,17.92,18.06,18.08,17.88,253028,50.358,1.1207,0.022254656658326384
38,2020-03-05,18.1,18.18,18.2,18.08,362087,50.358,1.1207,0.022254656658326384
39,2020-03-06,18.1,18.06,18.14,18.02,278122,49.3341,1.0979,0.02225438388457477
40,2020-03-09,17.94,17.82,17.96,17.78,345768,50.1718,1.1166,0.0222555299989237
41,2020-03-10,17.72,17.94,17.94,17.7,259370,50.8234,1.1311,0.022255496483903084
42,2020-03-11,17.9,17.98,18.04,17.9,234264,49.7995,1.1083,0.022255243526541433
43,2020-03-12,17.88,17.8,17.92,17.76,199915,50.8234,1.1311,0.022255496483903084
44,2020-03-13,17.54,17.64,17.7,17.44,255241,51.3819,1.1435,0.022254918560816163
45,2020-03-16,17.64,17.58,17.78,17.56,266307,52.0335,1.158,0.02225489348208366
46,2020-03-17,17.58,17.46,17.68,17.4,253070,53.9882,1.2015,0.022254863099714382
47,2020-03-18,17.5,17.22,17.54,17.22,339455,52.0335,1.158,0.02225489348208366
48,2020-03-19,17.18,16.92,17.2,16.82,306032,53.2436,1.1849,0.022254317889849672
49,2020-03-20,16.98,17.02,17.08,16.9,198337,53.3366,1.187,0.022254886888178102
50,2020-03-23,16.92,17.2,17.3,16.88,329984,54.4536,1.2118,0.022253808747263723
51,2020-03-24,17.28,17.5,17.52,17.26,273985,54.2675,1.2077,0.022254572257797024
52,2020-03-25,17.64,17.52,17.64,17.46,191908,54.7329,1.2181,0.022255352813390118
53,2020-03-26,17.46,17.4,17.48,17.36,140603,52.9643,1.1787,0.022254613012916247
54,2020-03-27,17.46,17.46,17.56,17.36,166134,52.6851,1.1725,0.022254869023689814
55,2020-03-30,17.38,17.64,17.66,17.34,284575,50.7303,1.129,0.02225494428379095
56,2020-03-31,17.64,17.66,17.78,17.58,229533,51.5681,1.1476,0.022254067921835395
57,2020-04-01,17.48,17.22,17.64,17.2,331300,53.0574,1.1808,0.022255142543735652
58,2020-04-02,17.18,17.14,17.2,17.0,250339,53.8021,1.1973,0.022253778198248766
59,2020-04-03,17.12,16.94,17.12,16.92,191603,54.4536,1.2118,0.022253808747263723
60,2020-04-07,17.02,17.02,17.06,16.96,309682,51.2888,1.1414,0.022254371324733662
61,2020-04-08,16.96,17.0,17.02,16.9,243629,51.8473,1.1538,0.022253810709525857
62,2020-04-09,17.0,17.04,17.1,16.98,196513,50.5441,1.1248,0.022253833780797365
63,2020-04-10,17.06,16.96,17.06,16.9,139725,52.592,1.1704,0.02225433526011561
64,2020-04-13,16.92,16.82,16.94,16.78,203447,52.1266,1.1601,0.02225543196755591
65,2020-04-14,16.84,16.9,16.9,16.8,155015,55.7568,1.2408,0.022253787878787876
66,2020-04-15,16.88,16.74,16.9,16.72,254718,57.7115,1.2844,0.022255529660466285
67,2020-04-16,16.7,16.88,16.92,16.66,262320,54.919,1.2222,0.02225459312806133
68,2020-04-17,16.84,16.78,16.88,16.78,157046,52.0335,1.158,0.02225489348208366
69,2020-04-20,16.8,16.72,16.82,16.7,169667,47.2862,1.1065,0.023400061751631555
70,2020-04-21,16.7,16.68,16.74,16.6,173286,46.6346,1.0913,0.02340107988489233
71,2020-04-22,16.66,16.68,16.74,16.6,206703,44.9592,1.0521,0.02340121710350718
72,2020-04-23,16.66,16.72,16.8,16.64,288166,44.773,1.0477,0.0234002635516941
73,2020-04-24,16.72,16.64,16.74,16.6,180509,44.1214,1.0325,0.023401342659117797
74,2020-04-27,16.6,16.68,16.72,16.6,153404,42.6321,0.9976,0.023400207824620416
75,2020-04-28,16.68,16.54,16.72,16.4,278474,43.0975,1.0085,0.023400429259237774
76,2020-04-29,16.5,16.56,16.6,16.46,126478,42.539,0.9954,0.023399703801217704
77,2020-04-30,16.62,16.72,16.76,16.62,172674,42.8182,1.002,0.02340126394850788
78,2020-05-06,16.6,16.72,16.74,16.58,210734,43.2837,1.0129,0.02340141900992752
79,2020-05-07,16.72,16.96,17.08,16.7,426587,43.656,1.0216,0.02340113615539674
80,2020-05-08,16.9,16.9,16.96,16.88,217230,43.9352,1.0281,0.023400371456144504
81,2020-05-11,16.88,16.92,17.0,16.86,232200,43.656,1.0216,0.02340113615539674
82,2020-05-12,16.9,16.86,16.94,16.78,174659,43.8422,1.0259,0.023399829388123773
83,2020-05-13,16.86,17.08,17.12,16.84,307287,43.8422,1.0259,0.023399829388123773
84,2020-05-14,17.08,16.96,17.24,16.94,213440,44.0283,1.0303,0.02340085808445931
85,2020-05-15,17.0,17.0,17.12,16.94,215913,44.2145,1.0347,0.02340182519309276
86,2020-05-18,16.98,16.94,17.04,16.92,138265,43.3767,1.015,0.02339965926407495
87,2020-05-19,16.96,16.96,17.02,16.94,111293,44.4007,1.039,0.02340053197359501
88,2020-05-20,16.96,17.0,17.02,16.92,119408,44.5868,1.0434,0.02340154485183956
89,2020-05-21,17.0,16.82,17.04,16.78,191378,45.2384,1.0586,0.023400473933649288
90,2020-05-22,16.8,16.66,16.84,16.62,160542,46.3554,1.0848,0.023401804320532234
91,2020-05-25,16.66,16.88,16.9,16.62,203254,43.0975,1.0085,0.023400429259237774
92,2020-05-26,16.9,17.08,17.16,16.88,348489,42.539,0.9954,0.023399703801217704
93,2020-05-27,17.1,17.14,17.16,17.0,278639,43.5629,1.0194,0.023400645962504796
94,2020-05-28,17.14,17.06,17.24,17.02,144064,43.8422,1.0259,0.023399829388123773
95,2020-05-29,17.08,16.94,17.08,16.8,266947,44.1214,1.0325,0.023401342659117797
96,2020-06-01,16.94,17.04,17.08,16.94,197173,43.656,1.0216,0.02340113615539674
97,2020-06-02,17.02,17.08,17.1,16.96,214785,44.4937,1.0412,0.023401065768861657
98,2020-06-03,17.04,17.0,17.12,16.98,240169,44.2145,1.0347,0.02340182519309276
99,2020-06-04,17.04,16.82,17.04,16.8,287421,43.656,1.0216,0.02340113615539674
100,2020-06-05,16.86,16.88,16.88,16.8,114741,43.1906,1.0107,0.02340092520131695
101,2020-06-08,16.88,16.94,17.0,16.86,241133,41.6082,0.9458,0.02273109627429209
102,2020-06-09,16.98,16.98,16.98,16.9,137744,40.7704,0.9268,0.02273217824696348
103,2020-06-10,16.98,16.8,16.98,16.78,201764,39.5603,0.8993,0.022732385750360844
104,2020-06-11,16.8,16.72,16.8,16.68,174956,39.2811,0.8929,0.02273103349957104
105,2020-06-12,16.64,16.7,16.7,16.6,276430,39.0018,0.8866,0.0227322841509879
106,2020-06-15,16.64,16.56,16.68,16.54,205764,39.188,0.8908,0.022731448402572216
107,2020-06-16,16.6,16.6,16.62,16.54,184025,39.188,0.8908,0.022731448402572216
108,2020-06-17,16.6,16.58,16.6,16.56,118164,39.4672,0.8972,0.02273280090809584
109,2020-06-18,16.58,16.76,16.8,16.58,285488,39.7465,0.9035,0.022731561269545748
110,2020-06-19,16.76,16.82,16.86,16.74,269244,39.4672,0.8972,0.02273280090809584
111,2020-06-22,16.82,16.76,16.86,16.72,224493,38.6295,0.8781,0.022731332271968312
112,2020-06-23,16.76,16.7,16.78,16.66,113724,38.7226,0.8803,0.022733494135207862
113,2020-06-24,16.76,16.7,16.78,16.68,118897,38.5364,0.876,0.02273175491223882
114,2020-06-29,16.68,16.66,16.74,16.62,137823,39.188,0.8908,0.022731448402572216
115,2020-06-30,16.7,16.72,16.74,16.66,145780,39.2811,0.8929,0.02273103349957104
116,2020-07-01,16.7,16.78,16.8,16.66,143758,39.6534,0.9014,0.022731972542077098
117,2020-07-02,16.78,17.04,17.06,16.78,388067,40.4912,0.9205,0.02273333465049196
118,2020-07-03,17.08,17.22,17.24,17.08,522964,40.305,0.9162,0.02273167100855973
119,2020-07-06,17.33,17.83,17.89,17.27,792349,40.0257,0.9099,0.022732894115530772
120,2020-07-07,17.93,17.93,18.23,17.79,846026,39.7465,0.9035,0.022731561269545748
121,2020-07-08,17.87,18.05,18.05,17.79,607712,40.5842,0.9226,0.02273298475761503
122,2020-07-09,18.05,18.11,18.17,17.95,538446,40.9566,0.931,0.022731379069551673
123,2020-07-10,18.09,17.93,18.11,17.93,409562,40.7704,0.9268,0.02273217824696348
124,2020-07-13,17.93,18.03,18.09,17.91,382458,40.305,0.9162,0.02273167100855973
125,2020-07-14,18.03,17.97,18.03,17.79,453709,40.8635,0.9289,0.022731777747867898
126,2020-07-15,18.01,17.91,18.13,17.91,440673,41.2358,0.9374,0.02273267403566804
127,2020-07-16,17.99,17.69,18.11,17.67,589283,40.9566,0.931,0.022731379069551673
128,2020-07-17,17.69,17.81,17.85,17.63,300759,40.0257,0.9099,0.022732894115530772
129,2020-07-20,17.85,18.51,18.53,17.85,845581,39.0018,0.8866,0.0227322841509879
130,2020-07-21,18.55,18.27,18.65,18.17,517582,39.7465,0.9035,0.022731561269545748
131,2020-07-22,18.33,18.13,18.33,18.11,366291,40.5842,0.9226,0.02273298475761503
132,2020-07-23,18.11,18.09,18.13,17.87,342620,40.3981,0.9183,0.022731267064540164
133,2020-07-24,18.07,17.87,18.11,17.71,367984,40.305,0.9162,0.02273167100855973
134,2020-07-27,17.83,18.05,18.07,17.77,287060,40.5842,0.9226,0.02273298475761503
135,2020-07-28,17.99,18.01,18.13,17.93,238938,40.3981,0.9183,0.022731267064540164
136,2020-07-29,17.99,17.97,18.05,17.83,270754,40.9566,0.931,0.022731379069551673
137,2020-07-30,17.95,17.97,18.01,17.89,174854,39.9327,0.9078,0.02273324869092248
138,2020-07-31,17.93,17.93,17.99,17.81,278704,40.2119,0.9141,0.02273207682303
139,2020-08-03,17.95,17.99,18.01,17.91,217191,40.1188,0.912,0.02273248452097271
140,2020-08-04,17.97,17.93,18.03,17.79,416257,40.3981,0.9183,0.022731267064540164
141,2020-08-05,17.91,17.85,17.93,17.79,167955,39.2811,0.8929,0.02273103349957104
142,2020-08-06,17.81,17.75,17.87,17.65,237903,39.2811,0.8929,0.02273103349957104
143,2020-08-07,17.77,17.69,17.77,17.65,188086,38.5364,0.876,0.02273175491223882
144,2020-08-10,17.69,17.81,17.85,17.67,199388,38.4433,0.8739,0.022732179599566114
145,2020-08-11,17.83,17.71,17.91,17.71,207080,39.0949,0.8887,0.02273186528166078
146,2020-08-12,17.71,18.03,18.07,17.65,420700,38.9087,0.8845,0.022732705024840198
147,2020-08-13,18.01,18.17,18.31,18.01,487556,39.2811,0.8929,0.02273103349957104
148,2020-08-14,18.19,18.21,18.27,18.11,301518,39.0949,0.8887,0.02273186528166078
149,2020-08-17,18.25,18.57,18.61,18.25,479660,39.0949,0.8979,0.022967190093848556
150,2020-08-18,18.59,18.71,18.85,18.57,466918,39.2811,0.9022,0.022967788580258698
151,2020-08-19,19.09,19.73,19.73,18.99,1065711,39.5603,0.9086,0.02296746991301886
152,2020-08-20,20.31,20.35,20.85,19.97,2852795,40.0257,0.9193,0.02296774322497795
153,2020-08-21,20.07,20.95,21.05,19.79,2092617,39.3742,0.9043,0.022966815833718526
154,2020-08-24,20.75,20.53,20.87,20.11,1234389,40.1188,0.9214,0.022966788637745896
155,2020-08-25,20.25,19.75,20.29,19.69,1030120,39.7465,0.9128,0.022965544135961656
156,2020-08-26,19.75,19.85,20.07,19.49,738328,40.3981,0.9278,0.02296642663887658
157,2020-08-27,19.71,19.41,19.77,19.17,653018,40.7704,0.9364,0.02296764319211977
158,2020-08-28,19.43,19.69,19.79,19.21,502895,40.5842,0.9321,0.0229670660010546
159,2020-08-31,19.65,19.57,19.81,19.55,379955,40.6773,0.9342,0.0229661260703144
160,2020-09-01,19.61,20.25,20.27,19.43,789976,40.305,0.9257,0.022967373774965886
161,2020-09-02,20.13,20.11,20.25,19.85,408772,41.2358,0.947,0.0229654814505842
162,2020-09-03,20.13,19.95,20.23,19.65,449476,41.6082,0.9556,0.022966626770684628
163,2020-09-04,19.75,19.63,20.19,19.57,384633,51.1676,0.9511,0.018587934552333898
164,2020-09-07,19.67,19.45,19.75,19.37,287005,51.0585,0.9491,0.01858848183945866
165,2020-09-08,19.45,19.87,20.09,19.35,385125,50.0766,0.9308,0.018587523913364726
166,2020-09-09,19.75,19.93,20.07,19.71,282374,49.7493,0.9247,0.018587196201755602
167,2020-09-10,19.95,20.31,20.47,19.83,473043,50.4039,0.9369,0.01858784736895359
168,2020-09-11,20.25,20.21,20.27,19.81,312055,50.2948,0.9349,0.018588402777225475
169,2020-09-14,20.09,20.25,20.33,19.97,366331,48.6583,0.9044,0.018586757038367555
170,2020-09-15,20.29,20.01,20.29,19.91,211502,47.6764,0.8862,0.01858781283821765
171,2020-09-16,19.95,19.99,20.05,19.81,170286,47.1309,0.876,0.018586532402309314
172,2020-09-17,19.99,19.73,19.99,19.69,141717,48.7674,0.9065,0.018588237224047212
173,2020-09-18,19.85,20.15,20.15,19.73,213953,50.0766,0.9308,0.018587523913364726
174,2020-09-21,20.09,19.73,20.19,19.65,302128,50.7312,0.943,0.018588166650897277
175,2020-09-22,19.67,19.59,19.73,19.51,135957,51.0585,0.9491,0.01858848183945866
176,2020-09-23,19.55,19.47,19.63,19.43,132307,51.9313,0.9653,0.018588019171482326
177,2020-09-24,19.43,19.25,19.53,19.13,172150,52.9132,0.9835,0.018587044442596554
178,2020-09-25,19.27,19.47,19.51,19.17,140579,52.695,0.9795,0.018588101337887845
179,2020-09-28,19.47,19.33,19.53,19.31,85600,52.0404,0.9673,0.0185874820331896
180,2020-09-29,19.39,19.15,19.39,19.11,179573,53.3495,0.9916,0.018586865856287313
181,2020-09-30,19.09,19.37,19.51,19.09,183021,54.0041,1.0038,0.018587477617440156
182,2020-10-09,19.37,19.37,19.67,19.33,194301,53.3495,0.9916,0.018586865856287313
183,2020-10-12,19.43,19.55,19.61,19.29,198329,52.695,0.9795,0.018588101337887845
184,2020-10-13,19.53,19.41,19.55,19.13,286311,52.4768,0.9754,0.018587261418379172
185,2020-10-14,19.37,19.03,19.37,18.99,318288,51.2767,0.9531,0.018587389594104144
186,2020-10-15,19.09,18.91,19.11,18.83,286240,53.3495,0.9916,0.018586865856287313
187,2020-10-16,18.91,19.11,19.29,18.83,222737,53.4586,0.9937,0.018588215927839487
188,2020-10-19,19.07,18.89,19.19,18.81,224934,53.0223,0.9856,0.018588405255901764
189,2020-10-20,18.85,19.01,19.11,18.85,181077,53.7859,0.9997,0.018586655610485277
190,2020-10-21,18.99,18.83,19.07,18.81,159386,54.5496,1.0139,0.01858675407335709
191,2020-10-22,18.81,18.59,18.87,18.57,228961,54.4405,1.0119,0.018587264995729283
192,2020-10-23,18.63,18.47,18.65,18.45,147592,53.5677,0.9957,0.01858769370348176
193,2020-10-26,18.55,19.05,19.11,18.45,483758,53.895,1.0018,0.018587995175804804
194,2020-10-27,18.97,18.71,18.99,18.59,353891,53.7859,0.9997,0.018586655610485277
195,2020-10-28,18.87,18.55,18.95,18.49,384122,52.8041,0.9815,0.01858757179840202
196,2020-10-29,18.55,18.53,18.73,18.45,288237,52.9132,0.9835,0.018587044442596554
197,2020-10-30,18.51,18.31,18.61,18.27,209191,53.895,1.0018,0.018587995175804804
198,2020-11-02,18.31,17.99,18.35,17.91,464098,53.7859,0.9997,0.018586655610485277
199,2020-11-03,18.03,18.53,18.61,18.01,396281,53.895,1.0018,0.018587995175804804
200,2020-11-04,18.51,18.25,18.59,18.21,206429,54.0041,1.0038,0.018587477617440156
201,2020-11-05,18.27,18.43,18.57,18.25,214565,53.6768,0.9977,0.018587173602003102
202,2020-11-06,18.43,18.83,18.99,18.41,380418,53.2404,0.9896,0.018587388524503947
203,2020-11-09,18.85,18.87,19.03,18.69,372127,53.1314,0.9876,0.018587878354419423
204,2020-11-10,18.87,18.83,19.05,18.79,235663,53.1314,0.9876,0.018587878354419423
205,2020-11-11,18.79,18.99,19.05,18.73,273254,59.0227,1.0971,0.018587763690918916
206,2020-11-12,18.93,18.69,18.95,18.59,293993,60.0046,1.1153,0.018586908337027492
207,2020-11-13,18.71,18.57,18.71,18.45,175900,59.4591,1.1052,0.018587566915745445
208,2020-11-16,18.57,18.65,18.77,18.53,280967,60.3319,1.1214,0.01858718190542648
209,2020-11-17,18.63,18.73,18.83,18.63,262015,60.2228,1.1194,0.018587644546583685
210,2020-11-18,18.69,18.79,18.85,18.61,307014,60.441,1.1234,0.018586720934465013
211,2020-11-19,18.77,18.67,18.77,18.65,150591,61.0956,1.1356,0.018587263239905984
212,2020-11-20,18.65,18.71,18.75,18.61,119634,61.7502,1.1478,0.018587794047630612
213,2020-11-23,18.71,18.81,18.87,18.65,274382,61.2047,1.1376,0.01858680787586574
214,2020-11-24,18.83,18.65,18.83,18.59,273755,60.9865,1.1336,0.018587720233166356
215,2020-11-25,18.73,18.67,18.89,18.65,293757,61.3138,1.1397,0.018587985086554737
216,2020-11-26,18.65,19.05,19.09,18.59,587166,60.9865,1.1336,0.018587720233166356
217,2020-11-27,18.97,18.87,19.05,18.71,460418,62.0775,1.1539,0.01858805525351375
218,2020-11-30,18.85,18.83,19.07,18.77,485926,61.6411,1.1458,0.018588247127322516
219,2020-12-01,18.81,18.75,18.83,18.69,478712,61.532,1.1437,0.01858707664304752
