,日期,开盘,收盘,最高,最低,成交量,pe,pb,roe
0,2020-01-03,736.84,731.87,738.37,728.8,574811,24.3759,5.1189,0.20999840005907472
1,2020-01-06,729.95,709.67,736.08,697.04,1190170,23.2263,4.8775,0.2099990097432652
2,2020-01-07,710.82,710.43,718.85,702.4,912931,23.5288,4.941,0.2099979599469586
3,2020-01-08,706.99,698.95,710.43,697.8,705016,22.3944,4.7028,0.20999892830350445
4,2020-01-09,710.05,706.22,712.35,693.59,728315,22.175,4.6567,0.2099977452085682
5,2020-01-10,707.37,713.88,717.71,699.33,655437,22.7725,4.7822,0.2099989021846525
6,2020-01-13,713.88,705.08,713.88,695.51,855088,22.7649,4.7806,0.20999872610905382
7,2020-01-14,703.16,702.01,712.35,700.48,618437,21.8725,4.5932,0.20999885701223
8,2020-01-15,701.63,700.48,705.46,693.98,482491,21.0935,4.4296,0.2099983407210752
9,2020-01-16,698.57,702.4,706.99,697.42,444745,20.7985,4.3677,0.2100007212058562
10,2020-01-17,702.4,698.57,705.46,694.74,549844,21.3733,4.4884,0.21000032751142783
11,2020-01-20,706.99,712.73,715.41,699.33,751435,21.4036,4.4947,0.20999738361770917
12,2020-01-21,713.88,684.79,717.32,660.68,1463486,21.2977,4.4725,0.20999920179174278
13,2020-01-22,676.37,699.33,701.63,667.95,891455,21.7061,4.5583,0.21000087532997638
14,2020-01-23,692.45,666.04,697.42,658.38,1009767,21.4111,4.4963,0.20999855215285526
15,2020-02-03,604.8,604.8,621.64,604.8,1624903,20.6624,4.3391,0.20999980641164626
16,2020-02-04,603.27,641.93,644.22,603.27,1492090,20.8288,4.374,0.20999769549854044
17,2020-02-05,656.09,649.2,667.95,645.75,1094287,20.791,4.3661,0.20999951902265404
18,2020-02-06,661.06,664.89,666.42,644.99,865674,20.2237,4.247,0.21000113727952846
19,2020-02-07,660.3,656.85,665.65,646.52,883301,19.4221,4.0786,0.20999788900273397
20,2020-02-10,651.88,682.11,684.03,643.07,1360783,19.112,4.0135,0.20999895353704479
21,2020-02-11,677.52,685.94,697.42,675.22,902552,19.8153,4.1612,0.20999934394129788
22,2020-02-12,685.94,687.47,691.68,680.58,756440,19.6263,4.1215,0.20999882810310655
23,2020-02-13,689.0,695.12,696.66,684.79,772920,19.7548,4.4394,0.22472513009496428
24,2020-02-14,691.68,695.51,699.33,686.7,564026,19.1649,4.3068,0.22472332232362288
25,2020-02-17,693.59,710.05,710.43,691.68,719905,19.1498,4.3034,0.22472297360807947
26,2020-02-18,710.82,702.4,711.2,694.36,669850,18.9456,4.2576,0.22472764124651637
27,2020-02-19,700.1,693.21,701.25,692.83,511877,18.7414,4.2117,0.22472707481831672
28,2020-02-20,692.83,703.16,703.16,684.79,830469,20.0649,4.5091,0.22472576489292245
29,2020-02-21,701.25,711.58,715.79,696.66,856679,20.5111,4.6094,0.22472709898542742
30,2020-02-24,714.64,713.88,724.21,707.37,802053,20.5414,4.6162,0.22472664959545116
31,2020-02-25,699.33,696.66,705.84,681.73,952158,20.4128,4.5873,0.2247266421069133
32,2020-02-26,687.85,699.33,715.79,677.52,1027939,20.6397,4.6383,0.22472710359162196
33,2020-02-27,705.46,729.95,734.55,703.54,1419387,20.7758,4.6689,0.22472780831544392
34,2020-02-28,717.32,719.62,744.88,706.61,1416579,20.8061,4.6757,0.2247273636097106
35,2020-03-02,723.06,777.41,783.53,723.06,1987411,20.912,4.6995,0.22472742922723793
36,2020-03-03,791.19,759.81,795.78,743.35,1882704,20.7532,4.6638,0.22472678912167762
37,2020-03-04,753.3,772.82,775.88,747.94,1103691,19.3397,4.3461,0.22472427183461996
38,2020-03-05,774.73,773.97,790.42,763.63,1016022,18.8181,4.2289,0.22472513165516178
39,2020-03-06,762.48,751.0,764.4,745.26,847608,18.7047,4.2034,0.22472426716279867
40,2020-03-09,737.61,723.83,750.62,723.06,842669,18.7122,4.2051,0.2247250456921153
41,2020-03-10,712.73,737.22,745.26,712.35,734369,18.3569,4.1253,0.2247274866671388
42,2020-03-11,741.43,718.85,742.97,717.32,621752,18.6064,4.1813,0.22472375096740907
43,2020-03-12,706.99,703.16,718.09,696.27,687928,18.9012,4.2476,0.22472647239328722
44,2020-03-13,671.78,693.98,714.64,666.42,1118069,18.6971,4.2017,0.22472468992517555
45,2020-03-16,703.16,648.05,704.31,641.54,1365812,19.0676,4.285,0.22472676162705324
46,2020-03-17,646.14,661.83,669.86,629.3,1294079,19.0524,4.2816,0.22472759337406312
47,2020-03-18,666.8,641.54,686.32,640.01,1268343,18.9466,4.2578,0.22472633612363166
48,2020-03-19,641.54,627.38,656.85,610.93,1857022,18.183,4.0862,0.22472639278446901
49,2020-03-20,636.95,661.06,668.72,630.83,1621515,18.1603,4.0811,0.22472646376987165
50,2020-03-23,641.16,663.74,674.84,633.51,1433476,17.3438,3.8976,0.22472583862821296
51,2020-03-24,679.05,692.45,694.36,676.75,1236428,17.4421,3.9197,0.2247263804243755
52,2020-03-25,716.56,703.16,718.47,688.24,1090488,17.2833,3.884,0.2247256021708817
53,2020-03-26,695.51,695.51,714.64,689.38,553463,16.9279,3.8041,0.22472368102363552
54,2020-03-27,705.08,712.73,724.21,700.48,869676,17.6764,3.9724,0.22472901722070104
55,2020-03-30,706.99,726.51,731.1,703.54,946335,16.9431,3.8075,0.22472274849348703
56,2020-03-31,734.93,714.64,741.05,713.11,726172,17.5252,3.9384,0.22472782050989432
57,2020-04-01,716.56,722.3,729.95,706.61,677165,17.9789,4.0403,0.22472453820867797
58,2020-04-02,714.64,723.45,724.21,704.31,648220,17.5479,3.9435,0.22472774520028038
59,2020-04-03,726.13,736.84,741.43,723.45,684121,16.7843,3.7719,0.22472787068867928
60,2020-04-07,770.9,779.71,783.15,757.51,1468799,16.7389,3.7617,0.22472802872351227
61,2020-04-08,777.79,775.88,785.83,768.23,578733,16.8977,4.3962,0.26016558466536865
62,2020-04-09,779.71,775.11,783.53,763.63,492734,17.1472,4.4611,0.2601649248856956
63,2020-04-10,779.71,782.39,803.05,777.79,818170,16.8221,4.3766,0.2601696577716219
64,2020-04-13,801.52,811.09,829.46,786.6,1249240,16.9506,4.41,0.2601677816714452
65,2020-04-14,817.98,811.09,819.51,798.84,873913,16.618,4.3234,0.2601636779395836
66,2020-04-15,811.86,787.74,813.39,780.09,925896,15.9526,4.1503,0.2601644872936073
67,2020-04-16,780.86,785.83,796.55,772.82,693147,16.1127,4.1918,0.260155032986402
68,2020-04-17,793.48,802.67,814.92,786.6,787245,16.0749,4.1819,0.2601509185127124
69,2020-04-20,810.32,803.82,828.7,796.16,783297,16.0059,4.1632,0.26010408661805956
70,2020-04-21,797.31,798.84,804.97,788.51,458672,16.089,4.1848,0.2601031760830381
71,2020-04-22,791.19,798.84,801.9,785.45,491439,15.4092,4.008,0.2601043532435169
72,2020-04-23,802.67,783.92,802.67,783.53,575562,15.2808,3.9746,0.26010418302706667
73,2020-04-24,790.04,787.36,802.67,783.92,529127,15.3412,3.9903,0.2601035121111777
74,2020-04-27,798.84,793.87,800.76,776.65,607375,15.7566,4.0984,0.2601068758488506
75,2020-04-28,798.08,809.56,810.71,787.36,671563,15.9001,4.1357,0.2601052823567147
76,2020-04-29,775.88,797.69,801.9,770.14,720573,15.9908,4.1593,0.2601058108412337
77,2020-04-30,796.93,804.58,812.62,796.93,489739,15.8397,4.12,0.2601059363498046
78,2020-05-06,802.67,826.4,832.52,798.84,711132,16.0965,4.1868,0.2601062342745317
79,2020-05-07,823.72,829.08,831.37,819.89,435899,16.4742,4.285,0.2601036772650569
80,2020-05-08,830.99,832.91,849.75,825.63,668443,16.24,4.2241,0.2601046798029557
81,2020-05-11,835.58,837.88,853.96,832.52,592394,15.9455,4.1475,0.2601047317424979
82,2020-05-12,839.41,839.41,857.4,830.99,579586,16.0965,4.1868,0.2601062342745317
83,2020-05-13,821.81,829.84,830.61,813.39,701477,16.1796,4.2084,0.2601053178076096
84,2020-05-14,822.95,819.13,825.63,814.53,379912,15.8775,4.1298,0.26010392064241855
85,2020-05-15,820.28,791.57,823.72,784.68,1051721,15.9606,4.1514,0.2601030036464794
86,2020-05-18,805.73,811.09,813.39,795.02,610027,15.9379,4.1455,0.2601032758393515
87,2020-05-19,811.47,818.36,828.7,810.71,559684,16.4667,4.283,0.26010068805528735
88,2020-05-20,821.81,799.61,823.72,792.34,718738,16.4591,4.2811,0.2601053520544866
89,2020-05-21,808.41,778.18,808.41,772.05,813759,17.2673,4.1513,0.24041396165005532
90,2020-05-22,772.05,768.99,777.03,754.83,686736,17.1842,4.1314,0.24041852399297028
91,2020-05-25,773.58,785.07,785.07,757.13,663496,15.7491,3.7863,0.2404137379278816
92,2020-05-26,785.83,783.53,796.16,772.44,590264,15.4469,3.7137,0.240417171082871
93,2020-05-27,783.92,757.13,784.3,752.53,788032,16.2152,3.8991,0.24045956879964478
94,2020-05-28,750.24,754.83,766.31,747.94,567018,15.8753,3.8174,0.24046159757610883
95,2020-05-29,754.45,754.06,762.1,749.47,493770,16.3134,3.9227,0.24045876396091553
96,2020-06-01,766.31,773.2,778.56,757.89,713878,15.4373,3.712,0.24045655652218978
97,2020-06-02,774.73,765.55,778.94,762.87,679616,15.83,3.8065,0.24046114971572963
98,2020-06-03,765.93,776.26,793.1,765.93,962965,15.5883,3.7484,0.24046239808061176
99,2020-06-04,780.86,778.94,783.92,768.61,465080,15.7469,3.7865,0.24046002705294375
100,2020-06-05,779.71,771.67,781.62,758.27,647325,15.9358,3.8319,0.24045859009274714
101,2020-06-08,781.62,778.18,793.48,774.73,647520,15.4297,3.7102,0.240458336843879
102,2020-06-09,785.45,788.89,793.1,772.44,679350,15.2593,3.6818,0.24128236550824744
103,2020-06-10,786.21,793.1,796.55,782.39,613612,14.6254,3.5289,0.24128570842506872
104,2020-06-11,793.1,806.5,816.45,786.21,979883,14.1575,3.416,0.24128553770086525
105,2020-06-12,792.72,798.84,801.14,787.36,658810,14.067,3.3941,0.24128101229828677
106,2020-06-15,791.19,793.48,810.32,787.36,658140,13.948,3.3654,0.24128190421565818
107,2020-06-16,799.23,802.29,812.24,798.08,558843,13.8727,3.3472,0.24127963554318912
108,2020-06-17,798.84,788.89,800.76,780.86,714692,14.0007,3.3781,0.24128079310320197
109,2020-06-18,787.36,789.28,792.72,778.94,601030,14.4523,3.4871,0.2412833943386174
110,2020-06-19,781.62,787.36,791.57,780.09,740994,14.49,3.4962,0.24128364389233953
111,2020-06-22,785.45,764.4,785.45,758.66,1335199,14.4824,3.4944,0.24128597470032592
112,2020-06-23,764.78,757.89,764.78,748.32,1044211,14.7459,3.5579,0.24128062715737933
113,2020-06-24,760.57,761.72,768.99,758.66,814086,14.5728,3.5161,0.241278271848924
114,2020-06-29,756.36,765.93,767.84,747.94,863324,14.6781,3.5416,0.2412846349323141
115,2020-06-30,770.14,770.52,775.88,768.23,496290,14.8287,3.5779,0.24128210834395464
116,2020-07-01,770.9,794.25,800.37,770.9,1061603,14.5652,3.5143,0.24128058660368548
117,2020-07-02,794.25,826.4,829.46,792.72,1562526,14.4824,3.4944,0.24128597470032592
118,2020-07-03,832.14,834.44,851.66,822.57,1175785,14.2717,3.4435,0.24128169734509552
119,2020-07-06,839.41,860.08,887.25,839.41,1350595,14.1437,3.4126,0.24128057014783966
120,2020-07-07,875.39,850.51,886.49,846.3,1280994,14.2867,3.4471,0.24128035165573575
121,2020-07-08,849.75,842.47,850.51,831.37,1196256,14.234,3.4344,0.24128143880848674
122,2020-07-09,844.77,854.72,854.72,829.84,1301956,14.0233,3.3836,0.2412841485242418
123,2020-07-10,853.19,834.82,862.38,830.99,1039102,14.1738,3.4199,0.24128321268819936
124,2020-07-13,837.12,879.22,879.22,835.97,1506125,13.7974,3.3291,0.24128458985026163
125,2020-07-14,879.22,857.02,879.22,843.24,1109439,13.8125,3.3327,0.2412814479638009
126,2020-07-15,875.39,874.24,896.82,867.73,1446882,13.8577,3.3436,0.24128102065999407
127,2020-07-16,875.39,835.2,893.76,833.29,1139628,14.377,3.4689,0.24128121304861933
128,2020-07-17,836.73,850.51,861.99,829.46,814126,14.4072,3.4762,0.24128213670942308
129,2020-07-20,861.99,923.23,926.67,856.25,1759486,14.091,3.3999,0.24128166915052163
130,2020-07-21,924.76,927.44,932.41,903.33,1030077,14.2717,3.4435,0.24128169734509552
131,2020-07-22,927.82,902.56,931.65,895.67,1350300,14.6932,3.5452,0.24128168132197209
132,2020-07-23,894.52,902.94,909.45,872.33,946981,15.062,3.6342,0.2412826981808525
133,2020-07-24,915.19,876.15,917.49,859.7,1056436,14.919,3.5997,0.24128292781017494
134,2020-07-27,876.15,877.3,895.29,868.5,599077,14.5351,3.5071,0.24128488968084155
135,2020-07-28,883.81,873.09,886.49,864.67,661063,15.0771,3.6378,0.24127982171637782
136,2020-07-29,872.33,888.4,888.78,857.02,675959,15.2878,3.6887,0.24128389958005728
137,2020-07-30,888.02,884.19,910.22,881.51,658904,15.476,3.7341,0.2412832773326441
138,2020-07-31,874.24,876.54,894.91,866.59,864492,15.4459,3.7268,0.24128085770333874
139,2020-08-03,876.15,891.46,901.41,874.24,1082578,15.3481,3.7032,0.24128067969325193
140,2020-08-04,891.46,903.33,904.86,886.1,865797,15.2728,3.6851,0.24128516054685453
141,2020-08-05,903.33,884.19,904.48,872.71,1026937,15.2201,3.6723,0.24127962365556072
142,2020-08-06,884.19,871.18,886.1,860.46,815159,14.791,3.5688,0.24128186059089987
143,2020-08-07,872.33,878.83,889.17,869.26,719796,14.6556,3.5361,0.2412797838368951
144,2020-08-10,874.62,874.24,883.81,861.99,597944,14.8889,3.7503,0.2518856329211695
145,2020-08-11,878.45,866.97,889.55,866.97,610290,14.5803,3.6726,0.25188782123824616
146,2020-08-12,868.5,845.92,868.5,828.31,915424,14.4523,3.6403,0.25188378320405747
147,2020-08-13,849.36,842.86,851.66,840.18,376900,26.3564,3.7961,0.14402953362371188
148,2020-08-14,841.71,849.36,851.28,830.23,614042,26.8942,3.8736,0.1440310550230161
149,2020-08-17,851.28,883.81,887.64,851.28,952736,26.8942,3.8736,0.1440310550230161
150,2020-08-18,883.81,879.6,885.34,874.62,387062,27.0735,3.8994,0.14403014017397087
151,2020-08-19,879.6,882.28,901.03,878.83,728041,27.0322,3.8934,0.14402823299620454
152,2020-08-20,879.98,884.19,904.48,875.01,596337,26.4253,3.806,0.1440286392207468
153,2020-08-21,889.55,876.15,892.99,866.59,467556,26.4943,3.816,0.14403098024858177
154,2020-08-24,876.54,909.83,917.87,871.94,1295135,27.3356,3.9371,0.14402830009218748
155,2020-08-25,918.25,926.67,933.18,906.01,859928,27.3356,3.9371,0.14402830009218748
156,2020-08-26,926.67,920.17,943.13,910.6,740500,26.3012,3.7882,0.1440314510364546
157,2020-08-27,932.03,936.62,945.04,922.08,871875,26.0391,3.7504,0.1440295555529953
158,2020-08-28,881.51,923.99,930.88,881.51,1227941,26.0667,3.7544,0.1440305063548512
159,2020-08-31,932.41,915.96,954.61,915.57,751450,26.2046,3.7743,0.14403196385367456
160,2020-09-01,923.23,918.25,925.91,908.69,424245,24.6599,3.5518,0.14403140320925875
161,2020-09-02,932.8,956.91,962.27,921.7,999767,24.1772,3.4822,0.14402825802822494
162,2020-09-03,971.83,978.72,1002.07,960.35,1134896,24.1093,3.4782,0.14426797957634604
163,2020-09-04,958.82,955.76,975.66,945.04,745188,23.8337,3.4384,0.1442663119868086
164,2020-09-07,958.82,926.29,960.35,916.34,744516,24.2608,3.5001,0.14426976851546527
165,2020-09-08,933.56,963.41,963.41,927.06,741715,23.7649,3.4285,0.14426738593471886
166,2020-09-09,949.64,925.53,950.02,913.28,788891,23.1449,3.3391,0.14426936387713926
167,2020-09-10,932.41,943.51,956.53,931.65,734639,23.4204,3.3788,0.14426739082167683
168,2020-09-11,938.92,951.55,956.14,925.91,475510,23.0347,3.3232,0.1442692980590153
169,2020-09-14,960.35,946.57,968.01,938.54,605914,22.0014,3.1741,0.14426809203050717
170,2020-09-15,945.81,987.91,990.97,936.24,910781,21.905,3.1602,0.14426843186487104
171,2020-09-16,983.32,989.06,1013.93,979.49,816551,20.6927,2.9853,0.14426826851981617
172,2020-09-17,983.32,1027.71,1032.69,979.87,1133604,21.2024,3.0588,0.1442666867901747
173,2020-09-18,1020.44,1033.07,1042.64,1006.66,862339,21.9326,3.1642,0.14426926128229212
174,2020-09-21,1031.92,1033.84,1054.5,1025.42,615524,21.4366,3.0926,0.1442672811919801
175,2020-09-22,1017.76,1015.08,1032.31,1006.28,599195,23.0898,3.3311,0.1442671655882684
176,2020-09-23,1021.59,1025.42,1040.73,1016.23,473584,23.4204,3.3788,0.14426739082167683
177,2020-09-24,1013.93,1010.49,1022.74,1002.84,388594,23.9853,3.4603,0.14426753052911576
178,2020-09-25,1015.85,997.86,1018.53,984.08,448398,24.6466,3.5557,0.14426736344972532
179,2020-09-28,1010.87,1015.85,1030.01,1007.43,532916,24.1644,3.4861,0.14426594494380163
180,2020-09-29,1017.76,1015.47,1023.12,1004.37,354185,25.1425,3.6273,0.14426966292134832
181,2020-09-30,1015.47,1021.21,1028.48,1010.87,491498,25.9691,3.7465,0.14426761035230332
182,2020-10-09,1045.32,1047.61,1066.75,1040.34,675648,25.9278,3.7405,0.1442660002005569
183,2020-10-12,1047.61,1118.8,1126.07,1047.61,1046216,25.4594,3.673,0.14426891442846257
184,2020-10-13,1118.8,1126.84,1153.25,1101.2,606788,26.0931,3.7644,0.14426802488014073
185,2020-10-14,1123.78,1121.48,1144.44,1113.44,730056,24.0128,3.4643,0.14426888992537315
186,2020-10-15,1132.58,1119.95,1144.83,1111.53,585319,24.3848,3.5179,0.1442661001935632
187,2020-10-16,1113.44,1113.06,1136.41,1101.96,543640,23.2827,3.3589,0.14426591417662044
188,2020-10-19,1121.1,1101.58,1126.84,1095.46,511624,23.1862,3.345,0.14426684838395254
189,2020-10-20,1101.58,1108.08,1108.47,1089.33,501106,23.8062,3.4345,0.14426913997194007
190,2020-10-21,1110.0,1106.55,1115.36,1092.39,414174,23.7235,3.4225,0.14426623390309185
191,2020-10-22,1096.22,1083.97,1096.99,1059.86,757878,23.4204,3.3788,0.14426739082167683
192,2020-10-23,1076.7,1017.0,1080.91,1001.3,1374695,23.0622,3.3271,0.14426637528076247
193,2020-10-26,987.14,1027.33,1036.52,975.66,701945,23.3929,3.3748,0.14426599523787131
194,2020-10-27,1030.77,1037.66,1037.66,1017.76,563291,23.6684,3.4146,0.14426830710990182
195,2020-10-28,1037.66,1038.43,1055.65,1026.95,490379,23.1449,3.3391,0.14426936387713926
196,2020-10-29,1025.42,1068.28,1071.34,1018.91,603649,23.1311,3.3371,0.14426897121191815
197,2020-10-30,1059.1,1061.78,1101.2,1052.97,804182,22.8556,3.2973,0.14426661299637725
198,2020-11-02,1091.25,1071.34,1092.39,1057.95,538941,22.8005,3.2894,0.14426876603583255
199,2020-11-03,1071.34,1035.75,1074.79,1024.65,1113469,22.6627,3.2695,0.14426789394026307
200,2020-11-04,1033.07,1051.44,1054.12,1025.8,611433,21.7535,3.1383,0.1442664398832372
201,2020-11-05,1053.36,1092.01,1096.99,1053.36,779839,22.0428,3.1801,0.14426933057506305
202,2020-11-06,1101.2,1120.71,1123.78,1086.65,763066,21.4779,3.0986,0.14426922557605723
203,2020-11-09,1132.58,1122.63,1145.59,1097.75,856249,21.2162,3.0608,0.14426711663728659
204,2020-11-10,1139.47,1114.21,1139.47,1098.52,558824,19.8798,2.868,0.14426704494008993
205,2020-11-11,1114.59,1152.1,1173.15,1110.0,1015374,22.0841,3.186,0.1442666896092664
206,2020-11-12,1152.1,1167.02,1173.91,1136.79,718595,23.2827,3.3589,0.14426591417662044
207,2020-11-13,1150.95,1146.36,1159.37,1124.92,674807,22.7592,3.2834,0.14426693381138175
208,2020-11-16,1155.54,1151.72,1167.02,1141.0,587131,23.7649,3.4285,0.14426738593471886
209,2020-11-17,1151.72,1150.18,1169.7,1134.49,576259,23.2551,3.355,0.1442694290714725
210,2020-11-18,1147.89,1121.1,1152.86,1115.36,655156,23.3929,3.3748,0.14426599523787131
211,2020-11-19,1121.86,1136.02,1144.06,1102.73,473829,23.324,3.3649,0.14426770708283312
212,2020-11-20,1140.23,1175.44,1181.57,1136.41,803185,23.3791,3.3729,0.14426988207416025
213,2020-11-23,1181.57,1220.61,1238.98,1181.57,975521,23.4893,3.3888,0.1442699441873534
214,2020-11-24,1207.21,1220.99,1223.29,1201.47,510406,23.8062,3.4345,0.14426913997194007
215,2020-11-25,1211.8,1190.75,1222.9,1186.16,479353,23.5307,3.3947,0.1442668513898864
216,2020-11-26,1189.22,1201.85,1204.91,1170.09,521332,23.2689,3.357,0.14426981937263902
217,2020-11-27,1203.38,1259.26,1259.26,1203.0,1167367,23.6822,3.4166,0.14426869125334638
218,2020-11-30,1258.11,1243.95,1281.46,1240.51,987541,23.6546,3.4126,0.1442679225182417
219,2020-12-01,1248.54,1302.13,1302.13,1244.34,920980,24.4537,3.5279,0.14426855649656287
