,日期,开盘,收盘,最高,最低,成交量,pe,pb,roe
0,2020-01-03,10.42,10.42,10.48,10.35,2463878,82.5803,1.0435,0.012636185627807118
1,2020-01-06,10.42,10.48,10.55,10.35,2870330,82.5803,1.0435,0.012636185627807118
2,2020-01-07,10.48,10.61,10.74,10.42,3524762,82.5803,1.0435,0.012636185627807118
3,2020-01-08,10.55,10.42,10.61,10.35,2891991,82.5803,1.0435,0.012636185627807118
4,2020-01-09,10.48,10.48,10.55,10.42,1817827,83.2627,1.0521,0.012635910197483387
5,2020-01-10,10.48,10.42,10.55,10.35,1489229,85.9927,1.0866,0.012635956307919161
6,2020-01-13,10.42,10.42,10.42,10.29,1543836,83.9452,1.0607,0.01263562419292586
7,2020-01-14,10.42,10.42,10.48,10.35,1705958,81.8978,1.0348,0.012635260043615334
8,2020-01-15,10.42,10.35,10.42,10.29,1318593,81.2153,1.0262,0.012635550198053815
9,2020-01-16,10.35,10.22,10.35,10.22,1416991,81.8978,1.0348,0.012635260043615334
10,2020-01-17,10.29,10.16,10.29,10.16,1147179,81.2153,1.0262,0.012635550198053815
11,2020-01-20,10.16,10.22,10.22,10.09,929107,82.5803,1.0435,0.012636185627807118
12,2020-01-21,10.16,10.09,10.22,10.03,1466583,80.5328,1.0176,0.012635845270498481
13,2020-01-22,10.09,10.03,10.09,9.96,1443662,79.8503,1.009,0.012636145387055526
14,2020-01-23,9.96,9.83,10.03,9.77,2723548,80.5328,1.0176,0.012635845270498481
15,2020-02-03,9.05,9.05,9.18,9.05,4097157,79.8503,1.009,0.012636145387055526
16,2020-02-04,8.86,9.12,9.18,8.86,3399479,79.8503,1.009,0.012636145387055526
17,2020-02-05,9.05,9.25,9.38,9.05,2914315,78.4854,0.9917,0.012635471055763238
18,2020-02-06,9.31,9.25,9.31,9.12,2446403,79.1678,1.0003,0.012635187538367872
19,2020-02-07,9.25,9.31,9.31,9.18,2320103,78.4854,0.9917,0.012635471055763238
20,2020-02-10,9.25,9.38,9.38,9.18,2213957,78.4854,0.9917,0.012635471055763238
21,2020-02-11,9.31,9.51,9.77,9.31,3462802,77.1204,0.9745,0.012636085912417466
22,2020-02-12,9.44,9.51,9.51,9.38,1825615,77.8029,0.9831,0.012635775787277852
23,2020-02-13,9.51,9.38,9.51,9.38,1606909,78.4854,0.9951,0.012678791214671773
24,2020-02-14,9.38,9.51,9.57,9.31,2063536,79.1678,1.0037,0.012678134291972242
25,2020-02-17,9.44,9.64,9.64,9.38,2404866,79.1678,1.0037,0.012678134291972242
26,2020-02-18,9.64,9.64,9.7,9.57,2506285,79.8503,1.0124,0.012678725064276527
27,2020-02-19,9.64,9.51,9.64,9.51,2165053,79.1678,1.0037,0.012678134291972242
28,2020-02-20,9.57,9.64,9.7,9.51,2590182,79.1678,1.0037,0.012678134291972242
29,2020-02-21,9.57,9.64,9.77,9.57,2819800,79.8503,1.0124,0.012678725064276527
30,2020-02-24,9.57,9.57,9.64,9.51,2548315,80.5328,1.0211,0.012679305823217371
31,2020-02-25,9.44,9.44,9.51,9.31,3592007,80.5328,1.0211,0.012679305823217371
32,2020-02-26,9.38,9.64,9.83,9.31,5842738,79.8503,1.0124,0.012678725064276527
33,2020-02-27,9.57,9.51,9.64,9.51,2847347,79.8503,1.0124,0.012678725064276527
34,2020-02-28,9.38,9.31,9.44,9.25,3784123,79.1678,1.0037,0.012678134291972242
35,2020-03-02,9.31,9.57,9.64,9.31,3810846,80.5328,1.0211,0.012679305823217371
36,2020-03-03,9.64,9.57,9.7,9.51,3715181,80.5328,1.0211,0.012679305823217371
37,2020-03-04,9.51,9.64,9.7,9.51,3066764,79.1678,1.0037,0.012678134291972242
38,2020-03-05,9.7,9.77,9.9,9.64,4873446,78.4854,0.9951,0.012678791214671773
39,2020-03-06,9.7,9.64,9.77,9.57,2560296,78.4854,0.9951,0.012678791214671773
40,2020-03-09,9.51,9.44,9.51,9.38,2932643,78.4854,0.9951,0.012678791214671773
41,2020-03-10,9.38,9.51,9.57,9.31,2961236,78.4854,0.9951,0.012678791214671773
42,2020-03-11,9.51,9.44,9.57,9.44,2085590,78.4854,0.9951,0.012678791214671773
43,2020-03-12,9.38,9.38,9.44,9.31,1987016,79.1678,1.0037,0.012678134291972242
44,2020-03-13,9.25,9.31,9.31,9.12,2776559,79.8503,1.0124,0.012678725064276527
45,2020-03-16,9.38,9.18,9.38,9.18,2397530,79.8503,1.0124,0.012678725064276527
46,2020-03-17,9.18,9.25,9.31,9.12,1778292,80.5328,1.0211,0.012679305823217371
47,2020-03-18,9.25,9.12,9.31,9.12,1628227,79.8503,1.0124,0.012678725064276527
48,2020-03-19,9.12,9.12,9.18,9.05,2031384,80.5328,1.0211,0.012679305823217371
49,2020-03-20,9.18,9.18,9.25,9.12,1342088,80.5328,1.0211,0.012679305823217371
50,2020-03-23,9.12,9.05,9.12,8.99,1895329,81.2153,1.0297,0.012678645526150861
51,2020-03-24,9.18,9.18,9.18,9.12,1485165,80.5328,1.0211,0.012679305823217371
52,2020-03-25,9.25,9.25,9.31,9.18,1982630,81.8978,1.0384,0.01267921726835153
53,2020-03-26,9.18,9.12,9.25,9.12,1280838,88.7226,1.1249,0.012678843947314439
54,2020-03-27,9.18,9.18,9.25,9.12,1316224,81.2153,1.0297,0.012678645526150861
55,2020-03-30,9.12,9.12,9.18,9.05,1475715,79.1678,1.0037,0.012678134291972242
56,2020-03-31,9.12,9.18,9.25,9.05,2024205,78.4854,0.9951,0.012678791214671773
57,2020-04-01,9.18,9.12,9.25,9.12,1586162,79.1678,1.0037,0.012678134291972242
58,2020-04-02,9.05,9.18,9.18,9.05,1180896,79.1678,1.0037,0.012678134291972242
59,2020-04-03,9.12,9.12,9.18,9.05,1194908,79.1678,1.0037,0.012678134291972242
60,2020-04-07,9.18,9.25,9.25,9.12,1802485,79.1678,1.0037,0.012678134291972242
61,2020-04-08,9.18,9.18,9.25,9.12,1178235,80.5328,1.0272,0.012755051357956012
62,2020-04-09,9.18,9.18,9.25,9.18,921068,79.1678,1.0098,0.012755185820497728
63,2020-04-10,9.18,9.12,9.25,9.12,961616,79.1678,1.0098,0.012755185820497728
64,2020-04-13,9.12,9.12,9.18,9.05,864699,79.1678,1.0098,0.012755185820497728
65,2020-04-14,9.12,9.18,9.18,9.05,1225218,79.8503,1.0185,0.012755118014584791
66,2020-04-15,9.12,9.05,9.18,9.05,1062217,80.5328,1.0272,0.012755051357956012
67,2020-04-16,9.05,9.05,9.12,9.05,686810,80.5328,1.0272,0.012755051357956012
68,2020-04-17,9.12,9.12,9.12,9.05,686177,81.2153,1.0359,0.012754985821637057
69,2020-04-20,9.05,9.12,9.12,9.05,739894,81.8978,1.0446,0.012754921377619423
70,2020-04-21,9.12,8.99,9.12,8.99,1290897,81.8978,1.0446,0.012754921377619423
71,2020-04-22,8.99,9.05,9.05,8.92,1122080,81.2153,1.0359,0.012754985821637057
72,2020-04-23,9.05,8.99,9.05,8.99,1087714,81.2153,1.0359,0.012754985821637057
73,2020-04-24,8.99,8.92,9.05,8.86,1956669,79.1678,1.0098,0.012755185820497728
74,2020-04-27,8.92,8.86,8.92,8.86,1545925,79.8503,1.0185,0.012755118014584791
75,2020-04-28,8.79,8.66,8.86,8.53,3073599,80.5328,1.0272,0.012755051357956012
76,2020-04-29,8.6,8.53,8.66,8.47,2213807,81.2153,1.0359,0.012754985821637057
77,2020-04-30,8.47,8.73,8.79,8.47,3371596,81.8978,1.0446,0.012754921377619423
78,2020-05-06,8.6,8.86,8.92,8.6,3231975,81.8978,1.0446,0.012754921377619423
79,2020-05-07,9.05,9.05,9.25,8.99,4745762,80.5328,1.0272,0.012755051357956012
80,2020-05-08,9.05,8.99,9.05,8.92,2427961,80.5328,1.0272,0.012755051357956012
81,2020-05-11,8.99,8.92,9.05,8.86,2223559,79.8503,1.0185,0.012755118014584791
82,2020-05-12,8.92,8.99,9.12,8.86,3147000,79.8503,1.0185,0.012755118014584791
83,2020-05-13,8.99,8.92,8.99,8.86,1582960,80.5328,1.0272,0.012755051357956012
84,2020-05-14,8.86,8.86,8.99,8.86,1102883,79.8503,1.0185,0.012755118014584791
85,2020-05-15,8.92,8.86,8.92,8.79,1697842,79.1678,1.0098,0.012755185820497728
86,2020-05-18,8.86,8.99,9.05,8.79,3936981,79.1678,1.0098,0.012755185820497728
87,2020-05-19,8.99,8.86,8.99,8.86,1970843,81.8978,1.0446,0.012754921377619423
88,2020-05-20,8.86,8.73,8.92,8.73,2305624,81.2153,1.0359,0.012754985821637057
89,2020-05-21,8.79,8.73,8.79,8.66,1843379,80.5328,1.0272,0.012755051357956012
90,2020-05-22,8.66,8.66,8.73,8.6,2391155,81.8978,1.0446,0.012754921377619423
91,2020-05-25,8.66,8.6,8.66,8.53,1874392,77.8029,0.9924,0.012755308606748592
92,2020-05-26,8.6,8.66,8.66,8.53,1659863,79.1678,1.0098,0.012755185820497728
93,2020-05-27,8.6,8.92,8.99,8.53,5510540,81.2153,1.0359,0.012754985821637057
94,2020-05-28,8.86,8.86,8.92,8.73,3563965,83.2627,1.062,0.012754810977784772
95,2020-05-29,8.86,8.86,8.86,8.73,2642571,84.6277,1.0794,0.012754689067527534
96,2020-06-01,8.86,8.86,8.92,8.79,2134504,83.2627,1.062,0.012754810977784772
97,2020-06-02,8.92,8.86,8.92,8.79,1868128,86.6751,1.1055,0.012754528117071683
98,2020-06-03,8.86,8.79,8.92,8.79,1321212,84.6277,1.0794,0.012754689067527534
99,2020-06-04,8.86,8.79,8.86,8.73,1221529,80.5328,1.0272,0.012755051357956012
100,2020-06-05,8.79,8.73,8.79,8.66,1434368,81.2153,1.0359,0.012754985821637057
101,2020-06-08,8.73,8.79,8.86,8.73,2346691,76.4379,0.975,0.012755452465334605
102,2020-06-09,8.79,8.79,8.79,8.73,891737,75.7554,0.9663,0.012755526338716449
103,2020-06-10,8.79,8.73,8.86,8.66,2009694,73.708,0.9402,0.012755738861453304
104,2020-06-11,8.73,8.79,8.86,8.73,1783381,73.708,0.9402,0.012755738861453304
105,2020-06-12,8.66,8.73,8.79,8.66,1889328,73.0255,0.9314,0.012754448788436916
106,2020-06-15,8.73,8.66,8.73,8.6,2374448,73.708,0.9402,0.012755738861453304
107,2020-06-16,8.66,8.86,8.86,8.66,3488800,74.3905,0.9489,0.012755661005101457
108,2020-06-17,8.73,8.92,9.05,8.73,5319218,74.3905,0.9489,0.012755661005101457
109,2020-06-18,8.86,9.18,9.38,8.86,9085707,75.7554,0.9663,0.012755526338716449
110,2020-06-19,9.05,8.92,9.12,8.86,5581236,78.4854,1.0011,0.012755238553922132
111,2020-06-22,8.92,8.79,8.92,8.79,2869770,75.7554,0.9663,0.012755526338716449
112,2020-06-23,8.79,8.79,8.86,8.73,2367328,75.073,0.9576,0.01275558456435736
113,2020-06-24,8.79,8.73,8.86,8.73,1382824,73.0255,0.9314,0.012754448788436916
114,2020-06-29,8.73,8.66,8.79,8.66,1975920,73.708,0.9402,0.012755738861453304
115,2020-06-30,8.73,8.73,8.79,8.66,1995588,74.3905,0.9489,0.012755661005101457
116,2020-07-01,8.73,8.73,8.79,8.66,1790282,73.708,0.9402,0.012755738861453304
117,2020-07-02,8.73,8.92,8.92,8.73,3993778,74.3905,0.9489,0.012755661005101457
118,2020-07-03,8.92,8.99,9.12,8.86,5585805,74.3905,0.9489,0.012755661005101457
119,2020-07-06,9.05,9.44,9.51,9.05,10297976,73.708,0.9402,0.012755738861453304
120,2020-07-07,9.57,9.38,9.77,9.38,9751764,74.3905,0.9489,0.012755661005101457
121,2020-07-08,9.31,9.77,9.9,9.25,11639653,74.3905,0.9489,0.012755661005101457
122,2020-07-09,9.7,9.96,10.03,9.57,10607737,75.073,0.9576,0.01275558456435736
123,2020-07-10,9.83,9.64,9.9,9.57,7279185,75.073,0.9576,0.01275558456435736
124,2020-07-13,9.64,9.77,9.83,9.57,6329341,75.073,0.9576,0.01275558456435736
125,2020-07-14,9.83,9.64,9.96,9.57,6032367,75.073,0.9576,0.01275558456435736
126,2020-07-15,9.7,9.44,9.77,9.38,5098332,75.7554,0.9663,0.012755526338716449
127,2020-07-16,9.44,9.25,9.57,9.18,4707769,73.0255,0.9314,0.012754448788436916
128,2020-07-17,9.25,9.12,9.31,9.05,3636741,72.343,0.9227,0.012754516677494712
129,2020-07-20,9.18,9.51,9.57,9.12,6038891,73.0255,0.9314,0.012754448788436916
130,2020-07-21,9.51,9.38,9.57,9.31,2959953,73.708,0.9402,0.012755738861453304
131,2020-07-22,9.44,9.44,9.57,9.38,4051057,73.708,0.9402,0.012755738861453304
132,2020-07-23,9.44,9.51,9.7,9.38,5942183,75.073,0.9576,0.01275558456435736
133,2020-07-24,9.44,9.25,9.51,9.18,4409636,76.4379,0.975,0.012755452465334605
134,2020-07-27,9.25,9.25,9.31,9.18,2282789,75.073,0.9576,0.01275558456435736
135,2020-07-28,9.31,9.31,9.44,9.25,3090048,75.073,0.9576,0.01275558456435736
136,2020-07-29,9.31,9.38,9.44,9.18,3277913,75.7554,0.9663,0.012755526338716449
137,2020-07-30,9.38,9.31,9.38,9.25,2588372,76.4379,0.975,0.012755452465334605
138,2020-07-31,9.25,9.31,9.38,9.18,2599168,75.7554,0.9663,0.012755526338716449
139,2020-08-03,9.31,9.38,9.44,9.31,3492960,76.4379,0.975,0.012755452465334605
140,2020-08-04,9.38,9.38,9.44,9.31,2591846,77.1204,0.9837,0.012755379899481849
141,2020-08-05,9.38,9.51,9.64,9.25,6113561,75.073,0.9576,0.01275558456435736
142,2020-08-06,9.44,9.51,9.57,9.38,5127985,73.708,0.9402,0.012755738861453304
143,2020-08-07,9.51,9.44,9.51,9.31,4177073,14.4006,0.89,0.06180298043137091
144,2020-08-10,9.38,9.38,9.44,9.31,2737194,14.6749,0.907,0.061806213330244164
145,2020-08-11,9.44,9.31,9.51,9.31,3811493,15.0864,0.9324,0.061804008908685974
146,2020-08-12,9.31,9.25,9.31,9.18,3517536,15.2235,0.9409,0.061805760830295264
147,2020-08-13,9.31,9.44,9.51,9.25,5103662,15.3607,0.9493,0.06180056898448639
148,2020-08-14,9.44,9.44,9.44,9.31,2946817,15.4978,0.9578,0.061802320329337065
149,2020-08-17,9.38,9.51,9.57,9.38,4941501,15.3607,0.9493,0.06180056898448639
150,2020-08-18,9.57,9.51,9.57,9.44,3465825,15.635,0.9663,0.061803645666773266
151,2020-08-19,9.51,9.44,9.57,9.38,3244186,15.635,0.9663,0.061803645666773266
152,2020-08-20,9.44,9.38,9.51,9.31,3386560,15.4978,0.9578,0.061802320329337065
153,2020-08-21,9.38,9.38,9.44,9.31,2133491,15.4978,0.9578,0.061802320329337065
154,2020-08-24,9.38,9.31,9.44,9.31,1121874,15.7721,0.9748,0.06180533980890306
155,2020-08-25,9.31,9.25,9.38,9.25,2087712,15.635,0.9663,0.061803645666773266
156,2020-08-26,9.31,9.25,9.31,9.18,2202126,15.635,0.9663,0.061803645666773266
157,2020-08-27,9.25,9.25,9.31,9.18,1650199,15.7721,0.9748,0.06180533980890306
158,2020-08-28,9.25,9.38,9.38,9.18,2169970,15.7721,0.9748,0.06180533980890306
159,2020-08-31,9.31,9.25,9.38,9.25,1865610,15.9093,0.9832,0.06180033062422608
160,2020-09-01,9.25,9.25,9.31,9.25,741463,15.635,0.9663,0.061803645666773266
161,2020-09-02,9.25,9.25,9.31,9.18,1691715,15.7721,0.9748,0.06180533980890306
162,2020-09-03,9.25,9.25,9.38,9.25,1920182,15.635,0.9663,0.061803645666773266
163,2020-09-04,9.18,9.18,9.25,9.18,1259876,15.7721,0.9748,0.06180533980890306
164,2020-09-07,9.18,9.25,9.31,9.18,1881440,15.635,0.9663,0.061803645666773266
165,2020-09-08,9.18,9.44,9.51,9.18,6109232,15.7721,0.9748,0.06180533980890306
166,2020-09-09,9.38,10.16,10.22,9.31,16063905,15.635,0.9663,0.061803645666773266
167,2020-09-10,9.96,9.51,10.03,9.44,10696032,15.9093,0.9832,0.06180033062422608
168,2020-09-11,9.38,9.38,9.51,9.31,4135985,15.7721,0.9748,0.06180533980890306
169,2020-09-14,9.38,9.44,9.57,9.31,3933149,15.4978,0.9578,0.061802320329337065
170,2020-09-15,9.44,9.38,9.44,9.31,2587630,15.7721,0.9748,0.06180533980890306
171,2020-09-16,9.38,9.38,9.44,9.31,1969639,15.635,0.9663,0.061803645666773266
172,2020-09-17,9.31,9.31,9.38,9.25,2448336,15.635,0.9663,0.061803645666773266
173,2020-09-18,9.31,9.38,9.44,9.25,2392706,15.9093,0.9832,0.06180033062422608
174,2020-09-21,9.38,9.31,9.44,9.31,1551033,15.7721,0.9748,0.06180533980890306
175,2020-09-22,9.31,9.31,9.38,9.25,1739435,16.0464,0.9917,0.06180202413002294
176,2020-09-23,9.31,9.25,9.31,9.25,1329217,16.1836,1.0002,0.06180330705158309
177,2020-09-24,9.25,9.18,9.31,9.18,1772625,16.3207,1.0087,0.061804947091730136
178,2020-09-25,9.18,9.18,9.25,9.12,1379797,16.4579,1.0171,0.061800108154746354
179,2020-09-28,9.18,9.18,9.25,9.12,1205230,16.3207,1.0087,0.061804947091730136
180,2020-09-29,9.18,9.18,9.25,9.12,888917,16.7322,1.0341,0.06180299064080038
181,2020-09-30,9.18,9.18,9.25,9.12,1053835,17.0065,1.0511,0.06180578014288654
182,2020-10-09,9.25,9.25,9.31,9.18,1611967,16.7322,1.0341,0.06180299064080038
183,2020-10-12,9.25,9.38,9.44,9.25,2890244,16.595,1.0256,0.06180174751431155
184,2020-10-13,9.38,9.38,9.44,9.31,1533299,16.595,1.0256,0.06180174751431155
185,2020-10-14,9.31,9.25,9.38,9.25,1554774,16.0464,0.9917,0.06180202413002294
186,2020-10-15,9.25,9.31,9.38,9.25,1791515,16.4579,1.0171,0.061800108154746354
187,2020-10-16,9.31,9.31,9.38,9.25,1583389,16.7322,1.0341,0.06180299064080038
188,2020-10-19,9.38,9.38,9.44,9.31,1520421,16.3207,1.0087,0.061804947091730136
189,2020-10-20,9.31,9.38,9.38,9.25,1443609,16.595,1.0256,0.06180174751431155
190,2020-10-21,9.38,9.31,9.38,9.25,1000164,16.7322,1.0341,0.06180299064080038
191,2020-10-22,9.25,9.25,9.31,9.25,823179,16.7322,1.0341,0.06180299064080038
192,2020-10-23,9.31,9.25,9.31,9.18,1623289,16.4579,1.0171,0.061800108154746354
193,2020-10-26,9.25,9.31,9.31,9.18,1057746,16.7322,1.0341,0.06180299064080038
194,2020-10-27,9.25,9.25,9.31,9.18,980448,16.7322,1.0341,0.06180299064080038
195,2020-10-28,9.25,9.25,9.31,9.18,1001316,16.4579,1.0171,0.061800108154746354
196,2020-10-29,9.25,9.18,9.25,9.18,966162,16.1836,1.0002,0.06180330705158309
197,2020-10-30,9.25,9.12,9.25,9.12,1699935,16.4579,1.0171,0.061800108154746354
198,2020-11-02,9.12,9.05,9.18,9.05,1592899,16.4579,1.0171,0.061800108154746354
199,2020-11-03,9.12,9.18,9.31,9.05,2309164,16.1836,1.0002,0.06180330705158309
200,2020-11-04,9.18,9.18,9.25,9.12,1508246,16.0464,0.9917,0.06180202413002294
201,2020-11-05,9.18,9.25,9.31,9.12,2493574,15.9093,0.9832,0.06180033062422608
202,2020-11-06,9.25,9.18,9.25,9.18,1418395,15.9093,0.9832,0.06180033062422608
203,2020-11-09,9.25,9.31,9.38,9.18,3362962,15.635,0.9663,0.061803645666773266
204,2020-11-10,9.38,9.31,9.44,9.25,2984688,15.4978,0.9578,0.061802320329337065
205,2020-11-11,9.31,9.38,9.44,9.25,3701857,17.1436,1.0595,0.06180148860216058
206,2020-11-12,9.31,9.31,9.38,9.25,2080355,17.5551,1.085,0.06180540127940029
207,2020-11-13,9.31,9.38,9.44,9.25,3687476,17.6922,1.0934,0.06180124574671324
208,2020-11-16,9.38,9.57,9.64,9.31,6254847,17.9665,1.1104,0.06180391283778143
209,2020-11-17,9.51,9.44,9.57,9.38,3443112,17.8294,1.1019,0.061802416233860936
210,2020-11-18,9.44,9.51,9.51,9.38,2892152,17.9665,1.1104,0.06180391283778143
211,2020-11-19,9.44,9.44,9.51,9.38,1943297,18.2408,1.1273,0.06180101749923249
212,2020-11-20,9.44,9.51,9.57,9.31,3926921,18.378,1.1358,0.06180215475024485
213,2020-11-23,9.51,9.7,9.9,9.51,7588386,18.378,1.1358,0.06180215475024485
214,2020-11-24,9.64,9.9,10.03,9.57,7987885,18.378,1.1358,0.06180215475024485
215,2020-11-25,9.9,9.64,9.96,9.64,6483979,18.5151,1.1443,0.06180360894621147
216,2020-11-26,9.7,9.57,9.7,9.51,3450729,18.378,1.1358,0.06180215475024485
217,2020-11-27,9.57,9.57,9.7,9.51,3348626,18.7894,1.1612,0.061800802580178185
218,2020-11-30,9.57,9.57,9.77,9.51,3788958,18.5151,1.1443,0.06180360894621147
219,2020-12-01,9.57,9.57,9.64,9.51,1894532,18.378,1.1358,0.06180215475024485
