,日期,开盘,收盘,最高,最低,成交量,pe,pb,roe
0,2020-01-03,88.79,88.91,89.66,88.07,1837992,33.087,2.251,0.06803276211200773
1,2020-01-06,87.95,88.73,90.32,87.77,2304035,32.0299,2.1791,0.0680333063793518
2,2020-01-07,88.97,89.87,90.02,88.07,2003054,31.6916,2.1561,0.06803380075477412
3,2020-01-08,89.06,87.59,89.21,87.32,2066121,30.9728,2.1072,0.06803388779832628
4,2020-01-09,88.76,89.09,89.45,88.4,1635603,30.8883,2.1014,0.06803223226917635
5,2020-01-10,90.65,89.42,91.04,88.4,1969462,31.216,2.1237,0.06803241927216812
6,2020-01-13,89.12,90.68,90.71,87.86,1895103,31.6071,2.1503,0.06803218264250754
7,2020-01-14,90.71,89.45,91.19,89.3,1759241,31.0997,2.1158,0.0680328106058901
8,2020-01-15,88.97,88.73,89.54,88.37,1140792,31.0045,2.1093,0.06803205986227806
9,2020-01-16,88.85,88.1,88.85,87.95,1038356,30.8143,2.0964,0.06803334815329247
10,2020-01-17,88.58,88.85,90.02,88.46,1297342,30.7931,2.0949,0.06803147458359178
11,2020-01-20,88.79,90.05,90.11,88.37,1408183,30.624,2.0834,0.06803160919540231
12,2020-01-21,89.18,88.28,89.72,88.1,1691809,30.3491,2.0647,0.06803167144989473
13,2020-01-22,87.71,88.37,89.06,86.03,2036271,30.7825,2.0942,0.06803216113051247
14,2020-01-23,86.84,84.47,87.35,83.63,2452484,30.9305,2.1043,0.06803317114175328
15,2020-02-03,77.3,77.3,77.3,77.3,753370,31.4485,2.1395,0.06803186161502138
16,2020-02-04,75.17,77.96,78.59,75.11,3485572,31.9982,2.1769,0.06803195179728859
17,2020-02-05,78.05,78.98,80.81,77.33,2427651,30.9094,2.1029,0.06803431965680343
18,2020-02-06,79.07,80.66,81.14,78.23,2478402,30.8565,2.0993,0.06803428775136519
19,2020-02-07,80.21,80.39,80.66,79.37,1836396,30.3703,2.0662,0.06803357227291136
20,2020-02-10,79.37,80.78,81.23,79.37,1580403,30.3703,2.0662,0.06803357227291136
21,2020-02-11,81.26,80.84,82.16,80.69,1763409,29.6832,2.0194,0.06803174859853385
22,2020-02-12,80.3,81.47,82.01,80.27,1701737,30.2646,2.059,0.06803327980544928
23,2020-02-13,81.23,80.42,81.8,80.27,1493056,31.3111,2.2579,0.07211180699496345
24,2020-02-14,80.27,81.71,82.52,80.18,2027590,30.9305,2.2304,0.07211005318375067
25,2020-02-17,84.02,85.31,85.64,82.97,3209866,30.624,2.2083,0.07211010971786834
26,2020-02-18,85.31,84.71,85.52,83.93,1916035,30.6768,2.2121,0.07210986804360298
27,2020-02-19,84.35,84.77,86.15,84.26,2083406,31.8185,2.2945,0.07211213602149694
28,2020-02-20,84.98,89.03,89.39,84.98,3898596,32.1779,2.3204,0.07211160454846338
29,2020-02-21,88.64,88.31,90.74,87.74,3535269,32.1673,2.3196,0.07211049730627066
30,2020-02-24,87.74,87.89,88.76,87.17,2442126,32.3999,2.3364,0.07211133367695578
31,2020-02-25,86.3,88.4,88.52,84.86,3280998,32.643,2.3539,0.07211040651900867
32,2020-02-26,86.87,86.9,89.24,86.36,2881556,32.8544,2.3692,0.07211210674978086
33,2020-02-27,87.29,87.08,88.64,86.78,2063952,32.7382,2.3608,0.07211147833417841
34,2020-02-28,84.74,82.97,85.4,82.61,2914357,32.717,2.3593,0.07211235748998993
35,2020-03-02,84.17,86.21,87.14,83.63,2543747,33.1399,2.3898,0.07211246865560851
36,2020-03-03,87.77,86.96,89.12,86.06,2593144,33.531,2.418,0.07211237362440727
37,2020-03-04,86.75,88.76,88.91,86.12,2760751,32.347,2.3326,0.07211178780103254
38,2020-03-05,89.6,90.74,91.76,87.98,4454361,31.7445,2.2891,0.07211012931373939
39,2020-03-06,89.81,88.1,90.35,88.07,2630401,31.9876,2.3067,0.07211231852342784
40,2020-03-09,85.64,85.7,87.08,85.07,2734639,31.9453,2.3036,0.0721107643377899
41,2020-03-10,85.85,87.95,88.34,85.25,2644569,31.9242,2.3021,0.0721114389710627
42,2020-03-11,87.71,85.79,87.74,85.67,1790690,31.6599,2.283,0.07211014564164764
43,2020-03-12,84.77,84.71,85.79,84.35,1696419,32.0405,2.3105,0.07211185842917558
44,2020-03-13,81.23,84.59,85.31,80.75,2273578,32.3682,2.3341,0.07211089896874091
45,2020-03-16,84.44,80.78,84.47,80.72,2057914,32.6959,2.3577,0.07210995874100422
46,2020-03-17,81.83,81.56,82.61,79.46,1727481,32.6642,2.3554,0.0721095266377257
47,2020-03-18,81.86,79.46,82.37,79.37,1521894,31.3005,2.2571,0.07211066915863963
48,2020-03-19,79.67,79.85,80.66,77.0,2007876,31.9559,2.3044,0.07211187918349976
49,2020-03-20,80.42,80.75,80.9,79.37,1213209,31.9453,2.3036,0.0721107643377899
50,2020-03-23,78.17,78.44,79.82,78.02,1105082,31.7656,2.2907,0.0721125997934873
51,2020-03-24,79.85,79.7,80.09,78.47,1188219,31.8079,2.2937,0.07211101644559999
52,2020-03-25,81.2,81.05,81.53,80.69,1293512,31.7128,2.2868,0.0721096844176484
53,2020-03-26,80.27,80.21,81.05,80.18,697849,31.8079,2.2937,0.07211101644559999
54,2020-03-27,80.93,80.48,81.77,80.33,905747,32.3999,2.3364,0.07211133367695578
55,2020-03-30,79.67,79.58,79.88,78.92,804115,31.6176,2.28,0.07211173523607105
56,2020-03-31,80.33,79.25,80.51,79.22,638332,32.8122,2.3661,0.07211037358055845
57,2020-04-01,79.04,79.07,80.12,78.92,666733,33.3196,2.4027,0.07211070961236028
58,2020-04-02,78.83,80.06,80.06,78.77,775172,33.7213,2.4317,0.07211169201661859
59,2020-04-03,79.58,79.16,79.91,78.98,581837,33.9433,2.4477,0.07211143288955406
60,2020-04-07,80.42,80.51,80.72,79.97,1241184,33.6156,2.4241,0.07211235259819845
61,2020-04-08,80.12,80.42,80.63,79.97,757620,33.8164,2.4385,0.07210998213884387
62,2020-04-09,81.11,80.72,81.71,80.72,1146930,32.7382,2.3608,0.07211147833417841
63,2020-04-10,80.96,80.24,81.38,80.12,858502,32.4845,2.3425,0.07211131462697594
64,2020-04-13,79.97,79.58,80.21,79.37,584928,33.4887,2.4149,0.07211089113641317
65,2020-04-14,79.94,82.4,84.2,79.64,1956854,33.6156,2.4055,0.07155903806565998
66,2020-04-15,81.47,81.83,83.42,81.26,1518856,33.7424,2.4145,0.071556854284224
67,2020-04-16,81.44,83.78,84.77,81.32,2278962,33.8058,2.3483,0.06946441143235776
68,2020-04-17,83.84,82.91,84.23,82.79,1504200,34.5564,2.4004,0.06946325427417208
69,2020-04-20,83.21,83.24,83.39,82.58,803576,35.0321,2.4334,0.06946200770150804
70,2020-04-21,82.76,82.28,82.82,81.65,907942,34.8524,2.421,0.06946436974211244
71,2020-04-22,81.77,82.34,82.49,81.47,582120,33.161,2.3035,0.06946412954977232
72,2020-04-23,82.31,81.53,82.49,81.53,623666,32.6536,2.2682,0.06946247886909868
73,2020-04-24,81.38,80.87,81.89,80.42,723366,32.865,2.2829,0.06946295451087783
74,2020-04-27,81.02,81.26,81.92,80.9,615237,33.0976,2.2991,0.06946425118437591
75,2020-04-28,81.95,82.64,83.12,81.08,1343710,35.1061,2.4386,0.0694637114347649
76,2020-04-29,81.95,82.94,83.27,81.86,799917,33.7847,2.3468,0.06946339615269634
77,2020-04-30,83.57,83.87,84.41,83.33,1339571,33.9115,2.3556,0.06946316146439999
78,2020-05-06,82.31,83.63,83.81,82.1,1118487,31.6176,2.1963,0.06946447548201001
79,2020-05-07,83.63,83.0,84.02,82.97,846296,31.9453,2.219,0.06946248743946684
80,2020-05-08,83.72,84.23,84.86,83.09,1527749,32.1462,2.233,0.06946388686687696
81,2020-05-11,84.35,83.48,84.71,83.24,958306,31.6705,2.1999,0.06946211774364155
82,2020-05-12,83.9,83.66,84.11,83.15,650971,31.2477,2.1706,0.0694643125734054
83,2020-05-13,83.33,83.99,84.23,83.21,640345,31.4697,2.1698,0.06894886192114955
84,2020-05-14,83.57,83.09,83.69,83.03,654371,30.0214,2.07,0.06895081508523919
85,2020-05-15,83.45,83.09,83.57,82.97,548576,30.1271,2.0773,0.06895121004013
86,2020-05-18,82.97,82.01,83.06,81.92,889196,30.1271,2.0773,0.06895121004013
87,2020-05-19,82.73,82.4,82.91,82.22,565102,32.2836,2.226,0.06895141805746571
88,2020-05-20,82.22,82.04,82.55,81.8,666620,32.2413,2.2231,0.06895193432026624
89,2020-05-21,82.19,81.83,82.61,81.77,548373,32.0616,2.2107,0.06895164308705742
90,2020-05-22,81.86,79.67,81.86,79.67,981940,32.3999,2.234,0.06895083009515461
91,2020-05-25,79.67,79.4,80.0,79.01,589972,30.254,2.086,0.06894956038870892
92,2020-05-26,79.79,80.18,80.21,79.7,546873,30.994,2.137,0.06894882880557528
93,2020-05-27,80.24,79.64,80.24,79.4,455597,33.827,2.3324,0.06895083808791794
94,2020-05-28,79.7,80.21,81.02,79.43,699515,33.8587,2.3346,0.06895125920369063
95,2020-05-29,79.73,79.58,80.06,79.52,465583,34.3344,2.3674,0.06895125588331236
96,2020-06-01,81.2,82.19,82.76,80.66,1618561,33.5838,2.3156,0.06894991037345387
97,2020-06-02,81.92,81.83,82.28,81.47,828478,34.9686,2.4111,0.06895042981417614
98,2020-06-03,82.19,81.47,82.73,81.35,807511,35.4126,2.4417,0.06895003473339999
99,2020-06-04,81.98,81.05,81.98,80.93,592800,32.9073,2.269,0.06895126613243871
100,2020-06-05,81.14,81.29,81.44,80.54,748216,33.3407,2.2989,0.068951761660673
101,2020-06-08,81.71,81.68,82.19,81.32,839778,30.3069,2.0897,0.06895129491963876
102,2020-06-09,81.47,82.64,83.21,81.44,1131305,27.5478,1.8994,0.06894924458577455
103,2020-06-10,82.37,81.95,82.49,81.74,581494,26.1313,1.8018,0.06895179344311228
104,2020-06-11,81.89,81.14,82.46,81.11,850796,25.4865,1.7573,0.06895022855237087
105,2020-06-12,80.12,80.6,81.17,79.97,842159,24.8417,1.7128,0.0689485824239082
106,2020-06-15,80.6,80.54,81.98,80.48,1004579,25.6345,1.7675,0.06895004778716184
107,2020-06-16,81.23,81.35,81.77,81.02,638051,25.4125,1.7522,0.068950319724545
108,2020-06-17,81.26,81.08,81.41,80.6,600807,25.4865,1.7573,0.06895022855237087
109,2020-06-18,81.14,82.01,82.4,80.99,1021775,25.2117,1.7384,0.06895211350285779
110,2020-06-19,82.22,84.32,84.74,82.04,2770131,24.3977,1.6822,0.06894912225332715
111,2020-06-22,84.35,85.1,87.74,83.99,2856177,24.07,1.6596,0.06894889904445367
112,2020-06-23,84.77,84.89,85.43,83.96,1416648,24.1651,1.6662,0.06895067680249616
113,2020-06-24,85.55,85.52,87.29,85.07,1286923,23.8797,1.6465,0.06894977742601457
114,2020-06-29,84.17,83.27,84.47,83.0,1516309,23.9009,1.648,0.06895137839997656
115,2020-06-30,83.66,85.1,86.12,83.27,1599808,24.0911,1.6611,0.0689507743523542
116,2020-07-01,85.07,86.93,86.99,84.56,1842300,24.3766,1.6808,0.06895137139715958
117,2020-07-02,86.45,90.95,91.64,86.39,4641174,24.6197,1.6975,0.06894884990475107
118,2020-07-03,94.07,98.78,98.78,91.85,7250830,24.2814,1.6742,0.06894989580501948
119,2020-07-06,102.17,107.39,107.39,100.88,8073328,24.144,1.6647,0.06894880715705766
120,2020-07-07,110.48,106.16,110.72,104.57,7474489,24.0594,1.6589,0.0689501816337897
121,2020-07-08,106.43,113.27,115.49,106.43,6904764,24.2074,1.6691,0.06894999049877311
122,2020-07-09,110.27,112.01,115.34,109.22,5585358,24.3343,1.6779,0.06895205532930884
123,2020-07-10,110.12,108.08,111.41,107.45,4327866,24.4611,1.6866,0.06895029250524302
124,2020-07-13,108.02,110.21,113.27,106.76,4736262,23.5415,1.6232,0.06895057664125055
125,2020-07-14,108.77,108.86,110.03,106.97,3247301,23.7634,1.6385,0.06895057104623076
126,2020-07-15,110.3,108.77,112.34,108.32,4571230,23.5626,1.6247,0.06895249250931561
127,2020-07-16,107.27,100.73,109.37,100.37,5305665,23.7529,1.6378,0.06895158064909969
128,2020-07-17,101.87,98.63,102.47,96.77,3691223,23.478,1.6188,0.06894965499616662
129,2020-07-20,100.58,104.72,106.13,99.89,3791036,23.5732,1.6254,0.06895118185057608
130,2020-07-21,103.76,103.76,105.29,102.44,2223715,24.3343,1.6779,0.06895205532930884
131,2020-07-22,104.12,104.27,108.05,103.25,3460704,24.4083,1.683,0.06895195486781136
132,2020-07-23,102.95,104.39,104.99,101.3,2812984,24.5351,1.6917,0.06895019787977225
133,2020-07-24,103.46,98.27,104.36,97.7,3442431,24.3977,1.6822,0.06894912225332715
134,2020-07-27,98.69,98.27,98.87,96.5,1849951,24.7783,1.7085,0.06895146156112404
135,2020-07-28,99.29,97.97,99.47,97.22,1455424,24.7783,1.7085,0.06895146156112404
136,2020-07-29,97.94,102.08,102.5,97.58,2776370,25.0954,1.7303,0.06894889103182256
137,2020-07-30,102.77,101.45,102.98,101.03,1943339,24.9791,1.7223,0.06894964190062892
138,2020-07-31,101.21,102.65,104.6,101.06,2256131,24.9157,1.7179,0.06894849432285667
139,2020-08-03,103.7,104.0,104.36,102.05,2291448,25.18,1.7362,0.0689515488482923
140,2020-08-04,104.0,103.43,104.87,102.83,1792644,24.7465,1.7063,0.06895116481118542
141,2020-08-05,103.01,102.5,103.43,101.78,1608572,24.9685,1.7216,0.06895087810641408
142,2020-08-06,102.77,109.01,111.47,101.24,3725791,25.0531,1.7274,0.06894955115335029
143,2020-08-07,105.47,108.65,114.59,103.7,4866216,24.7254,1.7048,0.06894933954556853
144,2020-08-10,106.73,112.4,115.82,106.16,5373052,24.6197,1.7195,0.06984244324666831
145,2020-08-11,111.56,106.7,112.76,106.22,3777991,24.1334,1.6856,0.06984511092510794
146,2020-08-12,105.83,106.04,107.69,104.09,2716803,23.996,1.676,0.0698449741623604
147,2020-08-13,106.31,105.44,107.36,104.9,1630067,24.2286,1.6922,0.06984307801523819
148,2020-08-14,104.6,106.88,107.21,104.33,1444043,24.514,1.7121,0.06984172309700579
149,2020-08-17,108.8,111.68,115.07,108.77,3835406,24.4928,1.7107,0.06984501567807683
150,2020-08-18,111.77,112.19,114.2,110.69,2393498,24.8311,1.7343,0.06984386515297349
151,2020-08-19,112.07,110.84,113.18,110.36,2238901,24.7148,1.7262,0.06984478935698447
152,2020-08-20,108.86,108.71,110.15,107.93,1566521,25.0214,1.7476,0.06984421335336952
153,2020-08-21,109.37,110.03,111.02,108.77,1221736,24.3343,1.6996,0.0698438007257246
154,2020-08-24,110.42,109.67,110.96,109.4,1063784,24.5351,1.7136,0.06984279664643715
155,2020-08-25,110.24,109.31,111.62,109.07,1254941,23.5415,1.6442,0.06984261835482022
156,2020-08-26,109.07,106.46,109.79,106.37,1906944,23.774,1.6605,0.06984520905190544
157,2020-08-27,106.46,107.18,108.17,105.77,1182994,23.9432,1.6723,0.06984446523438805
158,2020-08-28,106.97,110.24,110.57,106.43,1921991,23.8374,1.6649,0.06984402661364075
159,2020-08-31,111.17,109.67,113.0,109.67,2189042,23.8692,1.6671,0.06984314514101855
160,2020-09-01,109.1,110.6,110.6,109.07,1115895,23.3935,1.6339,0.06984418748797742
161,2020-09-02,110.87,109.97,111.23,108.5,1450182,23.7106,1.656,0.06984218029067168
162,2020-09-03,109.94,108.83,111.08,108.26,1264748,23.3618,1.6317,0.06984478935698447
163,2020-09-04,106.64,107.39,108.14,106.4,1127797,23.4252,1.6361,0.06984358724792104
164,2020-09-07,107.36,104.0,107.72,103.67,1535627,23.5415,1.6442,0.06984261835482022
165,2020-09-08,104.12,106.22,107.18,103.91,1402829,23.8586,1.6664,0.06984483582439875
166,2020-09-09,104.6,104.54,105.77,103.52,1135097,23.7634,1.6597,0.06984269927703948
167,2020-09-10,105.32,104.27,106.22,104.06,1062566,24.0594,1.6804,0.06984380325361397
168,2020-09-11,103.88,104.54,104.75,103.67,818506,23.5837,1.6472,0.06984485046875596
169,2020-09-14,104.54,104.42,104.81,103.79,655177,23.1398,1.6162,0.06984502891122654
170,2020-09-15,104.45,104.93,105.62,104.03,773379,23.9537,1.673,0.06984307226023537
171,2020-09-16,104.93,104.96,106.16,104.51,807880,30.7823,1.6656,0.05410901719494644
172,2020-09-17,104.3,103.1,104.57,102.11,1181713,30.6033,1.6559,0.05410854384984626
173,2020-09-18,103.07,106.97,107.57,102.92,1977619,31.567,1.708,0.054107137200240754
174,2020-09-21,109.52,107.06,109.97,106.91,1647351,31.2091,1.6886,0.05410601395105915
175,2020-09-22,106.28,106.13,108.77,105.77,1261485,32.9574,1.7832,0.05410620983451364
176,2020-09-23,106.43,105.2,106.55,104.99,692185,30.9443,1.7971,0.058075315970954264
177,2020-09-24,104.87,104.12,105.44,104.06,806377,31.4088,1.8241,0.05807608058887955
178,2020-09-25,104.3,104.87,105.65,104.12,803642,32.3379,1.878,0.05807427198426614
179,2020-09-28,104.48,104.93,105.47,104.45,608467,31.3701,1.8218,0.05807440843350834
180,2020-09-29,104.99,105.05,106.25,104.99,708144,32.4024,1.8818,0.058075944991729
181,2020-09-30,105.83,104.36,105.89,103.94,743265,33.538,1.9477,0.05807442304251894
182,2020-10-09,105.77,106.07,106.16,105.26,817139,32.6863,1.8983,0.05807631943658352
183,2020-10-12,106.97,109.43,109.82,106.64,1633773,31.9121,1.8533,0.058075150178145594
184,2020-10-13,108.71,108.32,108.71,107.84,927552,31.5895,1.8346,0.05807625951661153
185,2020-10-14,108.32,107.12,108.62,106.91,736731,30.1958,1.7536,0.05807430172408084
186,2020-10-15,107.27,107.18,108.47,107.06,631535,31.9637,1.8563,0.05807525411638828
187,2020-10-16,107.18,107.51,108.02,106.97,659199,31.8863,1.8518,0.05807509808287572
188,2020-10-19,108.47,106.91,109.22,106.91,968854,32.5315,1.8893,0.05807601862809892
189,2020-10-20,106.7,106.22,106.94,104.93,858821,32.3121,1.8765,0.05807421987428858
190,2020-10-21,105.98,105.56,106.4,105.11,674989,32.4928,1.887,0.0580744041756943
191,2020-10-22,105.41,105.59,106.28,104.57,767017,32.8025,1.905,0.058074841856565806
192,2020-10-23,105.44,104.57,106.34,104.57,788318,30.9701,1.7986,0.05807536946926229
193,2020-10-26,104.06,101.33,104.06,100.97,1384351,30.9443,1.7971,0.058075315970954264
194,2020-10-27,101.27,101.18,101.51,99.92,877712,31.2024,1.8121,0.05807566084660154
195,2020-10-28,100.94,102.05,102.59,100.64,776850,29.6538,1.7222,0.05807687379020564
196,2020-10-29,101.15,103.13,104.27,100.7,1038319,29.099,1.6899,0.05807416062407643
197,2020-10-30,102.35,100.16,103.04,100.13,1033854,29.5506,1.7162,0.058076654957936555
198,2020-11-02,99.62,98.51,101.27,97.13,1372847,29.2796,1.7004,0.05807456386016202
199,2020-11-03,99.08,100.46,101.39,98.75,978566,29.2538,1.6989,0.05807450655983155
200,2020-11-04,100.46,100.46,101.33,99.62,694130,29.0861,1.6892,0.05807585066406291
201,2020-11-05,102.38,101.84,102.62,100.97,929447,29.2022,1.6959,0.05807439165542322
202,2020-11-06,101.99,101.99,102.95,101.36,880021,28.4796,1.654,0.058076658380033425
203,2020-11-09,102.83,105.08,106.22,102.29,1767394,28.0408,1.6285,0.05807608912727169
204,2020-11-10,105.44,103.52,105.62,102.95,1161262,27.7569,1.612,0.058075649658283164
205,2020-11-11,103.31,102.05,103.52,101.96,709716,30.841,1.7911,0.05807528938750364
206,2020-11-12,102.05,101.63,102.74,101.39,543462,32.5186,1.8885,0.05807445584988284
207,2020-11-13,101.42,100.4,101.42,99.77,820615,32.4799,1.8863,0.05807591772142156
208,2020-11-16,101.03,101.18,101.42,100.13,618229,33.2412,1.9305,0.0580755207393235
209,2020-11-17,101.06,101.66,101.66,100.25,659904,32.725,1.9005,0.05807486631016043
210,2020-11-18,101.66,101.72,102.86,101.48,859665,32.4024,1.8818,0.058075944991729
211,2020-11-19,101.27,102.26,102.65,100.58,723571,32.6734,1.8975,0.0580747641812606
212,2020-11-20,102.26,102.53,102.53,101.87,553474,32.9831,1.9155,0.058075196085267906
213,2020-11-23,102.5,103.97,105.02,101.96,1515453,33.5122,1.9657,0.05865625055949773
214,2020-11-24,103.94,102.86,103.94,102.71,885610,32.9702,1.9339,0.05865599844708252
215,2020-11-25,103.52,101.93,104.18,101.93,842565,32.8283,1.9256,0.05865670777956824
216,2020-11-26,101.9,102.17,102.44,101.27,620010,32.1831,1.8878,0.05865811559483082
217,2020-11-27,102.41,104.21,104.21,101.99,1114402,33.1638,1.9453,0.0586573311864141
218,2020-11-30,105.17,105.17,108.77,104.81,2997909,32.6734,1.9165,0.05865627697148139
219,2020-12-01,104.9,108.17,109.22,104.42,2277564,32.7509,1.9211,0.058657930011083666
