,日期,开盘,收盘,最高,最低,成交量,pe,pb,roe
0,2020-01-03,7.93,7.91,8.04,7.88,1109014,30.8159,1.045,0.03391106539156734
1,2020-01-06,7.83,7.88,7.96,7.79,1291180,30.5046,1.0344,0.03390963985759525
2,2020-01-07,7.89,7.88,7.91,7.83,899123,30.6291,1.0386,0.03390892974328335
3,2020-01-08,7.83,7.75,7.83,7.72,1375847,30.5046,1.0344,0.03390963985759525
4,2020-01-09,7.8,7.79,7.85,7.76,1003082,30.3801,1.0302,0.03391035579211392
5,2020-01-10,7.79,7.74,7.84,7.72,1192722,30.3801,1.0302,0.03391035579211392
6,2020-01-13,7.71,7.74,7.75,7.61,1182664,30.3801,1.0302,0.03391035579211392
7,2020-01-14,7.75,8.09,8.17,7.75,4439660,29.9443,1.0154,0.033909625538082376
8,2020-01-15,8.08,8.01,8.14,7.98,1828175,30.0066,1.0175,0.03390920664120561
9,2020-01-16,8.05,7.88,8.08,7.85,1644930,30.0688,1.0196,0.03390890225083808
10,2020-01-17,7.85,7.82,7.91,7.8,962154,30.0688,1.0196,0.03390890225083808
11,2020-01-20,7.83,7.93,7.93,7.78,1288831,29.9443,1.0154,0.033909625538082376
12,2020-01-21,7.85,7.75,7.85,7.72,1323764,29.7575,1.0091,0.0339107787952617
13,2020-01-22,7.72,7.7,7.74,7.57,1213884,30.1933,1.0239,0.03391149692150245
14,2020-01-23,7.59,7.4,7.65,7.31,2003355,30.6291,1.0386,0.03390892974328335
15,2020-02-03,6.67,6.67,6.83,6.67,2512115,30.3178,1.0281,0.03391077188978092
16,2020-02-04,6.55,6.79,6.79,6.55,2126802,30.6914,1.0407,0.03390852160540086
17,2020-02-05,6.79,6.83,6.97,6.74,1867971,30.3801,1.0302,0.03391035579211392
18,2020-02-06,6.88,7.05,7.06,6.81,1850103,30.3178,1.0281,0.03391077188978092
19,2020-02-07,7.01,7.01,7.04,6.92,1269116,29.7575,1.0091,0.0339107787952617
20,2020-02-10,6.97,7.07,7.14,6.93,1506067,30.0066,1.0175,0.03390920664120561
21,2020-02-11,7.14,7.05,7.17,7.01,1265126,29.3218,0.9943,0.03390992367453567
22,2020-02-12,7.02,7.09,7.09,7.0,1145836,29.6953,1.007,0.03391109030722033
23,2020-02-13,7.06,7.02,7.09,6.97,1265101,30.0688,1.0196,0.03390890225083808
24,2020-02-14,6.98,7.02,7.06,6.98,913629,30.1933,1.0239,0.03391149692150245
25,2020-02-17,7.04,7.26,7.27,7.02,1989008,30.4423,1.0323,0.03391005278838984
26,2020-02-18,7.22,7.24,7.32,7.18,1382652,30.6291,1.0386,0.03390892974328335
27,2020-02-19,7.24,7.19,7.28,7.18,1337092,30.6291,1.0386,0.03390892974328335
28,2020-02-20,7.2,7.31,7.33,7.13,1847273,30.8159,1.045,0.03391106539156734
29,2020-02-21,7.31,7.37,7.45,7.3,1811202,31.6874,1.0833,0.0341870901367736
30,2020-02-24,7.4,7.72,7.79,7.4,3274317,30.8159,1.0535,0.03418689702393894
31,2020-02-25,7.57,7.59,7.7,7.33,2899718,30.6914,1.0493,0.03418873039353043
32,2020-02-26,7.45,7.71,8.06,7.43,4558881,30.6914,1.0493,0.03418873039353043
33,2020-02-27,7.76,7.53,7.8,7.5,2686587,30.6291,1.0471,0.03418644361081455
34,2020-02-28,7.31,7.18,7.39,7.14,2658422,30.9404,1.0578,0.03418831042908301
35,2020-03-02,7.24,7.46,7.53,7.2,2212516,30.9404,1.0578,0.03418831042908301
36,2020-03-03,7.59,7.48,7.66,7.41,2482052,31.1271,1.0642,0.03418885794050843
37,2020-03-04,7.41,7.44,7.48,7.32,1314616,30.6291,1.0471,0.03418644361081455
38,2020-03-05,7.61,7.63,7.78,7.56,3133865,30.1933,1.0322,0.03418639234532164
39,2020-03-06,7.53,7.49,7.58,7.46,1739444,30.2556,1.0344,0.03418871217229207
40,2020-03-09,7.39,7.39,7.62,7.35,2254111,30.2556,1.0344,0.03418871217229207
41,2020-03-10,7.31,7.56,7.57,7.22,2432712,30.5668,1.045,0.03418741902979703
42,2020-03-11,7.53,7.43,7.66,7.41,2054524,30.6291,1.0471,0.03418644361081455
43,2020-03-12,7.32,7.3,7.39,7.23,1680395,31.1894,1.0663,0.03418789717019244
44,2020-03-13,6.98,7.18,7.3,6.94,1788453,31.2516,1.0684,0.0341870496230593
45,2020-03-16,7.22,6.96,7.23,6.92,1475347,31.5007,1.0769,0.03418654188637078
46,2020-03-17,6.98,6.98,7.11,6.78,1397117,31.7497,1.0854,0.034186149790391716
47,2020-03-18,7.0,6.81,7.06,6.79,1209162,31.1894,1.0663,0.03418789717019244
48,2020-03-19,6.76,6.8,6.87,6.62,1510148,31.3239,1.0706,0.03417837497885002
49,2020-03-20,6.88,6.93,6.98,6.76,1688676,31.3239,1.0706,0.03417837497885002
50,2020-03-23,6.76,6.75,6.92,6.74,1057808,31.5107,1.077,0.03417886622639294
51,2020-03-24,6.87,6.96,7.09,6.83,1703109,31.3239,1.0706,0.03417837497885002
52,2020-03-25,7.06,7.02,7.15,6.98,1397035,31.3862,1.0727,0.03417744104096705
53,2020-03-26,6.96,6.92,6.98,6.91,723399,31.6353,1.0813,0.03418017214946594
54,2020-03-27,7.0,6.89,7.02,6.89,772933,31.8844,1.0898,0.034179724253867096
55,2020-03-30,6.81,6.91,6.91,6.75,914156,31.5107,1.077,0.03417886622639294
56,2020-03-31,6.94,6.84,6.97,6.83,598614,31.6975,1.0834,0.034179351683886736
57,2020-04-01,6.81,6.81,6.89,6.76,693044,31.8844,1.0898,0.034179724253867096
58,2020-04-02,6.78,6.88,6.89,6.76,748842,31.9466,1.0919,0.034178911057827756
59,2020-04-03,6.87,6.89,6.96,6.83,833400,32.1957,1.1004,0.034178477250067556
60,2020-04-07,7.01,7.07,7.09,6.94,1900113,32.3203,1.1047,0.03417975699482987
61,2020-04-08,7.01,7.0,7.06,6.97,1260735,32.5071,1.1111,0.034180225243100736
62,2020-04-09,7.11,7.23,7.33,7.09,3384798,32.3826,1.1068,0.03417884913502931
63,2020-04-10,7.19,7.05,7.2,7.02,1744269,32.6939,1.1174,0.03417762946604718
64,2020-04-13,7.01,7.02,7.13,6.98,773940,32.5694,1.1132,0.03417932169459677
65,2020-04-14,7.05,7.09,7.1,7.0,1031623,33.0053,1.1281,0.034179359072633794
66,2020-04-15,7.05,6.97,7.06,6.93,1066533,33.3167,1.1387,0.03417805484936984
67,2020-04-16,6.91,6.93,6.97,6.91,675291,33.0676,1.1302,0.03417847076897024
68,2020-04-17,6.96,6.93,6.98,6.92,1135944,33.5658,1.1472,0.03417764510305132
69,2020-04-20,6.94,6.97,6.98,6.91,905892,33.7526,1.1536,0.03417810776058733
70,2020-04-21,6.94,6.92,6.94,6.88,750486,33.2544,1.1366,0.034178935719784455
71,2020-04-22,6.88,6.93,6.93,6.87,699285,33.1299,1.1323,0.03417758580617509
72,2020-04-23,6.93,6.87,6.93,6.84,690646,33.0676,1.1302,0.03417847076897024
73,2020-04-24,6.87,6.79,6.89,6.76,752078,31.7598,1.1103,0.03495928815672643
74,2020-04-27,6.78,6.79,6.83,6.75,674976,31.5107,1.1016,0.03495955342153617
75,2020-04-28,6.8,6.71,6.81,6.63,834671,31.7598,1.1103,0.03495928815672643
76,2020-04-29,6.71,6.74,6.75,6.68,494752,31.3239,1.0951,0.03496052534965314
77,2020-04-30,6.75,6.84,6.88,6.75,1193452,31.7598,1.1103,0.03495928815672643
78,2020-05-06,6.76,6.88,6.89,6.75,1062363,31.8844,1.1147,0.03496067042189911
79,2020-05-07,6.88,6.83,6.97,6.81,932406,32.1957,1.1256,0.03496119046953475
80,2020-05-08,6.85,6.87,6.91,6.84,706124,32.1957,1.1256,0.03496119046953475
81,2020-05-11,6.91,6.85,6.93,6.84,707949,31.6353,1.106,0.03496094552604211
82,2020-05-12,6.85,6.81,6.87,6.76,584792,31.6975,1.1082,0.034961747771906304
83,2020-05-13,6.78,6.78,6.8,6.74,658106,32.0712,1.1212,0.034959714634937265
84,2020-05-14,6.75,6.72,6.76,6.72,591418,31.6353,1.106,0.03496094552604211
85,2020-05-15,6.74,6.72,6.76,6.71,543999,31.573,1.1038,0.03496025084724289
86,2020-05-18,6.71,6.76,6.84,6.7,858954,31.7598,1.1103,0.03495928815672643
87,2020-05-19,6.81,6.75,6.83,6.74,635687,32.6317,1.1408,0.03495987031015853
88,2020-05-20,6.76,6.71,6.76,6.7,586223,32.6317,1.1408,0.03495987031015853
89,2020-05-21,6.72,6.71,6.75,6.68,554497,32.7562,1.1452,0.03496132029966846
90,2020-05-22,6.68,6.63,6.7,6.59,749649,33.0053,1.1539,0.0349610517098769
91,2020-05-25,6.63,6.59,6.63,6.55,565149,32.0712,1.1212,0.034959714634937265
92,2020-05-26,6.61,6.59,6.63,6.53,997850,32.1335,1.1234,0.034960399582989715
93,2020-05-27,6.58,6.54,6.58,6.52,565145,33.3789,1.1669,0.03495921075889259
94,2020-05-28,6.53,6.53,6.58,6.5,595007,35.434,1.2388,0.03496077213975278
95,2020-05-29,6.5,6.5,6.53,6.5,778891,33.0053,1.1539,0.0349610517098769
96,2020-06-01,6.52,6.61,6.62,6.52,954822,32.3203,1.1299,0.03495945272785215
97,2020-06-02,6.61,6.67,6.71,6.58,1079980,33.3789,1.1669,0.03495921075889259
98,2020-06-03,6.68,6.62,6.71,6.62,651873,33.3167,1.1648,0.03496144576143496
99,2020-06-04,6.66,6.61,6.66,6.59,440547,32.8808,1.1495,0.03495961168828009
100,2020-06-05,6.62,6.61,6.62,6.57,473797,33.4412,1.1691,0.03495986986112938
101,2020-06-08,6.65,6.62,6.66,6.59,761573,31.6353,1.106,0.03496094552604211
102,2020-06-09,6.61,6.62,6.63,6.58,686433,31.1994,1.0907,0.03495900562190298
103,2020-06-10,6.62,6.55,6.62,6.53,862370,30.5143,1.0668,0.03496065778995422
104,2020-06-11,6.55,6.52,6.58,6.5,919118,30.1407,1.0537,0.034959373869883584
105,2020-06-12,6.42,6.45,6.48,6.4,1484768,30.0784,1.0515,0.03495864141709666
106,2020-06-15,6.41,6.37,6.48,6.36,1103217,30.3275,1.0603,0.03496166845272442
107,2020-06-16,6.41,6.44,6.44,6.4,789426,30.888,1.0658,0.03450530950530951
108,2020-06-17,6.42,6.4,6.44,6.4,730565,31.1371,1.0744,0.034505461330695535
109,2020-06-18,6.4,6.42,6.48,6.33,1147801,30.6389,1.0572,0.03450515521118578
110,2020-06-19,6.42,6.45,6.48,6.4,1137328,30.5143,1.0529,0.03450513365864529
111,2020-06-22,6.44,6.55,6.58,6.42,1441277,30.3898,1.0486,0.0345049983876169
112,2020-06-23,6.55,6.5,6.57,6.49,801193,30.5766,1.0551,0.03450677969427601
113,2020-06-24,6.53,6.46,6.53,6.41,941081,30.2652,1.0443,0.03450497601205345
114,2020-06-29,6.44,6.41,6.45,6.4,632150,30.6389,1.0572,0.03450515521118578
115,2020-06-30,6.44,6.42,6.45,6.4,626093,30.9503,1.068,0.03450693531242024
116,2020-07-01,6.42,6.5,6.5,6.4,1069270,31.1371,1.0744,0.034505461330695535
117,2020-07-02,6.48,6.65,6.66,6.48,1888297,31.4485,1.0852,0.03450721020080449
118,2020-07-03,6.66,6.74,6.79,6.66,2163280,31.4485,1.0852,0.03450721020080449
119,2020-07-06,6.83,7.11,7.14,6.83,3889915,31.3862,1.083,0.03450561074612409
120,2020-07-07,7.2,7.0,7.27,7.0,3543492,31.3862,1.083,0.03450561074612409
121,2020-07-08,7.0,7.09,7.13,6.96,2638663,31.4485,1.0852,0.03450721020080449
122,2020-07-09,7.07,7.1,7.13,7.01,3322837,31.6975,1.0938,0.03450745326918527
123,2020-07-10,7.06,6.88,7.09,6.85,3245178,31.3862,1.083,0.03450561074612409
124,2020-07-13,6.89,7.02,7.07,6.85,2874818,30.888,1.0658,0.03450530950530951
125,2020-07-14,7.02,7.53,7.57,6.97,8452864,31.0125,1.0701,0.03450544135429263
126,2020-07-15,7.41,7.1,7.43,7.02,5681267,31.0748,1.0723,0.03450706038333312
127,2020-07-16,7.05,6.84,7.1,6.83,3211236,31.3239,1.0809,0.03450719737963664
128,2020-07-17,6.89,6.83,6.92,6.78,1623215,31.3239,1.0809,0.03450719737963664
129,2020-07-20,6.84,7.02,7.02,6.84,2268270,31.5107,1.0873,0.034505739320294375
130,2020-07-21,7.04,6.97,7.07,6.91,1594591,31.8844,1.1002,0.03450590257304513
131,2020-07-22,6.97,6.94,7.02,6.91,1675865,31.8844,1.1002,0.03450590257304513
132,2020-07-23,6.89,6.94,6.96,6.78,1979454,32.0712,1.1067,0.03450759559979047
133,2020-07-24,6.89,6.76,6.92,6.75,1786138,32.1335,1.1088,0.034506045093127116
134,2020-07-27,6.79,6.72,6.8,6.68,997778,31.9466,1.1024,0.03450758453168726
135,2020-07-28,6.75,6.74,6.79,6.71,749768,31.9466,1.1024,0.03450758453168726
136,2020-07-29,6.74,6.83,6.83,6.7,1110190,32.1957,1.111,0.03450771376301804
137,2020-07-30,6.81,6.75,6.84,6.75,827505,32.3826,1.1174,0.03450618542056537
138,2020-07-31,6.74,6.74,6.81,6.68,1256093,32.5694,1.1239,0.034507850927557766
139,2020-08-03,6.75,6.85,6.87,6.75,1652219,32.6317,1.126,0.034506323605573715
140,2020-08-04,6.87,6.85,6.89,6.79,1445665,32.4448,1.1196,0.03450784100996153
141,2020-08-05,6.84,6.79,6.84,6.76,1183426,32.6939,1.1281,0.03450490764332185
142,2020-08-06,6.79,6.76,6.8,6.71,1193594,32.5071,1.1217,0.03450630785274601
143,2020-08-07,6.74,6.67,6.74,6.65,1315948,32.0089,1.1045,0.03450602801095946
144,2020-08-10,6.67,6.76,6.78,6.66,1206669,31.8844,1.1002,0.03450590257304513
145,2020-08-11,6.78,6.71,6.81,6.7,1183360,32.258,1.1131,0.03450616901233802
146,2020-08-12,6.68,6.76,6.78,6.67,1097415,32.258,1.1131,0.03450616901233802
147,2020-08-13,6.93,7.04,7.09,6.89,4815210,32.6317,1.126,0.034506323605573715
148,2020-08-14,7.02,7.05,7.07,6.92,2803150,32.943,1.1449,0.03475396897671736
149,2020-08-17,7.04,7.07,7.13,6.96,2419877,32.8808,1.1427,0.03475280406802754
150,2020-08-18,7.06,7.18,7.32,7.02,3692295,33.1299,1.1513,0.03475108587710799
151,2020-08-19,7.26,7.14,7.4,7.13,3537578,32.943,1.1449,0.03475396897671736
152,2020-08-20,7.04,7.04,7.19,7.01,1966635,32.943,1.1449,0.03475396897671736
153,2020-08-21,7.1,7.09,7.15,7.02,1381224,33.1299,1.1513,0.03475108587710799
154,2020-08-24,7.09,7.02,7.13,7.0,1277339,33.6903,1.1708,0.03475184251846971
155,2020-08-25,7.02,6.93,7.05,6.91,1308571,33.3789,1.16,0.03475249334160203
156,2020-08-26,6.91,6.96,7.01,6.89,1669092,33.5035,1.1643,0.03475159311713701
157,2020-08-27,6.94,6.89,6.97,6.84,1059542,34.3753,1.1946,0.03475169671246506
158,2020-08-28,6.89,6.92,6.93,6.81,1250381,33.2544,1.1557,0.03475329580446498
159,2020-08-31,6.91,6.88,6.98,6.84,1284772,33.628,1.1687,0.034753776614725826
160,2020-09-01,6.84,6.85,6.87,6.8,1064185,32.7562,1.1384,0.034753726012174795
161,2020-09-02,6.85,6.8,6.87,6.78,1078430,32.6939,1.1362,0.034752660282193315
162,2020-09-03,6.81,6.79,6.85,6.78,988713,32.3826,1.1254,0.03475323167380013
163,2020-09-04,6.75,6.75,6.76,6.72,914154,32.5071,1.1297,0.034752407935497165
164,2020-09-07,6.75,6.71,6.79,6.7,837184,32.8185,1.1405,0.03475174063409358
165,2020-09-08,6.74,6.79,6.8,6.7,904100,32.7562,1.1384,0.034753726012174795
166,2020-09-09,6.72,6.74,6.8,6.71,1009023,32.8808,1.1427,0.03475280406802754
167,2020-09-10,6.79,6.68,6.81,6.65,1163062,33.3789,1.16,0.03475249334160203
168,2020-09-11,6.65,6.67,6.7,6.62,733274,33.0676,1.1492,0.03475305132516421
169,2020-09-14,6.68,6.71,6.72,6.66,648723,39.1547,1.1189,0.028576390573800847
170,2020-09-15,6.71,6.67,6.72,6.65,742851,40.2191,1.1493,0.02857597509640942
171,2020-09-16,6.67,6.67,6.71,6.63,636859,39.4588,1.1276,0.028576641965797237
172,2020-09-17,6.67,6.65,6.67,6.63,633512,39.5348,1.1297,0.02857482521727693
173,2020-09-18,6.66,6.76,6.76,6.65,993727,40.5232,1.158,0.028576223003119197
174,2020-09-21,6.76,6.71,6.76,6.7,617139,40.3711,1.1536,0.02857489639866142
175,2020-09-22,6.7,6.66,6.71,6.65,637257,41.6636,1.1906,0.028576503230637776
176,2020-09-23,6.67,6.65,6.68,6.63,571431,42.3479,1.2101,0.02857520679892037
177,2020-09-24,6.63,6.53,6.65,6.53,951351,43.1082,1.2318,0.02857460993500077
178,2020-09-25,6.55,6.52,6.57,6.49,579070,43.8685,1.2536,0.028576313299976067
179,2020-09-28,6.52,6.45,6.54,6.45,514233,42.8801,1.2253,0.028575026644061
180,2020-09-29,6.46,6.45,6.5,6.44,591328,43.4883,1.2427,0.028575501916607453
181,2020-09-30,6.46,6.44,6.48,6.41,519669,44.3246,1.2666,0.028575553981310606
182,2020-10-09,6.5,6.53,6.54,6.48,634301,43.1842,1.234,0.028575265953751604
183,2020-10-12,6.54,6.63,6.63,6.53,789239,43.4123,1.2405,0.02857485090630996
184,2020-10-13,6.63,6.59,6.63,6.55,658066,43.3363,1.2384,0.02857650514695532
185,2020-10-14,6.59,6.59,6.61,6.55,575764,41.6636,1.1906,0.028576503230637776
186,2020-10-15,6.58,6.53,6.59,6.53,529394,43.7164,1.2492,0.02857508852513016
187,2020-10-16,6.54,6.54,6.55,6.52,388283,44.7926,1.2797,0.02856945120399352
188,2020-10-19,6.62,6.54,6.67,6.53,813932,44.1082,1.2601,0.028568384109984087
189,2020-10-20,6.53,6.57,6.58,6.49,499141,44.8687,1.2819,0.028570027658479075
190,2020-10-21,6.57,6.75,6.76,6.54,2243934,42.8154,1.2232,0.028569159694876146
191,2020-10-22,6.66,6.57,6.66,6.53,1595240,42.4351,1.2123,0.0285683314048983
192,2020-10-23,6.55,6.53,6.58,6.52,723968,41.7507,1.1928,0.02856958086930279
193,2020-10-26,6.53,6.53,6.58,6.52,645154,42.0549,1.2015,0.028569798049692185
194,2020-10-27,6.5,6.49,6.52,6.48,557911,42.1309,1.2037,0.028570479149507846
195,2020-10-28,6.48,6.44,6.49,6.41,722228,40.7621,1.1645,0.02856820428780657
196,2020-10-29,6.39,6.41,6.45,6.37,493568,40.7621,1.1645,0.02856820428780657
197,2020-10-30,6.41,6.33,6.45,6.31,926843,41.1423,1.1754,0.028569136873728498
198,2020-11-02,6.32,6.26,6.36,6.19,834188,40.9142,1.1689,0.02856954309261821
199,2020-11-03,6.26,6.4,6.45,6.26,723238,41.0663,1.1732,0.028568436893511226
200,2020-11-04,6.4,6.35,6.41,6.32,539271,40.686,1.1624,0.028570024086909503
201,2020-11-05,6.39,6.46,6.48,6.37,774682,40.9142,1.1689,0.02856954309261821
202,2020-11-06,6.48,6.48,6.5,6.44,639863,39.6213,1.132,0.02857049112472332
203,2020-11-09,6.53,6.54,6.57,6.52,945495,39.3932,1.1254,0.028568382360407377
204,2020-11-10,6.57,6.46,6.57,6.45,690982,38.7087,1.1059,0.02856980472090254
205,2020-11-11,6.45,6.53,6.55,6.4,933112,42.9675,1.2276,0.028570431139814976
206,2020-11-12,6.52,6.44,6.54,6.42,638873,44.7166,1.2775,0.028568808898708758
207,2020-11-13,6.39,6.35,6.4,6.33,698187,45.0208,1.2862,0.02856901698770346
208,2020-11-16,6.36,6.39,6.4,6.32,513952,46.0855,1.3166,0.028568638725846522
209,2020-11-17,6.39,6.41,6.41,6.35,506167,45.401,1.2971,0.028569855289531064
210,2020-11-18,6.4,6.41,6.42,6.37,547334,45.7813,1.3079,0.02856843296280359
211,2020-11-19,6.4,6.4,6.41,6.37,528276,46.5418,1.3297,0.028570016630211983
212,2020-11-20,6.4,6.39,6.41,6.36,461100,46.998,1.3427,0.028569300821311545
213,2020-11-23,6.4,6.48,6.5,6.37,1070761,44.9447,1.284,0.028568440772771875
214,2020-11-24,6.46,6.48,6.5,6.45,614639,44.9447,1.284,0.028568440772771875
215,2020-11-25,6.48,6.48,6.57,6.48,1039488,45.2489,1.2927,0.0285686502876313
216,2020-11-26,6.49,6.5,6.52,6.45,560997,45.0208,1.2862,0.02856901698770346
217,2020-11-27,6.5,6.53,6.53,6.46,745177,45.7813,1.3079,0.02856843296280359
218,2020-11-30,6.54,6.5,6.67,6.5,1783208,45.7813,1.3079,0.02856843296280359
219,2020-12-01,6.49,6.57,6.59,6.49,985397,45.9334,1.3123,0.02856962471752581
