,日期,开盘,收盘,最高,最低,成交量,pe,pb,roe
0,2020-01-03,113.07,112.66,113.21,112.66,599124,4.4011,0.5117,0.11626638794846746
1,2020-01-06,112.39,112.12,113.07,111.84,802168,4.3116,0.5013,0.11626774283328693
2,2020-01-07,112.39,112.52,112.93,112.12,574019,4.3523,0.506,0.11626036808124442
3,2020-01-08,112.39,111.98,112.52,111.57,693523,4.2547,0.4947,0.11627141749124498
4,2020-01-09,112.39,112.25,112.66,112.12,599265,4.2303,0.4918,0.11625653026972084
5,2020-01-10,112.39,112.52,112.66,112.12,427513,4.2384,0.4928,0.11627029067572668
6,2020-01-13,112.66,112.8,112.8,112.39,502396,4.2547,0.4947,0.11627141749124498
7,2020-01-14,112.93,113.21,113.61,112.8,589470,4.2221,0.4909,0.11626915515975463
8,2020-01-15,113.21,112.39,113.34,112.39,453766,4.2384,0.4928,0.11627029067572668
9,2020-01-16,112.52,112.12,112.66,111.98,391474,4.2384,0.4928,0.11627029067572668
10,2020-01-17,112.25,111.98,112.66,111.71,444724,4.2059,0.489,0.11626524643952543
11,2020-01-20,111.98,112.39,112.39,111.98,451508,4.1977,0.488,0.11625413917145103
12,2020-01-21,112.12,111.44,112.25,111.44,620174,4.1733,0.4852,0.11626290944815854
13,2020-01-22,111.57,111.57,112.52,110.89,611250,4.2059,0.489,0.11626524643952543
14,2020-01-23,111.16,109.12,111.44,109.12,1172841,4.2547,0.4947,0.11627141749124498
15,2020-02-03,102.18,103.81,105.45,102.18,2257121,4.2465,0.4937,0.11626044978217355
16,2020-02-04,103.95,105.72,106.13,103.27,1465045,4.2465,0.4937,0.11626044978217355
17,2020-02-05,105.99,105.86,106.67,105.04,866990,4.2059,0.489,0.11626524643952543
18,2020-02-06,106.54,106.81,106.94,105.72,873868,4.2059,0.489,0.11626524643952543
19,2020-02-07,106.26,106.54,106.54,105.58,690934,4.1896,0.4871,0.11626408248997516
20,2020-02-10,105.99,106.13,106.4,105.86,553235,4.1977,0.488,0.11625413917145103
21,2020-02-11,106.4,106.67,107.08,106.26,556603,4.1733,0.4852,0.11626290944815854
22,2020-02-12,106.54,106.67,106.81,106.13,497236,4.2953,0.5052,0.11761693013293599
23,2020-02-13,106.67,106.13,106.81,105.99,519797,4.2953,0.5052,0.11761693013293599
24,2020-02-14,105.86,106.54,106.54,105.86,425122,4.3116,0.5071,0.11761295110863715
25,2020-02-17,106.4,107.49,107.63,106.26,804353,4.3279,0.5091,0.11763210795073824
26,2020-02-18,107.22,106.67,107.35,106.54,708890,4.3686,0.5138,0.11761204962688276
27,2020-02-19,106.67,106.54,107.22,106.4,667202,4.4092,0.5186,0.1176177084278327
28,2020-02-20,106.81,107.22,107.35,106.13,936736,4.393,0.5167,0.11761893922148875
29,2020-02-21,106.94,106.81,107.35,106.54,955811,4.393,0.5167,0.11761893922148875
30,2020-02-24,106.81,106.13,107.08,105.99,1067721,4.3523,0.5119,0.11761597316361466
31,2020-02-25,105.45,105.45,105.72,105.04,980348,4.393,0.5167,0.11761893922148875
32,2020-02-26,105.04,105.86,106.13,104.77,981499,4.3848,0.5158,0.11763364349571247
33,2020-02-27,105.86,105.99,106.26,105.58,716523,4.3523,0.5119,0.11761597316361466
34,2020-02-28,105.45,104.22,105.72,104.22,1163982,4.336,0.51,0.11761992619926198
35,2020-03-02,104.49,105.45,105.58,104.36,851199,4.3442,0.511,0.11762810183693201
36,2020-03-03,105.72,105.86,106.26,105.58,846089,4.3686,0.5138,0.11761204962688276
37,2020-03-04,105.58,106.13,106.26,105.58,569671,4.3116,0.5071,0.11761295110863715
38,2020-03-05,106.4,107.35,107.49,106.13,1393659,4.3116,0.5071,0.11761295110863715
39,2020-03-06,106.67,106.67,107.22,106.26,728139,4.3116,0.5071,0.11761295110863715
40,2020-03-09,105.86,105.18,105.99,104.77,1327025,4.336,0.51,0.11761992619926198
41,2020-03-10,104.77,105.86,106.13,104.63,1026639,4.3198,0.5081,0.11762118616602621
42,2020-03-11,105.99,105.45,106.13,105.31,607406,4.3686,0.5138,0.11761204962688276
43,2020-03-12,105.18,105.31,105.31,104.77,757007,4.4011,0.5177,0.11762968348821888
44,2020-03-13,103.81,105.04,105.31,103.13,1224443,4.4092,0.5186,0.1176177084278327
45,2020-03-16,105.18,103.68,105.31,103.68,1033189,4.4336,0.5215,0.11762450378924574
46,2020-03-17,103.95,103.95,104.9,103.13,955713,4.4743,0.5263,0.11762733835460294
47,2020-03-18,104.09,102.59,104.22,102.45,811745,4.4255,0.5205,0.11761382894588181
48,2020-03-19,102.59,100.96,102.73,100.68,1242124,4.4499,0.5234,0.11762062068810533
49,2020-03-20,101.5,102.59,102.73,101.09,898276,4.4336,0.5215,0.11762450378924574
50,2020-03-23,101.23,101.77,101.91,100.96,672805,4.4336,0.5215,0.11762450378924574
51,2020-03-24,102.32,103.0,103.27,102.32,773179,4.4418,0.5225,0.11763249133234274
52,2020-03-25,103.95,103.41,104.22,103.13,756681,4.4499,0.5234,0.11762062068810533
53,2020-03-26,103.13,103.54,104.09,102.73,818238,4.458,0.5244,0.11763122476446836
54,2020-03-27,103.95,104.09,104.22,103.41,820776,4.4825,0.5272,0.11761293920803123
55,2020-03-30,103.54,103.95,104.63,103.27,1102547,4.458,0.5244,0.11763122476446836
56,2020-03-31,104.77,104.09,105.04,103.95,1170896,4.4906,0.5282,0.11762348015855344
57,2020-04-01,103.95,103.81,104.63,103.68,807464,4.4987,0.5292,0.11763398315068797
58,2020-04-02,103.68,104.22,104.22,103.41,698449,4.4987,0.5292,0.11763398315068797
59,2020-04-03,103.95,104.09,104.22,103.68,549205,4.5231,0.532,0.11761844752492759
60,2020-04-07,105.04,105.04,105.31,104.63,1111045,4.515,0.5384,0.11924695459579181
61,2020-04-08,104.9,105.04,105.31,104.63,675930,4.5475,0.5423,0.11925233644859812
62,2020-04-09,105.31,105.04,105.58,105.04,623245,4.4987,0.5365,0.11925667415031008
63,2020-04-10,105.31,104.9,105.31,104.36,611371,4.4987,0.5365,0.11925667415031008
64,2020-04-13,104.77,103.95,104.77,103.95,352342,4.5231,0.5394,0.11925449359952243
65,2020-04-14,104.49,105.04,105.04,104.09,762598,4.5394,0.5413,0.11924483411904659
66,2020-04-15,104.9,104.77,105.18,104.77,552538,4.5557,0.5433,0.11925719428408368
67,2020-04-16,104.63,105.04,105.18,104.49,532255,4.5475,0.5423,0.11925233644859812
68,2020-04-17,105.45,105.18,105.58,104.9,751440,4.5801,0.5462,0.11925503809960482
69,2020-04-20,105.18,104.36,105.31,104.22,816356,4.6207,0.551,0.11924600168805592
70,2020-04-21,104.36,103.95,104.49,103.68,699034,4.6533,0.5549,0.11924870521995143
71,2020-04-22,103.95,103.95,103.95,103.54,693863,4.5801,0.5462,0.11925503809960482
72,2020-04-23,104.09,103.81,104.09,103.41,635641,4.5475,0.5423,0.11925233644859812
73,2020-04-24,103.81,103.95,104.22,103.27,614397,4.5719,0.5452,0.11925020232288545
74,2020-04-27,104.22,104.77,105.04,104.09,706617,4.5394,0.5413,0.11924483411904659
75,2020-04-28,104.9,104.63,105.04,104.09,599910,4.5557,0.5433,0.11925719428408368
76,2020-04-29,104.9,106.26,106.26,104.77,877673,4.5231,0.5394,0.11925449359952243
77,2020-04-30,106.26,106.54,106.81,105.86,834032,4.5557,0.5433,0.11925719428408368
78,2020-05-06,105.31,105.86,106.26,105.04,999558,4.5475,0.5423,0.11925233644859812
79,2020-05-07,105.86,105.31,105.86,105.31,547345,4.5963,0.5481,0.11924809085568827
80,2020-05-08,105.58,105.86,105.99,105.45,571686,4.5231,0.5394,0.11925449359952243
81,2020-05-11,105.72,105.58,106.26,105.58,488285,4.5069,0.5374,0.11923938849319932
82,2020-05-12,105.58,105.18,105.86,105.04,520360,4.5069,0.5374,0.11923938849319932
83,2020-05-13,105.04,105.18,105.31,104.77,457460,4.5475,0.5423,0.11925233644859812
84,2020-05-14,105.04,104.9,105.04,104.77,446476,4.4987,0.5365,0.11925667415031008
85,2020-05-15,105.04,104.77,105.31,104.63,427684,4.4906,0.5355,0.11924909811606467
86,2020-05-18,104.9,105.04,105.45,104.77,390329,4.4906,0.5355,0.11924909811606467
87,2020-05-19,105.58,105.31,105.58,105.04,367469,4.5638,0.5442,0.11924273631622771
88,2020-05-20,105.18,105.31,105.58,105.04,420340,4.5882,0.5471,0.11924066082559612
89,2020-05-21,105.58,104.77,105.58,104.77,322999,4.6045,0.5491,0.1192529047670757
90,2020-05-22,104.77,103.68,104.9,103.54,706772,4.637,0.553,0.1192581410394652
91,2020-05-25,104.22,103.95,104.22,103.54,350018,4.5557,0.5433,0.11925719428408368
92,2020-05-26,104.09,103.95,104.22,103.81,397824,4.5719,0.5452,0.11925020232288545
93,2020-05-27,103.95,104.09,104.49,103.81,445018,4.5963,0.5481,0.11924809085568827
94,2020-05-28,104.22,104.77,105.18,104.09,509347,4.6696,0.5568,0.11923933527497001
95,2020-05-29,104.49,103.81,104.77,103.81,485930,4.759,0.5675,0.11924774112208446
96,2020-06-01,104.22,104.77,104.9,104.22,554248,5.1007,0.5872,0.11512145391808969
97,2020-06-02,104.63,105.04,105.31,104.49,590651,5.239,0.6031,0.11511738881465929
98,2020-06-03,105.31,104.9,105.86,104.9,668743,5.3041,0.6106,0.11511849324107766
99,2020-06-04,105.45,104.49,105.45,104.36,538063,5.3041,0.6106,0.11511849324107766
100,2020-06-05,104.63,104.77,104.77,104.36,375239,5.239,0.6031,0.11511738881465929
101,2020-06-08,104.77,104.63,105.04,104.63,563113,4.8323,0.5563,0.1151211638350268
102,2020-06-09,104.63,105.04,105.31,104.49,699174,4.7672,0.5488,0.11511998657492867
103,2020-06-10,105.04,104.49,105.18,104.49,608994,4.6777,0.5385,0.11512067896615859
104,2020-06-11,104.49,103.81,104.63,103.68,932175,4.6126,0.531,0.11511945540476089
105,2020-06-12,103.41,103.68,103.81,103.27,1159370,4.6045,0.53,0.11510478879357151
106,2020-06-15,103.41,102.86,103.41,102.73,1095842,4.6126,0.531,0.11511945540476089
107,2020-06-16,103.27,103.27,103.41,103.0,547199,4.5963,0.5291,0.11511433109240041
108,2020-06-17,103.13,103.27,103.41,103.0,422280,4.6126,0.531,0.11511945540476089
109,2020-06-18,103.13,103.13,103.54,102.73,618720,4.6126,0.531,0.11511945540476089
110,2020-06-19,103.27,103.54,103.95,103.13,914032,4.5882,0.5282,0.11512139836973106
111,2020-06-22,103.54,103.54,103.95,103.41,685109,4.5963,0.5291,0.11511433109240041
112,2020-06-23,103.41,103.27,103.54,103.13,519848,4.5963,0.5291,0.11511433109240041
113,2020-06-24,103.41,103.54,103.81,103.41,586177,4.5719,0.5263,0.11511625363634374
114,2020-06-29,103.81,103.41,104.09,103.13,770233,4.6207,0.5319,0.11511242885277123
115,2020-06-30,103.54,103.54,103.81,103.41,540206,4.6289,0.5329,0.1151245436280758
116,2020-07-01,103.68,104.63,104.77,103.41,1080183,4.6696,0.5375,0.11510621894808977
117,2020-07-02,104.49,106.13,106.13,104.36,1686338,4.7021,0.5413,0.11511877671678612
118,2020-07-03,106.13,107.22,107.49,106.13,1887246,4.6777,0.5385,0.11512067896615859
119,2020-07-06,107.9,114.02,114.43,107.9,5375443,4.6858,0.5394,0.11511374791924536
120,2020-07-07,115.25,115.11,117.83,113.48,4834736,4.6696,0.5375,0.11510621894808977
121,2020-07-08,114.97,115.11,116.2,114.57,3342763,4.694,0.5404,0.11512569237324244
122,2020-07-09,114.97,114.02,115.25,113.75,2639045,4.7021,0.5413,0.11511877671678612
123,2020-07-10,113.89,111.71,114.29,111.44,3108278,4.6858,0.5394,0.11511374791924536
124,2020-07-13,111.71,111.03,112.12,110.35,3096030,4.6289,0.5329,0.1151245436280758
125,2020-07-14,110.76,109.53,111.16,108.99,2306648,4.6858,0.5394,0.11511374791924536
126,2020-07-15,109.94,108.31,110.21,108.17,2078490,4.6452,0.5347,0.11510806854387323
127,2020-07-16,108.71,107.9,109.39,107.76,2005732,4.637,0.5338,0.1151175328876429
128,2020-07-17,108.31,107.63,108.58,107.22,1365307,4.637,0.5338,0.1151175328876429
129,2020-07-20,107.76,108.99,109.39,107.63,1856355,4.6207,0.5319,0.11511242885277123
130,2020-07-21,109.26,108.44,109.26,108.17,1141722,4.6858,0.5394,0.11511374791924536
131,2020-07-22,108.58,108.17,109.26,108.03,1487994,4.7184,0.5432,0.11512377076975247
132,2020-07-23,107.9,107.76,108.44,106.94,1318017,4.7184,0.5432,0.11512377076975247
133,2020-07-24,107.63,106.54,107.76,106.26,1585195,4.7021,0.5413,0.11511877671678612
134,2020-07-27,107.08,106.54,107.08,106.26,941948,4.6858,0.5394,0.11511374791924536
135,2020-07-28,106.81,106.67,107.22,106.54,771965,4.694,0.5404,0.11512569237324244
136,2020-07-29,106.67,107.49,107.63,106.54,1012069,4.7102,0.5422,0.1151118848456541
137,2020-07-30,107.63,106.81,107.63,106.81,859562,4.7102,0.5422,0.1151118848456541
138,2020-07-31,106.81,106.81,107.49,106.26,1235051,4.7346,0.545,0.11511004097495037
139,2020-08-03,107.08,107.08,107.35,106.81,1358752,4.7509,0.5469,0.11511503083626262
140,2020-08-04,107.35,108.31,108.58,107.08,1932114,4.7184,0.5432,0.11512377076975247
141,2020-08-05,108.31,107.49,108.31,107.08,1068094,4.7509,0.5469,0.11511503083626262
142,2020-08-06,107.63,107.63,108.03,106.94,1009448,4.7916,0.5516,0.11511812338258619
143,2020-08-07,107.63,107.08,107.63,106.81,1003717,4.7753,0.5724,0.11986681465038847
144,2020-08-10,107.22,107.63,107.76,106.94,1071376,4.6777,0.5607,0.11986660110738183
145,2020-08-11,107.49,107.35,108.58,107.22,1409946,4.6858,0.5617,0.11987280720474625
146,2020-08-12,107.35,107.9,107.9,107.08,1138431,4.637,0.5558,0.11986197972827259
147,2020-08-13,108.03,107.49,108.03,107.49,657581,4.6289,0.5549,0.11987729266132342
148,2020-08-14,107.49,108.03,108.17,107.35,954081,4.637,0.5558,0.11986197972827259
149,2020-08-17,108.03,109.26,110.07,108.03,2782893,4.637,0.5558,0.11986197972827259
150,2020-08-18,109.39,108.71,109.53,108.44,1287489,4.6614,0.5588,0.11987814819582097
151,2020-08-19,108.85,108.03,108.85,108.03,1093899,4.7102,0.5646,0.1198675215489788
152,2020-08-20,108.03,107.49,108.03,107.35,1026069,4.7021,0.5636,0.11986133855086026
153,2020-08-21,107.63,107.63,107.76,107.22,835022,4.6858,0.5617,0.11987280720474625
154,2020-08-24,107.76,107.35,107.9,107.35,719883,4.7021,0.5636,0.11986133855086026
155,2020-08-25,107.49,107.08,107.76,106.94,812615,4.637,0.5558,0.11986197972827259
156,2020-08-26,107.22,106.67,107.35,106.67,818169,4.694,0.5627,0.11987643800596506
157,2020-08-27,106.81,106.67,106.94,106.4,724415,4.7021,0.5636,0.11986133855086026
158,2020-08-28,106.54,107.49,107.49,106.4,1100445,4.7021,0.5636,0.11986133855086026
159,2020-08-31,107.35,106.94,107.9,106.67,1605000,4.7021,0.5636,0.11986133855086026
160,2020-09-01,106.67,107.08,107.35,106.54,1085624,4.6452,0.5568,0.11986566778610178
161,2020-09-02,106.94,106.67,107.08,106.4,1022547,4.6533,0.5578,0.11987191885328691
162,2020-09-03,106.81,106.67,107.08,106.54,747636,4.6289,0.5549,0.11987729266132342
163,2020-09-04,106.54,106.54,106.67,106.26,943611,4.6452,0.5568,0.11986566778610178
164,2020-09-07,106.26,105.99,106.54,105.86,931515,4.9588,0.5652,0.11397918851335001
165,2020-09-08,106.13,106.4,106.54,105.99,829585,4.9675,0.5662,0.11398087569199798
166,2020-09-09,106.26,105.99,106.4,105.99,862683,4.9327,0.5622,0.11397409126847367
167,2020-09-10,106.26,105.86,106.26,105.58,901402,4.924,0.5612,0.11397238017871648
168,2020-09-11,105.72,105.72,105.86,105.45,607478,4.8979,0.5582,0.11396721043712613
169,2020-09-14,105.58,105.58,105.86,105.45,512514,4.8196,0.5493,0.11397211386837082
170,2020-09-15,105.58,105.58,105.72,105.45,470882,4.8718,0.5553,0.11398251159735621
171,2020-09-16,105.72,105.86,105.99,105.45,540984,4.7674,0.5434,0.11398246423627133
172,2020-09-17,105.72,105.45,105.86,105.45,599521,4.8718,0.5553,0.11398251159735621
173,2020-09-18,105.58,106.26,106.26,105.31,1093999,4.9588,0.5652,0.11397918851335001
174,2020-09-21,106.26,105.58,106.4,105.58,648484,4.9414,0.5632,0.11397579633302304
175,2020-09-22,105.45,105.18,105.86,105.04,784337,5.0284,0.5731,0.11397263543075332
176,2020-09-23,105.18,105.04,105.31,104.9,640376,5.0458,0.5751,0.1139759800229894
177,2020-09-24,105.04,104.49,105.04,104.22,687861,5.0545,0.5761,0.11397764368384607
178,2020-09-25,104.36,103.68,104.49,103.41,842978,5.0806,0.5791,0.11398260048025824
179,2020-09-28,103.68,103.95,104.09,103.68,389346,5.0371,0.5741,0.11397431061523497
180,2020-09-29,104.09,103.54,104.22,103.54,416825,5.1328,0.585,0.11397288029925187
181,2020-09-30,103.81,103.54,104.09,103.41,548916,5.1763,0.59,0.11398102892027122
182,2020-10-09,103.54,103.54,103.95,103.41,895593,5.098,0.581,0.1139662612789329
183,2020-10-12,103.68,104.49,104.77,103.41,1207684,5.0806,0.5791,0.11398260048025824
184,2020-10-13,104.49,104.09,104.49,103.95,669027,5.0545,0.5761,0.11397764368384607
185,2020-10-14,104.09,103.95,104.36,103.68,587471,4.9762,0.5672,0.11398255697118283
186,2020-10-15,103.81,104.22,104.77,103.68,823751,5.0893,0.5801,0.1139842414477433
187,2020-10-16,104.09,104.77,105.31,104.09,1248623,5.0806,0.5791,0.11398260048025824
188,2020-10-19,105.04,104.9,106.4,104.63,1671540,5.0545,0.5761,0.11397764368384607
189,2020-10-20,104.77,104.22,104.77,104.09,829404,5.098,0.581,0.1139662612789329
190,2020-10-21,104.22,104.9,105.04,103.81,1212204,5.1415,0.586,0.11397452105416707
191,2020-10-22,104.77,104.9,105.72,104.36,810593,5.1676,0.589,0.11397941017106586
192,2020-10-23,104.63,105.18,105.72,104.63,1253236,5.1241,0.584,0.11397123397279521
193,2020-10-26,105.45,104.49,105.58,104.36,959883,5.1328,0.585,0.11397288029925187
194,2020-10-27,104.36,103.81,104.36,103.81,768553,5.185,0.591,0.11398264223722276
195,2020-10-28,103.81,103.54,103.95,103.41,840893,5.1241,0.584,0.11397123397279521
196,2020-10-29,103.13,103.27,103.68,103.0,668060,5.098,0.581,0.1139662612789329
197,2020-10-30,103.27,103.27,104.09,103.0,720076,5.1328,0.585,0.11397288029925187
198,2020-11-02,102.18,101.23,102.32,101.09,1884894,5.1328,0.585,0.11397288029925187
199,2020-11-03,101.23,101.64,102.18,101.09,769926,5.098,0.581,0.1139662612789329
200,2020-11-04,101.91,101.5,102.05,101.23,676704,5.1241,0.584,0.11397123397279521
201,2020-11-05,101.77,101.77,102.05,101.5,592610,5.1415,0.586,0.11397452105416707
202,2020-11-06,101.91,101.77,102.18,101.64,682707,5.0806,0.5791,0.11398260048025824
203,2020-11-09,102.18,102.45,102.73,102.05,937211,5.0719,0.5781,0.11398095388316014
204,2020-11-10,102.86,102.45,103.41,102.32,867627,4.9501,0.5642,0.11397749540413325
205,2020-11-11,102.32,102.59,103.0,101.91,873572,5.2893,0.6029,0.113984837313066
206,2020-11-12,102.45,101.77,102.73,101.77,853029,5.4459,0.6207,0.11397565140748087
207,2020-11-13,101.77,101.23,101.77,101.09,860733,5.4372,0.6197,0.11397410431839919
208,2020-11-16,101.5,101.64,101.77,101.36,729961,5.4981,0.6267,0.11398483112347903
209,2020-11-17,101.64,101.77,101.91,101.36,702882,5.472,0.6237,0.11398026315789474
210,2020-11-18,101.64,102.32,102.73,101.5,1189356,5.4807,0.6247,0.11398179064718011
211,2020-11-19,102.32,102.32,102.59,102.05,666770,5.4981,0.6267,0.11398483112347903
212,2020-11-20,102.18,102.05,102.18,101.64,605457,5.5503,0.6326,0.11397582112678595
213,2020-11-23,101.91,102.59,102.86,101.77,1232134,5.5242,0.6296,0.11397125375619999
214,2020-11-24,102.73,102.32,103.0,102.32,834242,5.5068,0.6276,0.11396818478971454
215,2020-11-25,102.45,102.18,103.0,102.05,1133256,5.4894,0.6257,0.11398331329471345
216,2020-11-26,102.18,102.59,102.73,102.05,699177,5.472,0.6237,0.11398026315789474
217,2020-11-27,102.73,104.22,104.22,102.59,1895237,5.5068,0.6276,0.11396818478971454
218,2020-11-30,104.49,103.54,106.26,103.54,2937823,5.4807,0.6247,0.11398179064718011
219,2020-12-01,103.41,105.04,105.31,103.13,1719804,5.5155,0.6286,0.11396972169340948
