,日期,开盘,收盘,最高,最低,成交量,pe,pb,roe
0,2020-01-03,12.36,12.34,12.39,12.3,810379,11.2932,0.7784,0.06892643360606382
1,2020-01-06,12.3,12.28,12.34,12.24,1051389,11.1318,0.7673,0.06892865484467921
2,2020-01-07,12.28,12.37,12.37,12.26,978161,11.329,0.7809,0.06892929649571895
3,2020-01-08,12.34,12.26,12.34,12.25,884021,11.4366,0.7883,0.06892782820068902
4,2020-01-09,12.31,12.34,12.34,12.28,593862,11.4375,0.7884,0.0689311475409836
5,2020-01-10,12.35,12.26,12.35,12.23,686215,11.6885,0.8057,0.06893100055610216
6,2020-01-13,12.28,12.25,12.28,12.18,661753,11.4554,0.7896,0.06892819107145975
7,2020-01-14,12.25,12.24,12.31,12.23,722093,11.6347,0.8019,0.06892313510447196
8,2020-01-15,12.25,12.19,12.28,12.15,672453,11.2762,0.7772,0.06892392827370923
9,2020-01-16,12.19,12.14,12.2,12.12,571812,11.312,0.7797,0.06892680339462517
10,2020-01-17,12.14,12.24,12.24,12.13,709132,11.4017,0.7859,0.06892831770700861
11,2020-01-20,12.25,12.26,12.28,12.19,655365,11.7243,0.8081,0.06892522368073148
12,2020-01-21,12.24,12.09,12.24,12.07,752290,11.3837,0.7846,0.06892310935811731
13,2020-01-22,12.06,12.09,12.11,12.01,497234,11.4554,0.7896,0.06892819107145975
14,2020-01-23,12.03,11.89,12.03,11.85,729196,11.4554,0.7896,0.06892819107145975
15,2020-02-03,11.23,11.23,11.37,11.23,1695197,11.563,0.797,0.06892674911355184
16,2020-02-04,11.2,11.59,11.61,11.15,1981456,11.7243,0.8081,0.06892522368073148
17,2020-02-05,11.53,11.56,11.67,11.48,1062525,11.0969,0.7649,0.06892916039614667
18,2020-02-06,11.61,11.61,11.63,11.52,663230,10.9714,0.7562,0.06892465865796527
19,2020-02-07,11.59,11.63,11.64,11.5,529134,10.3081,0.7105,0.06892637828503799
20,2020-02-10,11.58,11.72,11.75,11.57,595454,10.0213,0.6907,0.06892319359763703
21,2020-02-11,11.73,11.76,11.95,11.73,737375,9.9496,0.6858,0.0689273940660931
22,2020-02-12,11.74,11.75,11.78,11.69,403392,9.5731,0.6598,0.06892229267426435
23,2020-02-13,11.75,11.69,11.81,11.67,481078,9.8958,0.697,0.07043392146163019
24,2020-02-14,11.69,11.72,11.73,11.65,352028,9.7882,0.6894,0.07043174434523201
25,2020-02-17,11.72,11.87,11.89,11.7,603876,9.7344,0.6856,0.07043063773833004
26,2020-02-18,11.85,11.83,11.92,11.81,514066,9.591,0.6755,0.07043061203211344
27,2020-02-19,11.81,11.8,11.86,11.78,477061,9.5552,0.673,0.07043285331547221
28,2020-02-20,11.81,11.85,11.86,11.75,609261,9.3221,0.6566,0.07043477328069854
29,2020-02-21,11.84,11.84,11.87,11.8,501376,9.34,0.6578,0.07042826552462528
30,2020-02-24,11.8,11.78,11.81,11.75,763381,9.2145,0.649,0.0704324705627001
31,2020-02-25,11.65,11.64,11.72,11.61,781984,9.5014,0.6692,0.07043172585092723
32,2020-02-26,11.59,11.75,11.8,11.57,902166,9.34,0.6578,0.07042826552462528
33,2020-02-27,11.73,11.72,11.8,11.7,506201,8.9815,0.6326,0.07043366920892946
34,2020-02-28,11.56,11.61,11.68,11.56,697262,8.9636,0.6313,0.07042929180240082
35,2020-03-02,11.58,11.87,11.92,11.58,1215310,9.0353,0.6364,0.07043484997731121
36,2020-03-03,11.95,11.85,12.0,11.83,969262,9.1249,0.6427,0.07043364858792973
37,2020-03-04,11.85,11.87,11.91,11.81,635820,9.0532,0.6376,0.07042813590774531
38,2020-03-05,11.91,11.97,12.0,11.86,997245,8.9456,0.63,0.07042568413521731
39,2020-03-06,11.91,11.84,11.92,11.83,709312,8.8919,0.6263,0.0704348901809512
40,2020-03-09,11.74,11.7,11.75,11.63,841350,8.8739,0.625,0.07043126472013432
41,2020-03-10,11.63,11.73,11.81,11.63,627419,8.8201,0.6212,0.07043004047573156
42,2020-03-11,11.72,11.67,11.73,11.65,561594,8.8201,0.6212,0.07043004047573156
43,2020-03-12,11.62,11.58,11.64,11.56,563218,8.9636,0.6313,0.07042929180240082
44,2020-03-13,11.4,11.5,11.54,11.36,706809,9.0173,0.6351,0.07043128209109156
45,2020-03-16,11.52,11.31,11.54,11.31,816806,9.1608,0.6452,0.07043053008470876
46,2020-03-17,11.3,11.24,11.39,11.19,892112,9.1966,0.6477,0.07042820172672509
47,2020-03-18,11.26,11.2,11.31,11.19,541202,9.0711,0.6389,0.07043247235726649
48,2020-03-19,11.2,11.02,11.23,10.98,855147,9.0711,0.6389,0.07043247235726649
49,2020-03-20,11.07,11.09,11.12,11.01,447342,8.9815,0.6326,0.07043366920892946
50,2020-03-23,10.97,10.87,11.0,10.85,789252,8.9994,0.6338,0.07042691735004557
51,2020-03-24,10.95,10.98,11.01,10.91,515127,9.0173,0.6351,0.07043128209109156
52,2020-03-25,11.12,11.11,11.13,11.03,478077,9.0173,0.6351,0.07043128209109156
53,2020-03-26,11.08,11.02,11.09,11.02,325287,9.1428,0.6439,0.07042700266876668
54,2020-03-27,11.08,11.08,11.14,11.04,332167,9.0532,0.6376,0.07042813590774531
55,2020-03-30,11.02,11.06,11.12,11.01,355412,8.9277,0.6288,0.07043247420948286
56,2020-03-31,11.11,11.2,11.25,11.07,650799,8.9815,0.6326,0.07043366920892946
57,2020-04-01,11.2,11.12,11.23,11.09,364551,8.9994,0.6338,0.07042691735004557
58,2020-04-02,11.11,11.13,11.14,11.03,360721,8.9277,0.6288,0.07043247420948286
59,2020-04-03,11.13,11.11,11.13,11.08,196784,8.8919,0.6263,0.0704348901809512
60,2020-04-07,11.18,11.2,11.23,11.14,410329,8.856,0.6237,0.07042682926829269
61,2020-04-08,11.2,11.28,11.29,11.18,390109,8.9277,0.6288,0.07043247420948286
62,2020-04-09,11.29,11.26,11.31,11.24,218422,8.7843,0.6301,0.07173024600708082
63,2020-04-10,11.28,11.18,11.29,11.15,232807,8.7843,0.6301,0.07173024600708082
64,2020-04-13,11.17,11.17,11.18,11.14,164663,8.8919,0.6378,0.07172820207154827
65,2020-04-14,11.2,11.25,11.25,11.18,313054,8.9994,0.6455,0.07172700402249038
66,2020-04-15,11.28,11.24,11.29,11.22,219330,9.107,0.6532,0.0717250466673987
67,2020-04-16,11.2,11.24,11.24,11.18,205972,9.0353,0.6481,0.07172977100926367
68,2020-04-17,11.28,11.28,11.29,11.2,360851,9.0173,0.6468,0.0717287879964069
69,2020-04-20,11.26,11.23,11.28,11.22,280368,9.0353,0.6481,0.07172977100926367
70,2020-04-21,11.19,11.17,11.2,11.13,266095,9.0711,0.6507,0.0717333068756821
71,2020-04-22,11.14,11.15,11.17,11.11,306518,8.8739,0.6365,0.07172719999098479
72,2020-04-23,11.18,11.15,11.2,11.13,272726,8.8739,0.6365,0.07172719999098479
73,2020-04-24,11.18,11.14,11.18,11.12,220995,8.8022,0.6314,0.07173206698325418
74,2020-04-27,11.17,11.15,11.19,11.14,210156,8.7664,0.6288,0.07172841759445153
75,2020-04-28,11.17,11.06,11.17,10.98,339803,8.8022,0.6314,0.07173206698325418
76,2020-04-29,11.03,11.08,11.11,11.01,222340,8.7305,0.6262,0.07172555981902526
77,2020-04-30,11.11,11.2,11.22,11.09,277992,8.8381,0.634,0.07173487514284745
78,2020-05-06,11.18,11.24,11.26,11.15,399021,8.8201,0.6327,0.07173388056824753
79,2020-05-07,11.26,11.15,11.28,11.14,413478,8.9456,0.6417,0.07173358969772849
80,2020-05-08,11.18,11.22,11.23,11.17,296024,8.9098,0.6391,0.07173000516285438
81,2020-05-11,11.25,11.26,11.31,11.24,508101,8.8201,0.6327,0.07173388056824753
82,2020-05-12,11.26,11.23,11.28,11.18,406168,8.8201,0.6327,0.07173388056824753
83,2020-05-13,11.2,11.26,11.26,11.15,317763,8.9098,0.6391,0.07173000516285438
84,2020-05-14,11.24,11.15,11.25,11.14,303414,8.8022,0.6314,0.07173206698325418
85,2020-05-15,11.18,11.09,11.2,11.09,292184,8.7664,0.6288,0.07172841759445153
86,2020-05-18,11.12,11.09,11.15,11.07,234100,8.8022,0.6314,0.07173206698325418
87,2020-05-19,11.15,11.15,11.18,11.13,264783,9.0532,0.6494,0.07173154243803295
88,2020-05-20,11.15,11.12,11.18,11.11,276945,9.1608,0.6571,0.07172954327133002
89,2020-05-21,11.14,11.08,11.17,11.08,353657,9.1966,0.6597,0.07173303177261162
90,2020-05-22,11.09,11.02,11.11,11.02,334362,9.2863,0.6661,0.07172932168893961
91,2020-05-25,11.03,11.06,11.08,11.02,212549,8.7664,0.6288,0.07172841759445153
92,2020-05-26,11.08,11.09,11.12,11.06,294002,8.8919,0.6378,0.07172820207154827
93,2020-05-27,11.09,11.19,11.2,11.07,420094,9.1787,0.6584,0.07173129092355127
94,2020-05-28,11.22,11.23,11.24,11.19,397648,9.4117,0.6751,0.07172986814284349
95,2020-05-29,11.24,11.23,11.24,11.15,549266,9.4835,0.6802,0.07172457426055782
96,2020-06-01,11.24,11.26,11.26,11.18,662429,9.4117,0.6751,0.07172986814284349
97,2020-06-02,11.25,11.24,11.26,11.2,556489,9.7344,0.6983,0.0717352892833662
98,2020-06-03,11.25,11.24,11.29,11.22,758446,9.5372,0.6841,0.07172964811475066
99,2020-06-04,11.23,11.22,11.25,11.2,351838,9.34,0.67,0.07173447537473233
100,2020-06-05,11.22,11.17,11.23,11.15,433662,9.2325,0.6622,0.07172488491741132
101,2020-06-08,11.18,11.17,11.22,11.15,568363,8.623,0.6185,0.07172677722370406
102,2020-06-09,11.17,11.19,11.19,11.17,424738,8.4437,0.6057,0.07173395549344481
103,2020-06-10,11.19,11.18,11.23,11.17,646062,8.3182,0.5967,0.07173426943329086
104,2020-06-11,11.19,11.11,11.19,11.11,701364,8.1748,0.5864,0.07173264177716887
105,2020-06-12,11.06,11.18,11.18,11.03,690324,8.1748,0.5864,0.07173264177716887
106,2020-06-15,11.14,11.09,11.2,11.09,608089,8.2465,0.5915,0.07172739950281938
107,2020-06-16,11.13,11.24,11.24,11.11,886538,8.2644,0.5928,0.07172934514302308
108,2020-06-17,11.22,11.28,11.35,11.2,900757,8.4437,0.6057,0.07173395549344481
109,2020-06-18,11.29,11.45,11.54,11.24,1477362,8.5154,0.6108,0.07172886769852269
110,2020-06-19,11.43,11.4,11.43,11.34,845915,8.5871,0.616,0.07173551024210735
111,2020-06-22,11.41,11.35,11.43,11.34,495918,8.3361,0.5979,0.07172418756972684
112,2020-06-23,11.33,11.23,11.33,11.23,586841,8.2823,0.5941,0.07173128237325381
113,2020-06-24,11.24,11.22,11.26,11.2,320473,8.0672,0.5787,0.07173492661642206
114,2020-06-29,11.18,11.17,11.2,11.15,374222,8.1927,0.5877,0.07173459299132154
115,2020-06-30,11.18,11.17,11.2,11.15,359186,8.0851,0.5799,0.07172453030883971
116,2020-07-01,11.17,11.26,11.26,11.15,449246,8.1927,0.5877,0.07173459299132154
117,2020-07-02,11.23,11.35,11.39,11.23,758591,8.2106,0.5889,0.07172435631987918
118,2020-07-03,11.39,11.47,11.52,11.37,1189821,8.1748,0.5864,0.07173264177716887
119,2020-07-06,11.56,11.89,11.9,11.53,2020000,8.1748,0.5864,0.07173264177716887
120,2020-07-07,12.01,11.96,12.15,11.91,2250327,8.2465,0.5915,0.07172739950281938
121,2020-07-08,11.94,12.09,12.17,11.9,1439712,8.2823,0.5941,0.07173128237325381
122,2020-07-09,12.09,12.23,12.26,12.02,1760622,8.7843,0.6082,0.0692371617544938
123,2020-07-10,12.15,12.01,12.15,11.95,1056595,8.8201,0.6107,0.06923957778256483
124,2020-07-13,12.0,12.06,12.11,11.96,1089901,8.7664,0.607,0.06924164993611973
125,2020-07-14,12.06,12.01,12.2,11.96,1115883,8.7664,0.607,0.06924164993611973
126,2020-07-15,12.04,11.85,12.07,11.79,849602,8.7126,0.6032,0.06923306475678902
127,2020-07-16,11.86,11.65,11.92,11.64,749218,8.5692,0.5933,0.06923633478037623
128,2020-07-17,11.67,11.57,11.7,11.5,837185,8.5154,0.5896,0.06923926063367546
129,2020-07-20,11.57,11.92,11.95,11.56,1231933,8.4616,0.5859,0.06924222369291859
130,2020-07-21,11.92,11.86,11.96,11.8,630626,8.5512,0.5921,0.06924174384881654
131,2020-07-22,11.9,11.84,11.91,11.8,748670,8.605,0.5958,0.06923881464264962
132,2020-07-23,11.78,11.76,11.81,11.68,676936,8.6588,0.5995,0.06923592183674412
133,2020-07-24,11.74,11.59,11.78,11.56,709558,8.5692,0.5933,0.06923633478037623
134,2020-07-27,11.62,11.57,11.65,11.52,458430,8.5692,0.5933,0.06923633478037623
135,2020-07-28,11.59,11.59,11.74,11.57,517251,8.6588,0.5995,0.06923592183674412
136,2020-07-29,11.59,11.67,11.69,11.53,528376,8.8201,0.6107,0.06923957778256483
137,2020-07-30,11.67,11.61,11.72,11.58,479376,8.7664,0.607,0.06924164993611973
138,2020-07-31,11.62,11.61,11.69,11.56,685194,8.8201,0.6107,0.06923957778256483
139,2020-08-03,11.64,11.67,11.67,11.61,611938,8.7484,0.6057,0.06923551735174432
140,2020-08-04,11.7,11.69,11.73,11.62,851766,8.6588,0.5995,0.06923592183674412
141,2020-08-05,11.69,11.61,11.69,11.59,806526,8.7843,0.6082,0.0692371617544938
142,2020-08-06,11.63,11.62,11.64,11.56,608326,8.7305,0.6045,0.06924002061737587
143,2020-08-07,11.62,11.54,11.62,11.52,583297,8.5512,0.5921,0.06924174384881654
144,2020-08-10,11.56,11.59,11.62,11.52,592131,4.9055,0.6058,0.12349403730506574
145,2020-08-11,11.62,11.57,11.68,11.54,614220,4.9882,0.616,0.1234914397979231
146,2020-08-12,11.57,11.59,11.64,11.53,742836,4.9778,0.6147,0.1234882879987143
147,2020-08-13,11.62,11.64,11.65,11.59,644027,4.9882,0.616,0.1234914397979231
148,2020-08-14,11.63,11.64,11.65,11.58,448744,4.9882,0.616,0.1234914397979231
149,2020-08-17,11.64,11.78,11.79,11.63,1006699,4.9985,0.6173,0.12349704911473441
150,2020-08-18,11.76,11.75,11.84,11.73,696788,5.0501,0.6237,0.12350250490089307
151,2020-08-19,11.75,11.74,11.8,11.7,541722,5.0914,0.6288,0.12350237655654633
152,2020-08-20,11.74,11.75,11.84,11.7,915884,5.0604,0.6249,0.12348826179748638
153,2020-08-21,11.74,11.8,11.84,11.7,895516,5.0604,0.6249,0.12348826179748638
154,2020-08-24,11.83,11.73,11.84,11.73,722402,5.0708,0.6262,0.12349136230969471
155,2020-08-25,11.72,11.65,11.75,11.64,609052,4.9985,0.6173,0.12349704911473441
156,2020-08-26,11.64,11.58,11.65,11.57,509974,5.0088,0.6186,0.12350263536176331
157,2020-08-27,11.59,11.58,11.61,11.54,422706,5.0811,0.6275,0.12349688059672116
158,2020-08-28,11.57,11.68,11.69,11.57,547562,5.0914,0.6288,0.12350237655654633
159,2020-08-31,11.69,11.63,11.76,11.63,639064,5.0295,0.6211,0.12349140073565962
160,2020-09-01,11.63,11.65,11.68,11.61,319177,4.9468,0.6109,0.12349397590361447
161,2020-09-02,11.73,11.68,11.74,11.64,540555,4.9675,0.6135,0.12350276799194766
162,2020-09-03,11.7,11.73,11.85,11.69,1008552,4.9572,0.6122,0.12349713547970627
163,2020-09-04,11.69,11.72,11.74,11.65,546399,5.0295,0.6211,0.12349140073565962
164,2020-09-07,11.74,11.68,11.78,11.67,600828,4.9055,0.6058,0.12349403730506574
165,2020-09-08,11.7,11.76,11.79,11.69,615662,4.9262,0.6083,0.12348260322358004
166,2020-09-09,11.73,11.83,11.86,11.72,1185809,4.8752,0.602,0.12348211355431571
167,2020-09-10,11.83,11.74,11.84,11.72,981906,4.9475,0.6109,0.12347650328448712
168,2020-09-11,11.75,11.74,11.76,11.63,704949,4.8443,0.5982,0.12348533327828583
169,2020-09-14,11.72,11.73,11.75,11.68,406065,4.7513,0.5867,0.12348199440153222
170,2020-09-15,11.73,11.72,11.74,11.69,257522,4.9372,0.6097,0.12349104755731995
171,2020-09-16,11.72,11.78,11.79,11.69,545840,4.8752,0.602,0.12348211355431571
172,2020-09-17,11.76,11.78,11.81,11.73,473805,5.0302,0.6211,0.12347421573694883
173,2020-09-18,11.78,11.86,11.87,11.74,1015619,5.0612,0.625,0.12348850075081008
174,2020-09-21,11.87,11.84,11.89,11.8,569942,5.1231,0.6326,0.12347992426460543
175,2020-09-22,11.8,11.74,11.81,11.72,571153,5.2781,0.6518,0.1234914078929918
176,2020-09-23,11.76,11.7,11.76,11.69,404468,5.3504,0.6607,0.12348609449760765
177,2020-09-24,11.68,11.61,11.69,11.58,624877,5.4227,0.6696,0.12348092278754126
178,2020-09-25,11.61,11.61,11.64,11.58,339637,5.4743,0.676,0.12348610781287105
179,2020-09-28,11.62,11.64,11.64,11.59,303375,5.4537,0.6734,0.12347580541650621
180,2020-09-29,11.63,11.65,11.68,11.63,309119,5.5673,0.6875,0.12348894437159844
181,2020-09-30,11.67,11.69,11.73,11.63,384025,5.6809,0.7015,0.12348395500712915
182,2020-10-09,11.74,11.76,11.79,11.73,422973,5.5983,0.6913,0.12348391475983782
183,2020-10-12,11.76,11.81,11.81,11.76,573181,5.5776,0.6887,0.12347604704532414
184,2020-10-13,11.79,11.75,11.8,11.74,318551,5.5983,0.6913,0.12348391475983782
185,2020-10-14,11.75,11.7,11.75,11.69,433949,5.371,0.6632,0.12347793706944703
186,2020-10-15,11.7,11.72,11.75,11.69,402957,5.464,0.6747,0.12348096632503659
187,2020-10-16,11.75,11.96,12.0,11.72,1975496,5.495,0.6785,0.12347588717015469
188,2020-10-19,11.97,12.07,12.24,11.96,1770843,5.402,0.6671,0.12349129951869678
189,2020-10-20,12.08,11.87,12.11,11.84,1250674,5.5156,0.6811,0.12348611211835521
190,2020-10-21,11.91,11.96,11.98,11.85,649118,5.5673,0.6875,0.12348894437159844
191,2020-10-22,11.94,11.95,12.04,11.89,652159,5.5776,0.6887,0.12347604704532414
192,2020-10-23,11.95,12.11,12.19,11.92,1093960,5.5363,0.6836,0.12347596770406229
193,2020-10-26,12.13,12.13,12.26,12.0,1199562,5.557,0.6862,0.12348389418751124
194,2020-10-27,12.13,12.23,12.24,12.04,1372849,5.5983,0.6913,0.12348391475983782
195,2020-10-28,12.23,12.26,12.29,12.14,1209992,5.464,0.6747,0.12348096632503659
196,2020-10-29,12.22,12.34,12.42,12.14,1234418,5.4433,0.6722,0.12349126449029083
197,2020-10-30,12.29,12.12,12.41,12.11,1705208,5.495,0.6785,0.12347588717015469
198,2020-11-02,12.12,12.37,12.37,12.11,1761399,5.5053,0.6798,0.12348100920930738
199,2020-11-03,12.41,12.42,12.47,12.31,1243335,5.464,0.6747,0.12348096632503659
200,2020-11-04,12.42,12.62,12.64,12.35,1192628,5.3917,0.6658,0.12348609900402469
201,2020-11-05,12.68,13.07,13.12,12.65,2466087,5.371,0.6632,0.12347793706944703
202,2020-11-06,13.06,13.16,13.17,12.94,1539983,5.3297,0.6581,0.12347786929845958
203,2020-11-09,13.3,13.58,13.59,13.13,2304594,5.3607,0.662,0.12349133508683569
204,2020-11-10,13.62,13.47,13.72,13.35,1968370,5.0508,0.6237,0.12348538845331435
205,2020-11-11,13.44,13.4,13.59,13.35,1364162,5.6086,0.6926,0.12348892771814712
206,2020-11-12,13.39,13.4,13.41,13.18,1318859,5.7842,0.7143,0.12349158051243042
207,2020-11-13,13.29,13.35,13.47,13.23,1007701,5.7842,0.7143,0.12349158051243042
208,2020-11-16,13.39,13.58,13.64,13.28,1577974,5.9288,0.7321,0.12348198623667521
209,2020-11-17,13.55,13.36,13.61,13.26,1117395,5.9081,0.7296,0.12349147780166213
210,2020-11-18,13.31,13.3,13.51,13.2,1204871,5.8255,0.7194,0.12349154579006094
211,2020-11-19,13.3,13.28,13.37,13.12,1062750,5.8668,0.7245,0.12349151155655555
212,2020-11-20,13.29,13.52,13.55,13.22,1190938,5.9081,0.7296,0.12349147780166213
213,2020-11-23,13.52,13.4,13.68,13.31,1843511,5.9185,0.7308,0.12347723240685984
214,2020-11-24,13.44,13.56,13.59,13.33,1370506,5.9288,0.7321,0.12348198623667521
215,2020-11-25,13.64,13.39,13.67,13.39,1159019,5.9908,0.7398,0.12348935033718368
216,2020-11-26,13.4,13.39,13.44,13.26,618882,5.9288,0.7321,0.12348198623667521
217,2020-11-27,13.36,13.31,13.58,13.18,1468158,6.0218,0.7436,0.12348467235710253
218,2020-11-30,13.31,13.18,13.57,13.18,1605290,5.9391,0.7334,0.12348672357764645
219,2020-12-01,13.28,13.29,13.31,13.14,1190910,5.9908,0.7398,0.12348935033718368
