,日期,开盘,收盘,最高,最低,成交量,pe,pb,roe
0,2020-01-03,237.83,246.78,249.23,236.96,254596,61.721,4.2002,0.06805139255682831
1,2020-01-06,246.25,255.72,260.28,240.46,230195,61.0247,4.1528,0.06805113339352753
2,2020-01-07,255.72,258.0,260.63,253.09,140585,60.0717,4.0879,0.06805034650259607
3,2020-01-08,256.59,256.42,258.87,253.61,93556,59.6502,4.0593,0.06805174165384191
4,2020-01-09,257.47,259.57,260.98,254.67,96946,59.4487,4.0455,0.06805026855086822
5,2020-01-10,260.8,259.22,261.5,257.3,66321,63.9934,4.3548,0.06805076773542272
6,2020-01-13,253.96,260.63,260.98,247.48,163719,65.5145,4.4583,0.0680505842218135
7,2020-01-14,260.63,258.17,264.31,256.77,99111,66.0459,4.4945,0.0680511583610792
8,2020-01-15,258.0,256.42,267.81,256.07,128659,64.4699,4.3872,0.06805036148652317
9,2020-01-16,256.42,264.66,270.8,255.72,156578,64.0118,4.3561,0.06805151550182935
10,2020-01-17,265.54,263.08,268.34,259.4,112200,63.2604,4.3049,0.06805047075263514
11,2020-01-20,263.96,269.74,273.07,263.78,102581,65.1846,4.4359,0.06805134955188802
12,2020-01-21,273.07,271.15,277.81,264.31,121622,64.4333,4.3847,0.06805021627015843
13,2020-01-22,266.06,264.66,277.28,258.35,123912,63.8285,4.3436,0.06805110569729823
14,2020-01-23,258.7,255.72,267.29,254.14,171953,64.5982,4.396,0.06805143177364074
15,2020-02-03,229.95,239.76,255.37,229.95,292863,65.6428,4.4671,0.06805163704168622
16,2020-02-04,249.23,253.09,254.67,241.34,170372,56.9088,4.8066,0.08446145411605939
17,2020-02-05,278.51,278.51,278.51,271.5,614148,57.5515,4.8609,0.08446174296065263
18,2020-02-06,278.51,306.56,306.56,276.41,856455,57.3587,4.8446,0.08446146792029806
19,2020-02-07,296.57,277.11,320.94,276.76,1142475,57.0855,4.8216,0.08446277951493812
20,2020-02-10,268.87,265.18,269.22,257.82,607841,54.9486,4.6411,0.08446257047495295
21,2020-02-11,261.5,277.28,277.28,249.23,527806,55.752,4.7089,0.084461543980485
22,2020-02-12,268.52,268.34,274.65,263.78,306419,52.8278,4.4619,0.0844612117105009
23,2020-02-13,268.52,268.34,273.78,264.13,256780,52.5386,4.4375,0.08446171005698667
24,2020-02-14,271.15,260.45,277.28,258.17,254242,51.8959,4.3832,0.08446139290387103
25,2020-02-17,258.87,261.68,264.66,253.09,267885,53.6311,4.5298,0.08446218705191576
26,2020-02-18,260.8,255.37,261.15,253.26,289445,52.8278,4.4619,0.0844612117105009
27,2020-02-19,256.42,250.46,256.77,249.41,199726,49.8876,4.2884,0.08596124086947458
28,2020-02-20,252.04,252.39,256.94,251.16,182076,50.466,4.3381,0.08596084492529624
29,2020-02-21,251.86,253.96,255.89,249.41,212258,50.8837,4.374,0.08596073005697305
30,2020-02-24,253.96,254.32,258.52,252.21,194203,51.2211,4.403,0.0859606685526082
31,2020-02-25,248.35,253.44,256.77,247.48,213462,49.518,4.2566,0.08596066076982106
32,2020-02-26,252.56,246.08,252.56,245.72,210404,52.5225,4.5149,0.0859612547003665
33,2020-02-27,246.6,248.35,253.79,246.08,165796,52.7153,4.5315,0.08596176062737004
34,2020-02-28,243.97,240.11,248.7,238.89,170424,53.7597,4.6213,0.08596216124717956
35,2020-03-02,241.17,248.88,248.88,240.46,157714,54.0168,4.6434,0.08596214511041009
36,2020-03-03,250.46,254.67,257.47,248.53,266325,53.6793,4.6143,0.08596050991723067
37,2020-03-04,254.14,251.33,254.14,249.23,131912,52.2173,4.4887,0.08596193215658411
38,2020-03-05,252.39,253.26,255.37,250.63,158056,51.7674,4.45,0.0859614351889413
39,2020-03-06,254.14,253.26,260.28,252.21,144761,50.1928,4.3146,0.08596053617251878
40,2020-03-09,249.41,242.22,250.63,242.04,159553,50.1446,4.3105,0.0859613996322635
41,2020-03-10,238.54,253.96,256.77,236.43,292611,51.189,4.4003,0.08596182773642774
42,2020-03-11,254.49,246.08,254.49,245.55,218756,52.0245,4.4721,0.08596142202231641
43,2020-03-12,241.52,242.57,246.43,240.46,123931,52.7635,4.5356,0.08596093890663052
44,2020-03-13,233.63,240.82,248.35,229.07,162203,51.0926,4.392,0.08596156781999743
45,2020-03-16,240.99,235.73,246.78,235.21,146496,52.1851,4.4859,0.0859613184606334
46,2020-03-17,236.43,227.49,240.46,224.69,163261,52.153,4.4831,0.0859605391827891
47,2020-03-18,231.52,231.52,243.62,229.24,225653,50.6588,4.3547,0.08596137295001066
48,2020-03-19,231.87,233.1,235.21,225.74,163892,51.9763,4.4679,0.08596033192050992
49,2020-03-20,237.66,236.96,238.01,233.1,87021,52.2976,4.4956,0.08596187970384873
50,2020-04-03,260.8,260.8,260.8,260.8,30091,51.0926,4.392,0.08596156781999743
51,2020-04-07,287.1,287.1,287.1,280.09,527027,51.912,4.4624,0.08596085683464323
52,2020-04-08,296.57,310.94,314.63,290.96,1039618,51.4139,4.4196,0.08596118948377773
53,2020-04-09,331.63,342.15,342.15,324.97,763159,54.563,4.6903,0.08596118248630023
54,2020-04-10,340.4,333.56,344.61,326.55,701011,55.1736,4.7428,0.08596140182986066
55,2020-04-13,332.86,355.48,363.72,332.86,691698,57.68,4.9582,0.08596047156726767
56,2020-04-14,356.18,373.36,377.92,346.71,653329,57.9692,4.9831,0.0859611655844828
57,2020-04-15,361.61,369.5,379.14,361.61,472124,59.2063,5.0895,0.08596213578622545
58,2020-04-16,364.94,355.12,374.94,351.97,493809,59.8812,5.1475,0.08596187117158641
59,2020-04-17,352.67,350.74,362.66,342.33,473055,60.1061,5.1668,0.0859613250568578
60,2020-04-20,350.39,354.77,359.33,348.64,271383,59.4955,5.1143,0.0859611231101512
61,2020-04-21,351.79,351.62,359.68,347.41,266787,56.1536,4.827,0.0859606507864144
62,2020-04-22,352.67,371.6,375.11,345.31,393048,57.7603,4.9652,0.08596215739876698
63,2020-04-23,365.99,357.75,377.04,357.75,253297,60.5399,5.2041,0.08596148986040611
64,2020-04-24,357.23,363.01,373.18,347.23,256282,61.0219,5.3711,0.08801921932945385
65,2020-04-27,358.28,369.85,369.85,354.25,194062,61.054,5.3739,0.0880188030268287
66,2020-04-28,370.2,391.77,395.45,359.86,426483,59.4795,5.2353,0.08801856101682091
67,2020-04-29,385.98,362.66,403.51,361.44,448232,58.7725,5.1731,0.0880190565315411
68,2020-04-30,367.57,361.44,373.36,358.81,392251,60.2989,5.3075,0.08801984779158492
69,2020-05-06,362.31,380.72,390.01,354.42,287847,57.68,5.0769,0.08801837725381415
70,2020-05-07,377.21,407.9,408.07,376.34,335428,58.6601,5.1632,0.08801894302941864
71,2020-05-08,408.07,402.11,413.16,396.5,302746,57.68,5.0769,0.08801837725381415
72,2020-05-11,399.13,402.29,416.66,396.5,228088,59.4473,5.2325,0.08801913627700501
73,2020-05-12,407.9,401.06,412.28,393.17,188618,60.8934,5.3598,0.08801939126407787
74,2020-05-13,399.31,403.86,411.75,394.75,172371,59.4152,5.2297,0.08801956401728851
75,2020-05-14,400.01,394.05,402.81,392.64,128843,57.2141,5.0359,0.0880185129190182
76,2020-05-15,391.24,389.14,399.48,380.72,299802,59.2063,5.2113,0.08801934929222059
77,2020-05-18,389.14,391.24,413.86,381.42,310487,58.7886,5.1745,0.08801876554297942
78,2020-05-19,394.75,388.26,397.38,380.72,202763,54.8522,4.828,0.08801834748651832
79,2020-05-20,388.26,394.75,399.31,383.35,163172,54.306,4.78,0.08801973999189777
80,2020-05-21,393.87,407.9,420.87,393.52,309977,52.8921,4.6555,0.08801881566434307
81,2020-05-22,415.43,387.73,418.42,385.45,270831,52.6993,4.6385,0.08801824692168586
82,2020-05-25,389.66,419.12,419.12,388.26,318669,54.065,4.7587,0.0880181263294183
83,2020-05-26,419.29,427.71,436.3,417.19,336953,51.5746,4.5395,0.08801813295692067
84,2020-05-27,427.71,407.72,427.88,400.01,258094,51.5746,4.508,0.08740736719237766
85,2020-05-28,406.67,410.53,411.23,398.25,121007,50.7873,4.4392,0.08740767869132636
86,2020-05-29,404.74,414.03,424.03,402.81,152636,56.4107,4.9307,0.08740717629811366
87,2020-06-01,415.79,414.03,422.8,408.07,156606,55.9126,4.8872,0.08740784724731099
88,2020-06-02,413.68,397.2,414.91,392.99,232734,52.8599,4.6204,0.08740841356113045
89,2020-06-03,398.95,395.45,401.94,387.91,257057,48.1202,4.2061,0.08740819863591591
90,2020-06-04,392.99,389.49,399.66,385.81,151323,48.5219,4.2412,0.0874079539342029
91,2020-06-05,392.47,398.95,404.92,385.98,180705,46.8188,4.0923,0.0874071954001384
92,2020-06-08,400.88,398.78,402.81,391.07,132188,49.7269,4.3465,0.08740741932434959
93,2020-06-09,403.34,438.75,438.75,403.16,264418,47.6543,4.1653,0.08740659289927667
94,2020-06-10,454.53,452.6,461.02,443.49,416200,48.8754,4.2721,0.08740798029274441
95,2020-06-11,457.16,429.29,459.26,428.41,346491,46.626,4.0755,0.08740831295843521
96,2020-06-12,422.8,435.07,446.47,420.69,249020,47.4293,4.1457,0.08740799463622698
97,2020-06-15,448.75,420.69,450.5,419.29,236793,46.5135,4.0656,0.0874068818730046
98,2020-06-16,424.55,439.63,441.03,418.42,211272,43.75,3.8241,0.087408
99,2020-06-17,443.14,450.5,456.99,438.58,278509,41.7577,3.6499,0.08740663398606724
100,2020-06-18,451.55,439.63,452.08,430.86,178992,41.1954,3.6008,0.08740781737766838
101,2020-06-19,438.23,444.54,451.73,438.23,143015,41.7095,3.6457,0.08740694565986167
102,2020-06-22,442.08,432.44,443.31,430.16,180236,42.2719,3.6949,0.08740794712326629
103,2020-06-23,435.07,440.68,441.56,430.16,123996,43.734,3.8227,0.08740796634197649
104,2020-06-24,439.1,432.44,448.22,428.06,113246,40.0707,3.5025,0.08740800634877853
105,2020-06-29,431.21,435.77,441.21,427.71,106803,39.7655,3.4758,0.08740742603513095
106,2020-06-30,434.72,475.74,478.9,433.67,314164,40.5206,3.5418,0.08740739278293015
107,2020-07-01,472.76,459.79,475.39,457.51,204415,39.7655,3.4758,0.08740742603513095
108,2020-07-02,459.79,453.65,468.91,450.5,235492,40.8741,3.5727,0.0874074291544034
109,2020-07-03,457.86,448.04,458.91,437.7,192186,40.4242,3.5334,0.08740803775955987
110,2020-07-06,448.92,454.18,458.21,441.73,262316,41.4203,3.6205,0.08740883093555575
111,2020-07-07,455.58,475.92,484.51,448.22,274613,40.4242,3.5334,0.08740803775955987
112,2020-07-08,475.04,506.08,523.61,472.24,273058,38.689,3.3817,0.08740727338519992
113,2020-07-09,502.57,516.07,524.13,500.64,193444,40.0065,3.4969,0.08740829615187531
114,2020-07-10,515.02,507.3,536.06,504.67,188728,39.4763,3.4505,0.08740687450444949
115,2020-07-13,506.95,531.85,535.0,504.32,184337,41.6131,3.6373,0.08740757117350065
116,2020-07-14,536.41,518.52,539.56,507.48,167654,40.3439,3.5264,0.08740850537503812
117,2020-07-15,524.48,541.14,555.87,512.39,219969,36.6806,3.2062,0.08740860291271135
118,2020-07-16,540.44,509.41,540.61,503.45,160676,36.6967,3.2076,0.0874084045704382
119,2020-07-17,503.45,527.99,531.5,503.45,181950,35.8291,3.1317,0.08740660524545692
120,2020-07-20,530.09,523.61,532.02,504.67,166437,36.3754,3.1795,0.0874079735205661
121,2020-07-21,530.62,575.33,576.2,530.62,274434,36.536,3.1935,0.08740694109918982
122,2020-07-22,561.3,608.64,618.11,561.3,261964,38.0784,3.3283,0.08740650867683515
123,2020-07-23,601.1,614.07,624.24,596.37,214251,38.0784,3.3283,0.08740650867683515
124,2020-07-24,612.5,552.71,615.3,552.54,367428,37.7571,3.3003,0.0874087257760792
125,2020-07-27,553.41,561.3,574.63,547.28,190563,37.5,3.2778,0.087408
126,2020-07-28,565.51,562.18,572.87,538.86,158191,39.3317,3.4379,0.08740786693684738
127,2020-07-29,556.22,589.35,591.98,554.29,159896,38.5444,3.3691,0.08740828758522638
128,2020-07-30,600.75,574.45,600.75,573.57,168242,35.6684,3.1177,0.08740790167206829
129,2020-07-31,575.5,576.55,586.2,564.81,143691,37.5161,3.2792,0.0874078062485173
130,2020-08-03,581.64,591.98,597.94,565.68,186042,36.3111,3.1739,0.08740853347874342
131,2020-08-04,594.61,597.94,617.58,587.95,179696,35.7166,3.1219,0.08740753599166774
132,2020-08-05,587.07,640.9,656.68,578.13,261632,35.9897,3.1458,0.08740834183113502
133,2020-08-06,644.23,645.46,664.74,621.96,239869,35.7969,3.1289,0.0874070101042269
134,2020-08-07,638.09,623.72,655.62,598.64,183018,36.2468,3.1682,0.08740633655936525
135,2020-08-10,637.57,647.73,662.11,623.89,221905,37.1466,3.2469,0.08740773045177756
136,2020-08-11,640.37,663.86,692.62,640.37,224422,36.8895,3.2244,0.08740698572764609
137,2020-08-12,661.06,648.09,671.93,609.51,262802,37.002,3.2343,0.08740878871412355
138,2020-08-13,648.09,628.8,649.49,618.28,149582,36.9859,3.2329,0.08740898558639913
139,2020-08-14,628.62,639.49,650.19,624.94,132689,37.5161,3.2792,0.0874078062485173
140,2020-08-17,643.0,628.8,645.63,620.03,142336,35.0257,3.0615,0.08740724667886723
141,2020-08-18,627.75,657.38,665.44,626.87,212587,33.2584,2.907,0.08740648978904578
142,2020-08-19,660.36,640.72,660.36,631.96,139453,0.0,2.8794,inf
143,2020-08-20,645.1,648.44,672.28,635.81,170244,0.0,3.1095,inf
144,2020-08-21,645.98,665.62,668.25,645.98,135775,0.0,2.9362,inf
145,2020-08-24,669.12,665.27,669.12,627.05,198248,0.0,2.8821,inf
146,2020-08-25,658.25,660.01,668.6,640.72,156985,0.0,2.8405,inf
147,2020-08-26,655.97,629.68,655.97,623.72,189918,0.0,2.9501,inf
148,2020-08-27,626.17,612.14,634.94,595.49,180357,0.0,2.792,inf
149,2020-08-28,613.02,648.61,657.73,607.06,202121,0.0,2.817,inf
150,2020-08-31,648.79,655.27,676.31,648.09,161499,0.0,2.7851,inf
151,2020-09-01,651.59,652.82,665.97,642.83,96528,0.0,2.8198,inf
152,2020-09-02,659.31,645.46,661.94,640.72,72800,0.0,2.9334,inf
153,2020-09-03,644.75,631.96,651.42,628.45,85472,0.0,2.9639,inf
154,2020-09-04,620.38,628.8,632.48,614.95,79133,0.0,2.8225,inf
155,2020-09-07,628.27,601.45,628.27,597.94,141010,0.0,2.6492,inf
156,2020-09-08,608.99,594.79,611.62,581.29,125517,0.0,2.7172,inf
157,2020-09-09,587.95,560.42,591.28,551.66,171482,0.0,2.4704,inf
158,2020-09-11,525.36,565.86,577.78,525.36,155873,0.0,2.2819,inf
159,2020-09-14,565.86,556.92,566.56,546.05,142330,0.0,2.0739,inf
160,2020-09-15,556.92,570.07,571.47,552.01,87740,0.0,1.8854,inf
161,2020-09-16,567.96,566.56,600.57,562.18,112774,0.0,1.8549,inf
162,2020-09-17,568.84,552.18,570.77,545.52,78918,0.0,1.8424,inf
163,2020-09-18,552.01,568.49,570.94,545.52,106954,0.0,1.8105,inf
164,2020-09-21,567.61,568.84,576.73,563.23,59613,0.0,1.8757,inf
165,2020-09-22,562.18,556.92,581.99,553.94,76774,0.0,1.9159,inf
166,2020-09-23,563.23,575.15,587.95,553.24,117861,0.0,1.9297,inf
167,2020-09-24,579.71,567.09,581.46,564.98,55272,0.0,1.9575,inf
168,2020-09-25,566.04,557.97,572.87,556.57,47204,0.0,2.0199,inf
169,2020-09-28,558.5,546.57,565.51,543.24,41469,0.0,1.927,inf
170,2020-09-29,549.91,547.1,558.32,540.26,49009,0.0,2.0143,inf
171,2020-09-30,549.73,564.28,581.81,544.47,93021,0.0,2.0143,inf
172,2020-10-09,577.96,569.19,587.07,563.05,101702,0.0,1.9991,inf
173,2020-10-12,573.75,585.15,586.72,566.56,100353,0.0,2.0254,inf
174,2020-10-13,585.15,588.83,597.24,581.11,110743,0.0,1.9796,inf
175,2020-10-14,588.13,586.02,608.99,581.11,125570,0.0,1.9103,inf
176,2020-10-15,585.15,574.63,588.83,571.47,86351,0.0,1.9755,inf
177,2020-10-16,577.43,572.52,585.67,569.19,72819,0.0,1.9575,inf
178,2020-10-19,577.26,539.74,579.71,536.93,160946,0.0,2.0157,inf
179,2020-10-20,539.91,558.32,561.48,537.81,111806,0.0,2.0226,inf
180,2020-10-21,559.9,554.64,564.81,547.28,56379,0.0,2.0199,inf
181,2020-10-22,560.42,550.08,566.21,544.82,73853,0.0,2.0074,inf
182,2020-10-23,547.8,543.94,570.24,538.16,77909,0.0,1.9921,inf
183,2020-10-26,545.0,575.85,577.26,525.54,152129,0.0,2.0309,inf
184,2020-10-27,576.03,584.62,585.67,563.93,103041,0.0,2.0808,inf
185,2020-10-28,577.78,565.68,583.04,561.48,95870,0.0,2.0711,inf
186,2020-10-29,565.33,572.7,577.08,560.42,117509,0.0,2.1335,inf
187,2020-10-30,574.45,575.85,591.98,567.26,97953,0.0,2.1335,inf
188,2020-11-02,579.53,607.76,620.21,579.53,200051,0.0,2.2042,inf
189,2020-11-03,610.92,599.0,613.72,590.23,122081,0.0,2.1086,inf
190,2020-11-04,595.49,622.31,629.15,586.72,170618,0.0,2.2028,inf
191,2020-11-05,622.31,625.29,631.96,613.55,88742,0.0,2.4357,inf
192,2020-11-06,625.12,627.4,630.03,609.16,95862,0.0,2.2139,inf
193,2020-11-09,624.59,620.38,640.72,618.63,106003,0.0,2.0129,inf
194,2020-11-10,625.29,627.4,642.12,619.51,90933,0.0,1.9076,inf
195,2020-11-11,623.36,617.4,635.64,614.77,77030,0.0,2.0337,inf
196,2020-11-12,615.3,610.04,624.94,609.51,55866,0.0,2.1044,inf
197,2020-11-13,611.44,615.83,617.4,605.13,52726,0.0,2.1557,inf
198,2020-11-16,614.77,623.01,627.92,607.94,46361,0.0,2.1446,inf
199,2020-11-17,620.91,604.61,622.66,597.94,83681,0.0,2.0919,inf
200,2020-11-18,598.29,611.79,621.09,598.29,67102,0.0,2.1044,inf
201,2020-11-19,608.29,616.18,616.53,601.63,44302,0.0,2.0393,inf
202,2020-11-20,613.02,631.25,634.06,613.02,59163,0.0,2.0531,inf
203,2020-11-23,633.71,626.17,636.69,611.79,82118,0.0,2.0725,inf
204,2020-11-24,630.55,611.62,630.55,599.35,82849,0.0,2.0614,inf
205,2020-11-25,611.62,568.14,611.62,561.83,177196,0.0,2.0642,inf
206,2020-11-26,568.84,570.07,570.59,554.81,97963,0.0,2.0393,inf
207,2020-11-27,575.33,574.1,575.33,560.42,48720,0.0,2.0517,inf
208,2020-11-30,571.47,583.22,583.22,556.57,175772,0.0,2.0337,inf
209,2020-12-01,570.94,589.88,597.42,568.31,88087,0.0,1.963,inf
