,日期,开盘,收盘,最高,最低,成交量,pe,pb,roe
0,2020-01-03,168.36,170.11,170.98,168.24,520106,12.5465,1.8816,0.14997011118638665
1,2020-01-06,169.29,169.49,173.09,168.16,548877,12.0034,1.8001,0.14996584301114685
2,2020-01-07,170.7,169.14,172.23,168.94,347671,12.4515,1.8673,0.14996586756615668
3,2020-01-08,168.36,166.24,168.36,166.24,363234,12.2451,1.8363,0.14996202562657715
4,2020-01-09,167.93,168.16,168.55,166.91,303360,12.0658,1.8095,0.14996933481410268
5,2020-01-10,168.16,168.71,169.65,167.57,285931,12.1853,1.8274,0.14996758389206666
6,2020-01-13,169.65,168.94,169.65,167.57,327809,12.3293,1.849,0.14996796249584324
7,2020-01-14,169.1,167.81,171.01,167.38,335646,12.2342,1.8347,0.14996485262624445
8,2020-01-15,167.93,165.11,168.12,164.72,488599,12.1853,1.8274,0.14996758389206666
9,2020-01-16,165.5,164.48,166.01,163.7,453848,12.1527,1.8225,0.14996667407242836
10,2020-01-17,164.88,164.37,165.31,163.39,421357,11.9056,1.7854,0.14996304260180085
11,2020-01-20,165.5,165.85,167.18,164.64,585809,11.6775,1.7512,0.14996360522372085
12,2020-01-21,164.45,163.82,165.23,163.47,417202,11.5634,1.7341,0.14996454330041337
13,2020-01-22,163.47,163.94,165.03,161.32,531255,11.835,1.7749,0.1499704267004647
14,2020-01-23,162.8,159.99,163.47,158.58,787503,12.0441,1.8062,0.14996554329505732
15,2020-02-03,148.22,153.03,154.86,148.22,1131062,11.873,1.7806,0.14997052135096436
16,2020-02-04,153.07,154.28,154.79,151.66,1229677,11.6856,1.7525,0.14997090436092284
17,2020-02-05,154.24,154.32,154.9,152.25,802572,11.5363,1.7301,0.14997009439768383
18,2020-02-06,154.86,155.84,156.16,153.42,730702,11.6205,1.7427,0.1499677294436556
19,2020-02-07,153.3,154.55,154.71,152.95,675525,11.6585,1.7484,0.1499678346270961
20,2020-02-10,153.42,153.3,153.85,152.71,575042,11.1995,1.6796,0.14997098084735924
21,2020-02-11,154.08,155.14,156.23,153.5,557436,10.9307,1.6392,0.1499629483930581
22,2020-02-12,154.86,155.26,155.49,153.85,405390,10.8112,1.6776,0.15517241379310345
23,2020-02-13,154.98,153.97,155.06,153.69,422351,10.9144,1.6936,0.1551711500403137
24,2020-02-14,153.73,155.41,155.69,153.73,403397,10.8899,1.6898,0.1551713055216301
25,2020-02-17,155.37,157.48,157.48,154.4,669425,10.985,1.7046,0.1551752389622212
26,2020-02-18,156.82,155.65,156.82,155.26,516397,11.0312,1.7118,0.15517804046703895
27,2020-02-19,155.26,154.98,156.39,154.71,419521,11.1941,1.737,0.15517102759489373
28,2020-02-20,155.49,156.74,157.02,153.69,746006,11.1859,1.7358,0.1551775002458452
29,2020-02-21,156.43,155.41,156.55,154.75,730315,11.08,1.7193,0.15517148014440432
30,2020-02-24,154.83,153.11,155.61,153.03,798565,10.8546,1.6844,0.15517844968953254
31,2020-02-25,152.17,151.46,153.22,150.95,873734,10.8601,1.6852,0.155173525105662
32,2020-02-26,150.6,152.25,152.87,149.98,779705,10.803,1.6764,0.15517911691196887
33,2020-02-27,152.09,153.77,154.28,151.74,689379,10.5939,1.6439,0.1551742040230699
34,2020-02-28,152.32,149.78,153.61,149.78,835341,10.3332,1.6035,0.15517942166995702
35,2020-03-02,149.94,151.93,152.44,149.39,704291,10.2626,1.5925,0.15517510182604796
36,2020-03-03,152.64,151.42,153.3,150.64,686073,10.2002,1.5828,0.15517342797200054
37,2020-03-04,151.66,152.05,152.13,150.72,560886,9.8254,1.5247,0.15517943289840616
38,2020-03-05,152.87,157.72,158.07,152.13,1355413,9.7765,1.5171,0.15517823351915305
39,2020-03-06,156.19,154.51,156.9,154.51,670674,9.8607,1.5301,0.15517153954587404
40,2020-03-09,152.44,149.7,152.44,149.7,966592,10.116,1.5697,0.1551700276789245
41,2020-03-10,149.74,151.66,152.68,149.31,668298,10.097,1.5668,0.15517480439734574
42,2020-03-11,151.97,150.76,152.87,150.6,566551,10.0644,1.5617,0.15517070068757205
43,2020-03-12,150.45,149.63,151.31,149.08,619180,10.1839,1.5803,0.15517630770137178
44,2020-03-13,144.31,146.69,147.28,142.74,1140958,10.2871,1.5963,0.15517492782222395
45,2020-03-16,146.61,139.89,146.61,139.77,1066027,10.4826,1.6266,0.15517142693606548
46,2020-03-17,139.81,140.12,143.56,137.7,843441,10.5885,1.6431,0.1551777872219861
47,2020-03-18,140.71,136.56,142.27,136.33,824317,10.2843,1.5959,0.15517828145814494
48,2020-03-19,135.24,130.66,135.24,128.31,1559457,10.3359,1.6039,0.15517758492245476
49,2020-03-20,132.58,137.43,137.7,132.58,1343153,10.2925,1.5971,0.1551712411950449
50,2020-03-23,133.4,133.98,135.35,132.89,928971,10.1431,1.574,0.15517938302885706
51,2020-03-24,137.86,139.26,139.81,136.53,825359,10.1132,1.5693,0.15517343669659453
52,2020-03-25,142.08,143.1,143.84,141.84,809527,10.2382,1.5887,0.155173761012678
53,2020-03-26,141.57,143.99,146.73,141.41,694636,10.211,1.5845,0.15517579081382823
54,2020-03-27,145.56,143.99,146.38,143.06,581775,10.2083,1.5841,0.15517764955967203
55,2020-03-30,141.88,143.72,143.99,140.4,477494,9.991,1.5504,0.15517966169552597
56,2020-03-31,144.78,142.27,145.01,141.8,377540,9.9938,1.5508,0.15517620924973483
57,2020-04-01,141.65,141.69,143.72,141.18,358143,10.0426,1.5584,0.15517893772529026
58,2020-04-02,140.2,142.51,142.51,140.05,289601,10.1024,1.6511,0.1634364111498258
59,2020-04-03,141.18,141.77,142.43,141.14,251618,10.1621,1.7668,0.1738617018136015
60,2020-04-07,144.46,143.21,144.62,142.74,431844,10.2355,1.6454,0.1607542377021152
61,2020-04-08,143.13,142.04,143.13,141.65,318134,10.4418,1.6786,0.16075772376410197
62,2020-04-09,142.31,142.35,142.55,141.61,286646,10.0209,1.6109,0.16075402408965264
63,2020-04-10,142.78,141.57,143.37,140.83,437432,10.1105,1.6253,0.16075367192522624
64,2020-04-13,140.87,140.91,141.96,140.48,230555,10.2056,1.6406,0.16075487967390453
65,2020-04-14,141.88,143.96,143.96,141.49,427079,10.1839,1.6371,0.16075373874448887
66,2020-04-15,143.49,142.82,143.64,142.43,237838,10.2572,1.6489,0.16075537183636862
67,2020-04-16,141.96,141.57,142.78,141.02,295000,10.1893,1.638,0.1607568724053664
68,2020-04-17,142.94,144.54,145.87,142.51,697952,10.4147,1.6742,0.16075355027029103
69,2020-04-20,144.66,144.7,145.4,143.33,336024,10.5505,1.696,0.1607506753234444
70,2020-04-21,144.7,143.72,145.25,143.45,328715,10.6048,1.7047,0.16074796318648163
71,2020-04-22,142.94,144.03,144.11,142.47,279435,10.3196,1.6589,0.16075235474243188
72,2020-04-23,144.39,143.88,144.93,143.72,246146,10.1377,1.6297,0.16075638458427452
73,2020-04-24,143.99,143.17,143.99,142.78,222598,10.2626,1.6497,0.1607487381365346
74,2020-04-27,144.11,147.36,148.92,143.99,653415,10.1947,1.6388,0.16075019372811364
75,2020-04-28,147.44,148.45,148.61,146.26,366511,10.0481,1.6153,0.16075675998447467
76,2020-04-29,148.61,152.99,153.3,148.57,658766,9.9422,1.5982,0.16074912997123375
77,2020-04-30,153.5,153.26,157.02,153.11,715332,10.0535,1.6161,0.16074998756651915
78,2020-05-06,151.07,151.46,152.05,149.7,501736,9.858,1.5847,0.160752688172043
79,2020-05-07,151.35,150.76,151.42,149.2,299485,9.9612,1.6013,0.16075372445086938
80,2020-05-08,152.01,152.79,153.61,151.15,392155,9.5049,1.5279,0.16074866647729066
81,2020-05-11,152.83,152.75,154.79,152.44,295848,9.4506,1.5192,0.16075169830486954
82,2020-05-12,152.87,151.31,153.07,150.72,349634,9.3854,1.5087,0.16074967502716983
83,2020-05-13,150.56,151.11,151.66,149.39,279835,9.5239,1.531,0.160753472842008
84,2020-05-14,150.52,148.73,150.64,148.22,420630,9.3909,1.5096,0.16075136568380027
85,2020-05-15,149.74,148.41,150.02,147.83,361928,9.3013,1.4952,0.16075172287744727
86,2020-05-18,147.51,148.22,150.17,147.08,363701,9.3963,1.5105,0.16075476517352574
87,2020-05-19,150.56,150.06,150.88,149.23,264304,9.6679,1.5541,0.16074845623144635
88,2020-05-20,150.06,151.66,153.03,149.39,380518,9.896,1.5908,0.160751818916734
89,2020-05-21,152.56,151.85,153.61,151.58,362527,10.0046,1.6083,0.16075605221598066
90,2020-05-22,150.92,147.55,151.7,147.47,423964,10.1214,1.627,0.16074851305155413
91,2020-05-25,148.69,145.44,148.76,144.7,432649,9.7982,1.5751,0.16075401604376313
92,2020-05-26,146.26,146.77,147.01,145.44,322461,9.6679,1.5541,0.16074845623144635
93,2020-05-27,147.32,146.77,148.92,146.03,320833,9.7385,1.5655,0.16075370950351694
94,2020-05-28,147.36,149.86,151.74,146.77,693623,9.915,1.5939,0.16075642965204237
95,2020-05-29,148.45,148.3,149.51,147.83,372375,10.1295,1.6283,0.16074830939335605
96,2020-06-01,149.59,152.21,152.79,149.39,488237,10.116,1.6262,0.16075523922499013
97,2020-06-02,151.15,153.07,153.93,151.11,492957,10.8383,1.6556,0.15275458328335623
98,2020-06-03,154.67,153.77,156.82,152.99,610187,10.9986,1.68,0.15274671321804592
99,2020-06-04,154.86,153.5,155.06,153.18,257561,11.1506,1.7033,0.15275411188635588
100,2020-06-05,154.08,153.85,154.75,152.17,327173,10.9741,1.6763,0.15275056724469432
101,2020-06-08,155.06,155.53,157.56,154.86,501810,9.9775,1.5241,0.1527536958155851
102,2020-06-09,155.3,154.98,155.61,153.93,300931,9.5864,1.4643,0.1527476424935325
103,2020-06-10,155.41,154.24,155.45,153.61,272731,9.4479,1.4432,0.15275352194667596
104,2020-06-11,153.73,150.84,154.16,150.21,588927,9.1573,1.3988,0.15275244886593212
105,2020-06-12,148.96,150.95,150.95,147.83,546616,9.1356,1.3955,0.15275406103594727
106,2020-06-15,149.16,147.32,149.7,146.89,654343,9.2062,1.4063,0.15275575155873217
107,2020-06-16,149.0,149.55,149.7,148.26,381631,9.0568,1.3834,0.1527471071460118
108,2020-06-17,149.0,149.78,150.21,148.33,306278,9.0976,1.3897,0.15275457263454098
109,2020-06-18,148.53,148.57,149.23,145.17,922939,9.1953,1.4046,0.1527519493654367
110,2020-06-19,148.22,148.45,150.33,147.44,679496,9.2035,1.4058,0.15274623784429836
111,2020-06-22,147.67,147.04,148.41,146.38,595815,9.2877,1.4187,0.15275041183500762
112,2020-06-23,146.26,146.46,147.2,145.52,452529,9.2714,1.4162,0.15274931509804343
113,2020-06-24,147.12,148.61,148.84,147.08,479891,9.1166,1.3926,0.15275431630213018
114,2020-06-29,149.66,147.59,150.17,147.01,567297,9.3691,1.4311,0.15274679531651922
115,2020-06-30,148.41,147.9,148.84,147.59,391568,9.361,1.4299,0.1527507744899049
116,2020-07-01,148.18,152.09,152.13,147.47,799096,9.5973,1.466,0.1527512946349494
117,2020-07-02,151.54,154.08,154.75,150.17,1245178,9.6489,1.4739,0.1527531635730498
118,2020-07-03,154.47,159.71,159.79,154.28,1535704,9.6869,1.4797,0.1527526866180099
119,2020-07-06,161.43,174.06,174.06,161.43,1874929,9.5701,1.4618,0.1527465752708958
120,2020-07-07,179.5,176.61,185.36,174.42,2016338,9.5457,1.4581,0.15274940549147784
121,2020-07-08,175.98,174.42,179.77,172.34,1827039,9.5647,1.461,0.15274917143245476
122,2020-07-09,174.46,172.11,174.89,170.62,1693236,9.5158,1.4535,0.15274595935181487
123,2020-07-10,172.11,166.4,173.24,165.62,1528159,9.4561,1.4444,0.15274796163323145
124,2020-07-13,165.46,166.6,169.33,164.13,1634064,9.1845,1.4029,0.15274647503946867
125,2020-07-14,165.7,163.51,167.06,162.41,1310866,9.2931,1.4195,0.15274773756873378
126,2020-07-15,165.38,160.96,165.5,160.34,1341142,9.0786,1.3868,0.152754830039874
127,2020-07-16,161.71,159.95,163.78,159.91,1429523,9.0786,1.3868,0.152754830039874
128,2020-07-17,161.0,161.83,162.29,158.81,1169918,8.9862,1.3727,0.15275644877701364
129,2020-07-20,161.9,166.48,167.18,160.93,1594157,9.1329,1.3951,0.152755422702537
130,2020-07-21,166.48,164.8,167.14,163.55,831621,9.4316,1.4407,0.15275244921328301
131,2020-07-22,164.56,163.23,165.81,162.53,998812,9.418,1.4386,0.152750053089828
132,2020-07-23,162.22,159.95,163.12,158.58,1197076,9.3067,1.4216,0.15275016923291823
133,2020-07-24,159.56,156.04,160.73,154.2,1304194,9.179,1.4021,0.1527508443185532
134,2020-07-27,157.37,154.67,157.48,153.73,893469,9.1926,1.4042,0.15275330156865302
135,2020-07-28,156.27,155.96,157.13,154.51,780351,9.2144,1.4075,0.15275004341031428
136,2020-07-29,155.65,157.88,158.97,154.59,969131,9.38,1.4328,0.15275053304904052
137,2020-07-30,157.8,155.88,158.27,155.57,798879,9.3936,1.4349,0.1527529381706694
138,2020-07-31,156.04,156.82,158.97,155.61,989895,9.4941,1.4502,0.15274749581318925
139,2020-08-03,158.38,157.6,159.13,156.74,1021858,9.4968,1.4506,0.15274618818970598
140,2020-08-04,158.15,164.17,166.01,157.6,2354404,9.3556,1.4291,0.15275343110008976
141,2020-08-05,163.08,162.69,164.09,160.77,1060660,9.4045,1.4365,0.15274602583869423
142,2020-08-06,163.19,165.5,166.71,162.84,1252429,9.5294,1.4556,0.15274833672634164
143,2020-08-07,164.95,163.9,164.95,162.29,897954,9.5104,1.53,0.1608765141318977
144,2020-08-10,164.25,165.42,167.03,161.08,1224481,9.1953,1.4794,0.16088653986275597
145,2020-08-11,166.01,167.53,172.46,166.01,1736383,9.1193,1.4671,0.16087857620650708
146,2020-08-12,168.47,168.51,170.35,165.54,930037,8.8287,1.4204,0.16088438841505545
147,2020-08-13,168.75,166.71,170.0,166.67,640487,8.8776,1.4282,0.1608768135532126
148,2020-08-14,166.71,169.33,169.65,166.44,670657,8.8885,1.43,0.16088203858918826
149,2020-08-17,169.57,173.44,175.32,169.57,1483090,8.8667,1.4265,0.1608828538238578
150,2020-08-18,173.24,172.66,173.87,171.41,573661,8.9346,1.4374,0.16088017370671323
151,2020-08-19,172.62,170.7,173.56,170.7,563937,8.9238,1.4357,0.16088437661086083
152,2020-08-20,170.15,167.46,170.23,165.93,734408,8.7174,1.4025,0.1608851262991259
153,2020-08-21,169.33,168.43,169.37,167.22,561254,8.8043,1.4165,0.16088729370875596
154,2020-08-24,169.65,167.38,170.55,166.87,620989,8.883,1.4291,0.1608803332207588
155,2020-08-25,168.55,167.69,170.11,167.06,545246,8.6712,1.395,0.1608773872128425
156,2020-08-26,168.16,166.32,168.9,165.46,627000,8.7174,1.4025,0.1608851262991259
157,2020-08-27,166.32,165.03,166.56,163.12,574815,8.7717,1.4112,0.16088101508259517
158,2020-08-28,164.84,171.09,171.09,163.86,1182942,8.75,1.4077,0.16088
159,2020-08-31,171.29,168.12,173.24,167.57,1190314,8.8314,1.4208,0.16088049459881784
160,2020-09-01,167.22,167.06,168.16,165.46,712759,8.731,1.4047,0.16088649639216585
161,2020-09-02,167.34,166.2,167.69,164.64,797221,8.7826,1.413,0.16088629790722564
162,2020-09-03,165.89,165.34,167.1,164.48,640480,8.7255,1.4038,0.16088476305082802
163,2020-09-04,163.98,164.64,164.99,162.88,485437,8.7663,1.4103,0.16087745114814692
164,2020-09-07,164.64,164.6,167.69,164.21,616139,8.8667,1.4265,0.1608828538238578
165,2020-09-08,166.13,167.73,167.85,165.5,683545,8.8858,1.4296,0.1608859078529789
166,2020-09-09,166.48,167.77,169.14,166.05,605433,8.8858,1.4296,0.1608859078529789
167,2020-09-10,168.86,168.16,168.98,166.87,550146,8.8233,1.4195,0.16088084956875545
168,2020-09-11,168.82,166.36,168.86,165.5,553105,8.5572,1.3767,0.1608820642266162
169,2020-09-14,166.99,166.79,167.69,165.7,460240,8.1905,1.3177,0.16088150906538062
170,2020-09-15,166.44,168.94,169.68,166.32,530805,9.7173,1.2803,0.13175470552519733
171,2020-09-16,169.18,169.57,170.51,168.47,478875,9.1757,1.209,0.13176106455093345
172,2020-09-17,169.72,168.82,171.17,168.75,557714,9.6484,1.2713,0.13176277932092367
173,2020-09-18,168.75,173.2,173.2,168.55,1081692,9.9333,1.3088,0.13175883140547454
174,2020-09-21,173.24,171.68,173.75,171.68,501521,9.9145,1.3063,0.13175651823087398
175,2020-09-22,171.29,168.86,171.68,168.32,583117,10.4592,1.3781,0.1317595992045281
176,2020-09-23,168.63,167.38,169.53,166.99,430760,10.694,1.409,0.1317561249298672
177,2020-09-24,166.79,165.66,166.79,165.03,540280,10.7848,1.421,0.13175951338921443
178,2020-09-25,165.81,166.13,166.99,165.74,352252,10.8568,1.4305,0.1317607398128362
179,2020-09-28,166.2,166.4,167.96,165.62,353245,10.7003,1.4099,0.13176266085997587
180,2020-09-29,166.79,162.72,167.18,162.57,796689,11.0853,1.4606,0.1317600786627335
181,2020-09-30,162.69,161.51,163.74,160.73,654661,11.342,1.4944,0.13175806736025392
182,2020-10-09,163.08,162.22,164.64,162.02,494724,10.8881,1.4346,0.13175852536255178
183,2020-10-12,163.08,167.61,167.96,162.69,998646,10.838,1.428,0.13175862705296182
184,2020-10-13,167.3,168.51,169.37,165.93,511416,10.8787,1.4334,0.13176206715875977
185,2020-10-14,168.55,169.53,169.72,166.95,642940,10.7065,1.4107,0.13176107971792836
186,2020-10-15,169.88,173.28,174.14,169.53,1196657,11.0259,1.4528,0.13176248650903782
187,2020-10-16,172.89,176.29,177.94,172.77,1105896,10.9038,1.4367,0.13176140428107633
188,2020-10-19,178.29,177.11,183.21,176.72,981547,10.8412,1.4284,0.1317566321071468
189,2020-10-20,177.15,177.04,178.37,175.98,424368,10.9726,1.4457,0.13175546360935422
190,2020-10-21,177.39,180.28,180.56,177.11,541856,11.1573,1.4701,0.13176126840723115
191,2020-10-22,181.06,181.81,184.97,178.44,644975,11.2638,1.4841,0.13175837639162627
192,2020-10-23,180.71,181.92,185.36,180.52,551834,11.1229,1.4655,0.1317552077246042
193,2020-10-26,183.64,179.58,183.64,177.47,504540,11.1761,1.4726,0.13176331636259517
194,2020-10-27,179.58,178.91,182.04,178.44,458832,11.3233,1.4919,0.13175487711179604
195,2020-10-28,179.62,177.54,181.38,175.63,693557,11.1573,1.4701,0.13176126840723115
196,2020-10-29,176.18,177.9,180.52,175.86,523070,11.0415,1.4548,0.13175746048996967
197,2020-10-30,179.11,176.41,181.65,175.51,438423,11.1448,1.4684,0.13175651424879764
198,2020-11-02,179.07,178.13,179.89,173.95,516928,11.1354,1.4672,0.1317599726996785
199,2020-11-03,179.89,182.0,185.36,179.89,870690,10.9883,1.4478,0.13175832476361218
200,2020-11-04,185.44,188.61,189.24,182.55,884501,11.0885,1.461,0.13175812779005278
201,2020-11-05,189.28,188.06,191.66,186.46,680487,11.1918,1.4746,0.1317571793634625
202,2020-11-06,188.1,186.85,188.3,185.33,463645,11.0697,1.4585,0.13175605481630034
203,2020-11-09,188.85,189.0,190.72,187.32,497142,11.0666,1.4581,0.1317568178121555
204,2020-11-10,191.9,191.7,194.28,190.45,562079,10.9664,1.4449,0.1317570032098045
205,2020-11-11,192.79,194.16,194.16,190.88,526970,11.5236,1.5183,0.1317557013433302
206,2020-11-12,192.79,191.15,194.52,190.25,471594,11.8398,1.56,0.1317589824152435
207,2020-11-13,189.67,187.24,189.67,184.23,544863,11.8304,1.5588,0.13176223965377334
208,2020-11-16,188.69,188.88,189.28,187.52,389432,11.9932,1.5802,0.13175799619784545
209,2020-11-17,188.88,192.17,192.79,188.1,472856,11.8742,1.701,0.14325175590776643
210,2020-11-18,191.23,195.73,196.7,190.49,628202,11.8836,1.7024,0.14325625231411357
211,2020-11-19,194.87,196.2,196.7,192.76,477342,11.9337,1.7095,0.14324978841432245
212,2020-11-20,195.77,196.9,197.88,194.79,314688,12.1497,1.7405,0.14325456595636107
213,2020-11-23,196.9,198.27,198.97,196.0,584621,12.2405,1.7535,0.14325395204444263
214,2020-11-24,196.7,196.2,197.88,194.87,399467,12.2217,1.7508,0.1432533935540882
215,2020-11-25,198.74,194.48,198.93,193.46,378072,12.1779,1.7445,0.1432512994851329
216,2020-11-26,194.63,197.06,198.19,194.63,351534,12.0245,1.7226,0.14325751590502722
217,2020-11-27,198.27,200.03,200.5,195.53,446078,12.2562,1.7557,0.1432499469656174
218,2020-11-30,200.03,193.58,207.54,192.91,1153602,12.2843,1.7598,0.14325602598438658
219,2020-12-01,194.36,201.4,202.77,194.32,780728,12.3344,1.7669,0.14324977299260602
