,日期,开盘,收盘,最高,最低,成交量,pe,pb,roe
0,2020-01-03,297.29,290.49,297.29,287.33,1074824,7.3837,1.4199,0.19230196243075964
1,2020-01-06,288.12,286.22,288.28,284.16,1263365,7.3709,1.4174,0.19229673445576526
2,2020-01-07,286.85,287.96,288.43,284.64,855225,7.4479,1.4322,0.19229581492769773
3,2020-01-08,284.95,283.69,285.43,281.95,882805,7.2296,1.3903,0.19230662830585374
4,2020-01-09,294.13,295.71,297.61,290.65,1946177,7.2039,1.3853,0.1922986160274296
5,2020-01-10,296.03,291.6,296.66,289.7,956771,7.1825,1.3812,0.19230073094326489
6,2020-01-13,292.71,298.87,299.51,292.39,901699,7.2596,1.396,0.19229709625874702
7,2020-01-14,299.19,296.82,300.62,295.55,598866,7.2596,1.396,0.19229709625874702
8,2020-01-15,296.82,293.34,298.08,292.23,549853,7.2724,1.3985,0.19230240360816236
9,2020-01-16,293.81,291.76,295.71,291.12,623516,7.1611,1.3771,0.19230285849939255
10,2020-01-17,292.86,293.18,294.92,291.12,470332,7.0884,1.3631,0.19230009593138084
11,2020-01-20,293.18,290.97,293.97,288.12,584888,6.8444,1.3162,0.19230319677400504
12,2020-01-21,288.43,282.58,289.38,282.27,910108,6.7545,1.2989,0.19230142867717817
13,2020-01-22,282.42,289.23,289.86,279.89,962109,6.9642,1.3393,0.19231211050802677
14,2020-01-23,285.11,280.68,287.33,279.1,821771,7.0199,1.35,0.1923104317725324
15,2020-02-03,258.06,259.33,263.44,256.48,1820510,6.9,1.3269,0.19230434782608694
16,2020-02-04,261.23,264.55,265.66,257.43,1119868,6.9296,1.3326,0.19230547217732627
17,2020-02-05,262.81,267.24,269.45,260.91,1169010,6.9167,1.3301,0.19230268769789063
18,2020-02-06,268.98,268.35,270.4,264.39,1039266,6.814,1.3104,0.19230995010272967
19,2020-02-07,265.5,265.97,267.55,262.81,688732,6.6514,1.2791,0.19230537931863967
20,2020-02-10,262.65,272.77,275.46,261.7,1112296,6.6642,1.2816,0.19231115512739713
21,2020-02-11,270.88,274.99,279.42,270.72,849948,6.63,1.275,0.1923076923076923
22,2020-02-12,272.77,274.04,276.73,271.51,648116,6.5743,1.2643,0.19230944739363887
23,2020-02-13,277.36,281.63,284.64,277.2,1099935,6.7455,1.3217,0.19593803276258248
24,2020-02-14,282.58,289.7,290.49,281.63,953060,6.7284,1.3183,0.1959306818857381
25,2020-02-17,291.76,287.17,292.86,284.01,987224,6.8696,1.346,0.19593571678118085
26,2020-02-18,284.32,283.37,286.85,281.95,758721,7.0366,1.3787,0.19593269476735925
27,2020-02-19,282.74,283.06,285.59,280.53,580113,7.0195,1.3753,0.19592563572904054
28,2020-02-20,281.95,285.59,285.9,281.79,829784,6.9767,1.367,0.19593790760674817
29,2020-02-21,284.95,280.68,285.59,278.63,844023,6.9381,1.3594,0.19593260402703908
30,2020-02-24,279.89,276.89,280.37,273.09,842405,6.9124,1.3544,0.1959377350847752
31,2020-02-25,276.25,279.58,283.85,275.94,957682,6.9724,1.3661,0.1959296655384086
32,2020-02-26,277.05,291.12,298.56,275.94,2141587,6.9381,1.3594,0.19593260402703908
33,2020-02-27,291.91,288.59,293.65,286.85,990615,6.8996,1.3519,0.19593889500840628
34,2020-02-28,286.54,294.29,298.72,285.27,1609630,6.8996,1.3519,0.19593889500840628
35,2020-03-02,297.77,302.2,307.26,297.61,1793905,6.9381,1.3594,0.19593260402703908
36,2020-03-03,303.78,300.93,305.52,295.08,1471337,7.0323,1.3779,0.1959387398148543
37,2020-03-04,303.15,304.1,312.64,297.77,1609721,6.8739,1.3468,0.19592953054306872
38,2020-03-05,302.36,307.73,309.79,299.19,1148836,6.8012,1.3326,0.19593601129212493
39,2020-03-06,304.1,299.03,305.52,297.61,875206,6.8782,1.3477,0.19593789072722514
40,2020-03-09,294.29,293.97,297.29,288.75,847580,6.9124,1.3544,0.1959377350847752
41,2020-03-10,295.87,297.45,300.77,290.49,711188,6.8012,1.3326,0.19593601129212493
42,2020-03-11,298.4,295.24,301.72,294.13,746382,7.0066,1.3728,0.19592955213655697
43,2020-03-12,293.02,297.45,299.82,290.17,709346,7.1393,1.3988,0.1959295729273178
44,2020-03-13,285.43,293.02,295.24,281.79,917554,7.2078,1.4144,0.19623185992952083
45,2020-03-16,292.23,280.05,292.39,278.94,1006589,7.3062,1.4337,0.19623059866962306
46,2020-03-17,279.42,276.89,284.64,273.57,875327,7.4261,1.4572,0.1962268216156529
47,2020-03-18,276.41,266.29,278.79,265.97,918667,7.1027,1.3938,0.1962352344882932
48,2020-03-19,263.13,259.65,267.55,250.15,1040890,7.1881,1.4106,0.19624100944616799
49,2020-03-20,262.49,267.4,269.14,258.06,643167,7.1113,1.3955,0.19623697495535275
50,2020-03-23,259.33,260.91,263.6,256.48,523403,7.0643,1.3863,0.19624025027249692
51,2020-03-24,264.55,267.87,270.09,262.81,547285,7.0771,1.3888,0.19623857229656216
52,2020-03-25,271.83,278.15,279.89,268.19,916587,7.1582,1.4047,0.19623648403229862
53,2020-03-26,273.09,277.36,279.73,272.62,608704,7.0003,1.3737,0.19623444709512447
54,2020-03-27,280.68,279.42,283.37,277.05,709914,7.0899,1.3913,0.19623690037941297
55,2020-03-30,276.89,278.63,282.9,274.99,788986,7.0899,1.3913,0.19623690037941297
56,2020-03-31,280.21,273.41,281.0,270.72,695372,7.0302,1.3796,0.19623908281414468
57,2020-04-01,273.88,274.99,280.68,272.14,583736,7.0003,1.3737,0.19623444709512447
58,2020-04-02,273.88,276.89,276.89,272.62,394513,6.9448,1.3628,0.19623315286257345
59,2020-04-03,274.83,275.94,277.99,274.2,333922,6.9192,1.3578,0.19623655913978494
60,2020-04-07,280.21,277.99,280.53,276.1,642316,6.8722,1.3486,0.1962399231687087
61,2020-04-08,276.89,278.15,279.26,274.99,418136,7.0302,1.3796,0.19623908281414468
62,2020-04-09,278.31,274.51,278.31,272.93,386593,6.9149,1.3569,0.19622843425067607
63,2020-04-10,273.88,270.56,278.15,268.82,665538,7.1027,1.3938,0.1962352344882932
64,2020-04-13,270.56,276.57,277.84,269.29,479215,7.0601,1.3046,0.1847849180606507
65,2020-04-14,278.63,284.8,288.59,277.36,824339,7.0344,1.2999,0.1847918799044695
66,2020-04-15,283.37,280.21,285.11,278.79,442485,7.0686,1.3062,0.18478906714200832
67,2020-04-16,284.95,287.49,290.17,282.74,838854,7.107,1.3133,0.18478964401294495
68,2020-04-17,289.38,288.43,289.54,286.06,511058,7.1369,1.3188,0.18478611161708866
69,2020-04-20,288.43,289.38,290.02,280.68,669331,7.2393,1.3378,0.18479687262580638
70,2020-04-21,289.7,290.17,293.97,286.69,721011,7.4314,1.3733,0.18479694270258631
71,2020-04-22,288.91,290.49,290.49,284.95,459005,7.2649,1.3425,0.18479263307134303
72,2020-04-23,290.49,289.54,291.91,286.22,500669,7.0515,1.3031,0.1847975608026661
73,2020-04-24,289.07,288.75,289.7,286.85,342608,7.0643,1.3054,0.1847883017425647
74,2020-04-27,288.75,289.86,295.08,288.43,435573,6.9363,1.2818,0.18479592866513847
75,2020-04-28,290.81,293.65,296.82,290.17,517666,6.9448,1.2833,0.18478573897016476
76,2020-04-29,292.86,299.35,301.72,292.86,507074,6.7314,1.2439,0.18479068247318536
77,2020-04-30,299.51,295.08,299.82,293.65,597304,6.7869,1.2542,0.18479718280805668
78,2020-05-06,291.44,289.23,293.02,286.06,915526,6.7399,1.2455,0.18479502663244263
79,2020-05-07,287.49,286.85,290.02,286.22,492959,6.9277,1.2802,0.1847943761998932
80,2020-05-08,288.75,289.54,290.17,286.38,637561,6.7783,1.2526,0.18479559771624154
81,2020-05-11,289.38,287.33,290.65,286.85,587482,6.6588,1.2305,0.1847930558058509
82,2020-05-12,287.64,287.17,288.59,285.75,439948,6.6247,1.2242,0.18479327365767506
83,2020-05-13,286.69,286.38,287.33,283.69,457082,6.7442,1.2463,0.18479582456036298
84,2020-05-14,285.11,281.0,286.38,279.73,572642,6.7015,1.2384,0.18479444900395434
85,2020-05-15,281.79,279.58,282.74,276.89,550221,6.6247,1.2242,0.18479327365767506
86,2020-05-18,280.53,282.74,284.32,279.58,512259,6.7741,1.2518,0.184792075700093
87,2020-05-19,286.54,281.0,286.54,280.21,424139,6.9363,1.2818,0.18479592866513847
88,2020-05-20,280.37,279.73,282.58,277.84,376923,7.0601,1.3046,0.1847849180606507
89,2020-05-21,281.16,276.25,281.47,275.31,383279,7.0899,1.3102,0.18479809306196138
90,2020-05-22,276.73,271.51,276.73,271.51,486626,7.2009,1.3307,0.1847963449013318
91,2020-05-25,273.88,279.42,279.58,272.62,521357,6.8594,1.2676,0.18479750415488236
92,2020-05-26,281.47,280.37,281.63,277.99,331279,6.8893,1.2731,0.18479381069194256
93,2020-05-27,280.37,281.63,282.58,278.94,355443,7.0216,1.2975,0.18478694314686112
94,2020-05-28,281.63,283.21,287.33,281.16,725713,7.2265,1.3354,0.1847920846883
95,2020-05-29,284.48,278.31,284.8,277.2,595728,7.3887,1.3654,0.18479570154424999
96,2020-06-01,280.21,285.27,285.9,279.1,524767,7.4442,1.3756,0.18478815722307299
97,2020-06-02,283.69,291.76,293.02,283.37,722984,7.7387,1.4301,0.18479848036491917
98,2020-06-03,293.65,292.39,300.77,292.23,773456,7.5936,1.4032,0.18478718921196796
99,2020-06-04,295.08,289.86,295.87,287.64,482214,7.5381,1.393,0.18479457688276887
100,2020-06-05,289.86,286.22,289.86,283.37,637147,7.679,1.419,0.18478968615705169
101,2020-06-08,287.01,287.01,290.65,285.43,629105,6.979,1.2897,0.18479724888952573
102,2020-06-09,287.01,287.64,291.12,286.22,548815,6.9875,1.2912,0.18478711985688728
103,2020-06-10,287.64,282.58,287.64,281.79,685705,6.7869,1.2542,0.18479718280805668
104,2020-06-11,282.11,278.15,282.58,277.52,649192,6.3088,1.1659,0.1848053512553893
105,2020-06-12,275.78,278.94,280.05,274.99,586457,6.2021,1.1462,0.18480837135808842
106,2020-06-15,276.41,277.99,281.32,275.94,485108,6.2917,1.1627,0.18479902093233946
107,2020-06-16,281.16,281.0,282.42,279.42,431031,6.1074,1.1287,0.18480859285456988
108,2020-06-17,280.21,278.31,281.0,276.57,492703,6.1629,1.1389,0.18479936393580945
109,2020-06-18,280.05,282.27,283.06,279.42,579451,6.2141,1.1484,0.18480552292367358
110,2020-06-19,282.27,281.47,282.42,278.47,902116,6.2354,1.1523,0.18479969208070052
111,2020-06-22,279.89,279.58,281.63,278.94,590733,6.1287,1.1326,0.1848026498278591
112,2020-06-23,278.94,277.52,280.21,276.89,542774,6.2013,1.146,0.18479996129843743
113,2020-06-24,278.47,284.32,284.48,277.84,1042670,6.1202,1.131,0.18479788242214307
114,2020-06-29,283.06,281.0,283.37,278.47,560535,6.1458,1.1358,0.18480913794786683
115,2020-06-30,281.63,284.95,284.95,280.21,611628,6.1245,1.1318,0.18479875908237406
116,2020-07-01,285.43,302.67,308.37,283.85,2152274,6.244,1.1539,0.18480140935297887
117,2020-07-02,304.57,310.11,313.59,303.3,1820543,6.3805,1.1791,0.18479742966852128
118,2020-07-03,310.9,309.79,318.33,303.15,1670760,6.3635,1.176,0.18480396008485894
119,2020-07-06,315.8,335.73,335.73,315.8,2218365,6.3421,1.1721,0.1848126015042336
120,2020-07-07,343.32,330.51,346.96,328.77,1661575,6.4403,1.1902,0.18480505566510877
121,2020-07-08,331.14,332.57,337.31,326.4,1247970,6.5086,1.2028,0.18480164705159327
122,2020-07-09,335.73,337.95,338.9,326.08,1321336,6.4915,1.1997,0.18481090657013016
123,2020-07-10,331.62,327.03,335.57,323.87,1318418,6.3165,1.1673,0.18480170980764665
124,2020-07-13,324.82,324.98,329.72,317.7,1234972,6.1287,1.1326,0.1848026498278591
125,2020-07-14,323.24,318.96,326.4,313.43,1362884,6.611,1.2792,0.1934956890031765
126,2020-07-15,321.02,311.37,323.71,310.9,1089905,6.5683,1.2709,0.19348994412557283
127,2020-07-16,313.43,306.47,317.38,306.15,1207633,6.5342,1.2643,0.19348963912950323
128,2020-07-17,308.21,305.36,310.9,301.09,999752,6.5086,1.2594,0.19349783363549766
129,2020-07-20,307.89,318.02,321.18,305.84,1341740,6.2952,1.2181,0.19349663235481
130,2020-07-21,317.7,313.9,318.96,311.37,971633,6.4232,1.2429,0.1935016814049072
131,2020-07-22,312.32,312.8,318.33,311.21,1047300,6.5171,1.261,0.19349096990992926
132,2020-07-23,309.32,308.21,311.85,303.62,823223,6.5513,1.2676,0.19348831529620075
133,2020-07-24,307.73,302.2,312.8,299.51,933234,6.5982,1.2767,0.1934921645297202
134,2020-07-27,304.57,296.66,305.04,294.13,918235,6.5128,1.2602,0.19349588502640952
135,2020-07-28,298.72,299.51,300.77,295.08,922071,6.5513,1.2676,0.19348831529620075
136,2020-07-29,298.08,301.09,302.2,294.92,898486,6.6964,1.2957,0.19349202556597578
137,2020-07-30,300.93,296.66,300.93,296.19,1015176,6.7177,1.2998,0.19348884290754279
138,2020-07-31,295.39,297.93,301.41,294.76,976284,6.722,1.3007,0.19349895864326092
139,2020-08-03,300.3,302.36,305.84,299.67,1288992,6.7817,1.3122,0.19349130748927262
140,2020-08-04,302.67,307.89,309.79,299.98,1489558,6.7092,1.2982,0.19349549871817803
141,2020-08-05,305.04,300.93,305.04,299.51,1397649,6.7732,1.3106,0.19349790350203744
142,2020-08-06,301.09,302.67,303.46,297.77,786213,6.9311,1.3411,0.19349021078905224
143,2020-08-07,300.77,300.61,302.51,297.93,731894,7.0463,1.4038,0.19922512524303534
144,2020-08-10,299.51,308.52,311.37,299.03,1466594,6.8927,1.3732,0.19922526731179366
145,2020-08-11,309.16,308.21,315.17,307.26,1278855,6.7903,1.3528,0.19922536559503998
146,2020-08-12,309.0,312.95,314.38,307.42,976319,6.7604,1.3468,0.1992189811253772
147,2020-08-13,312.32,312.48,314.22,309.79,624093,6.7817,1.3511,0.1992273323797868
148,2020-08-14,312.32,320.39,321.81,310.42,1221908,6.8073,1.3562,0.19922730010429981
149,2020-08-17,320.86,326.56,332.41,317.7,1389529,6.7988,1.3545,0.1992263340589516
150,2020-08-18,326.24,319.44,327.82,316.28,1165665,6.7775,1.3502,0.19921800073773516
151,2020-08-19,319.12,315.64,319.12,313.43,854731,6.7518,1.3451,0.19922094848781063
152,2020-08-20,314.69,314.54,315.96,311.37,682859,6.7262,1.34,0.19922095685528232
153,2020-08-21,316.43,313.11,316.91,311.06,576909,9.6579,1.2041,0.12467513641681939
154,2020-08-24,315.33,311.85,317.54,311.37,635641,9.8409,1.2269,0.12467355628042152
155,2020-08-25,311.85,312.8,314.38,309.79,680465,9.5127,1.186,0.12467543389363692
156,2020-08-26,312.95,314.38,318.81,311.37,881091,9.2728,1.1561,0.12467647312570096
157,2020-08-27,313.74,307.42,313.74,304.1,1138875,9.4306,1.1758,0.1246792356795962
158,2020-08-28,305.99,311.69,312.8,305.36,929342,9.5758,1.1939,0.12467887800497086
159,2020-08-31,313.59,305.84,316.28,305.36,998986,9.5695,1.1931,0.12467736036365537
160,2020-09-01,306.31,307.58,308.21,304.73,684004,9.4875,1.1829,0.1246798418972332
161,2020-09-02,306.15,308.52,311.37,305.04,868103,9.5253,1.1876,0.12467848781665669
162,2020-09-03,308.52,310.58,312.64,306.78,876217,9.4496,1.1781,0.12467194378598034
163,2020-09-04,308.21,311.69,312.16,305.52,726993,9.3865,1.1703,0.1246790603526341
164,2020-09-07,309.32,313.9,321.97,309.16,1202366,9.5948,1.1962,0.12467169716930004
165,2020-09-08,315.01,313.9,318.17,311.37,749929,9.6263,1.2002,0.12467926409939435
166,2020-09-09,311.37,310.58,313.74,307.58,612641,9.5443,1.1899,0.12467126976310468
167,2020-09-10,313.74,316.43,324.82,313.74,1286606,9.5758,1.1939,0.12467887800497086
168,2020-09-11,316.75,313.43,318.17,311.37,771679,9.1655,1.1427,0.12467404942447222
169,2020-09-14,313.74,312.95,315.8,309.95,585191,8.8878,1.1081,0.12467652287405208
170,2020-09-15,312.16,314.69,316.59,309.47,648901,9.1466,1.1404,0.1246802090394245
171,2020-09-16,313.43,317.54,319.6,311.85,785096,8.8373,1.1018,0.12467608885066704
172,2020-09-17,316.28,314.38,318.33,313.74,574411,9.1024,1.1348,0.12467041659342593
173,2020-09-18,314.38,325.61,325.61,313.9,1408701,9.5253,1.1876,0.12467848781665669
174,2020-09-21,325.77,321.18,326.08,320.55,750743,9.6516,1.2033,0.12467362924281984
175,2020-09-22,319.44,317.54,321.02,315.96,572056,10.1692,1.2679,0.12468040750501515
176,2020-09-23,317.7,315.01,318.33,314.22,530942,10.3459,1.2899,0.12467740844199152
177,2020-09-24,314.69,310.11,314.85,309.47,647521,10.2576,1.2789,0.12467828731867103
178,2020-09-25,309.47,302.51,311.37,300.93,934862,10.3459,1.2899,0.12467740844199152
179,2020-09-28,304.1,306.63,307.73,302.67,725703,10.2071,1.2726,0.12467792027118377
180,2020-09-29,306.15,305.36,307.1,304.73,498309,10.4091,1.2978,0.12467936709225581
181,2020-09-30,307.42,302.51,308.21,299.98,675892,10.7562,1.341,0.12467228203268813
182,2020-10-09,304.25,305.2,305.84,302.2,546719,10.6111,1.3229,0.12467133473438191
183,2020-10-12,306.47,311.06,311.06,305.84,811522,10.4848,1.3072,0.12467572104379673
184,2020-10-13,309.32,307.58,309.63,305.04,657030,10.5353,1.3135,0.12467608895807428
185,2020-10-14,306.15,306.15,307.1,304.41,434851,10.2197,1.2741,0.12467097860015461
186,2020-10-15,306.15,306.15,309.16,305.68,429236,9.9924,1.2458,0.12467475281213723
187,2020-10-16,306.31,307.58,308.52,305.52,514729,10.0934,1.2584,0.12467553054471238
188,2020-10-19,309.32,308.84,316.28,307.26,880067,9.6326,1.201,0.12468077154662294
189,2020-10-20,307.58,306.63,308.37,304.73,536028,9.5253,1.1876,0.12467848781665669
190,2020-10-21,306.78,307.58,308.52,304.1,554984,9.6768,1.2065,0.12467964616402115
191,2020-10-22,307.42,309.0,312.0,306.63,681959,9.8725,1.2309,0.12467966573816157
192,2020-10-23,308.37,310.58,313.11,307.1,777287,9.7715,1.2183,0.12467891316583943
193,2020-10-26,312.16,311.21,314.06,309.0,594439,9.7841,1.2198,0.12467166116454247
194,2020-10-27,310.42,305.04,311.21,304.25,869124,9.9356,1.2387,0.12467289343371309
195,2020-10-28,305.04,299.82,305.52,297.61,795669,10.0366,1.2513,0.1246736942789391
196,2020-10-29,297.61,300.46,302.51,296.98,544636,9.7147,1.2112,0.12467703583229539
197,2020-10-30,299.35,294.13,304.25,291.91,1039107,9.4117,1.1734,0.12467460713792408
198,2020-11-02,294.92,296.19,298.24,294.13,524322,9.4496,1.1781,0.12467194378598034
199,2020-11-03,296.5,297.45,298.24,293.81,560369,9.3612,1.1671,0.12467418707003376
200,2020-11-04,296.19,296.98,298.87,295.71,400542,9.0898,1.1333,0.12467821074171048
201,2020-11-05,298.08,302.99,304.89,298.08,826035,9.1845,1.1451,0.12467744569655398
202,2020-11-06,303.94,306.78,308.52,302.67,828790,9.1403,1.1396,0.12467862105182542
203,2020-11-09,309.0,307.26,310.11,305.04,771436,9.033,1.1262,0.124676187313185
204,2020-11-10,308.37,306.15,311.53,305.04,585628,8.8247,1.1002,0.12467279340940769
205,2020-11-11,306.15,310.58,312.16,305.04,991050,9.6768,1.2065,0.12467964616402115
206,2020-11-12,308.84,308.52,310.9,307.1,503399,10.0177,1.249,0.12467931760783416
207,2020-11-13,306.94,300.77,307.1,299.51,787331,9.7526,1.2159,0.1246744457888153
208,2020-11-16,301.09,304.1,305.04,299.82,658905,10.0871,1.2576,0.12467408868753162
209,2020-11-17,304.1,313.11,313.9,303.62,1568110,10.1755,1.2686,0.12467200628961722
210,2020-11-18,313.43,315.8,321.02,308.21,1489607,10.1187,1.2616,0.12468004783223141
211,2020-11-19,316.75,319.91,321.65,315.01,1210508,10.1818,1.2694,0.12467343691685163
212,2020-11-20,321.34,319.44,321.34,315.01,636291,10.3207,1.2867,0.12467177613921536
213,2020-11-23,320.86,319.44,321.97,316.59,727720,10.4027,1.297,0.12467916983090928
214,2020-11-24,317.7,316.59,320.86,315.33,606149,10.1124,1.2608,0.12467861239666153
215,2020-11-25,318.33,317.38,321.97,315.8,705081,10.2765,1.2812,0.12467279715856565
216,2020-11-26,318.02,318.33,318.96,313.43,549775,9.7968,1.5183,0.15497917687408133
217,2020-11-27,319.12,326.4,326.56,318.49,995854,9.9672,1.5447,0.15497832891885382
218,2020-11-30,326.72,323.55,336.05,323.55,1321454,9.8978,1.5339,0.1549738325688537
219,2020-12-01,323.24,324.03,324.82,314.85,1016514,10.0682,1.5603,0.15497308357005227
