,日期,开盘,收盘,最高,最低,成交量,pe,pb,roe
0,2020-01-03,59.93,58.79,60.53,58.34,972118,21.8657,1.5535,0.07104734812971915
1,2020-01-06,58.1,58.26,60.01,57.69,733841,21.0252,1.4938,0.07104807564256226
2,2020-01-07,58.55,58.87,59.44,57.33,644294,20.8116,1.4786,0.0710469161429203
3,2020-01-08,57.69,56.56,58.26,56.32,546359,20.4982,1.4563,0.0710452625108546
4,2020-01-09,57.69,57.25,58.18,56.8,402229,20.5551,1.4604,0.07104806106513711
5,2020-01-10,58.42,56.15,58.79,55.75,462915,21.1534,1.5029,0.07104768027834768
6,2020-01-13,55.79,59.36,59.44,55.38,697604,21.1249,1.5008,0.0710441232857907
7,2020-01-14,59.15,57.57,59.15,57.37,475120,20.7261,1.4725,0.0710456863568158
8,2020-01-15,57.09,57.45,57.9,56.72,264358,20.8685,1.4826,0.07104487624889186
9,2020-01-16,57.41,56.76,57.69,56.56,207550,20.7973,1.4776,0.07104768407437503
10,2020-01-17,57.49,57.09,58.55,56.88,313972,20.6976,1.4705,0.07104688466295608
11,2020-01-20,56.72,57.82,57.98,56.07,297286,20.6834,1.4695,0.07104731330438903
12,2020-01-21,57.61,57.78,58.83,57.01,379472,20.4269,1.4513,0.07104847039932638
13,2020-01-22,56.84,59.11,59.52,56.36,410944,20.7403,1.4735,0.07104525971176887
14,2020-01-23,58.3,55.91,58.91,55.02,434828,20.6976,1.4705,0.07104688466295608
15,2020-02-03,50.23,50.23,50.23,50.23,56718,21.011,1.4927,0.07104373899386036
16,2020-02-04,46.14,49.74,51.25,46.14,475043,21.2674,1.511,0.07104770681888713
17,2020-02-05,49.87,50.27,51.94,49.5,318442,20.2275,1.4371,0.0710468421703127
18,2020-02-06,50.07,51.81,52.38,49.62,391227,20.4127,1.4502,0.07104400691726229
19,2020-02-07,51.21,52.91,53.8,51.0,390954,20.2703,1.4401,0.0710448291342506
20,2020-02-10,52.02,53.07,53.64,51.85,289331,20.2845,1.4411,0.07104439350242796
21,2020-02-11,53.6,52.5,54.33,52.3,295973,19.6008,1.3926,0.07104812048487817
22,2020-02-12,52.02,53.27,53.72,51.77,353915,19.8999,1.4138,0.07104558314363389
23,2020-02-13,53.07,52.22,53.64,51.98,267809,20.5551,1.5016,0.07305242981060661
24,2020-02-14,51.77,52.95,53.56,51.73,332103,20.4269,1.4923,0.07305562762827449
25,2020-02-17,54.33,55.26,55.46,53.4,487363,20.37,1.4881,0.07305351006381934
26,2020-02-18,55.18,54.45,55.18,53.96,363820,20.256,1.4798,0.07305489731437599
27,2020-02-19,54.25,54.25,55.95,54.13,416415,20.8828,1.5256,0.07305533740686115
28,2020-02-20,54.29,57.9,58.3,53.68,679674,21.2959,1.5558,0.07305631600448913
29,2020-02-21,57.65,57.13,59.15,56.28,562764,21.1534,1.5453,0.07305208618945416
30,2020-02-24,56.88,57.49,58.26,56.56,391942,21.2389,1.5516,0.07305463088954701
31,2020-02-25,55.95,57.49,58.02,55.1,470735,21.0822,1.5401,0.07305214825777195
32,2020-02-26,56.88,56.36,58.3,56.03,427351,21.7232,1.587,0.07305553509611844
33,2020-02-27,57.01,56.48,58.02,56.11,305862,21.7659,1.5901,0.07305464051566901
34,2020-02-28,54.45,51.85,55.22,51.61,384120,21.7517,1.5891,0.07305635881333412
35,2020-03-02,52.83,54.21,54.98,52.14,303426,22.2503,1.6255,0.07305519476141895
36,2020-03-03,56.07,55.75,57.01,54.81,427010,22.7346,1.6609,0.07305604673053408
37,2020-03-04,55.59,57.37,57.49,54.86,383536,22.1363,1.6171,0.07305195538549804
38,2020-03-05,58.18,59.72,62.44,57.29,740599,21.7944,1.5922,0.0730554637888632
39,2020-03-06,58.42,56.4,59.15,56.19,587259,21.011,1.5349,0.0730522107467517
40,2020-03-09,55.46,54.21,56.48,53.8,436705,21.4526,1.5672,0.07305408202269188
41,2020-03-10,54.33,56.56,56.6,54.0,441496,21.9511,1.6036,0.07305328662344938
42,2020-03-11,56.28,54.9,56.92,54.86,310950,21.6377,1.5807,0.0730530509250059
43,2020-03-12,54.45,54.77,55.46,54.08,254581,21.6662,1.5828,0.07305388116051731
44,2020-03-13,51.25,53.6,54.33,50.6,424459,21.5808,1.5766,0.07305567912218268
45,2020-03-16,53.76,49.87,53.76,49.87,377115,21.6235,1.5797,0.07305477836612945
46,2020-03-17,50.47,50.19,51.16,48.69,257912,21.2389,1.5516,0.07305463088954701
47,2020-03-18,50.39,48.16,50.88,47.96,246634,20.256,1.4798,0.07305489731437599
48,2020-03-19,48.08,49.38,49.87,47.47,278018,20.5124,1.4985,0.07305337259413817
49,2020-03-20,50.31,51.69,53.15,49.91,353571,20.8543,1.5235,0.07305447797336762
50,2020-03-23,49.18,49.18,50.03,48.77,226947,20.7688,1.5172,0.07305188552058858
51,2020-03-24,50.23,49.99,50.47,48.65,216388,20.8828,1.5256,0.07305533740686115
52,2020-03-25,51.04,50.72,51.53,50.31,206362,21.1392,1.5443,0.07305385255828035
53,2020-03-26,50.31,49.99,51.0,49.91,125513,21.2531,1.5526,0.07305287228686638
54,2020-03-27,50.64,50.15,51.41,50.11,160040,21.595,1.5776,0.07305394767307247
55,2020-03-30,49.66,49.42,49.87,48.81,128862,20.7688,1.5172,0.07305188552058858
56,2020-03-31,49.83,48.97,49.99,48.93,99031,21.4668,1.5682,0.07305234128980566
57,2020-04-01,48.89,48.69,49.7,48.57,112196,21.7802,1.5911,0.07305258904876906
58,2020-04-02,48.53,49.58,49.58,48.37,140303,21.7659,1.5901,0.07305464051566901
59,2020-04-03,49.18,48.57,49.5,48.37,114225,21.9654,1.6047,0.07305580594935672
60,2020-04-07,49.46,49.66,49.91,49.06,195994,21.6235,1.5797,0.07305477836612945
61,2020-04-08,49.38,49.38,49.7,49.22,109237,21.5808,1.5766,0.07305567912218268
62,2020-04-09,49.79,49.74,50.68,49.62,198566,20.6406,1.5683,0.07598131837252793
63,2020-04-10,49.91,48.81,49.91,48.73,132682,20.4269,1.5521,0.07598313987927684
64,2020-04-13,48.53,48.61,48.85,48.08,79150,21.0395,1.5986,0.07598089308205994
65,2020-04-14,48.81,49.62,50.11,48.57,154693,20.9967,1.5954,0.07598336881509951
66,2020-04-15,49.5,48.69,49.91,48.69,134373,21.1107,1.604,0.07598042698726239
67,2020-04-16,48.45,48.77,49.42,48.37,138278,21.0395,1.5986,0.07598089308205994
68,2020-04-17,49.18,48.85,49.42,48.77,133420,21.6805,1.6473,0.07598072000184498
69,2020-04-20,48.93,48.77,49.06,48.61,102643,21.9226,1.6657,0.07598095116455165
70,2020-04-21,48.61,47.72,48.69,47.43,149202,21.9084,1.6646,0.07597998941045445
71,2020-04-22,47.39,47.88,47.96,47.19,100000,20.954,1.5921,0.07598071967166174
72,2020-04-23,47.88,47.35,48.0,47.19,92839,20.7118,1.5737,0.07598084183895171
73,2020-04-24,47.23,46.46,47.6,46.3,109307,20.5124,1.5586,0.07598330765780699
74,2020-04-27,46.42,46.3,46.99,46.22,72120,20.84,1.5835,0.07598368522072936
75,2020-04-28,46.99,46.87,47.47,45.49,134670,21.538,1.6365,0.07598198532825703
76,2020-04-29,46.58,46.74,47.19,46.3,73254,21.5523,1.6376,0.07598260974466763
77,2020-04-30,46.87,47.72,48.2,46.87,140509,22.7346,1.7274,0.07598110369216965
78,2020-05-06,46.99,48.08,48.28,46.82,120521,21.4241,1.6278,0.07597985446296461
79,2020-05-07,48.08,48.28,48.89,47.88,140309,21.6235,1.643,0.07598214905080121
80,2020-05-08,48.61,49.01,49.79,48.33,164916,21.5808,1.6397,0.07597957443653618
81,2020-05-11,49.38,49.01,49.5,48.65,81181,21.0964,1.6029,0.07597978802070496
82,2020-05-12,49.01,48.53,49.26,48.0,80406,20.8543,1.5845,0.07597953419678437
83,2020-05-13,48.41,49.79,50.03,48.28,182883,21.1249,1.6051,0.0759814247641409
84,2020-05-14,49.14,48.73,49.26,48.57,130085,20.5979,1.5651,0.07598347404347044
85,2020-05-15,48.93,48.41,49.06,48.33,117511,20.6691,1.5705,0.07598298909967052
86,2020-05-18,48.37,48.2,48.73,48.12,72494,20.3985,1.5499,0.07598107703997843
87,2020-05-19,48.65,48.89,49.1,48.37,94301,22.3785,1.7004,0.075983645016422
88,2020-05-20,48.85,48.97,49.34,48.61,94180,22.236,1.6895,0.07598039215686274
89,2020-05-21,49.14,48.45,49.22,48.28,72412,21.3813,1.6246,0.07598228358425353
90,2020-05-22,48.28,46.7,48.57,46.7,123411,21.6662,1.6462,0.07598009803288071
91,2020-05-25,46.78,46.66,47.07,46.38,59931,20.7831,1.5791,0.07598000298319307
92,2020-05-26,46.95,47.19,47.27,46.74,61982,21.4383,1.6289,0.07598083803286641
93,2020-05-27,47.19,46.54,47.27,46.46,70563,22.8058,1.7328,0.07598067158354453
94,2020-05-28,46.95,47.39,47.96,46.66,108587,23.3186,1.7718,0.07598226308612009
95,2020-05-29,47.39,47.64,47.84,47.11,81081,23.8457,1.8118,0.07598015575135139
96,2020-06-01,49.06,49.26,49.5,48.37,189219,24.7004,1.8768,0.07598257518096874
97,2020-06-02,49.01,48.85,49.5,48.77,110367,22.4497,1.7058,0.07598319799373711
98,2020-06-03,49.06,48.2,49.3,48.12,104238,21.7802,1.6549,0.07598185507938403
99,2020-06-04,48.41,48.08,48.53,47.96,90060,20.8543,1.5845,0.07597953419678437
100,2020-06-05,48.2,48.57,48.69,47.8,91874,21.8942,1.6636,0.07598359382850252
101,2020-06-08,48.69,48.24,48.73,48.16,79007,20.3842,1.5488,0.07598041620470757
102,2020-06-09,48.2,48.53,48.85,48.12,113306,19.3301,1.4687,0.07597994837067577
103,2020-06-10,48.37,47.72,48.41,47.55,107840,18.3045,1.3908,0.0759813160698189
104,2020-06-11,47.55,47.19,48.33,47.15,121020,18.1335,1.3778,0.0759809192930212
105,2020-06-12,46.58,46.82,46.99,46.34,132878,17.3786,1.3205,0.0759842564993728
106,2020-06-15,46.91,46.7,47.51,46.66,122563,18.1905,1.3822,0.07598471729749046
107,2020-06-16,47.07,47.23,47.27,46.82,81362,18.7176,1.4222,0.07598196349959396
108,2020-06-17,47.51,48.2,48.33,47.39,157995,17.6492,1.341,0.07598078099857217
109,2020-06-18,47.76,48.08,48.57,47.55,146365,17.2646,1.3118,0.07598206735169075
110,2020-06-19,48.08,49.01,49.54,47.96,243648,17.1364,1.2826,0.07484652552461428
111,2020-06-22,48.89,50.11,51.98,48.77,377921,17.1791,1.2858,0.07484676147178841
112,2020-06-23,50.43,53.15,53.72,50.15,537161,16.8373,1.2602,0.07484572942217577
113,2020-06-24,52.1,51.65,52.62,51.61,330656,16.6521,1.2464,0.07484941839167432
114,2020-06-29,51.08,49.34,51.08,49.14,309325,16.6948,1.2496,0.07484965378441191
115,2020-06-30,49.87,51.49,51.81,49.58,239728,16.823,1.2592,0.0748499078642335
116,2020-07-01,51.0,51.98,52.18,50.88,241289,17.0082,1.273,0.07484625063204807
117,2020-07-02,51.77,54.9,56.11,51.53,532572,17.2931,1.2943,0.0748448803279921
118,2020-07-03,55.06,57.9,59.11,53.76,1088675,17.1934,1.2869,0.07484848837344561
119,2020-07-06,59.4,62.2,63.29,58.3,1370853,17.3073,1.2954,0.0748470298660103
120,2020-07-07,62.12,59.24,62.12,59.07,906115,17.1364,1.2826,0.07484652552461428
121,2020-07-08,58.99,61.87,62.97,58.83,1014861,17.1791,1.2858,0.07484676147178841
122,2020-07-09,62.72,63.78,66.29,61.79,1149964,17.4071,1.3029,0.07484876860591368
123,2020-07-10,63.05,70.19,70.19,62.52,1675720,17.5495,1.3135,0.0748454371919428
124,2020-07-13,68.81,67.75,69.94,65.56,1622330,16.9797,1.2709,0.07484820108718057
125,2020-07-14,66.17,66.25,67.15,64.39,871038,16.8943,1.2645,0.07484772970765287
126,2020-07-15,67.19,64.79,68.56,64.55,881966,16.5951,1.2421,0.07484739471289718
127,2020-07-16,65.16,60.9,66.9,60.74,721536,16.823,1.2592,0.0748499078642335
128,2020-07-17,61.91,59.03,62.2,58.06,569311,16.6378,1.2453,0.07484763610573514
129,2020-07-20,60.61,61.55,62.36,59.56,591539,16.6521,1.2464,0.07484941839167432
130,2020-07-21,61.18,60.74,62.28,60.53,357497,17.2646,1.2922,0.07484679633469643
131,2020-07-22,62.72,63.17,66.58,61.51,822355,17.4498,1.3061,0.07484899540395878
132,2020-07-23,62.32,63.58,63.7,61.43,611659,17.4213,1.3039,0.07484516080889486
133,2020-07-24,61.83,57.94,62.08,57.25,717205,17.1791,1.2858,0.07484676147178841
134,2020-07-27,58.18,58.71,59.6,57.33,297984,17.2504,1.2912,0.07485043825070722
135,2020-07-28,59.32,58.51,59.56,57.9,231487,17.3643,1.2997,0.07484897174087064
136,2020-07-29,58.1,60.01,60.49,58.06,342315,17.7347,1.3274,0.07484761512740559
137,2020-07-30,60.01,59.24,60.25,59.07,277950,17.2931,1.2943,0.0748448803279921
138,2020-07-31,59.11,59.93,61.1,59.11,358323,17.464,1.3071,0.07484539624370133
139,2020-08-03,60.78,61.3,61.3,60.09,414075,17.464,1.3071,0.07484539624370133
140,2020-08-04,61.43,61.43,62.52,60.86,398754,17.2076,1.288,0.07485064738836329
141,2020-08-05,60.9,60.86,61.3,60.05,302700,17.1364,1.2826,0.07484652552461428
142,2020-08-06,61.91,64.59,65.73,61.1,769310,17.0082,1.273,0.07484625063204807
143,2020-08-07,62.6,61.22,63.13,60.33,609573,16.6663,1.2474,0.0748456466042253
144,2020-08-10,60.7,61.18,62.28,60.09,349663,16.7091,1.2689,0.07594065509213542
145,2020-08-11,61.18,59.2,62.03,59.03,302042,16.5096,1.2537,0.07593763628434366
146,2020-08-12,58.87,58.26,59.72,57.25,300772,16.5666,1.258,0.07593591925923243
147,2020-08-13,58.55,58.83,59.44,57.98,241292,16.88,1.2818,0.07593601895734597
148,2020-08-14,58.47,59.52,59.68,58.22,187402,17.0652,1.2959,0.07593816656118885
149,2020-08-17,60.66,62.24,63.41,60.29,508110,17.0082,1.2916,0.0759398407826813
150,2020-08-18,62.24,62.28,62.64,61.71,289197,17.3786,1.3197,0.07593822287180786
151,2020-08-19,62.36,61.59,62.93,61.26,285676,17.4071,1.3219,0.07594027724319387
152,2020-08-20,60.7,59.76,60.98,59.44,256381,17.3786,1.3197,0.07593822287180786
153,2020-08-21,60.17,59.97,60.82,59.28,202922,17.3501,1.3175,0.0759361617512291
154,2020-08-24,59.93,59.64,60.33,59.4,152137,17.6777,1.3424,0.07593748055459704
155,2020-08-25,60.09,59.76,60.9,59.48,176683,17.3216,1.3154,0.07593986698688342
156,2020-08-26,59.28,58.02,59.84,57.94,237723,17.3928,1.3208,0.07593946920564831
157,2020-08-27,58.26,58.63,58.95,57.9,136880,17.7204,1.3457,0.07594072368569557
158,2020-08-28,59.07,61.3,61.83,59.03,480076,17.5922,1.3359,0.07593706301656417
159,2020-08-31,61.47,61.43,64.27,61.1,536950,17.692,1.3435,0.07593827718742933
160,2020-09-01,61.51,62.4,62.52,61.35,255140,17.3073,1.3143,0.07593905461857135
161,2020-09-02,62.64,61.83,62.93,61.06,287977,17.6635,1.3413,0.07593625272454496
162,2020-09-03,61.83,61.87,63.09,61.47,336689,17.3501,1.3175,0.0759361617512291
163,2020-09-04,60.53,60.98,61.3,60.49,206770,17.4498,1.3251,0.07593783309837362
164,2020-09-07,60.57,58.99,61.35,58.95,326567,17.6065,1.337,0.07593786385709822
165,2020-09-08,59.07,61.35,61.43,58.26,369614,17.8629,1.3565,0.07593951709968706
166,2020-09-09,60.45,60.37,61.63,59.6,301855,31.462,1.3648,0.043379314728879285
167,2020-09-10,61.02,60.05,61.67,60.05,369987,31.915,1.3844,0.04337772207425976
168,2020-09-11,59.56,59.32,60.45,58.67,292876,31.462,1.3648,0.043379314728879285
169,2020-09-14,59.48,58.99,59.72,58.26,228097,30.9586,1.3429,0.04337728450252918
170,2020-09-15,58.87,59.24,59.32,58.47,142439,32.5191,1.4106,0.043377584250486635
171,2020-09-16,59.28,58.26,60.25,58.02,248463,31.0844,1.3484,0.043378672260040406
172,2020-09-17,57.82,57.53,58.34,56.8,244166,30.3294,1.3156,0.043377053288228586
173,2020-09-18,57.29,60.33,60.9,57.21,505452,31.5878,1.3702,0.04337750650567624
174,2020-09-21,61.59,61.43,62.4,60.57,531492,31.3865,1.3615,0.043378522613225425
175,2020-09-22,60.7,61.3,63.33,60.61,477932,33.7021,1.4619,0.043377118933241546
176,2020-09-23,61.75,61.55,63.49,61.14,469823,34.432,1.4936,0.04337825278810409
177,2020-09-24,60.82,61.47,63.25,60.82,506923,34.5075,1.4969,0.04337897558501775
178,2020-09-25,61.91,62.36,62.85,61.1,512468,35.5395,1.5416,0.0433770874660589
179,2020-09-28,61.91,60.94,62.32,60.82,326246,34.0796,1.4783,0.04337785654761206
180,2020-09-29,61.22,59.68,61.63,59.56,379390,35.4388,1.5373,0.043379008318566094
181,2020-09-30,60.13,61.91,63.37,59.97,629614,37.5027,1.6268,0.04337821010220598
182,2020-10-09,62.76,62.89,63.13,61.39,535622,36.0428,1.5635,0.04337898276493502
183,2020-10-12,62.97,64.59,65.28,62.64,624803,35.0361,1.5198,0.04337811571493403
184,2020-10-13,63.54,63.21,63.82,62.4,393441,34.0796,1.4783,0.04337785654761206
185,2020-10-14,63.01,61.79,63.09,61.43,289795,32.6198,1.415,0.0433785614871949
186,2020-10-15,61.91,61.83,63.09,61.71,257110,35.4891,1.5395,0.043379516527609886
187,2020-10-16,62.12,61.71,62.52,61.63,216736,35.4136,1.5362,0.04337881491856236
188,2020-10-19,62.28,59.88,62.72,59.84,427335,36.1184,1.5668,0.04337955169664215
189,2020-10-20,59.76,60.33,60.45,59.24,209599,36.1184,1.5668,0.04337955169664215
190,2020-10-21,60.01,60.09,60.37,59.56,162350,35.8918,1.5569,0.04337759599685721
191,2020-10-22,59.68,60.49,61.14,59.4,204186,36.3701,1.5777,0.04337903937575096
192,2020-10-23,60.33,59.32,60.98,59.32,210375,34.1048,1.4794,0.04337805822054374
193,2020-10-26,58.99,57.53,58.99,57.25,279401,34.2306,1.4849,0.04337931558313322
194,2020-10-27,57.41,57.86,57.98,57.17,140211,34.734,1.5067,0.04337824609892324
195,2020-10-28,57.78,58.02,58.34,57.17,155695,33.2994,1.4445,0.04337915998486459
196,2020-10-29,57.05,58.38,58.87,56.84,180906,32.8463,1.4248,0.0433777929325373
197,2020-10-30,58.51,56.52,59.03,56.52,242447,33.5007,1.4532,0.043378198067503065
198,2020-11-02,56.48,55.67,57.61,55.02,243655,33.0225,1.4325,0.043379513967749264
199,2020-11-03,55.83,57.61,58.02,55.79,253093,33.3749,1.4477,0.04337690899448388
200,2020-11-04,57.37,57.57,58.02,56.72,160794,33.2742,1.4434,0.04337895426486587
201,2020-11-05,58.47,57.98,58.71,57.61,202490,32.5946,1.4139,0.04337835101519884
202,2020-11-06,58.06,57.45,58.63,57.05,232845,31.6382,1.3724,0.04337794185509922
203,2020-11-09,57.86,60.41,61.02,57.86,446992,31.311,1.3582,0.04337772667752547
204,2020-11-10,60.21,59.68,60.9,59.48,299873,31.613,1.3713,0.04337772435390504
205,2020-11-11,59.44,58.79,60.01,58.67,194968,35.1367,1.5242,0.043379144882701
206,2020-11-12,59.07,58.91,60.17,58.42,177046,37.1251,1.6104,0.043377660935593434
207,2020-11-13,58.55,58.02,58.75,57.74,157408,36.2945,1.5744,0.04337847332240422
208,2020-11-16,58.3,58.75,59.07,57.98,168356,36.3197,1.5755,0.04337866226868614
209,2020-11-17,58.67,58.79,58.83,57.45,182454,35.8667,1.5558,0.04337728310661421
210,2020-11-18,58.59,59.07,59.84,58.51,213679,35.6653,1.5471,0.0433782976730884
211,2020-11-19,58.75,59.28,59.48,58.18,179932,36.0932,1.5657,0.04337936231755566
212,2020-11-20,59.2,58.87,59.52,58.3,174966,36.1687,1.5689,0.04337728477938106
213,2020-11-23,58.71,60.01,60.94,58.26,386707,37.2762,1.617,0.04337888518679479
214,2020-11-24,60.09,60.09,61.02,59.64,224811,35.2878,1.5307,0.04337759792336162
215,2020-11-25,60.45,58.38,60.94,58.26,244848,35.9673,1.5602,0.04337829083639862
216,2020-11-26,58.42,58.22,58.67,57.82,171305,35.5395,1.5416,0.0433770874660589
217,2020-11-27,58.22,59.11,59.11,57.82,194142,36.9741,1.6039,0.043379013958419546
218,2020-11-30,59.44,59.72,61.63,59.4,540967,36.5966,1.5875,0.04337834662236382
219,2020-12-01,59.8,62.12,62.97,59.52,585986,36.9238,1.6017,0.04337852550387555
