,日期,开盘,收盘,最高,最低,成交量,pe,pb,roe
0,2020-01-03,4.46,4.45,4.48,4.43,339106,14.966,1.7166,0.11469998663637579
1,2020-01-06,4.44,4.41,4.45,4.4,515037,14.966,1.7166,0.11469998663637579
2,2020-01-07,4.42,4.45,4.47,4.41,390184,14.5115,1.6645,0.11470213279123455
3,2020-01-08,4.44,4.39,4.45,4.38,436650,14.4141,1.6533,0.11470018939788125
4,2020-01-09,4.41,4.4,4.42,4.38,373980,14.1219,1.6198,0.114701279572862
5,2020-01-10,4.39,4.39,4.4,4.37,253583,13.9596,1.6012,0.11470242700363907
6,2020-01-13,4.37,4.39,4.4,4.36,300931,14.1869,1.6272,0.11469736165053676
7,2020-01-14,4.4,4.39,4.4,4.38,271412,14.0245,1.6086,0.11469927626653358
8,2020-01-15,4.38,4.37,4.39,4.36,206831,13.7973,1.5825,0.11469635363440674
9,2020-01-16,4.36,4.33,4.38,4.33,236583,13.7973,1.5825,0.11469635363440674
10,2020-01-17,4.33,4.3,4.34,4.3,218682,13.6999,1.5714,0.11470156716472382
11,2020-01-20,4.3,4.3,4.31,4.28,317371,13.6674,1.5677,0.11470360127017575
12,2020-01-21,4.3,4.25,4.3,4.24,379511,13.5051,1.549,0.11469741060784444
13,2020-01-22,4.24,4.23,4.25,4.18,388620,13.6674,1.5677,0.11470360127017575
14,2020-01-23,4.22,4.17,4.23,4.15,339402,13.7973,1.5825,0.11469635363440674
15,2020-02-03,3.82,4.0,4.02,3.8,1085781,13.635,1.5639,0.1146974697469747
16,2020-02-04,3.96,4.11,4.17,3.94,676980,13.4402,1.5416,0.11470067409711165
17,2020-02-05,4.11,4.11,4.15,4.07,450811,13.3753,1.5341,0.1146964927889468
18,2020-02-06,4.13,4.15,4.17,4.1,458381,13.2454,1.5192,0.11469642290908542
19,2020-02-07,4.14,4.15,4.16,4.11,310974,13.2454,1.5192,0.11469642290908542
20,2020-02-10,4.13,4.13,4.15,4.1,347871,13.3753,1.5341,0.1146964927889468
21,2020-02-11,4.14,4.12,4.14,4.1,240602,13.4077,1.5379,0.11470274543732333
22,2020-02-12,4.1,4.11,4.12,4.08,277847,13.3428,1.5304,0.11469856401954612
23,2020-02-13,4.11,4.02,4.11,4.02,519414,13.5051,1.549,0.11469741060784444
24,2020-02-14,4.01,4.06,4.07,4.01,291978,13.4077,1.6331,0.12180314297008435
25,2020-02-17,4.05,4.15,4.16,4.04,332337,13.3103,1.6212,0.12180041020863541
26,2020-02-18,4.15,4.19,4.23,4.13,292275,13.2779,1.6173,0.12180389971305702
27,2020-02-19,4.18,4.12,4.19,4.12,339497,13.3428,1.6252,0.12180351950115417
28,2020-02-20,4.12,4.14,4.15,4.09,257142,13.2779,1.6173,0.12180389971305702
29,2020-02-21,4.13,4.1,4.14,4.09,365575,13.3753,1.6291,0.12179913721561386
30,2020-02-24,4.1,4.06,4.1,4.04,391647,13.3103,1.6212,0.12180041020863541
31,2020-02-25,4.0,4.0,4.03,3.97,430951,13.2779,1.6173,0.12180389971305702
32,2020-02-26,3.97,4.04,4.07,3.96,406170,13.3103,1.6212,0.12180041020863541
33,2020-02-27,4.03,4.0,4.05,4.0,263616,13.3753,1.6291,0.12179913721561386
34,2020-02-28,3.95,3.9,3.98,3.88,598544,13.5051,1.645,0.1218058363136889
35,2020-03-02,3.92,3.97,4.0,3.92,358727,13.6674,1.6647,0.1218007814214847
36,2020-03-03,4.0,4.0,4.03,3.98,315020,13.57,1.6529,0.12180545320560059
37,2020-03-04,3.97,4.07,4.09,3.97,435943,13.7973,1.6805,0.12179919259565278
38,2020-03-05,4.1,4.15,4.16,4.08,490775,13.5376,1.6489,0.12180150100460939
39,2020-03-06,4.12,4.11,4.14,4.09,312181,13.8298,1.6845,0.12180219525951207
40,2020-03-09,4.06,3.99,4.07,3.97,486331,13.1155,1.5975,0.12180244748579923
41,2020-03-10,3.95,4.08,4.09,3.95,454164,13.0506,1.5896,0.1218028289887055
42,2020-03-11,4.07,4.02,4.08,4.02,273736,13.3753,1.6291,0.12179913721561386
43,2020-03-12,4.01,3.96,4.02,3.94,257860,13.6999,1.6687,0.12180380878692545
44,2020-03-13,3.86,3.9,3.92,3.82,474961,13.57,1.6529,0.12180545320560059
45,2020-03-16,3.91,3.83,3.92,3.81,345145,14.0245,1.7082,0.12180113373025776
46,2020-03-17,3.83,3.78,3.86,3.73,380583,13.7973,1.6805,0.12179919259565278
47,2020-03-18,3.79,3.72,3.85,3.71,318008,13.6999,1.6687,0.12180380878692545
48,2020-03-19,3.72,3.66,3.74,3.61,391005,13.9272,1.6964,0.1218048136021598
49,2020-03-20,3.68,3.79,3.79,3.66,387149,13.7973,1.6805,0.12179919259565278
50,2020-03-23,3.71,3.77,3.81,3.69,294590,13.7973,1.6805,0.12179919259565278
51,2020-03-24,3.81,3.85,3.85,3.78,348908,13.5051,1.645,0.1218058363136889
52,2020-03-25,3.9,3.88,3.91,3.85,276055,13.5376,1.6489,0.12180150100460939
53,2020-03-26,3.87,3.84,3.87,3.84,148787,13.6025,1.6568,0.1218011394964161
54,2020-03-27,3.86,3.85,3.89,3.85,162970,13.6025,1.6568,0.1218011394964161
55,2020-03-30,3.83,3.87,3.88,3.79,199943,13.148,1.6015,0.12180559780955279
56,2020-03-31,3.88,3.85,3.89,3.84,184299,13.2779,1.6173,0.12180389971305702
57,2020-04-01,3.85,3.77,3.86,3.75,308075,13.4077,1.6331,0.12180314297008435
58,2020-04-02,3.75,3.82,3.82,3.74,190619,13.4077,1.6331,0.12180314297008435
59,2020-04-03,3.82,3.81,3.82,3.79,137901,13.1805,1.6054,0.12180114563180455
60,2020-04-07,3.84,3.86,3.88,3.83,266857,13.2129,1.6094,0.121805205518849
61,2020-04-08,3.81,3.89,3.89,3.8,297233,13.148,1.6015,0.12180559780955279
62,2020-04-09,3.91,3.86,3.92,3.85,194474,13.1155,1.5975,0.12180244748579923
63,2020-04-10,3.85,3.85,3.88,3.84,198966,12.9208,1.3131,0.10162683425174912
64,2020-04-13,3.84,3.81,3.84,3.79,212072,13.0506,1.3263,0.10162751137878719
65,2020-04-14,3.82,3.81,3.82,3.78,263126,12.9532,1.3164,0.1016273970910663
66,2020-04-15,3.81,3.76,3.82,3.74,300289,13.1155,1.3329,0.10162784491632038
67,2020-04-16,3.76,3.78,3.79,3.74,240759,13.0182,1.323,0.10162695303498179
68,2020-04-17,3.77,3.74,3.78,3.73,300583,13.4402,1.3659,0.1016279519650005
69,2020-04-20,3.74,3.76,3.76,3.71,196192,12.9208,1.3131,0.10162683425174912
70,2020-04-21,3.74,3.71,3.75,3.69,219556,12.8558,1.3065,0.10162728107157859
71,2020-04-22,3.7,3.75,3.75,3.69,157354,12.726,1.2934,0.10163444915920164
72,2020-04-23,3.76,3.77,3.79,3.74,188372,12.5312,1.2736,0.10163432073544433
73,2020-04-24,3.77,3.76,3.78,3.74,141512,12.4987,1.2703,0.1016345699952795
74,2020-04-27,3.76,3.77,3.82,3.76,328355,12.3689,1.2571,0.10163393672840755
75,2020-04-28,3.77,3.71,3.78,3.69,293217,12.4663,1.267,0.10163400527823009
76,2020-04-29,3.71,3.72,3.73,3.7,212851,12.4987,1.2703,0.1016345699952795
77,2020-04-30,3.72,3.76,3.79,3.72,280948,12.1741,1.2373,0.10163379633812768
78,2020-05-06,3.75,3.77,3.78,3.75,300128,12.3039,1.2505,0.10163444111216768
79,2020-05-07,3.77,3.76,3.79,3.75,248194,12.3039,1.2505,0.10163444111216768
80,2020-05-08,3.77,3.77,3.78,3.75,225305,12.4338,1.2637,0.1016342550145571
81,2020-05-11,3.78,3.82,3.82,3.77,293021,12.4013,1.2604,0.10163450605984856
82,2020-05-12,3.82,3.8,3.83,3.79,180460,12.239,1.2439,0.10163412043467603
83,2020-05-13,3.79,3.81,3.82,3.77,190357,12.3364,1.2538,0.10163418825589314
84,2020-05-14,3.81,3.81,3.82,3.78,172338,12.2715,1.2472,0.10163386709041275
85,2020-05-15,3.8,3.78,3.82,3.77,205817,12.239,1.2439,0.10163412043467603
86,2020-05-18,3.79,3.79,3.81,3.77,208959,12.1092,1.2307,0.10163346876754864
87,2020-05-19,3.81,3.8,3.82,3.79,207504,12.4987,1.2703,0.1016345699952795
88,2020-05-20,3.8,3.77,3.8,3.77,137230,12.7584,1.2967,0.10163500125407575
89,2020-05-21,3.79,3.75,3.79,3.75,125557,12.8558,1.3065,0.10162728107157859
90,2020-05-22,3.75,3.7,3.76,3.69,187428,12.9532,1.3164,0.1016273970910663
91,2020-05-25,3.7,3.71,3.73,3.69,163516,12.5961,1.2802,0.10163463294194235
92,2020-05-26,3.72,3.73,3.73,3.71,107975,12.5312,1.2736,0.10163432073544433
93,2020-05-27,3.72,3.72,3.73,3.7,92751,13.0506,1.3263,0.10162751137878719
94,2020-05-28,3.72,3.73,3.76,3.71,126119,13.2129,1.3428,0.10162795449901234
95,2020-05-29,3.73,3.8,3.81,3.72,248374,13.0506,1.3263,0.10162751137878719
96,2020-06-01,3.81,3.92,3.93,3.8,448478,12.7909,1.3,0.10163475595931483
97,2020-06-02,3.92,3.93,3.98,3.9,289805,13.1805,1.3395,0.1016274041197223
98,2020-06-03,3.95,3.9,3.96,3.89,165384,13.1805,1.3395,0.1016274041197223
99,2020-06-04,3.91,3.88,3.92,3.86,116068,12.661,1.2868,0.10163494194771346
100,2020-06-05,3.9,3.89,3.9,3.87,84568,12.9208,1.3131,0.10162683425174912
101,2020-06-08,3.89,3.91,3.92,3.87,152570,12.5312,1.2736,0.10163432073544433
102,2020-06-09,3.9,3.92,3.93,3.9,161933,12.5961,1.2802,0.10163463294194235
103,2020-06-10,3.93,3.89,3.93,3.88,131308,12.2715,1.2472,0.10163386709041275
104,2020-06-11,3.89,3.81,3.9,3.8,318084,12.3039,1.2505,0.10163444111216768
105,2020-06-12,3.79,3.84,3.84,3.77,283749,12.2715,1.2472,0.10163386709041275
106,2020-06-15,3.85,3.81,3.86,3.81,201736,11.8494,1.2043,0.1016338380002363
107,2020-06-16,3.82,3.84,3.85,3.82,129661,11.4599,1.1647,0.10163264949955934
108,2020-06-17,3.84,3.88,3.89,3.83,213387,11.4274,1.1614,0.10163291737403084
109,2020-06-18,3.89,3.87,3.92,3.84,390036,11.3949,1.1581,0.10163318677654037
110,2020-06-19,3.89,3.87,3.9,3.86,299929,11.8819,1.4049,0.11823866553329014
111,2020-06-22,3.88,3.88,3.9,3.84,210498,11.9144,1.4087,0.11823507688175652
112,2020-06-23,3.87,3.89,3.9,3.86,136916,11.7845,1.3934,0.11824006109720396
113,2020-06-24,3.89,4.01,4.01,3.89,441503,11.6871,1.3819,0.1182414799223075
114,2020-06-29,4.0,4.14,4.22,3.99,904573,11.7845,1.3934,0.11824006109720396
115,2020-06-30,4.18,4.15,4.19,4.11,337048,11.6871,1.3819,0.1182414799223075
116,2020-07-01,4.15,4.14,4.17,4.08,305559,11.9468,1.4126,0.11824086784745708
117,2020-07-02,4.13,4.24,4.24,4.13,480994,12.0442,1.4241,0.11823948456518489
118,2020-07-03,4.26,4.22,4.31,4.19,517190,12.0118,1.4202,0.11823373682545497
119,2020-07-06,4.24,4.34,4.36,4.23,769880,11.9468,1.4126,0.11824086784745708
120,2020-07-07,4.34,4.26,4.4,4.26,762300,11.9144,1.4087,0.11823507688175652
121,2020-07-08,4.26,4.42,4.42,4.24,910840,11.9793,1.4164,0.11823729266317733
122,2020-07-09,4.43,4.42,4.44,4.34,653722,12.0767,1.4279,0.118235941937781
123,2020-07-10,4.39,4.3,4.39,4.27,464902,12.0442,1.4241,0.11823948456518489
124,2020-07-13,4.31,4.38,4.4,4.31,533012,11.6547,1.378,0.11823556161891768
125,2020-07-14,4.38,4.43,4.47,4.28,755623,11.4274,1.3512,0.11824211981728126
126,2020-07-15,4.42,4.38,4.51,4.37,573399,11.3949,1.3473,0.11823710607376985
127,2020-07-16,4.4,4.22,4.42,4.18,607577,11.4274,1.3512,0.11824211981728126
128,2020-07-17,4.24,4.24,4.27,4.2,296929,11.3625,1.3435,0.11823982398239823
129,2020-07-20,4.25,4.35,4.39,4.25,612934,11.33,1.3396,0.11823477493380405
130,2020-07-21,4.34,4.32,4.37,4.3,295421,11.4923,1.3588,0.11823568824343256
131,2020-07-22,4.31,4.29,4.34,4.28,292257,11.5573,1.3665,0.11823695845915569
132,2020-07-23,4.28,4.21,4.29,4.15,569347,11.6547,1.378,0.11823556161891768
133,2020-07-24,4.19,4.09,4.21,4.07,415282,11.6222,1.3742,0.1182392318149748
134,2020-07-27,4.11,4.13,4.14,4.08,212735,11.5897,1.3703,0.11823429424402702
135,2020-07-28,4.15,4.14,4.18,4.12,257237,11.6871,1.3819,0.1182414799223075
136,2020-07-29,4.16,4.16,4.17,4.08,300211,11.6871,1.3819,0.1182414799223075
137,2020-07-30,4.16,4.13,4.19,4.11,281893,11.6547,1.378,0.11823556161891768
138,2020-07-31,4.12,4.18,4.22,4.11,353686,11.7196,1.3857,0.1182378238165125
139,2020-08-03,4.21,4.19,4.22,4.15,335233,11.5573,1.3665,0.11823695845915569
140,2020-08-04,4.18,4.15,4.2,4.12,433405,11.5248,1.3627,0.11824066361238372
141,2020-08-05,4.16,4.15,4.17,4.13,262705,11.5573,1.3665,0.11823695845915569
142,2020-08-06,4.15,4.11,4.16,4.11,246643,11.5248,1.3627,0.11824066361238372
143,2020-08-07,4.11,4.21,4.3,4.09,734482,11.3949,1.3473,0.11823710607376985
144,2020-08-10,4.23,4.2,4.23,4.16,300879,11.3625,1.3435,0.11823982398239823
145,2020-08-11,4.21,4.17,4.24,4.17,340366,11.5573,1.3665,0.11823695845915569
146,2020-08-12,4.17,4.21,4.25,4.15,347410,11.0121,1.3766,0.12500794580506897
147,2020-08-13,4.21,4.22,4.24,4.2,166050,11.0431,1.3804,0.12500113192853457
148,2020-08-14,4.22,4.28,4.3,4.2,279802,10.981,1.3727,0.12500682997905474
149,2020-08-17,4.29,4.32,4.34,4.28,289914,10.857,1.3572,0.12500690798563138
150,2020-08-18,4.33,4.34,4.38,4.29,257013,11.0121,1.3766,0.12500794580506897
151,2020-08-19,4.35,4.5,4.53,4.34,985302,10.95,1.3688,0.12500456621004566
152,2020-08-20,4.47,4.37,4.53,4.37,570405,11.0741,1.3843,0.12500338627969768
153,2020-08-21,4.4,4.4,4.41,4.37,251283,11.0121,1.3766,0.12500794580506897
154,2020-08-24,4.42,4.35,4.44,4.34,307394,11.1672,1.396,0.12500895479618884
155,2020-08-25,4.37,4.38,4.42,4.33,299282,11.1672,1.396,0.12500895479618884
156,2020-08-26,4.42,4.34,4.42,4.33,225067,11.2912,1.4115,0.1250088564545841
157,2020-08-27,4.34,4.4,4.45,4.33,307823,11.3223,1.4153,0.12500110401596848
158,2020-08-28,4.4,4.41,4.43,4.38,180108,11.4153,1.427,0.12500766515115677
159,2020-08-31,4.41,4.43,4.46,4.41,251798,11.3223,1.4153,0.12500110401596848
160,2020-09-01,4.44,4.42,4.47,4.38,343769,11.1672,1.396,0.12500895479618884
161,2020-09-02,4.45,4.49,4.57,4.42,720946,11.1982,1.3998,0.12500223250165204
162,2020-09-03,4.49,4.49,4.53,4.46,331840,11.0431,1.3804,0.12500113192853457
163,2020-09-04,4.44,4.45,4.51,4.43,334055,11.2912,1.4115,0.1250088564545841
164,2020-09-07,4.46,4.41,4.49,4.41,378370,11.3533,1.4192,0.1250033030044128
165,2020-09-08,4.44,4.55,4.58,4.41,701767,11.2912,1.4115,0.1250088564545841
166,2020-09-09,4.55,4.55,4.61,4.52,417087,11.2602,1.4076,0.12500666062769755
167,2020-09-10,4.55,4.53,4.59,4.51,353752,11.3843,1.4231,0.12500549001695319
168,2020-09-11,4.5,4.52,4.56,4.49,281634,11.2912,1.4115,0.1250088564545841
169,2020-09-14,4.54,4.61,4.62,4.49,473525,11.0431,1.3804,0.12500113192853457
170,2020-09-15,4.62,4.61,4.65,4.57,332350,11.1051,1.3882,0.12500562804477222
171,2020-09-16,4.62,4.65,4.72,4.59,452367,10.7019,1.3378,0.125005840084471
172,2020-09-17,4.65,4.58,4.69,4.56,418723,10.888,1.3611,0.12500918442321823
173,2020-09-18,4.6,4.61,4.62,4.57,320167,11.0741,1.3843,0.12500338627969768
174,2020-09-21,4.63,4.68,4.7,4.59,423698,11.2292,1.4037,0.12500445267694937
175,2020-09-22,4.67,4.54,4.68,4.52,473423,11.4463,1.4309,0.1250098285035339
176,2020-09-23,4.57,4.58,4.63,4.54,248480,11.6325,1.4541,0.12500322372662798
177,2020-09-24,4.57,4.48,4.58,4.46,366115,11.8186,1.4774,0.12500634592929788
178,2020-09-25,4.49,4.38,4.52,4.35,551167,12.0047,1.5007,0.12500937132956258
179,2020-09-28,4.41,4.4,4.47,4.37,238477,11.7255,1.4658,0.1250095944735832
180,2020-09-29,4.41,4.62,4.64,4.4,773788,12.0978,1.5123,0.1250061994742846
181,2020-09-30,4.62,4.53,4.66,4.51,471999,12.2218,1.5278,0.12500613657562717
182,2020-10-09,4.57,4.61,4.64,4.54,380778,11.9737,1.4968,0.12500730768267118
183,2020-10-12,4.58,4.54,4.61,4.52,797748,11.7565,1.4696,0.12500318972483307
184,2020-10-13,4.54,4.57,4.6,4.51,292215,11.6635,1.458,0.12500535859733355
185,2020-10-14,4.57,4.52,4.58,4.5,325132,11.4463,1.4309,0.1250098285035339
186,2020-10-15,4.54,4.48,4.54,4.44,300159,11.7565,1.4696,0.12500318972483307
187,2020-10-16,4.48,4.46,4.5,4.45,165506,11.8806,1.4851,0.12500210427082808
188,2020-10-19,4.49,4.45,4.5,4.44,247264,11.7565,1.4696,0.12500318972483307
189,2020-10-20,4.45,4.46,4.46,4.42,201658,11.9427,1.4929,0.125005233322448
190,2020-10-21,4.46,4.48,4.5,4.44,176436,12.0667,1.5084,0.1250051795437029
191,2020-10-22,4.45,4.45,4.48,4.43,144284,12.1908,1.5239,0.12500410145355514
192,2020-10-23,4.46,4.47,4.49,4.44,173292,12.1288,1.5162,0.12500824483873096
193,2020-10-26,4.46,4.45,4.47,4.42,185496,12.3459,1.5433,0.12500506240938286
194,2020-10-27,4.47,4.46,4.47,4.44,121809,12.2218,1.5278,0.12500613657562717
195,2020-10-28,4.44,4.49,4.5,4.44,177798,11.9427,1.4929,0.125005233322448
196,2020-10-29,4.52,4.52,4.55,4.48,734862,11.8186,1.4774,0.12500634592929788
197,2020-10-30,4.53,4.47,4.57,4.45,556518,12.0978,1.5123,0.1250061994742846
198,2020-11-02,4.47,4.49,4.5,4.45,248090,12.1288,1.5162,0.12500824483873096
199,2020-11-03,4.52,4.48,4.52,4.47,306806,12.1598,1.52,0.12500205595486769
200,2020-11-04,4.48,4.44,4.49,4.43,218864,12.2218,1.5278,0.12500613657562717
201,2020-11-05,4.44,4.44,4.46,4.4,454039,12.2218,1.5278,0.12500613657562717
202,2020-11-06,4.44,4.48,4.5,4.43,286317,12.0978,1.5123,0.1250061994742846
203,2020-11-09,4.48,4.5,4.51,4.46,494621,12.0978,1.5123,0.1250061994742846
204,2020-11-10,4.51,4.56,4.57,4.5,581757,11.7565,1.4696,0.12500318972483307
205,2020-11-11,4.56,4.61,4.63,4.51,486364,12.2839,1.5356,0.12500915832919515
206,2020-11-12,4.59,4.57,4.62,4.55,211703,12.47,1.5588,0.1250040096230954
207,2020-11-13,4.56,4.52,4.58,4.51,228412,12.532,1.5666,0.12500797957229492
208,2020-11-16,4.51,4.57,4.58,4.51,235944,12.6871,1.586,0.1250088672746333
209,2020-11-17,4.57,4.58,4.61,4.55,292452,12.6871,1.586,0.1250088672746333
210,2020-11-18,4.6,4.61,4.62,4.57,273177,12.7802,1.5976,0.12500586845276285
211,2020-11-19,4.61,4.61,4.62,4.57,229132,12.9043,1.6131,0.12500484334679138
212,2020-11-20,4.62,4.68,4.69,4.61,363616,12.9663,1.6209,0.1250086763378913
213,2020-11-23,4.68,4.73,4.74,4.68,427887,12.9663,1.6209,0.1250086763378913
214,2020-11-24,4.74,4.66,4.74,4.64,374141,12.9663,1.6209,0.1250086763378913
215,2020-11-25,4.67,4.71,4.78,4.66,427701,12.9973,1.6247,0.1250028852146215
216,2020-11-26,4.71,4.8,4.81,4.64,483508,12.9663,1.6209,0.1250086763378913
217,2020-11-27,4.79,4.83,4.86,4.78,410303,13.1524,1.6441,0.12500380158754296
218,2020-11-30,4.83,4.97,5.05,4.81,666116,13.0283,1.6286,0.1250047972490655
219,2020-12-01,4.95,4.97,5.01,4.88,414939,13.1524,1.6441,0.12500380158754296
