,日期,开盘,收盘,最高,最低,成交量,pe,pb,roe
0,2020-01-03,78.78,78.78,79.9,78.38,375472,43.46,2.555,0.05878969167050161
1,2020-01-06,78.14,78.3,79.66,77.74,490566,41.8995,2.4633,0.05879067769305122
2,2020-01-07,78.38,78.7,79.42,77.82,338417,42.9709,2.5263,0.05879094922377702
3,2020-01-08,77.98,76.62,78.54,76.22,378720,41.4803,2.4386,0.05878935301817972
4,2020-01-09,77.66,77.66,78.54,77.26,284673,40.572,2.3852,0.05878931282657991
5,2020-01-10,78.54,77.82,78.94,77.26,323241,40.7117,2.3935,0.05879145307123013
6,2020-01-13,77.42,78.7,78.7,76.54,308119,41.6899,2.451,0.05879121801683381
7,2020-01-14,78.7,77.74,79.02,77.66,272813,39.687,2.3332,0.05879003200040316
8,2020-01-15,77.74,77.58,78.14,77.18,154458,39.5239,2.3236,0.05878974493913809
9,2020-01-16,77.9,77.02,78.06,77.02,163058,38.7553,2.2784,0.05878937848500721
10,2020-01-17,77.26,77.02,78.22,76.94,189392,38.9882,2.2921,0.05878958248906079
11,2020-01-20,77.02,78.06,78.06,76.46,232139,37.3346,2.1949,0.058789969626030544
12,2020-01-21,77.66,76.86,78.06,76.62,230733,37.9169,2.2291,0.058789088770442734
13,2020-01-22,76.7,77.34,77.82,75.66,251912,38.1032,2.2401,0.058790337819395744
14,2020-01-23,76.54,74.22,76.94,73.74,343335,38.5224,2.2647,0.05878917201420472
15,2020-02-03,67.18,67.18,67.18,67.18,93562,39.9664,2.3496,0.05878938308178871
16,2020-02-04,62.78,66.14,67.18,62.78,529504,43.0175,2.529,0.058790027314465046
17,2020-02-05,66.46,66.94,68.62,65.9,332561,42.2955,2.4866,0.05879112435129034
18,2020-02-06,66.94,68.06,68.62,66.38,338192,38.4526,2.2606,0.05878926262463397
19,2020-02-07,67.9,68.38,68.62,67.42,293664,36.4263,2.1415,0.0587899402354892
20,2020-02-10,68.14,69.18,69.58,67.66,282581,36.6825,2.1566,0.058790976623730666
21,2020-02-11,69.5,69.02,70.38,68.94,248093,35.6344,2.095,0.058791504838021695
22,2020-02-12,69.02,70.06,70.3,68.78,268385,34.796,2.0457,0.05879124037245661
23,2020-02-13,69.82,68.94,70.38,68.7,230110,36.1934,2.188,0.06045301076991939
24,2020-02-14,68.86,70.46,71.5,68.7,428319,35.7974,2.1641,0.06045411119243296
25,2020-02-17,73.02,77.18,77.18,72.46,1037705,35.2618,2.1317,0.06045352194159118
26,2020-02-18,78.46,79.42,81.74,78.06,1712945,34.9357,2.112,0.06045391962949076
27,2020-02-19,78.62,84.86,87.02,78.38,3100461,36.8921,2.2303,0.060454677288633615
28,2020-02-20,84.14,93.02,93.02,83.74,3267524,37.9635,2.295,0.06045280335058674
29,2020-02-21,92.38,92.06,98.54,89.1,3160097,37.125,2.2444,0.06045521885521886
30,2020-02-24,90.62,91.98,94.94,90.46,1900082,36.4263,2.2021,0.060453573379673484
31,2020-02-25,90.7,95.82,97.18,89.58,2338765,35.844,2.1669,0.06045363240709742
32,2020-02-26,93.42,89.74,94.54,88.86,1973400,36.7291,2.2204,0.06045342793588735
33,2020-02-27,91.18,89.98,92.78,89.18,1125470,35.5412,2.1486,0.06045378321497304
34,2020-02-28,86.54,83.58,87.5,83.26,1272802,36.2167,2.1894,0.06045277454875789
35,2020-03-02,84.78,87.1,88.3,83.58,1166610,36.6359,2.2148,0.060454363070103365
36,2020-03-03,88.94,87.18,90.54,86.38,1001238,35.6111,2.1528,0.06045306098379438
37,2020-03-04,86.62,90.14,90.14,86.38,1018994,32.3737,1.9571,0.06045339272310549
38,2020-03-05,91.58,93.34,96.3,89.5,1703032,32.5834,1.9698,0.06045409625760357
39,2020-03-06,91.26,89.9,92.78,89.9,915263,32.9094,1.9895,0.06045385209089197
40,2020-03-09,88.14,86.3,89.58,85.18,1008661,32.8628,1.9867,0.060454373942573365
41,2020-03-10,86.7,89.58,89.98,85.26,1003678,32.6765,1.9754,0.0604532309151837
42,2020-03-11,89.18,86.78,89.42,86.78,650426,32.9793,1.9937,0.060453072078546236
43,2020-03-12,85.98,85.5,87.5,84.94,535795,33.7945,2.043,0.060453624110432175
44,2020-03-13,79.18,84.38,86.7,79.18,811049,34.7028,2.0979,0.06045333517756492
45,2020-03-16,84.86,78.94,85.58,78.22,898093,33.8876,2.0486,0.06045279099139508
46,2020-03-17,80.94,79.1,81.58,76.78,694825,35.5412,2.1486,0.06045378321497304
47,2020-03-18,79.58,75.58,80.3,75.58,748381,35.1919,2.1275,0.060454252256911395
48,2020-03-19,75.58,78.78,80.06,75.1,917984,35.7276,2.1599,0.060454662501819315
49,2020-03-20,79.18,80.06,80.06,77.66,525181,35.9838,2.1754,0.06045498251991173
50,2020-03-23,77.42,76.62,78.38,75.9,512472,36.24,2.1908,0.06045253863134657
51,2020-03-24,78.38,78.3,78.78,76.06,533318,35.2851,2.1331,0.060453279146155184
52,2020-03-25,80.46,79.02,80.46,78.54,564495,33.0026,2.0421,0.06187694302873107
53,2020-03-26,78.06,77.1,78.46,76.94,373861,32.6998,2.0234,0.0618780543000263
54,2020-03-27,78.14,78.22,80.22,77.34,568994,34.0972,2.1098,0.06187604847318841
55,2020-03-30,77.02,77.1,77.82,75.9,400601,33.8178,2.0925,0.061875698596597056
56,2020-03-31,78.22,76.78,78.54,76.78,336233,33.678,2.0839,0.061877189856879865
57,2020-04-01,76.06,75.9,78.06,75.66,400309,33.1656,2.0522,0.061877366910292594
58,2020-04-02,75.42,77.34,77.42,75.1,390434,33.8643,2.0954,0.061876371281851396
59,2020-04-03,77.02,76.06,77.1,75.82,292222,34.6096,2.1415,0.061875895705237854
60,2020-04-07,77.58,78.14,78.54,77.02,585342,34.8425,2.156,0.061878453038674036
61,2020-04-08,77.42,77.82,78.3,77.34,329479,32.7464,2.0263,0.06187855764297755
62,2020-04-09,78.78,82.22,84.86,78.38,1133517,32.3039,1.9989,0.061877977581654225
63,2020-04-10,81.66,80.06,82.06,79.34,755348,32.397,2.0046,0.06187609963885545
64,2020-04-13,78.86,79.42,79.66,78.38,402330,32.397,2.0046,0.06187609963885545
65,2020-04-14,79.82,81.9,82.3,79.02,710292,33.4917,2.0724,0.06187801753867376
66,2020-04-15,80.78,80.14,82.3,79.98,630411,33.7246,2.0868,0.06187767979457132
67,2020-04-16,79.66,80.62,82.06,79.5,515451,35.3549,2.1877,0.06187826864168757
68,2020-04-17,81.34,80.46,81.74,80.06,550667,34.2836,2.1214,0.06187798247558599
69,2020-04-20,80.54,80.38,80.94,79.58,387616,34.2836,2.1214,0.06187798247558599
70,2020-04-21,79.66,77.98,79.98,77.5,483149,34.6096,2.1415,0.061875895705237854
71,2020-04-22,77.02,78.06,78.22,76.86,304188,33.6081,2.0796,0.061877940139430675
72,2020-04-23,77.98,77.34,78.22,77.18,265271,33.2355,2.0565,0.061876607844022206
73,2020-04-24,77.42,76.38,77.98,75.98,305846,33.9109,2.0983,0.06187685965279601
74,2020-04-27,76.54,75.66,77.18,75.58,272099,32.4203,2.0061,0.06187789749015278
75,2020-04-28,76.78,77.02,77.74,74.62,455854,32.6067,2.0176,0.06187685353010271
76,2020-04-29,76.78,79.34,82.14,76.62,790264,31.7449,1.9643,0.0618776559384342
77,2020-04-30,79.9,81.26,81.98,79.34,744408,34.5863,2.1401,0.06187710162694477
78,2020-05-06,79.82,83.02,83.1,79.26,664250,34.5863,2.1401,0.06187710162694477
79,2020-05-07,82.78,82.14,83.42,81.74,579018,34.7727,2.1516,0.06187612696166821
80,2020-05-08,83.02,85.18,87.42,82.22,1002302,35.4714,2.1949,0.061878020038679045
81,2020-05-11,85.66,85.58,86.7,84.62,626326,33.4218,2.068,0.06187578167543341
82,2020-05-12,86.06,84.86,86.38,83.82,432268,33.7479,2.0882,0.06187644268235949
83,2020-05-13,84.14,85.26,85.98,83.82,386641,35.8906,2.2208,0.061876925991763865
84,2020-05-14,84.78,84.46,85.02,83.66,360403,37.9867,2.3505,0.06187692007992271
85,2020-05-15,84.94,84.06,85.34,83.98,305290,37.1017,2.2957,0.06187587091696607
86,2020-05-18,84.3,84.62,86.14,83.18,443254,36.4729,2.2568,0.06187607785506499
87,2020-05-19,85.98,84.62,86.38,84.22,347697,38.3827,2.375,0.06187683513666313
88,2020-05-20,84.3,83.66,84.94,83.34,340286,39.6171,2.4514,0.0618773206519407
89,2020-05-21,84.06,83.74,84.54,83.18,374005,37.1483,2.2986,0.061876317355033746
90,2020-05-22,83.34,80.78,83.9,80.7,465937,35.7509,2.2122,0.061878162507797006
91,2020-05-25,80.78,80.86,81.82,80.14,267229,32.4902,2.0104,0.061877119869991566
92,2020-05-26,81.18,82.38,82.62,81.1,298169,29.5323,1.8274,0.06187801153313491
93,2020-05-27,82.3,81.26,82.38,80.86,232152,26.8539,1.6616,0.06187555625067495
94,2020-05-28,81.58,83.58,84.62,81.58,620811,26.5744,1.6443,0.06187533867180445
95,2020-05-29,82.86,82.3,83.26,82.06,337625,25.7127,1.591,0.06187603791122674
96,2020-06-01,85.18,90.14,90.14,84.22,1221354,26.8306,1.6602,0.06187711046342608
97,2020-06-02,90.78,91.82,92.78,89.74,1472499,27.2964,1.689,0.06187629137908296
98,2020-06-03,92.38,89.74,93.1,89.5,1015658,26.8306,1.6602,0.06187711046342608
99,2020-06-04,90.38,89.82,91.98,89.5,640811,26.062,1.6126,0.06187552758805924
100,2020-06-05,89.98,90.38,91.82,88.54,798104,25.1071,1.5536,0.06187891074636259
101,2020-06-08,90.38,87.42,90.54,87.42,723367,24.8742,1.5391,0.06187535679539442
102,2020-06-09,87.9,88.78,89.66,87.66,672928,25.0838,1.5521,0.06187658967142139
103,2020-06-10,88.3,88.06,88.54,87.18,428800,24.0358,1.4873,0.061878531190973474
104,2020-06-11,87.74,86.94,90.06,86.62,704704,24.1056,1.4916,0.06187773795300677
105,2020-06-12,84.78,86.78,87.74,84.46,541122,24.1522,1.4945,0.06187842101340664
106,2020-06-15,87.66,86.54,90.78,86.46,781785,24.4783,1.5146,0.06187521192239657
107,2020-06-16,87.66,90.14,92.62,87.66,964623,24.6879,1.5276,0.06187646579903516
108,2020-06-17,89.5,89.42,89.98,88.3,599211,24.292,1.5031,0.06187633788901696
109,2020-06-18,89.18,90.22,91.1,88.46,780423,25.2702,1.5525,0.061435999715079424
110,2020-06-19,90.14,93.5,95.82,89.66,1615432,25.1071,1.5424,0.06143282179144545
111,2020-06-22,93.66,96.14,101.42,93.02,1825982,25.0838,1.541,0.06143407298734641
112,2020-06-23,95.98,97.74,97.98,94.94,1135079,25.6894,1.5782,0.061433898806511636
113,2020-06-24,97.98,96.14,99.1,95.74,868724,25.2003,1.5482,0.06143577655821558
114,2020-06-29,94.46,92.3,94.7,91.5,998475,22.9178,1.4079,0.06143259824241419
115,2020-06-30,92.78,95.26,96.86,91.74,1098404,23.2905,1.4308,0.0614327730190421
116,2020-07-01,95.5,96.22,97.18,93.82,973856,22.615,1.3893,0.06143267742648685
117,2020-07-02,96.14,105.42,105.42,95.74,1618521,22.9411,1.4094,0.06143558940068262
118,2020-07-03,111.98,115.58,115.58,110.38,3070192,22.4986,1.3822,0.06143493372920982
119,2020-07-06,123.9,126.78,126.78,121.42,1761690,22.4753,1.3808,0.06143633232926813
120,2020-07-07,131.98,131.58,139.1,125.18,4353375,23.337,1.4337,0.06143463170073274
121,2020-07-08,130.46,140.06,143.74,130.38,3407363,23.3138,1.4323,0.06143571618526366
122,2020-07-09,135.18,135.82,139.5,131.58,3252643,23.5932,1.4494,0.061432955258294765
123,2020-07-10,133.58,129.26,134.38,127.98,2173360,23.5932,1.4494,0.061432955258294765
124,2020-07-13,128.46,131.42,134.3,127.42,2057902,23.4302,1.4394,0.06143353449821171
125,2020-07-14,129.66,134.46,136.62,128.62,2135254,23.5467,1.4466,0.0614353603689689
126,2020-07-15,135.18,127.26,136.22,127.26,1777539,23.7796,1.4609,0.061435011522481466
127,2020-07-16,126.22,119.9,130.78,117.98,1654000,23.6631,1.4537,0.061433201905075834
128,2020-07-17,122.46,118.78,122.94,117.18,1237043,23.8727,1.4666,0.06143419051887721
129,2020-07-20,122.46,125.82,127.66,121.66,1351126,23.7563,1.4595,0.06143633478277341
130,2020-07-21,124.62,123.42,126.22,122.38,875306,22.8712,1.4051,0.06143534226450732
131,2020-07-22,124.38,122.78,128.38,121.98,1392532,23.1274,1.4208,0.06143362418603042
132,2020-07-23,119.98,122.78,123.74,118.38,1022924,22.615,1.3893,0.06143267742648685
133,2020-07-24,121.58,113.02,122.3,112.14,1247269,22.0561,1.355,0.061434251748949266
134,2020-07-27,114.38,115.98,116.94,111.98,859276,21.3806,1.3398,0.06266428444477705
135,2020-07-28,117.58,115.34,117.98,113.58,622105,20.9847,1.315,0.06266470333147484
136,2020-07-29,115.18,120.46,121.74,114.54,1080669,21.1943,1.3281,0.06266307450588131
137,2020-07-30,120.78,118.14,120.78,117.9,687952,21.4738,1.3456,0.06266240721251012
138,2020-07-31,118.14,119.42,121.9,117.82,814274,21.6834,1.3587,0.06266083732256011
139,2020-08-03,121.5,122.86,123.02,119.58,1029821,21.6601,1.3573,0.06266360727789806
140,2020-08-04,122.94,121.74,123.98,121.02,742599,22.3588,1.4011,0.06266436481385405
141,2020-08-05,121.34,121.74,122.94,119.98,585680,22.3821,1.4025,0.06266168053935958
142,2020-08-06,121.66,125.42,127.18,118.46,994498,22.4287,1.4054,0.0626607872948499
143,2020-08-07,123.02,119.82,123.42,118.22,916154,22.289,1.3967,0.06266319709273632
144,2020-08-10,117.58,119.02,121.82,116.86,663249,22.8014,1.4288,0.06266281894971361
145,2020-08-11,119.02,115.26,120.78,114.78,680063,22.0794,1.3836,0.06266474632462839
146,2020-08-12,114.86,115.26,116.38,112.06,598431,22.2657,1.3952,0.06266140296509878
147,2020-08-13,115.74,114.94,116.86,113.74,445077,22.8945,1.4346,0.06266133787590907
148,2020-08-14,114.94,116.46,116.54,114.06,410990,21.6136,1.3544,0.06266424843616981
149,2020-08-17,118.38,123.66,127.02,118.22,1400295,21.7067,1.3602,0.06266268018630193
150,2020-08-18,123.98,122.86,124.86,122.06,750934,21.1012,1.3223,0.06266468257729418
151,2020-08-19,121.74,120.3,123.66,119.74,596132,21.4738,1.3456,0.06266240721251012
152,2020-08-20,119.58,117.9,120.62,117.26,473183,27.0563,1.3456,0.04973333382613291
153,2020-08-21,118.86,119.66,120.94,117.58,441856,27.3855,1.362,0.049734348469080356
154,2020-08-24,119.82,120.14,121.42,118.62,385506,27.5053,1.3679,0.04973223342410372
155,2020-08-25,121.26,121.1,124.62,120.86,660468,27.9243,1.3888,0.049734460666874376
156,2020-08-26,120.06,116.3,121.02,115.9,704270,27.5053,1.3679,0.04973223342410372
157,2020-08-27,116.3,117.34,118.22,115.82,369587,28.2236,1.4036,0.04973143043410479
158,2020-08-28,117.58,125.18,125.98,117.26,1372954,27.9542,1.3903,0.04973492355352684
159,2020-08-31,126.46,128.46,136.62,126.46,1838347,27.3257,1.359,0.04973340115715242
160,2020-09-01,127.18,127.58,129.98,125.74,916681,28.6127,1.423,0.04973316044973036
161,2020-09-02,128.54,126.7,129.1,124.06,916974,28.1338,1.3992,0.04973377218861298
162,2020-09-03,125.42,124.86,128.7,124.14,650204,26.9366,1.3396,0.049731591960381044
163,2020-09-04,122.78,126.06,126.7,121.98,661451,28.2535,1.4051,0.04973189162404658
164,2020-09-07,125.9,120.38,125.9,120.06,699734,28.1936,1.4022,0.04973469156120538
165,2020-09-08,120.54,123.18,124.46,119.18,699020,30.2289,1.5034,0.04973386395138427
166,2020-09-09,120.78,120.06,123.1,119.66,565128,30.6479,1.5242,0.049732608106917604
167,2020-09-10,121.9,117.26,122.22,117.02,570980,31.1267,1.548,0.04973222346088728
168,2020-09-11,116.7,116.22,117.9,114.06,531890,32.1743,1.6001,0.049732239706846766
169,2020-09-14,117.1,116.86,117.82,115.34,359387,30.9472,1.5391,0.04973309378554441
170,2020-09-15,116.94,117.02,117.58,116.06,318654,32.294,1.6061,0.04973369666191863
171,2020-09-16,116.86,115.9,118.22,115.42,348585,33.581,1.6701,0.04973348024180339
172,2020-09-17,115.18,115.18,116.62,113.66,376928,32.3838,1.6106,0.04973474391516746
173,2020-09-18,115.9,126.3,126.3,115.18,1571141,31.2764,1.5555,0.04973398472970036
174,2020-10-13,127.98,129.82,133.9,124.22,2500393,31.2465,1.554,0.0497335701598579
175,2020-10-14,127.74,128.38,130.3,124.78,1353185,29.9296,1.4885,0.04973337431840051
176,2020-10-15,128.06,126.06,128.94,124.86,869673,32.3239,1.6076,0.04973409768004479
177,2020-10-16,127.02,130.14,133.1,126.54,1489371,32.2341,1.6031,0.04973304668037885
178,2020-10-19,130.78,127.1,130.86,125.66,899645,34.5088,1.7162,0.04973224221068249
179,2020-10-20,126.54,129.1,129.1,125.34,639386,33.0722,1.6448,0.049733613125222995
180,2020-10-21,128.22,131.5,133.26,126.78,1243665,33.1021,1.6463,0.04973400479123681
181,2020-10-22,129.98,134.38,136.62,129.74,1590388,33.4612,1.6641,0.04973222717655075
182,2020-10-23,133.02,130.7,135.58,130.46,1078692,30.4084,1.5123,0.049732968521855804
183,2020-10-26,127.98,123.98,128.14,123.18,1047765,28.3732,1.4111,0.04973355137947077
184,2020-10-27,123.58,125.1,125.66,122.38,607403,27.5352,1.3694,0.04973270577297423
185,2020-10-28,124.62,126.94,127.9,124.06,629676,25.0211,1.2444,0.04973402448333606
186,2020-10-29,124.86,128.3,129.98,123.66,844726,24.4524,1.2161,0.049733359506633296
187,2020-10-30,127.1,123.5,130.14,123.34,769443,24.8715,1.2369,0.04973162052952174
188,2020-11-02,123.98,126.38,128.94,122.3,947065,24.4824,1.2176,0.049733686239911125
189,2020-11-03,126.38,129.98,130.38,124.06,993662,24.5422,1.2206,0.04973474260661228
190,2020-11-04,128.94,129.1,130.78,127.42,698942,24.2429,1.2057,0.049734148967326516
191,2020-11-05,133.74,136.06,141.58,132.14,2025023,24.1232,1.1997,0.04973220799893878
192,2020-11-06,135.98,149.26,149.26,135.9,3092935,23.7042,1.1789,0.049733802448511236
193,2020-11-09,154.7,151.74,157.26,145.5,3236187,23.4049,1.164,0.04973317553161944
194,2020-11-10,149.58,141.26,150.38,141.18,2237397,23.794,1.1834,0.049735227368244095
195,2020-11-11,137.98,136.3,140.62,135.82,1263627,26.4278,1.3143,0.04973172189890948
196,2020-11-12,136.78,134.86,137.66,133.74,869171,27.5951,1.3724,0.04973346717351994
197,2020-11-13,133.82,134.22,135.66,133.26,662787,27.4155,1.3635,0.04973463916397658
198,2020-11-16,135.18,132.22,135.42,129.98,943634,27.8644,1.3858,0.049733710397496446
199,2020-11-17,132.78,137.9,137.98,131.02,1312411,27.4753,1.3664,0.049731941052508985
200,2020-11-18,136.78,137.1,141.1,135.5,1035324,27.4753,1.3664,0.049731941052508985
201,2020-11-19,135.42,139.74,140.14,133.02,951446,27.6848,1.3769,0.04973487256545108
202,2020-11-20,139.42,140.3,142.14,138.54,896986,27.7447,1.3798,0.049732020890476375
203,2020-11-23,139.9,147.18,152.62,138.06,1792064,28.1039,1.3977,0.04973331103512324
204,2020-11-24,145.02,143.82,149.1,143.74,1145501,27.7746,1.3813,0.04973248939678699
205,2020-11-25,145.98,143.34,148.38,142.86,1151869,27.7148,1.3783,0.04973155137327349
206,2020-11-26,142.14,146.46,147.5,142.06,916074,27.3257,1.359,0.04973340115715242
207,2020-11-27,145.66,151.58,151.98,144.14,1048898,28.1039,1.3977,0.04973331103512324
208,2020-11-30,152.22,147.9,159.58,145.18,2138568,27.9542,1.3903,0.04973492355352684
209,2020-12-01,147.82,153.26,157.34,144.54,1673987,28.1338,1.3992,0.04973377218861298
