,日期,开盘,收盘,最高,最低,成交量,pe,pb,roe
0,2020-01-03,403.5,413.92,417.93,402.5,182156,120.2139,6.9631,0.057922586323212205
1,2020-01-06,424.55,417.13,428.76,415.73,211710,119.7911,6.9387,0.05792333487212322
2,2020-01-07,415.33,421.14,426.15,411.72,133230,120.3548,6.9713,0.05792290793553727
3,2020-01-08,426.15,431.76,436.97,419.94,208202,119.5797,6.9264,0.05792287486922948
4,2020-01-09,420.74,424.15,424.55,418.53,138954,116.902,6.7713,0.057922875570991086
5,2020-01-10,422.14,416.93,426.55,414.92,93180,120.0378,6.9529,0.05792258771820209
6,2020-01-13,417.93,419.33,419.74,413.72,81044,123.4553,7.1509,0.05792298913047881
7,2020-01-14,419.74,417.33,422.74,416.33,63054,116.7611,6.7631,0.05792254440905404
8,2020-01-15,416.53,410.92,417.13,408.71,76224,116.8668,6.7693,0.0579232083021012
9,2020-01-16,410.92,441.38,455.01,410.72,519395,114.5767,6.6366,0.057922771383710644
10,2020-01-17,442.99,455.82,462.83,440.38,391797,114.1187,6.6101,0.05792302225665031
11,2020-01-20,462.83,504.53,504.53,461.23,485243,112.9208,6.5407,0.05792289817287869
12,2020-01-21,510.74,516.95,522.37,498.31,512151,112.7798,6.5325,0.057922606707938834
13,2020-01-22,507.13,522.37,525.77,500.52,417264,111.441,6.455,0.0579230265342199
14,2020-01-23,514.55,560.65,577.69,514.55,788466,111.6171,6.4652,0.05792302433946054
15,2020-02-03,503.12,522.77,530.99,501.52,782259,113.9777,6.6019,0.05792273400849464
16,2020-02-04,539.0,578.09,578.09,534.19,948664,115.8803,6.7121,0.057922701270190016
17,2020-02-05,578.89,639.03,639.03,572.28,651406,112.7446,6.5305,0.057922951520516276
18,2020-02-06,689.34,705.98,705.98,671.7,263445,113.5197,6.5754,0.057922986054402895
19,2020-02-07,779.54,734.64,779.54,727.43,1373930,112.498,6.5162,0.05792280751657807
20,2020-02-10,771.53,721.01,802.4,683.33,1110821,112.4275,6.5121,0.05792266127059661
21,2020-02-11,711.19,694.35,715.2,651.26,814412,106.8255,6.1876,0.0579224997776748
22,2020-02-12,697.36,728.03,739.05,687.74,911567,110.5249,6.4019,0.05792269434308468
23,2020-02-13,713.4,688.34,715.0,675.31,780599,112.6741,6.5264,0.0579228056847137
24,2020-02-14,694.95,724.42,746.47,680.32,855088,113.0617,6.5489,0.057923240142329364
25,2020-02-17,711.39,732.04,761.5,709.39,760109,116.902,6.8807,0.058858702160784246
26,2020-02-18,731.44,745.27,745.27,701.97,723459,116.7611,6.8724,0.05885864384628099
27,2020-02-19,731.44,691.55,731.44,681.32,616894,116.7963,6.8745,0.058858885084544635
28,2020-02-20,697.36,721.01,726.83,677.31,569036,117.3248,6.9056,0.05885882609644338
29,2020-02-21,711.39,770.52,796.18,705.38,984882,117.959,6.9429,0.058858586458006595
30,2020-02-24,757.5,747.07,767.52,727.43,681100,120.8129,7.1109,0.05885878080900301
31,2020-02-25,721.61,771.53,775.34,712.99,774819,122.3983,7.2042,0.05885866061865238
32,2020-02-26,758.3,709.39,765.11,691.35,690302,121.9756,7.1794,0.05885931284617579
33,2020-02-27,711.39,681.32,715.0,674.91,444747,124.4771,7.3266,0.05885901904848362
34,2020-02-28,632.21,651.46,681.52,632.21,449001,122.4336,7.2063,0.05885884267063943
35,2020-03-02,663.08,664.29,672.3,640.23,359351,122.6097,7.2167,0.05885912778515892
36,2020-03-03,671.7,668.49,699.36,662.28,359281,123.3144,7.2582,0.05885930596913256
37,2020-03-04,653.66,671.3,686.94,651.46,245834,118.9455,7.001,0.058858889155117264
38,2020-03-05,684.33,692.35,711.39,669.7,422462,117.1487,6.8953,0.05885938128207995
39,2020-03-06,672.3,697.16,718.41,663.48,426002,118.2057,6.9575,0.058859259748049376
40,2020-03-09,688.34,660.48,694.35,657.27,312206,115.1756,6.7791,0.05885882079190383
41,2020-03-10,653.26,729.63,729.63,652.86,513676,117.9943,6.945,0.05885877538152267
42,2020-03-11,751.48,763.31,805.6,743.46,1140992,117.043,6.889,0.05885871004673496
43,2020-03-12,751.48,696.56,753.89,685.33,778945,120.7776,7.1089,0.05885942426410195
44,2020-03-13,641.23,676.31,698.56,641.23,519080,122.1517,7.1897,0.058858779697703756
45,2020-03-16,672.9,606.96,680.32,605.75,585052,125.4284,7.3826,0.05885907816730501
46,2020-03-17,628.0,600.34,628.0,567.07,411785,123.2792,7.2561,0.058859077605954616
47,2020-03-18,608.76,594.73,633.22,593.33,364636,119.7911,7.0508,0.05885913060319172
48,2020-03-19,601.74,607.36,614.77,581.3,347211,118.5227,6.9761,0.05885876713912187
49,2020-03-20,611.17,596.33,617.58,586.11,287174,120.4958,7.0923,0.05885931293870823
50,2020-03-23,569.07,550.23,579.9,546.22,304445,118.8046,6.9927,0.05885883206542508
51,2020-03-24,564.06,554.24,568.67,532.99,246464,119.4388,7.03,0.058858595364320476
52,2020-03-25,571.08,571.08,577.09,559.05,242511,119.8264,7.0529,0.05885931647783794
53,2020-03-26,564.46,557.04,576.29,556.84,183247,127.1195,7.4821,0.05885879035081164
54,2020-03-27,569.27,567.47,577.49,563.86,245808,127.0138,7.4759,0.05885895863284147
55,2020-03-30,551.03,561.05,568.27,534.19,236846,127.5775,7.5091,0.05885912484568204
56,2020-03-31,565.86,555.44,574.08,552.03,143604,131.4179,7.7351,0.058858800817849014
57,2020-04-01,551.03,563.26,577.09,550.23,209513,129.9381,7.648,0.05885879507242295
58,2020-04-02,559.45,583.5,588.11,555.24,221968,134.0251,7.8886,0.05885912414913326
59,2020-04-03,588.11,567.27,588.11,563.06,206984,139.8738,8.2328,0.058858771263810665
60,2020-04-07,584.11,626.0,627.0,580.7,483038,139.0282,8.1831,0.05885928178599737
61,2020-04-08,608.76,617.58,623.99,607.16,322964,138.8872,8.1748,0.058859275728792855
62,2020-04-09,619.99,624.8,640.63,617.78,282188,135.7515,7.9902,0.05885901813239633
63,2020-04-10,615.18,628.2,644.84,608.56,322716,136.7028,8.0462,0.058859072381838566
64,2020-04-13,621.39,651.06,651.26,602.15,301341,134.9764,8.1132,0.06010828559659318
65,2020-04-14,651.26,660.08,673.31,640.23,311007,139.5919,8.3907,0.06010878854718648
66,2020-04-15,657.27,651.86,675.91,651.26,254512,142.34,8.5559,0.06010889419699311
67,2020-04-16,642.84,644.84,658.07,637.83,236612,146.3918,8.7994,0.06010855799300235
68,2020-04-17,649.25,635.02,654.66,634.42,217152,159.8859,9.6105,0.06010848986683629
69,2020-04-20,637.83,687.14,696.96,635.42,395158,145.3348,8.7359,0.06010879706718557
70,2020-04-21,697.36,682.93,714.8,668.9,475970,139.9442,8.4119,0.060108957713145665
71,2020-04-22,667.29,677.31,686.94,665.29,255211,127.2252,7.6473,0.06010837475594458
72,2020-04-23,682.93,661.08,682.93,655.47,253557,124.8999,7.5076,0.060108935235336454
73,2020-04-24,657.87,631.21,667.49,616.38,347112,126.8024,7.6219,0.06010848375109619
74,2020-04-27,625.4,597.54,627.2,593.53,312948,134.8707,8.1069,0.06010868187085853
75,2020-04-28,593.53,584.11,601.14,566.87,290673,137.7246,8.2784,0.06010836117875818
76,2020-04-29,582.7,606.36,612.97,582.7,205905,136.28,8.1916,0.060108599941297323
77,2020-04-30,606.36,628.81,633.22,606.36,223247,140.7193,8.4584,0.06010831492197587
78,2020-05-06,636.22,630.41,647.25,618.78,309632,140.0851,8.4203,0.060108462641637106
79,2020-05-07,623.39,620.59,634.62,619.79,196229,135.364,8.1365,0.060108300582134094
80,2020-05-08,629.41,662.28,676.51,623.99,489629,136.9142,8.2297,0.060108447480246754
81,2020-05-11,659.27,658.87,659.27,643.24,318366,124.4771,7.4821,0.06010824480968789
82,2020-05-12,657.27,667.89,682.33,651.06,315524,124.7589,7.4991,0.06010873773334007
83,2020-05-13,661.28,664.89,674.31,656.07,188488,122.4336,7.3593,0.06010849962755322
84,2020-05-14,661.08,671.5,678.52,651.26,288595,117.8181,7.0819,0.060108760877997526
85,2020-05-15,674.11,659.27,674.11,659.27,208643,116.0917,6.9781,0.06010851766319212
86,2020-05-18,661.28,661.28,684.13,648.25,329089,119.7559,7.1984,0.060108938265254576
87,2020-05-19,663.28,667.29,673.71,656.27,206162,126.4149,7.5986,0.06010842076369162
88,2020-05-20,670.7,632.81,670.7,631.81,298275,122.046,7.336,0.06010848368647887
89,2020-05-21,633.02,623.59,638.63,611.17,209731,121.7289,7.317,0.060108979872487145
90,2020-05-22,627.6,620.79,644.44,615.18,221884,126.0625,7.5774,0.060108279623202775
91,2020-05-25,614.97,597.94,615.58,592.72,175592,117.3248,7.0522,0.06010834878900284
92,2020-05-26,600.14,608.76,609.76,600.14,135378,115.1052,6.9188,0.06010849205770026
93,2020-05-27,610.77,606.56,627.2,604.75,210992,120.7776,7.2598,0.06010882812706992
94,2020-05-28,602.15,590.92,612.77,579.09,227955,126.5206,7.605,0.0601087886083373
95,2020-05-29,599.74,615.38,634.82,587.11,333253,124.9703,7.5118,0.0601086818228011
96,2020-06-01,629.21,623.39,631.21,613.17,297033,125.7807,7.5605,0.06010858581642494
97,2020-06-02,619.38,630.81,647.85,616.38,333753,130.7133,7.857,0.06010864999965573
98,2020-06-03,623.79,630.81,643.84,621.99,284555,130.678,7.692,0.05886224154027457
99,2020-06-04,627.2,627.2,636.42,618.98,187806,118.8046,6.9931,0.058862198938424946
100,2020-06-05,626.2,631.81,640.83,622.19,168859,118.558,6.9786,0.05886232898665632
101,2020-06-08,637.22,628.4,646.65,628.2,190439,110.7363,6.5182,0.058862360400338466
102,2020-06-09,627.2,616.38,633.42,608.96,197320,110.6306,6.5119,0.05886165310501796
103,2020-06-10,613.97,622.19,625.4,606.36,150794,109.1509,6.4248,0.05886163100808148
104,2020-06-11,620.19,628.0,639.23,618.38,232929,108.6224,6.3937,0.05886170808231083
105,2020-06-12,611.17,634.82,634.82,610.16,194391,108.27,6.373,0.05886210399926111
106,2020-06-15,639.43,629.41,644.84,626.8,204695,109.3975,6.4394,0.058862405448022126
107,2020-06-16,625.2,626.8,633.22,613.37,215150,113.9425,6.7069,0.05886214538034535
108,2020-06-17,630.41,641.83,643.84,625.2,306713,114.929,6.765,0.05886242810778828
109,2020-06-18,640.63,620.39,640.63,612.77,291470,114.2948,6.7276,0.05886182048527142
110,2020-06-19,619.18,619.99,622.39,614.17,169883,114.3653,6.7318,0.058862259793836066
111,2020-06-22,625.6,623.59,633.02,619.18,204210,118.1352,6.9537,0.05886221888141723
112,2020-06-23,634.82,617.98,641.03,617.58,325435,115.4927,6.7981,0.058861728923126744
113,2020-06-24,617.18,592.12,617.18,588.72,372016,115.9508,6.8251,0.05886203458708349
114,2020-06-29,587.11,585.71,595.93,581.5,143074,116.902,6.8811,0.05886212383021676
115,2020-06-30,592.12,587.71,594.73,585.71,121203,115.7041,6.8106,0.058862218365641324
116,2020-07-01,588.72,590.72,590.92,584.31,141217,114.6824,6.7504,0.05886169107029501
117,2020-07-02,590.32,599.14,600.14,585.71,186860,113.6606,6.6903,0.05886208589432045
118,2020-07-03,601.14,599.74,602.35,593.53,193614,115.7746,6.8147,0.058861788336992744
119,2020-07-06,601.34,644.24,651.06,601.14,480027,116.3736,6.85,0.05886214742862642
120,2020-07-07,654.26,645.64,666.69,629.81,516457,115.5632,6.8023,0.058862163733783765
121,2020-07-08,647.45,713.2,713.2,647.25,755205,116.1974,6.8396,0.05886190224566126
122,2020-07-09,735.45,715.4,742.86,693.35,731031,116.1974,6.8396,0.05886190224566126
123,2020-07-10,715.6,687.34,716.6,685.33,499653,114.8938,6.7629,0.058862184034299506
124,2020-07-13,668.29,682.73,682.73,653.26,536458,113.4845,6.6799,0.05886178288664972
125,2020-07-14,673.31,691.55,711.59,673.31,482273,109.1861,6.4269,0.05886188809747761
126,2020-07-15,691.55,658.87,697.36,657.47,335556,111.9342,6.5887,0.058862260149266266
127,2020-07-16,653.46,626.6,670.9,615.98,304281,112.3218,6.6115,0.05886212649726055
128,2020-07-17,629.41,639.23,653.06,625.4,246494,110.4192,6.4995,0.05886204573117719
129,2020-07-20,645.24,688.94,692.75,645.24,399512,114.4358,6.7359,0.0588618247087013
130,2020-07-21,688.74,664.29,688.74,660.48,268054,114.929,6.765,0.05886242810778828
131,2020-07-22,668.29,666.09,690.95,662.08,296273,116.5497,6.8604,0.05886244237436905
132,2020-07-23,673.31,690.95,702.37,659.27,565115,122.6097,7.2171,0.058862390169782654
133,2020-07-24,693.35,653.06,696.96,652.46,477582,121.5528,7.1548,0.05886166340882316
134,2020-07-27,652.26,632.21,652.66,622.19,235006,121.2004,7.1341,0.05886201695703974
135,2020-07-28,635.22,642.04,654.86,631.21,172649,123.3496,7.2606,0.05886196631363215
136,2020-07-29,636.42,668.29,670.7,630.81,303780,122.1869,7.1922,0.05886228392732772
137,2020-07-30,691.35,681.52,713.4,676.31,551197,122.7154,7.2233,0.058862212892595384
138,2020-07-31,681.52,679.92,700.57,667.69,457170,121.13,7.13,0.058862379261949975
139,2020-08-03,688.14,750.68,750.68,684.73,524706,121.7289,7.1652,0.058861946505718854
140,2020-08-04,783.55,741.86,828.66,733.44,1131248,114.4005,6.7338,0.05886163084951552
141,2020-08-05,725.42,768.72,783.35,724.42,681058,116.1269,6.8355,0.058862330777795666
142,2020-08-06,759.5,772.33,795.58,746.47,635017,115.8451,6.8189,0.05886222205341443
143,2020-08-07,760.9,747.07,764.71,727.63,494934,111.899,6.5866,0.05886200949070143
144,2020-08-10,746.47,755.29,799.59,743.46,582756,107.9882,6.3564,0.058861986772628855
145,2020-08-11,742.26,739.05,772.53,733.64,419118,110.3488,6.4954,0.05886244345203573
146,2020-08-12,731.64,693.15,731.64,673.71,447020,93.4349,6.979,0.07469371722985736
147,2020-08-13,694.95,682.33,705.38,679.32,229500,97.6536,7.2941,0.074693610885825
148,2020-08-14,685.73,695.56,705.38,683.33,233961,99.947,7.4654,0.07469358760142876
149,2020-08-17,741.06,767.92,767.92,715.8,599214,100.7398,7.5247,0.07469441074927685
150,2020-08-18,753.49,798.59,841.28,747.87,916958,101.3344,7.5691,0.07469427953389964
151,2020-08-19,818.83,881.37,881.37,802.6,1003323,93.9728,7.0192,0.0746939539951986
152,2020-08-20,869.75,804.6,893.2,790.37,1110218,95.3602,7.1228,0.07469363529019443
153,2020-08-21,823.64,781.55,827.65,764.11,624672,96.3512,7.1969,0.07469445113293867
154,2020-08-24,779.54,765.91,779.54,751.08,391580,97.512,7.2836,0.07469439658708671
155,2020-08-25,765.91,739.65,770.32,732.04,396874,96.2379,7.1884,0.07469406543575868
156,2020-08-26,727.63,749.48,757.9,723.62,361287,93.0102,6.9473,0.07469395829704699
157,2020-08-27,749.48,744.06,749.48,726.63,244300,92.5288,6.9113,0.07469350083433482
158,2020-08-28,744.27,761.9,768.72,743.86,310509,91.5095,6.8352,0.07469388424152684
159,2020-08-31,773.73,762.71,779.75,751.48,349814,92.6987,6.924,0.0746936041174256
160,2020-09-01,762.11,767.52,778.74,756.69,285709,84.4028,6.3044,0.07469420445767203
161,2020-09-02,767.52,734.24,767.52,732.44,366527,86.6962,6.4757,0.0746941619125175
162,2020-09-03,728.03,710.99,728.23,707.18,282925,83.8366,6.2621,0.07469410734691054
163,2020-09-04,695.15,719.41,722.22,693.35,188182,82.7323,6.1796,0.07469392244625135
164,2020-09-07,718.81,697.56,722.02,693.35,192512,83.5251,6.2388,0.07469371482344829
165,2020-09-08,697.56,694.35,707.38,673.71,180066,84.4311,6.3065,0.07469404046613155
166,2020-09-09,687.34,694.95,705.78,679.32,196710,82.9588,6.1965,0.07469370338047321
167,2020-09-10,700.37,653.46,703.77,623.19,235598,84.9408,6.3446,0.07469437537673297
168,2020-09-11,649.25,651.26,657.27,635.22,142860,82.5624,6.1669,0.07469380735056153
169,2020-09-14,653.26,647.65,656.47,644.64,112781,81.9962,6.1246,0.07469370531805132
170,2020-09-15,647.25,657.27,661.28,640.83,120463,88.5083,6.611,0.07469355981303448
171,2020-09-16,657.47,646.04,658.87,643.24,89438,90.0655,6.7274,0.07469452787138249
172,2020-09-17,646.85,653.26,657.27,642.24,99089,88.2818,6.5941,0.07469376473973117
173,2020-09-18,653.26,673.11,673.11,650.25,135607,89.0746,6.6533,0.07469357145583588
174,2020-09-21,678.32,685.33,698.36,673.51,175194,90.0089,6.7231,0.07469372473166543
175,2020-09-22,675.71,666.69,677.72,666.29,106855,99.8054,7.4549,0.07469435521524888
176,2020-09-23,667.09,658.87,670.1,654.26,74266,102.6651,7.6685,0.07469432163412884
177,2020-09-24,653.66,637.63,654.06,637.43,98670,112.0935,8.3727,0.07469389393675815
178,2020-09-25,643.44,643.04,653.26,638.03,67825,107.3368,8.0174,0.07469386081940212
179,2020-09-28,640.63,627.0,647.45,626.0,73353,97.5686,7.2878,0.074694112655096
180,2020-09-29,635.22,644.24,648.05,633.22,128811,102.75,7.6748,0.07469391727493918
181,2020-09-30,648.65,638.23,649.25,634.42,80753,102.0705,7.6241,0.07469445138409238
182,2020-10-09,652.46,648.45,653.26,644.24,83260,99.0976,7.402,0.07469403900800826
183,2020-10-12,651.46,673.31,675.11,649.45,161325,98.7012,7.3724,0.07469412732570627
184,2020-10-13,672.7,669.3,672.7,663.28,103971,98.1066,7.328,0.07469426114043295
185,2020-10-14,669.3,668.29,685.13,665.49,141060,96.2945,7.1926,0.07469377794162699
186,2020-10-15,665.49,679.92,684.93,663.28,166024,100.5133,7.5077,0.07469359776268414
187,2020-10-16,676.91,665.69,677.31,659.68,98179,104.4772,7.8038,0.07469380879273181
188,2020-10-19,668.29,668.09,676.91,664.49,91678,113.2544,8.4594,0.07469378673146473
189,2020-10-20,663.48,659.07,667.29,648.45,79713,109.8001,8.2014,0.07469392104378775
190,2020-10-21,657.67,642.84,658.87,640.23,79182,113.1128,8.4488,0.07469358021373355
191,2020-10-22,640.23,639.23,641.23,633.62,56750,106.1194,7.9265,0.07469416525159396
192,2020-10-23,641.23,636.22,648.85,633.42,58802,101.9573,7.6156,0.0746940140627498
193,2020-10-26,634.22,636.02,639.83,626.8,56568,109.5453,8.1824,0.07469421326154568
194,2020-10-27,636.02,636.82,642.24,630.41,56143,107.6766,8.0428,0.07469403751604341
195,2020-10-28,634.82,614.97,635.22,608.76,105980,106.6007,7.9624,0.0746936933810003
196,2020-10-29,607.56,612.77,616.78,603.15,69380,101.5042,7.5818,0.0746944461411449
197,2020-10-30,615.78,600.54,625.4,597.13,93156,107.1103,8.0005,0.07469403035935854
198,2020-11-02,594.93,579.49,603.75,574.88,111707,102.3536,7.6452,0.07469400196964249
199,2020-11-03,580.1,611.37,612.97,579.49,127011,106.1194,7.9265,0.07469416525159396
200,2020-11-04,611.57,611.77,619.18,603.15,81390,108.0447,8.0703,0.07469408494817421
201,2020-11-05,615.18,617.58,619.18,605.15,98370,103.9958,7.7679,0.07469436265695345
202,2020-11-06,618.98,613.17,621.59,609.36,70784,94.5391,7.0615,0.0746939626038327
203,2020-11-09,613.17,631.01,637.22,612.37,132157,85.9318,6.4186,0.07469411789349228
204,2020-11-10,634.42,620.19,636.02,617.58,80928,78.1172,5.8349,0.07469417746667828
205,2020-11-11,615.98,606.76,626.0,603.15,73109,83.4685,6.2346,0.0746940462569712
206,2020-11-12,606.15,605.75,617.98,603.75,65142,78.0606,5.8307,0.07469453219678046
207,2020-11-13,605.75,613.37,618.98,595.53,76225,77.2961,5.7736,0.07469458355596208
208,2020-11-16,613.17,614.17,618.18,609.16,59179,75.5407,5.6424,0.07469350959151821
209,2020-11-17,617.18,620.99,632.01,612.77,132413,68.6605,5.1285,0.07469360112437282
210,2020-11-18,623.19,623.59,632.21,615.58,88488,66.6219,4.9763,0.07469465746248606
211,2020-11-19,618.18,636.62,641.03,611.17,173972,62.3182,4.6548,0.07469407011113928
212,2020-11-20,636.82,636.02,643.24,628.0,125513,63.2243,4.7225,0.07469438174878963
213,2020-11-23,636.22,674.11,676.31,623.19,290658,63.5074,4.7436,0.07469365774697122
214,2020-11-24,667.29,654.66,671.3,653.26,202075,63.1676,4.7182,0.07469335545437851
215,2020-11-25,654.26,636.82,660.48,635.62,125091,64.1869,4.7944,0.07469436910023698
216,2020-11-26,639.43,652.06,658.27,638.23,145760,65.2628,4.8747,0.07469339347989973
217,2020-11-27,651.26,656.47,666.89,642.24,130567,63.7622,4.7627,0.07469472508790474
218,2020-11-30,656.07,653.26,667.29,650.86,126664,63.1959,4.7204,0.07469471911943654
219,2020-12-01,655.87,655.67,662.08,651.66,103937,62.7429,4.6865,0.07469371036404118
