,日期,开盘,收盘,最高,最低,成交量,pe,pb,roe
0,2020-01-03,209.46,209.83,211.29,209.02,39891,81.0642,11.3209,0.1396535091939475
1,2020-01-06,209.75,204.5,211.29,202.89,85569,81.5979,11.3954,0.13965310381762278
2,2020-01-07,204.79,210.34,211.43,204.79,69160,81.1874,11.3381,0.1396534437609777
3,2020-01-08,209.61,207.78,211.51,207.64,44059,78.2109,10.9224,0.139653168548118
4,2020-01-09,210.05,209.1,210.92,207.71,48758,79.3604,11.0829,0.13965277392755077
5,2020-01-10,210.05,209.46,210.78,208.0,35690,78.0056,10.8937,0.13965279415836812
6,2020-01-13,209.1,212.31,212.53,209.1,55366,77.3487,10.802,0.13965328441201985
7,2020-01-14,215.81,212.31,216.54,211.51,57508,77.8003,10.8651,0.13965370313482084
8,2020-01-15,212.6,212.67,215.16,211.87,34441,75.0496,10.4809,0.13965297616509614
9,2020-01-16,213.4,211.07,213.4,209.46,37257,74.4132,10.3921,0.139653986120742
10,2020-01-17,210.7,218.59,219.46,210.05,79782,72.2578,10.091,0.13965274337164982
11,2020-01-20,226.25,225.74,231.8,219.03,148655,72.8736,10.177,0.13965276862951742
12,2020-01-21,229.32,237.86,237.86,228.3,218105,70.1434,9.7958,0.13965390899215036
13,2020-01-22,240.49,229.76,240.93,227.13,140567,70.205,9.8044,0.13965387080692257
14,2020-01-23,232.61,235.16,241.0,230.27,165501,69.9792,9.7728,0.13965292544070237
15,2020-02-03,253.19,233.56,253.19,213.84,240481,72.0936,10.0681,0.13965317309719588
16,2020-02-04,232.82,230.85,235.16,224.79,190428,73.0789,10.2057,0.1396531693826809
17,2020-02-05,238.74,249.84,253.27,234.65,328519,71.8678,10.0366,0.1396536418256855
18,2020-02-06,254.73,274.15,274.15,251.08,374281,71.7446,10.0194,0.1396537160984938
19,2020-02-07,276.56,262.9,282.4,251.95,343672,71.1288,9.9334,0.1396536986424627
20,2020-02-10,266.41,274.07,279.7,263.49,278019,71.3751,9.9678,0.1396537447933523
21,2020-02-11,268.6,265.39,271.81,256.92,166880,70.1845,9.8015,0.1396533422621804
22,2020-02-12,267.87,269.69,272.03,263.12,120064,70.7387,9.8789,0.13965340047244296
23,2020-02-13,269.69,267.8,275.02,263.49,162712,73.5305,10.2688,0.13965361312652572
24,2020-02-14,293.93,293.93,293.93,290.43,386036,71.4367,10.4942,0.1469020825430066
25,2020-02-17,277.36,281.38,285.17,269.91,348952,76.4865,11.236,0.14690174083008112
26,2020-02-18,277.8,270.5,277.8,267.72,245615,83.7944,12.3096,0.1469024183000296
27,2020-02-19,271.15,258.6,271.15,258.45,211573,77.985,11.4562,0.14690260947618133
28,2020-02-20,258.74,262.83,264.58,257.36,149127,78.9293,11.5949,0.14690235438550706
29,2020-02-21,264.07,264.66,265.53,259.91,114354,79.9762,11.7487,0.14690245347991027
30,2020-02-24,267.07,265.17,271.45,263.49,126986,80.0584,11.7608,0.14690276098448132
31,2020-02-25,262.03,269.26,271.52,260.42,181827,78.3135,11.5044,0.1469018751556245
32,2020-02-26,267.87,259.11,267.87,259.11,139793,79.7094,11.7095,0.14690237286944827
33,2020-02-27,257.65,260.57,266.26,257.65,65426,80.0789,11.7638,0.14690261729369408
34,2020-02-28,255.46,259.33,265.53,255.24,116708,81.8032,12.0171,0.14690256615878106
35,2020-03-02,258.45,262.03,263.05,256.92,96879,84.205,12.3699,0.14690220295706904
36,2020-03-03,264.22,265.31,271.81,261.52,199652,84.3487,12.391,0.1469020862206531
37,2020-03-04,265.39,265.39,269.91,262.03,129046,84.3281,12.388,0.14690239670999344
38,2020-03-05,268.09,265.17,269.33,262.76,107463,81.5979,11.9869,0.14690206488157173
39,2020-03-06,263.49,261.81,267.36,261.3,114130,79.3604,11.6582,0.14690198134081986
40,2020-03-09,260.2,253.27,262.47,252.9,130091,82.5217,12.1226,0.14690196639187028
41,2020-03-10,250.35,254.22,255.97,245.24,184316,85.6214,12.578,0.1469025267047724
42,2020-03-11,255.9,251.15,258.52,251.15,72340,85.4572,12.5539,0.14690277706266996
43,2020-03-12,250.42,244.29,250.42,241.22,89493,85.8677,12.6142,0.1469027352543506
44,2020-03-13,232.82,241.29,246.4,230.93,89326,82.6859,12.1468,0.14690291815170423
45,2020-03-16,242.97,234.29,248.59,233.19,95047,83.7534,12.3036,0.14690269290560143
46,2020-03-17,237.21,253.12,254.22,232.9,183302,82.9322,12.1829,0.14690192711636735
47,2020-03-18,256.26,255.53,264.07,255.24,158292,81.6185,11.9899,0.1469017440898816
48,2020-03-19,253.05,242.83,257.65,232.9,136370,82.6654,12.1437,0.14690184768960168
49,2020-03-20,244.51,261.88,262.47,241.51,150340,83.0965,12.2071,0.14690269746619894
50,2020-03-23,255.75,259.47,264.22,253.27,130536,82.5422,12.1256,0.14690182718657852
51,2020-03-24,258.74,257.72,263.12,254.73,98751,82.2754,12.0864,0.14690174705926679
52,2020-03-25,259.11,269.4,270.42,255.97,141023,81.1463,11.9206,0.1469025698029362
53,2020-03-26,265.68,271.88,274.44,265.24,133067,79.9762,11.7487,0.14690245347991027
54,2020-03-27,273.56,264.8,273.93,264.44,90845,83.6918,12.2945,0.14690208598691867
55,2020-03-30,263.85,261.74,267.8,258.38,68679,83.9176,12.3277,0.1469024376292935
56,2020-03-31,263.49,272.1,273.34,262.39,87565,85.2929,12.5297,0.1469020281875748
57,2020-04-01,270.06,268.53,275.83,265.02,81066,86.1756,12.6594,0.14690237143692644
58,2020-04-02,267.14,266.85,269.18,262.03,77903,86.6272,12.7257,0.1469018968638026
59,2020-04-03,266.85,267.14,276.41,266.04,76752,88.3105,12.973,0.1469021237565182
60,2020-04-07,269.26,272.83,277.87,267.5,118775,86.8941,12.7649,0.1469018034596135
61,2020-04-08,270.79,272.54,273.27,267.72,71498,88.7621,13.5333,0.15246710026013355
62,2020-04-09,272.69,283.05,285.17,271.59,145605,88.68,13.5208,0.15246729815065402
63,2020-04-10,282.4,274.51,288.9,273.34,139863,88.1668,13.4425,0.15246668814111436
64,2020-04-13,275.17,276.48,281.74,270.06,72635,89.2959,13.6147,0.1524672465365151
65,2020-04-14,276.63,270.06,276.63,258.38,211121,90.6507,13.8213,0.1524676588266831
66,2020-04-15,270.35,268.23,275.61,265.46,91052,90.7328,13.8338,0.1524674649079495
67,2020-04-16,267.8,272.25,278.82,265.17,128013,90.5275,13.8025,0.1524674822567728
68,2020-04-17,270.06,260.5,272.1,259.84,180779,91.5744,13.9621,0.15246728343292448
69,2020-04-20,259.69,260.93,263.78,257.79,80446,96.6243,14.732,0.1524668225280804
70,2020-04-21,261.44,256.41,264.15,254.58,80742,95.6184,14.5787,0.15246751671226458
71,2020-04-22,254.14,257.87,258.82,251.81,92355,95.1052,14.5004,0.15246695238535854
72,2020-04-23,259.33,262.47,267.14,258.96,95624,94.7562,14.4472,0.15246706811797012
73,2020-04-24,260.64,253.12,262.03,253.12,77578,97.5686,14.876,0.1524670846973309
74,2020-04-27,254.73,258.45,266.41,249.18,163846,104.6712,15.9589,0.15246696321433212
75,2020-04-28,260.2,261.59,265.02,252.83,108192,102.6594,15.6522,0.1524672850221217
76,2020-04-29,261.3,258.74,264.22,257.65,56255,98.5128,15.02,0.15246749660957765
77,2020-04-30,258.67,255.31,260.5,254.0,85718,101.202,15.43,0.1524673425426375
78,2020-05-06,254.73,258.16,258.16,251.3,59713,104.8354,15.984,0.15246758251506645
79,2020-05-07,256.92,265.53,265.53,255.31,113277,101.7152,15.5082,0.15246688793808597
80,2020-05-08,265.53,262.9,267.87,262.17,77182,102.8852,15.6866,0.1524670214958031
81,2020-05-11,263.49,257.43,264.95,256.99,83544,101.8794,15.5333,0.15246752532896737
82,2020-05-12,258.38,259.4,260.93,255.31,54062,100.5861,15.3361,0.15246738863520903
83,2020-05-13,258.82,261.01,264.0,255.68,99651,95.4337,14.5505,0.1524671054355013
84,2020-05-14,260.13,260.42,263.85,257.36,59248,86.7504,13.2266,0.15246730850808757
85,2020-05-15,260.42,257.87,264.22,256.77,75277,86.5451,13.1953,0.1524673262842148
86,2020-05-18,259.84,259.76,261.81,253.85,100407,86.7709,13.2297,0.1524670137108178
87,2020-05-19,261.66,277.87,280.65,260.06,267463,96.419,14.7007,0.15246683744905049
88,2020-05-20,275.9,277.21,283.05,273.71,185453,87.8589,13.3956,0.15246719455854785
89,2020-05-21,278.31,274.95,281.38,273.71,120942,79.8941,12.1812,0.1524668279635167
90,2020-05-22,275.53,266.04,277.72,264.0,101804,76.6097,11.6805,0.1524676379100819
91,2020-05-25,267.07,270.5,272.25,264.95,75505,77.2255,11.7744,0.15246777295064454
92,2020-05-26,272.98,279.77,283.64,269.55,117717,74.8238,11.4082,0.15246753038471716
93,2020-05-27,281.23,281.3,286.05,277.36,114329,82.6243,12.5975,0.15246725237006545
94,2020-05-28,281.16,281.45,283.05,272.83,96577,81.3242,12.2082,0.1501176771489913
95,2020-05-29,279.62,287.58,294.08,278.31,164064,82.1967,12.3392,0.1501179487740992
96,2020-06-01,291.96,291.6,296.78,288.75,133496,79.682,11.9617,0.15011796892648277
97,2020-06-02,291.82,287.43,293.42,285.68,83164,77.2871,11.6022,0.15011819566266557
98,2020-06-03,286.85,297.95,304.59,286.34,123047,74.0711,11.1194,0.1501179272347785
99,2020-06-04,298.17,308.83,312.55,296.12,134646,73.8829,11.0912,0.15011863367572198
100,2020-06-05,309.85,310.94,316.05,306.05,88599,73.25,10.9961,0.1501174061433447
101,2020-06-08,311.09,303.5,313.72,301.74,115240,75.2514,11.2966,0.15011813733697976
102,2020-06-09,304.59,305.91,312.04,300.94,73777,74.7553,11.2221,0.15011778429087969
103,2020-06-10,305.83,309.48,312.26,302.47,77860,74.4303,11.1733,0.150117626826709
104,2020-06-11,308.9,307.0,311.6,304.96,84928,77.5437,11.6407,0.15011793350072283
105,2020-06-12,305.54,311.97,315.69,303.42,111717,77.2529,11.597,0.15011734187325007
106,2020-06-15,317.0,312.04,324.08,309.34,102717,75.0633,11.2683,0.15011730099795773
107,2020-06-16,312.77,320.73,321.53,309.12,84788,75.337,11.3094,0.15011747215843477
108,2020-06-17,331.31,337.81,347.08,321.89,248287,74.8922,11.2427,0.15011843689997087
109,2020-06-18,334.16,325.03,334.16,315.98,185422,75.7817,11.3762,0.1501180364124848
110,2020-06-19,320.58,329.93,335.91,319.05,127693,74.6356,11.2041,0.15011737026298444
111,2020-06-22,330.29,326.13,334.82,320.87,126984,77.6292,11.6535,0.15011748156621477
112,2020-06-23,323.94,328.03,330.95,321.53,88908,73.6263,11.0526,0.15011755310262773
113,2020-06-24,328.03,326.86,335.55,322.77,109934,71.5906,10.747,0.1501174735230603
114,2020-06-29,328.47,336.2,342.19,328.17,146873,71.5735,10.7445,0.1501184097466241
115,2020-06-30,334.89,337.45,342.19,331.46,96207,70.4103,10.5698,0.15011724136951554
116,2020-07-01,337.59,324.16,338.54,320.43,133536,70.9919,10.6572,0.15011853464972763
117,2020-07-02,321.89,325.55,331.97,319.85,129533,70.1537,10.5313,0.15011752765713
118,2020-07-03,325.55,327.66,330.44,320.51,97969,69.5892,10.4466,0.15011812177751718
119,2020-07-06,327.66,319.12,327.74,314.96,220768,71.334,10.7085,0.15011775590882329
120,2020-07-07,316.57,321.82,326.28,313.06,164832,70.838,10.634,0.15011716875123524
121,2020-07-08,321.89,322.62,323.87,318.39,99774,68.2891,10.2514,0.15011766153017098
122,2020-07-09,322.92,336.35,339.49,321.89,170317,65.8258,9.8816,0.15011743115921114
123,2020-07-10,337.23,346.57,349.64,335.62,155853,66.8008,10.028,0.15011796265912986
124,2020-07-13,346.57,357.3,361.68,343.14,182795,65.86,9.8868,0.15011843303978134
125,2020-07-14,360.52,353.58,361.76,347.74,133093,64.423,9.6711,0.15011874641044345
126,2020-07-15,358.78,359.57,368.94,351.24,171021,64.3888,9.6659,0.15011772233680393
127,2020-07-16,357.38,326.28,357.38,325.4,223852,64.0296,9.612,0.1501180703924435
128,2020-07-17,328.12,336.53,341.17,324.26,124582,61.8571,9.2859,0.15011857975883122
129,2020-07-20,339.77,333.9,341.43,323.82,121148,60.8136,9.1292,0.15011773682202667
130,2020-07-21,334.16,347.91,350.11,331.18,157894,62.9005,9.4425,0.15011804357676012
131,2020-07-22,352.91,381.91,381.99,350.81,397494,63.4308,9.5221,0.15011792378465982
132,2020-07-23,383.05,418.44,419.4,383.05,457404,63.5848,9.5452,0.15011763817767768
133,2020-07-24,427.2,377.26,427.2,377.26,448507,59.3424,8.9084,0.15011863355711938
134,2020-07-27,367.19,376.3,393.3,363.25,270841,58.8976,8.8416,0.15011817119882645
135,2020-07-28,376.65,377.18,379.98,363.68,193520,59.4964,8.9315,0.15011832648698073
136,2020-07-29,378.14,414.24,414.24,378.14,286813,59.6332,8.952,0.1501177196595185
137,2020-07-30,431.67,436.23,447.35,418.7,535499,59.2569,8.8955,0.1501175390545236
138,2020-07-31,431.23,441.74,444.99,421.86,320572,58.795,8.8262,0.1501182073305553
139,2020-08-03,444.99,446.04,460.32,424.84,341944,60.078,9.0188,0.1501181796997237
140,2020-08-04,442.97,441.04,475.56,434.47,419935,60.6938,9.1112,0.1501174749315416
141,2020-08-05,421.42,454.36,464.09,415.72,379460,58.9661,8.8519,0.15011845789360329
142,2020-08-06,456.11,438.85,458.83,428.25,257553,58.2989,8.7517,0.15011775522351192
143,2020-08-07,438.85,427.38,452.7,416.95,305347,59.1029,8.8724,0.15011784531723488
144,2020-08-10,419.58,445.07,455.94,415.02,284342,59.7701,8.9728,0.15012188368431706
145,2020-08-11,439.47,453.66,469.95,439.29,281379,59.0345,8.8624,0.15012238606238723
146,2020-08-12,453.66,423.35,455.85,411.69,279223,57.7857,8.6749,0.15012191597575178
147,2020-08-13,429.04,411.34,430.01,406.61,159962,59.9753,9.0036,0.15012180014105808
148,2020-08-14,414.32,412.83,418.09,403.2,137701,58.8976,8.8418,0.15012156692293063
149,2020-08-17,412.83,415.02,419.49,406.88,138658,58.5555,8.7904,0.1501208255415802
150,2020-08-18,411.69,419.32,429.22,410.99,182322,59.6161,8.9497,0.15012219853361758
151,2020-08-19,418.62,397.76,418.62,395.92,191710,59.5135,8.9343,0.15012224117217102
152,2020-08-20,399.08,393.3,403.37,388.92,135269,62.2676,9.3477,0.15012141145635932
153,2020-08-21,395.84,394.17,400.31,390.67,81830,61.3268,9.2065,0.15012196951414392
154,2020-08-24,399.43,393.82,402.76,387.08,97031,61.7544,9.2707,0.15012209656315986
155,2020-08-25,396.8,388.04,399.87,386.9,98321,63.2598,9.8143,0.15514276048928385
156,2020-08-26,391.02,383.22,394.26,379.37,107051,62.7979,9.7427,0.15514372295888876
157,2020-08-27,382.78,385.41,386.55,375.69,105778,64.7994,10.0532,0.1551434118217144
158,2020-08-28,385.41,385.76,389.79,377.7,127521,62.336,9.671,0.1551430954825462
159,2020-08-31,388.04,377.79,391.28,377.79,104044,62.4045,9.6816,0.15514265798139557
160,2020-09-01,377.79,383.83,387.16,375.77,78150,61.0702,9.4746,0.15514277012356273
161,2020-09-02,386.46,376.65,387.16,374.37,93769,61.0017,9.464,0.15514321732017305
162,2020-09-03,374.64,374.72,383.22,371.66,83702,73.6403,9.8872,0.13426343999141774
163,2020-09-04,374.2,370.96,374.2,363.68,99305,74.6457,10.0222,0.13426359455400644
164,2020-09-07,373.85,365.09,383.48,362.02,126692,71.7321,9.631,0.13426346084946628
165,2020-09-08,363.95,364.12,368.68,357.46,86344,72.5939,9.7467,0.13426334719583877
166,2020-09-09,359.57,348.27,362.11,341.61,159245,74.5842,10.0139,0.13426302085428282
167,2020-09-10,350.63,353.26,362.46,348.88,102920,73.8866,9.9203,0.13426385839922259
168,2020-09-11,353.52,358.08,365.09,353.43,67161,70.6036,9.4795,0.1342636919363885
169,2020-09-14,362.28,359.22,367.1,357.2,86040,71.0961,9.5456,0.13426334215238248
170,2020-09-15,359.22,361.58,363.07,353.26,71553,71.7732,9.6365,0.13426320687944804
171,2020-09-16,362.63,359.74,365.0,354.14,64261,66.4179,8.9175,0.1342635042661692
172,2020-09-17,359.92,355.27,361.76,350.89,68079,69.9881,9.3968,0.13426282468019562
173,2020-09-18,355.8,360.88,362.81,353.43,72494,69.311,9.3059,0.13426295970336596
174,2020-09-21,364.82,364.39,368.42,361.32,69519,64.0172,8.5952,0.13426391657242115
175,2020-09-22,364.39,359.83,375.51,358.95,130627,65.987,8.8596,0.13426280934123389
176,2020-09-23,360.09,373.41,377.0,357.38,152624,66.8283,8.9726,0.1342634781971111
177,2020-09-24,371.74,371.66,376.21,367.89,120375,68.757,9.2315,0.1342626932530506
178,2020-09-25,371.74,372.36,381.21,370.17,120805,69.6187,9.3472,0.1342627770986818
179,2020-09-28,373.23,359.13,377.18,359.13,73075,69.352,9.3114,0.13426289076017994
180,2020-09-29,358.78,345.64,358.78,331.97,178212,71.7527,9.6337,0.1342625434304214
181,2020-09-30,348.62,355.19,358.25,344.24,127664,72.6965,9.7605,0.13426368532185182
182,2020-10-09,361.76,366.84,369.9,358.34,94548,72.7581,9.7687,0.13426271439193713
183,2020-10-12,368.59,366.93,370.43,364.03,108424,72.7375,9.766,0.13426361917855303
184,2020-10-13,370.34,366.31,373.58,363.6,104033,71.8142,9.642,0.13426314015891008
185,2020-10-14,364.47,356.06,364.74,355.62,115953,71.055,9.5401,0.1342635986207867
186,2020-10-15,356.33,348.7,358.78,348.44,91046,71.4038,9.5869,0.13426316246474276
187,2020-10-16,349.23,347.13,352.82,344.32,58656,70.9935,9.5318,0.1342629959080761
188,2020-10-19,348.62,341.17,350.19,339.85,69029,73.8455,9.9147,0.134262751284777
189,2020-10-20,338.1,348.62,350.28,333.28,136320,72.6965,9.7605,0.13426368532185182
190,2020-10-21,348.62,348.27,358.6,347.48,99643,72.5529,9.7412,0.1342634133163526
191,2020-10-22,351.24,343.8,351.33,338.8,85500,72.0399,9.6723,0.13426309586770663
192,2020-10-23,344.24,339.77,345.2,329.6,213297,70.8499,9.5125,0.13426271596713613
193,2020-10-26,340.03,364.56,371.39,339.77,315012,74.1943,9.9616,0.13426368332877325
194,2020-10-27,362.63,333.37,366.14,328.82,394407,77.2516,10.372,0.13426259132496932
195,2020-10-28,324.44,311.82,324.44,303.58,338649,80.7807,10.8459,0.1342635060107179
196,2020-10-29,306.21,320.76,326.1,305.07,248891,73.4352,9.8596,0.13426258796871257
197,2020-10-30,322.07,308.84,323.12,307.44,131575,73.9686,9.9313,0.1342637281224736
198,2020-11-02,309.63,306.48,309.63,296.75,128400,72.7581,9.7687,0.13426271439193713
199,2020-11-03,309.19,311.56,314.36,304.55,83355,75.1997,10.0966,0.13426383349933577
200,2020-11-04,313.4,310.51,316.38,308.23,62943,72.0604,9.6751,0.13426375651536768
201,2020-11-05,311.73,313.13,323.12,311.73,124444,75.2203,10.0993,0.13426295827057325
202,2020-11-06,314.19,313.66,314.45,305.86,72150,68.3876,9.1819,0.1342626441050717
203,2020-11-09,313.4,318.83,321.98,312.61,91747,63.0529,8.4657,0.13426345179999652
204,2020-11-10,322.6,314.62,328.82,313.66,94883,63.8121,8.5676,0.13426293759334046
205,2020-11-11,313.22,305.6,314.62,304.02,86656,64.2635,8.6282,0.1342628397146125
206,2020-11-12,304.9,306.56,308.58,302.01,66404,62.7451,8.4244,0.13426387080425403
207,2020-11-13,306.21,306.3,306.39,302.18,48261,65.0226,8.7302,0.13426408664064496
208,2020-11-16,309.19,317.95,320.58,306.39,135726,61.6166,8.2728,0.13426252016502047
209,2020-11-17,320.49,315.32,321.28,311.91,58730,59.6058,8.0029,0.134263779699291
210,2020-11-18,314.27,324.52,330.22,313.57,130996,57.4924,7.7191,0.13426296345256067
211,2020-11-19,323.91,327.24,329.78,321.02,82022,57.9438,7.7797,0.13426285469713756
212,2020-11-20,327.59,338.98,341.61,325.92,138555,57.8412,7.766,0.1342641577284012
213,2020-11-23,339.07,337.05,342.4,334.16,100097,57.8412,7.766,0.1342641577284012
214,2020-11-24,335.47,339.85,340.82,331.27,94665,57.041,7.6585,0.13426307392927894
215,2020-11-25,339.85,345.64,354.31,338.63,174083,56.9384,7.6447,0.13426264173211752
216,2020-11-26,346.86,340.73,348.44,339.33,94697,56.5691,7.5952,0.1342641123864442
217,2020-11-27,340.64,353.43,354.14,336.0,142170,57.2872,7.6916,0.13426384951612227
218,2020-11-30,354.05,355.19,361.93,350.72,167099,55.6458,7.4712,0.13426350236675544
219,2020-12-01,356.33,352.91,357.38,348.44,107198,57.1436,7.6723,0.13426350457444053
