,日期,开盘,收盘,最高,最低,成交量,pe,pb,roe
0,2020-01-03,255.94,254.02,256.3,252.19,20695,77.5324,42.412,0.5470229220300159
1,2020-01-06,251.78,250.14,254.2,248.49,31500,77.3556,42.3153,0.5470230985216326
2,2020-01-07,251.51,251.37,251.96,249.95,21692,79.7867,43.6452,0.5470235014106362
3,2020-01-08,251.87,253.7,253.88,249.0,28876,79.7278,43.6129,0.5470224940359574
4,2020-01-09,252.51,258.45,258.49,252.51,34507,80.5898,44.0845,0.5470233205691043
5,2020-01-10,258.49,258.35,262.19,255.39,29738,83.3967,45.6199,0.547022843829552
6,2020-01-13,258.35,261.0,261.23,256.76,18040,80.4719,44.02,0.5470232466239768
7,2020-01-14,260.87,251.55,260.87,250.82,50577,79.7867,43.6452,0.5470235014106362
8,2020-01-15,251.55,251.55,254.43,248.86,27981,76.8841,42.0573,0.5470220760859527
9,2020-01-16,252.78,253.29,254.43,251.73,16206,74.8654,40.9531,0.5470230573803119
10,2020-01-17,253.29,250.96,255.34,248.86,26020,74.4013,40.6992,0.5470226998721796
11,2020-01-20,247.03,254.57,255.8,247.03,25110,76.0295,41.5899,0.5470231949440678
12,2020-01-21,255.3,244.06,255.3,239.41,51063,76.5157,41.8558,0.5470223757999992
13,2020-01-22,243.42,244.43,245.75,237.03,35722,78.4827,42.9319,0.5470237389896118
14,2020-01-23,245.75,238.08,246.26,233.24,42788,76.9946,42.1178,0.5470227782208102
15,2020-02-03,216.21,216.58,220.23,216.21,41255,78.8658,43.1414,0.547022917411603
16,2020-02-04,216.67,226.39,231.55,216.21,39978,77.7829,42.549,0.5470225460866077
17,2020-02-05,227.9,227.4,231.46,224.43,34651,78.829,43.1213,0.5470233036065407
18,2020-02-06,227.99,236.17,237.99,224.89,33833,80.0372,43.7822,0.5470231342425772
19,2020-02-07,235.66,247.21,248.68,232.56,38660,78.2175,42.7868,0.5470233643366255
20,2020-02-10,246.71,245.8,248.08,240.78,30013,77.1198,42.1863,0.5470229435242312
21,2020-02-11,246.44,245.8,249.77,243.11,21571,78.0333,42.686,0.5470228735680793
22,2020-02-12,245.84,244.79,247.63,241.6,22857,78.7701,43.089,0.5470222838361256
23,2020-02-13,245.34,244.89,245.53,240.23,19384,78.6006,42.9963,0.5470225418126579
24,2020-02-14,244.66,243.74,246.21,239.91,26317,78.0112,42.6739,0.5470227351969974
25,2020-02-17,243.06,242.88,245.3,240.78,27129,76.3905,41.7873,0.5470222082588804
26,2020-02-18,242.51,240.78,242.51,239.13,29570,75.1896,41.1304,0.5470224605530553
27,2020-02-19,240.78,247.03,250.73,238.49,45444,73.5762,49.0233,0.6662929044990091
28,2020-02-20,247.58,248.63,250.64,245.34,42255,76.14,50.7315,0.6662923561859732
29,2020-02-21,247.85,240.27,247.85,239.22,57571,76.5599,51.0113,0.6662926675714048
30,2020-02-24,239.86,237.12,239.86,232.88,42905,78.7627,52.479,0.6662925471066888
31,2020-02-25,232.92,235.21,239.54,232.92,38689,75.8821,50.5597,0.6662928411311759
32,2020-02-26,235.66,231.92,235.66,229.96,26579,78.468,52.2827,0.666293266044757
33,2020-02-27,232.56,233.93,237.63,232.15,21649,78.7922,52.4987,0.6662931102317234
34,2020-02-28,230.37,227.35,233.47,226.03,40034,78.7701,52.4839,0.6662921590806664
35,2020-03-02,227.31,229.36,232.1,227.17,27398,78.0923,52.0323,0.6662923233148467
36,2020-03-03,231.19,234.84,235.98,230.73,35484,77.9449,51.9342,0.6662937536644475
37,2020-03-04,233.79,235.71,238.36,233.06,26248,75.779,50.491,0.6662927724039642
38,2020-03-05,235.71,245.8,248.31,235.62,61221,76.0221,50.653,0.6662930910879863
39,2020-03-06,245.3,243.42,247.58,242.15,27402,76.6851,51.0948,0.6662937128594733
40,2020-03-09,239.54,238.22,242.97,235.75,29493,76.862,51.2126,0.6662928365121907
41,2020-03-10,233.97,249.73,250.23,233.97,53868,76.7735,51.1537,0.6662937081154304
42,2020-03-11,249.73,248.4,251.19,244.34,41278,75.6611,50.4125,0.6662935114609753
43,2020-03-12,245.43,248.9,250.36,241.19,31431,75.5138,50.3143,0.6662927835706851
44,2020-03-13,238.95,248.9,250.32,238.95,44966,73.3331,48.8613,0.6662925745672827
45,2020-03-16,248.45,241.23,251.73,241.14,43742,74.0477,49.3375,0.666293483794905
46,2020-03-17,241.69,242.42,246.85,231.96,38246,74.0919,49.3669,0.666292806636083
47,2020-03-18,242.47,232.56,243.01,231.23,28395,73.5909,49.0331,0.6662929791591079
48,2020-03-19,232.06,219.73,234.29,213.84,46730,74.0256,49.3227,0.6662924717935417
49,2020-03-20,221.6,215.98,223.7,209.73,44457,72.6037,48.3754,0.666293866566029
50,2020-03-23,211.92,206.4,212.79,205.76,29903,72.368,48.2183,0.6662931129781119
51,2020-03-24,208.36,217.03,224.8,208.36,61051,65.7891,43.8348,0.666292744542789
52,2020-03-25,218.31,223.02,226.07,217.03,35514,63.3652,42.2198,0.6662931703837437
53,2020-03-26,224.11,227.35,230.28,221.05,36267,61.3614,40.8847,0.6662934678804591
54,2020-03-27,229.36,226.62,234.84,226.17,33503,63.0779,42.0284,0.6662935830140191
55,2020-03-30,230.96,236.12,244.43,230.96,184883,62.6212,41.724,0.6662919266957515
56,2020-03-31,238.86,227.12,238.86,224.39,112115,64.7355,43.1329,0.6662943825258165
57,2020-04-01,226.12,228.27,232.79,220.28,44694,67.2551,44.8116,0.6662929651431638
58,2020-04-02,226.03,233.33,233.65,224.75,36234,68.1171,45.3859,0.6662923113285798
59,2020-04-03,234.84,234.48,238.49,231.14,36208,67.6161,45.0522,0.6662939743640938
60,2020-04-07,237.58,235.8,239.0,233.84,39943,67.0783,44.6938,0.6662929740318405
61,2020-04-08,233.93,233.93,235.71,230.64,42196,66.4079,44.2471,0.6662927151739477
62,2020-04-09,235.66,246.3,251.51,234.43,67771,65.2365,43.4666,0.6662926429222904
63,2020-04-10,248.95,256.21,259.86,244.7,52411,65.2586,43.4814,0.666293791163157
64,2020-04-13,257.85,256.71,259.86,251.73,31302,63.0632,42.0186,0.6662934960484086
65,2020-04-14,256.3,257.35,260.18,253.24,29870,62.1349,41.4001,0.66629382199054
66,2020-04-15,260.32,255.98,260.32,252.19,30351,62.1349,41.4001,0.66629382199054
67,2020-04-16,255.71,257.76,258.95,250.82,29505,59.6743,39.7606,0.6662935300455974
68,2020-04-17,257.26,253.56,260.41,252.19,36573,60.411,40.2514,0.6662925626127691
69,2020-04-20,255.07,254.34,255.84,249.31,38899,61.3687,40.8896,0.6662940554386846
70,2020-04-21,255.84,250.23,255.84,247.63,31725,56.2854,37.5026,0.6662935681366748
71,2020-04-22,252.1,251.73,253.47,246.26,30645,51.1652,43.3556,0.8473650059024493
72,2020-04-23,253.06,252.97,257.76,249.0,31774,49.9496,42.3255,0.8473641430562007
73,2020-04-24,252.05,256.07,260.36,249.36,40687,49.9496,42.3255,0.8473641430562007
74,2020-04-27,256.07,257.44,259.27,254.06,25422,50.3253,42.6439,0.8473650430300466
75,2020-04-28,255.98,266.25,270.27,255.39,47214,50.7084,42.9685,0.8473645392084941
76,2020-04-29,267.76,263.38,267.76,259.09,21048,51.5409,43.674,0.8473658783606806
77,2020-04-30,263.65,267.9,269.5,263.61,25699,52.6828,44.6416,0.8473657436582717
78,2020-05-06,266.8,270.82,272.28,264.93,38123,54.1489,45.8839,0.8473653204404891
79,2020-05-07,270.82,273.88,274.79,268.26,33419,52.9701,44.885,0.8473648341234016
80,2020-05-08,272.92,277.17,279.59,270.55,22478,53.3164,45.1785,0.8473659136775926
81,2020-05-11,277.17,275.16,281.82,273.19,21243,53.6479,45.4594,0.8473658801183271
82,2020-05-12,277.07,276.8,279.13,273.97,19118,53.5595,45.3845,0.8473660134990059
83,2020-05-13,279.54,286.57,289.13,277.53,30179,53.2869,45.1535,0.8473658629043911
84,2020-05-14,285.34,285.75,290.0,281.91,21123,52.8744,44.8039,0.8473646982282541
85,2020-05-15,283.42,277.49,288.26,275.75,28088,51.2757,43.4492,0.8473643460742613
86,2020-05-18,277.49,283.92,286.53,272.74,26916,51.2757,43.4492,0.8473643460742613
87,2020-05-19,284.11,283.56,284.11,278.22,15577,52.9701,44.885,0.8473648341234016
88,2020-05-20,282.1,278.58,286.11,277.3,18972,52.6754,44.6353,0.8473651837480114
89,2020-05-21,278.99,280.5,283.65,277.12,20982,51.4967,43.6365,0.8473649767849202
90,2020-05-22,282.78,285.29,291.0,278.9,37841,50.48,42.775,0.84736529318542
91,2020-05-25,288.03,291.27,297.3,277.76,41284,50.9294,43.1558,0.8473651761065317
92,2020-05-26,287.9,299.31,302.41,285.93,35398,50.0969,42.4504,0.8473658050697749
93,2020-05-27,301.14,299.95,303.69,296.75,27667,54.8119,46.4457,0.8473652619230496
94,2020-05-28,300.73,303.78,306.52,297.16,22671,53.3753,45.2284,0.8473657290919208
95,2020-05-29,303.65,307.44,307.44,302.05,18940,53.1396,45.0286,0.8473643008227385
96,2020-06-01,307.44,304.61,315.75,299.68,31756,51.784,43.88,0.8473659817704311
97,2020-06-02,304.47,296.57,304.47,295.11,33892,51.7177,43.8238,0.8473656021052753
98,2020-06-03,301.18,299.68,301.64,291.91,19930,51.9387,44.0111,0.8473662221041344
99,2020-06-04,301.32,317.48,318.85,300.13,36716,51.8724,43.9549,0.8473658438784403
100,2020-06-05,316.11,303.46,317.76,301.5,53883,51.7177,43.8238,0.8473656021052753
101,2020-06-08,301.09,293.28,301.96,290.59,48585,51.5188,43.6552,0.8473644572466751
102,2020-06-09,293.28,295.16,296.94,290.27,23255,52.7491,44.6978,0.8473661161991389
103,2020-06-10,293.92,296.3,296.62,293.01,14951,53.7069,45.5093,0.8473641189493344
104,2020-06-11,296.34,292.46,297.16,291.0,22917,53.7805,45.5717,0.8473647511644554
105,2020-06-12,288.99,292.83,295.06,288.72,19627,50.8779,43.1121,0.8473639831832682
106,2020-06-15,292.0,291.46,295.11,289.17,24056,49.7728,42.1757,0.8473644239423943
107,2020-06-16,293.33,300.82,303.56,291.87,24537,51.8135,43.9049,0.8473641039497428
108,2020-06-17,300.41,294.65,300.41,291.0,23028,49.758,42.1632,0.8473652477993489
109,2020-06-18,294.2,290.54,294.2,289.04,22799,45.2346,38.3302,0.8473646279617814
110,2020-06-19,293.28,306.07,306.07,290.68,52668,42.7297,36.2077,0.8473661177120364
111,2020-06-22,317.94,334.1,334.1,311.55,76477,43.3928,36.7695,0.8473640788333549
112,2020-06-23,342.64,346.84,351.18,334.79,61156,44.3874,37.6123,0.8473643421331278
113,2020-06-24,341.91,334.19,344.51,332.18,50746,42.8771,36.3325,0.8473637442830789
114,2020-06-29,334.38,341.04,344.88,332.55,33249,43.0981,36.5198,0.8473645009872823
115,2020-06-30,345.33,359.03,367.34,341.73,27810,43.0392,36.4699,0.8473647279689214
116,2020-07-01,362.59,358.57,373.78,352.46,36090,43.658,36.9943,0.847365889413166
117,2020-07-02,357.43,352.64,361.36,348.53,37590,43.4738,36.8382,0.8473655397043738
118,2020-07-03,352.5,345.01,352.5,339.63,37001,43.1718,36.5823,0.8473656414603977
119,2020-07-06,345.33,346.25,352.0,334.83,43490,44.8147,37.9744,0.8473648155627507
120,2020-07-07,346.11,347.21,353.92,339.31,50059,47.0764,39.8909,0.8473651341224053
121,2020-07-08,343.05,347.62,348.8,342.87,37507,44.2032,37.4562,0.8473639917472038
122,2020-07-09,345.15,346.25,352.91,343.05,51204,43.7022,37.0317,0.8473646635638481
123,2020-07-10,348.07,346.66,360.45,345.1,66718,44.9988,38.1304,0.8473648186173853
124,2020-07-13,343.05,355.06,356.7,340.31,48049,45.4556,38.5175,0.8473653411240859
125,2020-07-14,355.2,356.52,362.32,350.49,41246,45.8976,20.7537,0.45217396988077807
126,2020-07-15,356.84,365.42,369.76,354.51,44765,45.2788,20.4739,0.4521740858856684
127,2020-07-16,359.08,336.2,361.31,335.61,59967,45.1756,20.4273,0.45217551067390355
128,2020-07-17,341.22,341.36,345.79,336.2,25163,43.879,19.841,0.45217530025752645
129,2020-07-20,344.19,338.58,345.33,328.03,34267,42.9139,19.4046,0.45217516935072316
130,2020-07-21,331.86,344.88,351.5,329.12,26305,42.1404,19.0548,0.4521741606629268
131,2020-07-22,339.81,352.18,356.66,338.71,28518,41.8309,18.9149,0.45217530581460114
132,2020-07-23,352.23,354.01,361.31,348.3,29616,42.634,19.278,0.4521743209644884
133,2020-07-24,352.68,343.51,358.12,336.2,33685,42.6929,19.3046,0.45217354642106766
134,2020-07-27,349.9,343.51,352.09,340.77,20691,41.6541,18.8349,0.45217397567106243
135,2020-07-28,344.56,353.41,361.13,344.56,29195,42.9876,19.4379,0.45217458057672444
136,2020-07-29,353.41,355.97,357.11,348.62,22246,43.1202,19.4978,0.4521732273969045
137,2020-07-30,356.02,357.66,363.05,352.09,21396,41.5436,18.785,0.4521755456917552
138,2020-07-31,357.66,358.21,365.88,353.41,30742,41.2784,18.665,0.4521735338579015
139,2020-08-03,358.76,356.15,361.27,349.9,32558,41.6026,18.8116,0.45217366222303407
140,2020-08-04,356.15,354.01,364.51,351.27,23650,41.0721,18.5718,0.452175564434251
141,2020-08-05,352.68,361.31,363.46,349.49,23007,40.5785,18.3486,0.4521754130882118
142,2020-08-06,360.26,352.23,361.36,346.2,22429,40.107,18.1354,0.45217543072281646
143,2020-08-07,351.04,345.15,354.46,340.31,19877,39.3777,17.8056,0.45217470802002147
144,2020-08-10,343.78,339.99,349.44,338.48,21751,39.8418,18.0154,0.4521733455817759
145,2020-08-11,342.5,337.62,346.06,337.48,17142,38.4199,17.3725,0.4521745241398338
146,2020-08-12,337.53,335.29,339.76,325.61,25581,38.1989,17.2726,0.4521753244203367
147,2020-08-13,334.28,335.29,345.29,334.28,20260,37.6979,17.046,0.4521737285100762
148,2020-08-14,335.06,342.82,343.42,333.51,26213,37.499,16.9561,0.4521747246593242
149,2020-08-17,361.31,374.55,374.55,361.31,32102,37.2559,16.8462,0.4521753601442993
150,2020-08-18,374.55,406.06,409.44,374.55,92132,37.919,17.146,0.45217437168701713
151,2020-08-19,407.75,400.12,411.54,390.99,66481,61.4574,18.3676,0.29886718279653873
152,2020-08-20,407.15,395.56,408.66,391.49,44973,62.5595,18.697,0.2988674781607909
153,2020-08-21,397.79,410.81,413.36,396.7,42193,62.0923,18.5573,0.29886636507264186
154,2020-08-24,410.03,410.81,416.33,403.14,35979,62.4517,18.6648,0.2988677650087988
155,2020-08-25,404.69,416.56,433.41,403.14,45383,62.284,18.6146,0.29886648256374027
156,2020-08-26,418.39,430.17,436.1,414.82,39850,62.1522,18.5752,0.2988663313607563
157,2020-08-27,423.73,430.03,431.85,417.84,28909,59.5526,17.7983,0.2988668840655152
158,2020-08-28,426.92,437.29,442.08,418.39,30084,56.306,16.828,0.29886690583596776
159,2020-08-31,437.33,441.44,448.11,433.13,31751,56.7972,16.9748,0.2988668455487242
160,2020-09-01,444.87,444.78,446.65,428.84,30840,56.4497,16.871,0.2988678416360051
161,2020-09-02,445.78,447.88,452.08,437.97,25686,56.1502,16.7815,0.2988680360889187
162,2020-09-03,448.34,442.54,458.61,437.33,33352,54.8205,16.384,0.2988663000155051
163,2020-09-04,437.97,426.92,441.17,422.63,42853,54.521,16.2945,0.298866491810495
164,2020-09-07,427.7,413.82,431.63,410.62,45117,56.881,16.9999,0.2988678117473322
165,2020-09-08,420.76,416.65,423.77,407.43,37409,54.3892,16.2551,0.29886631904863464
166,2020-09-09,418.39,406.01,422.13,403.23,33063,54.5809,16.3124,0.2988664532831082
167,2020-09-10,412.86,418.43,426.97,405.46,38911,53.4428,15.9723,0.2988672000718525
168,2020-09-11,416.97,433.45,437.97,414.82,29042,51.8734,15.5032,0.29886608550817956
169,2020-09-14,464.04,474.23,474.23,455.28,20842,49.082,14.669,0.2988672018255165
170,2020-09-15,477.74,475.69,490.89,468.06,81201,51.5978,15.4209,0.29886739357104375
171,2020-09-16,478.61,484.5,490.48,478.61,38816,52.5802,15.7145,0.2988672542135633
172,2020-09-17,470.71,481.8,488.2,469.25,42806,55.9466,16.7206,0.2988671340170806
173,2020-09-18,468.65,484.91,489.38,467.06,30695,58.5343,17.494,0.298867501618709
174,2020-09-21,486.42,484.64,486.42,472.4,21644,58.2228,17.4009,0.29886745398709785
175,2020-09-22,479.16,480.21,489.11,475.87,19536,60.2354,18.0024,0.29886744339707216
176,2020-09-23,484.59,493.72,500.93,478.93,31639,60.2354,18.0024,0.29886744339707216
177,2020-09-24,471.53,494.63,502.72,471.53,23837,60.1036,17.963,0.2988672891474055
178,2020-09-25,500.11,501.53,507.19,487.33,23650,60.4511,18.0668,0.29886635644347254
179,2020-09-28,505.14,502.08,512.44,491.44,25483,57.4321,17.1646,0.2988677063871946
180,2020-09-29,506.41,500.98,506.41,486.87,19303,58.7978,17.5727,0.29886662426145194
181,2020-09-30,505.14,496.87,507.42,493.86,19601,59.4208,17.7589,0.29886672680273574
182,2020-10-09,492.12,495.36,499.66,478.97,46550,56.7732,16.9676,0.29886636652505055
183,2020-10-12,496.28,508.79,516.92,491.71,32835,56.5456,16.8996,0.2988667553266744
184,2020-10-13,513.4,509.7,521.53,506.87,19608,55.108,16.47,0.29886767801408143
185,2020-10-14,505.96,513.9,518.38,505.96,23517,54.5809,16.3124,0.2988664532831082
186,2020-10-15,518.83,514.04,519.88,505.55,17911,56.306,16.828,0.29886690583596776
187,2020-10-16,520.66,512.03,526.41,505.09,18729,55.7789,16.6705,0.29886749290502324
188,2020-10-19,514.27,496.0,515.64,496.0,19183,56.6414,16.9283,0.29886796583417785
189,2020-10-20,503.81,513.86,514.27,496.28,20744,57.1446,17.0786,0.2988663845752705
190,2020-10-21,507.51,500.2,511.57,496.92,18759,57.9712,17.3257,0.2988673686244204
191,2020-10-22,499.61,497.6,504.18,481.76,22082,60.1635,17.9809,0.2988672534011485
192,2020-10-23,497.6,481.71,511.07,478.93,21981,59.7442,17.8556,0.2988675051302051
193,2020-10-26,470.62,491.71,500.3,464.04,26828,58.103,17.3651,0.29886752835481817
194,2020-10-27,491.71,499.15,500.57,490.16,19943,58.6541,17.5298,0.2988674278524434
195,2020-10-28,500.34,509.2,517.78,497.51,28839,58.8817,17.5978,0.2988670503738852
196,2020-10-29,508.83,512.85,527.96,500.11,22869,59.1812,17.6873,0.2988668698843552
197,2020-10-30,525.82,513.9,527.28,505.55,17864,59.1572,17.6801,0.2988664101749237
198,2020-11-02,512.53,509.34,521.12,507.37,20927,59.4208,17.7589,0.29886672680273574
199,2020-11-03,514.27,503.67,517.78,498.74,20137,59.4208,17.7589,0.29886672680273574
200,2020-11-04,503.67,510.48,514.27,495.96,22664,59.7922,17.8699,0.2988667418158221
201,2020-11-05,519.7,521.75,525.68,508.79,21366,56.893,17.0034,0.2988662928655546
202,2020-11-06,527.87,514.27,527.87,504.22,19807,54.5928,16.316,0.2988672498937589
203,2020-11-09,523.4,507.78,525.41,500.62,31651,54.3293,16.2372,0.2988663575639664
204,2020-11-10,502.99,514.5,525.22,498.83,34036,51.7536,15.4674,0.29886616583194214
205,2020-11-11,514.5,502.9,522.62,500.48,23575,57.3962,17.1538,0.2988664754809552
206,2020-11-12,509.84,512.12,514.27,496.73,28200,59.0614,17.6515,0.2988669418605045
207,2020-11-13,511.12,499.93,513.58,498.33,20859,58.9655,17.6229,0.298867982125141
208,2020-11-16,505.14,496.92,505.77,490.3,21516,61.7209,18.4464,0.2988679685487412
209,2020-11-17,502.76,486.83,502.76,479.89,21017,60.7745,18.1635,0.2988671235468823
210,2020-11-18,481.99,489.7,492.72,477.79,33253,61.3855,18.3461,0.2988669962776226
211,2020-11-19,488.65,502.21,505.59,480.02,37448,60.9303,18.21,0.2988660814077725
212,2020-11-20,501.48,520.2,525.68,493.04,34846,60.9303,18.21,0.2988660814077725
213,2020-11-23,527.6,524.45,535.27,513.9,24686,63.4101,18.9512,0.2988672151597301
214,2020-11-24,525.68,542.57,550.2,514.81,29188,62.7153,18.7435,0.2988664648020499
215,2020-11-25,543.21,525.18,546.23,514.27,37669,62.7392,18.7507,0.2988673747832296
216,2020-11-26,534.58,519.84,537.1,502.4,26690,61.4933,18.3783,0.2988667058037217
217,2020-11-27,523.86,520.2,527.33,510.61,13470,60.8823,18.1957,0.29886682993250907
218,2020-11-30,521.71,505.14,521.71,493.72,30252,60.5589,18.0991,0.2988677139115803
219,2020-12-01,500.57,506.23,507.65,492.9,23271,61.5772,18.4034,0.29886711315227066
