,日期,开盘,收盘,最高,最低,成交量,pe,pb,roe
0,2020-01-03,133.49,133.94,137.58,132.58,412639,36.7896,3.2557,0.08849511818557418
1,2020-01-06,132.58,134.24,136.97,132.12,555796,35.9417,3.1806,0.08849330999924879
2,2020-01-07,134.4,136.06,137.12,133.64,430260,35.404,3.1331,0.08849565020901592
3,2020-01-08,135.46,141.66,144.69,133.18,965813,35.342,3.1276,0.08849527474393074
4,2020-01-09,144.69,141.97,144.69,139.54,675979,33.5015,2.9647,0.08849454502037223
5,2020-01-10,142.27,146.36,148.63,139.54,712222,35.0111,3.0983,0.08849479165179043
6,2020-01-13,145.6,146.66,146.66,142.27,510388,34.4321,3.047,0.08849300507375386
7,2020-01-14,145.45,152.57,155.9,145.15,912187,34.5975,3.0617,0.08849483344172268
8,2020-01-15,151.66,159.99,160.14,150.9,964072,34.2046,3.0269,0.08849394525882484
9,2020-01-16,161.65,157.56,163.77,154.08,841026,34.6802,3.069,0.08849429934083425
10,2020-01-17,157.56,156.2,157.71,154.69,391851,35.6729,3.1569,0.08849574887379495
11,2020-01-20,163.77,150.3,167.56,149.54,1761919,35.9831,3.1843,0.08849432094511034
12,2020-01-21,152.87,155.75,160.44,151.05,1077753,34.3907,3.0434,0.08849485471362897
13,2020-01-22,154.69,160.44,162.41,151.81,970480,35.3213,3.1257,0.08849334537517023
14,2020-01-23,157.41,159.08,166.65,156.81,1161641,32.9638,2.9171,0.08849404498267797
15,2020-02-03,146.06,145.15,157.87,145.15,1205208,32.695,2.8933,0.0884936534638324
16,2020-02-04,146.66,154.08,155.14,146.36,1122051,33.791,2.9903,0.0884939776863662
17,2020-02-05,156.2,154.84,159.68,152.57,1199729,33.0465,2.9244,0.08849348645091007
18,2020-02-06,152.87,162.41,162.86,150.75,1433914,33.5842,2.972,0.0884939941996534
19,2020-02-07,160.29,158.77,163.32,156.2,1235121,33.0052,2.9208,0.0884951462193836
20,2020-02-10,158.93,169.37,171.34,157.56,1377383,32.757,2.8988,0.08849406233782094
21,2020-02-11,171.34,164.38,171.34,163.47,956794,32.8604,2.908,0.08849557522123894
22,2020-02-12,161.5,164.98,166.04,161.5,741843,31.5369,2.7908,0.08849316197850772
23,2020-02-13,164.07,159.23,164.38,158.32,868633,32.8397,2.9061,0.08849350024513013
24,2020-02-14,158.17,157.71,161.35,157.11,639262,33.2119,2.9391,0.08849538870103787
25,2020-02-17,158.47,163.01,163.01,157.56,808506,32.7156,2.8952,0.08849600802063846
26,2020-02-18,161.95,160.89,163.01,158.77,758061,32.9431,2.9153,0.08849501109488785
27,2020-02-19,160.29,153.93,160.29,153.32,1072400,33.0879,2.9281,0.08849458563402332
28,2020-02-20,153.47,156.2,157.71,151.81,850709,33.3567,2.9519,0.08849496502951433
29,2020-02-21,156.2,159.08,159.68,154.08,859323,33.4808,2.9629,0.08849549592602327
30,2020-02-24,162.56,164.83,166.04,160.14,1286412,34.4941,3.0525,0.08849339452254154
31,2020-02-25,162.26,179.37,179.37,161.2,2347995,34.1839,3.0251,0.08849487624290968
32,2020-02-26,180.43,172.1,187.7,169.98,2217563,34.9491,3.0928,0.0884944104426151
33,2020-02-27,175.73,170.59,176.95,167.1,1158723,35.1972,3.1148,0.08849567579239256
34,2020-02-28,166.8,171.49,181.19,166.8,1742320,37.41,3.6677,0.09804063084736703
35,2020-03-02,177.55,182.25,184.52,173.61,1797443,37.3273,3.6596,0.09804084410069842
36,2020-03-03,183.31,178.61,186.18,178.61,1585865,36.8723,3.615,0.09804107690597007
37,2020-03-04,178.31,179.22,182.7,176.34,1040962,35.4247,3.473,0.09803893893243978
38,2020-03-05,181.34,195.12,195.12,180.43,2168276,32.5295,3.1892,0.09804024039717796
39,2020-03-06,195.12,201.63,212.68,190.27,2977733,32.1159,3.1486,0.09803866620583573
40,2020-03-09,201.78,194.06,213.59,191.94,2596386,31.661,3.104,0.09803859638040491
41,2020-03-10,180.43,179.97,185.58,176.64,2348488,32.2814,3.1649,0.09804097715712454
42,2020-03-11,179.52,174.52,181.79,172.71,1442779,32.2607,3.1628,0.09803879023083814
43,2020-03-12,172.86,162.41,177.4,160.74,1565684,33.336,3.2683,0.09804115670746341
44,2020-03-13,150.75,156.2,160.44,150.45,1404550,33.2326,3.2581,0.09803927468810747
45,2020-03-16,159.08,149.99,161.8,148.78,1232211,34.0805,3.3413,0.09804140197473628
46,2020-03-17,150.45,146.81,152.87,139.85,1229370,34.8457,3.4163,0.09804079125975372
47,2020-03-18,148.18,143.33,151.36,143.18,839217,34.2666,3.3595,0.0980400740079261
48,2020-03-19,142.57,142.57,144.54,138.79,827240,34.2666,3.3595,0.0980400740079261
49,2020-03-20,144.39,144.84,147.27,142.57,763915,34.7423,3.4061,0.0980389899344603
50,2020-03-23,140.3,136.36,141.82,135.0,688186,33.853,3.319,0.0980415325081972
51,2020-03-24,138.79,138.03,140.3,132.88,659848,34.1012,3.3433,0.0980405381628799
52,2020-03-25,142.57,141.51,143.18,139.09,699555,33.8944,3.323,0.09803979418429004
53,2020-03-26,141.06,145.6,148.18,140.3,888129,34.2666,3.3595,0.0980400740079261
54,2020-03-27,147.57,143.94,148.02,143.78,549666,35.1145,3.4426,0.09803927152600778
55,2020-03-30,144.24,140.15,144.69,137.12,503928,36.4173,3.5704,0.09804131552860866
56,2020-03-31,141.82,139.85,143.33,138.94,390152,36.0865,3.5379,0.09803943302897206
57,2020-04-01,139.54,137.88,141.51,137.58,414079,35.9831,3.5278,0.09804046899794626
58,2020-04-02,136.52,141.82,142.12,135.0,477962,36.2312,3.5521,0.09803981099163152
59,2020-04-03,141.82,140.45,143.48,139.7,369487,36.438,3.5724,0.09804050716285197
60,2020-04-07,143.78,145.75,146.96,142.57,607688,35.9831,3.5278,0.09804046899794626
61,2020-04-08,144.69,147.87,149.24,144.54,633561,36.6448,3.5927,0.09804119547657512
62,2020-04-09,148.63,146.51,148.93,146.06,439431,36.8103,3.6089,0.09804049410083591
63,2020-04-10,146.66,156.5,158.47,145.9,1405563,34.7836,3.4102,0.09804045584700836
64,2020-04-13,160.44,167.1,170.13,157.26,1754556,34.9491,3.4264,0.0980397206222764
65,2020-04-14,167.1,168.16,170.43,162.26,1092732,34.8663,3.4183,0.09804022795650813
66,2020-04-15,168.31,168.77,173.01,165.89,833309,34.0185,3.3352,0.09804077193291884
67,2020-04-16,168.47,161.5,168.47,161.5,954063,33.1499,3.25,0.09803951143140703
68,2020-04-17,162.41,159.83,164.53,159.08,782290,32.9431,3.2297,0.09803873952360281
69,2020-04-20,159.23,173.77,173.77,157.71,1250295,34.3907,3.3717,0.0980410401649283
70,2020-04-21,176.34,178.61,182.4,173.16,1668598,34.5768,3.3899,0.09803972605909164
71,2020-04-22,177.4,175.28,180.28,173.31,886631,34.5561,3.3879,0.09804057749572434
72,2020-04-23,177.4,176.49,181.19,175.13,762353,32.8604,3.2216,0.0980389770057577
73,2020-04-24,175.13,175.89,181.19,171.8,954675,33.1913,3.2541,0.09804075164274977
74,2020-04-27,177.55,181.94,184.21,177.1,1087307,33.0052,3.2358,0.09803909686958417
75,2020-04-28,174.07,165.74,174.07,165.74,1606909,34.6182,4.1356,0.11946317255085476
76,2020-04-29,161.65,170.13,172.55,160.74,1068031,35.9417,4.2937,0.11946290798710135
77,2020-04-30,170.59,167.41,172.86,167.25,760530,35.3627,4.2245,0.11946203202809741
78,2020-05-06,167.1,182.09,182.09,166.65,1292854,37.2239,4.4469,0.11946357044801861
79,2020-05-07,186.49,184.06,187.7,179.22,1587095,38.7955,4.6346,0.1194623087729247
80,2020-05-08,187.85,189.21,192.09,184.67,1128134,35.3213,4.2196,0.11946332666124972
81,2020-05-11,189.21,185.88,189.21,182.85,850072,33.3774,3.9874,0.11946406850144109
82,2020-05-12,186.94,190.12,194.97,186.49,1015144,33.1913,3.9651,0.11946202770002984
83,2020-05-13,191.79,201.63,204.35,190.12,1360605,33.6669,4.0219,0.119461548286299
84,2020-05-14,201.48,204.05,206.62,198.9,973082,33.2326,3.9701,0.11946402026925369
85,2020-05-15,205.56,203.6,206.32,200.42,710674,31.9918,3.8218,0.11946186210216368
86,2020-05-18,221.92,221.92,221.92,217.98,666315,31.5162,3.765,0.11946237173263274
87,2020-05-19,231.91,220.56,237.97,212.98,2102522,34.0391,4.0664,0.11946261798931229
88,2020-05-20,222.37,229.04,233.73,222.37,1455723,32.7363,3.9108,0.11946371459205836
89,2020-05-21,224.19,226.46,233.73,222.07,1075972,33.0258,3.9454,0.11946417649231814
90,2020-05-22,228.73,226.46,231.31,221.62,848961,32.4882,3.8811,0.11946183537407429
91,2020-05-25,218.28,224.19,225.4,218.28,719547,31.0819,3.7131,0.11946180896277253
92,2020-05-26,223.58,233.28,235.55,223.58,759915,30.8958,3.6909,0.11946283960926728
93,2020-05-27,234.49,211.92,238.88,211.92,1635025,32.7156,3.9083,0.11946288620719167
94,2020-05-28,211.32,213.44,221.31,203.9,1013758,33.9771,4.059,0.11946281466046249
95,2020-05-29,211.92,211.47,214.95,205.87,848098,36.5621,4.3678,0.11946250352140604
96,2020-06-01,210.41,216.77,218.13,206.93,823662,36.5001,4.3604,0.11946268640359889
97,2020-06-02,216.62,214.35,220.25,212.53,609731,35.0318,4.185,0.11946288800461295
98,2020-06-03,217.07,214.35,217.38,210.71,440744,31.8471,3.8045,0.11946142662911222
99,2020-06-04,215.26,209.35,215.26,204.81,707046,31.206,3.728,0.1194642056014869
100,2020-06-05,211.62,224.19,226.76,210.71,942761,28.9726,3.4611,0.11946114604833533
101,2020-06-08,225.1,219.5,227.37,218.44,553556,28.5383,3.4093,0.11946401852948493
102,2020-06-09,220.56,219.5,221.16,216.77,323373,27.7731,3.3179,0.11946451782480169
103,2020-06-10,219.34,217.98,219.5,212.38,471177,26.8012,3.2017,0.11946106890736236
104,2020-06-11,211.62,214.35,219.65,210.11,569736,27.2355,3.2536,0.11946173193075216
105,2020-06-12,213.59,221.31,226.46,211.77,692534,26.8839,3.2116,0.11946183403449648
106,2020-06-15,227.52,232.52,234.94,222.83,938125,27.1734,3.2462,0.1194624154504037
107,2020-06-16,233.43,233.12,236.91,230.4,543023,27.5663,3.2138,0.11658438020336426
108,2020-06-17,234.64,230.7,235.7,228.43,455672,28.2694,3.2957,0.11658188712883895
109,2020-06-18,229.19,226.31,231.46,224.8,369885,28.3315,3.303,0.11658401425974622
110,2020-06-19,226.01,227.37,229.64,225.7,287848,28.1867,3.2861,0.11658335314172996
111,2020-06-22,229.04,226.92,231.91,225.1,395032,28.7864,3.356,0.11658283078120223
112,2020-06-23,227.07,221.77,227.37,220.25,354729,29.1173,3.3946,0.11658361180466596
113,2020-06-24,222.83,220.4,224.34,219.04,255189,29.0346,3.3849,0.11658159575127607
114,2020-06-29,220.56,218.28,229.64,214.8,507142,27.5043,3.2065,0.11658177085037613
115,2020-06-30,219.04,220.86,221.92,216.62,275409,26.553,3.0956,0.11658193047866532
116,2020-07-01,223.13,217.68,223.13,216.01,352677,27.0493,3.1535,0.11658342360061075
117,2020-07-02,218.59,224.8,227.82,215.56,565930,27.2561,3.1776,0.11658307681583205
118,2020-07-03,225.7,230.4,231.16,221.16,614592,27.2561,3.1776,0.11658307681583205
119,2020-07-06,233.28,233.58,235.85,228.13,872773,27.8972,3.2523,0.11658159241787705
120,2020-07-07,236.91,249.93,253.11,233.58,1001907,25.8706,3.0161,0.116584076132753
121,2020-07-08,248.72,254.63,258.41,245.09,769035,26.553,3.0956,0.11658193047866532
122,2020-07-09,258.41,277.95,277.95,254.63,1007872,26.553,3.0956,0.11658193047866532
123,2020-07-10,279.61,288.7,295.06,273.25,956437,26.8839,3.1342,0.11658278746759212
124,2020-07-13,294.0,289.15,301.42,279.16,1567432,26.1601,3.0498,0.11658212315702157
125,2020-07-14,290.36,270.22,290.36,262.95,1509155,26.4289,3.0812,0.11658449651707033
126,2020-07-15,272.8,260.99,275.07,260.38,857159,26.2221,3.057,0.11658105186083494
127,2020-07-16,262.65,247.66,266.59,245.69,822723,29.138,3.397,0.11658315601619876
128,2020-07-17,247.51,249.02,253.57,243.57,573994,27.8972,3.2523,0.11658159241787705
129,2020-07-20,253.26,259.32,259.93,251.6,659119,28.2074,3.2885,0.11658288250600907
130,2020-07-21,260.99,263.26,270.37,260.53,563621,28.2074,3.2885,0.11658288250600907
131,2020-07-22,263.86,261.14,265.07,258.56,460249,28.559,3.3295,0.1165832136979586
132,2020-07-23,258.56,270.68,270.98,256.29,850103,27.4009,3.1945,0.11658376184723859
133,2020-07-24,271.13,252.2,271.13,252.05,775998,27.587,3.2162,0.11658389821292639
134,2020-07-27,252.2,255.69,259.93,252.2,417240,25.0847,2.9244,0.11658102349240772
135,2020-07-28,257.65,264.77,266.74,255.84,580596,25.1468,2.9317,0.11658342214516361
136,2020-07-29,262.35,267.95,269.01,259.17,628032,24.8159,2.8931,0.11658251363037408
137,2020-07-30,269.92,264.47,273.25,263.71,578064,23.2442,2.7099,0.11658392201065214
138,2020-07-31,262.95,265.83,267.8,259.93,596783,22.6652,2.6424,0.11658401425974622
139,2020-08-03,270.22,280.07,283.25,270.22,1002000,23.1201,2.6954,0.11658254073295529
140,2020-08-04,286.58,305.5,305.96,280.07,1988477,22.417,2.6134,0.11658116607931479
141,2020-08-05,306.87,294.0,311.11,291.73,1739768,22.1482,2.5821,0.11658283743148429
142,2020-08-06,293.69,280.37,296.57,274.46,1291157,20.1422,2.3482,0.11658110831984589
143,2020-08-07,278.25,284.61,287.18,277.04,852551,20.5145,2.3916,0.11658095493431474
144,2020-08-10,263.71,274.92,277.04,258.41,1523145,19.9148,2.3217,0.11658163777692972
145,2020-08-11,276.73,263.11,280.07,262.65,1055656,44.1279,2.8977,0.06566593923572162
146,2020-08-12,262.65,264.47,267.5,251.29,916322,42.4783,2.7894,0.06566646970335442
147,2020-08-13,264.62,262.05,267.5,256.29,539849,42.6432,2.8002,0.06566580369203061
148,2020-08-14,267.65,274.46,275.07,265.83,897573,42.3133,2.7785,0.06566493277527398
149,2020-08-17,275.83,274.61,280.22,269.77,735440,43.2206,2.8381,0.06566544656945994
150,2020-08-18,277.04,273.25,277.79,270.07,535659,41.9009,2.7514,0.06566446066790928
151,2020-08-19,272.95,262.65,272.95,261.74,587202,38.1067,2.5023,0.06566561785722722
152,2020-08-20,260.08,264.17,268.56,257.5,383211,38.5604,2.5321,0.06566581259530502
153,2020-08-21,268.1,270.53,274.92,267.19,581893,40.5399,2.6621,0.0656661708588329
154,2020-08-24,273.86,276.73,284.15,273.55,700167,40.375,2.6512,0.06566439628482972
155,2020-08-25,281.88,277.34,283.09,274.61,578748,40.0863,2.6323,0.06566582598044718
156,2020-08-26,275.83,276.13,281.43,272.49,565959,37.1994,2.4427,0.06566503760813347
157,2020-08-27,277.64,290.97,295.06,273.86,1033702,34.4775,2.264,0.06566601406714523
158,2020-08-28,291.12,289.76,293.69,284.61,723176,34.8487,2.2884,0.06566672501413252
159,2020-08-31,292.63,284.91,295.06,284.31,718287,34.2713,2.2504,0.06566427302144943
160,2020-09-01,286.43,288.24,288.55,278.25,575330,32.8279,2.1557,0.06566670423633555
161,2020-09-02,288.7,286.73,293.09,284.61,539481,33.199,2.18,0.06566462845266424
162,2020-09-03,288.85,284.91,291.88,284.46,488118,32.1268,2.1096,0.06566480321725163
163,2020-09-04,279.31,285.67,287.49,275.07,526797,32.6629,2.1448,0.06566471440074213
164,2020-09-07,285.67,288.09,294.6,285.67,722474,32.7454,2.1502,0.0656641848931453
165,2020-09-08,286.43,278.55,287.94,274.61,642628,33.7764,2.2179,0.0656641915657086
166,2020-09-09,273.86,272.34,279.76,265.98,533557,34.2301,2.2477,0.06566442984390931
167,2020-09-10,275.37,269.62,277.49,269.47,412673,33.1165,2.1746,0.06566515181254057
168,2020-09-11,271.43,271.13,274.61,266.13,345835,32.168,2.1123,0.06566463566277045
169,2020-09-14,272.65,269.31,276.58,267.5,324342,31.7144,2.0825,0.06566417778674671
170,2020-09-15,269.31,275.83,276.28,266.74,380935,34.0239,2.2342,0.06566560564779464
171,2020-09-16,274.31,272.34,275.37,270.68,237046,33.4052,2.1936,0.0656664231915989
172,2020-09-17,275.07,272.34,275.22,268.71,236662,33.6114,2.2071,0.06566522072868133
173,2020-09-18,273.25,276.58,276.58,270.22,299499,34.56,2.2694,0.06566550925925926
174,2020-09-21,275.83,270.98,278.25,270.98,297170,35.426,2.3263,0.06566645966239484
175,2020-09-22,269.77,264.77,274.77,264.01,422404,37.1169,2.4373,0.06566550547055384
176,2020-09-23,264.77,265.53,268.25,259.77,303209,38.8078,2.5483,0.06566463442916114
177,2020-09-24,261.74,257.65,261.74,257.5,372622,42.1071,2.765,0.06566588532575267
178,2020-09-25,257.65,257.81,259.62,253.87,247757,43.5918,2.8625,0.06566601975600915
179,2020-09-28,260.23,253.26,263.11,252.05,251800,47.4272,3.1143,0.06566485054989542
180,2020-09-29,254.32,256.59,258.87,253.72,223446,49.4892,3.2497,0.0656648319229246
181,2020-09-30,258.11,259.62,261.44,256.75,237699,47.7159,3.1333,0.06566574244643819
182,2020-10-09,265.38,280.82,281.88,263.71,715468,43.3856,2.8489,0.0656646444903378
183,2020-10-12,281.43,291.42,292.48,281.43,641664,43.2206,2.8381,0.06566544656945994
184,2020-10-13,293.69,294.75,295.96,289.15,508692,44.2104,2.9031,0.0656655447586993
185,2020-10-14,295.96,295.36,305.35,292.33,800000,41.2823,2.7108,0.06566494599380364
186,2020-10-15,300.05,279.16,300.2,273.55,1060393,41.0348,2.6946,0.06566621501749735
187,2020-10-16,274.31,277.34,280.37,274.01,412750,41.4472,2.7217,0.06566667953444381
188,2020-10-19,277.64,271.74,279.61,270.98,346615,43.4268,2.8516,0.06566452052649516
189,2020-10-20,272.34,274.01,274.92,267.65,239766,39.4677,2.5917,0.06566635501942095
190,2020-10-21,272.8,266.59,273.4,264.17,318402,37.9005,2.4888,0.06566667985910475
191,2020-10-22,266.29,265.68,267.8,262.2,252644,37.1169,2.4373,0.06566550547055384
192,2020-10-23,266.44,263.71,268.56,262.95,227585,36.4983,2.3967,0.06566607211842744
193,2020-10-26,263.41,262.65,265.23,259.47,215981,38.3954,2.5213,0.065666720492559
194,2020-10-27,261.74,260.99,264.32,258.26,257253,38.9728,2.5592,0.06566631086296083
195,2020-10-28,261.89,264.62,267.04,259.77,403463,37.5293,2.4644,0.06566602627813468
196,2020-10-29,261.59,261.89,263.56,258.56,331416,37.9417,2.4915,0.06566653576408016
197,2020-10-30,263.11,252.35,263.41,251.29,486873,39.5089,2.5944,0.06566621697895918
198,2020-11-02,249.78,262.05,263.71,249.78,462550,39.3439,2.5835,0.06566456299451758
199,2020-11-03,263.11,261.29,264.01,259.77,261522,40.7049,2.6729,0.06566531302128244
200,2020-11-04,262.8,263.11,267.19,261.14,261068,37.818,2.4833,0.06566449838701148
201,2020-11-05,264.47,267.35,269.47,264.17,337424,38.8078,2.5483,0.06566463442916114
202,2020-11-06,267.8,263.41,268.1,260.23,275047,36.7458,2.4129,0.06566464738827295
203,2020-11-09,266.44,268.86,273.55,265.68,460042,36.5396,2.3994,0.06566574346736144
204,2020-11-10,266.44,260.83,266.89,257.65,497558,34.1063,2.2396,0.06566528764480463
205,2020-11-11,261.74,262.8,269.16,261.74,418774,37.9005,2.4888,0.06566667985910475
206,2020-11-12,262.8,280.07,284.61,261.44,1001966,38.2717,2.5131,0.06566470786508047
207,2020-11-13,278.1,273.25,278.25,269.16,598190,36.9932,2.4292,0.06566612242249927
208,2020-11-16,275.22,284.91,286.43,271.43,714230,35.5085,2.3317,0.06566596730360337
209,2020-11-17,283.4,282.64,284.15,277.79,458878,37.1169,2.4373,0.06566550547055384
210,2020-11-18,283.55,275.37,284.46,273.4,504449,37.4881,2.4617,0.06566617139839041
211,2020-11-19,274.01,271.89,274.16,267.5,354588,38.148,2.505,0.0656653035545769
212,2020-11-20,272.65,274.77,276.58,270.98,283080,36.1271,2.3723,0.06566538692560434
213,2020-11-23,274.92,273.55,277.95,271.28,481633,34.5187,2.2667,0.0656658564777932
214,2020-11-24,274.77,277.79,282.64,270.83,547334,34.4363,2.2613,0.06566617203358083
215,2020-11-25,277.79,266.74,277.95,266.44,582574,33.2403,2.1827,0.06566426897470842
216,2020-11-26,269.16,280.22,282.49,269.16,936675,33.1578,2.1773,0.06566479078829113
217,2020-11-27,280.37,280.67,284.46,275.07,523961,31.6319,2.0771,0.06566472453440989
218,2020-11-30,282.19,284.61,286.12,276.58,697862,31.137,2.0446,0.06566464335035488
219,2020-12-01,284.61,290.82,296.12,284.61,1073130,31.0545,2.0392,0.06566520150058767
