,日期,开盘,收盘,最高,最低,成交量,pe,pb,roe
0,2020-01-03,6.07,5.89,6.11,5.85,884111,26.2995,1.4803,0.05628624118329246
1,2020-01-06,5.79,5.73,5.79,5.65,964457,25.5305,1.437,0.0562856191613952
2,2020-01-07,5.75,5.83,5.84,5.74,590492,25.5818,1.4399,0.05628610965608362
3,2020-01-08,5.7,5.7,5.77,5.67,455334,25.3254,1.4255,0.05628736367441383
4,2020-01-09,5.83,5.91,5.91,5.78,697504,25.3254,1.4255,0.05628736367441383
5,2020-01-10,5.92,5.87,5.96,5.82,358622,25.5818,1.4399,0.05628610965608362
6,2020-01-13,5.87,5.89,5.94,5.8,350294,25.3254,1.4255,0.05628736367441383
7,2020-01-14,6.01,5.94,6.05,5.93,712499,25.6843,1.4457,0.056287303917178975
8,2020-01-15,5.87,5.87,5.91,5.79,382511,25.5818,1.4399,0.05628610965608362
9,2020-01-16,5.9,5.78,5.9,5.77,306569,25.6843,1.4457,0.056287303917178975
10,2020-01-17,5.79,5.76,5.81,5.72,214328,25.5305,1.437,0.0562856191613952
11,2020-01-20,5.69,5.59,5.69,5.48,864452,25.3767,1.4283,0.05628391398408776
12,2020-01-21,5.52,5.43,5.54,5.41,858269,24.7102,1.3908,0.05628444933671116
13,2020-01-22,5.38,5.49,5.5,5.36,477685,24.9153,1.4024,0.056286699337354966
14,2020-01-23,5.37,5.31,5.41,5.26,741646,25.0691,1.411,0.056284429835933486
15,2020-02-03,4.8,4.8,4.8,4.8,193552,25.2742,1.4226,0.05628664804425066
16,2020-02-04,4.44,4.64,4.77,4.44,1130926,24.5052,1.3793,0.05628601276463771
17,2020-02-05,4.67,4.77,4.81,4.67,911017,23.6849,1.3331,0.05628480593120511
18,2020-02-06,4.83,4.91,4.94,4.72,916235,23.5311,1.3245,0.05628721139258259
19,2020-02-07,4.86,4.93,4.94,4.81,542134,23.2235,1.3072,0.05628781191465541
20,2020-02-10,4.85,4.91,4.92,4.82,509750,23.121,1.3014,0.056286492798754376
21,2020-02-11,4.91,5.02,5.07,4.91,578438,22.8647,1.287,0.05628763989905837
22,2020-02-12,5.02,5.05,5.05,4.94,433491,23.5311,1.3158,0.05591748792024173
23,2020-02-13,5.01,4.99,5.1,4.98,500987,24.2489,1.3559,0.05591593845494023
24,2020-02-14,4.99,5.05,5.05,4.96,256583,24.5564,1.3731,0.055916176638269456
25,2020-02-17,5.05,5.13,5.13,5.03,460171,24.4539,1.3674,0.055917461018487845
26,2020-02-18,5.13,5.12,5.16,5.07,312436,25.0178,1.3989,0.055916187674375846
27,2020-02-19,5.11,5.16,5.29,5.09,634941,25.4792,1.4247,0.05591619831077899
28,2020-02-20,5.24,5.28,5.31,5.19,763727,25.4792,1.4247,0.05591619831077899
29,2020-02-21,5.24,5.23,5.24,5.19,631763,25.6843,1.4362,0.05591742815650027
30,2020-02-24,5.2,5.06,5.2,5.01,984607,25.1204,1.4046,0.05591471473384182
31,2020-02-25,4.94,4.97,4.98,4.82,940209,25.1204,1.4046,0.05591471473384182
32,2020-02-26,4.86,4.94,5.01,4.85,726774,25.2229,1.4104,0.055917440104032455
33,2020-02-27,4.97,4.94,4.99,4.92,346532,25.3254,1.4161,0.0559161948083742
34,2020-02-28,4.84,4.75,4.87,4.72,822485,25.4792,1.4247,0.05591619831077899
35,2020-03-02,4.74,4.85,4.86,4.74,441976,25.8894,1.4476,0.0559147759314623
36,2020-03-03,4.9,4.87,4.96,4.85,513320,26.0944,1.4591,0.05591621190753572
37,2020-03-04,4.87,4.94,4.95,4.84,488508,25.5305,1.4276,0.055917432091028375
38,2020-03-05,4.99,5.03,5.05,4.94,738167,25.3254,1.4161,0.0559161948083742
39,2020-03-06,4.96,4.93,4.97,4.9,511647,25.3254,1.4161,0.0559161948083742
40,2020-03-09,5.03,5.0,5.1,4.91,1432879,25.4792,1.4247,0.05591619831077899
41,2020-03-10,4.94,5.03,5.04,4.86,941616,25.0178,1.3989,0.055916187674375846
42,2020-03-11,5.05,5.08,5.19,4.99,1141997,25.1204,1.4046,0.05591471473384182
43,2020-03-12,5.0,4.91,5.0,4.88,716679,25.8894,1.4476,0.0559147759314623
44,2020-03-13,4.7,4.83,4.88,4.62,645069,26.1457,1.462,0.05591741663065054
45,2020-03-16,4.86,4.69,4.89,4.67,529597,27.7349,1.5508,0.05591511056466762
46,2020-03-17,4.66,4.59,4.75,4.49,616704,28.2476,1.5795,0.05591625483226893
47,2020-03-18,4.59,4.47,4.65,4.46,513382,28.3501,1.5852,0.05591514668378594
48,2020-03-19,4.43,4.31,4.46,4.27,756091,28.4527,1.591,0.055917364608631163
49,2020-03-20,4.35,4.38,4.42,4.3,534074,27.4273,1.5336,0.055915091897489
50,2020-03-23,4.25,4.24,4.31,4.22,527551,26.402,1.4763,0.05591621846829785
51,2020-03-24,4.31,4.3,4.33,4.24,318220,26.402,1.4763,0.05591621846829785
52,2020-03-25,4.44,4.51,4.56,4.41,771193,26.402,1.4763,0.05591621846829785
53,2020-03-26,4.49,4.48,4.52,4.44,367361,27.0172,1.5107,0.055916231141643104
54,2020-03-27,4.56,4.42,4.56,4.41,495921,26.5046,1.482,0.05591482233272715
55,2020-03-30,4.35,4.35,4.38,4.28,321672,26.0944,1.4591,0.05591621190753572
56,2020-03-31,4.4,4.34,4.41,4.31,247227,25.633,1.4333,0.055916201771154375
57,2020-04-01,4.33,4.34,4.39,4.31,255869,25.1204,1.4046,0.05591471473384182
58,2020-04-02,4.32,4.38,4.38,4.3,240837,25.1204,1.4046,0.05591471473384182
59,2020-04-03,4.37,4.34,4.37,4.32,208073,25.5818,1.4304,0.05591475189392458
60,2020-04-07,4.37,4.41,4.41,4.34,489751,25.8894,1.3401,0.05176249739275534
61,2020-04-08,4.4,4.48,4.5,4.38,535437,25.5818,1.3242,0.05176336301589411
62,2020-04-09,4.51,4.49,4.53,4.48,353930,25.2229,1.3056,0.05176248567769765
63,2020-04-10,4.5,4.47,4.5,4.45,255557,25.633,1.3268,0.051761401318612725
64,2020-04-13,4.46,4.39,4.46,4.39,251908,26.2995,1.3613,0.05176144033156524
65,2020-04-14,4.41,4.42,4.43,4.37,291653,25.9406,1.3428,0.051764415626469704
66,2020-04-15,4.42,4.46,4.5,4.39,426689,26.402,1.3666,0.05176123020983259
67,2020-04-16,4.42,4.43,4.45,4.41,200351,25.428,1.3162,0.05176183734465943
68,2020-04-17,4.47,4.47,4.52,4.44,519602,25.0691,1.2976,0.051760932781791134
69,2020-04-20,4.46,4.44,4.49,4.43,310088,24.864,1.287,0.051761583011583005
70,2020-04-21,4.42,4.36,4.44,4.32,379772,25.2229,1.3056,0.05176248567769765
71,2020-04-22,4.34,4.44,4.44,4.32,327769,25.0178,1.295,0.05176314464101559
72,2020-04-23,4.43,4.42,4.45,4.39,234348,25.2229,1.3056,0.05176248567769765
73,2020-04-24,4.42,4.34,4.42,4.33,257962,25.2229,1.3056,0.05176248567769765
74,2020-04-27,4.34,4.31,4.36,4.31,195438,23.4799,1.2154,0.05176342318323332
75,2020-04-28,4.32,4.32,4.34,4.24,243122,23.5824,1.2207,0.05176317932017097
76,2020-04-29,4.31,4.37,4.41,4.3,238902,23.6337,1.2233,0.051760833047724226
77,2020-04-30,4.55,4.59,4.63,4.51,938144,23.2235,1.2021,0.05176222360970568
78,2020-05-06,4.43,4.49,4.51,4.41,530189,23.1723,1.1838,0.051086858015820615
79,2020-05-07,4.48,4.42,4.48,4.41,319360,23.3773,1.1942,0.051083743631642656
80,2020-05-08,4.43,4.45,4.46,4.43,213225,23.2235,1.1864,0.05108618425301956
81,2020-05-11,4.47,4.48,4.51,4.45,237194,22.6083,1.1549,0.05108300933727879
82,2020-05-12,4.45,4.43,4.46,4.41,190538,22.5058,1.1497,0.05108460930071359
83,2020-05-13,4.4,4.41,4.41,4.39,207643,22.6596,1.1576,0.05108651520768239
84,2020-05-14,4.38,4.35,4.4,4.33,201329,22.4033,1.1445,0.05108622390451407
85,2020-05-15,4.36,4.33,4.37,4.32,162998,22.4033,1.1445,0.05108622390451407
86,2020-05-18,4.34,4.33,4.36,4.27,225042,22.6596,1.1576,0.05108651520768239
87,2020-05-19,4.42,4.42,4.48,4.4,403020,23.5311,1.2021,0.051085584609304284
88,2020-05-20,4.39,4.32,4.41,4.31,362658,23.7875,1.2152,0.0510856542301629
89,2020-05-21,4.35,4.32,4.35,4.3,183643,23.4799,1.1995,0.05108624823785451
90,2020-05-22,4.33,4.3,4.33,4.28,189797,23.4799,1.1995,0.05108624823785451
91,2020-05-25,4.32,4.29,4.33,4.27,174491,22.6083,1.1549,0.05108300933727879
92,2020-05-26,4.3,4.31,4.31,4.28,162964,22.9672,1.1733,0.05108589640879167
93,2020-05-27,4.35,4.37,4.4,4.35,353368,23.7362,1.2126,0.051086526065671836
94,2020-05-28,4.36,4.35,4.41,4.33,203367,23.5824,1.2047,0.05108470723929711
95,2020-05-29,4.35,4.37,4.37,4.31,209271,23.9925,1.2257,0.051086797957695114
96,2020-06-01,4.37,4.42,4.44,4.35,354964,23.7362,1.2126,0.051086526065671836
97,2020-06-02,4.43,4.43,4.45,4.4,272249,24.4026,1.2466,0.05108472048060452
98,2020-06-03,4.46,4.45,4.52,4.43,419936,24.3001,1.2414,0.051086209521771515
99,2020-06-04,4.42,4.44,4.47,4.4,333513,23.6337,1.2073,0.05108383367817989
100,2020-06-05,4.51,4.71,4.78,4.49,1451012,24.0951,1.2309,0.051085075388772
101,2020-06-08,4.78,4.76,4.88,4.67,840045,22.7621,1.1628,0.0510849174724652
102,2020-06-09,4.81,4.86,4.92,4.8,606981,22.6596,1.1576,0.05108651520768239
103,2020-06-10,4.8,4.7,4.8,4.69,552031,21.7881,1.113,0.051082930590551724
104,2020-06-11,4.65,4.58,4.66,4.56,459464,21.6343,1.1052,0.05108554471371849
105,2020-06-12,4.46,4.51,4.53,4.45,686755,21.4805,1.0973,0.051083540885919786
106,2020-06-15,4.58,4.43,4.58,4.42,597676,21.7881,1.113,0.051082930590551724
107,2020-06-16,4.47,4.5,4.55,4.47,470647,21.7368,1.1104,0.05108387619152774
108,2020-06-17,4.49,4.48,4.54,4.46,287992,21.8393,1.1157,0.051086802232672285
109,2020-06-18,4.46,4.5,4.51,4.44,215006,22.0957,1.1288,0.05108686305480252
110,2020-06-19,4.54,4.52,4.59,4.5,325226,21.9931,1.1235,0.05108420368206392
111,2020-06-22,4.54,4.47,4.54,4.45,471845,21.8906,1.1183,0.05108585420226033
112,2020-06-23,4.47,4.45,4.47,4.43,194090,21.9931,1.1235,0.05108420368206392
113,2020-06-24,4.46,4.46,4.48,4.45,174435,21.6343,1.1052,0.05108554471371849
114,2020-06-29,4.43,4.4,4.43,4.39,225688,22.0444,1.1261,0.05108326831304096
115,2020-06-30,4.45,4.43,4.46,4.41,241963,22.4033,1.1445,0.05108622390451407
116,2020-07-01,4.43,4.46,4.46,4.41,241054,23.0185,1.1759,0.05108499685035949
117,2020-07-02,4.46,4.63,4.68,4.45,810856,23.8387,1.2178,0.051085000440460264
118,2020-07-03,4.66,4.65,4.74,4.59,682611,23.3261,1.1916,0.05108440759492586
119,2020-07-06,4.65,4.91,4.91,4.64,1360164,23.0697,1.1785,0.05108432272634668
120,2020-07-07,5.0,4.82,5.09,4.82,1392523,21.6855,1.1078,0.0510848262663992
121,2020-07-08,4.79,4.95,5.01,4.72,1107504,21.7368,1.1104,0.05108387619152774
122,2020-07-09,4.95,4.97,5.0,4.87,838111,21.6343,1.1052,0.05108554471371849
123,2020-07-10,4.91,4.84,4.95,4.82,697115,21.583,1.1026,0.05108650326645972
124,2020-07-13,4.84,4.89,4.93,4.77,826536,21.3267,1.0895,0.05108619711441526
125,2020-07-14,4.88,4.81,4.91,4.76,619213,21.2242,1.0842,0.05108319748211947
126,2020-07-15,4.9,4.84,4.99,4.81,1090737,21.3267,1.0895,0.05108619711441526
127,2020-07-16,4.88,4.69,4.9,4.67,826289,21.0191,1.0738,0.05108686860997854
128,2020-07-17,4.69,4.62,4.72,4.59,596899,20.9166,1.0685,0.05108382815562759
129,2020-07-20,4.63,4.79,4.81,4.62,654534,20.9678,1.0711,0.051083089308368065
130,2020-07-21,4.8,4.79,4.89,4.75,454873,21.0704,1.0764,0.05108588351431392
131,2020-07-22,4.77,4.85,4.93,4.76,771313,21.0704,1.0764,0.05108588351431392
132,2020-07-23,4.81,4.8,4.85,4.69,513683,21.583,1.1026,0.05108650326645972
133,2020-07-24,4.78,4.63,4.78,4.62,564870,21.1216,1.079,0.051085145064767815
134,2020-07-27,4.65,4.58,4.67,4.54,380076,21.1216,1.079,0.051085145064767815
135,2020-07-28,4.6,4.58,4.61,4.56,314688,21.2242,1.0842,0.05108319748211947
136,2020-07-29,4.58,4.63,4.64,4.54,287569,21.5317,1.0999,0.051082822071643205
137,2020-07-30,4.64,4.6,4.65,4.59,245816,21.6343,1.1052,0.05108554471371849
138,2020-07-31,4.6,4.62,4.65,4.58,270569,21.8906,1.1183,0.05108585420226033
139,2020-08-03,4.64,4.74,4.74,4.63,461469,21.7368,1.1104,0.05108387619152774
140,2020-08-04,4.76,4.77,4.83,4.67,502604,21.583,1.1026,0.05108650326645972
141,2020-08-05,4.76,4.73,4.77,4.7,369989,21.9419,1.1209,0.051084910604824556
142,2020-08-06,4.77,4.79,4.82,4.72,451125,22.4545,1.1471,0.051085528513215614
143,2020-08-07,4.82,4.87,5.04,4.78,817655,21.3267,1.0206,0.04785550507110805
144,2020-08-10,4.87,4.86,4.91,4.75,580525,21.0704,1.0083,0.047853861341028175
145,2020-08-11,4.92,4.84,5.0,4.83,836819,21.0191,1.0059,0.04785647339800467
146,2020-08-12,4.89,5.18,5.26,4.88,2551405,21.1729,1.0132,0.04785362420830402
147,2020-08-13,5.16,5.18,5.21,5.03,1255199,21.583,1.0328,0.04785247648612334
148,2020-08-14,5.12,5.14,5.15,5.06,691234,21.6855,1.0377,0.047852251504461506
149,2020-08-17,5.17,5.18,5.24,5.11,925235,21.2754,1.0181,0.04785338936048206
150,2020-08-18,5.21,5.11,5.21,5.06,668608,21.6855,1.0377,0.047852251504461506
151,2020-08-19,5.08,5.15,5.21,4.93,987094,21.8393,1.0451,0.04785409788775281
152,2020-08-20,5.14,5.22,5.41,5.11,1398323,21.6343,1.0353,0.0478545642798704
153,2020-08-21,5.21,5.41,5.56,5.13,1389534,21.7881,1.0427,0.04785639867634167
154,2020-08-24,5.45,5.32,5.54,5.3,993088,21.583,1.0328,0.04785247648612334
155,2020-08-25,5.4,5.39,5.55,5.33,949676,21.4292,1.0255,0.04785526291228791
156,2020-08-26,5.38,5.26,5.48,5.22,886688,21.8393,1.0451,0.04785409788775281
157,2020-08-27,5.27,5.18,5.29,5.11,661941,21.9419,1.05,0.047853649866237656
158,2020-08-28,5.17,5.25,5.27,5.11,735833,21.8906,1.0476,0.04785615743743891
159,2020-08-31,5.24,5.31,5.35,5.21,808026,21.5317,1.0304,0.0478550230590246
160,2020-09-01,5.27,5.25,5.3,5.21,469653,21.1729,1.0132,0.04785362420830402
161,2020-09-02,5.25,5.16,5.27,5.12,593695,21.378,1.023,0.04785293292169519
162,2020-09-03,5.17,5.16,5.28,5.11,626072,21.1729,1.0132,0.04785362420830402
163,2020-09-04,5.06,5.26,5.27,5.02,624417,24.9713,0.9953,0.03985775670469699
164,2020-09-07,5.26,5.35,5.44,5.23,1210476,25.0318,0.9977,0.03985730151247613
165,2020-09-08,5.4,5.43,5.5,5.36,813003,25.4551,1.0146,0.039858417370193
166,2020-09-09,5.49,5.53,5.64,5.46,1469671,25.8178,1.0291,0.039860096522554206
167,2020-09-10,5.56,5.41,5.62,5.36,1054874,25.9992,1.0363,0.03985891873596111
168,2020-09-11,5.36,5.41,5.45,5.32,468817,24.7295,0.9857,0.03985927738126529
169,2020-09-14,5.43,5.41,5.47,5.36,481632,24.3667,0.9712,0.039857674613304216
170,2020-09-15,5.43,5.61,5.65,5.43,976467,25.2132,1.005,0.03986007329494074
171,2020-09-16,5.57,5.81,5.96,5.57,1380659,24.79,0.9881,0.039858814037918515
172,2020-09-17,5.76,5.79,5.86,5.71,685542,25.7574,1.0266,0.039856507256167156
173,2020-09-18,5.8,5.77,5.81,5.71,544499,26.4829,1.0556,0.0398596830407546
174,2020-09-21,5.77,5.67,5.79,5.61,551363,27.0876,1.0797,0.03985956673902451
175,2020-09-22,5.55,5.36,5.55,5.36,1049959,27.934,1.1134,0.03985823727357342
176,2020-09-23,5.37,5.31,5.41,5.27,510355,28.4178,1.1327,0.03985882087987107
177,2020-09-24,5.26,5.16,5.26,5.16,477535,29.4456,1.1736,0.03985654902600049
178,2020-09-25,5.19,5.14,5.22,5.12,337034,29.1433,1.1616,0.03985821784080732
179,2020-09-28,5.16,5.23,5.28,5.09,464917,28.9619,1.1544,0.03985926337705745
180,2020-09-29,5.25,5.2,5.28,5.17,316752,28.5387,1.1375,0.03985815751943852
181,2020-09-30,5.2,5.2,5.21,5.12,276885,29.1433,1.1616,0.03985821784080732
182,2020-10-09,5.28,5.24,5.29,5.22,315456,28.5991,1.1399,0.03985789762614907
183,2020-10-12,5.24,5.35,5.4,5.21,580907,28.1759,1.123,0.0398567570157475
184,2020-10-13,5.44,5.31,5.44,5.27,619858,28.055,1.1182,0.03985742291926573
185,2020-10-14,5.31,5.23,5.31,5.21,382528,27.4503,1.0941,0.03985748789630715
186,2020-10-15,5.19,5.2,5.24,5.17,260396,28.5991,1.1399,0.03985789762614907
187,2020-10-16,5.2,5.18,5.2,5.11,289476,28.5991,1.1399,0.03985789762614907
188,2020-10-19,5.17,5.16,5.23,5.14,233314,28.7805,1.1471,0.03985684751828495
189,2020-10-20,5.18,5.16,5.18,5.13,164462,29.3247,1.1688,0.0398571852397467
190,2020-10-21,5.18,5.27,5.28,5.15,448761,30.3526,1.2098,0.03985819995651114
191,2020-10-22,5.25,5.23,5.27,5.19,244462,30.6549,1.2218,0.039856597150863315
192,2020-10-23,5.25,5.23,5.29,5.21,256569,29.9293,1.1929,0.03985726361792625
193,2020-10-26,5.2,5.14,5.2,5.1,263763,29.6875,1.1833,0.039858526315789476
194,2020-10-27,5.11,5.03,5.11,4.93,468792,29.7479,1.1857,0.039858275710218195
195,2020-10-28,5.02,5.05,5.08,4.93,292752,29.2642,1.1664,0.03985757341734953
196,2020-10-29,4.96,4.99,5.0,4.89,297664,28.9015,1.152,0.039859522862135184
197,2020-10-30,4.96,4.85,5.02,4.82,401540,29.2642,1.1664,0.03985757341734953
198,2020-11-02,4.83,4.72,4.84,4.7,468059,29.0828,1.1592,0.03985861058770132
199,2020-11-03,4.71,4.77,4.81,4.71,363473,28.4178,1.1327,0.03985882087987107
200,2020-11-04,4.76,4.79,4.82,4.73,275102,28.5387,1.1375,0.03985815751943852
201,2020-11-05,4.86,4.85,4.87,4.79,309541,28.4178,1.1327,0.03985882087987107
202,2020-11-06,4.84,4.88,4.92,4.81,381455,27.5713,1.0989,0.039856662544022224
203,2020-11-09,4.89,5.04,5.12,4.89,629396,26.7852,1.0676,0.039857831937039866
204,2020-11-10,5.41,5.19,5.43,5.16,1383035,27.7527,1.1062,0.039859184872102535
205,2020-11-11,5.12,5.15,5.19,5.06,508206,30.8363,1.2291,0.03985886763327637
206,2020-11-12,5.11,5.12,5.21,5.07,249060,31.9246,1.2725,0.03985954405066939
207,2020-11-13,5.09,5.08,5.11,5.02,237784,31.5618,1.258,0.03985830972884943
208,2020-11-16,5.11,5.21,5.23,5.11,461871,32.5293,1.2966,0.03985944978834466
209,2020-11-17,5.31,5.24,5.33,5.23,630196,33.5571,1.3375,0.0398574370252495
210,2020-11-18,5.27,5.27,5.3,5.18,500869,33.6781,1.3423,0.0398567615156437
211,2020-11-19,5.26,5.25,5.28,5.21,238898,34.2222,1.364,0.03985716873842126
212,2020-11-20,5.22,5.27,5.31,5.2,322883,34.6455,1.3809,0.03985799021517946
213,2020-11-23,5.2,5.2,5.25,5.1,470724,34.3432,1.3689,0.03985941904074169
214,2020-11-24,5.25,5.25,5.29,5.2,341903,34.2222,1.364,0.03985716873842126
215,2020-11-25,5.31,5.2,5.34,5.19,393482,34.4641,1.3737,0.03985886763327636
216,2020-11-26,5.18,5.2,5.24,5.17,244820,33.1944,1.3231,0.03985913286578459
217,2020-11-27,5.22,5.25,5.27,5.18,274865,33.9804,1.3544,0.03985827123871408
218,2020-11-30,5.27,5.24,5.36,5.24,664507,33.3757,1.3303,0.03985834004979671
219,2020-12-01,5.23,5.39,5.42,5.23,912803,34.3432,1.3689,0.03985941904074169
