,日期,开盘,收盘,最高,最低,成交量,pe,pb,roe
0,2020-01-03,24.53,24.42,24.55,24.3,59860,34.2135,2.4783,0.07243631899688718
1,2020-01-06,24.18,24.49,24.83,24.08,77762,35.6728,2.584,0.07243614182234083
2,2020-01-07,24.51,25.12,25.57,24.38,96716,36.1863,2.6212,0.07243625349925248
3,2020-01-08,24.84,24.32,25.1,24.3,77652,35.7539,2.5898,0.07243405614492404
4,2020-01-09,24.53,24.61,24.81,24.47,52404,36.5106,2.6447,0.07243649789376236
5,2020-01-10,24.63,24.98,25.22,24.63,66404,36.6187,2.6525,0.07243566811492488
6,2020-01-13,24.96,25.02,25.1,24.75,50160,37.5376,2.719,0.07243403946975832
7,2020-01-14,25.0,24.84,25.1,24.79,44221,38.1862,2.766,0.07243454441656934
8,2020-01-15,24.84,25.0,25.31,24.77,55826,35.889,2.5996,0.07243445066733539
9,2020-01-16,25.08,24.63,25.14,24.55,50256,36.8349,2.6682,0.0724367379849002
10,2020-01-17,24.75,24.63,24.83,24.38,45948,36.97,2.6779,0.07243440627535841
11,2020-01-20,24.83,25.41,25.43,24.81,102064,36.2133,2.6231,0.07243471321310127
12,2020-01-21,25.45,25.12,25.66,24.86,73617,35.5647,2.5761,0.07243418333347391
13,2020-01-22,25.08,24.67,25.1,24.34,56463,35.808,2.5938,0.07243632707774798
14,2020-01-23,24.45,23.93,24.86,23.54,77636,34.6999,2.5135,0.07243536724889697
15,2020-02-03,21.8,21.8,22.33,21.8,87292,35.2134,2.5507,0.07243549330652535
16,2020-02-04,21.65,21.96,22.13,21.65,99110,34.8351,2.5233,0.07243556068448204
17,2020-02-05,22.02,22.27,22.52,21.86,91667,34.3486,2.4881,0.07243672231182641
18,2020-02-06,22.43,22.62,22.72,22.1,86006,34.4567,2.4959,0.07243583976410974
19,2020-02-07,22.56,22.54,22.76,22.29,67261,33.8622,2.4528,0.07243475025249392
20,2020-02-10,22.56,22.86,22.89,22.39,70146,34.0784,2.4685,0.07243591248415418
21,2020-02-11,22.74,23.01,23.21,22.6,67080,32.592,2.3608,0.0724349533627884
22,2020-02-12,22.88,23.01,23.03,22.68,63162,33.7811,2.4469,0.07243399415649578
23,2020-02-13,23.09,22.93,23.44,22.86,75622,34.5108,2.5814,0.07479977282473892
24,2020-02-14,22.97,23.5,24.12,22.72,120266,33.9433,2.5389,0.07479826652093344
25,2020-02-17,23.79,24.2,24.34,23.56,149530,34.1054,2.551,0.07479753939258886
26,2020-02-18,24.18,24.4,24.71,23.97,98135,33.5649,2.5106,0.0747983756841224
27,2020-02-19,24.45,23.79,24.45,23.77,86486,33.8352,2.5308,0.0747978436657682
28,2020-02-20,23.85,24.06,24.08,23.6,71871,33.7811,2.5268,0.07479922205019966
29,2020-02-21,24.24,24.18,24.61,23.95,89299,34.8621,2.6076,0.07479755952739509
30,2020-02-24,24.05,24.4,24.57,23.73,110476,35.1323,2.6279,0.07480011271678769
31,2020-02-25,24.03,23.93,24.14,23.62,99516,34.8621,2.6076,0.07479755952739509
32,2020-02-26,23.67,23.52,23.83,23.36,77933,35.0242,2.6198,0.07479970991485888
33,2020-02-27,23.52,23.48,23.85,23.32,64079,35.4566,2.6521,0.07479848603645019
34,2020-02-28,23.01,22.41,23.25,22.35,88009,35.5107,2.6562,0.07479998986221055
35,2020-03-02,22.52,23.09,23.25,22.52,65990,36.3214,2.7168,0.07479887889783984
36,2020-03-03,23.38,23.4,23.64,23.19,64466,36.1593,2.7047,0.074799567469503
37,2020-03-04,23.19,24.24,24.47,23.19,137045,35.4026,2.6481,0.07479959099049222
38,2020-03-05,24.42,24.3,24.49,24.08,88028,34.5108,2.5814,0.07479977282473892
39,2020-03-06,24.2,24.49,24.81,23.99,105917,35.3215,2.642,0.07479863539204167
40,2020-03-09,24.49,24.16,25.04,24.1,130094,34.4567,2.5773,0.0747982250186466
41,2020-03-10,24.1,24.08,24.2,23.4,117556,34.8891,2.6097,0.0747998658606843
42,2020-03-11,24.16,24.32,24.77,24.1,105741,34.9161,2.6117,0.07479930461878617
43,2020-03-12,24.14,24.53,24.77,23.97,113552,35.6728,2.6683,0.07479928685160682
44,2020-03-13,22.76,25.23,25.27,22.76,194878,36.0242,2.6946,0.07479971796736638
45,2020-03-16,25.27,24.38,25.88,24.28,182716,36.5647,2.735,0.07479891808219402
46,2020-03-17,24.75,24.45,24.81,23.79,125914,36.943,2.7633,0.07479901469831904
47,2020-03-18,24.55,23.6,24.77,23.56,112546,36.0512,2.6966,0.0747991745073673
48,2020-03-19,23.64,23.81,24.05,23.36,89278,36.6998,2.7451,0.07479877274535555
49,2020-03-20,24.08,25.92,25.92,23.93,329818,36.5917,2.737,0.07479838323991506
50,2020-03-23,25.78,25.27,26.33,25.16,303006,36.1593,2.7047,0.074799567469503
51,2020-03-24,25.7,24.84,25.84,23.93,268514,36.4836,2.7289,0.07479799142628468
52,2020-03-25,25.0,25.35,25.57,24.44,248161,35.9431,2.6885,0.07479877918153971
53,2020-03-26,25.31,24.77,25.31,24.69,154787,36.6728,2.7431,0.07479930629785563
54,2020-03-27,24.81,24.81,25.9,24.81,193744,38.1051,2.8502,0.07479838656767729
55,2020-03-30,24.38,24.71,25.2,24.14,177584,37.9159,2.8361,0.07479975419283204
56,2020-03-31,24.79,25.53,25.68,24.47,225937,38.9969,2.9169,0.0747982531944847
57,2020-04-01,25.18,25.39,25.94,25.06,221650,39.3482,2.9432,0.07479884721537453
58,2020-04-02,25.1,25.39,25.41,24.49,165856,40.6724,3.0423,0.0748001101484053
59,2020-04-03,25.27,24.94,25.66,24.83,151513,40.1049,2.9998,0.07479884004198988
60,2020-04-07,25.2,25.9,25.94,24.9,238238,40.8886,3.0584,0.07479835455359196
61,2020-04-08,25.94,27.5,28.22,25.74,432669,40.2401,3.0099,0.07479852187246055
62,2020-04-09,27.17,28.32,29.29,26.93,377653,39.6996,2.9695,0.0747992423097462
63,2020-04-10,27.98,27.42,28.63,27.2,246759,39.8887,2.9836,0.07479812578499676
64,2020-04-13,27.61,27.52,28.02,27.17,169416,40.6184,3.0382,0.07479861343627518
65,2020-04-14,27.85,28.04,28.37,27.4,198457,42.0507,3.1453,0.07479780360374501
66,2020-04-15,27.79,27.54,28.0,27.17,182008,40.9697,3.0645,0.07479918085804874
67,2020-04-16,27.34,27.3,27.67,27.09,124316,40.6184,3.0382,0.07479861343627518
68,2020-04-17,27.36,27.73,28.26,27.2,210534,41.6453,3.115,0.07479835659726308
69,2020-04-20,27.69,27.79,27.85,27.3,105167,41.7264,3.1211,0.0747991679128801
70,2020-04-21,27.54,26.54,27.61,26.54,183123,42.7804,3.1999,0.07479827210591766
71,2020-04-22,26.35,26.7,26.91,26.13,109042,41.9967,3.1413,0.0747987341862575
72,2020-04-23,26.79,26.64,27.05,26.23,134807,41.24,3.0847,0.07479873908826383
73,2020-04-24,26.52,26.66,27.11,26.33,111602,41.6994,3.1191,0.07479963740485475
74,2020-04-27,26.66,26.31,26.83,26.15,88377,41.6183,3.113,0.0747988264777754
75,2020-04-28,26.31,26.29,26.58,25.18,140240,44.2127,3.3071,0.07479977472536173
76,2020-04-29,26.29,25.49,26.4,25.49,107889,42.9155,3.21,0.07479814985261735
77,2020-04-30,25.68,26.03,26.33,25.57,95927,42.9696,3.2141,0.07479939305927913
78,2020-05-06,25.9,26.25,26.44,25.86,97751,43.1047,3.2242,0.07479926782926224
79,2020-05-07,26.25,26.35,26.72,26.15,93898,41.4562,3.1009,0.0747994268649804
80,2020-05-08,26.35,26.35,26.62,26.07,79649,42.2939,3.1635,0.07479802051832533
81,2020-05-11,26.31,26.42,26.62,26.15,93286,38.4564,2.8765,0.07479899314548423
82,2020-05-12,26.42,26.01,26.52,25.84,82637,37.8348,2.7469,0.0726024717984501
83,2020-05-13,26.11,26.44,26.52,25.78,76858,36.9971,2.6861,0.07260298780174662
84,2020-05-14,26.07,25.72,26.25,25.7,81207,35.5377,2.5801,0.07260177220247793
85,2020-05-15,25.96,25.78,26.21,25.72,69263,35.2404,2.5585,0.07260133256149193
86,2020-05-18,25.8,26.09,26.42,25.45,84473,35.1323,2.5507,0.07260270463362774
87,2020-05-19,26.23,26.39,26.54,26.19,63926,37.3754,2.7135,0.07260122968583614
88,2020-05-20,26.39,26.52,26.79,26.15,85522,36.1593,2.6252,0.07260096296111926
89,2020-05-21,26.6,25.94,26.6,25.84,74045,36.5106,2.6507,0.07260083373047828
90,2020-05-22,25.88,25.33,26.21,25.33,67098,35.3756,2.5683,0.0726008887481767
91,2020-05-25,25.29,24.94,25.43,24.79,73861,34.2405,2.4859,0.07260115944568567
92,2020-05-26,24.83,25.14,25.16,24.83,57637,34.6189,2.5134,0.07260196020093071
93,2020-05-27,25.2,25.0,25.25,24.92,42011,36.0512,2.6174,0.07260229895260074
94,2020-05-28,25.08,24.65,25.18,24.28,75950,36.1593,2.6252,0.07260096296111926
95,2020-05-29,24.57,24.79,25.0,24.49,58508,36.6998,2.6645,0.0726025754908746
96,2020-06-01,24.88,25.37,25.37,24.83,68151,34.8621,2.531,0.07260033101849861
97,2020-06-02,25.29,25.88,25.94,25.22,75883,35.9161,2.6076,0.07260253758063932
98,2020-06-03,25.96,25.7,26.01,25.55,50899,34.8621,2.531,0.07260033101849861
99,2020-06-04,25.72,25.66,25.9,25.61,39720,34.6459,2.5154,0.0726031074383982
100,2020-06-05,25.76,26.48,26.83,25.35,141205,34.4838,2.5036,0.07260220741333612
101,2020-06-08,26.64,26.19,26.66,26.11,116711,33.5919,2.4388,0.0726008353204195
102,2020-06-09,26.07,27.03,27.11,25.94,121808,33.5649,2.4369,0.07260262953263677
103,2020-06-10,26.72,26.72,27.01,26.48,69570,33.2947,2.4172,0.07260014356639345
104,2020-06-11,26.56,26.44,26.72,26.21,64218,33.0244,2.3976,0.07260086481510641
105,2020-06-12,26.05,26.2,26.59,25.89,61067,33.0785,2.4016,0.07260305031969407
106,2020-06-15,26.05,26.12,26.71,26.05,73811,32.592,2.3662,0.0726006381934217
107,2020-06-16,26.2,27.04,28.43,26.2,116228,32.8623,2.3859,0.07260295231922294
108,2020-06-17,27.04,27.1,27.41,26.77,101386,32.538,2.3623,0.07260126621181388
109,2020-06-18,27.1,26.75,27.2,26.69,71614,32.3758,2.3505,0.07260052261256865
110,2020-06-19,26.65,26.4,26.9,26.4,84697,32.8623,2.3859,0.07260295231922294
111,2020-06-22,26.42,26.51,26.67,26.28,70934,33.3487,2.4212,0.07260253023356232
112,2020-06-23,26.46,26.75,26.77,26.24,68809,33.2676,2.4153,0.07260217148216282
113,2020-06-24,26.73,26.55,27.0,26.44,61170,31.9975,2.3231,0.07260254707399016
114,2020-06-29,26.49,26.9,26.96,26.3,84184,32.1056,2.3309,0.07260104156284262
115,2020-06-30,27.18,26.87,27.26,26.75,97000,32.8623,2.315,0.07044546486399308
116,2020-07-01,26.87,27.06,27.06,26.55,91016,33.2406,2.3417,0.07044698350811958
117,2020-07-02,26.98,27.26,27.37,26.88,131795,33.673,2.3721,0.0704451637810709
118,2020-07-03,27.41,27.27,27.41,27.04,122293,32.5109,2.2902,0.07044406645155933
119,2020-07-06,27.39,27.92,28.09,27.24,180714,32.9163,2.3188,0.07044534166962872
120,2020-07-07,28.13,28.04,28.78,27.68,181933,31.7813,2.2388,0.07044394030451868
121,2020-07-08,27.96,28.19,28.46,27.78,149430,31.8353,2.2427,0.07044695668016322
122,2020-07-09,28.15,28.95,28.95,28.11,167893,32.0785,2.2598,0.07044593731003632
123,2020-07-10,28.93,28.19,28.93,28.15,135168,31.3759,2.2103,0.07044578800926826
124,2020-07-13,28.0,29.52,29.65,28.0,211334,30.5651,2.1532,0.07044635875557416
125,2020-07-14,29.52,29.13,29.61,28.58,165265,30.376,2.1399,0.07044706347116143
126,2020-07-15,29.17,29.05,30.36,28.76,184305,30.8624,2.1741,0.07044494271346363
127,2020-07-16,29.01,28.02,29.3,27.82,135358,31.0516,2.1874,0.07044403508997925
128,2020-07-17,28.09,27.74,28.48,27.31,91837,30.7813,2.1684,0.07044536780447869
129,2020-07-20,27.84,28.56,28.66,27.84,88696,31.3218,2.2065,0.07044614294197651
130,2020-07-21,28.56,29.38,29.63,28.44,124072,32.1596,2.2655,0.07044552792945186
131,2020-07-22,29.17,29.13,29.75,28.95,130036,32.9704,2.3226,0.07044500521680053
132,2020-07-23,28.97,30.0,30.02,28.72,167766,32.7812,2.3093,0.07044586531304528
133,2020-07-24,29.85,28.39,30.0,28.31,172797,32.3758,2.2807,0.07044459133056172
134,2020-07-27,28.44,28.46,28.97,27.96,103881,31.9434,2.2503,0.07044647720655911
135,2020-07-28,28.6,28.68,29.19,28.33,94222,31.8623,2.2446,0.07044689178119597
136,2020-07-29,28.68,29.73,30.08,28.48,162080,32.8623,2.315,0.07044546486399308
137,2020-07-30,29.58,30.34,30.82,29.38,183807,32.2677,2.2731,0.07044505806115714
138,2020-07-31,30.67,30.78,31.27,30.06,222982,32.8352,2.3131,0.07044574115583276
139,2020-08-03,30.96,33.55,33.55,30.96,287352,32.7271,2.3055,0.07044620513274931
140,2020-08-04,34.55,32.95,34.55,32.68,298357,32.7271,2.3055,0.07044620513274931
141,2020-08-05,32.68,34.14,34.88,32.46,268867,32.592,2.296,0.070446735395189
142,2020-08-06,34.51,34.04,35.8,33.4,250902,32.2947,2.275,0.0704449956184761
143,2020-08-07,34.04,34.0,34.65,33.38,173265,31.538,2.2217,0.07044517724649628
144,2020-08-10,34.22,34.94,35.33,33.61,184180,32.6461,2.2998,0.07044639329046962
145,2020-08-11,34.96,33.07,34.96,32.83,208162,32.6731,2.3017,0.07044633046757118
146,2020-08-12,32.87,33.12,33.59,31.99,191548,33.1595,2.3359,0.07044436737586514
147,2020-08-13,33.26,32.79,33.65,32.77,84847,33.1325,2.334,0.07044442767675244
148,2020-08-14,32.58,33.34,33.46,32.38,102982,33.2136,2.3889,0.0719253558783149
149,2020-08-17,33.34,33.9,34.37,33.09,137742,32.9974,2.3733,0.07192384854564299
150,2020-08-18,33.9,33.14,34.14,32.91,122692,34.727,2.4977,0.07192386327641317
151,2020-08-19,32.99,33.09,33.57,32.87,90135,34.6459,2.4919,0.07192481650065376
152,2020-08-20,33.14,32.34,33.14,32.25,89430,34.0514,2.4491,0.07192362134890196
153,2020-08-21,32.44,32.6,33.26,32.38,84302,34.3757,2.4724,0.07192289902460168
154,2020-08-24,32.77,33.38,33.75,32.62,93712,35.0783,2.523,0.07192480821476525
155,2020-08-25,33.48,32.34,33.75,32.29,117514,34.3486,2.4705,0.0719243287936044
156,2020-08-26,32.07,31.82,32.48,31.43,113125,34.2135,2.4608,0.0719248249959811
157,2020-08-27,31.51,31.68,31.99,31.51,57025,35.4566,2.5502,0.07192455001325564
158,2020-08-28,31.88,32.07,32.19,31.35,82713,34.3216,2.4686,0.0719255512563517
159,2020-08-31,32.09,32.54,33.03,31.92,107840,32.1056,2.3092,0.07192514701485099
160,2020-09-01,32.89,31.97,32.91,31.74,90783,30.7813,2.2139,0.07192353799222255
161,2020-09-02,32.09,32.38,32.85,31.97,103914,31.4029,2.2586,0.07192329370854285
162,2020-09-03,32.09,31.43,32.23,31.39,84780,31.4029,2.2586,0.07192329370854285
163,2020-09-04,30.92,31.17,31.37,30.88,76289,31.5921,2.2722,0.07192304405215229
164,2020-09-07,31.23,30.39,31.51,30.26,73949,30.457,2.1906,0.07192435236563023
165,2020-09-08,30.55,30.53,30.82,30.24,56986,30.5922,2.2003,0.07192356221520518
166,2020-09-09,30.34,29.5,30.45,29.22,75268,30.5381,2.1964,0.07192326962057234
167,2020-09-10,29.79,28.97,29.87,28.85,66999,31.3489,2.2547,0.0719227787896864
168,2020-09-11,29.11,29.36,29.56,28.78,59776,30.6462,2.2042,0.07192408846773826
169,2020-09-14,29.36,29.13,29.54,28.87,43736,31.2408,2.247,0.07192517477145272
170,2020-09-15,29.07,29.44,29.63,28.97,44220,34.4312,2.311,0.06711935686238063
171,2020-09-16,29.46,29.52,29.65,29.09,64858,31.3037,2.1011,0.06711986123046158
172,2020-09-17,29.46,29.05,29.5,28.78,51055,30.9852,2.0797,0.06711914075106826
173,2020-09-18,29.05,29.69,29.75,28.85,65641,32.2594,2.1653,0.06712152116902359
174,2020-09-21,29.75,29.42,29.77,29.26,41165,32.1435,2.1575,0.06712087980462612
175,2020-09-22,29.09,29.03,29.5,28.97,41952,33.4177,2.243,0.06712011897886448
176,2020-09-23,29.09,28.78,29.32,28.74,32263,32.3752,2.173,0.06711927648323408
177,2020-09-24,28.7,28.23,28.74,28.02,72808,32.0567,2.1517,0.06712169374888868
178,2020-09-25,28.31,28.21,28.44,28.02,34674,31.7092,2.1283,0.06711932183719552
179,2020-09-28,28.23,27.9,28.44,27.86,34919,31.825,2.1361,0.06712018853102907
180,2020-09-29,28.15,28.52,28.68,27.96,37212,32.3173,2.1692,0.06712194397428002
181,2020-09-30,28.62,27.94,28.68,27.9,42744,32.0277,2.1497,0.06712002422902674
182,2020-10-09,28.21,28.58,29.01,28.15,56207,31.9408,2.1439,0.06712104894054
183,2020-10-12,28.6,29.13,29.24,28.56,87480,30.6956,2.0603,0.06712036904312019
184,2020-10-13,29.09,29.24,29.44,28.82,75708,30.2323,2.0292,0.06712026541149697
185,2020-10-14,29.17,28.66,29.17,28.6,48926,29.2188,1.9612,0.0671211685627062
186,2020-10-15,28.74,28.62,28.99,28.58,40208,30.8115,2.0681,0.0671210424679097
187,2020-10-16,28.64,28.31,28.8,27.9,53206,30.8694,2.072,0.06712148600231946
188,2020-10-19,28.44,28.19,28.85,28.04,50253,31.4775,2.1128,0.06712095941545548
189,2020-10-20,28.19,28.39,28.44,27.98,32920,32.1725,2.1594,0.06711943429947938
190,2020-10-21,28.27,28.19,28.31,27.94,31414,31.8539,2.1381,0.06712207924304403
191,2020-10-22,28.15,27.41,28.17,27.33,72716,31.6802,2.1264,0.06712078837886123
192,2020-10-23,27.39,27.45,27.98,27.27,47380,31.2748,2.0992,0.06712113266911379
193,2020-10-26,27.45,27.26,27.63,26.92,33140,32.1725,2.1594,0.06711943429947938
194,2020-10-27,27.18,27.65,27.96,27.04,38849,31.8829,2.14,0.06712061951704519
195,2020-10-28,27.7,27.53,27.76,27.0,47834,30.8404,2.07,0.06711975201359256
196,2020-10-29,27.08,27.94,28.04,27.02,53732,30.0006,2.05,0.06833196669399945
197,2020-10-30,28.17,27.41,28.62,27.31,83974,30.1165,2.0579,0.06833131339963144
198,2020-11-02,27.65,26.55,27.65,26.53,81886,30.1165,2.0579,0.06833131339963144
199,2020-11-03,26.65,27.63,27.8,26.63,91216,29.8848,2.0421,0.06833239640218439
200,2020-11-04,27.65,27.47,27.7,27.14,55491,29.4215,2.0104,0.06833098244481077
201,2020-11-05,27.74,27.9,28.15,27.35,72174,29.5373,2.0183,0.06833055153991732
202,2020-11-06,27.88,27.82,28.25,27.59,46540,29.016,1.9827,0.06833126550868486
203,2020-11-09,27.86,28.17,28.27,27.72,77239,28.5527,1.9511,0.06833329247321619
204,2020-11-10,28.09,28.44,28.72,28.05,75996,28.3211,1.9352,0.06833067924621572
205,2020-11-11,28.39,28.07,28.68,27.98,70409,31.4775,2.1509,0.06833134778810261
206,2020-11-12,28.25,28.87,28.89,28.15,115987,32.5779,2.2261,0.06833159902878946
207,2020-11-13,28.85,28.7,29.03,28.37,87760,33.2439,2.2716,0.06833133296634872
208,2020-11-16,28.64,29.17,29.22,28.44,108139,33.6783,2.3013,0.06833183385147112
209,2020-11-17,29.09,29.71,30.0,28.99,160933,32.52,2.2222,0.06833333333333333
210,2020-11-18,30.14,29.61,30.14,29.36,137098,32.52,2.2222,0.06833333333333333
211,2020-11-19,29.56,28.93,29.56,28.76,104205,33.0702,2.2598,0.06833342404944633
212,2020-11-20,28.83,30.59,31.04,28.44,248283,32.8385,2.2439,0.06833137932609588
213,2020-11-23,30.43,30.12,30.86,29.91,237288,33.0991,2.2617,0.06833116308298412
214,2020-11-24,30.04,29.46,30.14,29.42,125467,33.0412,2.2578,0.0683328692662494
215,2020-11-25,29.67,29.38,30.18,29.38,130460,32.491,2.2202,0.06833276907451295
216,2020-11-26,29.32,28.83,29.54,28.78,112552,32.0567,2.1905,0.06833204915041162
217,2020-11-27,28.83,29.15,29.17,28.72,64052,33.2439,2.2716,0.06833133296634872
218,2020-11-30,29.17,28.78,29.38,28.78,88589,32.3173,2.2083,0.06833182227475686
219,2020-12-01,28.54,27.72,28.68,27.66,188032,32.2014,2.2004,0.06833243275137106
