,日期,开盘,收盘,最高,最低,成交量,pe,pb,roe
0,2020-01-03,42.26,42.29,42.95,42.23,65495,24.9345,2.5001,0.10026669875072691
1,2020-01-06,42.05,41.84,42.26,41.6,62767,24.4608,2.4526,0.10026654892726321
2,2020-01-07,41.84,42.14,42.2,41.63,51618,24.4229,2.4488,0.10026655311203829
3,2020-01-08,41.99,41.36,41.99,41.27,57068,24.0251,2.409,0.1002701341513667
4,2020-01-09,41.69,42.53,43.01,41.69,90366,24.4419,2.4507,0.10026634590600567
5,2020-01-10,42.56,42.23,42.74,41.87,51303,24.8966,2.4963,0.10026670308395524
6,2020-01-13,42.2,43.01,43.01,41.81,73705,24.8777,2.4944,0.10026650373627788
7,2020-01-14,42.95,42.77,43.28,42.62,46309,24.6503,2.4716,0.1002665281964114
8,2020-01-15,42.77,42.53,42.92,42.32,52714,24.6503,2.4716,0.1002665281964114
9,2020-01-16,42.53,43.07,43.34,42.32,76142,24.4798,2.4545,0.10026634204527814
10,2020-01-17,43.16,43.64,43.79,42.74,83775,24.6314,2.4697,0.10026632672117704
11,2020-01-20,43.46,45.83,46.13,43.22,169751,24.1198,2.4185,0.10027031733264785
12,2020-01-21,46.4,46.46,46.91,45.29,139333,24.404,2.4469,0.1002663497787248
13,2020-01-22,46.43,45.56,47.39,45.11,109206,24.8777,2.4944,0.10026650373627788
14,2020-01-23,45.86,45.74,47.18,44.39,162972,24.5745,2.464,0.10026653645038557
15,2020-02-03,41.57,42.32,44.57,41.54,154802,24.5935,2.4659,0.10026633053449083
16,2020-02-04,43.28,43.43,43.85,42.5,130096,24.9345,2.5001,0.10026669875072691
17,2020-02-05,43.43,47.0,47.36,42.92,193295,24.4229,2.4488,0.10026655311203829
18,2020-02-06,47.87,51.32,51.32,46.37,491869,25.124,2.5191,0.10026667728068779
19,2020-02-07,51.32,50.36,51.5,49.43,400726,25.2756,2.5343,0.10026666033645096
20,2020-02-10,49.79,49.82,50.06,48.5,256170,25.7493,2.5818,0.10026680336941197
21,2020-02-11,49.97,48.05,50.3,47.66,227324,25.6166,2.5685,0.10026701435787731
22,2020-02-12,48.08,48.32,48.95,47.39,142220,26.4314,2.6502,0.10026710654751544
23,2020-02-13,48.2,46.58,48.29,46.19,187465,26.7535,2.6825,0.10026725475171473
24,2020-02-14,46.94,47.0,47.0,45.92,138911,26.9998,2.7072,0.10026740938821768
25,2020-02-17,48.53,49.7,50.33,47.84,360683,27.8145,2.8343,0.10190008808355354
26,2020-02-18,49.37,48.47,49.37,47.42,239923,27.5871,2.8112,0.10190270090005836
27,2020-02-19,48.17,48.17,49.1,47.51,185243,27.5682,2.8092,0.10190001523494462
28,2020-02-20,47.99,48.56,48.92,47.78,171623,28.3071,2.8845,0.10190022997763813
29,2020-02-21,48.41,48.35,48.53,47.63,195582,28.6292,2.9174,0.10190295223058975
30,2020-02-24,47.78,46.58,47.78,46.55,365457,28.6861,2.9231,0.10189952625139004
31,2020-02-25,45.44,47.0,47.36,45.02,331438,28.2124,2.8749,0.10190200053877019
32,2020-02-26,45.92,46.01,46.85,45.71,170997,27.8334,2.8363,0.10190274993353308
33,2020-02-27,46.19,45.68,46.43,45.11,194049,27.9092,2.844,0.1019018818167486
34,2020-02-28,44.57,45.26,46.46,44.39,237413,28.1366,2.8672,0.10190285962056538
35,2020-03-02,45.65,46.43,46.91,45.41,198229,28.3071,2.8845,0.10190022997763813
36,2020-03-03,46.4,45.5,46.58,45.05,280518,27.6629,2.8189,0.10190182518824853
37,2020-03-04,45.53,45.14,46.04,44.75,137561,27.0945,2.761,0.1019026001587038
38,2020-03-05,45.41,45.77,45.86,45.08,224224,26.4882,2.6992,0.10190197899442015
39,2020-03-06,45.26,45.47,45.98,44.99,178304,26.4503,2.6953,0.10190054555146823
40,2020-03-09,45.98,44.54,46.73,44.27,245145,26.4692,2.6972,0.10189956628836534
41,2020-03-10,44.9,44.81,45.41,43.55,299297,26.4692,2.6972,0.10189956628836534
42,2020-03-11,44.96,43.79,45.02,43.76,181723,26.9808,2.7494,0.10190209334044951
43,2020-03-12,43.13,42.02,43.46,41.87,207929,27.6061,2.8131,0.10190139135915612
44,2020-03-13,40.01,41.24,41.66,39.56,219713,27.7387,2.8266,0.10190095426245642
45,2020-03-16,41.3,39.56,41.63,39.32,225693,28.3829,2.8923,0.10190290632740136
46,2020-03-17,39.86,39.05,40.37,38.03,286238,28.4208,2.8961,0.10190072059899792
47,2020-03-18,39.32,37.61,39.41,37.61,273917,27.6061,2.8131,0.10190139135915612
48,2020-03-19,37.43,36.8,37.76,36.26,296897,27.6629,2.8189,0.10190182518824853
49,2020-03-20,36.92,36.56,37.13,36.08,275093,28.1366,2.8672,0.10190285962056538
50,2020-03-23,35.42,35.48,36.11,34.73,242810,28.004,2.8536,0.10189972861019854
51,2020-03-24,35.96,36.53,36.65,35.75,241715,28.6482,2.9193,0.10190169015854399
52,2020-03-25,37.61,37.76,38.0,37.19,243652,28.4398,2.898,0.10189945076969599
53,2020-03-26,37.52,37.04,37.82,36.98,133310,28.4208,2.8961,0.10190072059899792
54,2020-03-27,37.58,37.37,38.45,37.28,188728,29.9176,3.0486,0.10189988501751478
55,2020-03-30,37.4,37.46,38.06,36.71,234528,29.804,3.0371,0.10190242920413368
56,2020-03-31,37.79,38.57,39.56,37.49,401091,30.7703,3.1355,0.10190020896773837
57,2020-04-01,38.09,37.64,38.51,37.61,198221,32.5513,3.317,0.10190069213825563
58,2020-04-02,37.43,37.88,38.09,37.16,122218,34.806,3.5468,0.10190197092455325
59,2020-04-03,37.88,37.46,38.45,37.46,134859,31.6418,3.2243,0.10190001833018349
60,2020-04-07,38.0,39.08,39.32,37.88,257022,30.3345,3.0911,0.10190047635530503
61,2020-04-08,38.87,38.78,39.02,38.57,111966,28.8945,3.0842,0.10674003703126893
62,2020-04-09,39.02,38.75,39.17,38.54,102947,30.1829,3.2217,0.10673924639448164
63,2020-04-10,38.96,38.03,38.96,37.82,105856,28.4019,3.0316,0.10673933786119942
64,2020-04-13,37.79,37.82,38.15,37.46,64308,27.7008,2.9568,0.10674059954947149
65,2020-04-14,38.03,38.36,38.45,37.64,111764,28.5534,3.0478,0.10674035316284576
66,2020-04-15,38.21,37.79,38.48,37.7,85816,28.7619,3.07,0.1067384282679517
67,2020-04-16,37.64,37.64,37.94,37.25,112219,29.425,3.1408,0.10673916737468139
68,2020-04-17,38.12,38.45,39.08,37.97,195181,29.3682,3.1347,0.10673790017774328
69,2020-04-20,38.75,38.0,38.93,37.79,139061,29.6334,3.163,0.10673766763179385
70,2020-04-21,38.0,37.76,38.0,37.43,148742,28.345,3.0255,0.10673840183453873
71,2020-04-22,37.64,38.66,38.87,37.37,174373,28.1745,3.0073,0.10673836270386343
72,2020-04-23,38.75,40.19,40.76,38.69,436805,27.7008,2.9568,0.10674059954947149
73,2020-04-24,40.31,41.27,41.81,39.92,435915,26.6966,2.8496,0.10674018414329915
74,2020-04-27,41.66,41.42,42.26,40.79,265707,27.4924,2.9345,0.10673858957384585
75,2020-04-28,41.48,40.4,41.66,39.56,191882,27.5303,2.9386,0.10674057311398713
76,2020-04-29,40.4,42.11,42.68,40.4,271714,28.2692,3.0174,0.10673807536117046
77,2020-04-30,42.26,41.84,43.01,41.81,143296,28.1934,3.0093,0.10673774713230756
78,2020-05-06,41.45,41.69,41.81,40.91,94260,28.8755,3.0822,0.10674100881370019
79,2020-05-07,41.48,41.0,41.84,41.0,83084,28.9703,3.0923,0.10674035132532282
80,2020-05-08,41.03,41.33,41.45,40.94,60756,29.4629,3.1448,0.10673762596349985
81,2020-05-11,41.75,41.72,42.56,41.45,108317,29.0082,3.0963,0.10673878420584525
82,2020-05-12,41.6,42.71,42.77,41.42,130136,29.4061,3.1388,0.10673975807740571
83,2020-05-13,42.32,43.1,43.64,42.17,154762,29.6334,3.163,0.10673766763179385
84,2020-05-14,42.68,42.26,43.1,41.66,161947,29.5197,3.1509,0.10673888962286202
85,2020-05-15,42.26,41.78,43.01,41.48,168424,29.3682,3.1347,0.10673790017774328
86,2020-05-18,41.96,43.94,44.06,40.73,372642,28.5724,3.0498,0.10673937086139071
87,2020-05-19,44.21,45.35,45.92,44.03,462525,30.1829,3.2217,0.10673924639448164
88,2020-05-20,45.35,45.23,46.28,45.08,275185,31.3008,3.341,0.10673848591729286
89,2020-05-21,45.56,44.54,45.71,44.36,135108,29.9176,3.1934,0.10673984544214776
90,2020-05-22,44.48,44.57,45.26,44.03,162576,30.6187,3.2682,0.10673869236773606
91,2020-05-25,44.36,43.46,44.36,43.07,171259,28.1934,3.0093,0.10673774713230756
92,2020-05-26,43.82,43.82,44.51,43.07,177123,28.5345,3.0457,0.10673745816467785
93,2020-05-27,43.91,43.22,44.15,43.13,76013,29.1976,3.1165,0.10673822505959393
94,2020-05-28,43.19,42.41,43.67,41.84,119943,28.8755,3.0822,0.10674100881370019
95,2020-05-29,42.44,43.4,43.76,42.44,132859,29.9745,3.1994,0.1067373934511001
96,2020-06-01,43.73,44.54,44.96,43.46,202173,29.7282,3.1732,0.1067404013697432
97,2020-06-02,44.66,44.78,46.16,44.33,186048,29.8987,3.1914,0.10674042684130078
98,2020-06-03,45.11,45.08,45.68,44.93,145133,29.9555,3.1974,0.10673832852063894
99,2020-06-04,44.96,45.26,45.47,44.69,100544,30.2208,3.2257,0.10673774354087251
100,2020-06-05,45.23,47.9,49.01,44.66,364128,29.3871,3.1368,0.10674071276172198
101,2020-06-08,47.66,49.04,49.61,47.66,398878,28.7808,3.072,0.10673782521681122
102,2020-06-09,49.19,51.89,52.13,49.07,349314,28.5534,3.0478,0.10674035316284576
103,2020-06-10,51.62,51.98,52.46,50.69,192075,28.8229,3.0696,0.1064986521134237
104,2020-06-11,51.95,51.65,53.06,51.26,205587,27.6275,2.9423,0.10649895937019273
105,2020-06-12,50.84,52.19,53.81,50.15,245588,27.3429,2.912,0.10649931060714116
106,2020-06-15,52.4,53.27,54.89,52.4,363090,27.8742,2.9686,0.10649991748642114
107,2020-06-16,53.48,55.25,56.81,52.85,240047,28.4434,3.0292,0.1064992230183452
108,2020-06-17,55.46,54.71,56.21,54.17,158447,28.8988,3.0777,0.10649923180201254
109,2020-06-18,54.68,54.44,55.28,53.48,148527,30.8722,3.2879,0.10650034659013612
110,2020-06-19,55.01,53.12,55.01,52.52,440673,31.7071,3.3768,0.10649980603713363
111,2020-06-22,54.56,50.0,54.59,49.16,519509,31.8779,3.395,0.10650011449938672
112,2020-06-23,50.45,49.28,50.66,48.95,255280,32.2195,3.4314,0.10650072161268798
113,2020-06-24,49.46,48.38,49.58,48.17,155364,30.9671,3.298,0.10650012432549384
114,2020-06-29,48.98,47.54,49.25,47.27,189193,30.284,3.2252,0.10649848104609695
115,2020-06-30,47.63,47.99,48.2,47.54,130979,29.9425,3.1889,0.10650079318694164
116,2020-07-01,48.11,49.88,49.97,47.81,231093,30.1512,3.2111,0.10649990713470775
117,2020-07-02,49.73,49.52,50.36,49.13,183247,30.0943,3.205,0.10649857281943757
118,2020-07-03,49.52,49.88,50.06,49.01,174076,28.2916,3.0131,0.10650157643964994
119,2020-07-06,49.88,50.84,51.32,49.58,233083,27.8552,2.8793,0.10336669634395015
120,2020-07-07,51.05,52.16,53.33,50.39,297973,26.1854,2.7067,0.10336676163052694
121,2020-07-08,52.04,51.74,52.4,50.75,310877,26.0716,2.6949,0.10336534773469983
122,2020-07-09,51.74,51.65,52.46,51.14,237978,25.8818,2.6753,0.1033660719115363
123,2020-07-10,51.68,51.38,52.85,50.84,198078,25.73,2.6596,0.10336572094830937
124,2020-07-13,51.2,51.77,52.13,50.0,269877,25.009,2.5851,0.10336678795633572
125,2020-07-14,51.71,50.03,51.71,49.31,235837,24.3828,2.5204,0.10336794789769838
126,2020-07-15,50.06,50.54,52.61,50.03,302127,24.8951,2.5733,0.10336572257191175
127,2020-07-16,50.63,49.49,52.07,48.74,289347,25.2746,2.6125,0.10336464276388152
128,2020-07-17,49.49,48.95,49.79,47.96,145656,25.0469,2.589,0.10336608522411955
129,2020-07-20,49.1,52.79,52.79,49.07,277328,25.749,2.6616,0.10336712105324479
130,2020-07-21,52.79,51.68,53.72,51.02,274728,25.73,2.6596,0.10336572094830937
131,2020-07-22,52.19,53.87,54.59,51.86,322772,26.1664,2.7047,0.10336538461538461
132,2020-07-23,53.15,52.1,53.42,50.24,297733,26.2423,2.7126,0.1033674639799103
133,2020-07-24,51.47,49.55,52.01,49.04,191781,25.3505,2.6204,0.10336679749906313
134,2020-07-27,49.43,50.81,51.11,49.04,121869,23.9843,2.4792,0.10336761965118849
135,2020-07-28,50.81,51.05,51.26,50.21,75456,24.2879,2.5106,0.10336834390787182
136,2020-07-29,51.05,51.23,51.5,50.36,93320,24.8192,2.5655,0.10336755415162456
137,2020-07-30,51.23,50.87,52.49,50.75,135225,24.5726,2.54,0.10336716505375906
138,2020-07-31,50.6,50.24,51.23,49.49,136946,23.9464,2.4753,0.10336835599505562
139,2020-08-03,50.18,50.96,51.11,49.91,144216,23.6997,2.4498,0.10336839706831732
140,2020-08-04,50.84,50.18,51.08,49.7,116562,23.491,2.4282,0.10336724703077774
141,2020-08-05,50.12,50.03,50.27,49.16,114044,23.9274,2.4733,0.10336685139212787
142,2020-08-06,49.67,48.95,50.09,48.83,157219,24.0223,2.4831,0.10336645533525099
143,2020-08-07,48.95,49.07,49.43,48.29,108025,24.1931,2.5008,0.10336831575945207
144,2020-08-10,48.77,47.9,49.31,47.81,196355,20.2434,2.499,0.12344764219449302
145,2020-08-11,48.11,47.84,48.74,47.69,104962,20.8085,2.5688,0.12344955186582407
146,2020-08-12,47.84,46.58,48.05,45.92,226792,20.7254,2.5585,0.12344755710384359
147,2020-08-13,46.85,48.17,49.13,46.85,192068,20.1271,2.4846,0.12344550382320355
148,2020-08-14,48.38,48.92,49.58,48.17,193061,19.2794,2.38,0.12344782513978651
149,2020-08-17,49.19,49.19,49.49,48.17,224611,18.7808,2.3185,0.12345054523768954
150,2020-08-18,49.31,51.23,51.71,49.07,350984,18.9138,2.3349,0.12344954477682964
151,2020-08-19,51.77,50.81,53.87,50.45,397048,19.1631,2.3656,0.12344558030798776
152,2020-08-20,50.84,50.9,51.65,50.15,141087,18.7143,2.3102,0.1234457072933532
153,2020-08-21,50.93,49.85,51.08,49.76,183651,18.7974,2.3205,0.12344792364901529
154,2020-08-24,50.39,49.52,50.39,49.28,139527,19.1132,2.3595,0.12344871607056905
155,2020-08-25,49.61,48.17,50.0,47.81,367842,18.8141,2.3226,0.12344996571720146
156,2020-08-26,48.5,49.28,50.51,48.11,420493,18.9304,2.3369,0.12344694248404683
157,2020-08-27,49.28,52.1,52.61,47.96,519925,19.3293,2.3862,0.12344989213266906
158,2020-08-28,52.31,50.06,52.46,49.01,656747,19.3459,2.3882,0.1234473454323655
159,2020-08-31,50.18,52.34,52.55,50.15,757585,19.5121,2.4087,0.1234464768015744
160,2020-09-01,52.28,54.41,55.28,51.86,772055,18.6146,2.2979,0.12344611219150559
161,2020-09-02,56.78,59.42,59.42,54.71,2003996,18.8473,2.3267,0.12345004324226813
162,2020-09-03,58.31,55.85,58.88,55.46,1349796,18.7143,2.3102,0.1234457072933532
163,2020-09-04,53.93,53.03,54.41,52.73,755718,19.2296,2.3738,0.12344510546241211
164,2020-09-07,53.18,51.5,53.33,50.99,606186,18.6146,2.2979,0.12344611219150559
165,2020-09-08,51.62,51.68,52.28,50.87,440615,18.5648,2.2918,0.12344867706627594
166,2020-09-09,50.84,49.31,51.11,49.31,472797,18.3819,2.2692,0.12344752174693584
167,2020-09-10,50.09,49.34,50.96,49.04,336394,18.7808,2.3185,0.12345054523768954
168,2020-09-11,49.34,49.67,50.0,48.11,274926,18.0994,2.2343,0.12344608108556086
169,2020-09-14,49.76,48.65,50.18,48.29,337820,15.7358,2.5031,0.1590703999796642
170,2020-09-15,48.44,48.86,49.28,47.45,279261,16.2733,2.5886,0.1590703790872165
171,2020-09-16,48.71,48.11,49.04,47.87,201236,16.3927,2.6076,0.1590708059075076
172,2020-09-17,47.69,48.02,48.5,47.42,182431,16.7958,2.6717,0.15906952928708368
173,2020-09-18,48.05,49.31,49.58,47.84,291873,17.5124,2.7857,0.1590701445832667
174,2020-09-21,49.46,49.25,49.7,48.98,204842,17.7662,2.8261,0.1590717204579482
175,2020-09-22,48.92,48.23,48.92,47.87,213879,18.6023,2.959,0.1590663520102353
176,2020-09-23,47.99,48.02,48.38,47.57,157782,18.9905,3.0208,0.15906900818830466
177,2020-09-24,47.81,47.03,48.23,46.76,196285,19.8713,3.1609,0.15906860648271626
178,2020-09-25,46.91,46.22,47.33,45.71,222360,20.3789,3.2417,0.15907139246966223
179,2020-09-28,46.04,46.22,46.22,45.41,135945,20.2445,3.2203,0.15907036479043693
180,2020-09-29,46.37,46.19,46.55,46.1,120121,20.7074,3.2939,0.15906873871176486
181,2020-09-30,46.22,46.25,46.31,45.41,111819,20.8567,3.3176,0.1590663911357022
182,2020-10-09,47.39,47.21,47.96,46.97,219508,20.5431,3.2678,0.15907044214359078
183,2020-10-12,47.27,48.11,48.23,47.21,219937,20.7223,3.2963,0.15907018043363913
184,2020-10-13,48.14,49.13,49.46,47.69,303677,21.1851,3.3699,0.15906934590820906
185,2020-10-14,48.83,48.86,49.73,48.68,245378,20.6029,3.2773,0.1590698396827631
186,2020-10-15,48.83,48.5,49.25,48.38,193896,20.8119,3.3105,0.15906764879708243
187,2020-10-16,48.26,48.38,48.89,47.93,152505,20.9761,3.3366,0.15906674739346208
188,2020-10-19,48.5,48.98,49.46,48.23,216003,21.4688,3.415,0.15906804292741092
189,2020-10-20,49.07,49.73,50.09,48.77,306920,21.2598,3.3818,0.15907016999219187
190,2020-10-21,50.09,49.64,50.69,49.25,352230,22.1406,3.5219,0.15906976324038194
191,2020-10-22,49.37,49.13,49.4,48.71,180239,22.2451,3.5385,0.15906873873347388
192,2020-10-23,49.16,47.96,49.43,47.75,204475,22.051,3.5076,0.15906761598113467
193,2020-10-26,47.69,47.99,48.23,47.06,130993,22.2003,3.5314,0.15906992247852508
194,2020-10-27,47.81,48.35,48.38,47.3,110639,22.8124,3.6287,0.15906699864985707
195,2020-10-28,47.36,47.06,47.36,46.04,337967,21.4688,3.415,0.15906804292741092
196,2020-10-29,46.25,46.67,46.7,45.86,171557,21.2598,3.3818,0.15907016999219187
197,2020-10-30,46.58,46.16,46.58,45.14,259875,22.1257,3.5195,0.15906841365470922
198,2020-11-02,46.25,44.87,46.31,44.87,218608,21.9913,3.4981,0.15906744940044473
199,2020-11-03,44.96,45.08,45.47,44.66,201978,22.8722,3.6382,0.15906646496620352
200,2020-11-04,44.72,44.33,44.78,43.49,304537,23.1409,3.681,0.15906900768768717
201,2020-11-05,44.33,44.09,44.57,43.64,259596,23.6186,3.757,0.1590695468825417
202,2020-11-06,43.94,42.98,44.0,42.83,303230,21.4688,3.415,0.15906804292741092
203,2020-11-09,43.1,43.79,43.85,42.8,267965,19.6922,3.1324,0.15906805740343893
204,2020-11-10,43.79,43.25,44.03,43.04,201825,19.1398,3.0445,0.15906644792526567
205,2020-11-11,43.19,43.22,43.7,43.07,184399,20.8417,3.3153,0.15907051728026025
206,2020-11-12,43.43,43.7,44.0,43.22,186884,20.7522,3.301,0.15906747236437585
207,2020-11-13,43.67,42.95,43.67,42.95,186562,21.2,3.3723,0.15907075471698115
208,2020-11-16,42.86,42.5,43.13,42.32,237037,20.8865,3.3224,0.159069255260575
209,2020-11-17,42.38,43.31,43.46,41.51,365050,19.7967,3.149,0.1590669151929362
210,2020-11-18,42.77,43.07,43.28,42.77,144336,19.513,3.1039,0.1590683134320709
211,2020-11-19,43.16,43.34,43.82,42.65,241439,19.2467,3.0609,0.15903505536013968
212,2020-11-20,43.34,43.34,43.64,43.13,164721,19.3661,3.0798,0.1590304707710897
213,2020-11-23,43.58,43.7,43.97,43.31,169743,19.4856,3.0988,0.15903025824198383
214,2020-11-24,43.67,43.73,43.91,43.55,131006,19.0974,3.0371,0.15903211955554158
215,2020-11-25,43.73,43.01,43.82,42.95,145492,19.2467,3.0609,0.15903505536013968
216,2020-11-26,43.07,42.35,43.16,42.23,174634,18.6644,2.9682,0.1590300250744733
217,2020-11-27,42.41,42.98,43.13,42.35,101731,19.0526,3.03,0.15903341276256255
218,2020-11-30,42.98,43.04,43.31,42.65,162757,18.9033,3.0062,0.15903043383959414
219,2020-12-01,42.92,43.79,44.18,42.8,215069,19.1272,3.0419,0.15903530051445064
