,日期,开盘,收盘,最高,最低,成交量,pe,pb,roe
0,2020-01-03,2897.06,2829.39,2902.94,2821.21,218178,87.6707,15.8787,0.18111752272994286
1,2020-01-06,2816.31,2768.58,2821.54,2750.93,297348,86.0495,15.5851,0.1811178449613304
2,2020-01-07,2768.91,2794.08,2812.39,2755.18,189409,87.0102,15.7591,0.1811178459536928
3,2020-01-08,2766.62,2787.87,2793.1,2765.64,123042,86.0596,15.5869,0.1811175046130821
4,2020-01-09,2798.33,2859.79,2870.25,2797.35,260172,86.1896,15.6105,0.18111813954351802
5,2020-01-10,2876.79,2880.06,2912.75,2866.98,232567,87.2304,15.799,0.18111805058786845
6,2020-01-13,2908.83,2891.17,2912.1,2847.37,215037,86.1796,15.6087,0.18111826928878763
7,2020-01-14,2889.87,2847.69,2889.87,2833.64,214681,86.9702,15.7518,0.18111721026282565
8,2020-01-15,2852.27,2861.42,2894.77,2832.98,164961,87.3605,15.8225,0.18111732419113902
9,2020-01-16,2884.64,2845.41,2888.23,2817.95,207124,86.67,15.6975,0.18111803392177223
10,2020-01-17,2847.37,2983.36,2984.02,2847.37,526241,85.5892,15.5017,0.18111747743874226
11,2020-01-20,3052.67,2965.06,3075.55,2931.71,293527,85.6893,15.5199,0.1811182959832791
12,2020-01-21,2965.06,2973.88,3026.84,2957.21,199509,85.5592,15.4963,0.18111786926478976
13,2020-01-22,2973.23,2972.58,3000.36,2945.77,162262,86.6099,15.6866,0.1811178629694758
14,2020-01-23,2962.44,2896.08,2981.4,2870.25,237016,86.2297,15.6177,0.18111741082248925
15,2020-02-03,2653.84,2813.37,2859.79,2647.95,410420,88.0109,15.9403,0.18111733887507114
16,2020-02-04,2812.71,2855.54,2899.02,2747.99,324331,89.4319,16.1977,0.18111769961277802
17,2020-02-05,2863.71,2926.15,2928.11,2840.5,296758,88.9516,16.1107,0.18111759653564413
18,2020-02-06,2943.81,2964.73,3007.55,2905.88,308325,91.2632,16.5294,0.1811179095188422
19,2020-02-07,2978.13,2950.34,2981.4,2891.17,224677,90.2324,16.3427,0.18111786896946108
20,2020-02-10,2919.29,2912.75,2925.83,2873.52,165484,90.2124,16.3391,0.18111811679990775
21,2020-02-11,2929.1,2966.69,2990.88,2913.08,229187,89.2918,16.1723,0.18111741503699108
22,2020-02-12,2978.46,3058.55,3058.55,2971.59,249630,88.9015,16.1016,0.1811173039824975
23,2020-02-13,3066.73,3009.19,3080.78,3002.98,185216,91.103,16.5004,0.18111807514571418
24,2020-02-14,3015.73,3012.46,3041.88,2994.81,150103,91.4233,16.5584,0.18111794258137695
25,2020-02-17,3012.46,3039.59,3053.0,2996.11,162570,89.2918,16.1723,0.18111741503699108
26,2020-02-18,3039.92,2981.4,3077.84,2969.63,227545,88.8239,16.7546,0.18862716003237867
27,2020-02-19,2974.54,2951.33,2991.21,2941.85,168513,87.798,16.5611,0.18862730358322513
28,2020-02-20,2967.67,2987.94,2997.09,2937.27,160276,89.2023,16.826,0.18862742328392879
29,2020-02-21,2971.92,2968.33,2984.67,2957.86,193347,89.2223,16.8298,0.18862773095963675
30,2020-02-24,2960.81,2908.83,2963.42,2881.69,279508,90.6466,17.0984,0.1886270417202631
31,2020-02-25,2875.81,2906.54,2961.46,2870.25,231844,91.1545,18.2949,0.2007021046684475
32,2020-02-26,2893.14,2853.25,2896.08,2847.37,229985,92.7282,18.6108,0.2007026988553644
33,2020-02-27,2863.71,2870.58,2896.4,2840.83,190022,92.788,18.6228,0.20070267707031084
34,2020-02-28,2831.02,2768.58,2849.98,2754.52,269597,92.6286,18.5908,0.20070259077649885
35,2020-03-02,2799.97,2804.87,2844.43,2736.87,269892,93.3258,18.7307,0.2007022709690139
36,2020-03-03,2839.52,2907.52,2937.27,2839.52,292430,93.8238,18.8307,0.20070280675052599
37,2020-03-04,2896.4,2889.87,2900.0,2844.1,150531,91.5828,18.3809,0.20070253366352633
38,2020-03-05,2949.04,3017.36,3043.52,2929.42,441926,89.4613,17.9551,0.20070242663587498
39,2020-03-06,3027.17,3035.34,3086.01,3017.36,312583,89.531,17.9691,0.20070254995476428
40,2020-03-09,2963.42,2925.5,3004.29,2922.23,328202,88.2263,17.7072,0.20070205822980225
41,2020-03-10,2937.27,2981.4,3014.09,2901.31,262845,88.0968,17.6812,0.20070195512209296
42,2020-03-11,3020.3,2930.08,3020.3,2922.88,160102,87.5091,17.5633,0.200702555505656
43,2020-03-12,2880.39,2843.44,2929.1,2831.02,250775,89.4812,17.9591,0.2007024939316862
44,2020-03-13,2706.8,2788.52,2831.02,2700.26,349671,88.9434,17.8511,0.20070179462444654
45,2020-03-16,2798.33,2701.89,2821.21,2685.55,289941,88.1466,17.6912,0.2007020123294602
46,2020-03-17,2701.89,2670.51,2764.33,2604.8,272935,88.6247,17.7872,0.20070251295632027
47,2020-03-18,2674.1,2654.49,2774.14,2644.35,283897,85.9454,17.2494,0.2007018409362223
48,2020-03-19,2651.22,2602.18,2693.72,2542.69,322311,89.3816,17.9391,0.2007023816982466
49,2020-03-20,2634.22,2640.11,2667.24,2591.07,248832,90.7362,18.211,0.20070269638799068
50,2020-03-23,2634.87,2710.06,2748.97,2612.32,415208,90.9952,18.2629,0.20070179525953016
51,2020-03-24,2734.26,2819.91,2831.02,2729.03,319005,91.4434,18.3529,0.20070229234696
52,2020-03-25,2901.31,2928.11,2961.13,2850.96,318446,90.3776,18.139,0.20070238643203625
53,2020-03-26,2925.83,2970.94,3010.82,2901.31,317704,89.9394,18.051,0.2007018058826276
54,2020-03-27,2996.11,2990.88,3068.03,2964.4,284699,91.9613,18.4568,0.20070181695996037
55,2020-03-30,2961.79,2984.67,3041.88,2918.63,256846,91.2342,18.3109,0.20070214897483618
56,2020-03-31,3000.04,3028.15,3033.05,2961.79,263045,93.1366,18.6927,0.20070197967286757
57,2020-04-01,3006.9,2961.79,3010.5,2935.63,193045,94.6206,18.9906,0.20070259541791113
58,2020-04-02,2963.42,3022.27,3026.84,2949.36,181389,94.3218,18.9306,0.20070227667410925
59,2020-04-03,3020.63,3083.73,3125.24,3011.8,292103,93.6147,18.7887,0.20070245378129717
60,2020-04-07,3108.9,3141.59,3157.28,3078.82,237684,94.4911,18.9646,0.20070250002381176
61,2020-04-08,3121.97,3118.05,3174.28,3100.07,161199,95.0091,19.0685,0.20070182750915438
62,2020-04-09,3118.38,3183.76,3216.78,3107.26,177081,93.7342,18.8127,0.20070262508241388
63,2020-04-10,3183.43,3164.8,3278.24,3154.67,171076,94.2023,18.9066,0.20070210599953506
64,2020-04-13,3189.97,3179.84,3202.72,3134.4,93329,93.6147,18.7887,0.20070245378129717
65,2020-04-14,3214.16,3239.34,3240.97,3160.55,193455,92.0509,18.4748,0.2007020029136054
66,2020-04-15,3239.99,3204.68,3273.99,3186.7,144663,91.4334,18.3509,0.20070236915612893
67,2020-04-16,3163.49,3204.03,3220.7,3142.24,139843,91.3338,18.3309,0.20070225918553702
68,2020-04-17,3208.61,3177.55,3229.86,3169.7,147495,92.3597,18.5368,0.2007022543382016
69,2020-04-20,3177.55,3180.82,3206.97,3158.26,128542,93.027,18.6707,0.20070194674664343
70,2020-04-21,3190.63,3135.05,3191.28,3100.72,183203,90.537,18.171,0.20070247523112095
71,2020-04-22,3134.72,3206.97,3206.97,3096.15,177450,89.1426,17.8911,0.20070202125583056
72,2020-04-23,3223.32,3159.57,3248.49,3125.24,193766,88.5251,17.7672,0.20070239965840198
73,2020-04-24,3157.28,3134.4,3157.61,3108.9,108507,89.6506,17.9931,0.20070250505852721
74,2020-04-27,3154.67,3169.38,3200.43,3102.03,183860,91.4135,18.3469,0.20070230327030472
75,2020-04-28,3171.01,3159.57,3190.63,3126.88,221292,90.4274,18.149,0.20070244195896375
76,2020-04-29,3143.55,3072.61,3157.93,3015.73,241030,90.8358,18.231,0.20070280660268308
77,2020-04-30,3072.94,3059.86,3112.17,3041.55,196497,90.6366,18.191,0.20070258593106977
78,2020-05-06,3043.84,3171.66,3171.66,3030.44,260014,92.4194,18.5488,0.2007024499185236
79,2020-05-07,3175.91,3177.55,3201.41,3144.86,124586,93.6047,18.7867,0.2007025288260098
80,2020-05-08,3189.32,3192.26,3245.87,3171.99,167321,92.8278,18.6308,0.20070280670230256
81,2020-05-11,3180.82,3082.09,3183.43,3072.61,329390,94.0031,19.9653,0.21238980416603281
82,2020-05-12,3082.09,3139.63,3142.57,3076.86,182856,94.5907,20.0901,0.21238980153440032
83,2020-05-13,3139.63,3148.13,3190.63,3095.82,224920,95.4672,20.2762,0.21238917659677878
84,2020-05-14,3140.28,3197.16,3223.32,3115.44,222617,94.2222,20.0118,0.21238943688430115
85,2020-05-15,3216.78,3119.69,3228.22,3109.22,253661,95.0091,20.1789,0.2123891290413234
86,2020-05-18,3123.61,3197.16,3229.86,3095.82,301163,94.4115,20.052,0.21238938053097345
87,2020-05-19,3256.01,3221.36,3287.72,3200.76,185348,98.9732,21.0209,0.21238981865798015
88,2020-05-20,3240.32,3220.05,3287.72,3195.53,193246,98.9732,21.0209,0.21238981865798015
89,2020-05-21,3233.12,3280.2,3321.39,3224.3,270699,98.9035,21.0061,0.21238985475741506
90,2020-05-22,3281.18,3154.01,3284.78,3137.67,284478,96.1047,20.4116,0.21238919636604664
91,2020-05-25,3188.99,3202.72,3233.32,3167.42,199368,95.9453,20.3778,0.21238976791984598
92,2020-05-26,3190.95,3224.3,3239.99,3175.65,211371,95.9652,20.382,0.2123894911905566
93,2020-05-27,3209.78,3160.35,3209.78,3103.08,311442,102.5787,21.7867,0.21239009657950433
94,2020-05-28,3154.08,3106.61,3162.71,3060.71,231917,98.0369,20.822,0.21238941663802097
95,2020-05-29,3090.92,3114.46,3139.95,3079.15,173190,99.4214,21.1161,0.21238988789133928
96,2020-06-01,3157.61,3174.08,3196.84,3149.37,261484,98.9533,21.0166,0.2123890764633418
97,2020-06-02,3176.05,3181.15,3188.99,3147.02,176093,98.1166,20.8389,0.2123891370063781
98,2020-06-03,3191.35,3172.12,3196.44,3161.53,209538,96.6724,20.5322,0.21238947207269088
99,2020-06-04,3188.21,3212.53,3214.88,3161.92,209798,96.9015,20.5809,0.2123899010851225
100,2020-06-05,3212.53,3255.68,3256.47,3181.93,185789,92.7581,19.7009,0.21239007698519052
101,2020-06-08,3264.31,3177.22,3270.98,3152.9,330383,91.5131,19.4364,0.2123892644878165
102,2020-06-09,3177.22,3281.97,3283.14,3177.22,352700,90.8358,19.2926,0.2123898286798817
103,2020-06-10,3283.53,3343.56,3381.22,3265.1,319125,90.6864,19.2608,0.21238906826161363
104,2020-06-11,3336.1,3340.42,3375.72,3305.9,221179,91.9314,19.5253,0.21238989072286513
105,2020-06-12,3287.46,3394.55,3394.95,3287.46,233958,91.8617,19.5105,0.21238992964423695
106,2020-06-15,3365.52,3331.79,3424.37,3325.51,254782,92.5788,19.6628,0.21238987759616673
107,2020-06-16,3365.52,3445.55,3463.99,3345.12,274286,94.1226,19.9907,0.21239001047569872
108,2020-06-17,3451.83,3544.02,3559.71,3445.94,331274,92.8577,19.722,0.2123894948937999
109,2020-06-18,3542.06,3530.29,3556.18,3462.81,214876,92.6087,19.6691,0.21238933275167451
110,2020-06-19,3538.13,3674.65,3687.99,3530.29,334485,88.9434,18.8906,0.21238900244425107
111,2020-06-22,3671.51,3684.46,3769.98,3644.05,292778,89.292,18.9647,0.21238968776598127
112,2020-06-23,3646.8,3734.28,3734.28,3636.21,254531,86.792,18.4337,0.212389390727256
113,2020-06-24,3714.67,3673.48,3730.36,3637.38,310913,83.9036,17.8202,0.21238897973388507
114,2020-06-29,3651.9,3645.23,3692.7,3612.67,271306,85.4972,18.1587,0.21238941158306937
115,2020-06-30,3670.73,3647.98,3698.97,3626.4,257669,84.1227,17.8668,0.21238975924453213
116,2020-07-01,3651.9,3598.94,3658.18,3530.68,420680,84.2024,17.8837,0.21238943308029226
117,2020-07-02,3596.19,3604.82,3626.4,3557.75,345271,82.6387,17.5516,0.21238959470562824
118,2020-07-03,3609.53,3631.5,3636.21,3577.36,299107,79.9793,16.9868,0.21238995590108942
119,2020-07-06,3636.21,3680.54,3691.13,3602.86,496528,81.9713,17.4099,0.21239019022511538
120,2020-07-07,3693.87,3843.73,3880.22,3673.48,474944,80.8757,17.1772,0.21239012459861245
121,2020-07-08,3870.41,3834.71,3940.63,3795.48,358710,79.8498,16.9593,0.21239001224799559
122,2020-07-09,3836.28,3891.59,3919.44,3817.06,282675,80.0789,17.0079,0.21238928107154317
123,2020-07-10,3895.12,3924.54,3966.13,3873.55,293976,79.8996,16.9699,0.21239029982628196
124,2020-07-13,3933.57,3942.98,3984.57,3912.78,323715,78.3857,16.6483,0.2123895047183351
125,2020-07-14,3942.2,3888.45,3942.2,3832.36,332263,78.1865,16.606,0.2123896069014472
126,2020-07-15,3946.12,4067.34,4146.19,3913.17,478900,79.551,16.8958,0.21238953627232846
127,2020-07-16,4079.5,3806.86,4113.24,3803.33,475574,81.1745,17.2406,0.2123893587271865
128,2020-07-17,3789.59,3806.07,3866.88,3753.9,366632,80.6267,17.1243,0.21238994030513467
129,2020-07-20,3811.17,3812.35,3855.11,3723.3,256361,79.5809,16.2436,0.20411430380907983
130,2020-07-21,3848.05,3922.58,3949.26,3811.96,324189,82.7847,16.8975,0.2041138036376287
131,2020-07-22,3910.42,3925.33,3991.63,3850.79,301276,81.2575,16.5858,0.20411408177706675
132,2020-07-23,3903.36,3925.33,3984.57,3871.58,345556,81.2907,16.5926,0.20411436978645775
133,2020-07-24,3875.9,3745.66,3902.58,3714.67,444160,80.6765,16.4672,0.2041139613146331
134,2020-07-27,3745.27,3769.2,3830.79,3733.89,249829,78.7094,16.0657,0.20411412105796764
135,2020-07-28,3769.59,3738.2,3801.36,3722.51,285202,80.6765,16.4672,0.2041139613146331
136,2020-07-29,3724.08,3787.24,3808.03,3714.67,266037,79.4315,16.2131,0.20411423679522608
137,2020-07-30,3787.63,3752.72,3804.5,3738.6,272996,79.2157,16.169,0.20411357849517206
138,2020-07-31,3748.8,3729.57,3772.73,3629.93,560034,77.7549,15.8708,0.2041131812914684
139,2020-08-03,3663.67,3683.28,3704.47,3616.59,639978,80.552,16.4418,0.20411411262290197
140,2020-08-04,3695.05,3713.88,3786.06,3693.09,407385,80.1785,16.3655,0.20411332214995292
141,2020-08-05,3710.35,3667.2,3718.98,3651.51,383115,80.0291,16.335,0.20411325380392883
142,2020-08-06,3675.83,3596.98,3686.81,3577.76,477497,77.1905,15.7556,0.20411320045860565
143,2020-08-07,3608.75,3604.82,3635.03,3538.92,329883,77.5142,15.8217,0.2041135688686718
144,2020-08-10,3609.53,3588.74,3620.12,3547.16,287939,79.722,16.2724,0.20411429718270996
145,2020-08-11,3615.42,3627.58,3680.14,3604.82,350843,79.971,17.2064,0.2151579947731052
146,2020-08-12,3627.58,3558.14,3642.88,3518.52,353339,79.0829,17.0153,0.21515776482653015
147,2020-08-13,3594.23,3513.81,3594.23,3510.67,263858,79.722,17.1528,0.21515767291337398
148,2020-08-14,3517.73,3538.13,3549.9,3478.11,242375,80.9255,17.4118,0.21515838641713675
149,2020-08-17,3556.96,3593.06,3616.2,3525.58,343677,79.1089,17.0127,0.21505418480095156
150,2020-08-18,3604.82,3691.13,3740.56,3604.82,449291,80.271,17.2626,0.2150540045595545
151,2020-08-19,3706.82,3664.85,3748.4,3656.61,327704,80.188,17.2447,0.21505337456976106
152,2020-08-20,3664.85,3624.44,3688.78,3604.82,203114,80.8604,17.3893,0.21505335120776053
153,2020-08-21,3678.97,3628.36,3700.94,3589.13,205669,80.877,17.3929,0.2150537235555226
154,2020-08-24,3674.65,3652.68,3675.44,3622.48,177433,81.7569,17.5821,0.21505340833617714
155,2020-08-25,3675.04,3714.27,3740.17,3667.59,249792,80.2461,17.2572,0.21505344184951047
156,2020-08-26,3715.84,3737.42,3790.77,3702.9,268723,79.8643,17.1751,0.215053534557994
157,2020-08-27,3737.42,3718.98,3749.19,3659.35,213100,80.3457,17.2787,0.21505444597532913
158,2020-08-28,3687.21,3769.2,3773.51,3671.91,281548,78.6772,16.9198,0.21505340810298282
159,2020-08-31,3785.28,3748.8,3814.7,3742.52,272986,79.2749,17.0484,0.2150541974824314
160,2020-09-01,3733.89,3714.27,3775.47,3688.78,209669,77.8056,16.7324,0.21505392928015463
161,2020-09-02,3753.9,3742.13,3753.9,3660.14,273407,76.245,16.3968,0.21505410190832183
162,2020-09-03,3742.13,3753.9,3788.42,3709.96,196908,74.7093,16.0665,0.215053547550305
163,2020-09-04,3709.96,3695.44,3726.44,3650.72,254465,76.3944,16.4289,0.21505372121516758
164,2020-09-07,3675.44,3620.52,3706.43,3616.59,233966,75.2904,16.1915,0.21505397766514722
165,2020-09-08,3621.3,3649.15,3671.12,3604.82,205176,75.4481,16.2254,0.21505379194439622
166,2020-09-09,3618.16,3569.52,3638.95,3538.13,210803,74.9417,16.1165,0.21505383518121418
167,2020-09-10,3616.59,3586.78,3634.64,3569.91,162648,73.8543,15.8826,0.21505315194917562
168,2020-09-11,3542.06,3628.75,3646.41,3542.06,183390,71.1067,15.2918,0.21505427758565648
169,2020-09-14,3640.13,3611.1,3651.11,3609.53,154824,68.3175,14.6919,0.21505324404435175
170,2020-09-15,3608.75,3600.9,3609.92,3558.53,148881,87.2029,15.3125,0.17559622443749004
171,2020-09-16,3612.67,3547.55,3632.28,3542.06,195171,85.9409,15.0909,0.17559625277370844
172,2020-09-17,3521.66,3412.21,3543.63,3400.83,423045,87.6815,15.3965,0.17559576421480017
173,2020-09-18,3416.52,3517.73,3517.73,3409.46,297717,88.2146,15.4901,0.17559564969970956
174,2020-09-21,3510.67,3498.9,3536.56,3469.48,168298,89.2589,15.6735,0.17559593497119055
175,2020-09-22,3479.29,3530.29,3561.67,3478.9,204940,92.1417,16.1797,0.17559584856802077
176,2020-09-23,3536.17,3551.47,3577.36,3512.63,155195,93.9693,16.5006,0.17559564666332514
177,2020-09-24,3540.1,3473.8,3540.1,3451.83,173027,96.8522,17.0068,0.17559539174123046
178,2020-09-25,3491.06,3496.94,3503.61,3453.79,141113,98.5601,17.3067,0.17559539813778596
179,2020-09-28,3498.51,3502.04,3540.88,3483.6,145685,96.6999,16.9801,0.17559583825836428
180,2020-09-29,3529.5,3553.43,3573.44,3514.6,177814,100.3551,17.6219,0.17559546051969457
181,2020-09-30,3573.05,3550.69,3635.42,3538.13,234316,99.7568,17.5169,0.17559604959260922
182,2020-10-09,3636.21,3634.25,3653.47,3591.09,195761,95.5141,16.7719,0.1755960638272255
183,2020-10-12,3651.51,3722.51,3726.44,3651.11,246020,96.1016,16.875,0.17559541152280503
184,2020-10-13,3722.51,3702.9,3741.73,3679.75,186964,92.6857,16.2752,0.17559558810042974
185,2020-10-14,3694.66,3675.44,3717.41,3666.02,210900,91.4781,16.0632,0.17559612628596352
186,2020-10-15,3675.44,3681.71,3700.94,3658.18,178035,94.8723,16.6592,0.17559603804271637
187,2020-10-16,3713.1,3679.36,3722.51,3640.92,176502,94.2957,16.5579,0.17559549374998012
188,2020-10-19,3702.11,3617.38,3714.67,3601.29,207159,96.0689,16.8693,0.17559584839630724
189,2020-10-20,3612.28,3597.37,3617.38,3544.41,222967,96.1451,16.8827,0.17559605221690966
190,2020-10-21,3597.76,3541.27,3604.82,3518.91,288336,98.125,17.2303,0.17559541401273884
191,2020-10-22,3539.7,3540.49,3540.49,3498.9,161529,98.7777,17.345,0.1755963137428792
192,2020-10-23,3540.49,3485.17,3552.26,3482.43,145912,97.5593,17.131,0.17559576585727862
193,2020-10-26,3483.21,3525.58,3539.7,3463.6,125432,98.5601,17.3067,0.17559539813778596
194,2020-10-27,3524.8,3527.54,3547.94,3491.45,152410,100.4965,17.6468,0.17559616504057354
195,2020-10-28,3527.54,3611.1,3636.21,3499.3,260264,99.5936,17.4882,0.17559562060212705
196,2020-10-29,3584.82,3598.55,3636.21,3549.9,238522,99.4848,17.4691,0.1755956688861012
197,2020-10-30,3603.25,3512.24,3612.28,3492.24,303491,101.1275,17.7576,0.17559615337074486
198,2020-11-02,3502.04,3527.54,3538.13,3471.44,214137,98.0706,17.2208,0.1755959482250542
199,2020-11-03,3535.39,3563.63,3574.62,3518.91,196300,96.2756,16.9056,0.17559589345587043
200,2020-11-04,3565.2,3564.42,3577.36,3541.27,139726,97.5266,17.1253,0.17559619631977327
201,2020-11-05,3611.89,3604.82,3644.05,3583.64,180906,98.0053,17.2093,0.17559560554378179
202,2020-11-06,3624.44,3514.2,3627.97,3479.29,319762,96.7216,16.9839,0.17559573042629567
203,2020-11-09,3521.66,3533.03,3555.39,3503.22,314853,94.3719,16.5713,0.17559570168662494
204,2020-11-10,3542.06,3477.33,3551.47,3466.34,300413,92.9685,16.3249,0.17559603521622913
205,2020-11-11,3477.33,3407.5,3477.33,3396.91,351044,95.7208,16.8082,0.17559610868275233
206,2020-11-12,3420.45,3422.41,3446.73,3408.68,195162,98.2664,17.2552,0.17559613458923903
207,2020-11-13,3424.37,3381.22,3429.86,3368.66,294420,98.3099,17.2628,0.1755957436636595
208,2020-11-16,3404.75,3386.32,3414.56,3359.25,203858,98.0162,17.2112,0.1755954627908448
209,2020-11-17,3386.71,3382.39,3394.16,3357.68,215696,98.6254,17.3182,0.17559573902868836
210,2020-11-18,3383.18,3424.76,3451.04,3383.18,240688,94.0346,16.5121,0.17559600402405073
211,2020-11-19,3440.06,3451.83,3463.6,3420.45,180169,94.5677,16.6057,0.17559589585027444
212,2020-11-20,3451.83,3436.53,3466.74,3427.11,171634,94.1108,16.5255,0.17559621212443208
213,2020-11-23,3436.53,3405.54,3440.06,3361.6,328838,95.5576,16.7795,0.17559566167421534
214,2020-11-24,3405.15,3446.73,3448.3,3382.39,238378,95.1878,16.7146,0.17559603226463896
215,2020-11-25,3446.73,3405.93,3453.01,3396.91,200238,94.5133,16.5961,0.17559539239450955
216,2020-11-26,3431.82,3400.83,3438.49,3365.13,156072,92.12,16.1759,0.17559596178897088
217,2020-11-27,3396.12,3438.1,3439.67,3362.78,162138,92.3267,16.2122,0.17559600852191184
218,2020-11-30,3428.29,3400.44,3459.67,3400.44,241934,91.4781,16.0632,0.17559612628596352
219,2020-12-01,3412.21,3463.99,3474.58,3406.71,245353,93.5016,16.4185,0.17559592563121917
