,日期,开盘,收盘,最高,最低,成交量,pe,pb,roe
0,2020-01-03,148.39,148.48,149.24,146.12,263323,6.7482,1.2945,0.19182893215968702
1,2020-01-06,146.29,146.29,146.71,143.26,439607,6.7796,1.3005,0.19182547642928785
2,2020-01-07,146.29,147.47,148.31,145.28,214051,7.026,1.3478,0.1918303444349559
3,2020-01-08,146.71,148.48,148.9,145.03,286948,6.9274,1.3289,0.1918324335248434
4,2020-01-09,149.57,149.66,152.94,148.82,377452,6.8333,1.3108,0.19182532597719987
5,2020-01-10,148.82,145.95,149.66,145.28,329231,6.6855,1.2825,0.19183307157280682
6,2020-01-13,145.45,146.71,146.79,144.44,239989,6.7347,1.2919,0.19182740136902907
7,2020-01-14,146.71,146.79,148.14,145.45,176511,6.6989,1.285,0.19182253802863156
8,2020-01-15,146.71,144.6,146.71,143.68,226795,6.7661,1.2979,0.19182394584768184
9,2020-01-16,144.86,144.52,146.29,143.93,185607,6.793,1.3031,0.1918298248196673
10,2020-01-17,145.28,144.1,145.95,143.59,200021,6.6855,1.2825,0.19183307157280682
11,2020-01-20,143.85,142.5,144.44,139.47,344074,6.4166,1.2309,0.19183056447339714
12,2020-01-21,142.08,139.04,142.83,138.79,282407,6.2239,1.1939,0.1918250614566429
13,2020-01-22,139.47,141.07,141.74,136.85,206206,6.3987,1.2275,0.19183584165533626
14,2020-01-23,139.21,136.77,139.21,135.34,276617,6.4345,1.2343,0.19182531665242053
15,2020-02-03,126.32,126.24,128.6,125.65,425197,6.3852,1.2249,0.191834241683894
16,2020-02-04,126.32,129.02,130.11,125.48,381385,6.439,1.2352,0.19183102966299115
17,2020-02-05,128.85,129.02,131.13,127.92,299568,6.3628,1.2206,0.191833783868737
18,2020-02-06,129.69,129.95,130.2,127.92,339622,6.327,1.2137,0.1918286707760392
19,2020-02-07,129.02,129.86,130.28,127.08,337654,6.1074,1.1716,0.19183285849952517
20,2020-02-10,128.51,132.81,133.99,127.92,397138,6.1119,1.1724,0.19182251018504884
21,2020-02-11,132.3,132.98,134.75,131.8,260235,6.0402,1.1587,0.19183139631138044
22,2020-02-12,132.89,132.64,133.4,131.38,247746,5.982,1.1475,0.19182547642928785
23,2020-02-13,133.82,134.58,137.44,133.48,545614,6.1388,1.2914,0.2103668469407702
24,2020-02-14,136.18,143.59,144.27,136.01,584884,6.0537,1.2735,0.21036721343971457
25,2020-02-17,144.18,144.27,145.87,141.07,505491,6.1298,1.2895,0.21036575418447584
26,2020-02-18,144.18,141.99,144.18,139.97,296704,6.3225,1.33,0.21035982601818903
27,2020-02-19,141.4,142.75,144.52,140.56,241931,6.4076,1.3479,0.21035957300705413
28,2020-02-20,142.25,143.68,145.45,138.96,391176,6.3449,1.3347,0.2103579252628095
29,2020-02-21,142.58,141.23,143.09,140.39,267957,6.3763,1.3413,0.21035710364945187
30,2020-02-24,140.05,138.62,140.22,136.85,340635,6.3808,1.3423,0.21036547141424275
31,2020-02-25,138.03,140.48,143.09,138.03,334716,6.448,1.3564,0.21035980148883374
32,2020-02-26,138.88,147.64,151.17,138.71,809010,6.3897,1.3442,0.21036981391927634
33,2020-02-27,148.39,144.44,148.82,143.42,574125,6.3449,1.3347,0.2103579252628095
34,2020-02-28,142.41,146.29,149.91,142.16,530461,6.3449,1.3347,0.2103579252628095
35,2020-03-02,145.36,154.97,156.31,145.36,730223,6.5331,1.3743,0.2103595536575286
36,2020-03-03,155.64,151.34,156.65,147.97,599345,6.6899,1.4073,0.21036188881747112
37,2020-03-04,152.27,157.83,158.5,149.57,704453,6.5331,1.3743,0.2103595536575286
38,2020-03-05,154.54,157.66,159.26,154.29,557288,6.5197,1.3715,0.21036243998957005
39,2020-03-06,155.13,151.6,155.22,150.0,396010,6.5869,1.3856,0.21035692055443378
40,2020-03-09,148.48,149.57,151.34,147.81,408889,6.6272,1.3941,0.21036033317238048
41,2020-03-10,150.5,151.34,153.03,147.13,292708,6.4211,1.3508,0.210368939901263
42,2020-03-11,151.34,150.75,153.87,149.83,260759,6.6586,1.4007,0.21035953503739527
43,2020-03-12,147.97,149.24,152.1,147.22,205193,6.7706,1.4243,0.21036540336159276
44,2020-03-13,142.08,148.82,150.33,140.22,338491,6.905,1.4526,0.2103692976104272
45,2020-03-16,147.89,141.91,148.06,139.72,335037,6.9722,1.4667,0.21036401709646882
46,2020-03-17,142.67,138.71,144.86,136.52,388395,7.1156,1.4969,0.21036876721569508
47,2020-03-18,138.71,133.57,139.97,133.32,346313,6.784,1.4271,0.21036261792452832
48,2020-03-19,132.14,130.2,134.58,126.32,412654,6.8647,1.4441,0.2103660757207161
49,2020-03-20,132.14,133.91,135.84,130.54,257187,6.7392,1.4177,0.2103662155745489
50,2020-03-23,130.28,128.18,131.55,127.84,212302,6.5914,1.3866,0.21036502108808447
51,2020-03-24,130.7,133.48,135.0,130.03,273033,6.6496,1.3988,0.2103585178055823
52,2020-03-25,135.34,140.31,141.23,134.58,331675,6.7213,1.4139,0.210361090860399
53,2020-03-26,138.79,139.8,142.08,138.12,313242,6.4883,1.3649,0.21036326926930013
54,2020-03-27,141.4,143.26,146.96,139.21,385401,6.5958,1.3875,0.21036113890657693
55,2020-03-30,142.08,144.86,146.63,141.4,368382,6.6227,1.3932,0.21036737282377277
56,2020-03-31,144.6,144.52,145.28,139.89,298910,6.5376,1.3753,0.2103677190406265
57,2020-04-01,142.67,143.68,147.47,142.67,219477,6.5197,1.3715,0.21036243998957005
58,2020-04-02,142.5,143.0,143.93,141.49,152109,6.4973,1.3668,0.210364305172918
59,2020-04-03,142.67,144.1,145.87,142.25,145887,6.439,1.3545,0.21035875135890666
60,2020-04-07,146.12,145.7,146.54,142.75,201466,6.4166,1.2997,0.20255275379484464
61,2020-04-08,145.19,142.25,145.19,141.23,230025,6.6989,1.3569,0.20255564346385227
62,2020-04-09,142.75,140.22,143.17,136.6,347354,6.5376,1.3242,0.20255139500734215
63,2020-04-10,139.89,138.03,142.08,137.95,217661,6.672,1.3514,0.20254796163069544
64,2020-04-13,137.86,140.22,141.49,137.86,179632,6.7123,1.3596,0.2025535211477437
65,2020-04-14,140.73,143.76,144.6,139.63,260959,6.672,1.3514,0.20254796163069544
66,2020-04-15,144.6,140.14,144.6,139.97,213026,6.7437,1.3659,0.20254459717958984
67,2020-04-16,139.8,140.05,142.41,139.13,182221,6.7079,1.3587,0.20255221455298975
68,2020-04-17,141.23,141.74,142.25,139.55,222645,6.793,1.3759,0.20254673929044603
69,2020-04-20,141.66,139.8,141.91,137.7,317988,6.8826,1.3941,0.20255426728271292
70,2020-04-21,138.71,137.61,140.56,136.6,213221,7.0529,1.4286,0.20255497738518907
71,2020-04-22,137.19,137.36,137.7,133.91,243646,7.0126,1.4204,0.2025496962610159
72,2020-04-23,138.62,136.69,139.89,135.76,339488,6.7034,1.3578,0.20255392785750512
73,2020-04-24,137.19,136.1,137.78,135.67,184297,6.7706,1.3714,0.20255221103004165
74,2020-04-27,136.6,138.12,138.54,136.35,189934,6.6003,1.3369,0.2025513991788252
75,2020-04-28,138.2,138.12,140.14,135.84,246856,6.5152,1.3197,0.20255709724950885
76,2020-04-29,137.02,140.22,141.23,136.01,333162,6.2732,1.2706,0.2025441560925843
77,2020-04-30,139.47,138.96,140.73,138.54,241315,6.3987,1.2961,0.20255676934377295
78,2020-05-06,137.44,136.18,138.12,135.0,336102,6.3404,1.2843,0.20255819822093243
79,2020-05-07,135.76,136.01,136.69,135.42,180530,6.4704,1.3106,0.20255316518298716
80,2020-05-08,136.52,137.53,137.7,135.51,216862,6.4166,1.2997,0.20255275379484464
81,2020-05-11,137.28,136.43,138.71,135.93,290000,6.2687,1.2697,0.20254598242059757
82,2020-05-12,136.6,135.25,136.77,135.08,186443,6.2418,1.2643,0.20255375052068314
83,2020-05-13,134.83,135.34,135.59,133.74,207164,6.2329,1.2625,0.20255418825907684
84,2020-05-14,135.17,133.15,135.17,132.98,165892,6.1746,1.2507,0.20255563113400057
85,2020-05-15,133.91,131.97,133.91,131.63,260492,6.1029,1.2362,0.20255943895525078
86,2020-05-18,132.64,136.18,136.85,132.14,467863,6.1836,1.2525,0.20255191150785948
87,2020-05-19,136.94,134.24,137.02,133.06,302187,6.4435,1.3051,0.20254520058974157
88,2020-05-20,133.91,132.81,134.16,132.56,178832,6.6317,1.3432,0.20254233454468687
89,2020-05-21,133.4,131.97,133.4,131.72,115650,6.7079,1.3587,0.20255221455298975
90,2020-05-22,131.97,129.78,132.39,129.61,191738,6.7168,1.3605,0.20255181038589806
91,2020-05-25,130.03,132.22,132.98,129.44,211285,6.448,1.306,0.20254342431761785
92,2020-05-26,132.22,132.73,133.23,130.87,114884,6.5152,1.3197,0.20255709724950885
93,2020-05-27,132.81,132.81,134.24,131.97,163520,6.6093,1.3387,0.20254792489371037
94,2020-05-28,132.98,134.33,136.1,132.81,226121,6.7258,1.3623,0.202548395729876
95,2020-05-29,134.24,133.23,135.25,132.73,139941,6.8154,1.3805,0.20255597617161136
96,2020-06-01,134.33,138.79,138.88,134.33,317434,6.8378,1.385,0.2025505279475855
97,2020-06-02,138.29,141.82,142.75,138.29,337081,7.4427,1.4211,0.19093877221975897
98,2020-06-03,141.91,141.82,144.86,141.74,347505,7.4382,1.4203,0.19094673442499527
99,2020-06-04,142.08,140.64,143.76,140.14,206218,7.5771,1.4468,0.19094376476488367
100,2020-06-05,141.82,140.98,142.25,138.71,214598,7.8102,1.4913,0.190942613505416
101,2020-06-08,141.99,141.07,142.75,140.05,229113,7.268,1.3877,0.19093285635663182
102,2020-06-09,141.66,142.08,144.35,140.64,188571,7.2904,1.392,0.1909360254581367
103,2020-06-10,142.08,139.89,142.41,138.71,233245,6.7527,1.2894,0.19094584388466837
104,2020-06-11,139.72,136.94,140.14,136.6,192764,6.1388,1.1721,0.19093308138398382
105,2020-06-12,135.84,136.52,137.44,134.58,214755,5.9058,1.1276,0.1909309492363439
106,2020-06-15,135.42,136.1,139.21,135.34,206277,6.0178,1.149,0.19093356376084283
107,2020-06-16,137.02,137.44,138.37,136.69,145176,5.852,1.1174,0.19094326725905672
108,2020-06-17,136.94,135.59,137.44,135.0,205181,5.861,1.1191,0.19094011260876984
109,2020-06-18,135.84,137.53,139.38,135.84,225820,5.973,1.1405,0.19094257492047548
110,2020-06-19,137.86,138.12,138.71,136.85,216362,5.9416,1.1345,0.19094183384946817
111,2020-06-22,138.12,136.01,139.38,135.84,355032,5.8386,1.1148,0.1909361833316206
112,2020-06-23,136.18,135.84,136.77,135.0,171707,5.9372,1.1336,0.1909317523411709
113,2020-06-24,135.84,138.96,139.97,135.51,407654,5.8655,1.1199,0.1909300144915182
114,2020-06-29,138.96,136.85,138.96,135.25,337453,5.8879,1.1242,0.19093394928582347
115,2020-06-30,137.19,141.23,141.66,136.26,494925,5.9103,1.1285,0.19093785425443716
116,2020-07-01,141.23,152.78,152.78,140.05,734743,6.0671,1.1584,0.19093141698669877
117,2020-07-02,154.63,162.88,165.5,154.63,961639,6.1836,1.1807,0.19094055242900576
118,2020-07-03,162.04,162.46,165.83,158.67,708817,6.1298,1.1704,0.19093608274331952
119,2020-07-06,164.82,172.66,175.52,163.47,1093327,6.1253,1.1696,0.19094574959593816
120,2020-07-07,172.23,168.28,172.23,166.67,791017,6.1074,1.1661,0.19093231162196678
121,2020-07-08,167.26,165.66,169.71,163.39,608105,6.1702,1.1781,0.19093384331139993
122,2020-07-09,166.17,165.75,166.67,162.38,815195,6.1702,1.1781,0.19093384331139993
123,2020-07-10,164.74,160.02,164.82,159.85,625081,6.0088,1.1473,0.19093662628145386
124,2020-07-13,159.85,159.6,160.78,155.22,974901,5.7131,1.0909,0.190947121527717
125,2020-07-14,159.51,157.91,161.62,155.81,743105,5.7714,1.102,0.19094153931455107
126,2020-07-15,158.34,155.72,159.09,154.97,630417,5.6907,1.0866,0.19094311771838263
127,2020-07-16,155.89,153.95,158.42,153.45,642758,5.6862,1.0857,0.19093595019520945
128,2020-07-17,154.04,152.69,154.97,150.75,592760,5.6593,1.0806,0.19094234269255916
129,2020-07-20,153.7,157.75,159.18,152.52,721852,5.5294,1.0558,0.19094295945310524
130,2020-07-21,157.07,157.58,159.51,155.56,475244,5.6459,1.078,0.19093501478949326
131,2020-07-22,157.24,156.14,158.67,154.54,408461,5.6907,1.0866,0.19094311771838263
132,2020-07-23,154.71,152.61,155.39,151.09,489502,5.7669,1.1011,0.1909344708595606
133,2020-07-24,151.93,147.72,153.95,147.3,560827,5.8699,1.1208,0.19094022044668563
134,2020-07-27,148.73,146.2,149.07,144.69,334872,5.6459,1.078,0.19093501478949326
135,2020-07-28,146.88,147.55,148.48,145.45,338232,5.7086,1.09,0.19093998528535897
136,2020-07-29,146.54,148.65,149.32,146.54,421027,5.8251,1.1122,0.19093234450910715
137,2020-07-30,148.82,148.82,149.32,147.3,352305,5.8206,1.1114,0.1909425145174037
138,2020-07-31,148.23,149.32,150.92,147.38,386742,5.8834,1.1234,0.19094401196587008
139,2020-08-03,151.01,152.1,153.62,150.25,494122,5.9416,1.1345,0.19094183384946817
140,2020-08-04,152.1,153.11,154.8,150.08,452745,5.861,1.1191,0.19094011260876984
141,2020-08-05,151.93,150.67,152.35,149.66,364288,5.8699,1.1208,0.19094022044668563
142,2020-08-06,151.51,151.76,153.53,150.0,349698,6.0178,1.149,0.19093356376084283
143,2020-08-07,150.42,149.41,150.84,148.23,286287,6.085,1.1619,0.19094494658997535
144,2020-08-10,149.32,153.95,155.64,148.56,738744,5.973,1.1141,0.18652268541771305
145,2020-08-11,154.38,155.56,159.26,153.36,689104,5.973,1.1141,0.18652268541771305
146,2020-08-12,155.64,158.76,160.69,155.05,618452,5.8655,1.0941,0.18653141249680336
147,2020-08-13,158.84,157.49,160.53,156.82,296970,5.8968,1.0999,0.1865248948582282
148,2020-08-14,158.25,163.31,164.32,157.07,512335,7.3808,1.2192,0.16518534576197702
149,2020-08-17,163.31,164.06,169.2,162.29,785687,7.3976,1.222,0.16518870985184383
150,2020-08-18,163.64,160.86,163.73,159.51,501705,7.5425,1.2459,0.16518395757374874
151,2020-08-19,160.78,159.18,160.78,157.32,526274,7.6707,1.2671,0.1651870103119663
152,2020-08-20,158.25,157.58,158.76,156.99,284882,7.5592,1.2487,0.16518943803577096
153,2020-08-21,158.67,158.25,159.94,156.99,213308,7.5648,1.2496,0.16518612521150594
154,2020-08-24,158.67,156.9,159.94,155.39,344122,7.8045,1.2892,0.16518675123326285
155,2020-08-25,156.99,157.66,159.85,155.56,370803,7.5704,1.2505,0.16518281728838632
156,2020-08-26,157.32,156.9,159.09,155.98,342330,7.4254,1.2266,0.1651897540873219
157,2020-08-27,157.41,154.38,157.41,153.11,261546,7.5704,1.2505,0.16518281728838632
158,2020-08-28,153.7,157.41,157.41,153.2,232657,7.7042,1.2726,0.16518262765764127
159,2020-08-31,155.89,152.1,158.08,152.1,583043,7.9327,1.3104,0.1651896579979074
160,2020-09-01,152.61,152.52,153.11,150.92,306922,7.8268,1.2929,0.1651888383502836
161,2020-09-02,153.2,153.62,154.88,151.76,277661,7.7543,1.2809,0.16518576789652192
162,2020-09-03,153.62,154.04,155.89,153.28,233387,7.7989,1.2883,0.1651899626870456
163,2020-09-04,151.6,154.38,154.54,150.84,262950,7.8547,1.2975,0.16518772200084028
164,2020-09-07,153.28,155.98,159.09,153.2,536749,7.877,1.3012,0.16518979306842707
165,2020-09-08,156.65,155.47,158.59,155.3,285823,7.7711,1.2837,0.16518896938657335
166,2020-09-09,154.46,153.45,156.14,151.6,279827,7.5425,1.2459,0.16518395757374874
167,2020-09-10,156.57,157.83,164.06,156.14,633845,7.5759,1.2514,0.16518169458414184
168,2020-09-11,157.07,156.48,159.77,155.05,427583,7.1244,1.1768,0.16517882207624504
169,2020-09-14,158.08,155.39,159.09,154.38,342086,6.7732,1.1188,0.16518041693734128
170,2020-09-15,155.13,158.17,159.68,154.46,312391,7.1523,1.1815,0.1651916166827454
171,2020-09-16,157.49,160.53,161.96,156.4,342057,6.907,1.1409,0.1651802519183437
172,2020-09-17,160.02,159.01,161.54,156.99,349287,7.13,1.1778,0.16518934081346423
173,2020-09-18,158.59,165.24,165.24,158.34,481889,7.47,1.2339,0.16518072289156627
174,2020-09-21,165.33,162.55,165.33,162.21,292201,7.6819,1.2689,0.16518048920189016
175,2020-09-22,161.28,161.28,163.31,160.44,210623,8.139,1.3444,0.1651799975426957
176,2020-09-23,161.62,158.76,162.04,158.25,289009,8.1669,1.349,0.16517895407070002
177,2020-09-24,159.09,156.65,159.09,156.14,191719,8.2672,1.3656,0.16518289142635956
178,2020-09-25,156.73,152.19,157.16,152.1,343137,8.3062,1.3721,0.16518985817822832
179,2020-09-28,153.2,156.06,156.82,153.11,237697,8.1892,1.3527,0.16518097005812535
180,2020-09-29,157.75,155.3,157.83,154.46,166539,8.3229,1.3748,0.16518280887671363
181,2020-09-30,156.14,154.04,156.73,153.11,169568,8.7243,1.4411,0.16518230688995106
182,2020-10-09,155.13,154.29,155.81,152.94,195414,8.7355,1.443,0.1651880258714441
183,2020-10-12,155.13,157.24,157.32,153.7,304417,8.3062,1.3721,0.16518985817822832
184,2020-10-13,156.31,154.29,156.99,152.94,404643,8.5459,1.4117,0.1651903251851765
185,2020-10-14,153.62,150.75,153.79,149.32,463648,7.9717,1.3168,0.16518433960133974
186,2020-10-15,150.33,150.75,152.52,150.16,216254,7.8491,1.2966,0.16519091360792956
187,2020-10-16,150.58,151.6,152.1,150.58,160321,8.0609,1.3316,0.16519247230458137
188,2020-10-19,152.27,152.69,156.9,151.93,437431,7.5871,1.2533,0.16518828010702377
189,2020-10-20,152.02,151.43,152.52,149.66,252248,7.4645,1.233,0.1651818608078237
190,2020-10-21,151.34,151.34,151.68,149.66,191020,7.6373,1.2616,0.1651892684587485
191,2020-10-22,151.01,150.75,152.86,150.0,269276,7.7989,1.2883,0.1651899626870456
192,2020-10-23,150.58,151.93,153.03,150.0,273572,7.7376,1.2781,0.165180417700579
193,2020-10-26,152.1,150.33,153.03,149.57,267549,7.6874,1.2699,0.16519239274657233
194,2020-10-27,149.74,146.71,149.91,145.95,336307,7.838,1.2947,0.16518244450114825
195,2020-10-28,146.71,145.28,146.88,144.18,217260,7.7934,1.2873,0.16517822773115715
196,2020-10-29,144.01,146.88,147.38,143.51,210921,7.1969,1.1888,0.16518223123844988
197,2020-10-30,146.37,143.93,148.56,143.85,265984,7.0687,1.1676,0.1651788872069829
198,2020-11-02,145.11,145.03,146.88,144.1,219995,7.0909,1.1713,0.16518354510710911
199,2020-11-03,145.45,146.37,146.46,143.51,229709,7.0798,1.1695,0.16518828215486314
200,2020-11-04,145.95,146.29,147.05,145.53,172534,6.8847,1.1373,0.16519238311037518
201,2020-11-05,147.3,150.42,150.58,146.79,385818,6.8903,1.1382,0.16518874359606986
202,2020-11-06,150.25,151.09,153.03,150.0,302007,6.8289,1.128,0.1651803365110047
203,2020-11-09,151.85,152.52,153.03,150.75,276835,6.8289,1.128,0.1651803365110047
204,2020-11-10,153.11,151.51,154.12,150.58,241320,6.645,1.0977,0.1651918735891648
205,2020-11-11,151.6,152.44,154.04,150.75,262323,7.3418,1.2128,0.1651910975510093
206,2020-11-12,151.76,151.76,153.36,150.67,190674,7.6261,1.2597,0.16518272773763784
207,2020-11-13,151.26,148.48,151.6,148.06,170297,7.4923,1.2376,0.16518292113236255
208,2020-11-16,148.48,152.1,152.19,148.39,235586,7.7209,1.2754,0.1651879962180575
209,2020-11-17,152.27,157.16,157.49,151.43,753248,7.8268,1.2929,0.1651888383502836
210,2020-11-18,157.49,159.18,160.36,154.29,857475,7.8547,1.2975,0.16518772200084028
211,2020-11-19,158.17,158.67,159.85,157.24,442220,7.8603,1.2984,0.16518453494141447
212,2020-11-20,158.08,157.41,158.59,155.3,262519,8.0052,1.3223,0.16518013291360614
213,2020-11-23,157.07,158.08,159.43,156.4,305645,7.9996,1.3214,0.16518325916295815
214,2020-11-24,157.49,157.16,159.43,156.82,206614,7.9494,1.3131,0.16518227790776663
215,2020-11-25,158.25,159.94,162.04,156.99,423780,8.1947,1.3537,0.16519213638083152
216,2020-11-26,159.51,161.7,161.79,157.16,282798,8.1167,1.3408,0.16519028669286778
217,2020-11-27,160.86,163.56,166.25,160.27,342558,8.0498,1.3297,0.16518422817958212
218,2020-11-30,163.56,158.92,166.67,158.92,434166,7.9717,1.3168,0.16518433960133974
219,2020-12-01,160.36,158.34,160.36,155.81,395546,8.1167,1.3408,0.16519028669286778
