,日期,开盘,收盘,最高,最低,成交量,pe,pb,roe
0,2020-01-03,360.83,357.42,362.58,355.67,118800,3.9775,1.1971,0.30096794468887494
1,2020-01-06,354.02,350.95,355.23,350.62,194951,3.9775,1.1971,0.30096794468887494
2,2020-01-07,350.51,352.81,353.8,350.51,98292,3.9025,1.1745,0.3009609224855862
3,2020-01-08,351.72,346.78,351.72,345.68,152955,3.8168,1.1487,0.3009589184657305
4,2020-01-09,349.85,349.41,350.73,347.76,115918,3.8302,1.1527,0.30095034201869353
5,2020-01-10,349.96,347.0,350.62,345.02,150448,3.8516,1.1592,0.300965832381348
6,2020-01-13,346.89,348.42,348.53,343.92,141611,3.8865,1.1697,0.30096487842531844
7,2020-01-14,349.52,348.64,352.38,348.31,138234,3.857,1.1608,0.3009592947886959
8,2020-01-15,348.86,345.57,349.52,344.8,94581,3.8945,1.1721,0.3009628963923482
9,2020-01-16,345.9,343.37,346.45,343.05,89429,3.9427,1.1866,0.3009612701955513
10,2020-01-17,343.81,344.91,345.57,342.17,78347,3.9079,1.1761,0.3009544768289874
11,2020-01-20,345.35,343.05,345.68,340.96,108244,3.7525,1.1294,0.30097268487674883
12,2020-01-21,342.83,339.86,342.83,339.09,96498,3.6885,1.1101,0.30096245086078355
13,2020-01-22,340.19,343.05,343.15,338.33,90157,3.742,1.1262,0.3009620523784073
14,2020-01-23,341.07,333.5,341.18,332.18,139248,3.7661,1.1334,0.30094793021959054
15,2020-02-03,304.52,304.52,306.49,304.52,164569,3.7715,1.1351,0.30096778470104735
16,2020-02-04,296.18,298.81,305.83,294.86,269515,3.8063,1.1455,0.3009484276068623
17,2020-02-05,299.25,301.77,304.41,296.28,156816,3.7715,1.1351,0.30096778470104735
18,2020-02-06,302.54,302.32,303.31,298.04,157533,3.7608,1.1318,0.30094660710487126
19,2020-02-07,301.11,302.54,302.76,298.48,110971,3.726,1.1214,0.3009661835748792
20,2020-02-10,301.22,305.83,308.25,299.58,150171,3.6751,1.106,0.3009441919947757
21,2020-02-11,305.94,312.09,314.07,305.07,175696,3.5974,1.0827,0.30096736531939733
22,2020-02-12,312.64,312.31,312.64,309.35,83132,3.7688,1.1343,0.30097113139460835
23,2020-02-13,311.43,314.84,319.77,311.43,133277,3.876,1.2198,0.31470588235294117
24,2020-02-14,317.58,317.91,320.1,316.04,117274,3.884,1.2223,0.31470133882595264
25,2020-02-17,316.26,318.79,319.23,316.26,165235,3.8545,1.213,0.3146971072772085
26,2020-02-18,319.23,314.73,319.34,312.86,125986,3.9483,1.2425,0.3146923992604412
27,2020-02-19,313.85,315.38,319.01,313.85,114621,4.0126,1.2628,0.3147086676967552
28,2020-02-20,315.05,316.92,317.14,313.3,129282,3.9697,1.2493,0.31470892006952667
29,2020-02-21,317.91,315.71,317.91,314.73,125070,3.9697,1.2493,0.31470892006952667
30,2020-02-24,314.29,310.44,314.29,307.37,154962,3.9885,1.2552,0.31470477623166604
31,2020-02-25,307.15,307.81,311.32,304.3,143466,4.0233,1.2661,0.31469191956851345
32,2020-02-26,305.07,314.62,317.58,304.08,227418,4.0206,1.2653,0.3147042729940805
33,2020-02-27,314.62,309.46,316.37,309.46,126398,4.0286,1.2678,0.31469989574542023
34,2020-02-28,305.94,302.65,311.43,300.35,180102,4.0474,1.2737,0.3146958541285764
35,2020-03-02,302.87,310.55,312.42,302.87,167387,4.1358,1.3015,0.31469123265148224
36,2020-03-03,313.41,310.12,314.84,308.47,146262,4.1706,1.3125,0.31470292044310166
37,2020-03-04,310.01,328.78,329.98,308.91,393369,4.1036,1.2914,0.31469928842967154
38,2020-03-05,329.1,331.08,336.79,323.73,322910,4.0635,1.2788,0.3147040728436077
39,2020-03-06,328.12,323.07,328.12,321.86,140038,4.101,1.2906,0.31470373079736647
40,2020-03-09,318.79,311.76,318.79,310.44,161815,4.1277,1.299,0.3147031034232139
41,2020-03-10,308.25,315.05,316.81,307.7,135294,4.1599,1.3091,0.31469506478521114
42,2020-03-11,315.05,315.27,318.68,313.41,129602,4.2322,1.3319,0.31470629932422856
43,2020-03-12,314.29,306.6,314.29,305.51,140032,4.2858,1.3487,0.3146903728592095
44,2020-03-13,294.86,301.11,304.41,287.17,180697,4.2751,1.3454,0.31470608874646205
45,2020-03-16,302.32,291.57,303.2,290.8,122551,4.3581,1.3715,0.314701360684702
46,2020-03-17,289.81,289.59,297.82,286.08,106789,4.3983,1.3841,0.31468976650069347
47,2020-03-18,289.81,284.32,293.1,284.32,110385,4.2992,1.3529,0.31468645329363604
48,2020-03-19,284.98,276.75,285.2,270.27,179615,4.3501,1.369,0.3147054090710558
49,2020-03-20,277.3,280.59,282.45,275.21,126205,4.3286,1.3622,0.31469759275516335
50,2020-03-23,272.9,265.44,275.32,265.22,163418,4.2429,1.3352,0.3146904240024512
51,2020-03-24,268.73,269.06,270.82,264.78,136055,4.259,1.3403,0.314698285982625
52,2020-03-25,275.32,281.03,282.45,271.81,201703,4.2885,1.3496,0.3147021102949749
53,2020-03-26,279.05,278.61,281.58,276.42,86177,4.3072,1.3555,0.3147056092124814
54,2020-03-27,281.8,282.78,286.08,279.6,133384,4.3688,1.3749,0.31470884453396814
55,2020-03-30,278.83,276.31,280.7,275.32,105375,4.3581,1.3715,0.314701360684702
56,2020-03-31,279.38,273.01,280.26,272.69,84887,4.3929,1.3825,0.31471237678981995
57,2020-04-01,273.45,275.87,279.16,273.45,105809,4.4465,1.3993,0.314696952659395
58,2020-04-02,274.55,277.95,277.95,273.67,70516,4.4626,1.4044,0.31470443239367185
59,2020-04-03,276.86,278.06,280.04,275.65,89521,4.484,1.4111,0.31469669937555755
60,2020-04-07,281.47,281.14,283.22,279.93,81358,4.5001,1.5232,0.33848136708073157
61,2020-04-08,280.26,280.7,281.03,277.62,69479,4.5751,1.5486,0.3384844047124653
62,2020-04-09,283.88,280.59,283.99,279.93,66224,4.4653,1.5114,0.338476698094193
63,2020-04-10,281.47,278.28,283.0,277.41,95019,4.5965,1.5559,0.33849668225824
64,2020-04-13,276.75,272.47,276.97,270.93,102694,4.6661,1.5794,0.3384839587664216
65,2020-04-14,273.78,278.94,279.16,273.12,106571,4.7197,1.5976,0.33849609085323223
66,2020-04-15,279.49,276.64,280.81,276.64,83872,4.7733,1.6157,0.3384870006075461
67,2020-04-16,276.64,276.09,278.28,275.54,55211,4.7578,1.6103,0.3384547479927698
68,2020-04-17,278.06,278.61,280.81,276.64,90469,4.8247,1.633,0.33846664041287544
69,2020-04-20,279.16,277.84,279.93,274.44,77441,4.8087,1.6275,0.3384490610767983
70,2020-04-21,277.62,275.21,278.61,273.78,65481,4.8355,1.6366,0.33845517526626
71,2020-04-22,273.78,277.52,277.73,272.58,63513,4.7149,1.5958,0.3384589280790685
72,2020-04-23,278.61,277.95,279.27,276.42,59090,4.6399,1.5704,0.3384555701631501
73,2020-04-24,277.52,273.01,278.39,272.36,80401,4.672,1.5813,0.33846318493150684
74,2020-04-27,283.0,293.1,294.64,282.23,302748,4.6881,1.5867,0.33845267805720863
75,2020-04-28,293.98,293.76,298.7,290.03,242638,4.7283,1.6003,0.3384514518960303
76,2020-04-29,293.32,302.43,305.18,292.0,182595,4.6426,1.5713,0.3384525912204368
77,2020-04-30,304.41,306.49,309.02,301.77,159182,4.7095,1.594,0.33846480518101707
78,2020-05-06,306.6,302.87,306.6,301.66,159715,4.7337,1.6021,0.33844561336797857
79,2020-05-07,303.75,298.37,303.75,297.38,131901,4.8113,1.6284,0.33845322470018496
80,2020-05-08,300.57,301.66,301.99,298.37,122051,4.7685,1.6139,0.33845024640872384
81,2020-05-11,301.77,299.58,303.42,298.37,93337,4.6479,1.5731,0.33845392542868824
82,2020-05-12,298.92,296.61,299.8,295.19,117619,4.6426,1.5713,0.3384525912204368
83,2020-05-13,296.83,295.74,297.27,293.76,85495,4.6988,1.5904,0.33846939644164464
84,2020-05-14,294.97,290.69,294.97,290.58,101931,4.6453,1.5722,0.3384496157406411
85,2020-05-15,291.24,295.41,297.05,291.24,109117,4.672,1.5813,0.33846318493150684
86,2020-05-18,296.18,293.43,299.14,293.1,117278,4.7792,1.6176,0.3384666889856042
87,2020-05-19,296.07,293.87,296.83,292.77,103035,4.8944,1.6565,0.3384480222294868
88,2020-05-20,294.09,289.37,294.09,289.15,94249,4.9962,1.691,0.3384572274928946
89,2020-05-21,290.14,286.52,291.02,285.42,104875,5.0203,1.6992,0.33846582873533454
90,2020-05-22,286.85,281.58,287.5,279.93,93215,5.0605,1.7128,0.3384645785989527
91,2020-05-25,282.67,283.55,286.19,280.59,90584,4.8515,1.642,0.3384520251468618
92,2020-05-26,284.43,285.31,285.31,282.34,91820,4.7953,1.623,0.33845640523012116
93,2020-05-27,284.76,284.43,286.19,283.33,71575,5.0498,1.7091,0.3384490474870292
94,2020-05-28,285.31,284.98,292.0,283.88,160998,5.1382,1.7391,0.33846483204234945
95,2020-05-29,285.2,281.47,285.2,281.25,118049,5.3096,1.7971,0.3384624077143288
96,2020-06-01,282.23,288.05,288.38,282.02,139048,5.4221,1.8352,0.33846664576455615
97,2020-06-02,288.27,293.54,294.64,287.5,164870,5.7803,1.7711,0.30640278186253306
98,2020-06-03,293.87,290.69,297.16,290.36,145155,5.6587,1.7338,0.30639546185519645
99,2020-06-04,291.13,292.0,292.55,288.49,103481,5.6237,1.7231,0.30639970126429217
100,2020-06-05,291.57,289.15,292.22,288.16,89743,5.6134,1.7199,0.3063918480778138
101,2020-06-08,290.03,293.21,294.53,289.59,126200,5.1044,1.564,0.306402319567432
102,2020-06-09,294.42,291.24,294.42,290.91,98288,5.1003,1.5627,0.306393741544615
103,2020-06-10,291.35,287.61,291.35,286.41,123850,4.9004,1.5015,0.3064035588931516
104,2020-06-11,287.61,284.54,288.6,283.0,157776,4.7108,1.4434,0.3064023095864821
105,2020-06-12,280.26,285.53,285.53,280.15,174854,4.6057,1.4112,0.3064029354929761
106,2020-06-15,283.11,281.14,284.65,281.03,135184,4.7293,1.4491,0.30640898230182056
107,2020-06-16,282.78,285.42,285.42,281.58,119332,4.6593,1.4276,0.3063979567746228
108,2020-06-17,286.3,283.44,286.3,282.56,87670,4.719,1.4459,0.30639966094511545
109,2020-06-18,283.66,288.16,290.47,283.33,150368,4.7046,1.4415,0.30640224461165666
110,2020-06-19,289.04,294.31,294.86,288.05,245374,4.5926,1.4064,0.3062317641423159
111,2020-06-22,293.98,295.08,296.94,292.0,159113,4.5039,1.3792,0.3062234951930549
112,2020-06-23,294.75,291.89,295.08,290.69,121146,4.541,1.3906,0.306232107465316
113,2020-06-24,293.98,295.63,300.9,291.78,184964,4.4606,1.366,0.30623682912612654
114,2020-06-29,295.08,289.04,295.08,287.72,151575,4.5431,1.3912,0.3062226233188792
115,2020-06-30,289.48,294.64,295.52,289.37,131507,4.5245,1.3855,0.30622168195380706
116,2020-07-01,295.08,304.74,308.36,294.09,304495,4.5823,1.4032,0.30622176636187065
117,2020-07-02,305.83,315.38,317.25,304.96,418105,4.6503,1.4241,0.3062383072059867
118,2020-07-03,316.92,315.6,320.87,310.44,296974,4.6875,1.4354,0.3062186666666667
119,2020-07-06,327.68,342.72,342.83,324.6,491059,4.6111,1.4121,0.3062392921428726
120,2020-07-07,347.33,343.26,357.42,341.73,395098,4.6648,1.4285,0.3062296347110273
121,2020-07-08,345.57,345.13,346.89,338.11,315229,4.64,1.4209,0.3062284482758621
122,2020-07-09,345.13,351.61,353.58,342.28,412653,4.6936,1.4373,0.30622549855121867
123,2020-07-10,352.7,348.99,358.84,347.28,328857,4.5905,1.4058,0.3062411502015031
124,2020-07-13,345.28,343.0,345.71,331.3,532970,4.4668,1.3679,0.3062371272499328
125,2020-07-14,339.86,333.87,343.43,331.16,440393,4.5328,1.3881,0.30623455700670665
126,2020-07-15,333.87,329.16,338.15,328.45,316255,4.5225,1.3849,0.3062244333886125
127,2020-07-16,331.16,315.6,333.44,314.6,395594,4.539,1.39,0.30623485349195856
128,2020-07-17,317.03,318.6,320.03,313.04,247703,4.506,1.3799,0.3062361296049711
129,2020-07-20,321.88,329.73,330.73,321.31,260158,4.4689,1.3685,0.30622748327328875
130,2020-07-21,329.73,327.59,331.87,326.02,176821,4.5617,1.3969,0.30622355700725606
131,2020-07-22,326.88,326.31,330.02,324.74,168788,4.6153,1.4133,0.3062206140445908
132,2020-07-23,325.02,320.88,325.02,315.89,247979,4.6998,1.4392,0.30622579684241885
133,2020-07-24,319.88,314.75,324.31,312.89,231533,4.6916,1.4367,0.3062281524426635
134,2020-07-27,314.6,309.04,316.75,308.18,165310,4.7287,1.4481,0.30623638632182204
135,2020-07-28,311.47,307.61,312.04,305.19,206090,4.64,1.4209,0.3062284482758621
136,2020-07-29,307.33,310.47,310.47,304.33,201966,4.7349,1.45,0.3062366681450506
137,2020-07-30,310.61,307.47,312.32,307.04,157640,4.7514,1.455,0.30622553352696047
138,2020-07-31,307.76,307.76,310.89,304.9,164400,4.8071,1.4721,0.30623452809386115
139,2020-08-03,308.47,314.18,314.32,308.33,259772,4.8462,1.4841,0.30623994057199455
140,2020-08-04,314.89,316.46,317.89,310.32,267692,4.7844,1.4651,0.30622439595351564
141,2020-08-05,315.6,312.32,315.6,310.04,172624,4.8689,1.491,0.3062293331142558
142,2020-08-06,311.47,311.04,314.03,308.47,133236,4.937,1.5119,0.3062386064411586
143,2020-08-07,310.75,307.47,310.75,305.33,130084,4.8607,1.4885,0.30623161273067667
144,2020-08-10,307.33,312.04,313.46,306.47,203707,4.6978,1.4386,0.306228447358338
145,2020-08-11,311.89,309.9,314.75,309.33,174319,4.6854,1.4348,0.3062278567464891
146,2020-08-12,310.61,309.04,312.32,305.76,153368,5.3592,1.578,0.2944469323779669
147,2020-08-13,309.61,307.33,311.18,306.47,153525,5.4746,1.612,0.29445073612684036
148,2020-08-14,307.18,311.32,311.75,305.04,157839,5.4643,1.6089,0.29443844591255974
149,2020-08-17,312.75,317.74,319.6,311.61,281763,5.4105,1.5931,0.2944459846594585
150,2020-08-18,318.6,316.32,319.88,314.32,179944,5.472,1.6112,0.2944444444444444
151,2020-08-19,316.03,317.17,320.6,315.75,189688,5.49,1.6165,0.29444444444444445
152,2020-08-20,316.75,313.61,317.03,312.75,118375,5.431,1.5991,0.2944393297735224
153,2020-08-21,314.46,314.46,315.46,312.04,105899,5.4438,1.6029,0.29444505676182076
154,2020-08-24,314.46,311.61,316.32,311.47,153483,5.4977,1.6188,0.29445040653364135
155,2020-08-25,312.18,308.75,313.89,307.18,153311,5.3463,1.5742,0.29444662663898397
156,2020-08-26,309.04,305.04,309.47,304.19,165916,5.4823,1.6142,0.2944384656075005
157,2020-08-27,305.19,298.05,306.04,296.77,260119,5.5362,1.6301,0.29444384234673604
158,2020-08-28,298.05,303.9,303.9,297.2,177334,5.5387,1.6308,0.2944373228374889
159,2020-08-31,301.05,299.91,303.76,299.91,241849,5.549,1.6339,0.2944494503514146
160,2020-09-01,299.34,299.05,299.91,297.34,165162,5.4772,1.6127,0.2944387643321405
161,2020-09-02,299.91,297.91,300.19,296.48,158906,5.4746,1.612,0.29445073612684036
162,2020-09-03,298.48,297.05,299.34,296.77,124004,5.4259,1.5976,0.29443963213476104
163,2020-09-04,295.63,294.2,295.77,292.63,141865,5.3592,1.578,0.2944469323779669
164,2020-09-07,293.49,292.34,297.34,291.63,191497,5.4361,1.6006,0.29443902797961774
165,2020-09-08,292.2,292.92,294.48,290.63,142775,5.5875,1.6452,0.29444295302013423
166,2020-09-09,290.77,289.63,292.63,288.63,136239,5.49,1.6165,0.29444444444444445
167,2020-09-10,291.06,288.63,294.34,287.92,173354,5.5464,1.6331,0.29444324246357995
168,2020-09-11,288.35,287.06,288.35,284.64,112679,5.2668,1.5508,0.29444824181666285
169,2020-09-14,287.21,286.21,288.21,285.35,93631,5.1821,1.5259,0.2944559155554698
170,2020-09-15,286.92,290.77,291.92,285.5,148969,5.5362,1.6301,0.29444384234673604
171,2020-09-16,290.77,291.92,293.77,288.21,135292,5.4464,1.6037,0.29445138072855465
172,2020-09-17,292.06,289.21,292.06,288.35,107137,5.6234,1.6558,0.2944481985987125
173,2020-09-18,290.06,294.48,294.48,289.49,182073,5.7465,1.692,0.29444009397024273
174,2020-09-21,294.48,292.34,295.06,291.77,110696,5.7927,1.7056,0.29443955323079046
175,2020-09-22,290.63,287.92,292.49,287.21,142046,6.0159,1.7713,0.29443641017969047
176,2020-09-23,288.78,288.49,289.92,287.35,80555,6.1442,1.8091,0.29444028514696785
177,2020-09-24,287.78,285.64,288.63,285.07,99179,6.3468,1.8688,0.29444759563874706
178,2020-09-25,285.5,281.78,286.35,280.36,134967,6.3417,1.8673,0.2944478609836479
179,2020-09-28,281.78,280.07,283.78,279.36,91973,6.2647,1.8446,0.2944434689610037
180,2020-09-29,280.5,278.65,281.93,278.36,100909,6.529,1.9224,0.294440189921887
181,2020-09-30,278.79,276.65,279.64,273.65,143403,6.7163,1.9776,0.29444783586200735
182,2020-10-09,278.5,278.79,280.07,276.51,144328,6.6624,1.9617,0.2944434438040346
183,2020-10-12,279.5,282.36,283.5,278.79,175454,6.2263,1.8333,0.294444533671683
184,2020-10-13,282.21,280.5,282.21,279.5,113569,6.2365,1.8363,0.2944439990379219
185,2020-10-14,280.36,275.79,280.36,275.51,160052,6.0518,1.7819,0.2944413232426716
186,2020-10-15,275.79,274.79,276.36,274.36,112704,6.2109,1.8288,0.29445007969859444
187,2020-10-16,274.36,274.36,276.22,273.65,144332,6.3314,1.8643,0.2944530435606659
188,2020-10-19,274.65,274.51,278.93,273.94,182993,6.1724,1.8174,0.2944397641112047
189,2020-10-20,273.94,272.65,274.36,271.65,145656,6.234,1.8356,0.29444979146615335
190,2020-10-21,272.8,271.65,273.22,270.23,121283,6.3571,1.8718,0.29444243444337825
191,2020-10-22,271.37,271.65,271.8,270.08,94373,6.3853,1.8801,0.2944419212879583
192,2020-10-23,272.08,273.94,275.93,271.94,160214,6.3494,1.8695,0.29443726966327527
193,2020-10-26,273.65,270.51,273.79,269.37,118646,6.334,1.865,0.2944426902431323
194,2020-10-27,269.51,265.52,269.51,265.09,161121,6.4289,1.893,0.29445161691735755
195,2020-10-28,265.52,267.09,267.37,264.95,86652,6.4084,1.8869,0.2944416703077211
196,2020-10-29,265.23,266.66,267.52,264.66,85398,6.3366,1.8658,0.2944481267556734
197,2020-10-30,265.09,260.95,268.09,260.95,161730,6.2776,1.8484,0.2944437364597936
198,2020-11-02,259.95,251.82,260.67,251.11,272881,6.2724,1.8469,0.29444869587398764
199,2020-11-03,252.1,255.96,256.24,250.39,173397,6.1262,1.8038,0.2944402729261206
200,2020-11-04,256.53,258.67,260.52,254.67,161891,6.0493,1.7812,0.29444729142214804
201,2020-11-05,259.95,260.52,261.24,258.67,128031,6.0441,1.7797,0.29445244122367265
202,2020-11-06,260.67,261.09,263.66,260.1,119550,6.0313,1.7759,0.2944472999187572
203,2020-11-09,261.66,262.95,263.81,261.66,129735,5.962,1.7555,0.2944481717544448
204,2020-11-10,263.09,261.09,264.95,260.38,124302,6.0954,1.7948,0.2944515536306067
205,2020-11-11,260.38,260.81,263.23,258.38,127911,6.7727,1.9942,0.2944468232757984
206,2020-11-12,260.81,259.52,261.38,257.67,95107,6.9959,2.0599,0.29444388856330134
207,2020-11-13,257.81,256.67,259.24,255.67,91712,6.9215,2.038,0.29444484577042546
208,2020-11-16,257.81,260.1,260.95,256.39,83647,6.9959,2.0599,0.29444388856330134
209,2020-11-17,260.1,268.37,270.23,259.24,318446,7.0395,2.0727,0.2944385254634562
210,2020-11-18,268.37,270.23,271.8,264.95,257233,7.0036,2.0622,0.2944485693072134
211,2020-11-19,269.94,267.66,271.23,266.66,159494,7.0549,2.0773,0.29444783058583396
212,2020-11-20,267.09,265.66,267.66,263.52,116184,7.1267,2.0984,0.2944420278670352
213,2020-11-23,265.23,267.23,268.23,263.66,130572,7.1216,2.0969,0.2944422601662548
214,2020-11-24,267.8,265.37,267.8,264.95,82883,7.0882,2.0871,0.29444710928021217
215,2020-11-25,266.66,264.23,268.09,264.23,110040,7.1447,2.1037,0.29444203395523955
216,2020-11-26,264.23,263.52,265.37,261.52,76221,7.0831,2.0856,0.2944473465008259
217,2020-11-27,264.09,268.09,269.09,262.52,128974,7.2242,2.1271,0.2944409069516348
218,2020-11-30,269.66,272.08,275.22,269.66,270740,7.1806,2.1143,0.2944461465615687
219,2020-12-01,269.94,272.08,272.08,268.09,153430,7.332,2.1589,0.2944489907255865
