,日期,开盘,收盘,最高,最低,成交量,pe,pb,roe
0,2020-01-03,106.85,107.3,107.49,105.69,144685,18.2206,4.1943,0.23019549301340242
1,2020-01-06,107.75,108.39,109.04,106.65,214265,18.3189,4.2169,0.2301939526936661
2,2020-01-07,108.52,108.39,108.91,107.3,155359,18.2065,4.1911,0.23019800620657457
3,2020-01-08,108.52,105.88,109.17,105.62,237977,18.1714,4.183,0.2301969028253189
4,2020-01-09,107.11,107.94,108.39,106.27,141015,17.9748,4.1377,0.23019449451454257
5,2020-01-10,107.94,109.42,110.84,107.43,179087,18.6278,4.288,0.23019358163604936
6,2020-01-13,110.39,114.7,114.77,109.75,316861,17.7923,4.0957,0.23019508439043854
7,2020-01-14,114.58,114.25,116.25,113.03,135532,17.6238,4.0569,0.2301943962142103
8,2020-01-15,115.61,114.51,115.61,113.35,127122,17.3429,3.9922,0.23019218239164152
9,2020-01-16,115.22,114.7,115.22,113.35,128988,17.7361,4.0828,0.23019716848687138
10,2020-01-17,115.28,116.31,117.92,114.96,159843,17.4482,4.0165,0.23019566488233742
11,2020-01-20,121.34,116.77,122.37,114.32,348366,17.5465,4.0391,0.23019405579460292
12,2020-01-21,116.77,117.6,119.73,115.67,198061,16.4652,3.7902,0.23019459223088698
13,2020-01-22,116.25,117.09,117.92,114.96,210662,16.8514,3.8791,0.23019452389712428
14,2020-01-23,116.25,113.48,117.86,111.68,270359,16.4652,3.7902,0.23019459223088698
15,2020-02-03,102.47,102.47,102.47,102.47,98638,16.1493,3.7175,0.2301957360380945
16,2020-02-04,94.42,98.54,104.01,94.42,609889,16.0299,3.69,0.23019482342372688
17,2020-02-05,98.86,99.89,101.18,98.22,455241,14.8082,3.4088,0.23019678286354858
18,2020-02-06,100.86,101.44,102.15,98.48,376013,14.7099,3.3861,0.23019191156975916
19,2020-02-07,101.24,101.44,101.5,99.63,252427,14.6326,3.3684,0.2301983242895999
20,2020-02-10,103.56,105.69,106.14,101.18,322212,14.4992,3.3376,0.23019201059368793
21,2020-02-11,106.53,108.97,110.84,104.72,321588,13.8182,3.1809,0.23019640763630575
22,2020-02-12,108.46,108.78,109.75,107.23,216632,13.5513,3.1194,0.23019193730490803
23,2020-02-13,108.33,107.11,109.04,106.91,148251,13.9867,3.2197,0.23019725882445466
24,2020-02-14,108.52,107.3,109.17,106.33,205208,14.3097,3.6634,0.2560081622955059
25,2020-02-17,108.14,108.78,109.17,107.62,243087,13.4881,3.4531,0.2560108540120551
26,2020-02-18,109.17,108.46,109.17,107.49,160356,13.762,3.5232,0.2560093009736957
27,2020-02-19,108.46,107.49,108.52,106.59,184422,13.7199,3.5124,0.2560076968491024
28,2020-02-20,107.81,108.01,108.14,105.95,241820,13.6777,3.5016,0.2560079545537627
29,2020-02-21,108.01,106.78,108.01,106.33,273209,14.092,3.6077,0.25601050241271645
30,2020-02-24,107.04,104.79,107.04,103.5,307499,14.3939,3.685,0.25601122697809486
31,2020-02-25,102.79,103.56,104.21,101.95,218646,14.2675,3.6526,0.2560084107236727
32,2020-02-26,102.08,102.15,103.43,100.79,272432,14.2605,3.6508,0.25600785386206654
33,2020-02-27,102.4,103.69,105.69,102.4,252039,14.408,3.6886,0.2560105496946141
34,2020-02-28,101.31,99.51,102.4,98.93,252715,14.8152,3.7928,0.256007343809061
35,2020-03-02,101.5,102.98,103.24,100.47,299801,14.6326,3.7461,0.2560105517816383
36,2020-03-03,103.69,102.28,104.53,101.89,225014,14.0148,3.5879,0.25600793446927533
37,2020-03-04,102.15,102.34,103.18,101.57,167992,13.3969,3.4297,0.2560069866909509
38,2020-03-05,103.18,102.73,103.63,101.63,228489,13.0318,3.3363,0.25601221627096793
39,2020-03-06,101.37,100.67,102.28,100.34,298085,13.3126,3.4082,0.256013100371077
40,2020-03-09,98.41,95.26,98.67,92.55,432526,13.102,3.3542,0.2560067165318272
41,2020-03-10,95.0,98.35,98.99,93.77,360219,13.0809,3.3488,0.25600684968159687
42,2020-03-11,98.54,96.16,99.25,96.09,256757,13.1301,3.3614,0.2560071895872842
43,2020-03-12,94.68,93.97,95.64,93.19,239364,13.5373,3.4657,0.25601116914007965
44,2020-03-13,87.59,91.91,93.71,87.46,298591,13.8884,3.5556,0.2560122116298494
45,2020-03-16,92.94,88.04,93.39,87.79,301682,14.3167,3.6652,0.25600871709262607
46,2020-03-17,87.59,86.56,90.04,85.79,309647,14.2886,3.658,0.25600828632616207
47,2020-03-18,88.04,87.01,92.23,86.88,436392,13.6005,3.4819,0.25601264659387524
48,2020-03-19,87.14,86.69,87.79,84.76,404564,13.446,3.4423,0.2560092220734791
49,2020-03-20,87.33,87.33,88.04,86.3,316924,13.5513,3.4693,0.25601233829964654
50,2020-03-23,85.27,85.34,87.14,84.24,280388,13.3547,3.419,0.25601473638494315
51,2020-03-24,86.5,85.53,87.14,84.44,282316,13.5022,3.4567,0.2560101316822444
52,2020-03-25,87.14,86.18,87.14,85.34,331937,13.6707,3.4998,0.25600737343369395
53,2020-03-26,85.72,84.69,85.79,84.37,203621,13.1301,3.3614,0.2560071895872842
54,2020-03-27,85.47,84.69,85.6,84.24,164808,13.4811,3.4513,0.25601026622456624
55,2020-03-30,83.73,81.54,84.31,80.44,268739,13.5935,3.4801,0.2560120645896936
56,2020-03-31,82.5,83.92,85.14,82.18,282301,14.1131,3.6131,0.2560103733410803
57,2020-04-01,83.41,83.66,85.02,83.21,167706,14.2816,3.6562,0.2560077302263052
58,2020-04-02,83.08,86.37,86.5,83.08,245555,14.8363,3.7982,0.25600722552118793
59,2020-04-03,87.33,85.79,88.24,85.53,265217,14.7239,3.7695,0.2560123336887645
60,2020-04-07,86.82,86.69,87.66,85.98,301434,14.766,3.7803,0.25601381552214547
61,2020-04-08,85.85,85.14,85.85,84.5,230472,14.1833,3.6311,0.25601235255547017
62,2020-04-09,85.34,84.89,86.43,84.31,243637,13.9726,3.5771,0.2560081874525858
63,2020-04-10,84.5,85.4,85.53,83.41,175427,13.8322,3.5412,0.2560113358684808
64,2020-04-13,87.27,87.66,90.23,86.75,650938,14.0358,3.5933,0.25600963251115005
65,2020-04-14,88.24,88.62,88.88,86.43,515025,13.3969,3.4297,0.2560069866909509
66,2020-04-15,88.82,87.79,88.82,87.33,389525,13.3407,3.4154,0.256013552512237
67,2020-04-16,87.27,91.78,92.62,86.75,652880,13.4109,3.4333,0.25600817245673296
68,2020-04-17,90.62,92.74,95.45,90.55,601302,13.7269,3.5142,0.2560082757213938
69,2020-04-20,93.65,93.0,93.65,91.01,354315,13.5162,3.4603,0.25601130495257546
70,2020-04-21,92.42,90.55,92.42,90.17,420506,13.4811,3.4513,0.25601026622456624
71,2020-04-22,89.27,92.55,94.23,89.27,418886,13.2354,3.3884,0.25601039636127354
72,2020-04-23,93.32,93.65,94.48,92.74,445881,13.0598,3.3435,0.25601464034671284
73,2020-04-24,93.77,95.64,96.93,92.68,650811,13.3828,3.7608,0.2810174253519443
74,2020-04-27,95.32,96.03,97.96,95.06,354875,13.5935,3.82,0.28101666237539996
75,2020-04-28,95.9,94.55,96.03,92.1,355394,13.6777,3.8436,0.2810121584769369
76,2020-04-29,93.84,92.94,95.51,92.29,233039,13.453,3.7805,0.2810153869025496
77,2020-04-30,92.94,94.55,95.38,92.62,351787,13.9656,3.9245,0.28101191499112105
78,2020-05-06,94.48,95.13,96.87,93.77,371253,13.9796,3.9285,0.2810166242238691
79,2020-05-07,95.26,94.35,95.51,93.84,277996,12.7088,3.5713,0.28101000881279115
80,2020-05-08,94.68,94.61,95.32,94.16,282931,11.6275,3.2675,0.28101483551924317
81,2020-05-11,94.61,94.8,96.03,93.19,318811,11.4239,3.2103,0.2810161153371441
82,2020-05-12,94.48,92.1,94.48,91.52,430436,11.3326,3.1846,0.28101230079593387
83,2020-05-13,91.13,92.04,92.29,90.04,304863,11.3747,3.1965,0.2810184004852875
84,2020-05-14,90.94,90.23,91.07,90.1,218322,11.1711,3.1392,0.28101082256895027
85,2020-05-15,90.75,90.55,91.07,89.97,179074,11.1781,3.1412,0.28101376799277156
86,2020-05-18,91.26,91.13,92.74,90.49,333166,11.0938,3.1175,0.2810128179703979
87,2020-05-19,91.91,91.84,92.87,91.52,242966,11.8381,3.3267,0.28101637931762696
88,2020-05-20,91.26,89.91,91.65,89.46,259663,12.0488,3.3859,0.2810155368169444
89,2020-05-21,90.23,91.33,91.46,89.59,254283,11.789,3.3129,0.281016201543812
90,2020-05-22,91.01,88.43,91.01,87.66,237618,11.7749,3.3089,0.2810130022335646
91,2020-05-25,87.79,87.4,88.43,87.21,166205,11.0307,3.0998,0.2810157106983238
92,2020-05-26,87.91,89.33,89.65,87.66,191300,10.5883,2.9755,0.28101772711388984
93,2020-05-27,89.07,91.26,92.04,89.01,201605,10.9604,3.08,0.2810116419108792
94,2020-05-28,90.62,90.68,92.55,90.55,193530,10.827,3.0425,0.281010436870786
95,2020-05-29,90.88,93.19,93.19,90.75,264196,10.9815,3.086,0.2810180758548468
96,2020-06-01,93.71,93.26,94.74,92.74,375475,10.9675,3.082,0.28101208114884885
97,2020-06-02,93.45,95.19,95.26,92.68,329266,11.2273,3.155,0.28101146313004904
98,2020-06-03,96.03,97.96,99.63,95.38,515241,10.9885,3.0879,0.28101196705646814
99,2020-06-04,97.77,98.02,98.99,96.93,218051,10.8832,3.0583,0.28101109967656573
100,2020-06-05,97.77,96.67,98.28,96.29,254035,10.7779,3.0287,0.28101021534807336
101,2020-06-08,97.51,98.67,100.09,97.51,311378,10.4479,2.936,0.2810134093932752
102,2020-06-09,99.89,98.41,99.89,97.83,241950,10.3917,2.9202,0.2810127313144144
103,2020-06-10,99.06,96.93,99.18,96.29,240681,10.3145,2.8985,0.28101216733724366
104,2020-06-11,97.12,96.35,98.02,95.96,267473,9.83,2.7624,0.28101729399796543
105,2020-06-12,94.23,93.9,94.87,93.0,436209,9.4649,2.6598,0.2810172320890871
106,2020-06-15,93.71,91.13,94.23,91.13,294216,9.6615,2.715,0.28101226517621486
107,2020-06-16,92.36,93.0,93.13,91.78,208141,9.4579,2.6578,0.2810137556962962
108,2020-06-17,93.0,92.94,93.39,91.52,197297,9.4508,2.6558,0.2810132475557625
109,2020-06-18,93.45,93.71,94.8,91.91,259141,9.6193,2.7032,0.28101836932001284
110,2020-06-19,93.77,94.35,95.26,93.71,219748,9.5491,2.6834,0.28101077588463835
111,2020-06-22,94.29,92.81,94.29,92.36,299573,9.7457,2.539,0.2605251546836041
112,2020-06-23,92.87,92.87,93.26,92.16,197511,9.7528,2.5408,0.26052005577885323
113,2020-06-24,93.26,94.74,96.22,93.07,299437,9.5491,2.4878,0.2605271700998
114,2020-06-29,93.9,92.94,94.1,92.42,263023,9.8511,2.5664,0.2605191298433677
115,2020-06-30,93.39,96.29,96.74,93.39,427787,10.1179,2.6359,0.26051848703782404
116,2020-07-01,96.8,100.73,101.7,96.16,500589,10.1811,2.6524,0.26052194753022756
117,2020-07-02,100.92,101.44,102.4,99.96,443555,10.3426,2.6945,0.2605244329278905
118,2020-07-03,101.89,101.95,104.46,101.31,399259,10.3706,2.7018,0.2605249455190635
119,2020-07-06,102.47,104.98,108.33,102.47,711908,10.153,2.6451,0.2605239830591943
120,2020-07-07,105.95,105.95,107.75,105.04,588422,10.3004,2.6835,0.2605238631509456
121,2020-07-08,105.95,106.91,106.91,104.66,472510,10.2934,2.6817,0.2605261623953213
122,2020-07-09,106.27,109.1,109.62,105.5,558075,9.9915,2.603,0.26052144322674275
123,2020-07-10,107.56,106.72,108.26,106.27,402882,9.7808,2.5481,0.2605206118108948
124,2020-07-13,106.91,106.85,108.46,106.59,497436,9.7738,2.5463,0.26052303096032253
125,2020-07-14,106.65,105.43,107.68,104.59,407397,9.5,2.475,0.2605263157894737
126,2020-07-15,106.33,106.65,108.46,105.5,505415,9.5632,2.4914,0.2605194913836373
127,2020-07-16,107.04,103.24,110.07,102.47,666170,9.3525,2.4365,0.26051857792034216
128,2020-07-17,103.5,107.3,108.46,103.5,493532,9.1419,2.3817,0.2605257112854002
129,2020-07-20,109.62,114.12,115.35,108.97,831993,9.2542,2.4109,0.2605195478809621
130,2020-07-21,114.51,114.25,115.35,112.77,416636,9.5702,2.4932,0.2605170215878456
131,2020-07-22,114.32,116.64,117.86,112.64,549215,9.4157,2.453,0.2605223191053241
132,2020-07-23,115.28,114.7,116.44,113.42,433982,9.6264,2.5079,0.26052314468544835
133,2020-07-24,114.32,107.88,114.32,107.36,553051,9.5491,2.4878,0.2605271700998
134,2020-07-27,108.14,108.65,111.74,107.23,339366,9.4859,2.4713,0.2605235138468674
135,2020-07-28,110.9,108.59,111.42,108.01,212578,9.4508,2.4621,0.26051762813730056
136,2020-07-29,107.43,110.45,110.45,107.23,291131,9.6474,2.5134,0.2605261521238883
137,2020-07-30,110.45,110.07,112.39,109.17,237045,9.6545,2.5152,0.2605210005696825
138,2020-07-31,109.81,110.9,113.29,109.36,300328,9.9494,2.592,0.260518222204354
139,2020-08-03,111.61,112.77,113.48,110.45,534265,9.9283,2.5865,0.2605179134393602
140,2020-08-04,113.09,122.69,123.46,113.09,1251235,9.9002,2.5792,0.26051998949516175
141,2020-08-05,122.75,134.35,134.35,121.92,1146067,9.9845,2.6012,0.2605238119084581
142,2020-08-06,136.92,134.22,140.4,129.13,928755,9.9213,2.5847,0.260520294719442
143,2020-08-07,134.22,129.52,134.22,124.69,818111,9.7457,2.539,0.2605251546836041
144,2020-08-10,129.9,131.58,133.64,128.04,426581,9.9213,2.5847,0.260520294719442
145,2020-08-11,132.41,130.8,136.09,130.68,464192,10.0828,2.6268,0.26052287063117385
146,2020-08-12,129.84,128.87,132.35,127.2,482183,10.0406,2.6158,0.26052227954504714
147,2020-08-13,125.27,125.91,128.49,121.02,805111,9.823,2.7104,0.2759238521836506
148,2020-08-14,127.07,127.52,130.61,123.98,488084,9.7036,2.6775,0.27592852137351087
149,2020-08-17,128.49,129.77,130.87,127.2,521688,9.4859,2.6174,0.27592532073920234
150,2020-08-18,129.77,130.1,131.83,128.1,501411,9.7528,2.691,0.2759207612172914
151,2020-08-19,130.68,132.03,137.5,129.13,711779,9.7247,2.6833,0.2759262496529456
152,2020-08-20,131.13,129.13,133.51,127.78,340235,29.0241,2.9873,0.10292481076071264
153,2020-08-21,129.71,128.49,130.87,127.26,264979,27.7106,2.8521,0.1029245126413719
154,2020-08-24,127.26,129.0,131.06,126.88,292719,27.986,2.8804,0.10292289001643679
155,2020-08-25,128.94,134.86,138.53,128.55,560292,27.6682,2.8477,0.10292321148466471
156,2020-08-26,134.73,132.99,136.47,131.38,333432,26.9267,2.7714,0.10292386367434553
157,2020-08-27,133.57,134.28,137.18,132.87,238965,26.7572,2.7539,0.10292183038584006
158,2020-08-28,134.99,136.21,136.79,133.25,264642,26.842,2.7627,0.10292452127263245
159,2020-08-31,138.15,141.56,145.55,135.57,533734,27.3504,2.815,0.10292354042354042
160,2020-09-01,141.11,141.17,142.4,139.56,256262,27.0538,2.7845,0.10292454294775595
161,2020-09-02,142.14,142.2,145.49,141.43,336322,27.2445,2.8041,0.10292352584925399
162,2020-09-03,141.69,137.12,143.56,136.47,318286,26.3547,2.7125,0.1029228183208308
163,2020-09-04,134.93,135.57,136.54,133.38,214957,26.4394,2.7212,0.10292215405795896
164,2020-09-07,134.93,130.8,135.44,128.81,400753,25.6556,2.6406,0.10292489748826768
165,2020-09-08,130.42,129.77,131.51,128.16,202492,26.6937,2.7474,0.1029231616448825
166,2020-09-09,126.55,126.55,129.13,124.11,302870,26.6937,2.7474,0.1029231616448825
167,2020-09-10,128.55,131.51,134.15,128.42,370012,27.1809,2.7976,0.10292521586849589
168,2020-09-11,133.12,129.97,133.12,128.68,173573,26.9691,2.7757,0.10292149163301705
169,2020-09-14,131.32,128.61,134.41,127.97,248853,26.9055,2.7692,0.10292319414246158
170,2020-09-15,128.55,130.42,132.09,128.16,174883,27.5623,2.8368,0.10292319581457281
171,2020-09-16,130.48,129.45,130.93,128.68,139597,27.3504,2.815,0.10292354042354042
172,2020-09-17,130.22,130.87,133.06,129.71,192459,27.4563,2.8259,0.10292355488539971
173,2020-09-18,130.35,137.18,137.18,130.35,342765,27.308,2.8106,0.10292222059469752
174,2020-09-21,137.18,137.44,138.34,135.76,201413,27.7953,2.8608,0.10292387561925936
175,2020-09-22,135.76,133.51,136.66,132.22,227749,29.0664,2.9916,0.10292296259598711
176,2020-09-23,133.77,130.29,134.67,127.84,305347,29.7444,3.0614,0.10292357553018383
177,2020-09-24,129.52,126.55,130.55,126.3,247206,30.4647,3.1355,0.10292239871063887
178,2020-09-25,127.2,126.1,129.13,125.27,184832,31.185,3.2097,0.10292448292448293
179,2020-09-28,126.81,126.3,130.1,125.46,197669,30.1681,3.105,0.10292328651787816
180,2020-09-29,127.07,128.23,128.49,125.78,165336,31.9477,3.2882,0.10292446717604083
181,2020-09-30,128.16,125.65,129.13,125.46,168755,32.6256,3.3579,0.10292224510813594
182,2020-10-09,127.78,129.0,129.52,125.97,234878,32.4985,3.3449,0.10292475037309415
183,2020-10-12,129.84,134.67,135.89,129.77,281760,32.4773,3.3427,0.10292419628478967
184,2020-10-13,133.77,140.34,141.11,133.12,307584,32.7103,3.3667,0.10292476681656848
185,2020-10-14,140.34,142.01,142.2,138.85,199882,31.5663,3.2489,0.10292305401646692
186,2020-10-15,142.01,138.27,142.91,138.08,207395,32.9434,3.3906,0.10292198133768829
187,2020-10-16,138.79,136.92,139.43,136.73,166612,32.4349,3.3383,0.10292308593521177
188,2020-10-19,138.6,136.99,141.95,136.79,218316,32.901,3.3863,0.10292392328500652
189,2020-10-20,136.15,138.15,139.05,135.25,138243,33.3035,3.4277,0.10292311618898915
190,2020-10-21,136.86,135.38,137.82,135.31,152579,33.9603,3.4953,0.1029231190537186
191,2020-10-22,135.31,131.58,135.96,129.77,247456,34.3628,3.5367,0.1029223462581629
192,2020-10-23,132.09,131.96,133.96,130.29,176577,34.1933,3.5193,0.10292367218139226
193,2020-10-26,130.48,132.35,133.51,127.52,183981,34.5111,3.552,0.10292340725157993
194,2020-10-27,132.54,129.84,133.32,128.16,297689,34.617,3.5629,0.10292341912932952
195,2020-10-28,130.8,137.37,137.37,130.29,391169,34.1298,3.5128,0.10292471681638919
196,2020-10-29,136.21,134.41,137.82,133.51,321026,34.0662,3.5062,0.10292313201942101
197,2020-10-30,136.15,130.42,136.47,129.97,288903,34.617,3.5629,0.10292341912932952
198,2020-11-02,130.42,132.87,134.22,129.32,253545,34.6806,3.5694,0.10292209477344683
199,2020-11-03,134.6,139.11,139.63,132.93,397663,33.6001,3.4582,0.10292231273121212
200,2020-11-04,139.43,140.34,141.04,138.15,290844,32.2019,3.3143,0.10292249836189789
201,2020-11-05,142.01,141.04,142.98,139.5,384464,32.2019,3.3143,0.10292249836189789
202,2020-11-06,141.62,141.95,144.26,139.43,396138,31.6934,3.262,0.10292363709794468
203,2020-11-09,144.52,153.15,154.12,144.07,662787,31.2485,3.2162,0.10292334032033539
204,2020-11-10,153.28,154.25,156.5,152.64,450776,32.5408,3.3492,0.10292309961648148
205,2020-11-11,154.5,157.14,162.62,154.5,567662,36.1636,3.7221,0.10292393456403677
206,2020-11-12,158.11,160.69,161.33,156.05,393225,37.3499,3.8442,0.10292397034530212
207,2020-11-13,157.59,157.14,160.56,154.76,378592,37.5194,3.8616,0.10292275462827231
208,2020-11-16,159.01,167.06,167.58,158.95,560540,37.244,3.8333,0.10292396090645473
209,2020-11-17,165.84,166.16,173.18,163.13,447376,37.0957,3.818,0.10292298029151627
210,2020-11-18,167.19,168.8,173.89,165.26,421467,36.5661,3.7635,0.10292319935678129
211,2020-11-19,167.19,165.19,168.22,161.01,418460,36.5025,3.757,0.10292445722895693
212,2020-11-20,166.22,167.77,168.67,164.23,259723,36.4178,3.7482,0.10292219738699208
213,2020-11-23,169.38,169.32,174.21,168.03,412368,36.5661,3.7635,0.10292319935678129
214,2020-11-24,168.48,176.98,179.56,167.96,420410,34.8289,3.5847,0.10292314715652807
215,2020-11-25,179.04,170.99,183.87,170.99,532764,34.3416,3.5346,0.10292473268572228
216,2020-11-26,171.12,172.79,175.5,167.13,380623,33.6637,3.4648,0.10292392101878284
217,2020-11-27,171.89,173.12,175.18,170.35,301623,34.4899,3.5498,0.10292288467058472
218,2020-11-30,174.6,174.15,181.87,173.24,461158,34.4899,3.5498,0.10292288467058472
219,2020-12-01,173.05,173.24,176.34,171.51,252731,34.1298,3.5128,0.10292471681638919
