,日期,开盘,收盘,最高,最低,成交量,pe,pb,roe
0,2020-01-03,122.5,122.44,124.89,120.9,126589,23.5806,3.8655,0.16392712653622044
1,2020-01-06,123.18,123.41,127.35,121.76,251895,23.2756,3.8155,0.16392703088212549
2,2020-01-07,122.95,122.84,124.44,120.62,124091,24.3366,3.9895,0.16393004774701478
3,2020-01-08,123.52,123.81,128.14,122.9,201433,23.6668,3.8797,0.16393006236584584
4,2020-01-09,123.81,123.35,125.41,121.64,152933,23.9387,3.9242,0.16392703028986536
5,2020-01-10,123.35,123.87,125.06,121.3,120161,24.8008,4.0656,0.1639301958001355
6,2020-01-13,123.87,124.49,125.75,122.61,89149,24.7345,4.0547,0.1639289251854697
7,2020-01-14,125.29,125.46,126.32,123.81,88152,23.9984,3.934,0.16392759517301153
8,2020-01-15,125.46,123.41,125.75,120.5,145509,24.0912,3.9492,0.16392707710699342
9,2020-01-16,123.41,124.61,126.83,122.33,131315,23.8194,3.9047,0.16392940208401555
10,2020-01-17,125.92,124.89,126.43,123.47,79887,23.3353,3.8253,0.16392761181557555
11,2020-01-20,124.84,123.35,125.18,122.1,77180,23.143,3.7938,0.16392861772458195
12,2020-01-21,124.32,119.19,124.44,117.65,145513,22.7451,3.7286,0.16392981345432642
13,2020-01-22,118.62,119.02,121.02,117.25,163028,23.5408,3.859,0.16392815877115474
14,2020-01-23,119.08,109.27,119.48,108.24,287816,23.7066,3.8862,0.163929032421351
15,2020-02-03,98.88,104.59,107.73,98.88,294490,23.7796,3.8982,0.16393042776161082
16,2020-02-04,107.27,103.45,109.15,100.65,231659,22.4798,3.6851,0.16392939438962978
17,2020-02-05,103.56,102.99,105.5,102.36,191591,21.7372,3.5633,0.16392635666047142
18,2020-02-06,103.39,106.64,107.1,101.22,230962,20.5833,3.3742,0.16392901041135288
19,2020-02-07,105.56,108.47,108.64,104.53,172545,20.1191,3.2981,0.1639288039723447
20,2020-02-10,108.69,110.06,111.72,106.07,167878,20.1125,3.297,0.16392790553138595
21,2020-02-11,110.23,110.23,111.43,108.47,131636,19.3168,3.1666,0.16392984345233164
22,2020-02-12,110.46,114.11,114.57,109.89,158991,18.7465,3.0731,0.1639292667964687
23,2020-02-13,114.11,113.66,117.54,112.8,148813,19.2372,3.1535,0.16392718275008836
24,2020-02-14,113.77,114.91,115.6,112.35,84190,18.9653,3.109,0.1639309686638229
25,2020-02-17,114.8,114.8,116.91,112.4,185444,17.2412,2.9018,0.16830615038396401
26,2020-02-18,114.51,111.55,114.51,110.69,215100,16.4919,2.7757,0.16830686579472345
27,2020-02-19,111.66,109.55,111.89,109.04,141488,16.9759,2.8572,0.1683091912652643
28,2020-02-20,110.06,111.6,111.66,109.38,146694,17.2743,2.9074,0.16830783302362468
29,2020-02-21,111.77,110.35,111.77,109.27,175382,17.5595,2.9554,0.16830775363763206
30,2020-02-24,109.61,108.01,109.78,104.76,323211,17.9043,3.0134,0.16830593767977525
31,2020-02-25,106.01,104.93,106.24,102.08,375334,17.0422,2.8683,0.16830573517503608
32,2020-02-26,103.33,103.39,105.67,102.93,200130,17.0224,2.865,0.1683076416956481
33,2020-02-27,103.39,106.64,107.38,103.11,262554,17.3141,2.9141,0.16830791089343367
34,2020-02-28,103.79,101.68,105.73,101.51,196643,17.3141,2.9141,0.16830791089343367
35,2020-03-02,102.19,109.09,110.35,102.19,337524,17.3141,2.9141,0.16830791089343367
36,2020-03-03,110.92,107.44,111.03,105.96,248369,16.7173,2.8136,0.16830469035071452
37,2020-03-04,106.98,109.27,109.72,105.79,209858,16.2995,2.7433,0.16830577625080526
38,2020-03-05,110.01,112.57,112.92,108.69,331970,16.2465,2.7344,0.16830701997353276
39,2020-03-06,110.92,109.66,111.95,109.15,188399,16.6112,2.7958,0.16830812945482565
40,2020-03-09,101.96,101.05,105.44,99.51,455362,16.6775,2.8069,0.16830460200869438
41,2020-03-10,99.8,101.51,103.33,97.8,297815,16.9361,2.8505,0.16830911484934546
42,2020-03-11,102.14,100.71,102.19,100.2,222219,17.1881,2.8929,0.16830830632821547
43,2020-03-12,98.37,98.49,100.31,97.74,140425,17.5727,2.9576,0.16830652091027556
44,2020-03-13,93.47,98.88,100.25,93.07,229994,17.1351,2.8839,0.16830365740497574
45,2020-03-16,99.45,92.78,99.45,91.53,266280,17.6192,2.9654,0.16830503087540863
46,2020-03-17,93.01,95.23,95.8,92.38,220254,17.3009,2.9118,0.16830338306099685
47,2020-03-18,96.03,95.75,98.26,94.38,192626,16.9759,2.8572,0.1683091912652643
48,2020-03-19,96.03,96.26,97.4,93.87,190758,16.8168,2.8304,0.16830788259359689
49,2020-03-20,97.17,95.29,97.34,92.67,161383,16.7306,2.8159,0.1683083690961472
50,2020-03-23,92.67,89.25,92.95,88.1,243569,16.2664,2.7377,0.16830398858997686
51,2020-03-24,89.82,91.75,92.38,88.16,243278,15.9813,2.6897,0.1683029540775782
52,2020-03-25,93.01,95.8,96.77,92.55,195209,15.9149,2.6786,0.16830768650761235
53,2020-03-26,95.29,95.58,97.8,94.38,134960,15.8486,2.6674,0.168305086884646
54,2020-03-27,97.23,93.41,97.46,93.41,117136,16.7704,2.8226,0.16830844821828939
55,2020-03-30,92.67,92.27,94.09,91.47,101058,16.8632,2.8382,0.16830732008159782
56,2020-03-31,93.69,94.95,94.95,92.27,128870,17.4998,2.9453,0.1683047806260643
57,2020-04-01,94.83,93.18,95.18,92.84,76769,17.7518,2.9877,0.16830405930666184
58,2020-04-02,93.75,97.46,97.8,92.95,180664,17.4733,2.9409,0.16830821882529348
59,2020-04-03,97.46,98.43,100.48,97.34,161667,18.1165,3.0491,0.168305136201805
60,2020-04-07,99.68,99.57,100.48,98.6,114529,17.8247,3.0,0.1683057779373566
61,2020-04-08,99.06,98.77,99.34,97.63,100557,18.4348,3.1027,0.16830668084275394
62,2020-04-09,98.94,99.11,99.8,98.66,52711,17.6059,2.9632,0.16830721519490627
63,2020-04-10,98.94,98.94,100.08,98.14,85971,17.3208,2.9152,0.16830631379612954
64,2020-04-13,99.51,99.4,100.48,97.06,53679,17.2147,2.8973,0.16830383335172847
65,2020-04-14,99.91,100.48,100.65,98.66,92625,17.0953,2.8772,0.16830356881716027
66,2020-04-15,100.2,99.8,100.25,98.94,67672,16.7969,2.827,0.1683048657788044
67,2020-04-16,98.94,98.66,99.51,97.69,66901,16.7637,2.8214,0.16830413333571945
68,2020-04-17,99.23,99.17,101.05,99.0,74797,16.7637,2.8214,0.16830413333571945
69,2020-04-20,99.45,99.23,99.74,98.66,63401,17.2213,2.8985,0.16830901267616266
70,2020-04-21,99.11,96.32,99.11,95.52,84790,17.5396,2.952,0.16830486442108145
71,2020-04-22,95.58,98.31,98.88,95.12,159631,17.1815,2.8918,0.16830893693798563
72,2020-04-23,98.71,100.2,101.51,98.2,105286,17.3075,2.913,0.16830853676151955
73,2020-04-24,99.74,98.14,100.94,97.63,92519,17.029,2.8661,0.16830700569616536
74,2020-04-27,98.71,98.49,99.85,97.97,47219,16.956,2.9512,0.17405048360462375
75,2020-04-28,98.31,97.52,99.23,95.98,108759,17.7717,3.0932,0.17405200402887738
76,2020-04-29,97.29,95.41,98.14,94.83,86202,16.83,2.9293,0.17405228758169936
77,2020-04-30,96.09,100.25,101.17,96.03,154601,16.6974,2.9062,0.1740510498640507
78,2020-05-06,100.2,102.25,102.65,99.51,121439,16.3393,2.8439,0.17405274399760087
79,2020-05-07,102.93,103.11,104.07,100.77,123903,15.8221,2.7539,0.17405401305768511
80,2020-05-08,103.85,104.87,105.67,103.16,94865,15.5303,2.7031,0.17405330225430288
81,2020-05-11,104.87,107.55,108.87,104.19,144680,15.338,2.6696,0.1740513756682749
82,2020-05-12,107.61,106.81,108.52,106.47,68848,15.5171,2.7008,0.17405314137306585
83,2020-05-13,106.81,106.13,107.61,105.67,56722,15.4176,2.6835,0.17405432752179328
84,2020-05-14,106.13,104.87,106.13,104.36,90569,14.834,2.5819,0.17405285155723338
85,2020-05-15,105.16,102.99,105.61,102.25,103366,14.8871,2.5911,0.1740500164572012
86,2020-05-18,103.05,102.48,103.5,101.05,73522,14.6484,2.5496,0.17405313890936894
87,2020-05-19,103.79,109.49,110.35,103.79,230168,16.0409,2.792,0.1740550717229083
88,2020-05-20,109.49,110.18,113.2,108.81,172852,16.2001,2.8197,0.17405448114517813
89,2020-05-21,110.92,109.55,111.6,108.52,104283,16.0741,2.7977,0.17405018010339612
90,2020-05-22,108.64,105.67,109.78,104.82,128996,16.0144,2.7874,0.1740558497352383
91,2020-05-25,106.01,106.81,107.67,103.73,82180,14.8871,2.5911,0.1740500164572012
92,2020-05-26,107.33,109.49,109.89,106.36,103189,14.0847,2.4515,0.1740541154586182
93,2020-05-27,109.49,108.07,109.78,107.67,103463,13.8526,2.4111,0.17405396820813418
94,2020-05-28,108.18,107.55,110.18,106.36,92730,13.4879,2.3476,0.17405229872700717
95,2020-05-29,107.67,106.3,109.09,105.56,104741,13.6338,2.373,0.17405272191171942
96,2020-06-01,106.87,109.49,110.92,106.87,104939,13.541,2.3568,0.1740491839598257
97,2020-06-02,109.49,109.55,111.26,108.35,86015,13.846,2.4099,0.17405026722519137
98,2020-06-03,109.49,112.74,116.22,109.49,193459,13.7598,2.3949,0.17405049491998428
99,2020-06-04,112.74,111.09,113.2,110.92,79071,13.6139,2.3695,0.17405005178530766
100,2020-06-05,111.15,113.09,113.49,110.18,109165,13.2956,2.3141,0.17405006167453893
101,2020-06-08,114.34,114.4,118.05,113.89,130373,12.6723,2.2056,0.17404890982694537
102,2020-06-09,114.34,112.63,115.2,112.12,88055,12.8115,2.2299,0.17405456035593023
103,2020-06-10,112.63,111.72,113.77,110.69,115908,12.281,2.1375,0.1740493445159189
104,2020-06-11,111.6,113.09,115.2,110.52,214059,11.724,2.0406,0.1740532241555783
105,2020-06-12,111.66,112.35,113.14,110.69,147229,11.7771,2.0498,0.1740496387056236
106,2020-06-15,111.2,110.35,114.28,109.84,167994,11.9959,2.0879,0.17405113413749695
107,2020-06-16,110.86,113.66,114.63,110.86,128948,11.9163,2.0741,0.17405570521050998
108,2020-06-17,113.77,115.65,116.05,113.2,129742,12.0688,2.1006,0.1740521012859605
109,2020-06-18,116.11,113.32,116.91,112.63,121771,12.2744,2.1364,0.17405331421495146
110,2020-06-19,113.49,112.97,113.77,111.55,152658,12.3142,2.1433,0.17405109548326322
111,2020-06-22,113.03,111.2,114.46,109.95,172613,12.8182,2.1444,0.16729337972570255
112,2020-06-23,110.29,109.89,110.63,107.95,151630,12.5861,2.1056,0.16729566744265498
113,2020-06-24,110.06,110.58,111.43,109.21,86072,12.2015,2.0412,0.16729090685571446
114,2020-06-29,110.23,108.69,110.69,108.12,79283,12.4335,2.0801,0.16729802549563677
115,2020-06-30,109.04,108.24,110.12,107.67,102854,12.5198,2.0945,0.16729500471253533
116,2020-07-01,107.84,113.03,113.37,105.67,232754,12.3606,2.0679,0.1672977039949517
117,2020-07-02,111.95,117.59,117.88,111.55,281868,12.4667,2.0856,0.16729367033777984
118,2020-07-03,117.25,116.4,120.05,114.91,236851,12.6723,2.12,0.16729401923881224
119,2020-07-06,115.77,121.76,122.5,115.6,297325,12.5198,2.0945,0.16729500471253533
120,2020-07-07,120.9,124.49,130.03,120.9,318366,12.2877,2.0557,0.1672973786794925
121,2020-07-08,122.61,125.75,125.75,121.36,187762,12.48,2.0878,0.16729166666666667
122,2020-07-09,124.15,126.49,127.29,124.15,147134,12.1086,2.0257,0.16729431973968917
123,2020-07-10,126.09,123.87,128.77,121.47,188931,12.102,2.0246,0.16729466203933233
124,2020-07-13,122.73,124.67,125.98,122.21,204729,11.7306,1.9625,0.16729749543927844
125,2020-07-14,124.15,123.41,125.46,121.07,240638,11.8765,1.9869,0.16729676251420875
126,2020-07-15,124.21,126.55,129.86,122.61,266897,11.9362,1.9969,0.16729779996983965
127,2020-07-16,127.23,128.54,137.1,126.6,310115,12.102,2.0246,0.16729466203933233
128,2020-07-17,130.54,135.45,139.04,129.46,343876,11.7903,1.9725,0.1672985420218315
129,2020-07-20,141.43,145.14,148.28,139.72,498402,11.6577,1.9503,0.1672971512390952
130,2020-07-21,143.15,145.66,151.99,142.58,374488,12.1086,2.0257,0.16729431973968917
131,2020-07-22,145.2,146.74,149.99,143.03,305591,12.1816,2.0379,0.1672932948052801
132,2020-07-23,144.29,145.37,147.42,141.15,268665,12.102,2.0246,0.16729466203933233
133,2020-07-24,144.34,133.39,144.34,132.65,413166,11.2863,1.8881,0.16729131779236772
134,2020-07-27,135.27,135.45,140.24,133.45,270863,11.346,1.8981,0.16729243786356424
135,2020-07-28,136.42,134.99,137.5,133.62,145287,11.5649,1.9347,0.16729068128561425
136,2020-07-29,135.62,140.01,140.46,132.48,197942,11.7107,1.9591,0.167291451407687
137,2020-07-30,140.35,140.86,145.37,139.72,188187,11.7903,1.9725,0.1672985420218315
138,2020-07-31,140.86,139.32,142.35,136.02,177189,11.8765,1.9869,0.16729676251420875
139,2020-08-03,142.46,140.98,143.43,137.33,187383,11.5649,1.9347,0.16729068128561425
140,2020-08-04,142.86,143.49,147.14,141.32,226222,11.3593,1.9003,0.16729023795480358
141,2020-08-05,143.09,147.94,150.79,141.04,237839,11.2598,1.8837,0.1672942681042292
142,2020-08-06,146.85,151.02,154.15,144.69,215347,11.0277,1.8449,0.16729689781187373
143,2020-08-07,149.99,152.16,157.18,147.02,248010,10.4641,1.8037,0.17237029462638928
144,2020-08-10,152.61,160.26,160.54,148.28,268577,10.7094,1.846,0.172371934935664
145,2020-08-11,157.46,153.24,161.28,152.39,226766,10.8222,1.8654,0.17236791040638685
146,2020-08-12,149.7,153.87,156.21,148.05,202983,10.7824,1.8586,0.1723734975515655
147,2020-08-13,156.72,156.26,159.23,149.19,191316,11.0211,1.8997,0.1723693642195425
148,2020-08-14,154.38,155.18,157.29,151.99,120011,10.8023,1.862,0.17237069883265602
149,2020-08-17,157.12,158.26,160.88,153.47,146632,10.5702,1.822,0.17237138370134908
150,2020-08-18,157.52,155.52,159.69,154.27,155201,10.9084,1.8803,0.1723717502108467
151,2020-08-19,153.75,151.59,153.75,148.62,158887,10.9017,1.8791,0.17236761239072806
152,2020-08-20,151.53,151.59,153.87,149.31,164024,10.8421,1.8688,0.1723651322160836
153,2020-08-21,151.13,151.87,158.55,150.16,142372,10.9747,1.8917,0.17236917637839758
154,2020-08-24,150.45,154.44,155.64,150.05,115635,11.0543,1.9054,0.17236731407687506
155,2020-08-25,152.96,155.47,158.43,152.96,116956,10.9283,1.8837,0.17236898694215935
156,2020-08-26,155.69,156.38,160.37,154.55,112585,10.8752,1.8746,0.17237384140061793
157,2020-08-27,158.43,158.83,160.26,154.61,104166,10.8951,1.878,0.1723710658920065
158,2020-08-28,160.14,165.96,165.96,156.95,175014,10.8553,1.8711,0.17236741499544
159,2020-08-31,164.93,160.71,166.82,160.71,167767,10.9482,1.8871,0.17236623371878482
160,2020-09-01,161.97,163.22,164.14,160.14,83424,10.8155,1.8643,0.17237298321852898
161,2020-09-02,164.53,157.69,164.53,155.86,178381,10.7028,1.8448,0.1723661098030422
162,2020-09-03,157.12,160.09,163.91,156.83,152847,10.2055,1.7591,0.17236784087011905
163,2020-09-04,156.78,157.92,158.95,155.01,106295,10.411,1.7945,0.17236576697723563
164,2020-09-07,156.83,152.44,159.4,151.13,138591,10.0994,1.7408,0.17236667524803453
165,2020-09-08,152.5,151.64,154.44,148.74,109331,10.232,1.7637,0.17237099296325256
166,2020-09-09,147.99,143.72,147.99,142.35,192299,8.5167,1.8806,0.22081322577993823
167,2020-09-10,146.57,144.29,147.99,143.2,176062,8.5383,1.8854,0.22081679022756287
168,2020-09-11,145.43,144.86,146.4,140.18,128699,8.1558,1.8009,0.22081218274111677
169,2020-09-14,144.74,147.31,148.16,144.12,146980,7.9188,1.7486,0.22081628529575187
170,2020-09-15,146.34,151.3,153.18,145.66,140549,8.4898,1.8747,0.220817922683691
171,2020-09-16,150.96,152.04,153.98,149.42,66073,8.5813,1.8949,0.22081735867525898
172,2020-09-17,152.1,153.41,156.04,151.13,138032,8.5329,1.8842,0.2208159008074629
173,2020-09-18,153.7,156.21,159.12,153.36,131805,8.4844,1.8735,0.22081702890009897
174,2020-09-21,158.2,158.95,160.2,156.26,99163,8.2527,1.8223,0.22081258254874161
175,2020-09-22,156.89,154.78,159.52,153.98,125531,8.8291,1.9496,0.22081525863338278
176,2020-09-23,155.98,158.55,160.54,154.04,134673,8.7914,1.9413,0.2208180722069295
177,2020-09-24,157.06,155.24,158.43,154.21,82749,9.0015,1.9877,0.22081875243015053
178,2020-09-25,155.35,153.07,156.09,152.61,67654,9.0769,2.0043,0.22081327325408456
179,2020-09-28,153.75,150.85,154.78,149.76,69360,9.0338,1.9948,0.2208151608403994
180,2020-09-29,151.7,150.28,153.13,149.99,66808,9.8473,2.1744,0.22081179612685709
181,2020-09-30,150.62,147.14,152.04,145.77,101544,10.122,2.2351,0.22081604426002768
182,2020-10-09,149.99,147.59,154.04,145.6,155606,9.8096,2.1661,0.22081430435491764
183,2020-10-12,148.28,151.19,151.47,146.57,125331,9.6372,2.128,0.22081102394886482
184,2020-10-13,152.27,156.32,156.38,150.56,99030,9.7934,2.1625,0.22081197541201217
185,2020-10-14,155.81,156.32,157.58,153.98,68850,9.0931,2.0079,0.2208157833962015
186,2020-10-15,156.66,156.32,160.2,154.84,96838,9.5618,2.1114,0.22081616432052545
187,2020-10-16,156.83,153.81,158.26,153.41,43064,9.2547,2.0436,0.22081753055204384
188,2020-10-19,155.35,153.98,158.89,152.27,86102,9.4002,2.0757,0.22081445075636688
189,2020-10-20,152.9,161.4,162.14,152.9,149424,9.6911,2.1399,0.22081084706586454
190,2020-10-21,161.0,158.43,161.23,157.23,78448,9.9119,2.1887,0.22081538352888952
191,2020-10-22,159.4,155.98,159.4,151.76,146350,10.0304,2.2149,0.22081871111820067
192,2020-10-23,155.92,153.41,156.26,150.85,135719,9.8365,2.172,0.22081024754740003
193,2020-10-26,151.13,149.25,154.04,149.08,85281,10.025,2.2137,0.2208179551122194
194,2020-10-27,149.31,155.69,156.61,148.56,117288,10.3321,2.2815,0.2208166781196465
195,2020-10-28,156.32,170.52,170.52,155.52,248951,10.3429,2.2839,0.22081814578116388
196,2020-10-29,170.87,172.86,173.95,168.53,183239,10.2244,2.2577,0.22081491334454834
197,2020-10-30,174.0,168.64,175.03,167.56,113730,10.2674,2.2672,0.22081539630286146
198,2020-11-02,169.67,173.55,177.03,168.76,185962,9.9011,2.1863,0.2208138489662765
199,2020-11-03,176.8,180.39,182.22,174.06,303056,9.885,2.1827,0.22080930703085486
200,2020-11-04,179.93,180.45,187.63,178.22,150439,9.7341,2.1494,0.22081137444653332
201,2020-11-05,185.58,184.44,185.58,179.88,105656,9.5618,2.1114,0.22081616432052545
202,2020-11-06,184.44,194.37,197.39,184.44,276342,9.217,2.0352,0.22080937398285777
203,2020-11-09,194.48,200.75,207.43,194.37,232727,9.2601,2.0448,0.2208183496938478
204,2020-11-10,207.03,211.93,216.44,205.32,286323,9.3678,2.0686,0.22082025662375368
205,2020-11-11,211.02,211.31,217.52,210.16,177809,9.8096,2.1661,0.22081430435491764
206,2020-11-12,207.94,209.88,215.58,207.94,156030,10.7307,2.3695,0.2208150446848761
207,2020-11-13,212.22,203.03,212.62,201.32,249082,10.7469,2.3731,0.2208171658803934
208,2020-11-16,211.99,206.46,211.99,200.18,233184,11.1401,2.4599,0.2208148939417061
209,2020-11-17,208.28,208.11,214.67,201.32,235017,11.2856,2.492,0.220812362656837
210,2020-11-18,207.03,212.28,217.75,206.29,203096,11.2586,2.4861,0.22081786367754427
211,2020-11-19,212.22,214.61,216.32,206.86,139594,11.1455,2.4611,0.2208155757929209
212,2020-11-20,211.53,213.82,215.75,210.45,127383,11.3394,2.5039,0.2208141524242905
213,2020-11-23,213.76,220.15,228.87,213.76,330191,11.2479,2.4837,0.22081455204971595
214,2020-11-24,223.68,220.72,223.68,215.64,152896,11.1886,2.4706,0.2208140428650591
215,2020-11-25,224.71,213.3,230.41,213.3,201382,11.1401,2.4599,0.2208148939417061
216,2020-11-26,213.3,210.96,216.32,203.49,261012,11.1832,2.4694,0.22081336290149509
217,2020-11-27,217.12,216.72,217.35,207.6,123849,11.0916,2.4492,0.22081575246132207
218,2020-11-30,213.42,207.6,215.47,207.6,207398,11.1455,2.4611,0.2208155757929209
219,2020-12-01,208.74,210.22,211.76,204.23,168198,11.0539,2.4409,0.22081799183998407
