,日期,开盘,收盘,最高,最低,成交量,pe,pb,roe
0,2020-01-03,615.21,612.45,615.65,608.14,32110,96.6623,17.6515,0.18260997307119733
1,2020-01-06,608.53,610.46,615.26,607.15,37809,91.7546,16.7553,0.18260991819483707
2,2020-01-07,612.12,618.25,618.36,605.55,39317,93.5588,17.0847,0.1826092254282868
3,2020-01-08,616.15,617.42,624.59,613.55,33060,92.3516,16.8643,0.18260972197558029
4,2020-01-09,621.23,640.6,646.84,617.03,83502,93.1637,17.0126,0.18260975036414395
5,2020-01-10,641.71,643.64,647.11,636.74,44103,94.8713,17.3244,0.18260949307113952
6,2020-01-13,644.3,652.03,653.13,637.12,60348,95.9073,17.5136,0.18260966579186358
7,2020-01-14,653.24,643.64,655.89,642.59,31854,96.4253,17.6082,0.18260975076043323
8,2020-01-15,643.91,648.99,653.46,642.92,32127,95.9951,17.5296,0.1826093206840766
9,2020-01-16,651.64,666.82,666.82,646.73,43181,95.758,17.4863,0.182609285908227
10,2020-01-17,666.43,691.83,700.44,663.95,78762,94.4455,17.2467,0.18261007671090737
11,2020-01-20,689.73,706.23,722.85,684.21,73341,96.7896,17.6747,0.1826094952350253
12,2020-01-21,730.58,726.16,747.58,724.51,93453,97.7598,17.8519,0.1826098253065166
13,2020-01-22,724.51,717.72,730.03,711.86,60584,98.8133,18.0443,0.18261003326475284
14,2020-01-23,717.72,721.69,743.71,707.28,76348,99.5947,18.187,0.18261011881154318
15,2020-02-03,689.73,669.91,717.33,650.59,120599,101.5525,18.5445,0.1826099800595751
16,2020-02-04,674.05,692.1,700.49,674.05,70602,101.5437,18.5429,0.18261004867854924
17,2020-02-05,693.98,760.22,760.22,693.98,98618,99.2698,18.1276,0.1826094139405942
18,2020-02-06,769.77,752.05,771.04,739.24,102341,101.0652,18.4555,0.18260983998448527
19,2020-02-07,744.65,741.84,749.35,725.72,68278,100.477,18.3481,0.18260995053594353
20,2020-02-10,735.55,727.38,739.3,717.38,59588,100.7887,18.405,0.18260975684774186
21,2020-02-11,723.46,737.42,743.0,722.85,51469,100.1741,18.2928,0.18261007585793135
22,2020-02-12,737.42,728.87,738.69,725.11,38110,100.657,18.3809,0.18260925718032528
23,2020-02-13,724.51,712.31,724.62,710.04,55981,103.3786,18.8779,0.18260936015771154
24,2020-02-14,712.14,714.13,724.34,710.1,32866,102.5446,18.7256,0.1826093231627994
25,2020-02-17,714.57,718.21,725.61,707.67,53566,102.3514,18.6904,0.1826101059682623
26,2020-02-18,719.48,712.53,721.75,709.44,42352,98.4577,17.9793,0.18260938453772532
27,2020-02-19,712.64,700.71,714.51,700.71,51242,103.5454,20.3684,0.1967098490130899
28,2020-02-20,703.53,708.44,711.53,701.87,45089,105.9203,20.8355,0.19670922382206243
29,2020-02-21,709.05,718.32,722.85,701.76,53846,106.7236,20.9935,0.19670906903440288
30,2020-02-24,720.09,705.96,724.78,699.11,59637,107.7684,21.1991,0.19670979619257595
31,2020-02-25,695.8,700.77,705.96,684.37,58811,106.232,20.8968,0.19670908953987498
32,2020-02-26,687.52,680.07,692.49,678.69,57441,108.3478,21.313,0.19670911638261226
33,2020-02-27,681.5,690.28,698.06,681.23,41013,108.4707,21.3372,0.19670934178538538
34,2020-02-28,673.17,673.72,694.59,669.97,50001,110.095,21.6567,0.19670920568599848
35,2020-03-02,677.97,694.03,697.68,677.97,43212,109.5901,21.5574,0.19670937429567087
36,2020-03-03,704.63,717.05,725.94,704.41,73390,110.4725,21.731,0.1967095883590939
37,2020-03-04,717.44,710.71,722.74,705.3,35823,107.8123,21.2077,0.19670946635958977
38,2020-03-05,711.26,730.03,733.78,711.26,58167,106.8114,21.0108,0.19670934001426812
39,2020-03-06,725.89,727.04,742.56,722.19,40931,103.484,20.3563,0.196709636272274
40,2020-03-09,717.11,695.03,718.99,695.03,51847,101.3418,19.9349,0.1967095512414423
41,2020-03-10,695.25,700.27,706.84,681.45,47133,100.4858,19.7665,0.19670938580376532
42,2020-03-11,706.23,696.63,709.05,695.3,25901,101.4032,19.947,0.1967097685280149
43,2020-03-12,689.73,678.25,692.32,674.11,44690,103.7298,20.4046,0.19670914240652154
44,2020-03-13,651.09,669.03,674.88,646.23,50604,103.1153,20.2837,0.19670892680329688
45,2020-03-16,673.22,664.45,694.59,658.27,64073,104.9151,20.6378,0.19670952989607787
46,2020-03-17,661.41,656.66,681.5,633.98,43225,107.2372,21.0946,0.19670972386447985
47,2020-03-18,662.13,658.71,682.61,658.27,55375,107.5489,21.1559,0.1967095897773013
48,2020-03-19,661.19,663.79,673.17,644.91,48562,111.9782,22.0272,0.1967097167127173
49,2020-03-20,670.19,677.31,681.45,666.32,34501,109.8316,21.6049,0.19670932591348939
50,2020-03-23,661.85,656.66,672.78,656.06,32821,111.4997,21.933,0.19670904944138862
51,2020-03-24,670.41,671.24,673.06,658.15,34744,115.0334,22.6282,0.19670982514643573
52,2020-03-25,687.96,683.33,688.63,675.93,35929,106.412,20.9322,0.19670901777994965
53,2020-03-26,679.3,698.29,706.12,677.03,47185,99.8888,19.6491,0.19670974123225027
54,2020-03-27,707.39,699.44,716.17,698.56,39964,104.6824,20.592,0.19670928446424613
55,2020-03-30,694.31,695.19,703.53,688.07,28964,107.2021,21.0877,0.1967097659467492
56,2020-03-31,701.32,696.91,706.84,691.39,28061,107.9264,21.2301,0.19670905357725266
57,2020-04-01,696.91,682.5,698.01,678.19,36579,116.7498,22.9658,0.19670954468444488
58,2020-04-02,678.19,690.28,690.28,672.12,29988,119.7875,23.5633,0.1967091724929563
59,2020-04-03,686.97,711.75,718.16,686.97,54079,108.9053,21.4227,0.19670943471070737
60,2020-04-07,722.08,718.43,725.5,712.64,36969,110.5603,21.7482,0.1967089452543092
61,2020-04-08,715.29,730.19,733.89,714.07,41785,103.5367,20.3666,0.19670899304304656
62,2020-04-09,738.03,734.61,738.19,725.66,28458,99.4279,19.5584,0.19670937433054506
63,2020-04-10,733.67,726.71,749.07,722.85,37375,96.5745,18.9971,0.1967092762582255
64,2020-04-13,722.85,723.73,732.12,717.99,23122,92.1804,18.1327,0.1967088448303544
65,2020-04-14,728.31,752.05,756.02,719.65,55744,91.3946,17.9782,0.1967096524302311
66,2020-04-15,759.56,754.15,764.8,752.05,37133,90.8635,17.8833,0.19681500272386598
67,2020-04-16,750.73,756.41,764.25,744.93,27836,87.8257,17.2854,0.19681482755047783
68,2020-04-17,755.97,755.09,766.4,750.5,29888,89.2831,17.5722,0.1968144027257118
69,2020-04-20,766.18,756.58,766.29,752.16,26560,89.169,17.5498,0.19681503661586428
70,2020-04-21,753.26,743.05,755.91,737.2,37505,87.795,17.2793,0.1968141693718321
71,2020-04-22,739.69,756.25,759.17,738.36,35156,87.0883,17.1403,0.19681518642573112
72,2020-04-23,761.77,758.29,775.23,755.47,33407,86.4342,17.0115,0.19681445538918624
73,2020-04-24,761.49,764.8,771.87,756.13,32857,87.6019,17.2413,0.19681422434901524
74,2020-04-27,770.87,776.67,783.46,756.36,50069,88.1901,17.3571,0.1968146084424442
75,2020-04-28,776.67,816.69,824.03,772.53,73023,88.0628,17.3321,0.19681522731505247
76,2020-04-29,816.69,797.37,840.2,791.3,64952,88.0452,17.3286,0.1968148178435622
77,2020-04-30,803.72,784.95,815.86,780.48,61300,89.4192,17.599,0.1968145543686367
78,2020-05-06,788.54,813.87,815.36,784.62,50690,89.7704,17.6681,0.19681431741420335
79,2020-05-07,815.47,815.03,822.82,806.09,29745,89.5992,17.6344,0.1968142572701542
80,2020-05-08,815.03,811.33,820.94,810.12,33514,89.8187,17.6776,0.1968142491485626
81,2020-05-11,812.66,813.16,825.08,800.63,37385,89.6387,17.6422,0.19681454550322572
82,2020-05-12,812.27,829.05,836.56,807.19,48653,88.5413,17.4262,0.19681436798420623
83,2020-05-13,829.05,833.14,837.94,819.5,43096,86.5088,17.0262,0.196814659317896
84,2020-05-14,832.42,829.44,838.71,827.67,29537,85.328,16.7938,0.19681464466529158
85,2020-05-15,829.39,811.17,834.96,805.21,63274,84.2613,16.5839,0.19681514526834976
86,2020-05-18,810.62,831.48,838.11,810.62,48715,82.9619,16.3281,0.19681444132788664
87,2020-05-19,838.66,835.51,849.81,830.54,29365,86.4386,17.0124,0.19681484892166232
88,2020-05-20,835.51,811.17,839.82,808.41,54724,85.8943,16.9053,0.1968151553711946
89,2020-05-21,811.17,813.38,825.8,805.93,43119,85.0953,16.748,0.1968146301852159
90,2020-05-22,818.12,799.03,819.45,793.51,36110,81.7284,16.0853,0.1968140817634996
91,2020-05-25,799.03,808.08,812.55,789.64,25737,81.0129,15.9445,0.19681433450722044
92,2020-05-26,812.71,829.99,830.93,809.35,35830,80.2885,15.802,0.19681523505857004
93,2020-05-27,831.04,816.41,837.06,813.93,27779,88.673,17.4521,0.19681413733605496
94,2020-05-28,816.69,804.6,821.11,789.03,40183,91.0215,19.0387,0.20916706492422119
95,2020-05-29,801.79,820.66,824.14,801.79,38902,87.0049,18.1986,0.20916752964488206
96,2020-06-01,827.73,830.77,836.89,821.33,37883,80.0954,16.7533,0.20916681856885663
97,2020-06-02,824.97,822.71,829.05,818.51,25565,79.4282,16.6138,0.20916752488410917
98,2020-06-03,827.12,848.71,863.22,822.87,61083,79.2482,16.5761,0.2091668959042603
99,2020-06-04,845.89,841.42,846.99,833.41,36891,78.3658,16.3916,0.20916777471805306
100,2020-06-05,841.42,847.05,847.16,827.01,39638,75.6661,15.8269,0.20916764574888888
101,2020-06-08,848.71,850.09,858.37,839.93,34789,75.5344,15.7993,0.2091669490986888
102,2020-06-09,849.81,863.61,867.86,847.05,39845,75.1745,15.7241,0.2091680024476385
103,2020-06-10,855.88,869.96,874.65,855.66,30548,76.2236,15.9435,0.20916750192853656
104,2020-06-11,869.13,858.7,875.42,855.27,39449,74.7355,15.6322,0.20916699560449853
105,2020-06-12,847.44,861.57,863.06,843.07,27719,72.6943,15.2053,0.20916770640889312
106,2020-06-15,861.46,849.92,869.13,849.31,38380,72.545,15.1741,0.20916810255703355
107,2020-06-16,856.99,856.99,863.06,850.97,30030,73.5152,14.3003,0.19452167714975951
108,2020-06-17,860.19,867.53,874.65,860.19,34295,71.0481,13.8204,0.19452173949760793
109,2020-06-18,867.25,861.57,867.25,854.28,27185,69.5337,13.5258,0.1945215053995401
110,2020-06-19,861.57,885.14,886.46,860.08,51137,67.6592,13.1612,0.19452195710265566
111,2020-06-22,886.24,904.18,913.01,886.24,44390,68.1333,13.2534,0.1945216215859205
112,2020-06-23,907.77,935.2,937.52,902.8,43924,67.2949,13.0903,0.19452142732955988
113,2020-06-24,941.55,927.53,941.55,915.11,42277,66.733,12.981,0.19452145115609967
114,2020-06-29,920.58,929.41,939.07,916.88,31187,67.6592,13.1612,0.19452195710265566
115,2020-06-30,929.52,955.08,957.01,929.52,33223,67.431,13.1168,0.19452180747727307
116,2020-07-01,959.05,973.79,1001.55,944.04,59077,68.3265,13.291,0.1945218912135116
117,2020-07-02,965.56,960.6,984.06,949.17,64106,67.8217,13.1928,0.19452181234029814
118,2020-07-03,960.6,965.12,967.5,937.14,55231,66.7462,12.9836,0.19452193533114992
119,2020-07-06,964.74,966.78,975.83,952.59,65189,66.5047,12.9366,0.19452159020339915
120,2020-07-07,970.26,1000.73,1012.15,970.26,69822,66.057,12.8495,0.19452139818641476
121,2020-07-08,1000.73,1011.82,1022.14,990.13,48985,66.6364,12.9622,0.19452131267595488
122,2020-07-09,1011.93,1014.08,1018.33,1003.65,46924,64.5688,12.56,0.194521192898118
123,2020-07-10,1014.03,1022.47,1034.56,1008.9,42602,65.2098,12.6847,0.19452137562145566
124,2020-07-13,1019.27,1109.36,1119.3,1014.58,66894,64.4064,12.5284,0.1945210413871913
125,2020-07-14,1110.02,1159.87,1163.46,1109.36,71179,63.129,12.28,0.1945223272980722
126,2020-07-15,1119.3,1130.34,1146.9,1091.97,88282,64.0684,12.4627,0.19452179233444258
127,2020-07-16,1130.28,1024.9,1130.61,1023.69,100136,65.1483,12.6727,0.19452080867804686
128,2020-07-17,1019.94,1034.01,1053.94,1006.14,83658,63.4056,12.3337,0.19452067325283573
129,2020-07-20,1036.0,1043.01,1049.3,1009.23,57659,62.6856,12.1937,0.1945215488086578
130,2020-07-21,1043.06,1085.35,1093.52,1037.65,51767,63.827,12.4157,0.1945211274225641
131,2020-07-22,1085.51,1095.39,1111.84,1064.98,44660,63.6514,12.3816,0.1945220372214908
132,2020-07-23,1085.4,1102.24,1112.67,1080.66,42300,65.5873,12.7581,0.19452089047727228
133,2020-07-24,1097.22,1058.52,1104.39,1039.59,67050,65.2668,12.6958,0.19452156379660102
134,2020-07-27,1065.92,1074.86,1091.09,1064.1,41581,63.6514,12.3816,0.1945220372214908
135,2020-07-28,1075.36,1088.27,1096.11,1075.36,38031,65.1044,12.6642,0.19452141483524923
136,2020-07-29,1088.27,1103.12,1103.62,1088.27,44440,65.3985,12.7214,0.19452128106913766
137,2020-07-30,1108.26,1128.68,1154.62,1108.26,56715,65.0737,12.6582,0.19452098159471493
138,2020-07-31,1130.06,1142.48,1151.75,1120.18,45644,63.8094,12.4123,0.19452149683275505
139,2020-08-03,1146.9,1144.74,1158.43,1130.39,42984,63.6646,12.3841,0.19452097397926005
140,2020-08-04,1144.74,1141.98,1157.83,1135.86,42225,63.9587,12.4413,0.19452083922906502
141,2020-08-05,1140.16,1144.14,1146.62,1122.11,30852,63.8665,12.4234,0.19452138445037698
142,2020-08-06,1135.86,1139.72,1146.9,1131.61,35537,61.5663,11.976,0.19452200310884366
143,2020-08-07,1130.39,1122.44,1139.72,1094.46,52576,62.554,12.1681,0.1945215333951466
144,2020-08-10,1108.31,1122.66,1130.39,1105.16,28919,64.0904,12.467,0.19452211251607104
145,2020-08-11,1123.16,1124.26,1150.26,1120.4,32491,60.9078,11.8479,0.19452188389664377
146,2020-08-12,1127.58,1116.87,1132.93,1085.51,44869,72.1067,12.5478,0.1740171163012591
147,2020-08-13,1114.33,1102.18,1121.28,1098.49,24823,71.4838,12.4394,0.17401705001692688
148,2020-08-14,1097.22,1110.41,1111.57,1089.05,26120,71.2885,12.4055,0.17401824978783395
149,2020-08-17,1111.46,1119.3,1135.86,1111.46,34132,70.0269,12.1859,0.17401741330831438
150,2020-08-18,1119.3,1136.57,1136.57,1110.52,33287,71.3202,12.411,0.17401802014015663
151,2020-08-19,1141.27,1138.01,1157.88,1133.1,46115,71.1777,12.3862,0.17401798597032497
152,2020-08-20,1130.34,1119.68,1137.95,1117.09,26763,71.3043,12.4082,0.17401755574348252
153,2020-08-21,1124.82,1157.88,1157.94,1124.82,48869,71.0879,12.3705,0.1740169564721985
154,2020-08-24,1163.35,1164.56,1181.34,1157.94,40361,70.8873,12.3356,0.17401706652672622
155,2020-08-25,1171.63,1174.44,1178.3,1163.46,31864,68.1794,11.8644,0.1740173718161204
156,2020-08-26,1173.83,1229.7,1258.12,1173.83,71081,68.4644,11.914,0.1740174455629495
157,2020-08-27,1235.22,1265.58,1273.3,1229.7,60095,69.2193,12.0454,0.17401794008318489
158,2020-08-28,1262.82,1317.24,1333.91,1254.59,65431,68.797,11.9719,0.17401776240243033
159,2020-08-31,1334.58,1405.56,1405.56,1318.02,74193,67.6726,11.7762,0.1740172536595313
160,2020-09-01,1387.07,1384.75,1398.06,1351.03,71362,67.0339,11.6651,0.17401792227514734
161,2020-09-02,1385.91,1521.59,1521.59,1385.25,90288,64.9805,11.3077,0.1740168204307446
162,2020-09-03,1505.7,1483.39,1638.07,1414.67,168954,64.2362,11.1782,0.17401714298168325
163,2020-09-04,1422.9,1372.44,1422.9,1353.01,119249,65.6139,11.418,0.17401800533118744
164,2020-09-07,1362.18,1363.33,1409.65,1340.1,67790,65.4503,11.3895,0.17401753697080075
165,2020-09-08,1373.22,1331.65,1381.99,1303.28,75903,65.8568,11.4602,0.17401695800585512
166,2020-09-09,1310.18,1271.37,1318.02,1261.88,66542,65.7459,11.4409,0.1740169348963205
167,2020-09-10,1295.94,1353.4,1378.07,1295.94,89564,64.3154,11.192,0.17401742040009083
168,2020-09-11,1354.56,1461.81,1475.23,1354.45,88189,63.1594,10.9908,0.1740168525983464
169,2020-09-14,1461.81,1417.38,1487.2,1398.22,89368,61.7658,10.7483,0.174017012651014
170,2020-09-15,1417.38,1396.4,1417.38,1352.35,56371,63.74,11.0919,0.17401788515845623
171,2020-09-16,1414.34,1423.39,1439.46,1385.36,49680,62.4467,10.8668,0.17401720186975453
172,2020-09-17,1409.1,1367.7,1409.1,1356.66,53165,61.9611,10.7823,0.17401724630453622
173,2020-09-18,1364.94,1363.78,1378.74,1312.94,60329,61.7658,10.7483,0.174017012651014
174,2020-09-21,1367.42,1334.58,1377.47,1329.06,40895,62.5101,10.8778,0.174016678904689
175,2020-09-22,1321.66,1311.94,1347.93,1302.45,40010,62.9482,10.9541,0.17401768438176152
176,2020-09-23,1312.5,1319.67,1334.58,1295.88,41320,63.8297,11.1075,0.17401773782424168
177,2020-09-24,1317.19,1290.42,1318.02,1286.61,37256,65.5875,11.4134,0.17401791499904704
178,2020-09-25,1295.99,1278.88,1309.57,1268.67,34726,65.9359,11.474,0.1740174927467434
179,2020-09-28,1294.56,1289.64,1305.76,1282.58,26622,65.4345,11.3867,0.1740167648564595
180,2020-09-29,1302.01,1316.58,1322.32,1290.86,32537,68.4961,11.9195,0.17401720681907437
181,2020-09-30,1317.46,1358.42,1370.46,1315.31,45935,68.7811,11.9691,0.17401728091001745
182,2020-10-09,1378.68,1371.01,1385.8,1356.66,36865,66.9336,11.6476,0.17401723499109567
183,2020-10-12,1371.01,1404.46,1405.23,1353.12,63749,67.5407,11.7533,0.1740180365320466
184,2020-10-13,1402.8,1393.36,1402.8,1380.83,35351,65.3394,11.3702,0.1740175147001656
185,2020-10-14,1390.88,1399.71,1427.2,1380.94,40198,63.3969,11.0322,0.17401797248761375
186,2020-10-15,1392.54,1379.29,1403.58,1375.7,27497,64.9805,11.3077,0.1740168204307446
187,2020-10-16,1382.82,1377.74,1391.98,1356.66,25928,64.0039,11.1378,0.1740175208073258
188,2020-10-19,1384.26,1351.14,1389.78,1340.1,30560,65.9834,11.4823,0.17401801059054248
189,2020-10-20,1345.62,1370.46,1370.46,1337.34,23913,66.4796,11.5686,0.17401729252281903
190,2020-10-21,1367.7,1357.32,1376.36,1356.66,21106,67.6621,11.7744,0.17401765537871275
191,2020-10-22,1356.66,1347.22,1364.33,1332.26,21445,66.7172,11.61,0.1740180942845323
192,2020-10-23,1347.27,1317.35,1358.59,1312.5,29557,65.9782,11.4814,0.17401808476133027
193,2020-10-26,1229.7,1253.38,1274.41,1187.14,73621,67.1078,11.6779,0.17401702931700935
194,2020-10-27,1253.38,1302.34,1308.41,1244.05,41218,67.6515,11.7725,0.1740168362859656
195,2020-10-28,1302.06,1304.77,1313.99,1281.53,33162,67.2609,11.7046,0.17401789152390168
196,2020-10-29,1286.55,1315.26,1324.75,1284.9,32646,67.0867,11.6743,0.17401809896745557
197,2020-10-30,1322.87,1281.03,1323.15,1269.88,43495,68.6703,11.9498,0.17401700589628996
198,2020-11-02,1281.58,1274.96,1300.79,1270.54,26283,69.4885,12.0922,0.17401728343538858
199,2020-11-03,1278.27,1282.69,1289.7,1271.15,19220,68.5278,11.925,0.1740169682960784
200,2020-11-04,1286.77,1278.77,1293.18,1262.82,24202,69.9108,12.1657,0.17401746225189813
201,2020-11-05,1284.9,1286.17,1297.32,1279.38,27503,70.8873,12.3356,0.17401706652672622
202,2020-11-06,1293.4,1263.59,1295.88,1248.35,39794,71.6686,12.4716,0.1740176311522759
203,2020-11-09,1268.34,1292.18,1304.22,1263.59,39614,65.1547,11.3381,0.17401814450837774
204,2020-11-10,1300.9,1292.29,1303.28,1280.04,24698,63.0327,10.9688,0.1740176130801949
205,2020-11-11,1292.29,1267.67,1292.29,1263.81,26139,67.9841,11.8304,0.1740171598947401
206,2020-11-12,1267.67,1257.85,1281.25,1252.33,24209,67.604,11.7643,0.17401780959706528
207,2020-11-13,1257.85,1244.6,1260.0,1225.28,31412,68.4116,11.9048,0.17401727192464433
208,2020-11-16,1250.51,1232.4,1253.38,1224.84,23073,66.506,11.5732,0.17401738189035576
209,2020-11-17,1229.14,1202.92,1232.4,1202.76,34060,65.1283,11.8548,0.1820222545345111
210,2020-11-18,1216.23,1219.43,1248.91,1209.0,34565,62.7371,11.4195,0.1820214833009495
211,2020-11-19,1212.47,1222.41,1227.43,1196.58,20662,61.032,11.1092,0.1820225455498755
212,2020-11-20,1223.07,1227.82,1240.57,1218.66,17718,60.52,11.016,0.18202247191011234
213,2020-11-23,1227.76,1221.31,1232.46,1213.14,23696,61.3224,11.162,0.18202157775951366
214,2020-11-24,1221.31,1208.28,1229.7,1207.62,21127,60.52,11.016,0.18202247191011234
215,2020-11-25,1208.39,1186.81,1213.91,1186.64,27088,60.2297,10.9632,0.18202315468946384
216,2020-11-26,1187.3,1176.59,1200.27,1164.23,26122,58.0126,10.5596,0.18202252614087283
217,2020-11-27,1176.15,1191.77,1204.3,1159.59,24995,58.0918,10.574,0.18202224754612528
218,2020-11-30,1191.88,1169.09,1198.56,1163.62,27456,57.3475,10.4385,0.1820218841274685
219,2020-12-01,1180.57,1230.8,1234.11,1175.05,51038,57.5376,10.4731,0.18202184310781125
