,日期,开盘,收盘,最高,最低,成交量,pe,pb,roe
0,2020-01-03,74.09,76.37,76.64,73.73,768650,259.7622,2.0028,0.0077101287254265636
1,2020-01-06,79.65,81.84,82.57,78.56,1539260,258.4065,1.9924,0.007710332363930474
2,2020-01-07,79.38,79.29,79.65,78.37,729417,258.6776,1.9945,0.007710369974052643
3,2020-01-08,82.84,82.93,83.93,79.56,1637008,257.593,1.9861,0.007710225044935227
4,2020-01-09,78.19,77.28,78.74,76.92,1075776,257.593,1.9861,0.007710225044935227
5,2020-01-10,76.55,76.01,76.55,75.46,525145,259.7622,2.0028,0.0077101287254265636
6,2020-01-13,76.01,75.73,76.01,74.82,321551,267.0833,2.0593,0.007710328575392021
7,2020-01-14,74.64,75.73,76.19,74.37,306930,260.5757,2.0091,0.007710235451732454
8,2020-01-15,75.73,75.37,76.01,74.91,215273,255.4238,1.9694,0.007710323000440836
9,2020-01-16,75.46,74.46,75.91,74.46,265158,258.4065,1.9924,0.007710332363930474
10,2020-01-17,74.37,74.91,75.0,74.09,233556,257.0507,1.9819,0.007710152121740964
11,2020-01-20,74.82,74.27,74.82,73.55,255128,261.3891,2.0154,0.00771034446348375
12,2020-01-21,74.46,72.91,75.19,72.09,463833,255.695,1.9715,0.007710358043763078
13,2020-01-22,71.81,70.99,71.91,69.81,390475,255.9661,1.9736,0.007710396025098635
14,2020-01-23,70.9,70.08,71.81,69.45,328856,257.8642,1.9882,0.007710259896488152
15,2020-02-03,64.52,64.98,69.54,63.07,746597,260.8468,2.0112,0.007710272849810695
16,2020-02-04,64.52,65.71,65.89,63.8,367499,271.1505,2.0906,0.007710109330427197
17,2020-02-05,64.8,66.8,68.17,64.52,488687,269.7948,2.0802,0.007710304275693971
18,2020-02-06,66.35,67.26,67.44,65.98,358425,265.7275,2.0488,0.007710154199320732
19,2020-02-07,67.35,67.62,68.9,67.17,365881,261.118,2.0133,0.007710307217426605
20,2020-02-10,67.44,68.9,69.63,66.53,385257,264.9141,2.0425,0.00771004638862182
21,2020-02-11,68.17,68.08,69.35,67.8,303552,256.2373,1.9756,0.007710040653722155
22,2020-02-12,67.71,68.26,68.26,66.98,286231,252.17,2.0239,0.008025934885196494
23,2020-02-13,68.08,69.9,70.45,67.9,602348,256.5084,2.0587,0.008025858022583276
24,2020-02-14,69.26,69.08,69.81,68.81,355484,262.7449,2.1087,0.008025655302919295
25,2020-02-17,69.45,70.17,70.36,69.08,441643,265.4564,2.1305,0.008025800093725374
26,2020-02-18,70.27,71.81,72.18,70.08,577446,262.4737,2.1066,0.00802594698059272
27,2020-02-19,73.64,72.82,74.27,72.36,691090,267.8967,2.1501,0.008025854741771735
28,2020-02-20,72.91,72.82,73.09,71.91,461377,270.3371,2.1697,0.008025905434363245
29,2020-02-21,73.64,76.19,76.83,73.36,911554,273.5909,2.1958,0.008025851737027804
30,2020-02-24,79.19,77.55,79.83,77.28,1069452,271.4217,2.1784,0.008025887392201876
31,2020-02-25,76.19,76.37,79.01,74.64,1094315,274.6755,2.2045,0.008025834120625975
32,2020-02-26,75.55,73.64,76.01,73.36,709858,273.5909,2.1958,0.008025851737027804
33,2020-02-27,73.45,74.27,74.64,72.91,486734,275.4889,2.211,0.008025731708246683
34,2020-02-28,72.63,70.08,73.27,69.35,640847,275.7601,2.2132,0.008025816642799301
35,2020-03-02,69.08,71.18,71.27,68.72,449371,280.912,2.2545,0.008025645041863646
36,2020-03-03,71.09,71.45,72.63,70.81,475339,281.7254,2.2611,0.008025900398047176
37,2020-03-04,73.36,73.18,74.37,72.63,624282,276.5735,2.2197,0.00802571468343858
38,2020-03-05,72.54,73.55,73.64,72.45,435286,272.5063,2.1871,0.008025869493659412
39,2020-03-06,74.82,74.46,75.37,74.27,571183,271.964,2.1827,0.008025694577223456
40,2020-03-09,76.19,71.18,76.19,70.9,790856,272.5063,2.1871,0.008025869493659412
41,2020-03-10,69.26,70.9,71.09,68.26,530579,271.6928,2.1805,0.008025608334118535
42,2020-03-11,70.54,71.45,71.72,70.27,363880,267.8967,2.1501,0.008025854741771735
43,2020-03-12,69.9,68.9,70.17,68.26,411284,275.4889,2.211,0.008025731708246683
44,2020-03-13,64.07,66.62,66.89,63.16,515555,279.2851,2.2415,0.008025848854808223
45,2020-03-16,66.53,66.07,67.9,65.44,394819,293.3849,2.3546,0.008025634584465662
46,2020-03-17,65.16,64.71,66.44,63.25,372158,292.8426,2.3503,0.00802581318428398
47,2020-03-18,65.34,64.34,65.98,64.16,284121,287.4196,2.3068,0.008025896633354162
48,2020-03-19,63.89,63.52,64.16,61.52,342964,299.3502,2.4025,0.00802571703643425
49,2020-03-20,63.61,66.26,67.17,62.88,314623,303.1463,2.433,0.008025827793378971
50,2020-03-23,64.43,64.62,66.53,63.98,289239,290.6734,2.3329,0.00802584619026027
51,2020-03-24,69.08,70.54,70.54,67.8,1009177,288.5042,2.3155,0.008025879692566
52,2020-03-25,72.73,72.18,73.73,71.36,717472,286.8773,2.3024,0.008025730861242768
53,2020-03-26,71.36,71.91,72.82,70.17,429420,286.8773,2.3024,0.008025730861242768
54,2020-03-27,72.0,72.36,73.36,71.45,522590,292.8426,2.3503,0.00802581318428398
55,2020-03-30,71.91,70.36,72.09,69.99,358399,296.0964,2.3764,0.008025764582075295
56,2020-03-31,70.36,69.72,70.81,69.45,215307,295.5541,2.372,0.008025603434362778
57,2020-04-01,68.44,69.35,69.45,67.35,337742,295.2829,2.3699,0.008025862655778577
58,2020-04-02,68.26,68.26,68.44,67.44,248986,302.0617,2.4243,0.008025843726629362
59,2020-04-03,68.81,67.99,69.9,67.71,360667,307.7559,2.47,0.008025841259257744
60,2020-04-07,70.27,73.18,73.64,69.63,802605,295.5541,2.372,0.008025603434362778
61,2020-04-08,72.18,73.0,73.45,71.63,360431,291.758,2.0575,0.007052077406617814
62,2020-04-09,72.82,73.0,73.09,72.09,253923,292.0291,2.0594,0.007052036937414799
63,2020-04-10,75.46,72.63,75.82,72.63,553654,284.7081,2.0078,0.007052135151757186
64,2020-04-13,72.45,73.18,73.36,71.72,268481,289.0465,2.0383,0.007051806543237853
65,2020-04-14,75.19,75.55,76.73,73.91,745665,294.4695,2.0766,0.00705200368798806
66,2020-04-15,75.09,78.19,79.56,74.64,1139196,288.7753,2.0364,0.00705184965611671
67,2020-04-16,77.1,78.01,78.37,76.37,516374,294.1983,2.0747,0.007052046187894355
68,2020-04-17,77.28,75.0,77.28,74.46,538420,302.3329,2.132,0.0070518292914863055
69,2020-04-20,74.0,75.19,75.46,73.45,287914,310.4674,2.1894,0.007051948127242989
70,2020-04-21,74.91,74.37,75.46,73.55,276713,288.7753,2.0364,0.00705184965611671
71,2020-04-22,74.09,74.09,74.91,73.64,229333,276.5735,1.9504,0.007052013298454117
72,2020-04-23,75.28,75.82,76.73,74.91,485812,274.9466,1.9389,0.007051914808184572
73,2020-04-24,75.46,76.01,76.83,74.55,335341,275.2178,1.9408,0.007051869464838393
74,2020-04-27,74.73,74.46,75.82,74.37,253164,299.6213,2.1129,0.007051901850769621
75,2020-04-28,73.55,71.54,73.64,70.27,313413,307.4847,2.1684,0.007052058199968975
76,2020-04-29,72.0,72.18,72.91,71.91,172606,297.3559,2.2846,0.007683049167680884
77,2020-04-30,72.54,72.73,72.82,71.36,298301,309.5618,2.3783,0.007682795487040067
78,2020-05-06,72.27,73.09,73.36,72.18,233624,300.9917,2.3125,0.007682936107540507
79,2020-05-07,72.36,72.09,73.0,71.91,250156,287.4873,2.2087,0.007682774160806407
80,2020-05-08,73.45,73.09,74.0,72.73,310794,291.6425,2.2407,0.007683036594460684
81,2020-05-11,72.27,72.27,72.91,71.81,224414,294.4992,2.2626,0.007682873162304007
82,2020-05-12,71.91,70.99,72.0,70.72,244229,283.5919,2.1788,0.007682871055202916
83,2020-05-13,71.09,71.36,71.72,71.09,153821,293.4604,2.2546,0.007682808310763564
84,2020-05-14,71.91,72.0,72.09,70.9,219940,291.6425,2.2407,0.007683036594460684
85,2020-05-15,72.63,73.0,73.73,72.27,387915,306.1857,2.3524,0.007682919221897038
86,2020-05-18,74.55,79.83,80.65,74.09,1242922,283.8516,2.1808,0.0076828878188461855
87,2020-05-19,78.01,76.55,78.19,76.19,796053,285.6695,2.1948,0.007683004310925737
88,2020-05-20,77.65,80.01,81.56,77.1,1030760,282.8128,2.1728,0.007682820579549441
89,2020-05-21,79.29,79.74,82.75,78.74,826184,271.1263,2.083,0.007682766297478334
90,2020-05-22,78.47,80.38,81.2,76.92,783751,261.7771,2.0112,0.007682872184006928
91,2020-05-25,79.1,77.46,79.47,77.1,489006,248.5324,1.9095,0.007683102887188954
92,2020-05-26,78.37,80.2,81.84,78.37,622881,250.8697,1.9274,0.0076828728220267335
93,2020-05-27,79.38,79.01,80.29,78.28,564153,262.2965,2.0075,0.0076535523729824835
94,2020-05-28,79.74,81.66,82.57,78.74,897242,265.4129,2.0313,0.007653358220342719
95,2020-05-29,80.65,80.74,81.29,79.92,577530,275.0218,2.1049,0.0076535750984103815
96,2020-06-01,80.83,82.48,83.48,80.11,769478,270.0875,2.0671,0.007653445642615819
97,2020-06-02,81.84,80.2,82.11,79.47,730193,286.9679,2.1963,0.007653469255620576
98,2020-06-03,78.74,79.01,79.47,78.37,476643,268.5293,2.0552,0.007653540972996244
99,2020-06-04,77.74,77.37,78.19,77.1,560250,260.4786,1.9936,0.007653603789332407
100,2020-06-05,78.01,76.46,78.01,76.01,438019,252.9473,1.9359,0.007653372856717584
101,2020-06-08,75.64,76.92,77.1,75.37,417212,243.8578,1.8664,0.0076536407693336035
102,2020-06-09,76.46,75.82,76.92,75.55,389768,239.4429,1.8326,0.007653599250593774
103,2020-06-10,76.73,76.46,77.1,76.19,340361,242.819,1.8584,0.007653437333981279
104,2020-06-11,77.28,77.19,77.65,76.37,411093,237.3653,1.8167,0.007653603959803729
105,2020-06-12,75.46,75.46,75.82,74.82,369489,237.1056,1.8147,0.0076535518351316875
106,2020-06-15,75.37,74.27,76.28,74.18,342949,232.6908,1.7809,0.007653504135101173
107,2020-06-16,74.91,75.0,75.28,74.37,262974,228.0162,1.7451,0.007653403573956588
108,2020-06-17,75.0,76.01,76.01,74.09,365951,229.8341,1.759,0.007653346479047278
109,2020-06-18,75.55,75.09,75.64,74.73,277622,226.9774,1.7372,0.007653625427024894
110,2020-06-19,75.0,75.82,76.01,74.73,280885,224.8998,1.7213,0.00765363063906682
111,2020-06-22,77.19,76.83,78.1,76.46,556989,227.4968,1.7411,0.0076532944639221305
112,2020-06-23,77.28,76.19,77.65,76.01,320692,224.6401,1.7193,0.007653575652788617
113,2020-06-24,77.74,77.83,78.47,77.28,563206,222.5625,1.7034,0.007653580454928391
114,2020-06-29,79.01,79.38,80.11,78.19,659310,225.9386,1.7292,0.007653406722003235
115,2020-06-30,78.47,79.47,79.65,77.92,417140,230.8729,1.767,0.007653561764936465
116,2020-07-01,80.93,81.38,82.2,79.65,770380,228.7953,1.7511,0.007653566310147106
117,2020-07-02,79.74,80.2,80.56,79.19,618453,226.9774,1.7372,0.007653625427024894
118,2020-07-03,80.01,81.75,82.02,79.74,667268,230.0938,1.761,0.00765340048275964
119,2020-07-06,81.75,84.94,85.21,80.83,1008983,228.7953,1.7511,0.007653566310147106
120,2020-07-07,86.12,87.58,89.76,86.03,1032796,231.3923,1.7709,0.007653236516513297
121,2020-07-08,89.49,90.4,91.22,87.76,857659,236.0668,1.8067,0.007653342189583626
122,2020-07-09,93.68,96.87,97.87,92.41,1351963,239.4429,1.8326,0.007653599250593774
123,2020-07-10,94.41,90.95,94.41,90.31,1094907,245.9354,1.8823,0.007653635873485477
124,2020-07-13,91.68,92.68,93.23,90.49,742510,226.3556,1.8445,0.008148682868901852
125,2020-07-14,90.04,89.31,90.49,87.76,906233,228.7948,1.8644,0.008148786598296815
126,2020-07-15,90.22,88.22,90.58,87.85,560410,221.7212,1.8067,0.008148521656927709
127,2020-07-16,87.57,84.38,89.21,84.29,616153,224.8921,1.8326,0.008148796689612485
128,2020-07-17,83.84,83.56,84.84,82.47,427417,217.5746,1.7729,0.008148469536425666
129,2020-07-20,84.38,88.21,88.66,84.11,590924,225.38,1.8365,0.00814846037802822
130,2020-07-21,89.76,91.49,91.49,89.03,741725,223.6725,1.8226,0.008148520716672814
131,2020-07-22,97.5,95.59,98.14,94.95,1377179,224.4043,1.8286,0.00814868520790377
132,2020-07-23,98.41,96.59,99.33,94.77,1058416,215.1354,1.7531,0.008148821625822622
133,2020-07-24,98.23,95.95,100.69,94.68,1294718,223.9164,1.8246,0.008148576879585416
134,2020-07-27,98.96,103.79,104.79,98.51,1673571,205.6226,1.6755,0.008148423373695304
135,2020-07-28,108.89,98.69,109.8,97.69,1739113,202.9395,1.6537,0.008148733982295216
136,2020-07-29,99.23,99.33,99.69,96.96,846172,201.2321,1.6398,0.008148799321778186
137,2020-07-30,98.87,95.86,99.23,95.86,757958,148.8631,1.8371,0.01234086889229097
138,2020-07-31,96.23,99.69,100.51,95.68,948834,151.4016,1.8685,0.012341349100670007
139,2020-08-03,98.23,98.69,99.78,97.23,664343,153.0334,1.8886,0.012341096780180014
140,2020-08-04,98.32,97.23,99.6,96.96,544690,151.0389,1.864,0.012341191573826345
141,2020-08-05,100.87,101.97,102.06,99.23,917428,153.0334,1.8886,0.012341096780180014
142,2020-08-06,101.69,104.98,106.89,100.87,1295688,152.3082,1.8797,0.012341423508386285
143,2020-08-07,106.8,100.69,107.89,99.6,1169848,146.8884,2.1023,0.014312226152643777
144,2020-08-10,98.87,99.69,100.6,96.96,589797,145.6555,2.0847,0.014312538833068442
145,2020-08-11,97.87,97.05,98.96,95.23,656500,151.2915,2.1654,0.014312767075480114
146,2020-08-12,88.57,88.85,90.67,87.02,1406637,154.2856,2.2082,0.014312418009198528
147,2020-08-13,89.21,88.76,89.58,87.94,425918,153.9334,2.2032,0.014312683277313434
148,2020-08-14,89.48,89.3,90.4,88.57,375397,150.587,2.1553,0.014312656471010115
149,2020-08-17,89.48,93.4,93.59,88.85,606906,151.1154,2.1628,0.014312240843752523
150,2020-08-18,95.59,100.69,100.97,94.77,1024281,152.7005,2.1855,0.014312330346004107
151,2020-08-19,99.6,97.96,100.6,97.78,649867,152.3483,2.1805,0.01431259817142692
152,2020-08-20,94.04,95.23,97.41,93.68,484334,158.1604,2.2637,0.014312685096901626
153,2020-08-21,96.32,93.4,96.5,93.13,373096,158.5126,2.2687,0.014312426898555698
154,2020-08-24,92.95,95.32,96.23,92.58,338098,153.405,2.1956,0.014312440924350576
155,2020-08-25,94.95,93.49,95.95,92.77,321102,148.8258,2.1301,0.014312706533410203
156,2020-08-26,92.95,92.04,94.68,90.85,367569,147.769,2.1149,0.014312203506824842
157,2020-08-27,93.86,94.5,94.59,92.77,308936,148.4735,2.125,0.014312318359841992
158,2020-08-28,93.4,94.41,94.68,91.95,423015,148.4735,2.125,0.014312318359841992
159,2020-08-31,95.59,95.68,98.87,95.04,638174,148.8258,2.1301,0.014312706533410203
160,2020-09-01,95.68,99.78,100.87,95.68,847811,138.7866,1.9864,0.014312620959083946
161,2020-09-02,97.78,97.87,98.41,96.5,584437,139.315,1.9939,0.014312170261637298
162,2020-09-03,96.41,95.59,97.5,95.41,423688,141.4285,2.0242,0.01431253248107701
163,2020-09-04,95.32,95.68,97.14,94.68,343464,142.133,2.0343,0.014312650827042276
164,2020-09-07,95.23,95.86,98.87,95.23,579302,143.3659,2.0519,0.014312329500948271
165,2020-09-08,95.68,94.77,95.77,91.67,480270,147.2406,2.1074,0.014312628446230186
166,2020-09-09,93.04,92.77,94.77,92.04,288785,146.36,2.0948,0.014312653730527466
167,2020-09-10,94.5,92.77,95.23,92.49,357592,146.8884,2.1023,0.014312226152643777
168,2020-09-11,92.77,93.31,93.4,90.94,260787,143.7181,2.057,0.014312741401396207
169,2020-09-14,93.31,94.04,94.95,92.86,296826,132.27,1.8931,0.014312391320783246
170,2020-09-15,94.77,98.23,98.96,94.31,644291,135.4402,1.9385,0.014312589615195487
171,2020-09-16,96.68,96.96,97.59,95.86,331100,130.1565,1.8629,0.014312769627333249
172,2020-09-17,95.59,92.95,95.95,92.04,533248,131.7416,1.8855,0.01431210794464315
173,2020-09-18,93.49,94.77,94.95,93.04,379461,132.4461,1.8956,0.014312237204417495
174,2020-09-21,94.59,94.95,95.95,94.22,240272,135.088,1.9334,0.014312152078645031
175,2020-09-22,91.58,90.21,92.22,89.67,547604,136.1448,1.9486,0.014312702358077576
176,2020-09-23,89.48,88.94,90.58,88.3,322041,140.5479,2.0116,0.014312558209692213
177,2020-09-24,87.48,86.39,88.21,85.93,412462,145.4794,2.0822,0.014312679320921036
178,2020-09-25,87.12,87.66,87.75,86.57,227511,144.4226,2.067,0.014312164439637566
179,2020-09-28,87.39,87.94,88.94,86.11,213541,144.951,2.0746,0.014312422818745648
180,2020-09-29,89.12,87.75,89.85,87.12,264021,151.2915,2.1654,0.014312767075480114
181,2020-09-30,89.03,87.94,89.12,87.02,214692,149.5303,2.1401,0.014312149443958849
182,2020-10-09,88.57,89.3,89.94,87.94,281492,148.8258,2.1301,0.014312706533410203
183,2020-10-12,90.03,91.03,91.22,90.03,392834,145.4794,2.0822,0.014312679320921036
184,2020-10-13,90.31,90.76,91.22,89.03,291121,144.951,2.0746,0.014312422818745648
185,2020-10-14,88.57,89.03,89.76,88.3,210222,142.8375,2.0444,0.01431276800560077
186,2020-10-15,88.94,88.94,89.58,88.76,155093,150.9393,2.1603,0.014312375902101042
187,2020-10-16,90.21,88.3,90.31,87.94,212268,149.7064,2.1427,0.014312681354972132
188,2020-10-19,87.57,88.66,89.12,87.21,303663,154.9901,2.2183,0.014312527058179845
189,2020-10-20,87.75,87.57,87.84,86.84,187012,157.2798,2.2511,0.014312708942915748
190,2020-10-21,88.21,88.3,89.48,87.66,310769,154.6379,2.2132,0.014312144694153244
191,2020-10-22,87.94,87.21,88.12,86.39,190494,148.1213,2.12,0.014312593799811372
192,2020-10-23,86.48,86.39,87.02,86.2,181216,148.1213,2.12,0.014312593799811372
193,2020-10-26,86.3,84.56,86.3,84.47,198192,146.1839,2.0923,0.01431279367974175
194,2020-10-27,84.84,85.57,85.57,84.75,157510,143.0136,2.0469,0.014312624813304468
195,2020-10-28,84.84,84.66,85.2,83.47,208105,140.9001,2.0166,0.014312268053748719
196,2020-10-29,82.2,82.56,82.92,81.83,231191,142.4853,2.0393,0.014312353625251167
197,2020-10-30,82.01,81.1,83.11,80.65,243855,139.315,1.9939,0.014312170261637298
198,2020-11-02,81.28,82.47,82.83,81.28,261730,138.9628,1.9889,0.014312463479434785
199,2020-11-03,82.65,85.38,86.11,82.38,384374,140.5479,2.0116,0.014312558209692213
200,2020-11-04,85.2,84.11,85.29,83.38,263374,138.0821,1.9763,0.014312499592633659
201,2020-11-05,84.38,85.66,85.84,83.84,303322,137.3776,1.9662,0.01431237698140017
202,2020-11-06,87.48,87.02,89.12,86.2,476175,136.497,1.9536,0.014312402470383963
203,2020-11-09,87.48,87.48,88.39,86.48,452667,134.3835,1.9234,0.014312769052748291
204,2020-11-10,83.29,84.02,84.11,82.65,435659,132.9745,1.9032,0.014312518565589643
205,2020-11-11,83.2,83.02,83.84,82.65,262605,142.8375,2.0444,0.01431276800560077
206,2020-11-12,82.38,82.38,82.92,81.92,174516,144.5988,2.0696,0.014312705223003232
207,2020-11-13,82.65,82.29,83.02,81.92,197220,148.2974,2.1225,0.014312455916287136
208,2020-11-16,82.83,84.2,85.48,82.74,452702,150.9393,2.1603,0.014312375902101042
209,2020-11-17,83.38,82.74,84.47,82.29,361572,152.1721,2.178,0.014312741954668431
210,2020-11-18,82.29,83.2,83.84,81.74,279536,151.2915,2.1654,0.014312767075480114
211,2020-11-19,82.74,82.2,82.83,81.92,270078,153.0528,2.1906,0.014312707771435739
212,2020-11-20,82.01,83.93,84.11,81.92,329255,153.7573,2.2006,0.014312165991468374
213,2020-11-23,84.75,86.11,87.39,84.11,557793,153.7573,2.2006,0.014312165991468374
214,2020-11-24,83.84,83.65,84.66,83.11,462733,154.2856,2.2082,0.014312418009198528
215,2020-11-25,83.11,82.92,84.11,82.56,362235,156.7514,2.2435,0.014312471850331163
216,2020-11-26,83.2,82.92,83.38,82.1,217537,167.6712,2.3998,0.014312535486118069
217,2020-11-27,83.11,83.29,83.29,82.29,206673,160.6261,2.299,0.01431274244970151
218,2020-11-30,82.01,83.2,83.38,81.56,367664,165.5577,2.3695,0.014312230720769857
219,2020-12-01,82.83,83.65,83.65,82.29,316846,154.9901,2.2183,0.014312527058179845
