,日期,开盘,收盘,最高,最低,成交量,pe,pb,roe
0,2020-01-03,467.32,468.7,473.22,465.35,109558,24.944,3.4061,0.1365498717126363
1,2020-01-06,466.93,468.3,476.76,464.76,143959,25.1036,3.4279,0.13655013623544035
2,2020-01-07,468.3,471.84,473.02,466.93,87767,25.5399,3.4875,0.136551043661095
3,2020-01-08,472.43,461.23,472.43,458.87,116486,24.6141,3.3611,0.13655181379778256
4,2020-01-09,465.35,465.75,469.29,462.01,99091,26.4232,3.6081,0.1365504556601774
5,2020-01-10,467.91,456.71,467.91,450.81,226882,27.349,3.7345,0.13654978244177118
6,2020-01-13,455.13,458.67,459.46,451.99,141940,25.7421,3.5151,0.13655063106739543
7,2020-01-14,459.85,456.12,461.82,454.94,134809,25.4867,3.4802,0.13654965138680175
8,2020-01-15,455.33,449.63,456.12,447.07,149000,25.009,3.4148,0.13654284457595267
9,2020-01-16,448.25,433.12,449.43,428.79,369472,25.0515,3.4206,0.13654272199269504
10,2020-01-17,431.15,398.52,431.15,393.41,1129574,25.4772,3.4787,0.13654169217967438
11,2020-01-20,401.87,414.05,415.43,400.49,565669,25.3921,3.4671,0.13654246793293978
12,2020-01-21,414.05,406.58,416.61,405.99,282845,25.1154,3.4293,0.13654172340476362
13,2020-01-22,409.14,407.76,411.89,401.28,260448,24.86,3.3944,0.13654062751407886
14,2020-01-23,405.01,394.0,409.92,390.86,253391,24.3492,3.3247,0.1365424736746998
15,2020-02-03,358.23,360.19,363.14,358.23,384091,24.2214,3.3073,0.13654454325513804
16,2020-02-04,359.8,375.92,377.1,359.61,275357,24.6365,3.3639,0.13654131065695208
17,2020-02-05,380.05,375.72,386.53,372.38,356628,23.7851,3.2477,0.13654346628771794
18,2020-02-06,377.69,380.44,383.39,373.17,253335,23.5404,3.2143,0.1365439839594909
19,2020-02-07,378.67,381.82,383.98,374.74,188597,23.2211,3.1707,0.13654391910805258
20,2020-02-10,381.42,403.44,404.22,381.23,400705,23.4446,3.2012,0.13654316985574502
21,2020-02-11,405.4,403.24,406.19,399.7,216016,23.4126,3.1968,0.1365418620742677
22,2020-02-12,405.6,410.32,411.5,401.67,204969,22.093,3.1343,0.14186846512470014
23,2020-02-13,410.51,407.76,413.66,407.17,196860,22.5826,3.2037,0.14186586132686227
24,2020-02-14,408.94,415.04,422.7,408.94,234954,22.6996,3.2203,0.1418659359636293
25,2020-02-17,415.04,417.98,421.72,410.71,318545,21.8163,3.095,0.14186640264389472
26,2020-02-18,414.25,417.0,418.38,408.35,259031,21.8376,3.098,0.1418654064549218
27,2020-02-19,418.38,417.0,422.11,415.23,227880,21.5928,3.0633,0.14186673335556296
28,2020-02-20,418.77,423.09,426.04,414.25,285373,21.9121,3.1086,0.14186682244056936
29,2020-02-21,422.5,433.9,441.57,422.11,356176,21.2629,3.0165,0.14186681967182277
30,2020-02-24,431.94,432.53,437.25,426.44,271372,21.9653,3.1162,0.14186922099857505
31,2020-02-25,425.45,416.41,425.45,404.81,351367,21.976,3.1177,0.14186840189297417
32,2020-02-26,410.71,410.91,419.75,407.57,228935,21.9228,3.1101,0.14186600251792655
33,2020-02-27,415.04,435.48,441.77,411.69,510700,22.2952,3.163,0.14186910186946067
34,2020-02-28,423.68,426.63,440.78,417.39,456200,22.4549,3.1856,0.14186658591220624
35,2020-03-02,430.37,454.94,461.03,430.37,413791,22.1782,3.1463,0.1418645336411431
36,2020-03-03,466.73,449.24,470.27,443.14,362219,22.242,3.1554,0.14186673860264365
37,2020-03-04,444.32,447.27,454.74,440.19,181943,21.3906,3.0346,0.14186605331313756
38,2020-03-05,468.3,461.42,476.17,458.08,453022,20.9862,2.9773,0.14186941895150146
39,2020-03-06,465.35,456.31,477.15,453.17,448202,20.8798,2.9622,0.14186917499209764
40,2020-03-09,456.51,461.03,474.2,446.68,465557,21.0927,2.9924,0.1418689878488766
41,2020-03-10,449.83,466.93,469.29,441.57,382621,20.933,2.9697,0.1418669087087374
42,2020-03-11,473.02,457.3,475.77,455.53,316199,20.5712,2.9184,0.14186824298047757
43,2020-03-12,457.69,462.01,480.29,457.49,489213,21.082,2.9908,0.1418650981880277
44,2020-03-13,440.78,475.77,483.04,436.46,748854,21.0927,2.9924,0.1418689878488766
45,2020-03-16,482.26,447.66,482.26,441.77,556175,21.4758,3.0467,0.14186665921642033
46,2020-03-17,452.38,455.53,459.26,427.22,455574,21.7418,3.0844,0.14186497898058117
47,2020-03-18,459.65,441.37,467.32,439.8,429133,21.529,3.0543,0.14186910678619535
48,2020-03-19,432.33,430.17,444.52,413.86,516109,21.6993,3.0784,0.1418663274852184
49,2020-03-20,434.49,427.22,439.41,421.72,270659,21.5396,3.0558,0.14186892978513993
50,2020-03-23,416.61,429.97,440.0,414.25,302840,21.4651,3.0452,0.14186749654089661
51,2020-03-24,438.03,446.09,447.66,433.9,291530,21.1778,3.0044,0.14186553844119784
52,2020-03-25,457.69,443.93,464.96,437.44,379858,21.4971,3.0497,0.14186564699424575
53,2020-03-26,439.02,429.97,439.41,428.2,266586,21.529,3.0543,0.14186910678619535
54,2020-03-27,435.48,429.97,435.87,427.62,191022,22.2846,3.1614,0.14186478554696966
55,2020-03-30,420.15,430.96,436.66,419.16,183281,22.1888,3.1479,0.1418688707816556
56,2020-03-31,435.67,425.06,435.87,424.27,130337,22.9231,3.252,0.14186562899433322
57,2020-04-01,428.99,416.21,435.28,412.28,213592,23.8703,3.3864,0.14186667113526014
58,2020-04-02,414.25,420.34,421.33,412.28,177331,24.5088,3.477,0.14186741088915
59,2020-04-03,419.95,416.41,422.9,413.46,129003,24.1576,3.4272,0.14186839752293276
60,2020-04-07,424.27,430.76,433.9,423.68,185777,23.8383,3.5368,0.14836628450854297
61,2020-04-08,428.01,431.15,434.89,426.24,98537,24.6258,3.6536,0.14836472317650592
62,2020-04-09,432.53,440.19,447.27,432.53,196015,23.9554,3.5541,0.14836320829541563
63,2020-04-10,440.78,438.03,444.72,434.49,120274,24.3066,3.6062,0.14836299605868364
64,2020-04-13,434.89,432.73,443.54,430.96,108195,24.5301,3.6394,0.14836466219053326
65,2020-04-14,436.07,445.31,449.24,431.74,241259,24.264,3.5999,0.14836383119024069
66,2020-04-15,447.27,443.34,452.38,441.37,227307,23.8277,3.5352,0.14836513805360987
67,2020-04-16,439.8,456.9,462.8,438.03,328893,23.8809,3.5431,0.14836543011360542
68,2020-04-17,456.51,450.81,460.64,447.27,251787,24.1044,3.5762,0.14836295448133952
69,2020-04-20,452.58,461.03,463.0,452.58,240011,23.8596,3.5399,0.14836376133715568
70,2020-04-21,459.06,449.83,459.65,445.31,217312,23.4446,3.4783,0.14836252271311942
71,2020-04-22,445.31,454.15,460.64,442.16,210445,22.54,3.3441,0.14836291038154392
72,2020-04-23,455.13,442.16,456.71,439.8,268205,22.2527,3.3015,0.14836401874828672
73,2020-04-24,439.61,425.26,441.57,424.67,292640,22.4336,3.3283,0.1483622780115541
74,2020-04-27,425.26,421.13,433.32,419.75,191062,22.2314,3.2983,0.1483622264004966
75,2020-04-28,421.33,421.52,425.65,406.58,240603,23.104,3.4278,0.14836391966759002
76,2020-04-29,421.13,420.74,424.86,416.21,107263,23.2743,3.4531,0.14836536437186082
77,2020-04-30,427.62,431.94,435.67,427.62,206936,22.9976,3.412,0.14836330747556267
78,2020-05-06,427.62,430.37,432.53,422.7,370491,23.4765,3.4831,0.148365386663259
79,2020-05-07,430.56,430.17,436.85,427.81,254690,23.1785,3.4389,0.14836594257609423
80,2020-05-08,431.94,429.97,433.9,428.6,256980,23.104,3.4278,0.14836391966759002
81,2020-05-11,431.94,424.86,432.92,423.68,272693,22.6145,3.3552,0.1483649870658206
82,2020-05-12,424.47,425.26,427.22,421.52,215714,22.4974,3.3378,0.14836381092926296
83,2020-05-13,424.08,430.96,432.33,421.72,282243,22.4974,3.3378,0.14836381092926296
84,2020-05-14,429.97,429.78,435.48,424.86,240019,22.1356,3.2841,0.1483628182655993
85,2020-05-15,431.55,427.22,434.89,426.44,159051,22.1143,3.281,0.1483655372315651
86,2020-05-18,428.01,418.97,429.58,418.57,247715,22.2527,3.3015,0.14836401874828672
87,2020-05-19,421.33,421.13,423.29,416.21,180836,23.6681,3.5115,0.14836425399588477
88,2020-05-20,421.72,417.59,423.09,415.43,150151,24.1044,3.5762,0.14836295448133952
89,2020-05-21,418.97,411.69,418.97,410.32,172458,24.4662,3.6299,0.14836386525083584
90,2020-05-22,413.66,405.21,413.66,401.67,141231,24.4236,3.6236,0.14836469644114708
91,2020-05-25,405.21,401.87,405.21,398.33,130061,22.3484,3.3157,0.14836408870433676
92,2020-05-26,402.85,405.4,408.35,401.47,110886,22.5932,3.352,0.14836322433298516
93,2020-05-27,405.01,403.44,407.76,401.47,95030,23.4126,3.4736,0.14836455583745503
94,2020-05-28,403.63,404.42,409.53,400.1,144464,23.8383,3.5368,0.14836628450854297
95,2020-05-29,403.83,400.69,405.8,400.1,134211,23.4339,3.4768,0.14836625572354578
96,2020-06-01,402.46,415.04,416.02,402.46,214631,23.4126,3.4736,0.14836455583745503
97,2020-06-02,416.41,417.79,418.77,414.25,121768,23.6148,3.5036,0.14836458492132054
98,2020-06-03,418.18,417.39,419.36,415.43,130781,23.6468,3.3547,0.14186697565844003
99,2020-06-04,417.79,412.68,418.97,410.32,100721,23.0615,3.2717,0.14186848210220498
100,2020-06-05,416.8,410.32,416.8,408.55,132212,22.8912,3.2475,0.14186674355210735
101,2020-06-08,411.89,414.25,415.62,407.37,184870,22.2952,3.163,0.14186910186946067
102,2020-06-09,414.25,409.92,414.45,409.53,123573,21.8589,3.1011,0.14186898700300565
103,2020-06-10,409.92,411.69,412.28,404.22,176882,21.5609,3.0588,0.14186791831509818
104,2020-06-11,410.32,413.27,416.8,407.76,217671,21.5503,3.0573,0.14186809464369407
105,2020-06-12,408.16,431.94,432.33,405.8,383822,21.6141,3.0664,0.14187035314910174
106,2020-06-15,429.97,428.99,435.08,427.22,183681,22.0611,3.1298,0.14186962572129222
107,2020-06-16,439.41,430.37,446.68,429.97,307159,22.0611,3.1298,0.14186962572129222
108,2020-06-17,434.49,429.97,436.26,428.4,198112,21.529,3.0543,0.14186910678619535
109,2020-06-18,432.33,436.26,439.02,428.79,163476,21.5184,3.0528,0.14186928396163284
110,2020-06-19,437.64,434.3,439.61,433.32,173697,21.6248,3.0679,0.14186952018053345
111,2020-06-22,435.87,434.49,441.77,427.62,282471,21.2842,3.0196,0.1418704954849137
112,2020-06-23,438.62,444.32,448.25,436.07,359013,21.3055,3.0226,0.1418694703245641
113,2020-06-24,445.5,444.32,449.04,440.59,160080,21.231,3.012,0.14186802317366115
114,2020-06-29,444.13,436.07,444.13,429.78,212517,21.3906,3.0347,0.14187072826381683
115,2020-06-30,439.61,434.89,441.77,432.92,159958,20.3796,2.8912,0.14186735755363206
116,2020-07-01,436.07,435.08,437.84,429.78,164692,20.2945,2.8792,0.1418709502574589
117,2020-07-02,435.48,440.59,446.88,434.3,296525,20.1987,2.8656,0.14187051641937354
118,2020-07-03,442.36,448.65,450.61,440.59,305804,20.4329,2.8988,0.14186924029383985
119,2020-07-06,457.3,459.65,463.98,450.81,342226,20.22,2.8686,0.1418694362017804
120,2020-07-07,465.35,462.8,470.86,460.24,470526,20.3477,2.8867,0.14186861414312182
121,2020-07-08,465.35,473.61,473.61,461.23,390375,20.6031,2.9229,0.14186700059699753
122,2020-07-09,474.99,478.72,479.11,469.48,381824,20.6244,2.926,0.14187079381703224
123,2020-07-10,478.92,474.99,478.92,466.73,349499,20.4754,2.9048,0.14186780233841584
124,2020-07-13,472.63,475.38,477.74,469.09,371140,19.6985,2.7946,0.14186867020331498
125,2020-07-14,475.38,482.85,486.39,470.86,414860,19.9007,2.8233,0.14186938147904346
126,2020-07-15,486.78,474.99,489.14,468.7,327260,19.8475,2.8157,0.1418667338455725
127,2020-07-16,475.77,459.85,482.46,457.69,281953,19.954,2.8308,0.14186629247268717
128,2020-07-17,459.06,455.33,462.8,446.29,248919,19.7624,2.8037,0.14187042059668867
129,2020-07-20,460.83,493.66,496.02,458.28,601173,19.9433,2.8293,0.14186719349355423
130,2020-07-21,498.57,494.45,502.11,489.33,319065,20.2945,2.8792,0.1418709502574589
131,2020-07-22,494.64,487.76,497.59,484.42,292462,20.6138,2.9244,0.1418661285158486
132,2020-07-23,482.85,479.7,487.76,473.41,226217,20.8053,2.9516,0.14186769717331643
133,2020-07-24,479.7,453.56,487.57,449.43,336165,20.6883,2.935,0.14186762566281425
134,2020-07-27,457.49,451.01,461.62,446.68,219291,21.1352,2.9984,0.14186759529126766
135,2020-07-28,453.56,451.4,456.71,448.06,201227,21.2736,3.0181,0.14187067539109507
136,2020-07-29,449.24,458.08,458.28,445.5,218204,21.3374,3.0271,0.14186826886124831
137,2020-07-30,455.33,458.08,460.44,452.77,173489,21.0288,2.9833,0.1418673438332192
138,2020-07-31,458.08,460.24,468.11,455.13,216175,21.0075,2.9803,0.14186838034035465
139,2020-08-03,460.83,469.29,470.27,460.44,245426,21.2842,3.0196,0.1418704954849137
140,2020-08-04,468.7,470.66,474.59,464.96,210483,21.2949,3.0211,0.14186964954050033
141,2020-08-05,470.66,476.17,478.92,466.93,217516,21.3055,3.0226,0.1418694703245641
142,2020-08-06,475.58,467.32,479.9,466.14,249330,21.3906,3.0347,0.14187072826381683
143,2020-08-07,469.09,472.43,474.59,462.8,202103,21.6879,3.1897,0.1470727917410169
144,2020-08-10,469.88,469.29,474.0,464.57,152912,21.7323,3.1962,0.14707140983697078
145,2020-08-11,468.11,453.17,471.84,451.6,211945,21.7101,3.193,0.14707440315797715
146,2020-08-12,453.56,456.9,457.3,444.32,165670,21.9433,3.2273,0.14707450565776342
147,2020-08-13,455.13,453.56,463.19,453.56,115092,22.8983,3.3677,0.14707205338387566
148,2020-08-14,453.76,458.87,460.24,450.42,110101,23.5757,3.4674,0.14707516637894102
149,2020-08-17,460.24,475.58,478.33,460.24,208539,23.3314,3.4314,0.14707218598112415
150,2020-08-18,476.76,483.24,487.76,474.79,207799,23.9644,3.5245,0.14707232394718833
151,2020-08-19,482.85,487.76,497.98,478.92,307002,23.3869,3.4396,0.14707378917257097
152,2020-08-20,486.78,483.63,492.48,480.49,164201,23.7312,3.4902,0.14707220873786409
153,2020-08-21,490.12,482.65,490.71,477.15,141752,22.9649,3.3775,0.14707227116164234
154,2020-08-24,486.39,490.71,497.0,483.44,196674,23.076,3.3939,0.14707488299531982
155,2020-08-25,492.68,495.62,505.65,491.1,253154,22.3653,3.2893,0.1470715796345231
156,2020-08-26,492.87,491.5,500.34,482.06,183699,22.6651,3.3334,0.1470719299716304
157,2020-08-27,489.92,485.01,490.51,480.49,105832,22.7872,3.3514,0.1470737958151945
158,2020-08-28,484.62,497.39,498.57,482.26,145795,22.2764,3.2763,0.14707493131744806
159,2020-08-31,496.61,482.85,507.03,480.88,211123,22.2542,3.273,0.14707336143289806
160,2020-09-01,482.85,488.75,491.89,482.46,144292,21.4436,3.1538,0.14707418530470628
161,2020-09-02,491.69,495.23,501.13,484.42,207419,21.6657,3.1864,0.14707117702174405
162,2020-09-03,495.23,483.44,499.36,481.08,211707,21.4325,3.1521,0.1470710369765543
163,2020-09-04,474.99,465.94,476.76,463.19,243870,21.9322,3.2256,0.14707142922278657
164,2020-09-07,464.57,452.38,467.12,451.99,228582,22.2653,3.2746,0.1470719011196795
165,2020-09-08,452.38,454.15,458.47,449.43,171801,22.2098,3.2665,0.14707471476555395
166,2020-09-09,449.63,440.19,453.17,439.61,265157,22.2098,3.2665,0.14707471476555395
167,2020-09-10,443.34,439.61,444.91,435.67,187523,22.9982,3.3824,0.14707237957753216
168,2020-09-11,438.03,433.71,438.43,428.99,185863,23.1204,3.4004,0.14707358004186777
169,2020-09-14,437.64,439.02,440.59,431.74,170791,22.2098,3.2665,0.14707471476555395
170,2020-09-15,439.02,440.39,445.7,435.67,191572,22.0543,3.2436,0.1470733598436586
171,2020-09-16,438.62,443.34,444.32,436.85,124346,22.2209,3.2681,0.14707325085842607
172,2020-09-17,440.98,440.19,444.13,437.25,119129,22.8539,3.3612,0.14707336603380605
173,2020-09-18,441.18,444.13,444.52,436.26,147581,23.6534,3.4788,0.14707399359077342
174,2020-09-21,446.68,439.21,447.86,438.43,130301,23.2092,3.4135,0.14707529772676353
175,2020-09-22,439.21,432.14,440.39,430.76,155606,24.7972,3.647,0.14707305663542658
176,2020-09-23,434.1,431.94,434.69,429.38,93259,24.0199,3.5327,0.14707388457071013
177,2020-09-24,430.76,422.5,436.85,421.91,165613,23.7534,3.4935,0.14707368208340701
178,2020-09-25,424.27,429.19,430.37,422.9,108832,24.2975,3.5735,0.1470727441094763
179,2020-09-28,432.33,432.14,435.28,430.56,83104,23.9644,3.5245,0.14707232394718833
180,2020-09-29,431.35,428.2,434.69,425.85,125594,23.6978,3.4853,0.14707272405033378
181,2020-09-30,428.79,430.17,432.73,426.63,145205,23.9866,3.5278,0.14707378286209802
182,2020-10-09,433.71,437.64,439.21,433.12,197498,23.187,3.4102,0.14707379134860052
183,2020-10-12,440.59,453.36,453.36,439.61,274315,23.2981,3.4265,0.14707207883904694
184,2020-10-13,452.19,452.19,452.19,446.68,116461,23.6201,3.4739,0.1470738904577034
185,2020-10-14,455.33,457.3,457.89,451.6,185542,22.021,3.2387,0.14707324826302165
186,2020-10-15,456.51,454.35,457.1,451.79,83900,22.5207,3.3122,0.14707358119419023
187,2020-10-16,455.13,447.47,458.08,446.48,121148,21.1326,3.108,0.14707134947900402
188,2020-10-19,452.97,448.45,453.36,444.52,81756,21.4436,3.1538,0.14707418530470628
189,2020-10-20,445.11,448.25,450.42,443.93,107548,22.3542,3.2877,0.14707303325549562
190,2020-10-21,447.47,435.28,449.04,433.32,148657,22.4319,3.2991,0.1470718039934201
191,2020-10-22,436.66,447.27,448.25,431.74,152804,21.8211,3.2093,0.14707324562006496
192,2020-10-23,449.04,441.37,450.61,439.61,96375,21.4769,3.1587,0.1470742984322691
193,2020-10-26,444.13,445.9,448.25,438.43,77415,21.4769,3.1587,0.1470742984322691
194,2020-10-27,444.72,445.5,446.09,439.61,74384,21.5324,3.1668,0.1470713900912114
195,2020-10-28,449.04,461.82,465.35,444.52,283946,21.3658,3.1423,0.14707148807907966
196,2020-10-29,458.28,459.65,467.12,457.49,146553,20.9549,3.0819,0.1470729996325442
197,2020-10-30,459.65,450.61,462.21,445.5,171808,21.0993,3.1031,0.14707122985122728
198,2020-11-02,457.3,474.99,478.33,456.51,310881,20.6995,3.0443,0.14707118529433078
199,2020-11-03,479.9,475.58,480.69,471.25,190314,20.7106,3.046,0.1470744449702085
200,2020-11-04,476.95,471.45,480.88,468.5,195065,19.4891,2.8663,0.14707195304041745
201,2020-11-05,476.95,477.34,483.63,473.02,268411,19.4114,2.8549,0.1470733692572406
202,2020-11-06,478.52,481.87,491.1,474.99,280758,19.1448,2.8157,0.14707387906899003
203,2020-11-09,488.75,497.59,497.98,483.83,371096,19.1559,2.8173,0.14707218141669146
204,2020-11-10,495.62,489.92,499.56,488.16,239350,18.2676,2.6867,0.14707460202763362
205,2020-11-11,493.07,492.28,497.39,489.92,195927,20.1776,2.9676,0.14707398303068747
206,2020-11-12,494.45,501.72,506.04,485.21,234758,20.9549,3.0819,0.1470729996325442
207,2020-11-13,500.34,506.44,507.61,496.02,222928,20.8883,3.0721,0.14707276322151633
208,2020-11-16,510.37,511.55,512.14,502.31,241126,21.3103,3.1342,0.1470744194122091
209,2020-11-17,510.37,513.12,518.62,505.65,269319,20.433,3.0051,0.147070914696814
210,2020-11-18,512.33,505.26,513.51,498.38,280756,22.3875,3.2926,0.14707314349525405
211,2020-11-19,504.08,504.47,507.61,498.77,150559,23.3203,3.4298,0.1470735796709305
212,2020-11-20,505.85,513.32,516.26,502.9,201840,23.6867,3.4837,0.14707409643386374
213,2020-11-23,514.3,518.03,523.54,509.58,236765,23.8311,3.5049,0.14707252287976635
214,2020-11-24,518.03,547.71,554.79,516.66,556980,23.7201,3.4886,0.1470735789478122
215,2020-11-25,547.52,530.61,547.71,530.02,333311,24.2318,3.5637,0.14706707714655948
216,2020-11-26,529.83,497.2,529.83,493.46,415889,23.9764,3.5261,0.14706544769022872
217,2020-11-27,500.54,514.3,518.43,498.57,376517,24.5761,3.6143,0.14706564507794156
218,2020-11-30,514.49,506.24,514.49,501.33,188861,24.3762,3.5849,0.14706558036117195
219,2020-12-01,505.06,503.29,507.42,495.43,217689,24.3984,3.5882,0.14706702078824843
