,日期,开盘,收盘,最高,最低,成交量,pe,pb,roe
0,2020-01-03,42.04,42.58,42.66,41.88,57103,38.6956,1.074,0.0277550936023734
1,2020-01-06,43.04,43.08,43.58,42.84,64495,38.5648,1.0704,0.027755881010662575
2,2020-01-07,43.14,42.92,43.24,42.66,46924,38.7828,1.0764,0.027754571614220735
3,2020-01-08,43.2,44.8,45.18,42.98,118645,38.5212,1.0692,0.02775614466839039
4,2020-01-09,44.18,43.62,44.18,43.08,68508,37.3222,1.0359,0.027755598544565968
5,2020-01-10,43.66,42.98,43.66,42.84,46445,37.9544,1.0534,0.027754357861012158
6,2020-01-13,43.48,43.08,43.64,42.88,38129,37.8236,1.0498,0.02775515815522584
7,2020-01-14,43.18,43.14,43.42,43.04,39650,37.5838,1.0431,0.027753979108019945
8,2020-01-15,42.88,42.22,43.0,42.14,41754,37.3876,1.0377,0.027755191560838357
9,2020-01-16,42.3,42.28,42.82,42.26,25058,36.69,1.0183,0.027754156445898067
10,2020-01-17,42.34,41.96,42.64,41.82,29981,36.4502,1.0117,0.0277556776094507
11,2020-01-20,41.96,42.18,42.28,41.9,24560,36.8862,1.0238,0.027755637609729385
12,2020-01-21,41.88,40.64,41.94,40.62,60116,36.8426,1.0226,0.027755912992025535
13,2020-01-22,40.64,41.04,41.2,40.24,30205,36.1886,1.0044,0.027754596751463165
14,2020-01-23,40.84,40.24,41.58,40.0,44513,36.3848,1.0099,0.02775609595215585
15,2020-02-03,36.38,36.38,36.38,36.38,14557,36.799,1.0214,0.02775618902687573
16,2020-02-04,32.92,34.28,35.48,32.92,88039,37.344,1.0365,0.02775546272493573
17,2020-02-05,34.48,35.02,35.44,34.34,46656,36.6464,1.0171,0.027754431540342295
18,2020-02-06,35.1,35.84,36.18,34.6,48123,36.8862,1.0238,0.027755637609729385
19,2020-02-07,35.68,35.88,36.56,35.46,46329,36.6682,1.0177,0.027754293911345526
20,2020-02-10,35.9,36.5,36.62,35.5,36099,36.6682,1.0177,0.027754293911345526
21,2020-02-11,36.56,36.96,37.36,36.3,37910,35.9052,0.9966,0.027756425253166673
22,2020-02-12,37.04,37.3,37.48,36.98,35921,37.8672,1.0566,0.027902776017239197
23,2020-02-13,37.22,36.62,37.46,36.56,38037,38.1942,1.0657,0.027902142210073783
24,2020-02-14,36.74,36.48,36.78,36.34,28486,38.5866,1.0766,0.02790087750669922
25,2020-02-17,36.68,38.48,38.54,36.68,66534,38.9354,1.0864,0.027902628456366187
26,2020-02-18,38.68,39.24,39.64,38.68,72781,38.107,1.0633,0.02790300994567927
27,2020-02-19,39.04,38.98,39.62,38.5,58764,38.0416,1.0614,0.027901034656796764
28,2020-02-20,39.04,39.14,39.18,38.38,56329,37.7146,1.0523,0.02790166142554873
29,2020-02-21,39.1,39.3,39.6,38.94,61447,38.0852,1.0627,0.027903227500446368
30,2020-02-24,39.18,38.82,39.22,38.5,60330,38.8918,1.0852,0.02790305411423487
31,2020-02-25,38.26,37.98,38.26,36.9,68218,38.761,1.0815,0.02790175692061608
32,2020-02-26,37.74,38.54,40.2,37.4,118557,38.761,1.0815,0.02790175692061608
33,2020-02-27,38.24,37.54,38.82,37.34,90888,38.8482,1.0839,0.027900906605711463
34,2020-02-28,36.5,35.24,37.18,35.14,93496,39.1316,1.0918,0.02790072473397459
35,2020-03-02,35.42,36.2,36.8,35.42,62546,39.4804,1.1016,0.02790245286268629
36,2020-03-03,36.88,36.54,37.28,36.3,66958,40.0036,1.1162,0.027902488776010162
37,2020-03-04,36.48,36.54,36.86,35.8,47353,39.306,1.0967,0.02790159263216812
38,2020-03-05,36.9,37.34,37.4,36.68,70734,38.652,1.0785,0.02790282520956225
39,2020-03-06,37.04,37.08,37.3,36.74,41322,38.3032,1.0687,0.027901063096555902
40,2020-03-09,36.6,35.88,36.74,35.86,60996,37.9108,1.0578,0.027902339175116326
41,2020-03-10,35.3,36.18,36.22,34.88,62168,38.0634,1.062,0.027900818108734377
42,2020-03-11,36.46,36.28,37.24,36.24,64865,37.9108,1.0578,0.027902339175116326
43,2020-03-12,35.88,35.48,35.88,35.26,47620,38.9354,1.0864,0.027902628456366187
44,2020-03-13,34.24,35.06,35.38,33.68,50727,39.1316,1.0918,0.02790072473397459
45,2020-03-16,35.5,34.08,35.6,33.98,40501,40.2652,1.1235,0.027902506382682813
46,2020-03-17,34.38,34.02,34.48,33.42,37185,39.4586,1.101,0.02790266253744431
47,2020-03-18,34.2,33.62,34.58,33.54,35749,38.8046,1.0827,0.027901331285466156
48,2020-03-19,33.8,33.72,33.98,33.16,34232,38.9136,1.0858,0.027902841166070474
49,2020-03-20,33.98,34.08,34.18,33.62,26713,39.306,1.0967,0.02790159263216812
50,2020-03-23,33.0,32.98,33.6,32.94,33285,38.979,1.0876,0.027902203750737573
51,2020-03-24,33.34,33.4,33.54,32.94,31989,39.197,1.0937,0.02790264561063346
52,2020-03-25,34.02,34.22,34.4,33.74,32559,38.7828,1.0821,0.02790154398341533
53,2020-03-26,34.24,33.76,34.24,33.72,22497,40.2216,1.1223,0.027902917835193032
54,2020-03-27,34.04,33.78,34.16,33.72,23126,41.3989,1.1551,0.02790170753329195
55,2020-03-30,33.62,36.24,37.0,32.9,124685,41.6605,1.1624,0.027901729455959486
56,2020-03-31,35.44,35.08,36.58,35.04,88405,42.5107,1.1861,0.027901210753998405
57,2020-04-01,34.88,34.28,35.16,34.22,45188,42.8377,1.1953,0.02790299199069978
58,2020-04-02,34.12,34.88,35.02,34.08,44180,42.8377,1.1953,0.02790299199069978
59,2020-04-03,34.96,34.5,35.1,34.36,33621,43.6225,1.2172,0.027903031692360594
60,2020-04-07,35.08,35.16,35.56,34.74,54666,43.4699,1.2129,0.027902065567208575
61,2020-04-08,35.14,35.84,36.02,34.92,67656,43.9495,1.2263,0.027902478981558378
62,2020-04-09,35.86,35.46,36.08,35.34,54590,43.1647,1.165,0.02698964663254928
63,2020-04-10,35.28,35.28,35.8,35.1,41647,42.6197,1.1503,0.026989866188640466
64,2020-04-13,35.18,34.7,35.18,34.68,31451,43.1865,1.1656,0.02698991583017841
65,2020-04-14,34.78,34.88,35.0,34.6,27796,44.9087,1.2121,0.0269903159076081
66,2020-04-15,34.88,35.04,35.88,34.76,50866,45.0831,1.2168,0.02699015817457096
67,2020-04-16,34.84,35.2,35.46,34.72,34818,45.9769,1.2409,0.02698964044987809
68,2020-04-17,35.48,35.18,35.72,35.1,42464,47.1324,1.2721,0.026989926250307647
69,2020-04-20,35.42,35.22,35.48,35.04,26550,46.8489,1.2645,0.026991028604727112
70,2020-04-21,35.08,35.14,35.44,34.84,32998,46.8271,1.2639,0.026990780979390137
71,2020-04-22,35.08,35.66,36.12,34.82,59408,46.7835,1.2627,0.026990285036391035
72,2020-04-23,35.7,36.58,36.94,35.44,101178,45.7371,1.2345,0.026991217195668285
73,2020-04-24,36.48,36.06,36.48,35.6,62010,44.2329,1.1939,0.026991221466374574
74,2020-04-27,36.0,35.64,36.16,35.5,35240,46.2167,1.2474,0.026990243786336972
75,2020-04-28,35.56,34.4,35.82,33.32,48958,44.5599,1.2027,0.026990635077726838
76,2020-04-29,33.68,33.86,34.28,33.28,42284,45.8025,1.2362,0.026989793133562576
77,2020-04-30,34.06,34.18,34.7,34.06,39610,44.1457,1.1915,0.026990171183150342
78,2020-05-06,34.04,34.38,34.52,33.86,37279,43.5571,1.1756,0.026989859288152795
79,2020-05-07,34.38,34.1,34.54,33.98,32348,42.9467,1.1591,0.026989268092775465
80,2020-05-08,34.12,34.34,34.74,34.1,30912,44.6471,1.205,0.026989434924104813
81,2020-05-11,34.56,34.82,34.92,34.34,43772,42.4671,1.1462,0.02699030543644374
82,2020-05-12,34.74,34.64,34.94,34.38,26906,42.3799,1.1438,0.026989209507337204
83,2020-05-13,34.62,34.22,34.62,34.16,34164,43.7097,1.1797,0.02698943255158466
84,2020-05-14,34.16,34.1,34.5,33.86,30677,43.9059,1.185,0.02698953899134285
85,2020-05-15,34.18,34.0,34.4,33.98,26022,43.0775,1.1627,0.02699088851488596
86,2020-05-18,34.16,34.62,34.98,33.88,50033,45.7371,1.2345,0.026991217195668285
87,2020-05-19,34.8,34.46,34.8,34.28,35811,45.4319,1.2262,0.02698984634144731
88,2020-05-20,34.54,34.0,34.58,33.94,30880,43.6661,1.1786,0.026991189962007143
89,2020-05-21,34.0,33.84,34.16,33.68,24634,43.6007,1.1768,0.026990392356086027
90,2020-05-22,33.88,33.44,33.96,33.08,23991,41.0937,1.1091,0.02698953854240431
91,2020-05-25,33.46,33.24,33.6,33.18,15664,38.1506,1.0297,0.026990401199456893
92,2020-05-26,33.28,33.56,33.62,33.26,22432,37.6056,1.015,0.02699066096538813
93,2020-05-27,33.52,33.32,33.64,33.28,15260,39.5022,1.0662,0.026990901772559504
94,2020-05-28,33.38,33.04,33.44,32.92,26836,40.7013,1.0985,0.026989309923761647
95,2020-05-29,32.9,33.06,33.2,32.88,21287,40.1998,1.085,0.02699018403076632
96,2020-06-01,33.08,33.68,33.74,33.08,29144,39.7202,1.0721,0.026991304172687955
97,2020-06-02,33.76,33.9,34.24,33.6,34942,41.4207,1.118,0.026991335250249278
98,2020-06-03,34.44,34.1,34.54,33.92,47544,40.9193,1.1044,0.02698970901261752
99,2020-06-04,36.68,34.48,36.68,34.38,85483,37.3222,1.0073,0.02698929859440226
100,2020-06-05,34.5,34.02,34.54,33.98,41218,37.017,0.9991,0.026990301753248506
101,2020-06-08,34.1,34.2,34.4,33.92,43125,35.382,0.955,0.026991125431010118
102,2020-06-09,34.28,34.0,34.34,33.92,31668,34.9024,0.942,0.026989547996699365
103,2020-06-10,33.92,33.62,34.04,33.54,44871,34.3355,0.9267,0.026989558911330834
104,2020-06-11,33.62,33.48,33.76,33.32,45790,34.2265,0.9238,0.02699078199640629
105,2020-06-12,33.1,33.66,33.82,32.98,84776,34.2265,0.9238,0.02699078199640629
106,2020-06-15,33.68,33.88,34.0,33.26,58071,34.1611,0.922,0.02698976321020108
107,2020-06-16,33.9,33.88,34.12,33.74,40666,34.3573,0.9273,0.026989897343504873
108,2020-06-17,34.12,33.98,34.34,33.9,51494,34.7062,0.9367,0.026989413995193938
109,2020-06-18,33.88,33.56,33.96,33.52,44595,34.837,0.9403,0.026991417171398226
110,2020-06-19,33.56,33.64,33.7,33.48,36882,34.7498,0.9379,0.02699008339616343
111,2020-06-22,33.64,33.52,33.86,33.52,38862,35.2076,0.9503,0.026991331417080405
112,2020-06-23,33.52,33.2,33.56,33.2,41344,35.0986,0.9473,0.02698968050007693
113,2020-06-24,33.26,33.02,33.36,33.0,42759,35.0986,0.9473,0.02698968050007693
114,2020-06-29,33.04,33.08,33.26,32.9,32892,34.8588,0.9408,0.02698888085648387
115,2020-06-30,33.16,33.08,33.24,33.06,28903,34.6626,0.9356,0.026991627864037897
116,2020-07-01,33.2,33.18,33.24,32.98,36119,34.8152,0.9397,0.026991084353960342
117,2020-07-02,33.14,33.7,33.76,33.12,55198,35.2294,0.9508,0.026988821836307176
118,2020-07-03,33.84,34.14,34.18,33.78,75423,35.4474,0.9567,0.026989285532930483
119,2020-07-06,34.22,35.64,35.82,34.22,140967,35.2512,0.9514,0.02698915214233842
120,2020-07-07,36.24,35.92,36.6,35.08,142033,35.7526,0.965,0.026991044007988227
121,2020-07-08,35.76,39.22,39.28,35.7,231053,35.3384,0.9538,0.02699046929119598
122,2020-07-09,39.68,39.68,41.46,39.38,254329,35.1204,0.9479,0.02699001150328584
123,2020-07-10,39.7,38.12,39.7,38.06,162828,34.8806,0.9414,0.02698921463506935
124,2020-07-13,38.04,38.56,39.0,37.88,130456,34.2047,0.9232,0.026990442833879552
125,2020-07-14,38.48,39.02,40.24,38.48,159905,34.1829,0.9226,0.026990103238753883
126,2020-07-15,39.02,37.92,39.38,37.6,100047,34.4882,0.9308,0.026988941145087306
127,2020-07-16,37.9,36.18,38.26,35.8,92813,34.7498,0.9379,0.02699008339616343
128,2020-07-17,36.28,36.68,37.58,36.26,71230,34.401,0.9285,0.026990494462370278
129,2020-07-20,37.28,39.38,39.42,37.04,150974,34.619,0.9344,0.026990958722089026
130,2020-07-21,39.68,41.68,42.5,38.82,344723,35.055,0.9461,0.02698901725859364
131,2020-07-22,41.38,41.74,44.14,40.88,344842,35.2294,0.9508,0.026988821836307176
132,2020-07-23,42.58,43.36,44.08,41.28,328724,35.7308,0.9644,0.02699071949130722
133,2020-07-24,42.88,43.64,46.08,41.7,446727,35.9052,0.9691,0.026990519479072668
134,2020-07-27,42.68,41.2,43.26,39.7,238305,27.6365,1.0033,0.036303439292240336
135,2020-07-28,41.68,41.96,42.78,41.2,177042,27.722,1.0064,0.03630329702041699
136,2020-07-29,41.34,41.78,42.3,40.9,166743,27.8246,1.0101,0.036302408659962766
137,2020-07-30,41.68,40.56,42.14,40.34,166912,28.1837,1.0232,0.03630467255896139
138,2020-07-31,40.16,40.64,40.92,39.78,121814,28.3377,1.0288,0.036304992995197204
139,2020-08-03,41.04,42.64,43.58,40.86,256627,27.9272,1.0139,0.036305107565384284
140,2020-08-04,42.46,41.08,42.46,40.8,183923,27.722,1.0064,0.03630329702041699
141,2020-08-05,40.88,41.64,42.22,40.78,168408,27.9614,1.0151,0.03630361855987182
142,2020-08-06,41.68,42.18,43.08,41.32,227536,27.7904,1.0089,0.03630390350624676
143,2020-08-07,41.96,43.7,44.16,40.74,303218,27.5168,0.999,0.03630509361553669
144,2020-08-10,43.28,42.56,45.48,42.28,267221,20.5783,1.0597,0.05149599335222055
145,2020-08-11,42.14,44.08,45.28,41.44,349597,21.3581,1.0999,0.05149802650984873
146,2020-08-12,42.92,42.26,43.58,41.54,191860,21.6223,1.1135,0.05149775925780328
147,2020-08-13,42.12,43.64,44.62,41.86,215288,21.9493,1.1303,0.051495947478962883
148,2020-08-14,43.68,44.6,45.64,43.48,220969,21.3707,1.1005,0.05149573949379291
149,2020-08-17,44.96,44.64,45.34,43.8,209611,21.0437,1.0837,0.051497597855890365
150,2020-08-18,44.28,44.66,45.28,44.04,142499,21.094,1.0863,0.05149805631933251
151,2020-08-19,44.52,44.92,46.08,44.16,206398,21.0688,1.085,0.05149794957472661
152,2020-08-20,44.74,43.86,45.5,43.16,153629,21.0814,1.0856,0.05149563121993796
153,2020-08-21,43.2,43.04,44.22,42.86,106978,20.9808,1.0804,0.05149469991611379
154,2020-08-24,42.98,42.88,43.58,42.5,82677,20.8802,1.0753,0.051498548864474476
155,2020-08-25,43.1,41.3,43.22,41.24,128992,20.7669,1.0694,0.051495408558812336
156,2020-08-26,41.3,40.78,41.9,40.58,82988,21.1317,1.0882,0.05149609354666213
157,2020-08-27,40.62,41.28,41.38,40.54,50104,21.2449,1.0941,0.05149941868401357
158,2020-08-28,41.48,42.0,42.48,41.48,80117,21.4839,1.1064,0.05149902950581599
159,2020-08-31,42.2,41.56,42.36,41.48,78586,21.0563,1.0843,0.05149527694799182
160,2020-09-01,42.02,41.7,42.2,41.4,81139,20.6412,1.063,0.051498943859853104
161,2020-09-02,41.88,40.98,42.08,40.68,89027,20.8802,1.0753,0.051498548864474476
162,2020-09-03,40.68,40.98,41.28,40.58,55018,20.5028,1.0558,0.05149540550558948
163,2020-09-04,40.42,40.68,40.82,40.28,40365,21.0059,1.0817,0.05149505615089094
164,2020-09-07,40.92,39.9,41.18,39.88,52060,21.7355,1.1193,0.0514963998987831
165,2020-09-08,40.26,39.66,40.38,39.42,48765,20.1883,1.0396,0.05149517294670675
166,2020-09-09,39.54,38.58,39.82,38.2,82977,20.1758,1.039,0.05149733839550352
167,2020-09-10,38.78,37.26,39.2,37.1,65688,20.4651,1.0539,0.05149742732749901
168,2020-09-11,37.32,37.64,37.66,36.88,46460,19.9494,1.0273,0.05149528306615738
169,2020-09-14,37.64,37.44,38.06,37.04,37536,19.6852,1.0137,0.05149553979639527
170,2020-09-15,37.68,37.74,38.04,37.28,39220,20.377,1.0494,0.05149923933846985
171,2020-09-16,37.5,37.38,37.74,37.12,30018,20.1506,1.0377,0.05149722588905541
172,2020-09-17,37.46,37.28,37.64,36.68,45375,20.0877,1.0345,0.051499176112745605
173,2020-09-18,37.36,37.88,38.04,37.22,53964,20.3393,1.0474,0.05149636418165817
174,2020-09-21,38.08,38.62,39.08,37.8,61940,20.377,1.0494,0.05149923933846985
175,2020-09-22,38.44,37.58,38.44,37.5,55277,20.9934,1.0811,0.05149713719549953
176,2020-09-23,37.56,37.4,37.86,37.32,28670,21.2575,1.0947,0.05149711866400094
177,2020-09-24,37.2,36.46,37.38,36.38,41170,21.7606,1.1206,0.05149674181778076
178,2020-09-25,36.8,36.6,36.84,36.3,25033,21.6977,1.1174,0.051498545928831164
179,2020-09-28,36.52,36.46,37.0,36.34,20773,21.5091,1.1077,0.05149913292513401
180,2020-09-29,36.46,36.82,37.34,36.46,37899,22.2638,1.1465,0.051496150702036496
181,2020-09-30,36.82,37.14,37.24,36.7,32508,22.4273,1.1549,0.05149527584684737
182,2020-10-09,37.52,37.74,37.82,37.52,37500,21.9242,1.129,0.05149560759343556
183,2020-10-12,37.9,38.38,38.6,37.72,58892,21.9242,1.129,0.05149560759343556
184,2020-10-13,38.22,37.9,38.3,37.82,46905,21.7103,1.118,0.051496294385614205
185,2020-10-14,38.08,37.58,38.4,37.5,45290,21.1066,1.0869,0.05149574066879554
186,2020-10-15,37.52,37.32,37.68,37.28,26463,22.5531,1.1614,0.05149624663571748
187,2020-10-16,37.2,37.24,37.64,37.04,27928,23.182,1.1938,0.05149685100509016
188,2020-10-19,37.24,37.24,37.58,37.08,25878,22.8298,1.1757,0.05149848005676791
189,2020-10-20,37.2,37.36,37.38,36.82,25650,23.3581,1.2029,0.05149819548679045
190,2020-10-21,37.52,36.62,37.52,36.48,32308,23.66,1.2184,0.051496196111580725
191,2020-10-22,36.52,36.28,36.6,36.12,24578,23.5594,1.2132,0.05149536915201576
192,2020-10-23,36.44,36.58,37.2,36.36,37290,23.4587,1.2081,0.05149901742210779
193,2020-10-26,36.58,36.64,36.98,36.34,27800,23.6222,1.2165,0.0514981669785202
194,2020-10-27,36.66,37.4,37.62,36.48,40566,23.1443,1.1919,0.05149864113410213
195,2020-10-28,37.4,37.08,37.42,36.72,27977,21.8864,1.1271,0.05149773375246729
196,2020-10-29,36.66,36.72,36.84,36.38,34391,21.9745,1.1316,0.05149605224237184
197,2020-10-30,36.76,36.42,37.16,36.34,40966,22.4021,1.1536,0.051495172327594284
198,2020-11-02,36.28,34.62,36.46,34.4,72646,22.1883,1.1426,0.051495608045681734
199,2020-11-03,34.8,35.32,35.58,34.74,37427,21.899,1.1277,0.05149550207772044
200,2020-11-04,35.68,35.32,35.78,35.0,32396,21.5091,1.1077,0.05149913292513401
201,2020-11-05,35.5,35.52,35.86,35.16,38501,21.4839,1.1064,0.05149902950581599
202,2020-11-06,35.62,35.3,35.78,35.14,33537,20.9682,1.0798,0.05149702883413932
203,2020-11-09,35.3,35.94,35.96,35.3,43451,20.5028,1.0558,0.05149540550558948
204,2020-11-10,35.96,35.44,36.0,35.34,44366,21.8235,1.1238,0.05149494810639906
205,2020-11-11,35.42,35.06,35.42,35.0,28607,24.2512,1.2489,0.05149848254931714
206,2020-11-12,35.08,34.88,35.28,34.86,21770,24.7543,1.2748,0.05149812355833128
207,2020-11-13,34.82,35.48,35.72,34.64,44575,24.5027,1.2618,0.05149636570663641
208,2020-11-16,35.52,35.52,35.6,35.1,34253,25.4713,1.3117,0.05149717525214654
209,2020-11-17,35.58,35.12,35.58,34.9,31053,25.3329,1.3046,0.05149824931215929
210,2020-11-18,35.0,35.34,35.48,35.0,26203,25.5342,1.3149,0.05149564114011796
211,2020-11-19,35.34,35.98,36.18,35.18,64846,25.4964,1.313,0.051497466308969106
212,2020-11-20,36.24,36.16,36.76,36.02,62207,26.075,1.3428,0.05149760306807287
213,2020-11-23,36.28,36.38,36.68,36.24,56716,26.0373,1.3408,0.05149535474108299
214,2020-11-24,36.48,36.5,36.92,36.42,42867,25.9744,1.3376,0.05149685844523839
215,2020-11-25,37.02,35.92,37.02,35.68,51283,26.3769,1.3583,0.05149581641512081
216,2020-11-26,35.9,37.02,37.18,35.86,81348,27.119,1.3966,0.05149894907629338
217,2020-11-27,36.88,37.26,37.78,36.68,72187,25.9367,1.3357,0.051498455855987856
218,2020-11-30,37.26,37.06,37.86,36.94,75546,26.0373,1.3408,0.05149535474108299
219,2020-12-01,37.22,37.18,37.48,36.86,54468,25.7228,1.3247,0.051499059200398094
