,日期,开盘,收盘,最高,最低,成交量,pe,pb,roe
0,2020-01-03,83.83,83.5,85.3,80.89,547874,813.3378,5.4658,0.006720208995573548
1,2020-01-06,82.73,85.01,86.55,81.73,653890,796.5251,5.3528,0.006720189985224572
2,2020-01-07,85.12,82.84,85.16,81.33,685325,775.916,5.2143,0.006720186205723299
3,2020-01-08,81.44,77.98,81.44,77.65,716536,790.9209,5.3152,0.006720267475546543
4,2020-01-09,79.05,79.82,80.41,78.5,370946,811.3492,5.4524,0.006720164387910902
5,2020-01-10,79.89,81.81,82.36,79.6,483363,789.8362,5.3079,0.006720254148898215
6,2020-01-13,80.56,84.16,84.64,79.64,656764,774.6505,5.2058,0.006720191880080114
7,2020-01-14,85.05,83.61,86.33,83.28,603357,758.7417,5.0989,0.00672020530834143
8,2020-01-15,84.02,87.22,88.95,83.5,830789,773.385,5.1973,0.006720197573006976
9,2020-01-16,86.41,87.14,88.62,85.12,709405,786.4013,5.2848,0.006720233041323812
10,2020-01-17,86.81,85.67,88.25,84.6,463481,797.0674,5.3565,0.0067202597923337465
11,2020-01-20,85.27,89.79,90.82,84.53,746082,767.7808,5.1597,0.00672027745419005
12,2020-01-21,89.09,88.62,91.49,88.36,586797,778.9892,5.235,0.006720247212669958
13,2020-01-22,87.47,94.14,94.43,85.67,815279,753.1374,5.0613,0.0067202876925246315
14,2020-01-23,92.63,95.02,100.13,92.3,1154950,754.2221,5.0685,0.006720169032437528
15,2020-02-03,85.38,85.38,85.38,85.38,109684,808.6375,5.4342,0.0067201929170982045
16,2020-02-04,79.42,87.88,90.05,79.42,856961,818.3997,5.4998,0.006720188191662337
17,2020-02-05,87.14,86.78,90.9,84.97,913133,743.9176,4.9993,0.006720233531240557
18,2020-02-06,85.86,88.95,89.54,84.38,702779,700.7107,4.7089,0.006720177100192705
19,2020-02-07,87.7,96.01,96.45,87.7,986726,693.6602,4.6616,0.0067202933078761035
20,2020-02-10,94.47,94.5,96.71,92.0,742868,691.1292,4.6445,0.006720161729529009
21,2020-02-11,94.69,95.94,98.66,93.07,708671,696.1911,4.6786,0.006720281256109135
22,2020-02-12,94.61,98.44,99.77,94.17,708794,669.2546,4.5121,0.006741978314381404
23,2020-02-13,98.18,100.87,103.04,96.9,852348,653.8882,4.4085,0.006741978215847908
24,2020-02-14,102.82,110.14,111.1,101.68,1328760,644.4875,4.3451,0.006741946119979054
25,2020-02-17,108.86,111.62,111.69,107.24,898684,646.4761,4.3585,0.006741935239369252
26,2020-02-18,111.14,114.74,114.74,108.86,961704,632.1943,4.2622,0.006741914629726968
27,2020-02-19,113.27,110.7,119.45,110.7,1023144,638.3409,4.3037,0.0067420088545164505
28,2020-02-20,109.7,109.96,112.09,104.81,988509,651.3572,4.3914,0.006741922865057759
29,2020-02-21,109.15,111.95,114.19,108.86,946016,661.1194,4.4572,0.006741898664598255
30,2020-02-24,111.54,123.13,123.13,109.59,1068856,682.8133,4.6035,0.006741960064339696
31,2020-02-25,119.05,127.55,127.92,115.11,1370863,684.2595,4.6132,0.0067418866672658544
32,2020-02-26,124.79,114.63,126.89,114.63,1141225,690.2253,4.6535,0.0067420014884994805
33,2020-02-27,115.48,105.95,116.55,105.25,1107074,683.7172,4.6096,0.006741968755503007
34,2020-02-28,96.67,96.38,101.46,95.24,1122149,692.3947,4.6681,0.006741963796083362
35,2020-03-02,99.1,97.63,100.17,94.21,1007686,711.3768,4.7961,0.00674199664650295
36,2020-03-03,99.62,98.29,103.08,97.04,883429,707.7612,4.7717,0.00674196324975147
37,2020-03-04,96.75,94.54,97.01,89.83,937343,664.9159,4.4828,0.0067419052544840635
38,2020-03-05,96.05,96.05,96.97,92.44,752778,647.0185,4.3622,0.006742001967486246
39,2020-03-06,94.28,95.42,97.26,93.51,516511,649.0071,4.3756,0.0067419909581882854
40,2020-03-09,92.52,86.11,93.4,85.75,832263,631.8328,4.2598,0.0067419735094474366
41,2020-03-10,85.38,92.22,92.41,85.38,915411,662.0234,4.4633,0.006741906706016736
42,2020-03-11,93.25,88.62,94.1,88.47,681543,656.4191,4.4255,0.006741881825193692
43,2020-03-12,86.04,89.76,90.38,86.04,542702,663.4696,4.4731,0.006741981848150992
44,2020-03-13,86.04,91.63,93.03,85.86,931895,660.7579,4.4548,0.006741954958086767
45,2020-03-16,92.04,83.83,92.26,83.1,748614,678.4745,4.5742,0.006741889341456459
46,2020-03-17,85.49,85.38,86.7,80.19,594352,668.7123,4.5084,0.0067419127777371525
47,2020-03-18,86.19,83.35,88.58,83.28,585957,653.5266,4.406,0.006741883191900681
48,2020-03-19,84.57,86.41,86.67,83.06,563447,648.8263,4.3743,0.00674186604334627
49,2020-03-20,86.78,86.55,87.59,84.57,502408,655.1536,4.417,0.0067419304419604805
50,2020-03-23,83.21,77.76,85.67,77.76,634286,650.6341,4.3865,0.00674188457075951
51,2020-03-24,79.49,77.06,79.78,72.28,752700,653.5266,4.406,0.006741883191900681
52,2020-03-25,79.27,79.97,81.7,79.27,582149,620.0819,4.1806,0.006742012627686762
53,2020-03-26,79.34,79.05,81.92,78.68,458430,614.4777,4.1428,0.0067419859174710495
54,2020-03-27,80.59,76.21,80.92,75.99,460450,639.4256,4.311,0.006741988434620071
55,2020-03-30,74.3,72.53,74.63,70.33,573646,656.2383,4.4243,0.0067419106748265074
56,2020-03-31,73.86,70.84,74.71,70.69,416508,690.7677,4.6571,0.006741919171958967
57,2020-04-01,70.95,73.2,75.96,70.95,655153,683.5364,4.6084,0.006741996475974067
58,2020-04-02,72.83,77.94,78.75,72.83,784043,685.1634,4.6193,0.006741895436913297
59,2020-04-03,77.5,76.43,77.94,75.55,593095,748.2563,5.0447,0.006741941230564981
60,2020-04-07,79.38,78.2,79.97,77.39,596247,756.2107,5.0983,0.00674190407514731
61,2020-04-08,77.69,79.42,80.3,77.24,621674,760.7303,5.1288,0.0067419425780726756
62,2020-04-09,80.08,78.39,80.08,77.61,417409,753.6798,5.0813,0.006741987777833504
63,2020-04-10,77.94,74.67,78.09,73.9,458746,735.4208,4.9582,0.00674199043595177
64,2020-04-13,73.12,71.69,73.12,70.47,401247,761.0918,5.1312,0.0067418936848353895
65,2020-04-14,72.02,74.19,74.85,71.25,597098,766.3345,5.1666,0.006741964507666038
66,2020-04-15,73.53,75.96,78.35,73.2,738902,780.9778,5.2653,0.0067419329973271965
67,2020-04-16,75.0,77.65,78.46,74.12,600785,807.5528,5.5539,0.006877445041364477
68,2020-04-17,80.34,81.22,85.56,79.97,1092906,796.8867,5.4805,0.006877389219822592
69,2020-04-20,81.26,82.54,83.68,80.0,713711,848.0479,5.8324,0.0068774417105448874
70,2020-04-21,81.44,81.15,82.18,79.71,493985,852.0251,5.8597,0.006877379551377067
71,2020-04-22,79.56,81.77,81.84,79.45,384109,822.1961,5.6546,0.006877434714175852
72,2020-04-23,81.73,81.55,83.02,79.71,478439,798.5137,5.4917,0.006877402353898249
73,2020-04-24,81.29,79.05,82.84,78.64,413097,811.3492,5.58,0.006877433292594607
74,2020-04-27,79.56,78.64,80.37,77.21,344571,786.5821,5.4096,0.0068773494845611165
75,2020-04-28,78.75,81.62,83.1,75.74,668623,818.7613,5.631,0.006877462332428267
76,2020-04-29,81.95,82.73,83.35,81.0,452178,831.0544,5.7155,0.006877407784616747
77,2020-04-30,88.62,91.15,91.15,87.14,784981,883.1196,6.0736,0.006877437665294712
78,2020-05-06,96.71,98.66,100.43,94.5,2037566,871.0072,5.9903,0.006877440278335242
79,2020-05-07,97.71,97.89,100.54,97.12,1250879,833.7662,5.7342,0.00687746756824635
80,2020-05-08,99.62,96.79,99.88,95.02,1059108,861.4258,5.9244,0.006877435061731376
81,2020-05-11,97.45,96.01,98.63,94.5,716541,805.0218,5.5365,0.006877453504985828
82,2020-05-12,95.9,102.05,103.92,95.06,1207319,757.1146,5.207,0.006877426482067576
83,2020-05-13,100.02,99.66,101.13,98.55,765067,759.284,5.2219,0.006877400287639408
84,2020-05-14,99.66,104.92,108.45,99.03,1331321,708.6651,4.8738,0.006877437593582638
85,2020-05-15,106.28,113.31,115.33,105.54,1336588,714.9925,4.9173,0.006877414798057323
86,2020-05-18,116.25,109.96,121.51,106.28,2116390,711.3768,4.8924,0.006877367943402147
87,2020-05-19,110.33,119.49,121.11,106.39,1655753,767.9616,5.2816,0.006877427204693569
88,2020-05-20,116.22,115.92,120.85,113.82,1204543,749.1602,5.1523,0.006877434225683639
89,2020-05-21,115.63,107.38,116.44,106.68,1157497,741.025,5.0963,0.006877365810870079
90,2020-05-22,105.69,107.27,109.89,102.56,1027364,758.9225,5.2194,0.0068773820778801524
91,2020-05-25,104.81,102.86,106.65,101.31,734230,708.1227,4.87,0.00687733919559421
92,2020-05-26,104.62,104.37,105.8,103.7,702561,749.341,5.1535,0.0068773762546023775
93,2020-05-27,104.07,106.91,110.14,101.86,954748,832.5007,5.7254,0.006877351574599276
94,2020-05-28,104.81,105.51,106.5,101.97,677678,924.6995,6.3595,0.006877369350799909
95,2020-05-29,103.96,105.29,109.78,103.74,779933,921.807,6.3396,0.006877361530125069
96,2020-06-01,107.38,110.7,111.32,106.17,880467,861.6066,5.9256,0.0068773846439894966
97,2020-06-02,113.75,113.27,115.96,110.36,910862,783.328,5.3873,0.006877451080517995
98,2020-06-03,113.64,110.47,115.41,109.41,897874,752.4143,5.1747,0.006877460994561107
99,2020-06-04,109.63,107.27,110.44,107.05,643337,693.1178,4.7669,0.006877474507219408
100,2020-06-05,107.57,108.27,110.07,107.57,476914,678.1129,4.6637,0.0068774683389742335
101,2020-06-08,108.93,102.75,109.48,102.6,815208,616.4663,4.2397,0.006877423794293378
102,2020-06-09,102.08,104.18,105.32,101.16,533739,614.4777,4.226,0.006877385460855617
103,2020-06-10,103.34,103.89,104.99,101.97,398431,558.6161,3.8418,0.0068773528009665325
104,2020-06-11,104.7,102.78,106.72,102.42,607051,565.305,3.8878,0.006877349395459089
105,2020-06-12,99.32,100.58,101.83,98.92,561348,555.9044,3.8232,0.006877441516922694
106,2020-06-15,98.92,96.09,100.47,96.01,671947,561.147,3.8592,0.00687734230068057
107,2020-06-16,97.78,98.26,99.43,97.04,479263,553.9158,3.8095,0.0068773990559576025
108,2020-06-17,98.18,97.59,99.1,96.34,461523,556.2659,3.8257,0.006877466333996026
109,2020-06-18,97.45,102.45,104.77,97.3,943922,515.59,3.5459,0.006877363796815299
110,2020-06-19,102.6,103.41,104.77,100.39,709051,510.8897,3.5136,0.006877414048472694
111,2020-06-22,105.29,111.69,112.87,105.29,1307889,487.0265,3.3495,0.00687744917371026
112,2020-06-23,111.43,111.21,112.06,108.6,806239,490.2805,3.3719,0.006877491558403811
113,2020-06-24,111.32,112.68,115.41,110.0,886885,479.6144,3.2985,0.006877399844541782
114,2020-06-29,111.06,111.62,114.08,109.92,719318,501.6698,3.4502,0.006877432127666445
115,2020-06-30,113.64,113.53,114.38,110.73,797761,512.5167,3.5248,0.006877434432868236
116,2020-07-01,114.01,112.17,117.39,110.07,1062035,517.9402,3.5621,0.006877434885340045
117,2020-07-02,112.2,123.54,123.54,110.88,1583909,519.3864,3.572,0.006877346037555084
118,2020-07-03,127.26,123.94,127.62,119.45,1390527,512.3359,3.5235,0.006877324036828182
119,2020-07-06,130.57,136.49,136.49,127.55,1240967,539.4532,3.71,0.006877334308147583
120,2020-07-07,145.66,139.55,150.29,138.3,2030649,534.5721,3.6765,0.006877463301956837
121,2020-07-08,141.75,151.62,153.02,137.23,1676926,550.3001,3.7846,0.006877338383184012
122,2020-07-09,149.0,157.91,161.81,146.72,1417807,564.0396,3.8791,0.006877354001385719
123,2020-07-10,154.63,173.84,173.84,152.46,1424268,551.3848,3.7921,0.006877411201759642
124,2020-07-13,173.92,186.1,191.36,170.24,1659371,524.8099,3.6093,0.006877347397600542
125,2020-07-14,185.95,186.69,195.08,174.99,1438664,525.8946,3.6168,0.006877423727111859
126,2020-07-15,182.46,167.92,186.17,167.88,1601083,532.7643,3.664,0.00687733768948107
127,2020-07-16,162.03,150.99,167.74,150.99,1401715,520.2903,3.5782,0.006877314453104353
128,2020-07-17,149.3,142.6,151.8,140.39,1242773,512.8783,3.5273,0.006877460013418388
129,2020-07-20,146.02,152.94,153.46,140.14,1180258,534.5721,3.6765,0.006877463301956837
130,2020-07-21,149.85,149.3,156.03,148.16,959632,535.1145,3.6802,0.006877406611108463
131,2020-07-22,149.85,150.95,156.29,147.5,937579,577.0559,3.9686,0.006877323323442322
132,2020-07-23,148.16,154.78,154.86,145.25,992855,594.5917,4.0893,0.006877492571793384
133,2020-07-24,152.28,143.26,156.18,140.72,1022113,547.7692,3.7672,0.006877349073295833
134,2020-07-27,143.41,144.0,147.5,140.72,658562,564.2203,3.8804,0.00687745549034659
135,2020-07-28,146.21,142.71,147.2,141.09,555800,523.0021,3.5969,0.006877410243668237
136,2020-07-29,141.61,153.02,153.86,140.91,974878,497.1503,3.4191,0.006877397036670801
137,2020-07-30,154.86,152.57,154.86,149.04,853055,508.9011,3.4999,0.006877367724298493
138,2020-07-31,151.58,162.33,164.42,151.58,1253043,479.2528,3.296,0.006877372443103097
139,2020-08-03,166.26,173.81,175.1,166.26,1288051,483.0493,3.3221,0.006877351856218402
140,2020-08-04,171.42,168.18,172.41,166.74,947741,488.4727,3.3594,0.006877354660762004
141,2020-08-05,182.46,175.76,182.46,172.56,1280953,492.2691,3.3855,0.006877335993666879
142,2020-08-06,173.55,178.22,184.66,170.42,1148372,455.3896,3.1319,0.006877407828373771
143,2020-08-07,174.91,167.63,176.71,162.55,1264064,0.0,2.982,inf
144,2020-08-10,162.95,165.12,169.83,161.88,769629,0.0,2.9429,inf
145,2020-08-11,164.06,158.57,167.37,156.73,719951,0.0,2.8374,inf
146,2020-08-12,158.17,163.61,164.57,151.18,900427,0.0,2.8518,inf
147,2020-08-13,163.95,161.0,165.82,160.93,545257,0.0,2.9403,inf
148,2020-08-14,160.38,165.82,166.41,159.31,648677,0.0,2.9481,inf
149,2020-08-17,166.37,171.89,173.48,164.35,772869,0.0,2.926,inf
150,2020-08-18,171.78,171.08,174.07,169.39,646270,0.0,2.9755,inf
151,2020-08-19,170.31,160.67,170.94,160.38,750788,0.0,2.9286,inf
152,2020-08-20,156.7,162.84,164.87,154.86,543541,0.0,2.8023,inf
153,2020-08-21,160.74,157.43,163.8,148.53,1160349,0.0,2.7424,inf
154,2020-08-24,155.11,154.45,158.46,151.21,570908,0.0,2.6799,inf
155,2020-08-25,155.04,153.38,157.36,152.46,402291,0.0,2.5913,inf
156,2020-08-26,153.75,148.16,155.19,148.16,495886,0.0,2.6968,inf
157,2020-08-27,147.5,151.87,154.08,145.29,515936,0.0,2.8283,inf
158,2020-08-28,151.91,153.31,153.97,150.7,367559,0.0,2.8648,inf
159,2020-08-31,154.67,152.39,156.0,152.28,400092,0.0,2.8218,inf
160,2020-09-01,150.81,150.77,152.28,148.6,318361,0.0,2.7593,inf
161,2020-09-02,143.63,137.93,143.63,136.64,1143489,0.0,2.8127,inf
162,2020-09-03,137.93,137.6,139.4,134.8,447106,0.0,2.6447,inf
163,2020-09-04,135.43,139.07,142.23,134.98,532771,0.0,2.5614,inf
164,2020-09-07,134.98,132.04,139.07,131.93,590922,0.0,2.6213,inf
165,2020-09-08,132.0,128.62,133.33,127.51,445311,0.0,2.7515,inf
166,2020-09-09,126.15,123.54,127.44,122.1,504033,0.0,2.8518,inf
167,2020-09-10,126.26,124.68,128.47,124.31,446656,0.0,2.8843,inf
168,2020-09-11,124.86,131.49,131.78,124.83,597635,0.0,2.7814,inf
169,2020-09-14,131.86,130.9,132.7,129.46,441191,0.0,2.8062,inf
170,2020-09-15,130.02,131.82,133.88,127.88,455386,0.0,3.1174,inf
171,2020-09-16,131.01,130.53,133.11,130.27,305351,0.0,3.1122,inf
172,2020-09-17,129.13,131.49,134.25,126.7,419724,0.0,3.0041,inf
173,2020-09-18,131.3,134.58,134.62,130.46,414792,0.0,3.0757,inf
174,2020-09-21,135.76,136.57,139.51,133.92,480153,0.0,3.021,inf
175,2020-09-22,134.43,132.96,135.65,132.81,278606,0.0,3.2971,inf
176,2020-09-23,133.77,133.51,134.98,131.78,237013,0.0,3.2307,inf
177,2020-09-24,131.86,132.08,133.7,130.57,241441,0.0,3.1903,inf
178,2020-09-25,132.81,133.22,133.88,130.94,213802,0.0,3.3179,inf
179,2020-09-28,130.94,127.07,131.71,126.63,304323,0.0,3.1018,inf
180,2020-09-29,128.54,130.57,131.63,127.37,299001,0.0,3.4312,inf
181,2020-09-30,131.71,130.16,131.89,129.83,166922,0.0,3.4534,inf
182,2020-10-09,133.44,133.81,135.17,132.04,265438,0.0,3.4,inf
183,2020-10-12,136.09,142.53,142.86,135.31,565441,0.0,3.5328,inf
184,2020-10-13,143.12,143.26,144.81,140.14,429007,0.0,3.5094,inf
185,2020-10-14,142.23,139.4,142.34,138.66,305255,0.0,3.4651,inf
186,2020-10-15,139.4,137.63,143.08,137.19,321936,0.0,3.8037,inf
187,2020-10-16,140.43,138.96,141.24,137.27,259697,0.0,4.111,inf
188,2020-10-19,140.14,137.74,140.72,137.38,252554,0.0,4.568,inf
189,2020-10-20,137.78,137.45,137.78,134.14,268205,0.0,4.4118,inf
190,2020-10-21,137.85,133.03,137.89,131.75,272233,0.0,4.0159,inf
191,2020-10-22,130.94,131.05,132.33,128.18,196237,0.0,3.9456,inf
192,2020-10-23,130.94,128.4,132.89,127.66,186559,0.0,3.9716,inf
193,2020-10-26,126.45,127.15,129.28,125.49,160146,0.0,4.1149,inf
194,2020-10-27,125.71,130.05,130.16,125.71,180396,0.0,4.0042,inf
195,2020-10-28,130.02,129.65,131.56,126.81,198411,0.0,3.9521,inf
196,2020-10-29,127.48,131.56,132.15,126.81,233322,0.0,3.624,inf
197,2020-10-30,132.11,134.69,138.74,131.97,535960,0.0,3.538,inf
198,2020-11-02,139.55,140.17,140.8,135.31,635517,0.0,3.4495,inf
199,2020-11-03,140.47,139.14,143.23,138.07,590928,0.0,3.3987,inf
200,2020-11-04,139.33,139.66,142.38,137.93,382872,0.0,3.4521,inf
201,2020-11-05,143.34,141.09,144.18,139.03,413368,0.0,3.202,inf
202,2020-11-06,142.01,149.89,149.89,138.63,828941,0.0,3.1252,inf
203,2020-11-09,154.86,165.05,165.05,153.75,1062492,0.0,3.1643,inf
204,2020-11-10,164.79,163.06,168.47,157.8,1157870,0.0,3.0757,inf
205,2020-11-11,160.38,151.99,163.69,151.07,931697,0.0,3.4169,inf
206,2020-11-12,154.82,151.76,155.22,149.15,514024,0.0,3.3857,inf
207,2020-11-13,150.29,157.03,159.12,149.37,656366,0.0,3.1903,inf
208,2020-11-16,156.66,154.75,157.25,151.76,429057,0.0,3.232,inf
209,2020-11-17,153.38,160.71,160.71,147.13,835914,0.0,3.0862,inf
210,2020-11-18,158.54,158.54,164.79,157.62,729177,0.0,3.1382,inf
211,2020-11-19,155.92,155.89,161.04,153.42,515953,0.0,3.1408,inf
212,2020-11-20,155.22,152.91,157.03,151.54,449092,0.0,3.0132,inf
213,2020-11-23,153.02,156.14,159.09,150.81,508676,0.0,3.0328,inf
214,2020-11-24,157.8,159.23,163.5,157.65,803005,0.0,2.9494,inf
215,2020-11-25,159.46,163.61,167.0,157.43,963543,0.0,2.8791,inf
216,2020-11-26,163.39,159.46,166.96,159.46,784706,0.0,2.814,inf
217,2020-11-27,157.43,156.4,158.57,153.6,680647,0.0,2.9859,inf
218,2020-11-30,158.94,160.6,162.22,156.22,724984,0.0,3.0627,inf
219,2020-12-01,158.72,164.02,164.02,158.72,610175,0.0,3.0093,inf
