,日期,开盘,收盘,最高,最低,成交量,pe,pb,roe
0,2020-01-03,383.22,400.81,406.07,381.99,987249,81.1376,4.2632,0.052542840803770384
1,2020-01-06,420.07,435.86,436.53,420.07,1234005,80.229,4.2154,0.05254209824377719
2,2020-01-07,423.32,422.98,426.45,414.58,707043,80.4645,4.2278,0.052542425541698516
3,2020-01-08,448.18,442.36,451.21,427.13,1326358,80.0943,4.2083,0.0525418163339963
4,2020-01-09,407.75,411.45,418.95,407.75,1006374,80.3636,4.2225,0.052542444589341444
5,2020-01-10,407.64,403.94,407.64,398.9,627513,80.6664,4.2384,0.05254232245395853
6,2020-01-13,401.48,401.14,404.39,397.67,386362,82.8539,4.3533,0.05254188396683802
7,2020-01-14,393.53,396.44,399.24,391.17,544289,82.2818,4.3233,0.05254260358912906
8,2020-01-15,396.89,397.22,400.81,392.97,416085,81.4405,4.2791,0.052542653839305994
9,2020-01-16,399.69,392.97,399.91,392.07,327362,82.0126,4.3091,0.05254192648446702
10,2020-01-17,389.94,395.21,397.45,389.61,322165,81.8107,4.2985,0.052542026898681954
11,2020-01-20,393.75,396.66,397.11,390.5,280754,83.2577,4.3745,0.05254168683497142
12,2020-01-21,398.23,399.13,403.16,396.66,438523,82.2818,4.3233,0.05254260358912906
13,2020-01-22,389.83,382.66,391.29,378.07,475233,82.1135,4.3144,0.052541908455978614
14,2020-01-23,384.34,374.93,386.47,370.12,370297,82.9885,4.3604,0.05254221970513987
15,2020-02-03,358.36,365.19,380.87,342.01,698320,83.7625,4.4011,0.05254260558125652
16,2020-02-04,358.36,362.05,363.85,353.77,370996,87.1615,4.5797,0.052542693735192714
17,2020-02-05,352.87,372.81,377.4,352.87,633295,86.8923,4.5655,0.052542054934672
18,2020-02-06,367.54,372.36,375.05,366.09,485029,83.7625,4.4011,0.05254260558125652
19,2020-02-07,375.27,374.37,382.89,373.25,505095,82.7866,4.3498,0.05254231965076473
20,2020-02-10,376.17,381.77,383.11,371.46,523211,83.5943,4.3922,0.05254185991150114
21,2020-02-11,376.61,376.17,382.1,375.38,384199,81.4068,4.2773,0.0525422937641573
22,2020-02-12,372.81,376.84,378.29,371.13,316993,80.027,4.2048,0.052542266984892595
23,2020-02-13,377.17,389.27,389.38,375.61,719172,82.3491,4.3268,0.05254216500241047
24,2020-02-14,386.47,385.35,390.73,383.22,488777,84.301,4.5837,0.05437302048611523
25,2020-02-17,387.59,391.4,392.41,385.57,474686,85.1087,4.6276,0.05437281969998367
26,2020-02-18,394.31,400.92,404.28,392.52,631336,84.6039,4.6001,0.05437219797196111
27,2020-02-19,414.81,408.98,418.5,405.96,801061,85.6471,4.6569,0.05437311946347279
28,2020-02-20,408.31,406.29,411.22,404.17,624308,86.0846,4.6806,0.0543720944280394
29,2020-02-21,414.47,427.8,432.95,411.45,955657,87.7672,4.7721,0.05437224840259231
30,2020-02-24,448.07,442.47,450.87,438.1,1128759,86.8923,4.7246,0.054373057221410864
31,2020-02-25,429.59,427.91,450.76,425.78,1200011,87.9019,4.7794,0.054371976032372454
32,2020-02-26,427.57,410.33,428.69,409.43,882485,87.5317,4.7593,0.054372301691844205
33,2020-02-27,410.21,414.92,417.49,405.51,539501,87.0605,4.7337,0.05437253404241877
34,2020-02-28,401.25,391.17,407.75,388.71,766709,87.0942,4.7355,0.054372162555026624
35,2020-03-02,380.87,395.88,398.45,380.87,604375,88.7432,4.8252,0.054372616718802114
36,2020-03-03,393.3,398.45,405.06,392.18,517930,89.0124,4.8398,0.054372199828338526
37,2020-03-04,412.01,404.39,413.69,401.93,693099,87.1951,4.741,0.05437232138044454
38,2020-03-05,401.03,408.98,409.21,399.24,426623,85.8154,4.666,0.054372525211092655
39,2020-03-06,417.83,420.18,425.67,414.81,785750,85.9836,4.6752,0.054373159532748114
40,2020-03-09,428.47,403.49,429.25,395.43,748374,85.3442,4.6404,0.054372763468402065
41,2020-03-10,392.29,396.21,397.45,380.87,660975,84.6712,4.6038,0.05437267925811846
42,2020-03-11,392.18,401.03,402.37,388.37,448239,85.849,4.6678,0.05437221167398571
43,2020-03-12,389.38,387.59,391.73,382.66,444108,86.8586,4.7227,0.054372278622957314
44,2020-03-13,351.41,370.01,374.15,351.3,649038,89.5845,4.8709,0.05437212910715581
45,2020-03-16,360.93,366.09,379.3,360.93,485414,90.022,4.8947,0.0543722645575526
46,2020-03-17,364.18,347.94,366.31,338.09,517865,88.0365,4.7868,0.05437290214854067
47,2020-03-18,355.89,341.45,359.03,340.55,412706,91.2335,4.9606,0.054372571478678335
48,2020-03-19,336.07,335.29,342.45,322.63,437918,93.0171,5.0576,0.054372798119915584
49,2020-03-20,336.63,348.39,351.19,331.93,431387,91.0316,4.9496,0.054372327850988014
50,2020-03-23,336.41,347.27,358.69,336.41,490843,90.9979,4.9478,0.054372683325659164
51,2020-03-24,378.63,380.87,380.87,368.55,935719,90.4258,4.9167,0.05437275644782794
52,2020-03-25,403.27,392.07,403.27,389.27,781924,90.9979,4.9478,0.054372683325659164
53,2020-03-26,388.71,396.66,399.91,382.77,639148,91.57,4.9789,0.05437261111717812
54,2020-03-27,396.55,405.06,409.99,393.19,709424,93.2864,5.0722,0.05437234152030735
55,2020-03-30,396.89,394.98,407.75,389.05,581793,95.7767,5.2076,0.054372305581628935
56,2020-03-31,391.51,395.88,402.37,387.03,379958,95.3392,5.1838,0.05437217849530938
57,2020-04-01,382.66,400.58,402.15,379.08,562402,97.1901,5.2845,0.05437282192322058
58,2020-04-02,393.97,390.95,394.09,385.57,406199,100.2525,5.451,0.05437270891000224
59,2020-04-03,395.43,395.65,404.39,393.53,450174,97.5603,5.3046,0.054372526529746217
60,2020-04-07,414.47,425.33,426.9,410.44,733629,97.5266,5.3652,0.055012683719108425
61,2020-04-08,415.93,417.72,421.41,414.13,388700,96.5171,5.3097,0.05501304950107287
62,2020-04-09,415.59,420.07,420.97,410.66,329457,94.7671,5.2134,0.055012762868126175
63,2020-04-10,435.53,415.03,436.87,413.91,573493,95.8776,5.2745,0.05501284971672215
64,2020-04-13,414.36,416.93,419.62,407.86,270824,97.6949,5.3745,0.05501310713251152
65,2020-04-14,425.67,427.57,437.21,423.32,656726,96.8536,5.3282,0.05501292672652333
66,2020-04-15,425.67,423.32,430.71,423.32,335060,97.8295,5.3819,0.05501305843329466
67,2020-04-16,419.73,431.16,431.83,418.39,308696,101.9015,5.6059,0.05501292915217146
68,2020-04-17,425.56,418.17,426.34,414.58,474722,102.1612,5.5468,0.05429458541990502
69,2020-04-20,409.09,415.03,417.49,407.53,307523,98.4112,5.3432,0.054294633131188326
70,2020-04-21,414.02,416.37,419.4,410.77,236069,94.2527,5.1174,0.054294465834930986
71,2020-04-22,414.47,414.81,417.83,412.45,188803,93.4594,5.0744,0.054295234080253024
72,2020-04-23,421.75,426.57,428.02,419.62,426199,94.469,5.1292,0.05429505975505192
73,2020-04-24,424.55,430.71,435.75,422.2,405371,99.4929,5.402,0.054295331626678885
74,2020-04-27,426.79,426.9,435.19,422.09,303623,103.7477,5.633,0.05429517955578775
75,2020-04-28,422.31,416.15,422.53,410.55,333796,107.0168,5.8105,0.054295213461811605
76,2020-04-29,417.94,416.04,422.87,415.7,210423,109.6369,5.9527,0.054294676336160544
77,2020-04-30,414.47,417.72,418.95,408.31,365304,107.8341,5.8548,0.054294513516596324
78,2020-05-06,414.25,419.62,421.75,413.01,292200,101.2958,5.4998,0.054294452484703215
79,2020-05-07,413.24,413.35,418.17,412.01,248389,102.4977,5.5651,0.054294876860651514
80,2020-05-08,422.31,421.53,424.33,419.06,368551,103.3871,5.6134,0.054294974904992986
81,2020-05-11,416.71,413.46,417.27,411.11,367577,99.3968,5.3967,0.05429450445084751
82,2020-05-12,410.33,411.22,412.9,406.07,225163,102.8583,5.5847,0.054295083624753666
83,2020-05-13,411.67,411.0,414.02,408.53,156589,101.9208,5.5338,0.05429509972449196
84,2020-05-14,413.13,414.69,415.14,408.87,255856,105.7188,5.74,0.054294978754961275
85,2020-05-15,418.95,424.66,427.35,417.83,521440,97.2334,5.2793,0.05429512904002123
86,2020-05-18,435.53,458.15,463.19,433.51,858378,96.5122,5.2401,0.0542946902049689
87,2020-05-19,444.15,434.85,446.73,434.85,640455,94.8296,5.1488,0.05429528332925584
88,2020-05-20,442.47,442.92,447.4,436.76,418209,94.0604,5.107,0.05429489987284766
89,2020-05-21,437.09,429.03,439.0,427.91,333179,92.3777,5.0156,0.05429448882143634
90,2020-05-22,423.77,423.54,427.01,411.56,418315,89.4932,4.859,0.05429462797173416
91,2020-05-25,417.94,418.95,421.75,414.58,179983,89.7816,4.8747,0.054295089416985215
92,2020-05-26,423.43,426.01,429.59,420.07,198742,93.5315,5.0783,0.05429507705960024
93,2020-05-27,417.72,415.81,420.41,413.13,271976,93.1469,5.0574,0.05429488259942092
94,2020-05-28,418.05,426.12,428.13,417.05,286514,95.7911,5.201,0.05429523202051129
95,2020-05-29,422.31,426.79,427.91,421.3,195000,94.469,5.1292,0.05429505975505192
96,2020-06-01,427.8,434.18,436.53,425.78,297973,99.8776,5.4228,0.054294456414651526
97,2020-06-02,432.5,428.25,432.95,426.57,253524,94.6373,5.1383,0.05429465971662337
98,2020-06-03,421.75,421.75,423.54,419.85,251807,92.3777,5.0156,0.05429448882143634
99,2020-06-04,414.47,415.03,417.61,412.12,319712,90.5508,4.9164,0.054294385030281354
100,2020-06-05,418.73,415.81,418.73,413.91,186245,87.8346,4.769,0.05429523217501987
101,2020-06-08,411.56,417.72,418.17,409.21,300821,87.7865,4.7664,0.054295364321393376
102,2020-06-09,418.28,413.91,419.29,413.01,243820,88.9163,4.8277,0.05429488181582005
103,2020-06-10,419.06,416.15,419.85,415.14,225388,88.0269,4.7794,0.05429476671335694
104,2020-06-11,420.07,419.4,421.41,415.81,297384,88.2672,4.7925,0.0542953667953668
105,2020-06-12,413.46,412.9,416.49,410.89,260027,87.6903,4.7611,0.05429448867206521
106,2020-06-15,413.13,407.41,416.71,407.08,263548,85.9836,4.6685,0.05429523769649096
107,2020-06-16,410.55,410.21,413.13,408.09,205301,87.3538,4.7429,0.05429529110353527
108,2020-06-17,408.31,412.34,412.68,405.17,240759,84.8298,4.6058,0.05429459930354663
109,2020-06-18,410.89,404.05,411.78,401.59,370541,84.301,4.5771,0.05429472959988612
110,2020-06-19,404.28,406.52,407.08,399.46,278089,86.0798,4.6737,0.054294968157453896
111,2020-06-22,414.36,418.28,421.75,413.91,467500,85.6231,4.6489,0.05429492742028729
112,2020-06-23,420.97,411.89,421.53,411.67,354229,85.0221,4.6163,0.054295294988009
113,2020-06-24,421.19,419.85,425.78,419.06,455899,86.2,4.6802,0.05429466357308585
114,2020-06-29,421.75,422.53,425.22,417.72,320402,87.5942,4.7559,0.05429469074436435
115,2020-06-30,420.07,421.41,422.53,415.37,239653,86.8971,4.7181,0.05429525266090583
116,2020-07-01,427.01,425.56,427.8,421.53,333223,86.4163,4.692,0.05429531234269461
117,2020-07-02,416.82,420.29,420.97,414.69,408973,87.2336,4.7363,0.05429444617670256
118,2020-07-03,419.62,420.52,423.99,416.71,413675,86.825,4.7142,0.05429542182551109
119,2020-07-06,419.62,433.17,433.4,418.5,732937,86.6567,4.705,0.05429470542958594
120,2020-07-07,436.76,441.69,448.97,434.85,707272,88.099,4.7833,0.05429460039273998
121,2020-07-08,449.19,452.21,457.48,441.69,639285,89.4932,4.859,0.05429462797173416
122,2020-07-09,462.52,476.63,481.67,459.27,835206,90.7672,4.9282,0.05429494354788955
123,2020-07-10,467.22,451.43,467.45,448.18,719559,89.1807,4.8421,0.054295380054204555
124,2020-07-13,453.67,457.59,457.93,448.85,487701,89.0365,4.8342,0.0542945870513778
125,2020-07-14,446.95,445.27,451.32,438.77,496185,86.825,4.7142,0.05429542182551109
126,2020-07-15,452.33,447.06,453.56,445.94,382403,89.0124,4.8329,0.0542946825386126
127,2020-07-16,446.95,429.59,449.41,428.02,403763,87.498,4.7507,0.0542949553132643
128,2020-07-17,425.67,428.25,431.27,420.52,285685,88.4836,4.8042,0.05429480717330669
129,2020-07-20,430.15,441.69,443.7,428.69,343527,89.6614,4.8682,0.05429538240536061
130,2020-07-21,447.73,449.53,451.77,442.47,420179,92.6421,5.03,0.05429496956567263
131,2020-07-22,473.27,453.11,473.83,452.33,676081,90.9114,4.936,0.05429462091662872
132,2020-07-23,459.27,460.95,467.33,451.77,597627,95.9113,5.2075,0.05429495794551841
133,2020-07-24,463.64,464.31,477.86,454.23,794040,88.724,4.8173,0.05429534286100717
134,2020-07-27,478.31,503.85,504.07,473.49,1018932,86.5846,4.7011,0.05429487460818668
135,2020-07-28,528.49,486.15,535.88,480.44,1084161,85.7913,4.658,0.054294549680445454
136,2020-07-29,491.75,490.52,492.09,480.33,577303,85.8394,4.6606,0.0542944149190232
137,2020-07-30,490.63,474.39,490.85,473.94,598406,86.3202,4.6867,0.05429435983697906
138,2020-07-31,474.39,492.98,496.79,473.72,669780,88.0509,4.7807,0.054294731797176414
139,2020-08-03,486.04,488.84,494.89,479.54,530129,86.2961,4.6854,0.054294458266364296
140,2020-08-04,488.84,483.24,492.53,481.67,421162,87.6423,4.7585,0.05429455867771612
141,2020-08-05,499.81,513.7,514.49,491.75,783587,87.2336,4.7363,0.05429444617670256
142,2020-08-06,513.7,522.1,537.33,509.67,862224,86.873,4.7168,0.0542953506843323
143,2020-08-07,528.26,509.89,544.05,502.05,819332,86.8971,4.8477,0.055786671822189694
144,2020-08-10,496.57,494.66,499.25,486.71,497973,89.2047,4.9764,0.05578629825558518
145,2020-08-11,485.59,474.84,492.42,472.15,546962,90.022,5.022,0.05578636333340739
146,2020-08-12,443.7,451.43,451.65,431.27,841270,89.1326,4.9724,0.055786547234120853
147,2020-08-13,450.31,446.73,450.31,442.47,383924,86.6086,4.8316,0.0557866077964544
148,2020-08-14,451.09,450.42,454.57,445.72,319801,86.9452,4.8504,0.05578686344962114
149,2020-08-17,450.09,469.8,471.25,447.85,414477,86.6567,4.8343,0.05578680009739581
150,2020-08-18,477.75,487.27,487.94,477.3,497950,87.3298,4.8718,0.0557862264656509
151,2020-08-19,493.77,487.18,498.31,485.61,511721,132.6942,5.0274,0.03788711187075246
152,2020-08-20,463.66,468.21,476.99,455.04,564694,130.2166,4.9335,0.03788687463810298
153,2020-08-21,469.31,463.66,471.66,461.62,348985,131.5616,4.9845,0.0378871950477951
154,2020-08-24,458.96,467.58,471.66,457.39,307323,128.1991,4.8571,0.03788716145433159
155,2020-08-25,463.97,459.11,466.01,455.82,372210,127.5974,4.8343,0.03788713563129029
156,2020-08-26,456.92,453.94,461.78,451.43,332490,129.1902,4.8946,0.037886774693436494
157,2020-08-27,461.47,462.09,463.66,455.98,266145,128.4469,4.8665,0.03788725146344521
158,2020-08-28,455.04,466.8,467.89,453.31,353688,130.8537,4.9577,0.0378873505296373
159,2020-08-31,471.81,466.95,480.44,466.95,557076,121.4742,4.6023,0.037887057498629334
160,2020-09-01,468.21,479.5,480.75,468.21,533014,119.9876,4.546,0.037887248348996067
161,2020-09-02,471.03,465.23,471.03,463.82,475138,123.0315,4.6613,0.03788704518761456
162,2020-09-03,460.37,456.6,463.66,455.04,352787,121.5449,4.605,0.037887233442127154
163,2020-09-04,455.35,458.64,460.84,452.68,245872,121.2618,4.5943,0.03788744682991676
164,2020-09-07,456.76,447.04,461.62,443.75,382519,124.4473,4.904,0.03940623862470299
165,2020-09-08,443.9,439.04,446.1,426.34,430914,121.7927,4.7994,0.039406302676597206
166,2020-09-09,432.61,436.38,436.69,428.07,263944,120.3415,4.7422,0.039406189884620024
167,2020-09-10,442.96,433.71,444.06,431.67,235420,116.8021,4.6027,0.03940596958445096
168,2020-09-11,431.83,436.38,436.53,428.07,169454,106.1837,4.1843,0.039406236550431004
169,2020-09-14,436.53,436.53,440.92,433.71,198804,106.5377,4.1982,0.039405769037627054
170,2020-09-15,438.1,445.79,447.04,437.16,298677,102.3965,4.035,0.03940564374758903
171,2020-09-16,438.42,437.47,440.14,435.91,191446,104.3432,4.1117,0.03940553864554662
172,2020-09-17,434.03,422.58,434.03,418.5,417600,106.3961,4.1926,0.03940557971579785
173,2020-09-18,423.52,431.83,431.83,421.01,231115,112.13,4.4186,0.039406046553108
174,2020-09-21,429.16,429.79,432.3,427.44,158822,113.3688,4.4674,0.03940590356429635
175,2020-09-22,418.97,417.09,421.64,415.52,284420,118.9258,4.6864,0.03940608345707996
176,2020-09-23,417.09,412.39,418.35,410.51,264975,123.1731,4.8538,0.03940633141489497
177,2020-09-24,409.09,406.9,414.58,404.39,300490,121.6511,4.7938,0.03940613771679829
178,2020-09-25,408.62,410.03,411.29,406.74,153623,123.9518,4.8844,0.0394056399342325
179,2020-09-28,410.19,413.01,415.99,406.11,183791,129.2256,5.0923,0.03940627863209767
180,2020-09-29,417.09,412.23,418.5,410.82,185919,125.6861,4.9528,0.039406107755750236
181,2020-10-09,413.95,418.66,423.99,413.95,277530,124.2349,4.8956,0.03940599622167362
182,2020-10-12,422.74,427.13,427.44,422.74,276358,122.359,4.8217,0.03940617363659396
183,2020-10-13,423.99,425.87,427.91,419.91,232509,121.5449,4.7896,0.03940601374471492
184,2020-10-14,419.44,418.19,420.38,416.46,214005,120.0584,4.731,0.0394058224997168
185,2020-10-15,415.68,418.03,421.01,415.68,139935,127.562,5.0267,0.03940593593703454
186,2020-10-16,421.17,420.23,425.56,418.5,196041,126.1108,4.9695,0.03940582408485237
187,2020-10-19,418.5,421.95,423.52,415.52,242733,131.6678,5.1885,0.03940598992312472
188,2020-10-20,417.87,417.25,417.87,412.86,165750,136.2691,5.3698,0.03940585209706382
189,2020-10-21,419.44,421.32,423.21,418.66,278538,131.6324,5.1871,0.039405951726170764
190,2020-10-22,420.07,413.48,420.07,410.35,245640,124.8366,4.9193,0.03940591140739174
191,2020-10-23,409.88,411.45,414.74,409.41,160236,125.6861,4.9528,0.039406107755750236
192,2020-10-26,410.66,406.59,413.48,405.96,163720,123.1377,4.8524,0.039406290681083055
193,2020-10-27,407.53,408.94,410.03,407.21,136918,120.1292,4.7338,0.03940590630754221
194,2020-10-28,407.68,405.17,408.31,403.61,216112,118.2179,4.6585,0.0394060459541237
195,2020-10-29,394.51,396.08,396.24,392.47,296576,119.4567,4.7073,0.03940591025869625
196,2020-10-30,393.41,385.26,396.55,383.85,299745,115.5279,4.5525,0.03940606554780274
197,2020-11-02,384.63,391.69,392.94,383.69,251406,115.3155,4.5441,0.03940580407664191
198,2020-11-03,392.63,401.88,404.08,391.69,306425,117.0852,4.6139,0.039406346831196426
199,2020-11-04,400.47,398.12,400.47,394.98,201889,114.7492,4.5218,0.03940593921351957
200,2020-11-05,401.41,402.67,403.61,398.12,210686,114.1121,4.4967,0.03940598762094467
201,2020-11-06,410.66,417.25,423.99,409.41,538486,114.2537,4.5023,0.039406163651592906
202,2020-11-09,417.09,418.5,421.79,409.88,450117,110.8558,4.3684,0.0394061474456005
203,2020-11-10,396.71,402.67,402.98,394.98,492185,111.8468,4.4074,0.0394056870648065
204,2020-11-11,399.06,399.06,400.78,396.71,214426,114.9262,4.5288,0.039406158038811
205,2020-11-12,396.86,394.98,397.8,394.2,212919,117.3684,4.625,0.03940583666472407
206,2020-11-13,396.71,395.77,397.65,393.73,154690,122.5714,4.83,0.03940560359104979
207,2020-11-16,396.86,400.31,404.23,396.39,311702,121.7927,4.7994,0.039406302676597206
208,2020-11-17,398.27,393.57,398.9,392.0,263143,121.3326,4.7812,0.039405732672010654
209,2020-11-18,390.28,394.51,396.55,389.96,181370,120.6247,4.7533,0.03940569385872048
210,2020-11-19,392.47,391.85,392.94,390.12,177517,121.9697,4.8063,0.03940568846197048
211,2020-11-20,390.28,395.77,396.24,390.28,199426,121.7219,4.7966,0.03940622024467248
212,2020-11-23,396.24,398.43,400.16,392.63,309106,123.2085,4.8552,0.03940637212529979
213,2020-11-24,391.06,388.24,391.06,386.36,434425,124.0934,4.89,0.039405802403673355
214,2020-11-25,385.57,386.83,388.08,384.79,222480,126.4648,4.9835,0.039406222126631286
215,2020-11-26,387.14,385.57,388.08,384.63,159526,136.2337,5.3684,0.03940581515440013
216,2020-11-27,386.2,387.3,387.61,384.32,156584,130.1104,5.1271,0.039405766180105516
217,2020-11-30,383.38,386.2,386.51,378.52,309051,134.1808,5.2875,0.03940578681897857
218,2020-12-01,386.04,390.43,390.59,384.16,279013,123.1023,4.851,0.039406249923843825
