,日期,开盘,收盘,最高,最低,成交量,pe,pb,roe
0,2020-01-03,52.75,52.69,52.99,52.28,382041,17.0176,1.5292,0.08985990974050394
1,2020-01-06,52.28,52.87,53.28,52.11,486917,16.8308,1.5125,0.08986500938755139
2,2020-01-07,52.93,53.28,53.45,52.4,528280,16.9865,1.5264,0.08985959438377535
3,2020-01-08,52.87,52.34,53.1,52.17,474536,17.1733,1.5432,0.0898604228657276
4,2020-01-09,52.81,54.51,55.21,52.69,1091850,17.1733,1.5432,0.0898604228657276
5,2020-01-10,54.33,54.16,54.62,53.63,549478,17.2823,1.553,0.08986072455633799
6,2020-01-13,54.04,54.56,54.97,53.86,533840,17.438,1.567,0.08986122261727263
7,2020-01-14,54.68,54.62,55.27,54.27,585506,17.3134,1.5558,0.08986103249506162
8,2020-01-15,54.51,54.1,54.62,53.63,378844,17.2823,1.553,0.08986072455633799
9,2020-01-16,54.16,53.39,54.27,53.34,359534,17.1422,1.5404,0.08986011130426667
10,2020-01-17,53.57,53.28,53.86,53.04,283875,16.7841,1.5083,0.08986481253090724
11,2020-01-20,53.28,54.21,54.39,52.99,395332,16.6595,1.4971,0.08986464179597227
12,2020-01-21,53.92,53.28,54.04,53.16,359855,16.7529,1.5055,0.08986503829187782
13,2020-01-22,53.04,53.63,53.92,51.99,415639,16.6595,1.4971,0.08986464179597227
14,2020-01-23,52.99,51.58,53.28,51.29,492449,16.6128,1.4929,0.08986444187614369
15,2020-02-03,46.73,46.73,46.73,46.73,167222,17.2356,1.5488,0.08986052124672189
16,2020-02-04,44.21,46.02,47.31,44.21,629936,17.6092,1.5824,0.08986211752947322
17,2020-02-05,46.32,46.61,47.49,46.08,475041,17.3601,1.56,0.08986123351824012
18,2020-02-06,46.55,47.14,47.37,46.14,499554,17.5158,1.574,0.08986172484271344
19,2020-02-07,46.96,47.37,47.37,46.37,537576,16.2703,1.4621,0.08986312483482173
20,2020-02-10,47.08,48.01,48.13,46.9,462075,16.4727,1.4803,0.08986383531540063
21,2020-02-11,47.9,47.78,48.25,47.6,411528,16.3014,1.4649,0.08986344731127388
22,2020-02-12,47.66,48.6,48.71,47.54,429290,17.1733,1.5794,0.09196834621185211
23,2020-02-13,48.36,47.95,49.07,47.9,431390,17.329,1.5938,0.09197299324831208
24,2020-02-14,47.95,48.01,48.42,47.6,351416,17.0954,1.5723,0.09197210945634497
25,2020-02-17,49.24,50.82,50.94,49.24,839710,17.1266,1.5751,0.09196804970046595
26,2020-02-18,50.94,51.0,51.29,50.35,646366,17.2978,1.5909,0.09197123333603117
27,2020-02-19,51.05,51.64,52.69,50.76,743601,16.9709,1.5608,0.09196919432675933
28,2020-02-20,52.4,52.17,52.99,51.0,740063,17.111,1.5737,0.09197007772777746
29,2020-02-21,52.17,53.22,53.92,52.17,1014171,17.3134,1.5923,0.09196922614853234
30,2020-02-24,53.51,56.61,57.08,53.28,1775360,17.9206,1.6482,0.09197236699664074
31,2020-02-25,55.21,59.19,59.48,54.04,2433291,17.6559,1.6238,0.09196925673570874
32,2020-02-26,57.96,56.73,60.94,56.26,1983390,17.8272,1.6396,0.09197181834500089
33,2020-02-27,57.37,55.62,57.84,54.8,1179279,17.7338,1.631,0.09197126391410754
34,2020-02-28,52.99,52.52,54.33,51.99,1091249,17.8739,1.6439,0.09197209338756511
35,2020-03-02,53.22,56.03,56.67,53.04,1140724,17.2511,1.5866,0.09197094678020531
36,2020-03-03,57.61,55.91,58.72,55.44,1417001,17.22,1.5837,0.0919686411149826
37,2020-03-04,55.27,56.32,56.79,55.03,792130,16.9085,1.5551,0.09197149362746547
38,2020-03-05,58.54,58.72,59.36,56.85,1697275,16.3169,1.5007,0.0919721270584486
39,2020-03-06,57.78,57.37,58.6,57.37,901115,16.3013,1.4992,0.09196812524154516
40,2020-03-09,56.26,57.08,59.01,55.62,1271036,15.881,1.4606,0.09197153831622693
41,2020-03-10,56.38,62.46,62.46,56.38,2950272,16.1301,1.4835,0.091970911525657
42,2020-03-11,65.21,63.69,68.31,62.99,4289595,16.3325,1.5021,0.09196999846930966
43,2020-03-12,62.87,67.2,67.38,62.87,2631301,16.6283,1.5293,0.0919697142822778
44,2020-03-13,63.34,66.56,69.83,63.34,2883836,16.5972,1.5265,0.09197334490154965
45,2020-03-16,68.02,62.35,68.02,62.35,2197465,17.0175,1.5651,0.09197003085059498
46,2020-03-17,64.39,68.25,68.25,61.53,3051591,16.9397,1.558,0.09197329350578819
47,2020-03-18,67.9,68.37,73.46,66.62,3489454,16.7373,1.5393,0.09196823860479288
48,2020-03-19,69.66,72.88,73.99,67.67,2991687,16.7684,1.5422,0.09197061138808711
49,2020-03-20,74.34,73.58,76.21,71.12,2969609,17.0331,1.5665,0.09196799173374194
50,2020-03-23,71.71,69.37,74.81,67.73,2323341,17.2355,1.5852,0.09197296278030809
51,2020-03-24,71.41,67.43,72.0,63.81,2853944,16.566,1.5236,0.0919715079077629
52,2020-03-25,68.84,67.67,70.42,66.67,2050802,16.3792,1.5064,0.09197030379994138
53,2020-03-26,66.44,68.66,70.3,64.57,1762625,16.8151,1.5465,0.09197090710135532
54,2020-03-27,68.84,65.68,69.54,65.56,1389938,17.2511,1.5866,0.09197094678020531
55,2020-03-30,63.34,61.18,63.46,61.06,1488082,17.2355,1.5852,0.09197296278030809
56,2020-03-31,62.23,59.48,62.52,59.3,1279725,17.4846,1.6081,0.0919723642519703
57,2020-04-01,59.13,58.6,61.06,58.25,1127515,17.6247,1.621,0.0919731967068943
58,2020-04-02,59.24,62.93,63.22,58.89,1658248,18.2008,1.6739,0.09196848490176256
59,2020-04-03,61.94,61.18,62.23,60.88,995747,18.2787,1.6811,0.09197043553425571
60,2020-04-07,62.4,62.64,63.4,61.76,1054559,17.5936,1.6996,0.0966033102946526
61,2020-04-08,61.88,66.62,68.08,61.47,1684029,16.9397,1.6365,0.09660737793467418
62,2020-04-09,67.03,66.85,67.79,65.91,1105041,16.6283,1.6064,0.09660638790495722
63,2020-04-10,66.67,63.46,66.67,63.05,1000613,16.7996,1.6229,0.09660349055929902
64,2020-04-13,62.58,63.57,64.8,61.35,662153,17.4535,1.6861,0.09660526541954337
65,2020-04-14,64.39,66.03,66.56,64.22,973316,17.5469,1.6951,0.09660395853398605
66,2020-04-15,66.15,66.21,67.9,65.15,1116452,17.5158,1.6921,0.09660420877150916
67,2020-04-16,65.62,68.66,69.66,64.74,1563890,17.4846,1.6891,0.0966050124109216
68,2020-04-17,68.84,67.08,69.6,66.85,1272570,17.6247,1.7026,0.09660306274716732
69,2020-04-20,67.38,69.48,69.54,66.73,1119439,17.9984,1.7387,0.09660303138056715
70,2020-04-21,68.84,71.53,71.88,68.08,1528384,18.0918,1.7478,0.09660730275594469
71,2020-04-22,70.13,70.54,71.24,69.25,979311,17.5313,1.6936,0.09660435906065151
72,2020-04-23,70.54,67.03,70.54,67.03,1303377,17.4846,1.6891,0.0966050124109216
73,2020-04-24,66.91,65.27,68.43,64.86,881969,17.4068,1.6816,0.09660592412160765
74,2020-04-27,65.91,65.74,67.61,64.92,642650,17.4379,1.6846,0.09660566926063346
75,2020-04-28,65.86,64.28,66.03,61.99,808964,17.7493,1.7147,0.09660662674020946
76,2020-04-29,63.81,65.86,66.32,63.81,630200,17.5469,1.6951,0.09660395853398605
77,2020-04-30,65.68,68.6,69.54,65.27,1189853,17.8583,1.7252,0.096604939999888
78,2020-05-06,68.55,69.95,70.18,67.61,1105134,18.2164,1.7598,0.09660525680156343
79,2020-05-07,70.83,68.66,71.59,68.49,1028955,18.1697,1.7553,0.09660588782423486
80,2020-05-08,69.25,70.42,71.35,68.9,1162881,18.5901,1.7959,0.09660518232822847
81,2020-05-11,73.28,77.15,77.15,72.76,3277918,18.1697,1.7553,0.09660588782423486
82,2020-05-12,76.39,75.8,76.44,74.45,1969476,18.014,1.7402,0.0966026423892528
83,2020-05-13,75.22,75.39,77.15,74.92,1272297,18.3721,1.7748,0.0966030012899995
84,2020-05-14,75.1,75.57,76.74,73.81,1184276,18.0296,1.7418,0.09660780050583485
85,2020-05-15,75.68,75.8,77.09,74.69,1155802,17.5313,1.6936,0.09660435906065151
86,2020-05-18,75.86,73.52,76.21,73.17,1086331,17.3601,1.6771,0.09660658636759005
87,2020-05-19,74.34,73.11,75.04,72.52,1058214,17.9517,1.7342,0.09660366427692085
88,2020-05-20,72.93,73.99,76.21,72.17,1195740,18.4344,1.7809,0.09660742958816126
89,2020-05-21,74.05,71.94,74.81,71.59,828293,18.6523,1.8019,0.09660470826654086
90,2020-05-22,71.94,72.0,73.28,70.59,705152,18.9326,1.829,0.09660585445210905
91,2020-05-25,71.47,69.89,71.47,69.31,674307,18.7146,1.8079,0.0966037211588813
92,2020-05-26,70.36,72.7,73.05,70.36,648607,18.4188,1.7794,0.09660781375551067
93,2020-05-27,72.47,73.81,73.99,71.82,727561,19.8979,1.8942,0.09519597545469623
94,2020-05-28,73.23,71.65,73.69,70.42,676290,20.7231,1.9728,0.09519811225154538
95,2020-05-29,71.12,71.12,73.11,70.71,515005,21.268,2.0246,0.0951946586420914
96,2020-06-01,72.35,74.34,75.1,72.11,828005,20.7075,1.9713,0.09519739224918508
97,2020-06-02,75.1,74.28,75.57,73.69,646275,21.3926,2.0365,0.09519646980731655
98,2020-06-03,74.4,73.87,75.33,72.88,810342,19.4464,1.8512,0.0951949975316768
99,2020-06-04,73.87,73.34,74.69,72.76,549013,19.2751,1.8349,0.09519535566611848
100,2020-06-05,73.34,72.0,73.64,70.94,665295,18.7925,1.789,0.09519755221497937
101,2020-06-08,72.58,72.58,74.16,72.41,572984,17.8427,1.6986,0.09519859662495027
102,2020-06-09,72.35,71.35,72.47,70.71,579222,17.7804,1.6926,0.09519470878045488
103,2020-06-10,71.41,71.65,72.0,70.3,507320,17.4534,1.6615,0.09519635142722908
104,2020-06-11,71.18,70.65,72.58,70.59,460868,17.827,1.6971,0.09519829472148987
105,2020-06-12,69.31,70.71,71.47,68.78,552780,17.3288,1.6497,0.0951998984349753
106,2020-06-15,69.95,67.9,70.42,67.61,728588,17.5935,1.6749,0.09519993179299174
107,2020-06-16,68.72,69.37,69.66,68.6,527560,17.6246,1.6778,0.09519648672877681
108,2020-06-17,69.31,69.42,70.54,68.84,541174,18.0917,1.7223,0.09519835062487218
109,2020-06-18,69.25,70.94,71.65,68.84,714177,18.1851,1.7312,0.09519881661360126
110,2020-06-19,72.23,71.59,73.11,71.06,664249,18.0139,1.7149,0.09519870766463676
111,2020-06-22,71.3,71.24,72.88,70.3,689869,17.6091,1.6763,0.09519509798910789
112,2020-06-23,71.3,69.48,71.3,69.31,482215,17.5935,1.6749,0.09519993179299174
113,2020-06-24,69.54,69.37,69.89,68.84,372893,17.2043,1.6378,0.09519713094982069
114,2020-06-29,68.84,68.37,69.07,68.2,330763,17.9516,1.7089,0.0951948572829163
115,2020-06-30,68.55,70.24,70.42,68.55,498827,17.936,1.7075,0.09519959857270295
116,2020-07-01,70.24,68.84,70.65,68.43,706519,18.2007,1.7327,0.09519963517886673
117,2020-07-02,68.55,70.07,70.24,68.02,618149,18.1229,1.7253,0.09519999558569545
118,2020-07-03,70.36,70.3,71.3,69.95,671676,18.4498,1.7564,0.0951988639443246
119,2020-07-06,71.3,73.87,73.99,71.18,1170879,18.2941,1.7416,0.09520009183288601
120,2020-07-07,74.34,75.68,77.56,73.69,1352221,18.6522,1.7756,0.09519520485519134
121,2020-07-08,76.09,76.33,76.91,74.34,1000813,18.7924,1.789,0.0951980587897235
122,2020-07-09,76.33,83.64,83.64,75.98,2604412,18.9013,1.7994,0.09519980107188396
123,2020-07-10,84.58,81.07,84.75,80.48,2138249,18.9169,1.8008,0.09519530155575175
124,2020-07-13,80.42,83.17,83.7,80.07,1306393,18.0606,1.7193,0.09519617288462177
125,2020-07-14,83.23,81.12,83.23,79.54,1199630,18.2007,1.7327,0.09519963517886673
126,2020-07-15,81.65,78.02,82.59,77.61,1033350,18.7768,1.7875,0.09519726470964168
127,2020-07-16,78.14,73.05,79.25,72.58,1023278,18.481,1.7593,0.09519506520209944
128,2020-07-17,73.05,74.16,75.04,72.23,679956,17.7336,1.6882,0.09519781657418686
129,2020-07-20,74.69,74.98,75.68,73.34,1253539,18.2941,1.7416,0.09520009183288601
130,2020-07-21,74.57,73.93,75.22,73.4,762169,18.2786,1.7401,0.0951987570164017
131,2020-07-22,73.23,73.11,73.64,71.59,1277643,18.8235,1.7919,0.09519483624193163
132,2020-07-23,72.52,71.3,72.52,69.48,1051114,18.5899,1.7697,0.0951968542057784
133,2020-07-24,71.35,69.07,72.23,68.78,800094,18.6989,1.7801,0.09519811325799914
134,2020-07-27,69.13,69.72,69.89,68.25,464910,19.3061,1.8379,0.09519789082207178
135,2020-07-28,70.01,71.59,71.94,69.77,659117,19.2439,1.832,0.09519899812408088
136,2020-07-29,71.59,72.88,73.23,70.59,694108,19.1972,1.8275,0.09519617444210614
137,2020-07-30,72.99,71.53,73.17,71.41,471557,19.3061,1.8379,0.09519789082207178
138,2020-07-31,71.71,72.11,72.82,71.24,487539,19.6642,1.872,0.0951983808138648
139,2020-08-03,72.52,73.69,73.99,72.23,661682,17.8738,1.7015,0.09519520191565309
140,2020-08-04,73.52,72.11,73.87,71.76,621430,17.4067,1.6571,0.09519897510728627
141,2020-08-05,72.7,72.29,72.99,71.59,490794,17.7492,1.6897,0.09519865684087171
142,2020-08-06,72.29,70.94,72.41,69.89,687076,17.3911,1.6556,0.09519811857789327
143,2020-08-07,71.12,69.77,71.3,69.37,480048,15.4638,1.6356,0.10576960384898924
144,2020-08-10,69.37,70.54,71.0,69.37,371042,15.0736,1.5943,0.10576769981955206
145,2020-08-11,70.54,69.37,70.59,69.19,405679,15.4349,1.6326,0.10577328003420819
146,2020-08-12,69.37,69.25,69.72,68.25,388066,15.3193,1.6203,0.10576854033800501
147,2020-08-13,69.31,69.54,70.07,69.31,264304,15.7528,1.6662,0.10577167233761615
148,2020-08-14,69.6,69.72,69.95,68.84,259503,16.62,1.7579,0.10577015643802647
149,2020-08-17,69.95,71.82,72.11,69.95,550503,16.8657,1.7839,0.10577088410205328
150,2020-08-18,71.82,71.47,72.17,71.12,388046,16.3598,1.7304,0.10577146419882884
151,2020-08-19,71.53,70.07,71.53,69.95,343122,15.7673,1.6677,0.10576953568461309
152,2020-08-20,69.54,69.54,69.95,68.96,211971,16.1575,1.709,0.10577131363144052
153,2020-08-21,69.77,69.66,70.3,69.37,191601,15.5505,1.6448,0.10577151860068809
154,2020-08-24,69.37,69.77,70.3,68.66,311238,15.5072,1.6402,0.10577022286421793
155,2020-08-25,69.66,69.42,70.07,69.25,251035,14.9002,1.576,0.10577039234372694
156,2020-08-26,69.19,66.97,69.54,66.62,564787,14.8713,1.5729,0.10576748502148434
157,2020-08-27,66.79,66.32,67.32,65.91,340410,15.7095,1.6616,0.10577039371081193
158,2020-08-28,66.32,67.49,67.73,64.74,504452,15.6517,1.6555,0.1057712580742028
159,2020-08-31,69.48,69.95,71.12,69.42,736815,14.6689,1.5515,0.10576798532950664
160,2020-09-01,69.54,72.52,72.99,69.48,964230,14.3076,1.5133,0.10576896195029216
161,2020-09-02,74.86,72.23,75.27,72.0,842022,14.7412,1.5592,0.10577157897593141
162,2020-09-03,72.58,70.07,72.99,70.07,550745,13.6716,1.4461,0.10577401328301003
163,2020-09-04,69.37,69.54,70.07,68.9,414732,13.8884,1.469,0.1057717231646554
164,2020-09-07,69.31,68.6,70.48,68.31,366946,14.3075,1.5133,0.10576970120566138
165,2020-09-08,68.6,68.66,69.19,67.96,304432,15.4203,1.631,0.10576966725679786
166,2020-09-09,68.2,67.03,68.37,66.73,330321,16.1573,1.709,0.10577262290110354
167,2020-09-10,67.49,65.39,67.96,65.27,340667,15.9116,1.683,0.10577188969054024
168,2020-09-11,65.27,66.09,66.21,64.92,269476,15.8538,1.6769,0.10577274848932118
169,2020-09-14,66.15,68.6,68.72,65.8,425738,16.3307,1.7273,0.10577011395714819
170,2020-09-15,68.72,67.84,69.25,67.32,236156,17.3713,1.8374,0.10577216443213805
171,2020-09-16,67.14,66.85,67.55,66.62,219687,17.1979,1.8191,0.1057745422406224
172,2020-09-17,66.62,66.73,67.61,65.86,274611,16.0851,1.7014,0.10577490969903824
173,2020-09-18,66.73,67.49,67.49,66.38,270419,16.0562,1.6983,0.10577222505947857
174,2020-09-21,67.67,67.79,68.37,67.49,208640,14.5965,1.5439,0.10577193162744493
175,2020-09-22,67.26,66.21,67.61,65.97,239856,15.6371,1.654,0.1057740885458301
176,2020-09-23,66.67,66.32,66.79,65.8,192397,15.796,1.6708,0.10577361357305648
177,2020-09-24,66.26,65.21,66.26,65.04,237514,14.9289,1.5791,0.10577470543710521
178,2020-09-25,65.27,64.45,65.56,63.81,232154,14.6254,1.547,0.10577488478947583
179,2020-09-28,64.28,63.52,65.15,63.52,203507,13.2958,1.4063,0.1057702432347057
180,2020-09-29,64.28,65.09,65.5,64.22,240830,13.3681,1.414,0.10577419378969337
181,2020-09-30,65.09,65.15,65.56,64.57,159490,13.7005,1.4491,0.10576986241378053
182,2020-10-09,66.32,67.38,67.73,65.97,334228,13.108,1.3865,0.10577509917607568
183,2020-10-12,67.84,68.55,69.01,67.73,413621,13.0068,1.3758,0.10577544053879509
184,2020-10-13,68.25,68.66,69.01,67.9,285667,13.0357,1.3788,0.10577107481761623
185,2020-10-14,68.9,71.0,72.11,68.49,834601,12.1686,1.2871,0.10577223345331427
186,2020-10-15,71.47,70.48,72.0,70.01,473002,12.9345,1.3681,0.10577138660172408
187,2020-10-16,70.65,70.83,71.35,69.72,343747,13.2091,1.3972,0.10577556381585422
188,2020-10-19,75.16,70.18,75.16,70.07,1020954,13.8161,1.4614,0.10577514638718596
189,2020-10-20,69.42,71.18,71.35,68.49,470763,13.1802,1.3941,0.10577229480584513
190,2020-10-21,71.18,68.9,71.35,67.61,683964,12.342,1.3054,0.10576891913790308
191,2020-10-22,68.25,68.14,68.9,67.67,269554,12.0819,1.2779,0.10576978786449152
192,2020-10-23,68.14,67.61,68.55,67.49,191111,11.9518,1.2642,0.10577486236382803
193,2020-10-26,67.26,68.84,69.07,66.21,306304,11.7928,1.2474,0.10577640594260906
194,2020-10-27,68.14,68.2,68.84,67.67,192725,11.7495,1.2428,0.10577471381760925
195,2020-10-28,68.08,68.08,68.49,66.67,230788,11.0558,1.1694,0.10577253568262812
196,2020-10-29,67.03,68.96,69.37,66.79,369303,11.0413,1.1679,0.10577558801952669
197,2020-10-30,69.13,68.37,70.18,68.31,370660,11.2003,1.1847,0.10577395248341563
198,2020-11-02,68.14,65.09,68.2,64.45,653841,10.998,1.1633,0.1057737770503728
199,2020-11-03,65.45,65.74,66.26,64.86,331395,11.0558,1.1694,0.10577253568262812
200,2020-11-04,66.32,64.98,66.32,64.8,280984,10.8968,1.1526,0.10577417223405036
201,2020-11-05,65.56,69.66,69.83,65.45,851702,10.839,1.1465,0.10577544053879509
202,2020-11-06,69.83,69.07,70.65,68.78,697492,10.7089,1.1327,0.10577183464221349
203,2020-11-09,69.95,70.01,71.0,69.42,718482,10.5644,1.1174,0.10577032297148915
204,2020-11-10,70.07,68.6,70.18,68.25,488807,10.7378,1.1358,0.10577585725195104
205,2020-11-11,68.43,66.26,68.84,65.86,539891,11.9373,1.2626,0.1057693113183048
206,2020-11-12,66.67,66.44,67.08,65.97,295899,12.4432,1.3161,0.10576861257554328
207,2020-11-13,66.44,66.79,66.91,65.62,326454,12.3564,1.307,0.10577514486419992
208,2020-11-16,66.97,66.44,67.14,65.86,330173,12.5877,1.3314,0.1057699182535332
209,2020-11-17,66.56,66.91,67.03,65.97,331509,12.3564,1.307,0.10577514486419992
210,2020-11-18,66.91,68.25,68.43,66.56,471476,12.3854,1.31,0.10576969657822921
211,2020-11-19,68.2,68.78,69.48,67.55,530336,12.5588,1.3284,0.10577443704812563
212,2020-11-20,68.96,68.9,69.31,68.43,306665,12.6888,1.3421,0.10577044322552172
213,2020-11-23,68.84,69.37,69.95,68.25,447097,12.6744,1.3406,0.105772265353784
214,2020-11-24,69.37,68.78,69.72,68.6,289832,12.5732,1.3299,0.10577259567969968
215,2020-11-25,69.07,68.37,69.66,68.31,322065,12.6599,1.3391,0.10577492713212584
216,2020-11-26,68.2,68.37,68.72,68.02,241579,12.1252,1.2825,0.10577145119255765
217,2020-11-27,68.37,67.67,68.37,66.91,293766,12.3564,1.307,0.10577514486419992
218,2020-11-30,67.61,67.08,68.2,66.85,355794,12.2553,1.2963,0.1057746444395486
219,2020-12-01,67.08,67.79,67.84,66.85,269093,12.2119,1.2917,0.10577387630098511
