,日期,开盘,收盘,最高,最低,成交量,pe,pb,roe
0,2020-01-03,259.09,262.14,264.08,257.42,151163,81.8735,7.5433,0.09213359634069632
1,2020-01-06,260.75,260.06,262.14,257.98,130924,78.5025,7.2327,0.0921333715486768
2,2020-01-07,259.36,261.86,262.83,259.36,103953,76.5872,7.0562,0.09213288904673365
3,2020-01-08,260.75,255.62,260.89,255.2,139316,76.2807,7.028,0.09213339678319679
4,2020-01-09,257.7,259.92,262.0,257.7,114462,77.2767,7.1198,0.09213385147140081
5,2020-01-10,262.42,261.72,264.78,260.2,115786,79.2176,7.2986,0.09213356627820081
6,2020-01-13,262.14,266.03,268.25,261.17,167221,80.6477,7.4303,0.09213281965883714
7,2020-01-14,265.61,266.86,269.08,262.83,135918,80.6987,7.435,0.09213283485359738
8,2020-01-15,266.3,265.89,269.5,264.36,92377,80.4434,7.4115,0.09213310228060972
9,2020-01-16,266.3,263.25,267.55,261.17,104128,80.0092,7.3715,0.09213315468721096
10,2020-01-17,265.19,264.08,267.28,263.53,102482,80.4178,7.4092,0.09213383106725129
11,2020-01-20,266.03,265.75,269.77,262.28,151164,82.5375,7.6044,0.0921326669695593
12,2020-01-21,268.8,274.77,276.99,265.75,405611,83.61,7.7033,0.09213371606267193
13,2020-01-22,277.82,267.69,278.8,265.75,253846,84.5805,7.7927,0.09213352959606529
14,2020-01-23,267.28,258.53,271.72,254.5,216945,83.3291,7.6774,0.09213348038080334
15,2020-02-03,246.87,240.76,258.39,234.38,315713,83.8909,7.7291,0.09213275814182467
16,2020-02-04,242.15,256.59,263.11,242.15,328217,86.4192,7.9621,0.09213346108272236
17,2020-02-05,258.67,276.71,280.6,254.92,555298,86.981,8.0138,0.09213276462675757
18,2020-02-06,293.65,302.81,302.81,293.65,728587,90.5052,8.3385,0.09213282772702562
19,2020-02-07,323.91,297.4,330.29,295.04,1032826,88.1046,8.1174,0.0921336683896187
20,2020-02-10,295.04,301.14,319.47,274.08,1035141,88.5132,8.155,0.0921331507616943
21,2020-02-11,302.53,294.06,302.53,286.43,469855,85.1167,7.8421,0.09213350611572113
22,2020-02-12,295.87,320.72,321.96,287.12,902263,86.0361,7.9268,0.09213341841389834
23,2020-02-13,314.47,310.31,317.8,300.31,662403,89.1261,8.2115,0.09213350522461995
24,2020-02-14,312.53,323.21,334.87,305.86,753438,89.0495,8.2044,0.09213302713659258
25,2020-02-17,323.77,323.91,333.35,315.72,614318,89.1261,8.2115,0.09213350522461995
26,2020-02-18,320.72,306.0,320.72,300.31,729730,89.3049,8.228,0.09213380228856423
27,2020-02-19,303.5,289.07,303.5,287.4,571495,84.9635,7.828,0.09213368093357736
28,2020-02-20,289.9,289.35,291.84,280.74,327772,89.2794,8.2256,0.09213323566242605
29,2020-02-21,286.99,290.59,297.26,283.52,367571,89.8412,8.2774,0.09213367586363495
30,2020-02-24,296.84,304.34,306.28,296.15,596360,89.9434,8.2868,0.09213349728829463
31,2020-02-25,302.95,320.58,322.24,300.31,673113,85.8063,8.2488,0.09613280143765668
32,2020-02-26,323.91,305.59,325.02,305.31,443206,87.2364,8.3862,0.09613188989917053
33,2020-02-27,310.03,312.8,319.19,305.17,258394,88.6409,8.5213,0.09613282356113262
34,2020-02-28,303.09,305.31,316.97,300.31,323629,89.3815,8.5925,0.09613286865850315
35,2020-03-02,304.48,307.39,311.14,298.92,272359,88.7686,8.5335,0.09613196558242441
36,2020-03-03,318.63,312.8,320.44,308.92,353988,88.6154,8.5188,0.09613227497703561
37,2020-03-04,308.64,305.86,312.94,301.84,217892,84.9891,8.1702,0.09613232755729853
38,2020-03-05,306.0,311.83,316.27,306.0,319521,81.899,7.8731,0.09613182090135411
39,2020-03-06,313.5,315.16,319.47,312.11,310019,81.5159,7.8363,0.09613216562658328
40,2020-03-09,307.25,321.13,327.1,301.42,495939,85.1167,8.1825,0.09613272131085909
41,2020-03-10,311.42,312.25,319.47,304.48,337092,91.9353,8.838,0.09613282384459505
42,2020-03-11,311.69,304.61,316.27,304.48,204084,91.067,8.7545,0.09613251781655266
43,2020-03-12,302.39,296.98,307.67,293.65,203594,93.8251,9.0196,0.09613205847902107
44,2020-03-13,281.57,300.59,306.42,280.88,349544,90.2498,8.6759,0.09613206899073462
45,2020-03-16,311.42,300.45,318.91,298.51,459833,91.5267,8.7987,0.09613260392868966
46,2020-03-17,311.14,313.91,317.52,287.82,502034,92.2673,8.8699,0.09613264937849053
47,2020-03-18,312.8,295.87,318.91,295.73,415954,90.9393,8.7422,0.0961322552515799
48,2020-03-19,291.98,296.84,302.12,288.65,246501,93.8506,9.0221,0.09613257666972827
49,2020-03-20,300.17,301.84,302.67,293.37,216274,96.3277,9.2602,0.09613226517398422
50,2020-03-23,293.65,291.29,304.2,289.76,238028,94.0038,9.0368,0.0961322840140505
51,2020-03-24,291.98,291.57,295.45,286.01,199759,96.5831,9.2848,0.09613276028621985
52,2020-03-25,297.53,305.59,309.47,293.23,368114,91.6544,8.8109,0.09613177327002305
53,2020-03-26,307.81,324.05,326.96,304.48,569018,90.7606,8.725,0.09613202204480799
54,2020-03-27,328.77,354.86,354.86,326.68,570941,95.6638,9.1964,0.09613249735009483
55,2020-03-30,356.53,358.05,367.49,337.79,519084,98.9581,9.5131,0.09613260561793324
56,2020-03-31,356.94,372.49,376.65,347.37,428129,107.692,10.3527,0.09613248894996844
57,2020-04-01,364.72,352.78,378.46,351.95,462303,111.3438,10.7037,0.09613198040663243
58,2020-04-02,357.22,366.94,371.1,350.14,389633,111.2672,10.6964,0.09613255298956026
59,2020-04-03,363.88,375.96,381.79,363.75,313980,111.9823,10.7651,0.09613215659974836
60,2020-04-07,384.84,390.4,394.28,379.43,287869,112.0334,10.77,0.09613204633618189
61,2020-04-08,382.76,389.84,398.03,380.96,263399,114.485,11.7096,0.10228064811984103
62,2020-04-09,389.98,409.69,418.02,383.32,378593,104.0656,10.6439,0.10228067680386219
63,2020-04-10,417.05,412.05,440.09,410.66,493115,100.6436,10.2939,0.10228072127785572
64,2020-04-13,403.72,406.78,432.87,401.5,429034,103.4272,10.5786,0.10228063797531017
65,2020-04-14,405.11,415.52,418.99,399.7,325316,102.1503,10.448,0.10228065898974355
66,2020-04-15,404.42,403.03,418.71,394.56,397900,102.1503,10.448,0.10228065898974355
67,2020-04-16,404.28,403.31,411.36,398.17,196122,103.7336,10.6099,0.10228026406101784
68,2020-04-17,418.16,397.75,421.07,391.65,287681,98.7794,10.1032,0.10228043498948161
69,2020-04-20,399.42,413.72,417.19,393.31,257004,97.2216,9.9439,0.10228076888263513
70,2020-04-21,408.72,416.63,424.96,407.61,204288,95.2296,9.7401,0.10228017339146651
71,2020-04-22,411.36,412.74,414.97,401.64,137252,95.2296,9.7401,0.10228017339146651
72,2020-04-23,418.16,411.08,424.4,408.44,139886,98.9837,10.1241,0.10228047648249157
73,2020-04-24,401.08,397.06,406.78,392.06,228471,98.9581,10.1215,0.1022806622196667
74,2020-04-27,402.33,394.01,403.03,376.65,259023,102.6611,10.5002,0.10228022103795886
75,2020-04-28,397.48,389.29,404.0,386.23,218561,104.7296,10.7118,0.10228053959912002
76,2020-04-29,396.09,388.59,400.81,386.65,147872,108.2538,11.0723,0.1022809360964696
77,2020-04-30,400.39,375.27,400.81,374.29,266800,107.2578,10.9704,0.10228067329369052
78,2020-05-06,378.6,400.81,405.67,372.77,269232,107.1557,10.9599,0.10228014002054954
79,2020-05-07,402.47,405.8,408.58,397.2,160453,102.0482,10.4375,0.1022800990120355
80,2020-05-08,409.69,403.72,409.69,397.75,158241,103.5549,10.5917,0.10228101229396194
81,2020-05-11,396.09,390.95,403.03,388.31,293123,98.3197,10.0562,0.10228062127935704
82,2020-05-12,390.95,403.72,405.8,385.12,169347,99.4689,10.1737,0.10228021019635283
83,2020-05-13,403.72,422.46,426.76,402.75,232786,96.3022,9.8498,0.10228011405762277
84,2020-05-14,413.85,389.56,414.83,383.59,559284,94.9998,9.7166,0.10228021532676912
85,2020-05-15,386.37,405.11,410.25,378.04,292875,96.0213,9.8211,0.10228043152925445
86,2020-05-18,404.42,404.42,407.05,391.92,162062,95.1786,9.7349,0.10228034453122865
87,2020-05-19,405.8,411.77,414.13,401.64,170160,101.3331,10.3644,0.10228049867220089
88,2020-05-20,412.74,403.72,422.18,401.92,118051,95.485,9.7663,0.10228098654238885
89,2020-05-21,404.14,385.12,408.3,383.87,200347,91.6288,9.3719,0.10228116050848642
90,2020-05-22,388.45,381.93,390.26,378.04,131807,88.5132,9.0532,0.10228078975791183
91,2020-05-25,383.73,389.15,389.98,375.96,129721,93.5697,9.5704,0.10228097343477642
92,2020-05-26,390.54,382.9,394.28,375.68,193115,86.6745,8.8651,0.10228037081263809
93,2020-05-27,383.32,370.82,384.29,368.74,178888,93.3143,9.5442,0.10228014355784697
94,2020-05-28,370.96,370.13,373.74,361.25,137738,92.1907,9.4293,0.1022803818606432
95,2020-05-29,371.38,387.48,387.48,370.27,164696,94.0294,9.6174,0.10228077601260882
96,2020-06-01,400.25,424.68,424.68,396.78,413055,94.3614,9.6513,0.102280169645639
97,2020-06-02,425.24,420.8,434.95,410.38,241546,93.3143,9.5442,0.10228014355784697
98,2020-06-03,420.8,414.97,424.54,412.61,139265,88.36,9.0375,0.10228044363965595
99,2020-06-04,419.41,419.68,429.96,412.74,131071,86.6235,8.8599,0.1022805589707181
100,2020-06-05,436.34,450.22,457.16,423.71,273138,84.6315,8.6562,0.10228106556069548
101,2020-06-08,458.43,465.91,479.34,450.64,181261,84.8614,8.6797,0.10228089567223732
102,2020-06-09,456.9,465.91,478.12,452.93,170305,84.7848,8.6718,0.10228012568290541
103,2020-06-10,471.71,500.72,507.13,464.69,273213,83.9931,8.5909,0.10228102070289107
104,2020-06-11,499.5,500.72,510.95,493.85,183956,86.649,8.8625,0.10228046486399152
105,2020-06-12,487.28,500.41,507.9,484.99,144760,86.4958,8.8468,0.10228011071057785
106,2020-06-15,509.42,525.46,535.84,502.86,224215,84.9635,8.6901,0.10228039099142573
107,2020-06-16,528.36,530.34,534.31,515.38,130218,85.3721,8.7319,0.10228048741919198
108,2020-06-17,538.28,525.91,567.29,521.79,329117,82.3587,8.4237,0.10228063337570895
109,2020-06-18,528.51,514.16,529.12,501.79,297696,85.1678,8.711,0.10228043932096403
110,2020-06-19,514.31,527.75,537.36,508.81,206241,82.895,8.4785,0.10227999276192774
111,2020-06-22,526.98,510.95,532.48,502.86,302932,84.8614,8.6797,0.10228089567223732
112,2020-06-23,517.21,528.97,536.91,505.61,214495,85.602,8.7554,0.1022803205532581
113,2020-06-24,532.02,526.52,533.7,516.9,110530,84.7848,8.6718,0.10228012568290541
114,2020-06-29,526.22,535.69,548.82,516.6,214229,80.5966,8.2435,0.10228098952064975
115,2020-06-30,536.45,536.6,545.0,528.51,125460,80.6477,8.2487,0.10228066020481674
116,2020-07-01,543.32,520.72,554.77,519.35,214908,80.6477,8.2487,0.10228066020481674
117,2020-07-02,529.27,525.46,540.42,521.64,214735,74.8251,7.6532,0.10228118639333592
118,2020-07-03,521.18,525.91,529.58,505.61,233044,74.8251,7.6532,0.10228118639333592
119,2020-07-06,526.07,524.54,551.41,511.71,303943,72.666,7.0954,0.09764401508270718
120,2020-07-07,522.25,536.45,545.3,513.85,271313,67.5585,6.5966,0.09764278366156738
121,2020-07-08,535.23,546.83,565.15,534.92,262638,66.7692,6.5196,0.09764382379899714
122,2020-07-09,546.83,576.45,587.45,541.49,264309,67.7442,6.6148,0.09764378352685542
123,2020-07-10,577.37,582.71,596.45,572.79,208316,68.3943,6.6783,0.09764410192077409
124,2020-07-13,586.53,580.73,599.51,563.02,292836,62.1724,6.0707,0.09764300557803784
125,2020-07-14,577.37,569.73,585.0,561.79,178721,59.2704,5.7874,0.09764401792463016
126,2020-07-15,578.9,576.45,599.51,571.26,219277,59.3865,5.7987,0.09764340380389483
127,2020-07-16,577.37,536.75,589.43,530.04,198341,61.4063,5.9959,0.0976430757104727
128,2020-07-17,536.3,577.98,583.02,526.68,277830,62.451,6.0979,0.09764295207442635
129,2020-07-20,587.45,547.75,592.79,532.94,413668,61.2438,5.98,0.09764253687720227
130,2020-07-21,545.3,566.38,572.18,539.35,240827,61.7777,6.0322,0.0976436481125066
131,2020-07-22,566.38,589.43,596.0,552.33,213036,64.8887,6.336,0.09764411985445849
132,2020-07-23,583.48,624.4,626.23,578.59,339411,66.2352,6.4674,0.09764294514095223
133,2020-07-24,614.01,587.6,626.53,574.77,326867,65.0047,6.3473,0.09764370883951468
134,2020-07-27,584.85,592.64,609.13,581.19,195065,65.1208,6.3586,0.09764314934705962
135,2020-07-28,597.22,586.53,599.66,564.7,212772,62.5206,6.1047,0.09764301686164241
136,2020-07-29,583.48,594.32,598.74,580.42,183091,68.0228,6.642,0.09764373121953228
137,2020-07-30,599.05,613.25,617.07,588.51,206259,64.8887,6.336,0.09764411985445849
138,2020-07-31,609.43,606.38,617.37,599.81,143246,62.7528,6.1274,0.09764345176629569
139,2020-08-03,603.33,637.68,649.9,603.33,217117,64.8887,6.336,0.09764411985445849
140,2020-08-04,633.4,628.67,644.25,623.94,127404,65.2369,6.37,0.09764412472082518
141,2020-08-05,621.95,659.21,661.65,616.76,157603,64.4011,6.2883,0.09764274212707547
142,2020-08-06,654.17,659.82,680.89,642.72,190537,60.1294,5.8712,0.09764275046815701
143,2020-08-07,661.35,665.77,679.67,645.93,193500,330.3635,6.3927,0.019350503309233616
144,2020-08-10,670.51,644.7,670.51,628.67,165017,330.9784,6.4046,0.019350507465139718
145,2020-08-11,643.79,632.34,656.77,629.43,123967,335.1603,6.4855,0.019350442161556722
146,2020-08-12,632.34,610.2,636.61,594.16,178450,337.8661,6.5378,0.01935026923387697
147,2020-08-13,606.38,610.35,621.95,602.56,102512,350.2886,6.7782,0.019350329985046617
148,2020-08-14,608.06,587.9,625.92,566.68,256179,351.7645,6.8068,0.01935044610812063
149,2020-08-17,588.82,587.9,593.71,573.09,199253,355.2084,6.8734,0.019350330679116824
150,2020-08-18,589.58,599.81,605.62,587.6,117988,352.6255,6.8234,0.01935027387412425
151,2020-08-19,606.38,609.13,634.17,599.81,197488,338.4811,6.5497,0.019350268006101373
152,2020-08-20,603.17,638.75,661.35,594.16,266341,343.4009,6.6449,0.01935026961198995
153,2020-08-21,632.49,629.28,653.86,623.63,127671,343.1549,6.6402,0.019350444944833952
154,2020-08-24,629.59,629.28,636.61,615.24,104211,354.2244,6.8544,0.019350445649706796
155,2020-08-25,636.0,636.92,646.38,624.7,104035,346.4758,6.7044,0.01935026919629019
156,2020-08-26,636.15,620.27,640.12,614.32,85395,351.1496,6.7949,0.0193504420907784
157,2020-08-27,633.86,640.73,643.02,624.85,81612,349.0586,6.7544,0.019350332580260164
158,2020-08-28,640.58,703.03,703.03,632.34,247699,331.4704,6.4141,0.01935044577132679
159,2020-08-31,690.97,688.37,716.31,674.94,231796,331.9624,6.4236,0.019350384260386117
160,2020-09-01,682.72,688.07,693.11,677.07,94458,319.171,6.1761,0.019350442239426516
161,2020-09-02,695.09,683.79,702.72,678.45,92050,311.1763,6.0214,0.019350445390603332
162,2020-09-03,685.01,684.25,713.26,677.07,171928,298.6309,5.7786,0.019350308357239655
163,2020-09-04,670.51,662.42,682.72,650.35,100306,316.0961,6.1166,0.019350444374353244
164,2020-09-07,657.07,610.2,662.72,603.78,234984,303.3047,5.8691,0.019350507921571936
165,2020-09-08,609.13,590.5,614.78,574.47,195458,300.4758,5.8143,0.0193503104076934
166,2020-09-09,579.96,561.18,586.22,560.57,133602,273.171,5.286,0.019350516709313946
167,2020-09-10,568.82,566.53,593.86,563.93,117395,256.8127,4.9694,0.019350289140685022
168,2020-09-11,555.69,596.0,597.98,554.77,115815,244.3903,4.729,0.01935019515913684
169,2020-09-14,601.8,580.58,610.2,578.74,128994,244.1443,4.7243,0.019350441521673867
170,2020-09-15,589.89,594.47,597.68,566.99,107954,253.4919,4.9052,0.019350519681299482
171,2020-09-16,599.97,579.66,604.39,576.76,87791,249.064,4.8195,0.01935044807760254
172,2020-09-17,579.96,562.25,584.85,555.69,116271,248.2031,4.8028,0.01935028208753235
173,2020-09-18,561.95,570.19,572.79,556.15,85652,264.1924,5.1122,0.019350291681365546
174,2020-09-21,567.29,565.76,578.13,560.57,72639,252.2619,4.8814,0.019350524197272755
175,2020-09-22,565.46,558.13,578.28,557.52,82324,252.3849,4.8837,0.019350206767520563
176,2020-09-23,568.82,579.51,593.86,566.83,163563,249.187,4.8219,0.019350527916785387
177,2020-09-24,578.44,563.02,578.44,556.6,118316,255.9517,4.9528,0.01935052590000379
178,2020-09-25,558.89,568.21,577.22,557.52,95695,262.7164,5.0837,0.01935052398708265
179,2020-09-28,568.05,527.44,568.05,514.92,411754,270.5881,5.236,0.019350444457830924
180,2020-09-29,530.65,505.91,530.65,485.6,477734,265.2993,5.1336,0.019350220675290134
181,2020-09-30,512.32,508.2,533.39,504.23,327660,262.3475,5.0765,0.01935028921563956
182,2020-10-09,532.63,526.68,542.25,513.39,184892,257.0587,4.9742,0.019350444081449102
183,2020-10-12,535.84,548.36,552.79,531.56,162403,263.2084,5.0932,0.01935044626235333
184,2020-10-13,554.47,549.27,561.34,545.46,125360,258.4116,5.0004,0.019350524512057505
185,2020-10-14,552.94,552.94,559.5,541.49,118985,256.5667,4.9647,0.01935052366499627
186,2020-10-15,552.94,548.51,555.99,539.65,110490,263.2084,5.0932,0.01935044626235333
187,2020-10-16,544.39,540.11,551.41,536.14,115318,256.8127,4.9694,0.019350289140685022
188,2020-10-19,543.78,531.56,548.51,527.13,111406,270.0961,5.2265,0.019350520055639458
189,2020-10-20,531.56,556.3,560.57,522.25,191887,255.7058,4.948,0.019350362799748774
190,2020-10-21,565.92,555.69,585.77,551.56,181376,243.5293,4.7124,0.01935044366324709
191,2020-10-22,560.42,552.33,560.42,533.24,138055,242.4223,4.691,0.019350530046121993
192,2020-10-23,556.15,526.52,558.89,522.71,190988,242.1763,4.6862,0.019350365828530704
193,2020-10-26,522.55,552.48,554.47,517.06,155885,257.1817,4.9766,0.019350521440677938
194,2020-10-27,557.52,551.41,559.96,543.17,86382,273.048,5.2836,0.019350443877999474
195,2020-10-28,555.53,550.95,555.53,541.79,89183,272.433,5.2717,0.019350445797682365
196,2020-10-29,548.36,551.41,554.16,543.93,108223,260.9945,5.0503,0.01935021619229524
197,2020-10-30,550.19,532.94,550.19,530.8,148781,270.2191,5.2288,0.01935022357782999
198,2020-11-02,532.94,527.44,535.99,513.85,119700,246.6042,4.7719,0.01935044090895451
199,2020-11-03,535.84,547.75,552.63,524.08,126461,252.8769,4.8933,0.019350521933794666
200,2020-11-04,547.75,545.3,556.76,543.32,64603,249.556,4.829,0.019350366250460816
201,2020-11-05,554.47,559.66,566.22,550.5,138441,254.3528,4.9218,0.019350288261029563
202,2020-11-06,558.44,538.59,558.89,514.77,233560,231.2298,4.4744,0.019350447044455342
203,2020-11-09,540.42,535.23,544.69,530.19,147678,213.3956,4.1293,0.01935044583862085
204,2020-11-10,537.52,520.11,543.62,514.61,219287,199.3742,3.858,0.019350547864267292
205,2020-11-11,520.11,516.75,525.15,510.95,129260,215.1175,4.1626,0.019350355038525457
206,2020-11-12,525.0,524.23,527.75,515.07,77241,223.2352,4.3197,0.019350442940898212
207,2020-11-13,527.44,518.43,527.59,508.81,85983,229.5079,4.4411,0.019350532160330863
208,2020-11-16,518.43,512.02,520.57,509.42,82320,221.5133,4.2864,0.01935053109677839
209,2020-11-17,517.82,499.35,517.82,491.86,128322,220.0373,4.2578,0.019350355598800748
210,2020-11-18,499.35,496.9,504.54,494.46,86436,219.2994,4.2435,0.01935025814024115
211,2020-11-19,492.63,499.5,502.86,487.13,111892,221.6363,4.2887,0.019350169624741075
212,2020-11-20,497.97,501.03,506.52,496.75,67446,222.4972,4.3054,0.0193503558696469
213,2020-11-23,501.18,500.72,503.32,493.39,89956,221.7592,4.2911,0.01935026821886082
214,2020-11-24,497.82,492.17,499.19,486.21,93917,217.9464,4.2173,0.01935017050063685
215,2020-11-25,492.02,480.57,494.15,476.6,151667,216.3475,4.1864,0.01935035070892892
216,2020-11-26,485.45,474.61,485.45,460.87,161146,212.5347,4.1126,0.01935025198238217
217,2020-11-27,476.29,476.44,487.28,470.34,106157,218.0694,4.2197,0.019350261889105026
218,2020-11-30,476.44,487.89,487.89,462.85,149803,216.4705,4.1888,0.01935044267001739
219,2020-12-01,485.76,508.05,517.06,477.51,225942,218.3154,4.2245,0.019350444357109024
