,日期,开盘,收盘,最高,最低,成交量,pe,pb,roe
0,2020-01-03,959.92,958.49,973.64,946.8,163653,66.472,24.5742,0.36969250210615
1,2020-01-06,949.79,970.06,983.17,946.57,210236,65.211,24.108,0.3696922298385242
2,2020-01-07,970.65,989.14,999.99,961.95,227288,63.2347,23.3774,0.3696925896699123
3,2020-01-08,979.36,980.79,1005.83,976.38,230314,62.984,23.2847,0.3696923028070621
4,2020-01-09,993.91,994.74,1017.64,990.09,179525,63.0356,23.3038,0.36969268159579666
5,2020-01-10,1005.0,986.51,1009.53,981.98,130013,65.034,24.0426,0.3696927760863548
6,2020-01-13,981.51,999.51,1002.97,974.71,158667,66.3909,24.5442,0.36969223191732603
7,2020-01-14,1008.81,989.02,1011.32,987.94,125122,66.885,24.7269,0.36969275622336845
8,2020-01-15,986.16,1010.6,1011.32,983.41,179759,67.9911,25.1358,0.3696925038718303
9,2020-01-16,1014.06,1013.58,1022.05,999.87,170847,66.59,24.6178,0.369692145967863
10,2020-01-17,1022.17,1058.3,1068.79,1015.49,296268,68.3967,25.2858,0.3696932746755326
11,2020-01-20,1089.54,1058.42,1094.55,1032.07,289745,69.0235,25.5175,0.3696929306685404
12,2020-01-21,1055.68,1062.83,1082.75,1051.15,203083,65.388,24.1735,0.3696932158805897
13,2020-01-22,1060.09,1116.13,1129.01,1053.53,266181,65.5429,24.2307,0.3696922168533891
14,2020-01-23,1102.9,1073.68,1129.49,1052.34,288501,65.7494,24.307,0.36969158653919276
15,2020-02-03,967.91,967.91,976.02,967.91,200184,69.8052,25.8065,0.36969308876702595
16,2020-02-04,967.91,1006.07,1013.58,967.91,311948,69.3923,25.6538,0.36969231456516066
17,2020-02-05,1006.55,1004.52,1037.79,993.91,281927,68.2861,25.2449,0.36969310005989503
18,2020-02-06,1010.6,1066.05,1078.81,1001.06,327193,68.6991,25.3975,0.3696918882488999
19,2020-02-07,1059.73,1104.33,1111.96,1054.96,276806,64.9677,24.0181,0.3696929397223544
20,2020-02-10,1104.81,1139.39,1195.19,1098.96,304454,66.6269,24.6315,0.3696930218875559
21,2020-02-11,1139.15,1132.23,1157.87,1117.09,194752,64.8939,23.9908,0.36969268297944796
22,2020-02-12,1132.83,1182.91,1194.96,1129.85,263363,68.5368,25.3376,0.3696933618143829
23,2020-02-13,1185.89,1161.45,1207.84,1158.47,214805,67.5782,21.5178,0.3184133344776866
24,2020-02-14,1155.13,1158.23,1203.78,1141.77,232035,68.6548,21.8606,0.3184132791880539
25,2020-02-17,1187.09,1190.66,1196.27,1167.05,221540,67.3127,21.4333,0.31841391000509556
26,2020-02-18,1184.7,1196.51,1198.41,1178.5,156761,67.0694,21.3558,0.31841346426239087
27,2020-02-19,1194.24,1166.22,1195.19,1165.26,211709,70.3288,22.3936,0.31841294036013695
28,2020-02-20,1172.9,1266.86,1281.29,1170.39,435686,72.0028,22.9266,0.3184126172871055
29,2020-02-21,1245.76,1245.99,1280.69,1236.33,309554,70.8081,22.5462,0.3184127239680206
30,2020-02-24,1229.18,1238.36,1265.19,1218.92,252705,71.3686,22.7247,0.31841313967206863
31,2020-02-25,1208.43,1226.91,1241.46,1172.54,277496,70.8008,22.5439,0.31841306877888387
32,2020-02-26,1206.17,1148.93,1214.51,1146.3,326645,71.3243,22.7106,0.3184132196179984
33,2020-02-27,1166.1,1219.4,1262.09,1166.1,387240,71.2358,22.6824,0.318412932823103
34,2020-02-28,1195.55,1163.12,1214.51,1160.14,302334,74.1192,23.6005,0.3184127729387257
35,2020-03-02,1178.74,1184.7,1212.13,1150.0,255229,77.3565,24.6313,0.31841280306115194
36,2020-03-03,1208.55,1251.0,1301.56,1208.55,453683,76.1324,24.2416,0.3184137108510962
37,2020-03-04,1245.52,1241.94,1277.59,1196.98,254260,73.7652,23.4878,0.31841301860497906
38,2020-03-05,1264.48,1218.45,1274.14,1196.63,269626,72.7033,23.1497,0.3184133319945587
39,2020-03-06,1194.24,1190.07,1216.66,1186.25,137330,72.5853,23.1121,0.3184129568934757
40,2020-03-09,1158.47,1102.9,1158.47,1097.41,332827,72.5853,23.1121,0.3184129568934757
41,2020-03-10,1101.23,1167.53,1169.68,1101.23,267181,71.8553,22.8797,0.31841353386597787
42,2020-03-11,1170.15,1131.99,1176.35,1129.61,150006,70.6901,22.5087,0.31841375242077746
43,2020-03-12,1095.98,1103.26,1122.69,1085.85,194671,72.342,23.0346,0.31841254043294354
44,2020-03-13,1046.26,1110.53,1121.26,1029.8,234582,72.3936,23.0511,0.31841350616629094
45,2020-03-16,1110.77,1029.68,1110.77,1021.1,262898,72.6886,23.145,0.3184130661479242
46,2020-03-17,1047.57,1053.65,1069.15,1011.79,238243,73.3523,23.3563,0.3184126469108672
47,2020-03-18,1069.03,1052.1,1103.38,1041.25,212321,70.6901,22.5087,0.31841375242077746
48,2020-03-19,1056.15,1067.84,1085.85,1030.4,203155,70.0928,22.3185,0.3184135888422206
49,2020-03-20,1082.15,1075.95,1089.3,1054.36,135124,74.1118,23.5982,0.3184135319881584
50,2020-03-23,1039.22,1016.09,1053.41,1011.79,174495,75.3581,23.995,0.31841301731333466
51,2020-03-24,1045.18,1056.63,1056.63,1024.2,183987,74.7829,23.8119,0.3184137015280231
52,2020-03-25,1082.86,1083.82,1099.8,1076.19,163053,74.51,23.725,0.3184136357535901
53,2020-03-26,1072.61,1083.1,1098.84,1069.39,114886,74.3699,23.6804,0.31841376685997963
54,2020-03-27,1098.25,1077.98,1100.75,1077.98,100067,76.3462,24.3097,0.31841401405701925
55,2020-03-30,1058.06,1061.88,1075.71,1043.99,105623,75.8817,24.1617,0.31841273983055207
56,2020-03-31,1079.53,1064.26,1085.97,1063.07,84920,78.5364,25.007,0.31841286333470853
57,2020-04-01,1061.04,1050.79,1082.15,1047.57,95731,80.38,25.5941,0.3184137845235133
58,2020-04-02,1049.0,1085.73,1085.85,1045.54,117781,81.4714,25.9416,0.3184135782618195
59,2020-04-03,1077.74,1067.84,1083.34,1065.57,82528,82.2973,26.2046,0.3184138483279524
60,2020-04-07,1101.23,1117.21,1129.61,1096.58,176322,82.1793,26.167,0.31841351775933846
61,2020-04-08,1113.39,1112.08,1128.66,1107.19,95975,84.2515,26.8268,0.31841332201800565
62,2020-04-09,1122.69,1131.28,1154.53,1122.34,125858,80.0481,25.4884,0.3184135538507472
63,2020-04-10,1131.16,1102.06,1131.16,1093.24,104785,78.6102,27.7476,0.3529770945755131
64,2020-04-13,1088.11,1089.42,1107.07,1079.76,77959,78.9199,27.8569,0.35297687908879766
65,2020-04-14,1100.87,1113.87,1114.7,1096.46,92065,75.8669,26.7793,0.35297738539468465
66,2020-04-15,1122.69,1110.77,1132.47,1109.93,107358,74.1929,26.1884,0.35297717167006554
67,2020-04-16,1106.12,1133.31,1141.53,1097.17,145381,74.5617,26.3186,0.3529774669837195
68,2020-04-17,1148.57,1151.43,1174.92,1147.97,202041,74.805,26.4045,0.35297774212953675
69,2020-04-20,1148.93,1170.75,1180.53,1148.93,118329,77.4671,27.3442,0.3529782320494765
70,2020-04-21,1166.58,1156.68,1171.11,1144.75,85388,76.8403,27.1229,0.3529775391298577
71,2020-04-22,1146.54,1161.93,1165.62,1143.8,70984,76.0291,26.8366,0.3529780044746025
72,2020-04-23,1164.79,1150.6,1172.3,1149.29,58602,73.485,25.9386,0.35297815880792
73,2020-04-24,1152.27,1145.47,1158.47,1138.31,61196,72.7476,25.6783,0.35297796765803957
74,2020-04-27,1173.61,1208.43,1226.44,1173.25,248832,75.3507,26.5971,0.35297747731607004
75,2020-04-28,1184.82,1218.45,1245.4,1171.94,220879,77.0099,27.1828,0.3529779937384674
76,2020-04-29,1218.45,1202.11,1222.74,1196.75,76399,78.3004,27.6383,0.3529777625657085
77,2020-04-30,1209.74,1239.67,1260.9,1209.74,139850,81.2354,28.6743,0.3529778889498913
78,2020-05-06,1230.01,1254.82,1262.21,1223.58,118816,81.5304,28.7784,0.3529775396661859
79,2020-05-07,1256.25,1244.32,1266.62,1231.68,86175,79.5983,28.0964,0.35297738770802894
80,2020-05-08,1256.25,1248.98,1283.91,1245.64,98927,81.0953,28.6248,0.35297729954756935
81,2020-05-11,1264.6,1238.12,1272.82,1223.46,97173,80.7708,28.5103,0.3529778088120955
82,2020-05-12,1238.12,1261.97,1265.67,1230.97,87749,78.9862,27.8804,0.3529781151644212
83,2020-05-13,1256.25,1268.17,1271.04,1245.64,71043,80.6381,28.4634,0.35297706667195783
84,2020-05-14,1262.45,1264.0,1282.48,1256.25,68932,78.5438,27.7242,0.3529775742961252
85,2020-05-15,1269.6,1259.11,1290.59,1256.85,83840,78.1677,27.5914,0.3529769968925784
86,2020-05-18,1258.63,1255.06,1267.46,1232.4,92623,75.4466,26.6309,0.35297680743731324
87,2020-05-19,1279.98,1308.6,1322.79,1271.75,176014,78.0939,27.5654,0.35297763333627846
88,2020-05-20,1309.91,1303.35,1333.76,1294.41,109076,79.001,27.8856,0.3529778104074632
89,2020-05-21,1303.83,1252.91,1309.79,1241.94,137758,79.1632,27.9428,0.3529771408937486
90,2020-05-22,1256.25,1240.75,1277.71,1230.97,104534,78.4627,27.6956,0.35297791179758026
91,2020-05-25,1240.75,1236.69,1249.57,1213.32,78392,76.2061,26.899,0.3529769926554436
92,2020-05-26,1249.09,1271.75,1277.36,1247.9,89912,78.7576,27.7997,0.35297799831381355
93,2020-05-27,1271.75,1254.82,1282.48,1253.27,62861,85.1733,30.0643,0.3529779872330883
94,2020-05-28,1276.52,1258.28,1309.91,1257.08,138700,85.5641,30.2022,0.3529774753664212
95,2020-05-29,1259.83,1271.87,1285.23,1247.9,103397,87.5331,30.8972,0.35297733086112565
96,2020-06-01,1333.76,1344.01,1356.89,1309.79,179365,86.3532,30.4807,0.35297707554555013
97,2020-06-02,1344.13,1321.72,1351.53,1318.5,81990,88.1083,31.1002,0.352976961307845
98,2020-06-03,1332.21,1317.06,1343.9,1307.53,90360,88.8604,31.3657,0.35297725420997433
99,2020-06-04,1327.92,1317.06,1328.87,1295.6,65028,86.2794,30.4547,0.35297765167583456
100,2020-06-05,1324.58,1322.41,1330.62,1288.15,134560,83.7795,29.5723,0.3529777570885479
101,2020-06-08,1324.73,1348.14,1364.57,1324.42,174100,78.1308,27.5784,0.3529773149641371
102,2020-06-09,1349.38,1355.58,1368.14,1339.77,107806,76.8772,27.1359,0.3529772156113906
103,2020-06-10,1356.51,1406.89,1421.46,1355.58,176773,78.8904,27.8465,0.3529770415665277
104,2020-06-11,1406.89,1447.2,1476.03,1402.86,179867,79.4213,28.0339,0.3529770980832598
105,2020-06-12,1418.98,1433.4,1469.99,1418.21,169266,76.5232,27.011,0.3529779204215192
106,2020-06-15,1438.83,1460.53,1485.8,1438.83,175933,76.6707,27.063,0.3529770825100071
107,2020-06-16,1489.98,1483.32,1497.42,1470.14,115907,75.9554,26.8105,0.3529768785366149
108,2020-06-17,1490.45,1500.53,1505.8,1469.99,116874,72.5116,25.595,0.3529780062776163
109,2020-06-18,1499.75,1468.75,1509.21,1417.59,221586,69.8347,24.6501,0.3529778176178891
110,2020-06-19,1474.64,1490.45,1509.05,1471.07,166301,68.8023,24.2857,0.3529780254439168
111,2020-06-22,1504.4,1546.72,1564.24,1495.25,179246,70.3141,24.8193,0.3529775677993461
112,2020-06-23,1533.7,1619.12,1632.76,1527.03,202623,69.4955,24.5303,0.35297681144822324
113,2020-06-24,1611.52,1634.15,1649.19,1603.92,138681,68.4115,24.1477,0.35297720412503747
114,2020-06-29,1669.5,1631.05,1678.02,1600.51,161173,67.121,23.6922,0.3529774586195081
115,2020-06-30,1634.62,1691.98,1743.13,1632.29,251524,67.7773,23.9239,0.35297806197650244
116,2020-07-01,1686.24,1680.81,1706.86,1628.42,186231,65.86,23.2471,0.35297752808988764
117,2020-07-02,1677.4,1638.49,1681.28,1623.77,244786,63.4191,22.3855,0.3529772576400485
118,2020-07-03,1622.37,1664.85,1680.97,1611.36,225513,63.0651,22.2606,0.3529781130926614
119,2020-07-06,1678.02,1783.59,1804.83,1678.02,291184,61.841,21.8285,0.3529777979010688
120,2020-07-07,1805.14,1836.14,1886.53,1805.14,267492,61.8875,19.7491,0.3191129064835386
121,2020-07-08,1840.17,1890.4,1917.06,1816.61,213849,61.8875,19.7491,0.3191129064835386
122,2020-07-09,1882.65,1874.59,1919.86,1867.15,219509,62.1087,19.8197,0.3191131033172486
123,2020-07-10,1851.65,1837.69,1867.46,1813.2,205063,63.1695,20.1582,0.31911286301142167
124,2020-07-13,1831.49,1862.5,1877.38,1829.94,181595,59.7376,19.063,0.3191122509106492
125,2020-07-14,1851.8,1821.11,1862.34,1776.15,224001,59.0909,18.8567,0.31911343370975903
126,2020-07-15,1843.9,1812.89,1879.08,1804.99,199260,58.9264,18.8042,0.31911333460045077
127,2020-07-16,1833.04,1678.02,1874.74,1672.44,354534,59.7319,19.0612,0.3191125679913078
128,2020-07-17,1665.78,1624.39,1710.11,1563.31,346403,58.0642,18.529,0.31911229294470606
129,2020-07-20,1686.86,1671.82,1690.12,1614.47,198755,58.2571,18.5906,0.31911303514936373
130,2020-07-21,1820.64,1686.55,1820.64,1651.2,520648,58.8357,18.7752,0.31911237564947814
131,2020-07-22,1639.27,1683.14,1729.18,1639.27,272432,61.2351,19.5409,0.3191127310970342
132,2020-07-23,1653.53,1664.07,1705.62,1620.67,238343,61.4847,19.6206,0.3191135355625058
133,2020-07-24,1659.27,1608.42,1694.46,1587.65,268173,58.9378,18.8078,0.31911269168513245
134,2020-07-27,1616.48,1665.62,1679.11,1610.28,201349,59.1306,18.8693,0.3191122701274805
135,2020-07-28,1701.28,1673.53,1714.61,1654.62,138679,59.3632,18.9436,0.3191135248773651
136,2020-07-29,1651.83,1717.55,1721.12,1651.36,190208,59.5617,19.0069,0.3191127855652206
137,2020-07-30,1718.33,1682.83,1726.7,1679.57,143159,59.2668,18.9128,0.31911289288438044
138,2020-07-31,1676.47,1720.34,1750.88,1676.47,171091,58.1323,18.5508,0.31911347048026656
139,2020-08-03,1727.63,1727.16,1735.07,1704.38,151817,58.6485,18.7155,0.31911302079337067
140,2020-08-04,1738.48,1695.7,1739.88,1686.24,146376,58.4272,18.6449,0.31911335816195197
141,2020-08-05,1713.83,1736.31,1752.12,1696.78,167674,58.9264,18.8042,0.31911333460045077
142,2020-08-06,1730.73,1730.11,1736.31,1699.42,122315,58.206,18.5743,0.3191131498470948
143,2020-08-07,1730.11,1668.41,1735.38,1623.46,182476,56.4191,18.0041,0.31911356260557155
144,2020-08-10,1651.05,1641.28,1667.17,1603.46,149718,57.1963,18.2521,0.31911329928684196
145,2020-08-11,1651.67,1606.4,1665.62,1603.61,127461,56.7198,17.9297,0.31611007090998205
146,2020-08-12,1603.61,1551.68,1603.61,1518.35,233548,117.8641,19.9639,0.16938066807450275
147,2020-08-13,1585.94,1567.18,1611.98,1562.53,121798,118.3993,20.0545,0.16938022437632655
148,2020-08-14,1581.29,1620.67,1626.87,1562.07,139223,119.5815,20.2547,0.16937987899466053
149,2020-08-17,1642.37,1637.72,1678.02,1636.17,170856,119.0339,20.162,0.16938031938800627
150,2020-08-18,1631.67,1650.89,1652.91,1619.89,121101,120.5024,20.4107,0.16938002894548157
151,2020-08-19,1640.04,1594.93,1645.0,1588.11,116838,118.4864,20.0693,0.16938062089826342
152,2020-08-20,1569.66,1589.82,1608.26,1560.98,87303,116.5948,19.7489,0.16938062417877983
153,2020-08-21,1574.16,1582.07,1607.02,1567.96,113199,114.2427,19.3505,0.16938062563297263
154,2020-08-24,1588.11,1617.26,1634.93,1588.11,116744,114.5663,19.4053,0.16938052463944459
155,2020-08-25,1615.55,1681.43,1721.43,1614.62,237558,112.0151,18.9731,0.16937984253908622
156,2020-08-26,1707.01,1674.92,1722.67,1658.03,158090,113.3342,19.1966,0.16938046944346896
157,2020-08-27,1665.62,1705.15,1729.96,1665.62,176524,116.3832,19.713,0.1693801167178768
158,2020-08-28,1706.24,1793.51,1797.39,1685.0,220558,114.3796,19.3736,0.16937985444956968
159,2020-08-31,1797.39,1749.95,1805.14,1744.37,156862,114.9147,19.4643,0.16938041869316983
160,2020-09-01,1751.04,1752.43,1773.98,1737.4,103204,109.7626,18.5916,0.16938009850349753
161,2020-09-02,1754.76,1735.07,1766.39,1727.63,97415,111.6293,18.9078,0.16938026127548952
162,2020-09-03,1735.07,1712.13,1743.13,1705.15,88816,107.983,18.2902,0.16938036542789142
163,2020-09-04,1677.56,1673.37,1696.47,1651.36,135888,109.3893,18.5284,0.1693803690123257
164,2020-09-07,1668.72,1617.57,1691.98,1614.31,132255,109.1404,18.4862,0.16937999127729053
165,2020-09-08,1634.31,1627.33,1650.27,1603.61,92254,110.8204,18.7708,0.16938036679167373
166,2020-09-09,1603.46,1585.79,1619.58,1565.32,105949,111.3555,18.8614,0.16938004858314137
167,2020-09-10,1591.99,1588.73,1634.15,1582.84,100194,111.4302,18.8741,0.16938047315718718
168,2020-09-11,1589.2,1594.47,1609.81,1561.76,91652,108.5928,18.3935,0.16938047458026684
169,2020-09-14,1604.39,1606.56,1611.36,1582.84,76491,104.3616,17.6768,0.16938030846594918
170,2020-09-15,1605.01,1580.36,1609.81,1556.49,114142,110.6088,18.735,0.1693807364332675
171,2020-09-16,1574.16,1495.87,1580.36,1483.01,255138,109.7626,18.5916,0.16938009850349753
172,2020-09-17,1502.7,1508.43,1525.79,1447.82,157139,108.1199,18.3134,0.1693804748247085
173,2020-09-18,1507.04,1564.39,1572.61,1498.35,140712,108.2817,18.3408,0.16938042162249023
174,2020-09-21,1572.61,1550.44,1579.74,1539.75,102459,105.7803,17.9171,0.1693803099442902
175,2020-09-22,1540.06,1544.24,1572.45,1535.4,67316,114.2178,19.3462,0.16937990400795672
176,2020-09-23,1544.24,1543.16,1555.25,1518.35,75259,113.4587,19.2177,0.1693805763683173
177,2020-09-24,1541.61,1508.43,1541.61,1502.85,73529,116.4579,19.7257,0.1693805229185826
178,2020-09-25,1526.1,1532.92,1544.71,1516.65,63924,120.1664,20.3538,0.16938012622496804
179,2020-09-28,1544.4,1548.27,1586.56,1541.61,74762,113.4214,19.2113,0.16937985247933812
180,2020-09-29,1566.72,1548.27,1579.43,1546.26,70120,122.5185,20.7522,0.1693801344286781
181,2020-09-30,1549.36,1550.75,1562.22,1538.2,62244,125.4803,21.2539,0.16938037285534066
182,2020-10-09,1574.93,1573.07,1598.34,1564.86,92827,127.9319,21.6691,0.16937995918140825
183,2020-10-12,1584.7,1622.84,1625.32,1584.7,152754,128.8777,21.8293,0.16937996255364582
184,2020-10-13,1616.95,1648.57,1649.96,1609.97,105968,121.9585,20.6574,0.16938056798009157
185,2020-10-14,1634.62,1580.52,1639.27,1572.45,122701,119.706,20.2758,0.16937998095333567
186,2020-10-15,1572.61,1519.9,1580.21,1448.59,423467,125.5799,21.2708,0.16938060947651656
187,2020-10-16,1505.95,1521.76,1530.6,1493.55,125167,118.225,20.025,0.1693804186931698
188,2020-10-19,1526.88,1510.76,1558.97,1501.3,94619,126.3639,21.4035,0.1693798624448913
189,2020-10-20,1510.6,1522.69,1527.96,1499.44,56182,127.5586,21.6059,0.16938019075154476
190,2020-10-21,1526.1,1510.91,1530.75,1504.25,67476,128.355,21.7408,0.16938023450586265
191,2020-10-22,1507.5,1536.02,1550.6,1488.28,112800,130.5329,22.1097,0.16938028650248327
192,2020-10-23,1534.32,1500.84,1561.14,1495.25,96202,120.0295,20.3306,0.16938002740992839
193,2020-10-26,1500.68,1432.32,1500.68,1417.12,219183,123.1905,20.866,0.16937994407036255
194,2020-10-27,1433.56,1437.43,1442.39,1414.49,103871,122.5807,20.7627,0.16937984527743763
195,2020-10-28,1443.94,1465.65,1474.17,1423.79,126104,119.1957,20.1894,0.16938027126817493
196,2020-10-29,1440.84,1443.01,1454.48,1423.48,98352,119.5317,20.2463,0.1693801727909835
197,2020-10-30,1433.09,1463.17,1494.94,1414.49,209087,121.7718,20.6257,0.16937993854077874
198,2020-11-02,1451.69,1386.59,1454.02,1344.42,353243,116.4828,19.7299,0.1693803720377601
199,2020-11-03,1386.59,1423.02,1425.03,1364.57,183229,117.2295,19.8564,0.1693805740022776
200,2020-11-04,1371.08,1388.14,1415.88,1353.26,182546,113.5707,19.2366,0.16937995451291574
201,2020-11-05,1409.84,1466.58,1476.19,1394.34,270233,109.5759,18.56,0.16938031081652077
202,2020-11-06,1491.07,1457.89,1495.25,1446.42,127255,103.1545,17.4723,0.16937991071644962
203,2020-11-09,1466.73,1481.15,1507.04,1457.89,171617,103.3162,17.4997,0.16938001978392547
204,2020-11-10,1480.53,1489.83,1508.43,1475.41,119929,99.3339,16.8252,0.16938024179056696
205,2020-11-11,1484.25,1404.57,1485.02,1398.68,199239,110.3724,18.6949,0.16938020737068327
206,2020-11-12,1404.57,1400.23,1420.69,1398.99,81080,114.8027,19.4453,0.16938016266167955
207,2020-11-13,1392.48,1396.97,1414.02,1378.99,79961,109.2399,18.5031,0.1693804186931698
208,2020-11-16,1398.52,1473.4,1482.7,1384.57,180794,108.7795,18.4251,0.16938026006738402
209,2020-11-17,1476.5,1460.22,1494.94,1448.59,117683,108.767,18.423,0.1693804186931698
210,2020-11-18,1448.28,1422.24,1456.34,1417.59,97742,104.1003,17.6325,0.1693799153316561
211,2020-11-19,1411.08,1451.69,1455.26,1402.09,78416,103.7891,17.5798,0.16938002160149762
212,2020-11-20,1448.59,1428.44,1456.34,1421.15,85406,101.5366,17.1983,0.16938030227523868
213,2020-11-23,1428.44,1418.05,1437.74,1414.49,101720,102.6318,17.3838,0.16938025056561418
214,2020-11-24,1418.05,1389.53,1418.05,1386.12,117600,101.2753,17.154,0.16937989815878107
215,2020-11-25,1388.91,1347.52,1397.44,1345.97,135443,102.134,17.2995,0.1693804217988133
216,2020-11-26,1344.73,1346.44,1355.27,1316.67,110496,100.6779,17.0529,0.1693807677752516
217,2020-11-27,1347.83,1351.71,1371.08,1333.26,77855,101.5491,17.2004,0.16938013236946461
218,2020-11-30,1364.57,1393.25,1419.14,1358.37,188944,99.5579,16.8631,0.1693798282205631
219,2020-12-01,1386.59,1419.76,1422.24,1374.18,119538,98.3508,16.6587,0.1693804219182762
