,日期,开盘,收盘,最高,最低,成交量,pe,pb,roe
0,2020-01-03,1839.68,1859.94,1866.02,1839.68,86451,10.9912,1.1331,0.10309156416041926
1,2020-01-06,1849.81,1890.33,1898.43,1849.81,139013,10.9428,1.1281,0.10309061666118362
2,2020-01-07,1866.02,1888.3,1892.35,1857.91,99193,11.0033,1.1343,0.10308725564148938
3,2020-01-08,1912.61,1902.48,1922.74,1884.25,154002,10.8217,1.1156,0.10308916344012493
4,2020-01-09,1882.22,1866.02,1882.22,1861.97,102659,10.7733,1.1106,0.10308819024811339
5,2020-01-10,1866.02,1878.17,1888.3,1861.97,68924,11.0881,1.143,0.10308348589929744
6,2020-01-13,1874.12,1888.3,1904.51,1870.07,52933,11.222,1.1568,0.10308322937087865
7,2020-01-14,1888.3,1882.22,1900.46,1880.2,34640,11.0646,1.1406,0.10308551596984979
8,2020-01-15,1884.25,1882.22,1886.28,1870.07,44139,11.1251,1.1468,0.10308221948566755
9,2020-01-16,1876.15,1872.09,1884.25,1863.99,37556,11.0888,1.1431,0.10308599668133611
10,2020-01-17,1872.09,1870.07,1880.2,1863.99,33368,11.1493,1.1493,0.10308270474379558
11,2020-01-20,1872.09,1861.97,1874.12,1849.81,60218,11.2704,1.1618,0.10308418512208971
12,2020-01-21,1861.97,1839.68,1863.99,1835.63,58769,11.3793,1.173,0.10308191189264718
13,2020-01-22,1831.58,1829.55,1845.76,1805.24,56327,11.682,1.2042,0.10308166409861325
14,2020-01-23,1827.53,1758.65,1827.53,1746.5,104325,11.2946,1.1643,0.10308465992598231
15,2020-02-03,1604.69,1604.69,1604.69,1604.69,42706,11.0162,1.1356,0.10308454821081679
16,2020-02-04,1509.48,1582.41,1618.87,1509.48,119228,11.1372,1.1481,0.10308695183708651
17,2020-02-05,1598.61,1645.21,1659.39,1586.46,111751,11.0404,1.1381,0.10308503315097278
18,2020-02-06,1661.41,1673.57,1683.7,1643.18,92291,11.0525,1.1393,0.10308075096132097
19,2020-02-07,1679.64,1703.95,1705.98,1665.46,79829,10.8104,1.1144,0.10308591726485608
20,2020-02-10,1701.93,1734.34,1752.57,1699.9,60482,10.9799,1.1319,0.10308837056803795
21,2020-02-11,1734.34,1718.13,1746.5,1703.95,105526,10.7498,1.1081,0.10308098755325681
22,2020-02-12,1714.08,1718.13,1726.24,1703.95,83688,10.5319,1.0857,0.1030868124459974
23,2020-02-13,1720.16,1716.11,1722.19,1701.93,80904,10.6651,1.0994,0.10308389044640931
24,2020-02-14,1710.03,1718.13,1722.19,1701.93,47142,10.5925,1.0919,0.10308236960113289
25,2020-02-17,1724.21,1740.42,1744.47,1712.06,75557,10.6893,1.1103,0.10387022536555247
26,2020-02-18,1746.5,1742.44,1752.57,1732.32,59176,10.7014,1.1116,0.10387425944268974
27,2020-02-19,1754.6,1732.32,1758.65,1730.29,75649,10.9799,1.1405,0.10387161996010892
28,2020-02-20,1736.37,1758.65,1766.75,1730.29,66986,11.0041,1.143,0.10387037558728111
29,2020-02-21,1770.81,1780.93,1787.01,1756.62,81435,11.113,1.1543,0.103869342211824
30,2020-02-24,1801.19,1762.7,1811.32,1760.68,102572,10.8467,1.1267,0.10387491126333355
31,2020-02-25,1740.42,1722.19,1762.7,1708.01,141786,10.6651,1.1078,0.10387150612746246
32,2020-02-26,1708.01,1712.06,1734.34,1693.82,84865,10.6772,1.1091,0.10387554789645226
33,2020-02-27,1720.16,1705.98,1728.26,1703.95,86835,10.7741,1.1191,0.10386946473487343
34,2020-02-28,1691.8,1647.23,1695.85,1641.15,95996,10.6772,1.1091,0.10387554789645226
35,2020-03-02,1655.33,1681.67,1687.75,1655.33,78974,10.8346,1.1254,0.10387093201410297
36,2020-03-03,1693.82,1691.8,1718.13,1681.67,61685,11.0162,1.1443,0.10387429422123783
37,2020-03-04,1697.88,1724.21,1728.26,1697.88,73956,10.7377,1.1154,0.10387699414213472
38,2020-03-05,1730.29,1756.62,1760.68,1718.13,86604,10.6893,1.1103,0.10387022536555247
39,2020-03-06,1758.65,1756.62,1764.73,1740.42,84313,10.653,1.1066,0.10387684220407396
40,2020-03-09,1744.47,1695.85,1748.52,1691.8,94817,10.5562,1.0965,0.10387260567249579
41,2020-03-10,1667.49,1728.26,1728.26,1661.41,80718,10.6772,1.1091,0.10387554789645226
42,2020-03-11,1726.24,1710.03,1738.39,1708.01,58326,10.7498,1.1166,0.10387169993860351
43,2020-03-12,1703.95,1673.57,1708.01,1669.52,87876,10.9677,1.1393,0.10387775012080928
44,2020-03-13,1639.13,1643.18,1657.36,1604.69,114333,11.0283,1.1455,0.10386913667564357
45,2020-03-16,1655.33,1614.82,1659.39,1612.79,79770,11.2583,1.1694,0.1038700336640523
46,2020-03-17,1618.87,1600.64,1645.21,1592.54,90007,11.1735,1.1606,0.10387076565087036
47,2020-03-18,1610.77,1570.25,1614.82,1566.2,70634,11.0162,1.1443,0.10387429422123783
48,2020-03-19,1570.25,1586.46,1608.74,1558.1,73806,11.0404,1.1468,0.1038730480779682
49,2020-03-20,1600.64,1629.0,1643.18,1582.41,68310,11.0162,1.1443,0.10387429422123783
50,2020-03-23,1610.77,1604.69,1639.13,1598.61,60173,10.9799,1.1405,0.10387161996010892
51,2020-03-24,1639.13,1687.75,1697.88,1637.1,133751,11.0888,1.1518,0.10387057210879444
52,2020-03-25,1724.21,1768.78,1776.88,1699.9,192109,10.9556,1.138,0.10387381795611375
53,2020-03-26,1750.55,1758.65,1766.75,1744.47,91029,11.3793,1.182,0.10387282170256518
54,2020-03-27,1762.7,1766.75,1789.04,1748.52,118793,11.6336,1.2084,0.1038715444918168
55,2020-03-30,1760.68,1714.08,1760.68,1705.98,126714,11.5367,1.1984,0.10387719191796614
56,2020-03-31,1728.26,1701.93,1736.37,1693.82,79542,11.7183,1.2172,0.10387172200745844
57,2020-04-01,1699.9,1689.77,1714.08,1683.7,71049,11.8394,1.2298,0.10387350710340051
58,2020-04-02,1681.67,1687.75,1693.82,1667.49,59719,11.8757,1.2336,0.10387598204737405
59,2020-04-03,1689.77,1693.82,1710.03,1675.59,59309,12.0573,1.2524,0.10387068414985112
60,2020-04-07,1720.16,1750.55,1756.62,1716.11,96116,11.9967,1.2461,0.10387023098018622
61,2020-04-08,1740.42,1730.29,1750.55,1718.13,87442,11.6336,1.2084,0.1038715444918168
62,2020-04-09,1736.37,1728.26,1736.37,1718.13,48499,11.4883,1.1933,0.10387089473638397
63,2020-04-10,1746.5,1708.01,1756.62,1699.9,57726,11.4762,1.1921,0.10387584740593575
64,2020-04-13,1718.13,1695.85,1720.16,1691.8,31160,11.8273,1.2495,0.10564541357706325
65,2020-04-14,1708.01,1724.21,1724.21,1699.9,62932,11.803,1.2469,0.10564263322884011
66,2020-04-15,1728.26,1714.08,1728.26,1708.01,47618,11.8394,1.2508,0.10564724563744785
67,2020-04-16,1703.95,1726.24,1734.34,1703.95,55153,11.8636,1.2533,0.10564246940220508
68,2020-04-17,1726.24,1712.06,1732.32,1708.01,48320,11.9483,1.2623,0.10564682841910565
69,2020-04-20,1714.08,1693.82,1716.11,1687.75,58717,12.2025,1.2891,0.10564228641671787
70,2020-04-21,1683.7,1708.01,1714.08,1681.67,70799,12.142,1.2827,0.10564157469939055
71,2020-04-22,1710.03,1720.16,1724.21,1689.77,51860,11.8999,1.2572,0.10564794662140019
72,2020-04-23,1728.26,1756.62,1774.86,1720.16,105503,11.8757,1.2546,0.10564429886238284
73,2020-04-24,1770.81,1718.13,1772.83,1714.08,80708,12.0088,1.2687,0.10564752514822462
74,2020-04-27,1720.16,1697.88,1724.21,1697.88,56553,12.0694,1.2751,0.10564733955291894
75,2020-04-28,1705.98,1683.7,1705.98,1655.33,74857,12.142,1.2827,0.10564157469939055
76,2020-04-29,1683.7,1718.13,1722.19,1675.59,45212,12.0694,1.2751,0.10564733955291894
77,2020-04-30,1724.21,1760.68,1770.81,1724.21,102280,12.3841,1.3083,0.105643526780307
78,2020-05-06,1760.68,1744.47,1772.83,1657.36,94846,12.5052,1.3211,0.10564405207433707
79,2020-05-07,1760.68,1780.93,1787.01,1742.44,111160,12.3599,1.3058,0.10564810394906109
80,2020-05-08,1780.93,1766.75,1784.99,1760.68,77418,12.602,1.3313,0.10564196159339787
81,2020-05-11,1766.75,1758.65,1766.75,1746.5,56016,12.4325,1.3134,0.10564246933440578
82,2020-05-12,1758.65,1742.44,1758.65,1738.39,56358,12.3599,1.3058,0.10564810394906109
83,2020-05-13,1742.44,1774.86,1780.93,1730.29,73326,12.5657,1.3275,0.10564473129232752
84,2020-05-14,1774.86,1789.04,1801.19,1754.6,102698,12.4083,1.3109,0.10564702658704253
85,2020-05-15,1801.19,1805.24,1829.55,1789.04,106460,12.481,1.3185,0.10564057367198142
86,2020-05-18,1809.3,1805.24,1835.63,1799.17,108886,12.0936,1.2776,0.10564265396573394
87,2020-05-19,1811.32,1805.24,1811.32,1789.04,65123,12.7352,1.3454,0.10564419875620326
88,2020-05-20,1799.17,1799.17,1807.27,1787.01,51116,13.171,1.3914,0.10564118138334219
89,2020-05-21,1799.17,1817.4,1829.55,1784.99,74342,13.1468,1.3889,0.10564548026896278
90,2020-05-22,1807.27,1831.58,1835.63,1797.14,88511,12.6383,1.3352,0.10564712026142757
91,2020-05-25,1837.66,1857.91,1874.12,1819.42,120842,12.2752,1.2968,0.10564389989572472
92,2020-05-26,1853.86,1837.66,1863.99,1827.53,114599,12.4689,1.3173,0.10564684936121069
93,2020-05-27,1831.58,1859.94,1872.09,1827.53,91520,13.0499,1.3787,0.10564831914420801
94,2020-05-28,1910.58,1851.84,1916.66,1831.58,160540,13.3163,1.4068,0.10564496143823736
95,2020-05-29,1837.66,1896.4,1918.69,1807.27,159307,14.3452,1.5155,0.10564509382929482
96,2020-06-01,1906.53,1898.43,1924.77,1884.25,144235,14.3694,1.5181,0.10564811335198407
97,2020-06-02,1896.4,1961.23,1971.36,1872.09,184744,13.9336,1.472,0.10564391112131825
98,2020-06-03,1961.23,1934.89,1965.28,1926.79,126677,12.6625,1.3377,0.1056426456071076
99,2020-06-04,1981.49,1977.44,2042.26,1957.18,210760,12.3841,1.3083,0.105643526780307
100,2020-06-05,1961.23,2068.6,2068.6,1945.02,304394,11.2583,1.1894,0.10564650080385138
101,2020-06-08,2046.31,2011.87,2052.39,1999.72,217019,11.0162,1.1638,0.10564441458942285
102,2020-06-09,1997.69,2015.93,2036.18,1973.38,157702,11.1614,1.1791,0.10564086942498253
103,2020-06-10,2019.98,1991.62,2028.08,1985.54,92937,11.0041,1.1625,0.10564244236239222
104,2020-06-11,1991.62,1979.46,2005.8,1971.36,82902,10.7256,1.1331,0.10564443947191765
105,2020-06-12,1938.95,1983.51,1999.72,1928.82,84656,10.5441,1.1139,0.10564201781090846
106,2020-06-15,1983.51,1981.49,2024.03,1967.31,114401,10.653,1.1254,0.10564160330423354
107,2020-06-16,1993.64,1997.69,2013.9,1977.44,91989,10.6651,1.1267,0.10564364140983207
108,2020-06-17,1997.69,2032.13,2042.26,1975.41,161136,10.6651,1.1267,0.10564364140983207
109,2020-06-18,2032.13,2011.87,2058.47,1999.72,133301,11.113,1.174,0.10564204085305498
110,2020-06-19,2007.82,2139.5,2161.78,2001.75,328409,10.3504,1.0935,0.10564809089503786
111,2020-06-22,2123.29,2064.55,2123.29,2062.52,216141,10.4714,1.1063,0.10564967435108964
112,2020-06-23,2074.67,2064.55,2076.7,2032.13,130702,10.6167,1.0816,0.10187723115469025
113,2020-06-24,2068.6,2062.52,2111.14,2048.34,109195,10.5198,1.0717,0.10187456035285843
114,2020-06-29,2048.34,2044.29,2082.78,2038.21,89532,10.5319,1.073,0.10188095215488183
115,2020-06-30,2050.36,2074.67,2090.88,2050.36,98953,10.5077,1.0705,0.1018776706605632
116,2020-07-01,2082.78,2121.27,2137.47,2072.65,149123,10.5804,1.0779,0.10187705568787571
117,2020-07-02,2113.16,2147.6,2184.07,2107.09,227437,10.7256,1.0927,0.10187775042888043
118,2020-07-03,2145.58,2123.29,2157.73,2101.01,216213,10.7014,1.0902,0.10187452109069842
119,2020-07-06,2133.42,2163.81,2175.96,2123.29,254458,11.0404,1.1248,0.10188036665338213
120,2020-07-07,2281.31,2352.21,2352.21,2246.87,429311,10.4956,1.0693,0.10188078813979191
121,2020-07-08,2366.39,2398.8,2496.04,2265.1,716961,10.2414,1.0434,0.10188060226140958
122,2020-07-09,2406.9,2611.51,2611.51,2398.8,500939,10.3988,1.0594,0.10187713966996191
123,2020-07-10,2611.51,2684.44,2769.52,2562.89,792434,10.0235,1.0212,0.10188058063550656
124,2020-07-13,2680.39,2680.39,2726.98,2550.74,523634,10.0114,1.0199,0.10187386379527338
125,2020-07-14,2639.87,2508.19,2670.26,2487.94,513254,9.7451,0.9928,0.10187684066864372
126,2020-07-15,2534.53,2463.63,2560.86,2427.16,346691,9.7935,0.9977,0.10187369173431358
127,2020-07-16,2463.63,2366.39,2502.12,2346.13,302076,9.6603,0.9842,0.10188089396809623
128,2020-07-17,2346.13,2333.98,2404.88,2291.43,248914,9.7814,0.9965,0.10187703191772139
129,2020-07-20,2362.34,2394.75,2400.83,2319.8,200931,9.624,0.9805,0.101880714879468
130,2020-07-21,2463.63,2479.83,2526.43,2402.85,365105,9.5393,0.9718,0.10187330307255249
131,2020-07-22,2524.4,2483.88,2579.1,2469.7,327475,9.4303,0.9607,0.1018737473887363
132,2020-07-23,2445.39,2410.96,2461.6,2346.13,289593,9.4666,0.9644,0.10187395685885113
133,2020-07-24,2412.98,2303.59,2433.24,2295.49,291042,9.4666,0.9644,0.10187395685885113
134,2020-07-27,2344.1,2368.41,2396.78,2303.59,237906,9.4666,0.9644,0.10187395685885113
135,2020-07-28,2408.93,2356.26,2439.32,2336.0,229047,9.3698,0.9546,0.1018805097227262
136,2020-07-29,2354.23,2382.59,2390.7,2309.67,158726,9.2851,0.9459,0.1018728931298532
137,2020-07-30,2386.65,2348.16,2388.67,2333.98,149875,9.0914,0.9262,0.10187649866907188
138,2020-07-31,2348.16,2360.31,2374.49,2327.9,150941,9.1882,0.9361,0.10188067303715635
139,2020-08-03,2360.31,2388.67,2392.72,2354.23,230460,9.2366,0.941,0.10187731416322024
140,2020-08-04,2404.88,2348.16,2412.98,2340.05,181610,9.3214,0.9496,0.10187310918960671
141,2020-08-05,2376.52,2372.47,2382.59,2342.08,162797,9.1035,0.9274,0.10187290602515515
142,2020-08-06,2372.47,2352.21,2382.59,2315.74,176215,9.2003,0.9373,0.10187711270284665
143,2020-08-07,2360.31,2299.54,2376.52,2283.33,200536,8.9461,0.9114,0.10187679547512324
144,2020-08-10,2285.36,2311.69,2327.9,2261.05,124550,8.7403,0.8904,0.10187293342333788
145,2020-08-11,2297.51,2299.54,2356.26,2293.46,149415,8.825,0.8991,0.10188101983002834
146,2020-08-12,2285.36,2289.41,2305.61,2210.4,187511,8.9461,0.9114,0.10187679547512324
147,2020-08-13,2293.46,2267.12,2299.54,2254.97,86637,9.1761,0.9382,0.10224387266921678
148,2020-08-14,2271.18,2271.18,2281.31,2232.69,95181,8.9582,0.9159,0.10224152173427699
149,2020-08-17,2271.18,2311.69,2317.77,2271.18,102199,8.8856,0.9085,0.10224408030971459
150,2020-08-18,2317.77,2321.82,2336.0,2303.59,95055,8.8008,0.8998,0.10224070539041905
151,2020-08-19,2317.77,2279.28,2319.8,2275.23,101797,8.9098,0.911,0.10224696401714965
152,2020-08-20,2271.18,2265.1,2289.41,2252.94,65899,8.9945,0.9196,0.10224025793540496
153,2020-08-21,2269.15,2261.05,2281.31,2248.89,71269,8.9219,0.9122,0.10224279581703448
154,2020-08-24,2261.05,2254.97,2267.12,2226.61,82912,8.9824,0.9184,0.10224438902743142
155,2020-08-25,2252.94,2259.02,2293.46,2248.89,95608,8.8129,0.9011,0.10224784123273836
156,2020-08-26,2265.1,2200.27,2265.1,2194.2,110411,8.8856,0.9085,0.10224408030971459
157,2020-08-27,2214.45,2202.3,2220.53,2192.17,70318,9.0066,0.9209,0.10224724091221993
158,2020-08-28,2202.3,2226.61,2228.63,2196.22,91004,9.0187,0.9221,0.10224311707895815
159,2020-08-31,2246.87,2287.38,2333.98,2240.79,229602,9.1398,0.9345,0.1022451257139106
160,2020-09-01,2277.25,2297.51,2307.64,2277.25,115806,8.8008,0.8998,0.10224070539041905
161,2020-09-02,2307.64,2267.12,2313.72,2250.92,124734,8.7645,0.8961,0.10224199897313024
162,2020-09-03,2269.15,2261.05,2291.43,2234.71,121356,8.7766,0.8974,0.10224916254586058
163,2020-09-04,2234.71,2240.79,2263.07,2228.63,87964,8.8493,0.9048,0.10224537534042241
164,2020-09-07,2244.84,2210.4,2250.92,2206.35,101388,8.9219,0.9122,0.10224279581703448
165,2020-09-08,2224.58,2226.61,2254.97,2210.4,68353,9.2366,0.9444,0.10224541497953793
166,2020-09-09,2222.56,2184.07,2224.58,2184.07,78795,9.1882,0.9394,0.10223982934633552
167,2020-09-10,2204.33,2113.16,2204.33,2101.01,102564,9.2487,0.9456,0.10224139608809887
168,2020-09-11,2105.06,2135.45,2135.45,2105.06,56234,8.7645,0.8961,0.10224199897313024
169,2020-09-14,2153.68,2117.22,2157.73,2105.06,61703,8.7813,0.8976,0.10221721157459601
170,2020-09-15,2123.29,2123.29,2147.6,2105.06,79224,8.9356,0.9134,0.10222033215452794
171,2020-09-16,2117.22,2127.34,2133.42,2109.11,42078,8.6656,0.8858,0.10222027326440178
172,2020-09-17,2129.37,2123.29,2133.42,2098.98,55901,8.5628,0.8753,0.10222123604428458
173,2020-09-18,2113.16,2149.63,2155.71,2111.14,67803,8.7556,0.895,0.10222029329800357
174,2020-09-21,2165.83,2163.81,2188.12,2155.71,61721,8.8456,0.9042,0.1022203129239396
175,2020-09-22,2175.96,2125.32,2175.96,2125.32,53260,9.0256,0.9226,0.10222035100159545
176,2020-09-23,2131.4,2115.19,2135.45,2115.19,38877,9.2185,0.9423,0.10221836524380322
177,2020-09-24,2121.27,2078.73,2121.27,2070.62,62121,9.4499,0.966,0.10222330395030635
178,2020-09-25,2078.73,2066.57,2088.85,2054.42,37483,9.5656,0.9778,0.10222045663628
179,2020-09-28,2066.57,2046.31,2072.65,2044.29,31302,9.3599,0.9568,0.10222331435164905
180,2020-09-29,2048.34,2062.52,2072.65,2046.31,25895,9.7456,0.9962,0.10222048924642915
181,2020-09-30,2092.91,2068.6,2109.11,2042.26,51448,9.7456,0.9962,0.10222048924642915
182,2020-10-09,2105.06,2076.7,2105.06,2072.65,59372,9.5399,0.9752,0.10222329374521746
183,2020-10-12,2086.83,2123.29,2125.32,2078.73,83779,9.3342,0.9542,0.10222622185082815
184,2020-10-13,2121.27,2092.91,2121.27,2088.85,67622,9.2699,0.9476,0.10222332495496177
185,2020-10-14,2086.83,2066.57,2090.88,2058.47,62146,9.0513,0.9252,0.10221736104206026
186,2020-10-15,2076.7,2082.78,2082.78,2058.47,50378,9.4242,0.9634,0.10222618365484602
187,2020-10-16,2076.7,2066.57,2086.83,2060.49,57298,9.4628,0.9673,0.10222132983894831
188,2020-10-19,2080.75,2064.55,2086.83,2062.52,52737,9.527,0.9739,0.1022252545397292
189,2020-10-20,2058.47,2094.93,2096.96,2052.39,62777,9.7842,1.0002,0.10222603789783528
190,2020-10-21,2103.04,2139.5,2198.25,2096.96,174587,9.8999,1.012,0.10222325478035131
191,2020-10-22,2137.47,2121.27,2147.6,2107.09,62855,9.7585,0.9975,0.1022185786750013
192,2020-10-23,2123.29,2117.22,2133.42,2103.04,53307,9.5913,0.9804,0.1022176347314754
193,2020-10-26,2109.11,2070.62,2115.19,2062.52,51412,9.6556,0.987,0.10222047309333444
194,2020-10-27,2062.52,2068.6,2078.73,2054.42,34909,9.6428,0.9857,0.10222134649686813
195,2020-10-28,2062.52,2052.39,2082.78,2042.26,73527,9.5013,0.9712,0.10221759127698314
196,2020-10-29,2038.21,2064.55,2078.73,2007.82,59131,9.4885,0.9699,0.10221847499604785
197,2020-10-30,2078.73,2042.26,2101.01,2038.21,55258,9.5013,0.9712,0.10221759127698314
198,2020-11-02,2040.24,2078.73,2080.75,2028.08,80262,9.5013,0.9712,0.10221759127698314
199,2020-11-03,2080.75,2117.22,2123.29,2066.57,91415,9.6042,0.9818,0.10222610941046625
200,2020-11-04,2113.16,2088.85,2113.16,2084.8,72675,9.4113,0.962,0.10221754699138269
201,2020-11-05,2117.22,2129.37,2139.5,2092.91,84238,9.2185,0.9423,0.10221836524380322
202,2020-11-06,2123.29,2127.34,2155.71,2115.19,67320,9.0385,0.9239,0.10221828843281518
203,2020-11-09,2137.47,2143.55,2173.94,2131.4,97477,8.6399,0.8832,0.10222340536348799
204,2020-11-10,2151.65,2123.29,2159.76,2115.19,71528,8.7813,0.8976,0.10221721157459601
205,2020-11-11,2117.22,2169.89,2190.14,2117.22,129248,9.7585,0.9975,0.1022185786750013
206,2020-11-12,2175.96,2234.71,2250.92,2173.94,186929,10.2085,1.0435,0.10221873928588922
207,2020-11-13,2204.33,2184.07,2250.92,2167.86,167724,10.2727,1.0501,0.10222239528069543
208,2020-11-16,2190.14,2165.83,2200.27,2155.71,94721,10.4142,1.0646,0.10222580707111445
209,2020-11-17,2165.83,2145.58,2188.12,2127.34,106763,10.4656,1.0698,0.10222060846965296
210,2020-11-18,2145.58,2135.45,2157.73,2127.34,76213,10.4785,1.0711,0.10221882903087273
211,2020-11-19,2133.42,2141.53,2143.55,2119.24,70174,10.5427,1.0777,0.1022223908486441
212,2020-11-20,2141.53,2131.4,2143.55,2117.22,77428,10.5427,1.0777,0.1022223908486441
213,2020-11-23,2133.42,2157.73,2171.91,2121.27,142667,10.5813,1.0816,0.10221806394299375
214,2020-11-24,2159.76,2135.45,2169.89,2131.4,89318,10.517,1.0751,0.10222496909765143
215,2020-11-25,2137.47,2082.78,2143.55,2082.78,130423,10.4399,1.0672,0.10222320137166065
216,2020-11-26,2088.85,2090.88,2107.09,2070.62,62281,10.6713,1.0908,0.10221809901324112
217,2020-11-27,2088.85,2121.27,2121.27,2076.7,82553,10.5813,1.0816,0.10221806394299375
218,2020-11-30,2121.27,2111.14,2137.47,2103.04,88612,10.5942,1.083,0.10222574616299483
219,2020-12-01,2121.27,2119.24,2121.27,2096.96,66889,10.4013,1.0632,0.10221799198177149
