,日期,开盘,收盘,最高,最低,成交量,pe,pb,roe
0,2020-01-03,696.98,699.47,701.96,695.32,281414,5.34,0.9748,0.18254681647940074
1,2020-01-06,699.47,694.49,700.3,692.83,391433,5.3153,0.9702,0.18252967847534476
2,2020-01-07,695.32,695.32,698.64,692.83,244642,5.2822,0.9642,0.18253757903903678
3,2020-01-08,701.96,692.83,702.79,691.17,466253,5.1997,0.9492,0.18254899321114681
4,2020-01-09,697.81,701.96,703.62,696.15,418447,5.2245,0.9537,0.18254378409417168
5,2020-01-10,701.13,696.15,702.79,694.49,288151,5.2162,0.9522,0.1825466814922741
6,2020-01-13,696.98,696.15,697.81,692.0,239922,5.2575,0.9597,0.18253922967189729
7,2020-01-14,696.15,695.32,701.13,693.66,261113,5.1584,0.9416,0.18253722084367244
8,2020-01-15,694.49,690.34,695.32,688.68,203950,5.2575,0.9597,0.18253922967189729
9,2020-01-16,689.51,685.37,691.17,682.88,199635,5.2657,0.9612,0.1825398332605352
10,2020-01-17,687.02,681.22,689.51,679.56,194610,5.2245,0.9537,0.18254378409417168
11,2020-01-20,680.39,678.73,682.05,674.58,247658,5.1502,0.9401,0.18253660052036816
12,2020-01-21,676.24,667.11,677.9,666.28,296518,5.1254,0.9356,0.1825418503921645
13,2020-01-22,667.94,667.94,671.26,663.8,229233,5.2327,0.9552,0.18254438435224646
14,2020-01-23,666.28,653.01,668.77,648.86,352159,5.2988,0.9672,0.18253189401373895
15,2020-02-03,599.09,599.09,605.72,599.09,365746,5.3153,0.9702,0.18252967847534476
16,2020-02-04,579.18,597.43,612.36,579.18,515753,5.2822,0.9642,0.18253757903903678
17,2020-02-05,598.26,600.75,605.72,594.94,435748,5.2327,0.9552,0.18254438435224646
18,2020-02-06,600.75,601.58,604.06,593.28,415193,5.2575,0.9597,0.18253922967189729
19,2020-02-07,597.43,599.92,599.92,594.11,376671,5.1584,0.9416,0.18253722084367244
20,2020-02-10,596.6,605.72,608.21,594.94,388945,5.1667,0.9431,0.1825343062302824
21,2020-02-11,606.55,609.87,616.51,604.06,484961,5.0594,0.9235,0.18253152547732931
22,2020-02-12,609.87,611.53,611.53,606.55,265148,5.1089,0.9326,0.18254418759419835
23,2020-02-13,609.87,607.38,620.66,606.55,466960,5.0346,0.919,0.18253684503237597
24,2020-02-14,606.55,619.0,619.83,604.06,515900,5.1007,0.9311,0.1825435724508401
25,2020-02-17,619.83,626.46,628.12,615.68,473234,5.1584,0.9416,0.18253722084367244
26,2020-02-18,623.14,619.83,625.63,616.51,387832,5.1254,1.0,0.19510672337768759
27,2020-02-19,618.17,617.34,623.14,616.51,304232,5.2162,1.0177,0.1951037153483379
28,2020-02-20,616.51,622.32,622.32,610.7,534812,5.2492,1.0242,0.19511544616322488
29,2020-02-21,620.66,619.0,623.97,616.51,465982,5.2162,1.0177,0.1951037153483379
30,2020-02-24,616.51,608.21,617.34,603.23,715397,5.241,1.0226,0.19511543598549896
31,2020-02-25,601.58,604.06,608.21,596.6,498620,5.2905,1.0322,0.1951044324733012
32,2020-02-26,599.92,615.68,622.32,598.26,858625,5.307,1.0354,0.1951008102506124
33,2020-02-27,616.51,616.51,628.12,614.02,701758,5.2575,1.0258,0.19511174512601046
34,2020-02-28,608.21,599.09,618.17,599.09,602939,5.2905,1.0322,0.1951044324733012
35,2020-03-02,602.4,625.63,628.95,602.4,886809,5.406,1.0548,0.1951165371809101
36,2020-03-03,630.61,625.63,633.93,621.49,606139,5.4556,1.0644,0.19510228022582302
37,2020-03-04,626.46,643.06,644.71,623.14,872059,5.2657,1.0274,0.19511176101942765
38,2020-03-05,639.74,643.06,647.2,634.76,732545,5.2575,1.0258,0.19511174512601046
39,2020-03-06,636.42,629.78,638.91,625.63,528097,5.3318,1.0403,0.19511234479912973
40,2020-03-09,617.34,610.7,621.49,609.87,550983,5.3978,1.0532,0.1951165289562414
41,2020-03-10,609.04,616.51,617.34,602.4,513933,5.34,1.0419,0.1951123595505618
42,2020-03-11,617.34,613.19,620.66,612.36,444430,5.4308,1.0596,0.19510937615084337
43,2020-03-12,609.04,605.72,614.02,601.58,548295,5.6454,1.1015,0.1951146065823502
44,2020-03-13,584.15,599.09,601.58,581.66,546290,5.6867,1.1095,0.19510436632845057
45,2020-03-16,598.26,587.47,601.58,585.81,519319,5.827,1.1369,0.19510897545906986
46,2020-03-17,589.13,583.32,592.45,576.69,413931,5.9178,1.1546,0.19510628949947617
47,2020-03-18,584.15,570.05,587.47,569.22,485231,5.7362,1.1192,0.1951117464523552
48,2020-03-19,568.39,557.61,571.71,548.48,694479,5.8105,1.1337,0.1951122967042423
49,2020-03-20,560.09,560.92,562.58,553.46,632563,5.8022,1.1321,0.1951156457895281
50,2020-03-23,545.99,547.65,551.8,544.33,357589,5.7032,1.1127,0.1951009959321083
51,2020-03-24,553.46,555.12,555.95,546.82,354692,5.7857,1.1288,0.19510171630053408
52,2020-03-25,563.41,568.39,574.2,558.44,717192,5.7609,1.124,0.19510840320088876
53,2020-03-26,563.41,567.56,575.86,562.58,458538,5.7775,1.1272,0.19510168758113372
54,2020-03-27,574.2,575.86,582.49,570.05,573213,6.0911,1.1884,0.19510433255077078
55,2020-03-30,569.22,571.71,573.37,566.73,303643,6.1489,1.1997,0.19510806810974318
56,2020-03-31,575.03,563.41,576.69,561.75,353566,6.3304,1.2351,0.19510615442941995
57,2020-04-01,563.41,564.24,571.71,562.58,272553,6.2397,1.2174,0.1951055339199
58,2020-04-02,561.75,569.22,569.22,560.09,224042,6.2562,1.2206,0.19510245836130558
59,2020-04-03,568.39,569.22,572.54,565.07,216047,6.3222,1.2335,0.19510613394071685
60,2020-04-07,575.86,571.71,577.52,570.05,477716,6.3139,1.2319,0.19510920350338143
61,2020-04-08,570.88,569.22,571.71,565.9,342699,6.5038,1.2689,0.19510132537900918
62,2020-04-09,571.71,568.39,572.54,567.56,267383,6.4542,1.2593,0.19511325958290726
63,2020-04-10,570.88,568.39,572.54,566.73,284496,6.5203,1.2722,0.19511372176126865
64,2020-04-13,566.73,563.41,567.56,562.58,220499,6.5285,1.2738,0.19511373209772537
65,2020-04-14,565.9,575.86,578.35,563.41,542555,6.7018,1.368,0.20412426512280282
66,2020-04-15,573.37,570.05,575.03,570.05,268768,6.7926,1.3865,0.20411918852869299
67,2020-04-16,570.05,569.22,571.71,566.73,245270,6.7596,1.3798,0.20412450440854488
68,2020-04-17,571.71,570.88,575.03,569.22,314406,6.8422,1.3966,0.20411563532197247
69,2020-04-20,570.88,569.22,571.71,567.56,237002,7.2053,1.4707,0.204113638571607
70,2020-04-21,566.73,562.58,570.05,560.09,294179,7.2466,1.4792,0.20412331300195954
71,2020-04-22,560.92,561.75,561.75,554.29,315959,7.3704,1.5044,0.20411375230652337
72,2020-04-23,561.75,559.26,563.41,557.61,253459,7.164,1.4623,0.2041178112786153
73,2020-04-24,559.26,549.31,560.09,547.65,374037,6.8917,1.4067,0.2041150949693109
74,2020-04-27,550.97,559.26,561.75,550.14,385796,6.7018,1.368,0.20412426512280282
75,2020-04-28,567.56,570.05,570.88,557.61,598732,6.8669,1.4017,0.20412413170426247
76,2020-04-29,568.39,578.35,581.66,566.73,498136,6.4707,1.3208,0.2041201106526342
77,2020-04-30,578.35,584.15,585.81,577.52,494487,6.4212,1.3107,0.2041207250981125
78,2020-05-06,577.52,582.49,587.47,577.52,530955,6.4707,1.3208,0.2041201106526342
79,2020-05-07,581.66,580.01,583.32,576.69,344667,6.6193,1.3511,0.2041152387714713
80,2020-05-08,580.83,582.49,585.81,580.01,308430,6.7596,1.3798,0.20412450440854488
81,2020-05-11,583.32,587.47,589.13,583.32,315726,6.7431,1.3764,0.2041197668728033
82,2020-05-12,588.3,583.32,589.13,580.83,299644,6.7349,1.3747,0.20411587402931003
83,2020-05-13,583.32,584.98,585.81,580.01,173268,6.3304,1.2922,0.20412612157209656
84,2020-05-14,584.15,577.52,584.15,576.69,203727,6.2809,1.2821,0.20412679711506312
85,2020-05-15,580.01,580.83,583.32,578.35,233351,6.1984,1.2652,0.2041171915332989
86,2020-05-18,580.01,579.18,580.83,574.2,323662,6.3469,1.2955,0.2041153949172037
87,2020-05-19,580.01,573.37,581.66,571.71,328569,6.7596,1.3798,0.20412450440854488
88,2020-05-20,573.37,565.9,573.37,563.41,331969,6.6771,1.3629,0.20411555914993035
89,2020-05-21,566.73,564.24,568.39,563.41,218738,7.0072,1.4303,0.20411862084712865
90,2020-05-22,565.07,555.12,565.07,552.63,421047,7.2878,1.4876,0.20412195724361262
91,2020-05-25,555.95,561.75,563.41,552.63,365704,7.4777,1.5263,0.20411356433127834
92,2020-05-26,564.24,560.09,565.07,559.26,263585,7.7996,1.4915,0.191227755269501
93,2020-05-27,561.75,559.26,562.58,558.44,192976,7.0898,1.3558,0.1912324748229851
94,2020-05-28,559.26,560.09,565.07,558.44,236251,7.1475,1.3668,0.1912277019937041
95,2020-05-29,560.09,558.44,561.75,556.78,284170,7.2301,1.3826,0.1912283370907733
96,2020-06-01,560.92,566.73,567.56,559.26,425222,6.5698,1.2564,0.191238698286097
97,2020-06-02,566.73,582.49,582.49,565.9,645736,6.1736,1.1806,0.1912336400155501
98,2020-06-03,584.98,575.86,589.96,575.86,473374,5.6124,1.0733,0.19123726035207753
99,2020-06-04,577.52,571.71,578.35,570.88,326606,5.1007,0.9754,0.19122865489050525
100,2020-06-05,572.54,570.05,573.37,566.73,272422,4.6385,0.887,0.19122561172792932
101,2020-06-08,571.71,572.54,574.2,570.05,294754,4.6797,0.8949,0.1912302070645554
102,2020-06-09,571.71,574.2,575.86,571.71,263901,4.5889,0.8776,0.19124408899736323
103,2020-06-10,573.37,585.81,585.81,570.05,697384,4.6137,0.8823,0.19123480070225632
104,2020-06-11,583.32,575.86,586.64,574.2,732238,4.688,0.8965,0.1912329351535836
105,2020-06-12,568.39,574.2,574.2,566.73,336469,4.6385,0.887,0.19122561172792932
106,2020-06-15,572.54,569.22,580.01,566.73,510117,4.6137,0.8823,0.19123480070225632
107,2020-06-16,571.71,580.01,580.83,571.71,485581,4.6302,0.8854,0.19122284134594617
108,2020-06-17,577.52,578.35,579.18,575.86,250134,4.5229,0.8649,0.1912268677176148
109,2020-06-18,577.52,580.83,584.98,577.52,353477,4.5724,0.8744,0.19123436269792668
110,2020-06-19,584.98,585.81,588.3,583.32,490991,4.5889,0.8776,0.19124408899736323
111,2020-06-22,584.98,578.35,585.81,577.52,483771,4.688,0.8965,0.1912329351535836
112,2020-06-23,578.35,575.86,580.01,574.2,271779,4.5724,0.8744,0.19123436269792668
113,2020-06-24,576.69,584.98,584.98,576.69,376050,4.5559,0.8712,0.19122456594745274
114,2020-06-29,584.15,580.83,584.15,577.52,323491,4.5312,0.8665,0.19122969632768363
115,2020-06-30,581.66,627.29,627.29,581.66,1805362,4.5477,0.8697,0.19123952767332938
116,2020-07-01,637.25,678.73,678.73,637.25,1354468,4.5889,0.8776,0.19124408899736323
117,2020-07-02,735.14,735.14,735.14,735.14,456818,4.655,0.8902,0.19123523093447906
118,2020-07-03,775.79,774.96,797.36,760.03,5227733,4.4982,0.8602,0.1912320483749055
119,2020-07-06,801.51,841.33,841.33,799.02,3209659,4.4156,0.8444,0.19123108977262432
120,2020-07-07,861.24,833.04,901.06,807.32,5378973,4.4321,0.8476,0.1912411723562194
121,2020-07-08,806.49,827.23,846.31,804.83,3248424,4.4239,0.846,0.19123397906824297
122,2020-07-09,832.21,898.58,898.58,832.21,3526717,4.4321,0.8476,0.1912411723562194
123,2020-07-10,927.61,899.41,935.08,867.88,4123470,4.4486,0.8507,0.1912287011644113
124,2020-07-13,874.52,880.32,892.77,837.18,2995377,4.3826,0.8381,0.191233514352211
125,2020-07-14,869.54,852.12,890.28,829.72,2230862,4.4734,0.8555,0.1912415612285957
126,2020-07-15,852.95,818.93,862.9,815.61,1955116,4.4899,0.8586,0.1912292033230139
127,2020-07-16,823.08,827.23,877.84,806.49,2937473,4.5642,0.8728,0.19122737829192413
128,2020-07-17,840.5,785.75,861.24,769.99,2607191,4.622,0.8839,0.1912375594980528
129,2020-07-27,811.47,770.82,817.27,728.51,2318643,4.6385,0.887,0.19122561172792932
130,2020-07-28,765.84,779.11,788.24,746.76,1659775,4.6055,0.8807,0.19122787970904354
131,2020-07-29,766.67,784.09,788.24,755.88,1321993,4.6797,0.8949,0.1912302070645554
132,2020-07-30,779.11,824.74,844.65,771.65,2154247,4.6632,0.8918,0.191242065534397
133,2020-07-31,811.47,825.57,847.14,810.64,1534836,4.7045,0.8996,0.19122117121904558
134,2020-08-03,827.23,827.23,833.04,816.44,1343493,4.655,0.8902,0.19123523093447906
135,2020-08-04,828.89,813.13,829.72,809.81,1222512,4.6302,0.8854,0.19122284134594617
136,2020-08-05,805.66,798.19,810.64,786.58,1159471,4.655,0.8902,0.19123523093447906
137,2020-08-06,799.85,793.22,810.64,786.58,755874,4.6715,0.8933,0.19122337578936102
138,2020-08-07,789.07,798.19,804.0,780.77,971163,4.6137,0.8823,0.19123480070225632
139,2020-08-10,792.39,838.01,848.8,774.13,2117624,4.5312,0.8665,0.19122969632768363
140,2020-08-11,846.31,821.42,851.29,821.42,1536724,5.7338,0.8163,0.14236631902054486
141,2020-08-12,812.3,840.5,846.31,803.17,1505699,5.6055,0.7981,0.14237802158594237
142,2020-08-13,842.99,867.88,906.87,833.04,2016355,5.7338,0.8163,0.14236631902054486
143,2020-08-14,861.24,888.62,902.72,857.1,1524226,5.7659,0.8209,0.14237152916283666
144,2020-08-17,896.09,876.18,899.41,875.35,1658482,5.7766,0.8224,0.14236748260222276
145,2020-08-18,879.49,872.03,891.11,858.75,1430468,5.8622,0.8346,0.14236975879362698
146,2020-08-19,861.24,835.53,865.39,833.87,1350800,5.8836,0.8376,0.1423618192943096
147,2020-08-20,828.06,827.23,845.48,819.76,764018,5.8622,0.8346,0.14236975879362698
148,2020-08-21,829.72,830.55,843.82,823.08,739964,5.8729,0.8361,0.14236578181137088
149,2020-08-24,828.89,821.42,841.33,818.1,612226,5.9478,0.8468,0.14237196946770234
150,2020-08-25,821.42,804.0,827.23,799.02,801244,5.7873,0.8239,0.14236345100478634
151,2020-08-26,810.64,803.17,821.42,799.02,710911,5.8515,0.8331,0.14237375032043065
152,2020-08-27,799.85,796.53,801.51,779.11,651798,5.8515,0.8331,0.14237375032043065
153,2020-08-28,796.53,801.51,806.49,790.73,559754,5.8622,0.8346,0.14236975879362698
154,2020-08-31,803.17,782.43,808.98,782.43,772982,5.8943,0.8392,0.14237483670664877
155,2020-09-01,785.75,783.26,789.9,774.96,564930,5.8622,0.8346,0.14236975879362698
156,2020-09-02,784.09,776.62,789.07,774.96,575891,5.8622,0.8346,0.14236975879362698
157,2020-09-03,775.79,774.96,784.92,768.33,498696,5.798,0.8255,0.14237668161434977
158,2020-09-04,765.01,784.09,788.24,758.37,634234,5.7873,0.8239,0.14236345100478634
159,2020-09-07,779.94,765.84,789.9,765.01,483940,5.8943,0.8392,0.14237483670664877
160,2020-09-08,766.67,760.03,773.3,755.05,485911,5.9478,0.8468,0.14237196946770234
161,2020-09-09,755.05,728.51,757.54,728.51,760751,5.8408,0.8316,0.14237775647171622
162,2020-09-10,735.97,726.85,750.08,722.7,631838,5.8515,0.8331,0.14237375032043065
163,2020-09-11,724.36,729.34,733.48,717.72,421597,5.6804,0.8087,0.14236673473699035
164,2020-09-14,728.51,721.04,731.82,717.72,422268,5.5841,0.795,0.14236851059257535
165,2020-09-15,719.38,730.99,735.14,719.38,412568,5.7552,0.8194,0.14237559077008619
166,2020-09-16,730.99,731.82,749.25,721.04,621768,5.7125,0.8133,0.14237199124726477
167,2020-09-17,729.34,724.36,732.65,724.36,349306,5.8729,0.8361,0.14236578181137088
168,2020-09-18,723.53,742.61,743.44,721.04,646880,6.0441,0.8605,0.1423702453632468
169,2020-09-21,742.61,733.48,744.27,730.99,452468,6.0976,0.8681,0.14236748884807138
170,2020-09-22,728.51,719.38,730.16,718.55,482425,6.2473,0.8894,0.14236550189681943
171,2020-09-23,721.87,715.23,723.53,714.4,266306,6.3329,0.9016,0.142367635680336
172,2020-09-24,712.74,693.66,712.74,689.51,627085,6.4292,0.9153,0.14236607976109003
173,2020-09-25,696.98,684.54,700.3,676.24,537808,6.472,0.9214,0.14236711990111248
174,2020-09-28,687.85,690.34,699.47,685.37,431669,6.3971,0.9108,0.1423770145847337
175,2020-09-29,692.83,683.71,696.15,682.05,311595,6.6431,0.9458,0.14237328957866058
176,2020-09-30,686.2,676.24,687.85,672.92,366238,6.8143,0.9702,0.14237706000616349
177,2020-10-09,685.37,677.07,689.51,675.41,481254,6.8143,0.9702,0.14237706000616349
178,2020-10-12,682.05,696.15,700.3,679.56,555122,6.5896,0.9382,0.142375864999393
179,2020-10-13,701.96,691.17,701.96,689.51,318636,6.5896,0.9382,0.142375864999393
180,2020-10-14,690.34,679.56,690.34,677.9,383727,6.2473,0.8894,0.14236550189681943
181,2020-10-15,677.9,676.24,682.05,672.92,321164,6.472,0.9214,0.14236711990111248
182,2020-10-16,677.9,681.22,684.54,674.58,312236,6.4613,0.9199,0.1423707303483819
183,2020-10-19,682.05,679.56,696.98,678.73,540920,6.3115,0.8986,0.14237502970767646
184,2020-10-20,676.24,674.58,678.73,667.11,382233,6.365,0.9062,0.14237234878240376
185,2020-10-21,676.24,672.09,676.24,667.11,266438,6.5041,0.926,0.14237173475192572
186,2020-10-22,673.75,675.41,680.39,670.43,331419,6.5469,0.9321,0.14237272602300327
187,2020-10-23,672.92,672.09,676.24,672.09,242600,6.4827,0.9229,0.14236352137226774
188,2020-10-26,670.43,662.97,672.92,662.14,296127,6.5148,0.9275,0.14236814637440903
189,2020-10-27,665.46,666.28,671.26,662.97,295174,6.6003,0.9397,0.14237231640986014
190,2020-10-28,668.77,660.48,668.77,657.16,285875,6.5041,0.926,0.14237173475192572
191,2020-10-29,656.33,653.84,656.33,647.2,398673,6.3543,0.9047,0.14237602883087042
192,2020-10-30,653.84,661.31,685.37,650.52,711867,6.4078,0.9123,0.14237335747058272
193,2020-11-02,654.67,656.33,662.14,654.67,335152,6.3864,0.9092,0.14236502567956907
194,2020-11-03,658.82,667.11,671.26,656.33,319802,6.3329,0.9016,0.142367635680336
195,2020-11-04,662.14,666.28,670.43,661.31,348585,6.258,0.891,0.14237775647171622
196,2020-11-05,670.43,676.24,676.24,667.11,411401,6.2794,0.894,0.14237029015511038
197,2020-11-06,677.07,673.75,678.73,670.43,292365,6.2687,0.8925,0.1423740169413116
198,2020-11-09,675.41,678.73,683.71,673.75,500412,6.2259,0.8864,0.14237299025040556
199,2020-11-10,681.22,682.05,694.49,678.73,644896,6.2473,0.8894,0.14236550189681943
200,2020-11-11,682.05,680.39,689.51,676.24,483158,6.9427,0.9884,0.14236536217897935
201,2020-11-12,680.39,673.75,681.22,672.92,317130,7.1352,1.0158,0.14236461486713758
202,2020-11-13,673.75,662.97,673.75,655.5,509890,7.1245,1.0143,0.14236788546564672
203,2020-11-16,662.14,665.46,666.28,659.65,287663,7.2743,1.0356,0.142364213738779
204,2020-11-17,663.8,672.92,678.73,662.97,569157,7.3064,1.0402,0.1423683346107522
205,2020-11-18,671.26,677.07,682.88,666.28,586213,7.3599,1.0478,0.14236606475631464
206,2020-11-19,673.75,676.24,680.39,670.43,540635,7.4241,1.057,0.14237415983082125
207,2020-11-20,673.75,666.28,673.75,663.8,551330,7.4882,1.0661,0.1423706631767314
208,2020-11-23,666.28,676.24,677.9,662.97,675143,7.4989,1.0676,0.14236754724026193
209,2020-11-24,675.41,672.09,682.05,671.26,486104,7.4989,1.0676,0.14236754724026193
210,2020-11-25,674.58,672.92,689.51,672.92,731028,7.5738,1.0783,0.14237238902532415
211,2020-11-26,672.09,670.43,674.58,667.11,367822,7.4561,1.0615,0.14236665280776814
212,2020-11-27,670.43,678.73,681.22,670.43,419877,7.4882,1.1319,0.15115782163937927
213,2020-11-30,680.39,682.05,698.64,680.39,875995,7.4775,1.1303,0.15116014710799064
214,2020-12-01,679.56,684.54,686.2,672.09,623591,7.5417,1.14,0.1511595528859541
