,日期,开盘,收盘,最高,最低,成交量,pe,pb,roe
0,2020-01-03,546.34,544.3,548.38,540.23,529145,13.8887,1.3387,0.09638771087286788
1,2020-01-06,541.25,542.27,548.38,539.21,508995,13.5393,1.305,0.09638607608960581
2,2020-01-07,542.27,544.3,546.34,538.19,473043,13.714,1.3219,0.0963905498031209
3,2020-01-08,540.23,531.06,541.25,530.05,482805,13.3063,1.2826,0.09639043160006913
4,2020-01-09,536.16,534.12,539.21,532.08,346257,13.2481,1.277,0.09639118062212694
5,2020-01-10,538.19,533.1,539.21,530.05,291918,13.481,1.2994,0.09638750834507827
6,2020-01-13,530.05,537.18,537.18,524.95,359735,13.4519,1.2966,0.09638787085839175
7,2020-01-14,537.18,536.16,542.27,534.12,310595,13.0734,1.2601,0.09638655590741506
8,2020-01-15,536.16,532.08,536.16,528.01,219265,13.2772,1.2798,0.09639080529027204
9,2020-01-16,532.08,528.01,533.1,525.97,192780,13.1025,1.2629,0.09638618584239649
10,2020-01-17,529.03,529.03,533.1,525.97,246475,13.0152,1.2545,0.09638730100190546
11,2020-01-20,529.03,537.18,537.18,528.01,303733,12.8987,1.2433,0.09638955863769218
12,2020-01-21,535.14,526.99,536.16,525.97,274002,12.7531,1.2292,0.09638440849675765
13,2020-01-22,524.95,525.97,528.01,518.84,275486,12.9569,1.2489,0.09638879670291504
14,2020-01-23,519.86,507.64,522.92,503.57,408597,13.0152,1.2545,0.09638730100190546
15,2020-02-03,461.81,461.81,461.81,461.81,247733,13.1899,1.2713,0.09638435469563834
16,2020-02-04,447.55,461.81,468.94,447.55,612758,13.3937,1.291,0.09638860061073488
17,2020-02-05,465.88,466.9,477.09,461.81,418923,13.0443,1.2573,0.09638692762355973
18,2020-02-06,467.92,473.01,476.07,463.85,418420,13.0152,1.2545,0.09638730100190546
19,2020-02-07,471.99,489.31,493.38,465.88,569709,12.8113,1.2349,0.09639146690812019
20,2020-02-10,480.14,484.22,488.29,479.12,385599,13.0152,1.2545,0.09638730100190546
21,2020-02-11,486.25,483.2,488.29,481.16,240734,12.8696,1.2405,0.09638994218934543
22,2020-02-12,482.18,487.27,489.31,480.14,310642,12.724,1.2264,0.09638478465891229
23,2020-02-13,485.23,479.12,489.31,478.1,299213,12.3746,1.2353,0.09982544890339891
24,2020-02-14,478.1,486.25,490.33,477.09,416682,12.3164,1.2295,0.09982624792958981
25,2020-02-17,490.33,502.55,507.64,490.33,596612,12.2581,1.2236,0.09981971104820486
26,2020-02-18,503.57,500.51,507.64,497.46,446974,12.4037,1.2382,0.09982505220216548
27,2020-02-19,499.49,499.49,510.7,498.47,526283,12.6658,1.2643,0.0998199876833678
28,2020-02-20,501.53,517.82,520.88,496.44,839847,13.0734,1.2667,0.0968913978001132
29,2020-02-21,514.77,516.81,530.05,513.75,788732,12.9569,1.2555,0.09689817780487618
30,2020-02-24,516.81,512.73,517.82,508.66,671421,13.0443,1.2639,0.0968928957475679
31,2020-02-25,499.49,505.6,507.64,492.36,783388,13.0734,1.2667,0.0968913978001132
32,2020-02-26,497.46,501.53,511.71,494.4,654451,13.1607,1.2752,0.09689454208362776
33,2020-02-27,503.57,498.47,509.68,496.44,452287,13.0734,1.2667,0.0968913978001132
34,2020-02-28,488.29,479.12,492.36,475.05,604127,13.1025,1.2696,0.09689753863766458
35,2020-03-02,482.18,493.38,497.46,480.14,529455,13.3646,1.295,0.09689777471828562
36,2020-03-03,499.49,494.4,506.62,493.38,530275,13.481,1.3062,0.09689192196424598
37,2020-03-04,491.34,499.49,501.53,491.34,404399,12.986,1.2583,0.09689665793931926
38,2020-03-05,506.62,518.84,523.94,499.49,1142460,12.7822,1.2385,0.0968925537074995
39,2020-03-06,512.73,506.62,514.77,504.58,594999,12.8113,1.2414,0.09689883150031614
40,2020-03-09,497.46,486.25,503.57,485.23,624799,12.6658,1.2273,0.09689873517661735
41,2020-03-10,482.18,496.44,497.46,481.16,491460,12.986,1.2583,0.09689665793931926
42,2020-03-11,497.46,487.27,497.46,486.25,387802,13.0152,1.2611,0.0968944003933862
43,2020-03-12,482.18,484.22,491.34,481.16,357845,13.2772,1.2865,0.0968954297592866
44,2020-03-13,460.79,479.12,488.29,460.79,500019,13.4519,1.3034,0.09689337565697038
45,2020-03-16,481.16,463.85,482.18,461.81,419375,13.6266,1.3204,0.09689871281170652
46,2020-03-17,465.88,463.85,473.01,455.7,340127,13.8013,1.3373,0.09689666915435502
47,2020-03-18,465.88,454.68,468.94,454.68,369946,13.3063,1.2893,0.09689395248867078
48,2020-03-19,454.68,454.68,459.77,448.57,375821,13.3354,1.2921,0.09689248166534188
49,2020-03-20,458.75,457.74,460.79,453.66,267479,13.3063,1.2893,0.09689395248867078
50,2020-03-23,447.55,445.51,452.64,444.5,267169,13.3354,1.2921,0.09689248166534188
51,2020-03-24,452.64,453.66,454.68,447.55,256381,13.3063,1.2893,0.09689395248867078
52,2020-03-25,461.81,457.74,463.85,454.68,282532,13.3063,1.2893,0.09689395248867078
53,2020-03-26,456.72,452.64,457.74,451.62,195777,13.6557,1.3232,0.0968972663429923
54,2020-03-27,456.72,454.68,459.77,452.64,200875,14.0051,1.357,0.0968932745928269
55,2020-03-30,450.61,445.51,451.62,444.5,264200,13.9178,1.3486,0.09689749816781389
56,2020-03-31,448.57,445.51,449.59,444.5,164364,14.2381,1.3796,0.0968949508712539
57,2020-04-01,443.48,441.44,448.57,440.42,248301,14.3545,1.3909,0.09689644362395068
58,2020-04-02,438.38,447.55,447.55,437.37,221199,14.471,1.4022,0.09689724276138482
59,2020-04-03,445.51,442.46,447.55,441.44,148897,14.6457,1.4191,0.09689533446677182
60,2020-04-07,447.55,452.64,454.68,446.53,270145,14.7382,1.4281,0.09689785726886593
61,2020-04-08,450.61,451.62,454.68,448.57,164134,14.914,1.4451,0.09689553439721069
62,2020-04-09,454.68,452.64,457.74,452.64,183970,14.5331,1.45,0.0997722440497898
63,2020-04-10,453.66,446.53,453.66,445.51,173736,14.5038,1.4471,0.0997738523697238
64,2020-04-13,444.5,443.48,446.53,441.44,116952,15.0605,1.5027,0.0997775638259022
65,2020-04-14,445.51,450.61,452.64,443.48,228761,15.2949,1.5261,0.09977835749171292
66,2020-04-15,450.61,447.55,451.62,446.53,151930,15.2656,1.5231,0.09977334660937008
67,2020-04-16,445.51,445.51,449.59,444.5,184568,15.3242,1.529,0.0997768235862231
68,2020-04-17,447.55,446.53,449.59,445.51,174592,15.4707,1.5436,0.09977570504243506
69,2020-04-20,447.55,446.53,447.55,444.5,141820,15.7344,1.5699,0.09977501525320318
70,2020-04-21,446.53,443.48,446.53,440.42,176762,15.8809,1.5845,0.0997739422828681
71,2020-04-22,443.48,447.55,450.61,442.46,215494,15.1191,1.5085,0.09977445747432057
72,2020-04-23,448.57,444.5,449.59,444.5,143334,14.8847,1.4851,0.09977359301833426
73,2020-04-24,444.5,440.42,445.51,438.38,186382,15.0312,1.4997,0.0997724732556283
74,2020-04-27,439.4,439.4,443.48,439.4,143582,15.5586,1.5524,0.09977761495250215
75,2020-04-28,440.42,436.35,443.48,430.24,229424,16.1739,1.6138,0.09977803745540655
76,2020-04-29,436.35,440.42,441.44,434.31,143363,16.3498,1.6313,0.09977492079413816
77,2020-04-30,440.42,445.51,447.55,440.42,238512,16.7307,1.6693,0.09977466573424902
78,2020-05-06,442.46,447.55,448.57,441.44,210032,15.9981,1.5962,0.0997743482038492
79,2020-05-07,448.57,446.53,451.62,444.5,206351,15.2363,1.5202,0.09977487972801796
80,2020-05-08,447.55,451.62,454.68,444.5,324705,15.2656,1.5231,0.09977334660937008
81,2020-05-11,451.62,449.59,452.64,447.55,200788,13.8885,1.3857,0.09977319364942218
82,2020-05-12,449.59,446.53,449.59,444.5,155590,13.7127,1.3682,0.09977611994720223
83,2020-05-13,444.5,444.5,446.53,442.46,151617,13.8299,1.3799,0.09977657105257448
84,2020-05-14,442.46,441.44,444.5,439.4,187562,13.5369,1.3507,0.09977912225103237
85,2020-05-15,442.46,442.46,445.51,440.42,127976,13.6541,1.3623,0.09977222958671755
86,2020-05-18,442.46,440.42,444.5,439.4,161986,13.9471,1.3916,0.09977701457650694
87,2020-05-19,443.48,441.44,445.51,440.42,174977,14.7675,1.4734,0.09977315049940748
88,2020-05-20,441.44,440.42,442.46,438.38,156713,14.8554,1.4822,0.09977516593292675
89,2020-05-21,440.42,436.35,441.44,435.33,143857,14.8554,1.4822,0.09977516593292675
90,2020-05-22,436.35,429.22,437.37,429.22,183751,15.0898,1.5056,0.09977600763429602
91,2020-05-25,428.2,423.11,430.24,422.09,187745,13.8885,1.3857,0.09977319364942218
92,2020-05-26,424.13,426.16,428.2,422.09,179676,14.1522,1.412,0.09977247353768318
93,2020-05-27,425.14,424.13,426.16,422.09,141277,15.0898,1.5056,0.09977600763429602
94,2020-05-28,425.14,432.27,437.37,423.11,343468,14.9726,1.4939,0.09977559007787559
95,2020-05-29,431.26,431.26,433.29,429.22,180398,15.2363,1.5202,0.09977487972801796
96,2020-06-01,437.37,443.48,444.5,435.33,334736,14.6503,1.4617,0.09977270090032286
97,2020-06-02,443.48,443.48,445.51,439.4,260563,15.3242,1.529,0.0997768235862231
98,2020-06-03,444.5,439.4,446.53,439.4,223656,14.2401,1.4208,0.09977458023468937
99,2020-06-04,441.44,438.38,441.44,437.37,150044,13.5955,1.3565,0.09977566106432276
100,2020-06-05,438.38,443.48,443.48,438.38,165168,14.035,1.4003,0.0997719985749911
101,2020-06-08,444.5,440.42,445.51,439.4,138193,13.0974,1.3068,0.09977552796738283
102,2020-06-09,441.44,441.44,444.5,438.38,170580,12.3942,1.2366,0.09977247422181343
103,2020-06-10,440.42,437.37,441.44,437.37,134914,11.691,1.1665,0.09977760670601317
104,2020-06-11,440.42,435.33,440.42,434.31,191541,11.603,1.1577,0.0997759200206843
105,2020-06-12,431.26,433.29,433.29,428.2,179310,11.3686,1.1343,0.09977481835934064
106,2020-06-15,431.26,431.26,438.38,430.24,181507,11.6323,1.1606,0.09977390541853288
107,2020-06-16,433.29,435.33,436.35,432.27,151606,11.6323,1.1606,0.09977390541853288
108,2020-06-17,435.33,434.31,435.33,432.27,154389,11.691,1.1665,0.09977760670601317
109,2020-06-18,434.31,439.4,442.46,433.29,256709,11.5737,1.1548,0.09977794482317669
110,2020-06-19,439.4,447.55,452.64,438.38,619962,11.3393,1.1314,0.0997768821708571
111,2020-06-22,449.59,451.62,462.83,445.51,692870,11.1928,1.1168,0.09977842899006505
112,2020-06-23,449.59,449.59,451.62,445.51,277757,11.2221,1.1197,0.09977633419769918
113,2020-06-24,450.61,449.59,456.72,447.55,260702,11.1049,1.108,0.09977577465803385
114,2020-06-29,447.55,440.42,447.55,438.38,312880,11.1635,1.1138,0.0997715770143772
115,2020-06-30,442.46,448.57,452.64,441.44,343532,11.2221,1.1197,0.09977633419769918
116,2020-07-01,448.57,451.62,453.66,446.53,346006,11.2807,1.1255,0.09977217725850346
117,2020-07-02,450.61,476.07,479.12,450.61,1044962,11.3979,1.1372,0.0997727651584941
118,2020-07-03,480.14,500.51,501.53,475.05,1652058,11.3686,1.1343,0.09977481835934064
119,2020-07-06,506.62,533.1,542.27,506.62,2282300,11.4565,1.1431,0.09977741893248374
120,2020-07-07,536.16,517.82,537.18,517.82,1673414,11.31,1.1285,0.0997789566755084
121,2020-07-08,514.77,540.23,549.4,513.75,1700871,11.3393,1.1314,0.0997768821708571
122,2020-07-09,542.27,577.91,586.06,532.08,2465045,11.4565,1.1431,0.09977741893248374
123,2020-07-10,565.69,554.49,571.8,552.45,1626653,11.4565,1.1431,0.09977741893248374
124,2020-07-13,549.4,574.86,578.93,545.32,1576942,11.1049,1.108,0.09977577465803385
125,2020-07-14,573.84,565.69,574.86,554.49,1155843,11.1342,1.1109,0.0997736703130894
126,2020-07-15,569.77,569.77,600.32,550.42,1819129,10.8998,1.0875,0.0997724728894108
127,2020-07-16,562.64,537.18,578.93,535.14,1440384,10.9584,1.0934,0.09977733975762886
128,2020-07-17,541.25,528.01,550.42,521.9,989031,10.8705,1.0846,0.09977461938273309
129,2020-07-20,554.49,569.77,572.82,541.25,1542127,11.0463,1.1022,0.09978001683821733
130,2020-07-21,571.8,561.62,583.01,558.56,1179742,11.2514,1.1226,0.09977425031551629
131,2020-07-22,560.6,561.62,581.99,556.53,1196535,11.3686,1.1343,0.09977481835934064
132,2020-07-23,559.58,558.56,565.69,540.23,972332,11.3979,1.1372,0.0997727651584941
133,2020-07-24,555.51,530.05,556.53,529.03,986129,11.3686,1.1343,0.09977481835934064
134,2020-07-27,532.08,519.86,536.16,511.71,615840,11.4272,1.1402,0.09977947353682444
135,2020-07-28,523.94,515.79,526.99,510.7,446326,11.3979,1.1372,0.0997727651584941
136,2020-07-29,514.77,525.97,531.06,510.7,569135,11.4858,1.146,0.09977537481063574
137,2020-07-30,529.03,521.9,532.08,521.9,487202,11.5444,1.1519,0.09977997990367624
138,2020-07-31,522.92,528.01,534.12,517.82,611957,11.6323,1.1606,0.09977390541853288
139,2020-08-03,534.12,575.88,575.88,529.03,977966,11.691,1.1665,0.09977760670601317
140,2020-08-04,592.17,574.86,598.28,568.75,2208782,11.5444,1.1519,0.09977997990367624
141,2020-08-05,564.67,601.34,621.71,556.53,2710758,11.5737,1.1548,0.09977794482317669
142,2020-08-06,595.23,626.8,634.95,591.15,2436596,11.5151,1.1489,0.09977334109126278
143,2020-08-07,605.41,613.56,632.91,574.86,1988316,11.3686,1.1343,0.09977481835934064
144,2020-08-10,612.54,607.45,627.82,599.3,1452654,11.2514,1.1226,0.09977425031551629
145,2020-08-11,603.38,586.06,613.56,581.99,1312425,11.3393,1.1314,0.0997768821708571
146,2020-08-12,585.04,567.73,590.14,555.51,1253372,11.3686,1.1343,0.09977481835934064
147,2020-08-13,570.78,562.64,574.86,557.54,820092,11.4858,1.146,0.09977537481063574
148,2020-08-14,562.64,570.78,575.88,559.58,707158,11.5737,1.1548,0.09977794482317669
149,2020-08-17,574.86,597.26,607.45,573.84,1343212,11.0859,1.233,0.1112223635428788
150,2020-08-18,598.28,592.17,600.32,589.12,752354,11.1709,1.2424,0.11121753842573114
151,2020-08-19,588.1,583.01,593.19,575.88,798884,11.1709,1.2424,0.11121753842573114
152,2020-08-20,575.88,577.91,579.95,569.77,501306,11.1426,1.2393,0.11122179742609446
153,2020-08-21,578.93,575.88,587.08,567.73,575757,11.1993,1.2456,0.11122123704160082
154,2020-08-24,574.86,576.9,583.01,566.71,390932,11.2843,1.255,0.11121646889926712
155,2020-08-25,577.91,568.75,583.01,562.64,571107,11.0859,1.233,0.1112223635428788
156,2020-08-26,565.69,549.4,566.71,549.4,584255,11.1709,1.2424,0.11121753842573114
157,2020-08-27,550.42,550.42,555.51,545.32,305076,11.341,1.2613,0.11121594215677631
158,2020-08-28,554.49,563.66,566.71,552.45,432789,11.3127,1.2582,0.11122013312471823
159,2020-08-31,566.71,557.54,574.86,557.54,559283,11.341,1.2613,0.11121594215677631
160,2020-09-01,558.56,557.54,562.64,552.45,338452,11.0575,1.2298,0.11121862988921548
161,2020-09-02,557.54,551.43,559.58,546.34,391698,11.1993,1.2456,0.11122123704160082
162,2020-09-03,552.45,547.36,558.56,546.34,324363,11.0292,1.2267,0.11122293548036122
163,2020-09-04,540.23,543.29,545.32,537.18,277098,11.1426,1.2393,0.11122179742609446
164,2020-09-07,545.32,532.08,546.34,531.06,412493,11.1426,1.2393,0.11122179742609446
165,2020-09-08,534.12,535.14,540.23,525.97,422087,11.3977,1.2677,0.11122419435500144
166,2020-09-09,529.03,522.92,531.06,522.92,427795,11.341,1.2613,0.11121594215677631
167,2020-09-10,528.01,510.7,529.03,508.66,414048,11.4828,1.2771,0.11121851813146619
168,2020-09-11,510.7,510.7,512.73,504.58,290159,11.3694,1.2645,0.11121958942424401
169,2020-09-14,511.71,511.71,514.77,507.64,264730,11.1426,1.2393,0.11122179742609446
170,2020-09-15,513.75,510.7,515.79,507.64,250836,11.4828,1.2771,0.11121851813146619
171,2020-09-16,510.7,511.71,519.86,508.66,318221,11.3977,1.2677,0.11122419435500144
172,2020-09-17,510.7,510.7,516.81,506.62,243401,11.3977,1.2677,0.11122419435500144
173,2020-09-18,509.68,528.01,529.03,508.66,539872,11.6529,1.296,0.111216950287053
174,2020-09-21,533.1,521.9,538.19,520.88,487309,11.6529,1.296,0.111216950287053
175,2020-09-22,517.82,515.79,530.05,512.73,446603,12.0782,1.3433,0.11121690318093755
176,2020-09-23,516.81,509.68,518.84,508.66,291370,12.22,1.3591,0.11121931260229131
177,2020-09-24,504.58,500.51,507.64,498.47,332534,12.305,1.3686,0.11122308004876068
178,2020-09-25,500.51,499.49,505.6,493.38,305667,12.5602,1.3969,0.11121638190474674
179,2020-09-28,499.49,488.29,504.58,488.29,389406,12.2767,1.3654,0.11121881287316623
180,2020-09-29,492.36,493.38,498.47,490.33,273196,12.8437,1.4285,0.11122184417262938
181,2020-09-30,493.38,492.36,500.51,488.29,217696,13.1839,1.4663,0.11121898679449935
182,2020-10-09,499.49,499.49,503.57,497.46,249134,12.6452,1.4064,0.11122006769367032
183,2020-10-12,501.53,516.81,517.82,501.53,402154,12.5035,1.3906,0.11121685927940177
184,2020-10-13,514.77,512.73,514.77,508.66,284713,12.4751,1.3875,0.11122155333424182
185,2020-10-14,510.7,503.57,511.71,502.55,259019,12.0782,1.3433,0.11121690318093755
186,2020-10-15,504.58,502.55,511.71,501.53,207895,12.6169,1.4032,0.11121590882070874
187,2020-10-16,503.57,505.6,508.66,502.55,170129,12.702,1.4127,0.11121870571563534
188,2020-10-19,506.62,502.55,513.75,501.53,261504,12.8154,1.4253,0.11121775364015168
189,2020-10-20,500.51,501.53,501.53,494.4,179128,13.0138,1.4474,0.11122039680954064
190,2020-10-21,501.53,498.47,501.53,494.4,169133,13.1272,1.46,0.11121945273935036
191,2020-10-22,498.47,502.55,504.58,495.42,199156,13.1556,1.4632,0.11122259722095534
192,2020-10-23,504.08,498.98,506.11,496.95,192239,12.6452,1.4064,0.11122006769367032
193,2020-10-26,500.0,489.82,501.02,488.8,242142,12.6736,1.4096,0.11122333038757731
194,2020-10-27,487.78,484.72,490.84,480.65,187414,12.7303,1.4159,0.11122283056958594
195,2020-10-28,484.72,486.76,489.82,478.61,188131,12.2767,1.3654,0.11121881287316623
196,2020-10-29,481.67,488.8,490.84,478.61,212272,12.0782,1.3433,0.11121690318093755
197,2020-10-30,494.91,501.02,524.44,493.89,829716,12.305,1.3686,0.11122308004876068
198,2020-11-02,498.98,506.11,515.28,495.93,508702,12.1916,1.3559,0.11121591915745269
199,2020-11-03,508.15,511.2,516.3,507.13,358132,12.22,1.3591,0.11121931260229131
200,2020-11-04,514.26,504.08,514.26,497.96,335535,12.3617,1.3749,0.11122256647548476
201,2020-11-05,508.15,511.2,515.28,507.13,299507,11.9081,1.3244,0.11121841435661442
202,2020-11-06,512.22,512.22,515.28,508.15,345769,11.738,1.3055,0.11121996933037998
203,2020-11-09,515.28,524.44,526.48,513.24,554652,11.5962,1.2897,0.11121746779117297
204,2020-11-10,526.48,517.32,526.48,514.26,355507,11.5962,1.2897,0.11121746779117297
205,2020-11-11,516.3,511.2,518.33,509.17,257009,12.8721,1.4316,0.11121728389307106
206,2020-11-12,511.2,509.17,513.24,506.11,170375,13.3824,1.4884,0.11122070779531323
207,2020-11-13,508.15,502.04,508.15,495.93,304274,13.4108,1.4915,0.11121633310466192
208,2020-11-16,502.04,507.13,509.17,501.02,254332,13.6943,1.5231,0.11122145710259013
209,2020-11-17,510.19,511.2,515.28,506.11,273698,13.4675,1.4978,0.11121589010581029
210,2020-11-18,512.22,514.26,521.39,510.19,410661,13.4391,1.4947,0.11122024540333801
211,2020-11-19,514.26,520.37,523.43,512.22,499057,13.5525,1.5073,0.11121933222652648
212,2020-11-20,518.33,513.24,520.37,508.15,475728,13.6659,1.5199,0.11121843420484563
213,2020-11-23,512.22,526.48,532.59,509.17,803639,13.6943,1.5231,0.11122145710259013
214,2020-11-24,524.44,527.5,533.61,523.43,440485,13.5809,1.5105,0.11122237848743456
215,2020-11-25,529.54,519.35,534.63,518.33,411933,13.6092,1.5136,0.11121888134497253
216,2020-11-26,519.35,521.39,523.43,514.26,271247,13.5242,1.5042,0.11122284497419441
217,2020-11-27,521.39,535.65,536.67,520.37,588675,13.8928,1.5451,0.11121588160773926
218,2020-11-30,536.67,529.54,548.89,528.52,1129200,13.8361,1.5388,0.11121631095467653
219,2020-12-01,528.52,541.76,546.85,523.43,968948,13.8928,1.5451,0.11121588160773926
