,日期,开盘,收盘,最高,最低,成交量,pe,pb,roe
0,2020-01-03,121.83,125.26,125.96,120.89,167517,100.0773,8.9118,0.08904916499545851
1,2020-01-06,127.88,126.78,130.88,126.08,171252,96.8865,8.6277,0.08904955798795498
2,2020-01-07,126.28,126.86,128.34,124.64,87381,95.0359,8.4629,0.08904950655489136
3,2020-01-08,130.18,128.23,130.76,125.93,154947,86.405,7.6943,0.08904924483536833
4,2020-01-09,124.64,123.86,125.03,122.73,100904,84.3151,7.5082,0.08904929247548779
5,2020-01-10,123.47,122.18,124.56,120.35,121179,87.442,7.7866,0.08904874087966881
6,2020-01-13,123.47,121.99,123.47,120.82,57728,89.2926,7.9514,0.08904881255557572
7,2020-01-14,121.99,119.8,122.84,119.57,83253,89.4521,7.9656,0.08904877582527408
8,2020-01-15,119.72,117.62,120.04,116.96,94870,88.9735,7.923,0.08904898649597914
9,2020-01-16,117.93,116.76,119.61,116.53,90303,82.1773,7.3178,0.08904892226928847
10,2020-01-17,116.84,117.27,117.93,115.82,67177,81.2041,7.2312,0.08904969084073341
11,2020-01-20,117.19,118.75,119.57,116.84,74972,85.6711,7.6289,0.08904869903619773
12,2020-01-21,118.79,114.65,118.79,114.03,127036,83.9641,7.4769,0.08904877203471483
13,2020-01-22,114.5,114.11,114.81,111.89,71414,82.5123,7.3476,0.08904854185375999
14,2020-01-23,112.55,110.6,115.28,109.82,90046,81.6827,7.2738,0.08904945600475989
15,2020-02-03,99.29,99.29,100.11,99.29,109395,83.7248,7.4556,0.08904888396269683
16,2020-02-04,95.0,100.93,101.47,95.0,140982,85.2085,7.5877,0.08904862777774518
17,2020-02-05,100.89,101.78,105.61,100.69,135739,83.6769,7.4514,0.0890496660368632
18,2020-02-06,102.21,103.81,104.44,100.89,114565,87.091,7.7554,0.0890493851259028
19,2020-02-07,103.77,104.36,104.55,102.33,114859,89.484,7.9685,0.0890494390058558
20,2020-02-10,103.97,105.92,105.96,103.38,113283,85.9902,7.6574,0.08904968240566948
21,2020-02-11,106.31,104.24,106.5,104.16,106768,83.8684,7.4684,0.0890490339627321
22,2020-02-12,104.24,104.05,104.28,102.8,122436,82.6878,7.3633,0.08904941236796722
23,2020-02-13,104.55,102.41,105.14,102.1,139962,90.1062,8.2911,0.09201475592134614
24,2020-02-14,102.29,102.56,103.34,101.67,100932,90.872,8.3615,0.09201404172902544
25,2020-02-17,103.58,112.43,112.86,103.58,286834,91.1751,8.3894,0.09201415737410762
26,2020-02-18,113.72,109.9,114.3,108.65,264913,90.9199,8.3659,0.09201395954021067
27,2020-02-19,108.45,109.27,112.08,107.09,202273,89.2128,8.2088,0.09201370206965817
28,2020-02-20,109.47,110.13,110.52,107.48,162458,92.611,8.5215,0.09201390763516212
29,2020-02-21,110.25,111.81,111.96,109.43,208234,93.2491,8.5802,0.09201375670113705
30,2020-02-24,111.77,113.8,114.42,110.21,207275,97.3173,8.9546,0.09201447224696944
31,2020-02-25,111.38,110.64,112.39,107.52,185898,97.3971,8.9619,0.09201403327203787
32,2020-02-26,109.04,111.46,114.26,107.95,239057,96.9344,8.9193,0.09201377426383203
33,2020-02-27,111.77,110.83,113.72,108.77,163716,102.3427,9.417,0.0920143791398898
34,2020-02-28,107.67,105.92,109.35,103.77,202157,102.8213,9.461,0.09201400877055631
35,2020-03-02,106.23,108.49,109.62,105.02,139456,99.3274,9.1395,0.09201388539315436
36,2020-03-03,109.62,110.33,113.41,109.0,199125,98.5617,9.0691,0.09201444374437535
37,2020-03-04,109.47,111.42,112.51,109.08,124637,92.9141,8.5494,0.09201402155324111
38,2020-03-05,112.28,111.53,112.86,110.6,141712,91.3985,8.41,0.09201463918992106
39,2020-03-06,109.9,110.29,111.69,109.9,98584,91.4304,8.4129,0.0920142534649307
40,2020-03-09,108.73,105.1,109.27,104.4,162684,86.3093,7.9417,0.09201441791324921
41,2020-03-10,103.77,107.6,107.6,103.07,110408,85.9902,7.9123,0.09201397368537345
42,2020-03-11,112.0,118.59,118.59,111.5,582844,86.1657,7.9285,0.09201457192363086
43,2020-03-12,115.67,117.35,121.52,114.07,440060,89.484,8.2338,0.09201421483170177
44,2020-03-13,114.5,117.38,120.27,111.77,308430,89.2128,8.2088,0.09201370206965817
45,2020-03-16,117.97,113.29,120.27,112.7,244540,93.1693,8.5729,0.09201421498283233
46,2020-03-17,114.5,108.3,116.64,105.57,224987,88.5109,8.1443,0.09201465582205129
47,2020-03-18,109.39,103.46,109.97,103.46,219391,85.033,7.8242,0.09201368880317054
48,2020-03-19,103.38,104.36,105.06,101.24,144585,84.5863,7.7831,0.09201371853361597
49,2020-03-20,105.53,103.93,105.68,102.72,125280,86.0061,7.9138,0.09201440362951
50,2020-03-23,100.85,101.24,103.38,100.73,101071,84.7618,7.7993,0.09201432720871902
51,2020-03-24,103.27,104.59,104.63,99.83,132430,85.9423,7.9079,0.09201406059646995
52,2020-03-25,105.53,105.72,105.84,104.09,104291,88.128,8.109,0.0920138888888889
53,2020-03-26,104.79,104.98,106.35,104.16,70163,92.4674,8.5083,0.09201405035720697
54,2020-03-27,105.96,106.62,108.26,105.26,97228,89.3724,8.2235,0.09201386557818744
55,2020-03-30,105.53,110.4,112.55,105.14,168435,87.9844,8.0958,0.09201403885234202
56,2020-03-31,110.29,109.16,111.18,108.3,107371,91.3506,8.4056,0.0920147213045125
57,2020-04-01,108.65,106.19,109.27,106.0,93594,90.7763,8.3527,0.09201410500317814
58,2020-04-02,105.57,107.75,107.87,105.57,58041,91.7335,8.4408,0.092014367706454
59,2020-04-03,107.48,108.02,110.01,107.21,67426,96.041,8.8371,0.09201382742786934
60,2020-04-07,109.74,114.81,114.89,109.23,195902,94.2063,8.6683,0.09201401604775902
61,2020-04-08,113.25,116.84,118.01,112.94,188003,93.4884,8.8334,0.09448658871047103
62,2020-04-09,117.58,118.4,119.45,116.1,171788,92.3717,8.7279,0.09448673132571989
63,2020-04-10,118.4,119.76,120.97,117.62,185386,91.4782,8.6435,0.09448699252936765
64,2020-04-13,118.79,119.49,121.71,116.8,125653,92.8503,8.7731,0.09448650138987165
65,2020-04-14,119.76,120.35,120.86,118.4,114997,96.727,9.1395,0.09448757844242042
66,2020-04-15,121.09,119.53,121.71,117.62,112588,96.3441,9.1033,0.09448736352303878
67,2020-04-16,118.52,126.78,131.15,118.4,310387,95.5783,9.0309,0.09448692851829339
68,2020-04-17,125.57,118.79,126.39,118.48,257464,102.6299,9.6972,0.0944870841733257
69,2020-04-20,118.87,119.61,120.39,117.42,137274,108.5965,10.261,0.09448739139843364
70,2020-04-21,118.59,119.88,122.18,118.52,132364,108.5487,10.2564,0.09448662213365983
71,2020-04-22,119.18,119.88,120.93,117.11,82457,105.5334,9.9715,0.09448667436091324
72,2020-04-23,119.3,120.31,122.88,118.4,134156,103.4754,9.7771,0.09448719212489154
73,2020-04-24,120.35,119.61,121.25,117.46,116383,104.7517,9.8977,0.09448724937160925
74,2020-04-27,121.52,121.21,124.25,119.65,226573,108.1658,10.2203,0.09448735182469875
75,2020-04-28,121.32,126.0,127.17,118.52,254550,110.9577,10.4841,0.09448735869615177
76,2020-04-29,124.83,127.68,128.54,124.56,164137,117.0998,11.0644,0.09448692482822343
77,2020-04-30,126.98,128.11,130.57,126.28,168197,113.6379,10.7373,0.0944869625362665
78,2020-05-06,127.99,133.22,134.23,127.99,187587,103.2999,9.7605,0.09448702273671128
79,2020-05-07,132.87,131.66,133.26,130.22,109745,101.7843,9.6173,0.09448706725889945
80,2020-05-08,132.13,131.46,133.8,130.88,118982,109.7452,10.3695,0.09448704818069492
81,2020-05-11,132.56,133.61,136.3,132.09,128990,101.9917,9.6369,0.09448710042091661
82,2020-05-12,133.88,133.02,135.09,131.39,98900,104.5762,9.8811,0.09448708214679823
83,2020-05-13,131.97,133.96,134.39,131.58,79358,103.2201,9.753,0.09448741088218283
84,2020-05-14,133.8,134.47,135.36,131.93,92620,101.7045,9.6098,0.09448746122344635
85,2020-05-15,134.0,132.63,134.39,131.19,103913,105.2143,9.9414,0.09448715621355652
86,2020-05-18,132.63,136.34,138.41,132.24,165359,104.975,9.9188,0.0944872588711598
87,2020-05-19,136.34,137.55,137.7,134.97,97139,108.3413,10.2368,0.09448659006306921
88,2020-05-20,136.96,130.64,138.13,128.93,205779,98.4979,9.3068,0.09448729363773238
89,2020-05-21,130.84,130.18,132.44,129.51,124033,97.062,9.1711,0.0944870289093569
90,2020-05-22,129.71,125.38,131.07,125.15,119670,104.3688,9.8615,0.09448704976966296
91,2020-05-25,125.89,126.08,128.15,124.99,84908,94.8764,8.9646,0.09448714327272115
92,2020-05-26,126.86,126.86,127.33,125.42,74118,86.2455,8.1491,0.0944872486100724
93,2020-05-27,126.24,126.35,127.8,125.65,74181,91.3985,8.636,0.09448732747255151
94,2020-05-28,126.51,127.21,127.21,124.01,94630,94.1904,8.8998,0.09448733628904858
95,2020-05-29,127.21,128.54,128.54,126.04,80247,93.3289,8.8184,0.0944873452917585
96,2020-06-01,127.37,130.14,130.68,126.32,117250,90.4891,8.5501,0.09448762337121268
97,2020-06-02,129.67,128.81,131.81,128.54,74786,82.257,7.7722,0.09448679139769259
98,2020-06-03,128.85,127.41,129.67,126.47,83146,74.7748,7.0652,0.0944863777636316
99,2020-06-04,127.76,124.87,128.03,124.64,98162,67.9785,6.4231,0.09448722757930816
100,2020-06-05,124.87,124.48,125.61,123.55,48107,61.8045,5.8397,0.09448664741240524
101,2020-06-08,125.07,126.08,127.88,122.69,113787,56.1888,5.3091,0.09448680164018451
102,2020-06-09,126.2,125.26,126.55,123.08,86845,53.5883,5.0634,0.0944870428806288
103,2020-06-10,124.99,124.79,125.89,123.08,79981,53.9233,5.0951,0.09448791153360422
104,2020-06-11,124.83,123.94,125.38,123.08,70078,52.3599,4.9473,0.09448642950043831
105,2020-06-12,122.65,124.83,124.83,121.75,79378,52.0568,4.9187,0.09448717554671052
106,2020-06-15,124.6,121.83,124.6,121.83,75639,51.4505,4.8614,0.09448693404340093
107,2020-06-16,122.34,123.86,124.48,122.34,80249,52.1684,4.9292,0.09448631738753728
108,2020-06-17,126.0,127.8,129.16,124.64,175687,51.5622,4.872,0.0944878224746035
109,2020-06-18,126.24,123.39,126.39,122.26,144072,51.291,4.8463,0.09448636212980836
110,2020-06-19,123.08,123.47,123.55,122.42,81421,51.4984,4.7583,0.09239704534509811
111,2020-06-22,123.43,124.13,124.25,122.88,82720,53.3012,4.9249,0.09239754452057364
112,2020-06-23,123.98,125.61,125.65,122.88,87190,51.6898,4.776,0.09239733951379189
113,2020-06-24,125.61,123.86,125.61,123.47,70413,50.8602,4.6994,0.09239837829973142
114,2020-06-29,123.27,125.34,126.59,122.53,93071,52.0887,4.8129,0.09239815929366638
115,2020-06-30,125.57,126.08,126.59,124.76,84775,51.7217,4.779,0.09239835504246767
116,2020-07-01,126.78,129.9,129.9,125.61,157266,52.0727,4.8114,0.0923977439233994
117,2020-07-02,130.1,129.08,130.1,128.5,129886,52.2642,4.8291,0.09239785551103816
118,2020-07-03,129.83,135.44,137.9,129.32,258465,52.5992,4.8601,0.09239874370712862
119,2020-07-06,138.09,149.17,149.17,138.09,281381,51.9451,4.7996,0.09239755049080664
120,2020-07-07,156.81,164.26,164.26,154.9,256674,52.1046,4.8144,0.09239875174168884
121,2020-07-08,172.57,180.88,180.88,170.46,270901,53.1416,4.9102,0.09239842232827013
122,2020-07-09,199.17,199.17,199.17,199.17,30211,53.716,4.9632,0.09239705115794176
123,2020-07-10,219.29,219.29,219.29,219.29,83915,54.2584,5.0134,0.09239859634637217
124,2020-07-13,212.59,226.24,231.62,197.69,796366,53.6043,4.9529,0.0923974382652138
125,2020-07-14,220.39,228.34,249.05,218.48,744675,53.0619,4.9028,0.09239774678253135
126,2020-07-15,230.96,221.52,239.96,211.42,598405,52.7109,4.8704,0.09239834645206209
127,2020-07-16,214.73,208.92,228.3,200.03,539424,52.9183,4.8895,0.09239714805653243
128,2020-07-17,210.64,230.02,230.02,201.67,553238,52.5992,4.8601,0.09239874370712862
129,2020-07-20,239.11,253.23,253.23,238.33,179922,52.312,4.8335,0.09239753784982413
130,2020-07-21,272.65,235.36,278.5,234.66,759687,54.2743,5.0148,0.09239732248964981
131,2020-07-22,232.05,238.87,249.21,232.05,595063,54.4658,5.0325,0.09239743104847445
132,2020-07-23,243.63,262.94,262.94,234.0,678663,57.2896,5.2934,0.09239722392895046
133,2020-07-24,269.64,254.71,288.64,251.59,795361,56.795,5.2477,0.0923972180649705
134,2020-07-27,248.12,255.29,265.94,230.72,524745,55.2794,5.1077,0.09239789143876381
135,2020-07-28,249.25,246.71,260.83,241.95,344872,56.0292,5.177,0.09239824948419752
136,2020-07-29,243.79,250.42,253.26,238.87,374410,55.8218,5.1578,0.09239759377160893
137,2020-07-30,249.6,253.73,262.98,241.99,425063,55.4389,5.1224,0.09239721567347116
138,2020-07-31,252.17,247.41,253.73,243.51,301186,55.6783,5.1445,0.09239685838109281
139,2020-08-03,251.0,266.37,270.85,245.81,483703,54.8008,5.0635,0.09239828615640648
140,2020-08-04,259.43,246.91,260.95,246.91,409921,54.8806,5.0708,0.0923969490129481
141,2020-08-05,243.32,250.61,256.19,239.93,332479,55.5187,5.1298,0.09239769663194564
142,2020-08-06,249.64,275.88,275.88,249.17,635967,53.4288,4.9367,0.09239773305782649
143,2020-08-07,267.19,284.35,300.3,258.06,614931,53.2533,4.9205,0.09239802979345879
144,2020-08-10,279.12,269.33,305.02,269.14,516547,52.5673,4.8571,0.092397745366416
145,2020-08-11,261.73,262.51,278.11,256.46,341290,50.605,4.6758,0.09239798438889438
146,2020-08-12,259.39,254.16,269.14,246.36,322403,58.9934,5.1507,0.08730976685527533
147,2020-08-13,255.41,251.04,260.17,249.17,271084,59.3325,5.1803,0.08730965322546665
148,2020-08-14,247.65,256.07,264.15,245.35,303667,59.1253,5.1623,0.08731118489039379
149,2020-08-17,255.49,263.44,266.72,250.03,299647,59.1253,5.1623,0.08731118489039379
150,2020-08-18,260.79,263.56,273.12,260.56,266012,58.9934,5.1507,0.08730976685527533
151,2020-08-19,260.91,248.97,261.69,248.39,255519,58.5977,5.1162,0.08731059410181628
152,2020-08-20,247.69,231.74,251.51,230.92,347429,62.4602,5.4534,0.0873099990073679
153,2020-08-21,235.56,233.61,238.91,230.02,221563,58.9557,5.1474,0.08730962400582132
154,2020-08-24,235.79,234.54,239.07,230.41,132943,59.3514,5.182,0.08731049309704574
155,2020-08-25,234.62,225.07,235.52,222.53,228700,58.9368,5.1458,0.08731047494943737
156,2020-08-26,226.63,221.71,230.1,219.92,145130,59.0687,5.1573,0.08731019981817782
157,2020-08-27,224.17,223.9,226.12,220.78,131065,58.4093,5.0997,0.08730972636206906
158,2020-08-28,225.34,226.63,233.26,222.41,215445,57.6556,5.0339,0.08730981899416536
159,2020-08-31,226.82,228.38,235.05,222.34,281710,56.6758,4.9484,0.08731063346260662
160,2020-09-01,229.59,232.87,236.61,227.06,299239,53.3974,4.6621,0.08730949446976818
161,2020-09-02,232.48,222.34,232.52,220.78,244855,53.2655,4.6506,0.08730979714824792
162,2020-09-03,220.35,220.0,222.14,214.85,192197,52.5118,4.5848,0.08730989987012444
163,2020-09-04,216.49,221.4,223.19,215.94,135896,53.9438,4.7099,0.08731123873364502
164,2020-09-07,221.4,213.17,221.4,211.85,132983,54.5467,4.7625,0.08731050641010364
165,2020-09-08,213.17,216.56,217.27,210.68,107332,52.7191,4.6029,0.08730991234675858
166,2020-09-09,212.63,224.13,231.7,212.08,267199,51.9277,4.5338,0.0873098558187634
167,2020-09-10,223.51,213.52,223.58,213.29,153134,52.2857,4.5651,0.08731067959308186
168,2020-09-11,211.85,208.18,215.24,203.85,201803,51.7393,4.5174,0.08731080629231552
169,2020-09-14,208.18,205.29,210.6,204.24,132364,50.1189,4.3759,0.08731037592604786
170,2020-09-15,205.76,208.33,209.08,204.2,110482,51.419,4.4894,0.08731013827573465
171,2020-09-16,208.61,204.86,209.5,204.4,88201,51.6263,4.5075,0.08731015005917526
172,2020-09-17,205.68,205.96,209.11,201.47,105953,51.1929,4.4697,0.08731093569616098
173,2020-09-18,207.91,214.46,215.12,206.74,185193,53.5293,4.6737,0.08731106141869967
174,2020-09-21,219.37,225.85,234.31,219.22,302539,55.941,4.8842,0.0873098443002449
175,2020-09-22,220.62,216.17,221.67,214.61,147368,57.9194,5.057,0.08731098733757602
176,2020-09-23,214.81,216.84,218.36,211.03,96653,57.9005,5.0553,0.08731012685555392
177,2020-09-24,213.41,208.72,215.47,208.06,94231,58.5035,5.108,0.08731101558026443
178,2020-09-25,210.25,208.3,212.9,207.87,80249,53.1901,4.6441,0.08731136057273815
179,2020-09-28,207.91,209.08,212.51,206.23,79589,51.9842,4.5388,0.08731114454007179
180,2020-09-29,212.2,221.6,223.43,210.99,204306,54.4902,4.7576,0.08731111282395733
181,2020-09-30,221.95,221.52,223.04,216.99,112342,55.0931,4.8102,0.08731038914128993
182,2020-10-09,224.29,225.22,225.22,219.06,141761,55.0366,4.8053,0.08731098941431702
183,2020-10-12,229.16,239.03,247.69,226.35,295162,54.509,4.7592,0.0873103524188666
184,2020-10-13,235.99,240.9,241.45,234.04,138113,53.6235,4.6819,0.08731060076272529
185,2020-10-14,244.25,249.44,256.27,242.3,276074,52.3799,4.5733,0.08731020868691998
186,2020-10-15,246.67,248.27,253.73,246.67,160403,54.754,4.7806,0.08731051612667567
187,2020-10-16,247.69,235.05,250.81,234.04,173902,55.0554,4.8069,0.08731023659804488
188,2020-10-19,237.66,236.18,238.52,232.36,111456,54.6598,4.7724,0.08731096710928325
189,2020-10-20,235.99,235.99,237.16,229.12,122694,56.1859,4.9056,0.08731016144619913
190,2020-10-21,235.67,226.04,236.61,224.09,140210,55.225,4.8217,0.08731009506564055
191,2020-10-22,225.46,224.48,225.77,217.27,91670,54.4148,4.751,0.08731080514859929
192,2020-10-23,224.48,216.17,226.98,215.36,87297,54.0003,4.7148,0.08731062605207748
193,2020-10-26,216.37,220.35,220.66,214.03,76462,54.3018,4.7411,0.08731018124629386
194,2020-10-27,218.44,220.97,222.65,216.53,85159,55.5265,4.848,0.0873096629537248
195,2020-10-28,221.4,220.23,221.48,214.54,81166,50.7595,4.4318,0.08730976467459292
196,2020-10-29,216.49,218.36,218.9,214.73,77220,50.6842,4.4253,0.08731123308644509
197,2020-10-30,222.45,200.22,226.24,198.94,262237,51.4755,4.4943,0.0873094967508815
198,2020-11-02,198.82,203.11,204.32,195.04,144793,51.5697,4.5026,0.08731095973022919
199,2020-11-03,203.11,208.3,209.62,202.06,112789,52.3799,4.5733,0.08731020868691998
200,2020-11-04,208.22,216.84,220.89,205.92,164658,51.6263,4.5075,0.08731015005917526
201,2020-11-05,212.78,210.99,216.41,207.75,118309,51.3625,4.4845,0.08731078121197372
202,2020-11-06,206.74,202.64,211.22,199.01,144295,50.3827,4.3989,0.08730973131650349
203,2020-11-09,200.89,206.38,208.65,198.82,117028,49.9682,4.3627,0.08730952886035519
204,2020-11-10,205.57,202.76,207.55,201.7,81578,49.1768,4.2937,0.08731149647801403
205,2020-11-11,202.06,197.77,205.18,196.99,93613,54.6409,4.7707,0.08731005528825476
206,2020-11-12,198.19,199.79,202.99,197.3,63422,56.3367,4.9188,0.08731075835112813
207,2020-11-13,199.79,203.34,207.52,198.0,130312,56.6005,4.9418,0.087310182772237
208,2020-11-16,203.93,207.52,213.76,203.93,162192,58.5788,5.1145,0.08730974345667715
209,2020-11-17,206.74,196.6,206.74,193.87,156909,57.8629,5.052,0.08730983065141912
210,2020-11-18,196.99,198.97,199.87,194.18,89564,57.6179,5.0306,0.08730967286207932
211,2020-11-19,196.99,215.59,218.44,195.07,286266,58.0324,5.0668,0.08730984760237384
212,2020-11-20,215.55,216.76,224.21,212.27,249065,59.0876,5.159,0.08731104326457666
213,2020-11-23,214.54,216.37,220.66,212.59,153675,60.1427,5.2511,0.08731067943407929
214,2020-11-24,215.59,211.85,221.52,210.52,142640,60.2369,5.2593,0.08731026995081088
215,2020-11-25,209.86,204.2,211.3,204.01,105741,61.0471,5.33,0.08730963469190182
216,2020-11-26,205.57,209.31,211.07,202.09,129102,63.1574,5.5143,0.08731043393173246
217,2020-11-27,209.47,230.41,230.45,208.1,401428,62.4979,5.4567,0.08731013362048964
218,2020-11-30,231.31,234.93,242.81,225.11,406187,62.4602,5.4534,0.0873099990073679
219,2020-12-01,234.93,242.73,248.78,232.87,277884,61.7254,5.3893,0.08731089632468968
