,日期,开盘,收盘,最高,最低,成交量,pe,pb,roe
0,2020-01-03,241.82,235.9,241.82,232.37,72997,153.516,32.5379,0.21195119726934003
1,2020-01-06,234.14,230.81,234.14,229.22,67677,145.1931,30.7739,0.2119515321320366
2,2020-01-07,230.42,235.56,236.76,230.02,44299,143.6351,30.4437,0.2119516747647337
3,2020-01-08,234.96,235.18,236.93,233.57,31439,142.7973,30.2661,0.2119514864776855
4,2020-01-09,236.57,242.21,243.67,236.57,51671,141.1147,29.9095,0.21195169603166786
5,2020-01-10,242.21,245.71,248.38,240.94,37669,147.9558,31.3594,0.21195113675841026
6,2020-01-13,245.45,246.36,247.3,241.61,30297,146.7164,31.0967,0.21195108385974573
7,2020-01-14,247.13,239.33,247.44,238.1,49189,149.216,31.6265,0.21195113124597897
8,2020-01-15,239.9,242.83,244.46,238.01,42502,150.5593,31.9113,0.21195170275100905
9,2020-01-16,245.06,253.66,255.46,241.92,62237,149.9085,31.7733,0.2119512902870751
10,2020-01-17,254.76,256.22,259.3,251.66,41250,153.9383,32.6274,0.21195115185759492
11,2020-01-20,257.78,256.92,259.1,254.06,36093,167.4266,35.4863,0.2119513864583047
12,2020-01-21,256.92,256.39,262.58,250.01,39561,168.119,35.6331,0.21195165329320304
13,2020-01-22,253.58,255.91,256.94,249.65,37957,167.5651,35.5157,0.21195165341708985
14,2020-01-23,254.28,246.38,258.0,240.38,48089,160.4955,34.0172,0.21195111389415905
15,2020-02-03,221.78,221.78,229.7,221.78,90149,165.5571,35.0901,0.21195164689403234
16,2020-02-04,225.74,231.12,232.85,223.58,61272,163.3968,34.6322,0.2119515192463989
17,2020-02-05,231.38,231.22,237.22,227.18,59457,159.3807,33.781,0.2119516352983768
18,2020-02-06,231.72,239.09,242.11,229.63,62408,161.6934,34.2711,0.21195113715216576
19,2020-02-07,237.98,239.11,244.44,233.69,37789,164.103,34.7819,0.2119516401284559
20,2020-02-10,237.98,237.84,241.58,234.62,37789,158.6745,33.6313,0.21195151079726107
21,2020-02-11,238.27,243.14,245.66,235.03,31595,156.9919,33.2746,0.211951062443349
22,2020-02-12,241.73,242.54,245.66,240.62,26212,155.974,33.0589,0.21195135086617004
23,2020-02-13,242.5,238.94,244.42,237.17,31397,155.6001,32.9797,0.21195166327013928
24,2020-02-14,238.94,242.54,245.62,237.36,26214,153.8622,32.6113,0.21195134347487557
25,2020-02-17,240.41,249.48,252.02,239.9,38928,153.3844,32.51,0.2119511501821567
26,2020-02-18,249.65,245.93,251.57,243.84,35371,147.1042,35.0894,0.23853431785088394
27,2020-02-19,245.71,247.58,251.04,242.06,33951,145.8232,34.7838,0.23853406042385572
28,2020-02-20,247.58,260.4,262.42,246.58,64634,151.5633,36.1531,0.23853465845623578
29,2020-02-21,258.38,261.38,262.54,255.65,34003,152.8235,36.4537,0.23853464944854685
30,2020-02-24,261.38,257.83,261.96,252.5,42649,153.4398,36.6006,0.2385339396949162
31,2020-02-25,254.86,259.2,262.2,254.5,37231,149.5622,35.6757,0.23853420182372284
32,2020-02-26,255.82,252.1,258.46,249.96,45750,157.1719,37.4909,0.2385343690570643
33,2020-02-27,252.1,256.46,259.03,247.73,38209,156.5557,37.3439,0.23853427246660452
34,2020-02-28,248.98,250.2,254.5,243.74,45113,159.9624,38.1565,0.23853418053242512
35,2020-03-02,248.76,254.78,259.34,245.9,52703,161.2018,38.4522,0.23853455730643205
36,2020-03-03,259.15,255.31,265.99,254.14,44247,157.2827,37.5173,0.23853418080945965
37,2020-03-04,255.31,260.71,261.7,250.58,34829,155.4132,37.0714,0.2385344359423781
38,2020-03-05,259.58,270.26,275.06,259.56,58311,147.9697,35.2958,0.2385339701303713
39,2020-03-06,271.58,272.4,276.26,268.54,34486,141.2532,33.6937,0.23853406506896835
40,2020-03-09,266.78,266.09,275.06,264.89,47636,135.4231,32.303,0.23853389857417232
41,2020-03-10,264.1,265.73,270.62,260.09,41746,138.0058,32.9191,0.23853417754905953
42,2020-03-11,267.43,263.78,269.81,261.53,28816,135.4438,32.308,0.23853435890014899
43,2020-03-12,258.46,257.42,261.43,254.5,36024,137.618,32.8266,0.23853420337455855
44,2020-03-13,244.01,252.38,257.33,237.98,40849,128.9282,30.7538,0.2385343159991375
45,2020-03-16,252.1,237.98,254.35,235.3,47372,128.1181,30.5606,0.2385346020585694
46,2020-03-17,237.98,233.45,241.32,229.1,38730,124.6352,29.7298,0.23853453919919895
47,2020-03-18,234.86,229.1,241.97,228.96,39807,124.6352,29.7298,0.23853453919919895
48,2020-03-19,229.3,225.38,233.74,218.54,42436,129.4129,30.8694,0.23853418013196517
49,2020-03-20,226.78,231.53,232.58,226.78,31431,135.4369,32.3063,0.23853395935671887
50,2020-03-23,225.98,219.94,229.54,219.94,42752,132.238,31.5433,0.23853430935132108
51,2020-03-24,223.73,234.07,238.01,223.73,45361,132.9442,31.7118,0.2385346634151772
52,2020-03-25,240.34,243.05,246.34,238.22,43711,132.0302,31.4937,0.23853406266142138
53,2020-03-26,243.05,245.26,248.52,240.7,23754,130.7977,31.1997,0.23853401091915227
54,2020-03-27,249.96,248.26,254.26,246.1,22954,131.5594,31.3814,0.238534076622423
55,2020-03-30,248.26,244.44,252.34,241.06,33622,135.0215,32.2072,0.23853386312550223
56,2020-03-31,245.38,259.06,259.97,244.94,44880,142.6311,34.0224,0.23853423271642718
57,2020-04-01,257.26,257.3,266.78,255.02,34921,154.4092,36.8319,0.23853436194216404
58,2020-04-02,257.02,262.44,262.9,254.9,26433,161.3333,38.4835,0.23853414019300415
59,2020-04-03,261.17,261.74,266.74,259.34,19756,157.4558,37.5586,0.23853424262554948
60,2020-04-07,265.49,263.81,268.73,261.98,24591,156.6872,37.3753,0.2385344814381775
61,2020-04-08,262.22,261.94,264.14,258.7,21088,150.2547,35.8409,0.23853430208838722
62,2020-04-09,262.94,270.72,274.44,262.94,28997,149.9154,35.76,0.23853453347688094
63,2020-04-10,269.18,270.12,280.9,269.18,22402,145.0615,34.6021,0.23853400109608683
64,2020-04-13,269.04,273.02,277.01,267.31,20463,142.5688,34.0076,0.23853465835442253
65,2020-04-14,272.93,278.52,279.5,264.86,33187,137.9919,32.9158,0.23853429078083568
66,2020-04-15,278.62,270.91,281.98,269.88,26921,132.6603,31.644,0.2385340603028939
67,2020-04-16,272.78,275.3,276.82,268.75,22549,132.598,31.6292,0.23853451786603114
68,2020-04-17,275.42,278.3,283.01,274.01,22643,135.7139,32.3724,0.2385341516233783
69,2020-04-20,282.31,278.3,283.3,275.3,16908,136.0601,32.455,0.2385342947712077
70,2020-04-21,279.58,275.16,279.58,272.18,25874,133.7128,31.8951,0.2385343811512436
71,2020-04-22,276.38,285.02,287.14,271.61,33191,128.7897,30.7208,0.23853460331066847
72,2020-04-23,289.32,292.94,296.45,286.13,30185,128.5127,30.6547,0.2385344016583575
73,2020-04-24,287.4,292.06,297.98,283.08,40433,132.1687,31.5268,0.23853453956950474
74,2020-04-27,292.94,291.67,298.46,286.56,34712,134.2806,32.0305,0.23853408459598785
75,2020-04-28,291.84,299.66,302.26,291.74,35311,133.6366,31.8769,0.23853420395310868
76,2020-04-29,297.98,298.78,307.3,293.71,29195,133.3804,31.8158,0.23853429739302023
77,2020-04-30,300.02,294.98,300.38,290.81,27229,137.7842,32.8663,0.2385346070158988
78,2020-05-06,295.58,298.46,298.66,290.78,38507,137.3965,32.7738,0.2385344604848013
79,2020-05-07,299.18,300.86,304.61,296.11,31137,130.0984,31.0329,0.23853406344735986
80,2020-05-08,300.86,307.2,311.11,297.89,34648,125.6738,32.9502,0.2621883001866738
81,2020-05-11,312.41,299.74,314.47,297.98,31177,122.1771,32.0334,0.2621882496801774
82,2020-05-12,299.95,314.54,316.46,299.76,43525,117.8911,30.9096,0.26218773088044817
83,2020-05-13,313.66,318.43,320.64,312.38,28924,119.3244,31.2854,0.26218778388996716
84,2020-05-14,315.67,319.3,321.7,314.09,17507,117.2956,30.7535,0.26218801046245555
85,2020-05-15,318.62,309.98,319.58,304.46,49421,116.5824,30.5665,0.26218794603645146
86,2020-05-18,309.98,320.3,322.58,308.06,36834,114.8583,30.1145,0.262188278948931
87,2020-05-19,320.95,330.38,334.22,319.49,34522,121.1731,31.7701,0.262187729784911
88,2020-05-20,330.5,323.16,332.38,322.92,24482,117.3787,30.7753,0.2621881141978911
89,2020-05-21,324.38,325.06,330.82,321.17,18668,112.6771,29.5426,0.2621881464822932
90,2020-05-22,325.37,324.38,327.98,320.11,21935,108.0241,28.3226,0.26218778957658523
91,2020-05-25,327.86,329.42,330.02,322.01,17365,108.6127,28.4769,0.2621875710667353
92,2020-05-26,328.15,335.9,337.22,326.23,24910,110.7176,29.0288,0.2621877641856399
93,2020-05-27,335.18,332.3,336.86,329.54,17688,116.1946,30.4648,0.26218774366450764
94,2020-05-28,332.5,334.8,335.57,327.62,12217,109.0697,28.5968,0.26218830711004065
95,2020-05-29,333.29,340.9,344.18,333.29,26854,111.3062,29.1831,0.2621875510977825
96,2020-06-01,344.21,342.17,350.78,334.37,38498,110.4406,28.9562,0.26218799970300777
97,2020-06-02,342.26,336.26,342.26,328.7,33413,110.5168,28.9762,0.26218819220245243
98,2020-06-03,335.9,341.4,341.66,334.08,21133,107.1863,28.103,0.2621883580270986
99,2020-06-04,340.7,347.4,348.38,339.89,24050,107.3178,28.1374,0.262187633365574
100,2020-06-05,347.4,349.68,353.54,345.38,25378,105.8707,27.758,0.2621877441067264
101,2020-06-08,350.76,343.1,354.53,341.42,30765,110.3645,28.9362,0.2621875693723978
102,2020-06-09,345.94,350.3,351.96,343.1,21366,112.5248,29.5027,0.2621884242407007
103,2020-06-10,348.41,353.9,356.11,348.38,24300,114.4082,29.9965,0.2621883746095123
104,2020-06-11,352.63,350.78,355.58,347.42,24950,115.4745,30.276,0.26218775573827985
105,2020-06-12,346.66,354.65,354.84,346.18,33386,109.5613,28.7256,0.2621874694805556
106,2020-06-15,351.14,348.5,356.57,348.17,26706,108.2249,28.3753,0.2621882764502439
107,2020-06-16,351.05,353.18,354.62,346.25,17952,108.9242,28.5586,0.2621878333740344
108,2020-06-17,354.38,353.59,360.14,352.7,22067,103.9458,27.2533,0.2621876016154573
109,2020-06-18,353.18,349.46,354.38,344.26,26536,104.9151,27.5075,0.2621881883542026
110,2020-06-19,349.94,364.03,367.06,348.43,35800,100.7122,26.4055,0.26218769920625307
111,2020-06-22,364.06,360.67,371.16,358.54,25260,101.9031,26.7178,0.2621882945661123
112,2020-06-23,362.5,377.93,379.27,361.32,66352,101.7854,26.6869,0.2621878972819285
113,2020-06-24,376.68,375.5,383.06,366.1,50282,100.4352,26.3329,0.2621879580067546
114,2020-06-29,374.78,380.14,382.2,370.7,18581,102.2078,26.7977,0.26218840440749136
115,2020-06-30,381.26,400.63,404.66,381.26,30165,101.093,26.5054,0.2621882820768995
116,2020-07-01,400.73,396.94,407.14,390.22,29883,101.9931,26.7414,0.2621883245043047
117,2020-07-02,398.64,390.41,401.66,386.64,31953,100.9545,26.4691,0.2621884116111714
118,2020-07-03,384.38,382.92,391.58,362.78,65294,98.8773,25.9244,0.2621875799602133
119,2020-07-06,378.38,367.34,379.56,366.34,70124,100.7745,26.4219,0.2621883512198026
120,2020-07-07,360.91,372.36,379.22,357.96,53027,100.1167,26.2494,0.26218802657298934
121,2020-07-08,372.36,371.9,378.14,366.74,34504,98.3856,25.7955,0.2621877591842709
122,2020-07-09,374.3,383.45,384.34,369.5,39450,96.9039,25.407,0.262187589973159
123,2020-07-10,381.96,383.18,396.38,380.33,29664,98.6072,25.8536,0.2621877509958705
124,2020-07-13,381.65,386.18,391.58,378.74,45018,98.2402,25.7574,0.2621879841449834
125,2020-07-14,386.18,378.43,388.15,374.33,31152,96.4815,25.2963,0.26218808787176817
126,2020-07-15,379.58,403.13,408.02,378.91,54983,95.7614,25.1075,0.2621881050193502
127,2020-07-16,401.5,384.14,402.38,373.61,51849,96.8,25.3798,0.26218801652892565
128,2020-07-17,384.38,376.85,392.06,372.43,32893,94.9305,24.8896,0.2621876004023997
129,2020-07-20,376.94,374.81,383.45,360.82,38271,93.4764,24.5084,0.2621881030934011
130,2020-07-21,369.89,390.94,391.1,367.61,31070,93.6703,24.5592,0.2621876944986832
131,2020-07-22,388.61,407.23,408.65,385.03,39870,93.1233,24.4158,0.2621878734967511
132,2020-07-23,405.5,420.38,423.53,405.02,30991,95.2074,24.9623,0.26218865340299174
133,2020-07-24,422.74,398.5,427.54,393.98,35161,92.2993,24.1998,0.26218833728966523
134,2020-07-27,403.58,404.47,411.94,394.46,25563,89.3219,23.4191,0.26218766058491816
135,2020-07-28,403.7,406.94,411.26,398.47,20633,92.0085,24.1235,0.2621877326551351
136,2020-07-29,406.94,413.98,421.1,405.26,24516,91.7592,24.0582,0.26218842361310907
137,2020-07-30,415.58,409.01,417.31,408.55,16701,90.6375,23.7641,0.2621883878085781
138,2020-07-31,411.26,423.86,430.61,406.27,24930,86.3653,22.6439,0.26218747575704593
139,2020-08-03,427.97,435.98,444.14,425.28,22690,88.5187,23.2085,0.26218753777450415
140,2020-08-04,431.3,451.32,462.17,428.78,41057,86.6907,22.7293,0.262188446972974
141,2020-08-05,451.32,476.62,480.34,444.38,39579,85.9983,22.5477,0.26218774092046004
142,2020-08-06,478.46,477.96,482.71,469.58,25262,84.9943,22.2845,0.2621881702655355
143,2020-08-07,477.96,462.7,490.9,450.02,41600,86.0883,22.5713,0.2621877769685311
144,2020-08-10,462.7,463.58,466.7,449.59,18485,86.3445,22.6385,0.2621880953621829
145,2020-08-11,466.9,465.82,488.45,462.84,24849,84.0387,22.034,0.2621887297161902
146,2020-08-12,461.21,458.5,469.56,447.62,26304,84.1495,22.063,0.2621881294600681
147,2020-08-13,456.38,445.82,460.94,445.82,23760,117.696,22.5827,0.19187313077759652
148,2020-08-14,444.62,446.78,450.89,431.21,41305,114.5098,21.9714,0.1918735339682717
149,2020-08-17,445.8,463.85,467.62,444.62,26037,110.5416,21.21,0.19187346664061314
150,2020-08-18,465.7,471.98,473.3,463.94,14135,111.8064,21.4526,0.19187273715994793
151,2020-08-19,471.98,470.78,486.74,468.84,23715,111.8064,21.4526,0.19187273715994793
152,2020-08-20,468.07,459.98,477.74,453.98,25497,110.5995,21.2211,0.191873380982735
153,2020-08-21,461.18,460.2,468.26,455.45,25427,108.8326,20.8821,0.19187357464583224
154,2020-08-24,460.92,478.68,480.26,460.34,25246,111.8933,21.4693,0.191872971840137
155,2020-08-25,478.68,494.54,504.1,476.14,32729,109.6823,21.0451,0.19187325575776584
156,2020-08-26,496.7,503.18,515.4,492.38,33679,108.514,20.8209,0.191872938054076
157,2020-08-27,504.1,520.01,521.16,499.66,24796,108.7554,20.8672,0.1918727713750306
158,2020-08-28,522.38,521.18,528.38,516.43,18570,105.2216,20.1892,0.1918731515202202
159,2020-08-31,522.34,543.48,549.41,512.06,30050,105.9747,20.3337,0.19187315463030327
160,2020-09-01,541.58,546.14,551.88,527.3,26802,105.1444,20.1744,0.19187327142482147
161,2020-09-02,547.58,559.58,560.16,544.3,22805,105.4244,20.2281,0.19187303887904508
162,2020-09-03,560.47,535.58,578.78,515.9,58717,103.3582,19.8317,0.19187350398904007
163,2020-09-04,516.38,494.76,523.32,484.94,82512,104.063,19.9669,0.1918731922008783
164,2020-09-07,494.74,468.38,496.22,468.38,49363,98.183,18.8387,0.19187333856166544
165,2020-09-08,465.98,456.38,472.9,451.61,46381,99.7182,19.1332,0.19187269726088116
166,2020-09-09,451.54,453.74,464.78,444.82,39827,98.5113,18.9017,0.19187341959754872
167,2020-09-10,459.98,458.02,471.7,454.18,28531,97.623,18.7312,0.19187281685668336
168,2020-09-11,454.51,461.18,462.7,453.02,27524,94.012,18.0384,0.19187337786665531
169,2020-09-14,475.58,458.74,476.78,447.02,41994,88.3251,16.9472,0.19187297834930273
170,2020-09-15,449.42,469.82,470.78,446.78,28947,92.9886,17.842,0.19187298227954822
171,2020-09-16,469.34,448.94,475.54,448.85,29924,90.5168,17.3678,0.19187377370830608
172,2020-09-17,444.82,432.38,446.78,429.41,48380,92.0134,17.6549,0.19187314021653368
173,2020-09-18,432.38,432.38,440.9,419.47,33515,93.761,17.9902,0.1918729535734474
174,2020-09-21,432.38,444.46,454.56,427.61,35109,95.5858,18.3403,0.19187264217069896
175,2020-09-22,437.14,447.26,456.1,437.14,22282,101.3789,19.4519,0.19187325962305765
176,2020-09-23,450.07,477.38,479.14,447.29,42327,103.4064,19.8409,0.19187303687199245
177,2020-09-24,474.58,469.85,477.5,464.09,20342,105.965,20.3318,0.191872788184778
178,2020-09-25,470.09,478.73,480.38,464.98,20720,106.7471,20.4819,0.19187312816928984
179,2020-09-28,478.73,469.78,481.1,464.74,15562,106.8919,20.5097,0.19187328506650175
180,2020-09-29,472.49,489.98,494.71,471.02,21844,109.4312,20.9969,0.19187306727880166
181,2020-09-30,492.14,513.26,522.58,489.98,27554,108.5719,20.832,0.1918728510784098
182,2020-10-09,514.68,539.06,542.28,514.01,26068,104.7292,20.0947,0.19187294469928157
183,2020-10-12,542.54,545.54,547.1,520.25,29779,102.5568,19.6779,0.19187318637086961
184,2020-10-13,540.38,559.13,559.82,538.49,14507,102.3444,19.6371,0.1918727355869007
185,2020-10-14,554.78,554.83,568.94,553.39,16845,100.5002,19.2833,0.19187325000348257
186,2020-10-15,557.06,543.02,559.49,538.25,26309,103.0202,19.7668,0.19187305013968134
187,2020-10-16,544.58,545.16,554.5,539.33,14458,101.263,19.4297,0.19187363597760287
188,2020-10-19,555.48,518.78,556.7,515.9,33473,104.1209,19.978,0.1918731013658161
189,2020-10-20,517.61,532.22,533.47,514.1,18694,103.5706,19.8724,0.19187298325972815
190,2020-10-21,534.65,530.09,541.82,521.18,13411,104.9995,20.1466,0.19187329463473635
191,2020-10-22,532.87,525.72,532.87,517.99,14704,104.6037,20.0706,0.19187275402304124
192,2020-10-23,528.38,505.82,531.98,502.44,20379,99.4478,19.0814,0.19187352560840962
193,2020-10-26,507.12,510.26,520.94,485.18,21756,98.7816,18.9535,0.19187277792625346
194,2020-10-27,502.06,532.03,537.24,494.93,38191,100.2106,19.2277,0.19187291563966286
195,2020-10-28,530.54,533.69,540.36,524.62,27068,97.4203,18.6923,0.1918727411022138
196,2020-10-29,525.96,539.71,555.98,524.93,27215,95.972,18.4144,0.19187262951694245
197,2020-10-30,542.59,541.01,549.96,530.78,22114,97.4203,18.6923,0.1918727411022138
198,2020-11-02,537.72,544.54,548.47,532.78,18631,97.6616,18.7386,0.19187275244313015
199,2020-11-03,544.7,550.37,551.18,535.85,17277,95.5279,18.3292,0.19187274084325104
200,2020-11-04,548.06,569.18,569.18,548.06,25345,96.0396,18.4274,0.19187293574733755
201,2020-11-05,573.38,560.83,577.06,557.21,26914,96.0299,18.4256,0.1918735727101663
202,2020-11-06,561.02,552.82,561.02,535.92,29938,92.863,17.8179,0.1918729741662449
203,2020-11-09,552.38,566.74,567.29,541.7,22680,92.8244,17.8105,0.19187304200188746
204,2020-11-10,571.34,574.22,576.12,555.58,22178,89.0686,17.0899,0.19187345484267182
205,2020-11-11,572.3,556.68,583.1,555.5,26200,98.9651,18.9887,0.19187269047371244
206,2020-11-12,556.68,581.18,581.59,554.78,24413,102.7982,19.7242,0.1918730094495818
207,2020-11-13,581.66,583.1,588.0,569.93,26647,102.9913,19.7613,0.19187348834319015
208,2020-11-16,583.58,580.7,584.69,566.52,19166,103.2037,19.802,0.191872965794831
209,2020-11-17,576.38,533.95,577.92,529.56,43074,102.9237,19.7483,0.1918732031592335
210,2020-11-18,540.26,519.98,541.51,514.22,32989,101.8906,19.5501,0.1918734407295668
211,2020-11-19,518.9,522.24,524.78,510.67,22756,97.5361,18.7146,0.19187357296426658
212,2020-11-20,520.13,517.58,535.54,515.18,20085,96.1265,18.4441,0.19187320874056582
213,2020-11-23,518.78,508.92,519.94,504.38,21116,98.9554,18.9869,0.19187330858144172
214,2020-11-24,511.58,513.22,513.22,495.17,23777,98.6947,18.9369,0.19187352512343622
215,2020-11-25,515.86,489.5,515.86,488.78,31624,97.2851,18.6664,0.19187316454421077
216,2020-11-26,492.05,495.34,498.19,482.06,17713,94.4561,18.1236,0.19187326175863706
217,2020-11-27,494.5,498.24,507.5,490.78,15485,94.6106,18.1532,0.19187279226640563
218,2020-11-30,498.48,503.64,511.46,488.26,21997,92.6989,17.7864,0.19187282696989932
219,2020-12-01,504.38,532.49,536.98,503.64,31333,94.7458,18.1792,0.1918734128584064
