,日期,开盘,收盘,最高,最低,成交量,pe,pb,roe
0,2020-01-03,278.1,267.92,280.06,263.22,170031,105.2209,4.5925,0.04364627179581243
1,2020-01-06,264.44,266.97,271.76,262.26,102035,104.6747,4.5687,0.043646650050107615
2,2020-01-07,269.47,266.04,272.11,263.75,97659,102.2912,4.4646,0.043645983232184195
3,2020-01-08,264.53,262.26,266.85,261.28,89562,100.7618,4.3979,0.043646500955719335
4,2020-01-09,265.83,270.92,272.74,263.54,137156,102.7977,4.4868,0.04364689093238467
5,2020-01-10,271.85,291.13,294.47,271.25,255277,105.0422,4.5847,0.043646267880908814
6,2020-01-13,292.38,321.01,321.01,289.58,269444,105.1117,4.5878,0.04364690134399881
7,2020-01-14,322.74,309.35,327.14,307.17,220966,104.9826,4.5821,0.04364628043123336
8,2020-01-15,307.77,319.76,323.28,305.42,184720,106.0651,4.6294,0.04364677919504154
9,2020-01-16,314.64,321.19,324.7,310.84,133669,104.9726,4.5817,0.04364662778667957
10,2020-01-17,320.75,319.76,330.18,315.0,130095,104.9528,4.5808,0.043646286711740895
11,2020-01-20,340.6,352.5,352.5,334.64,127809,106.363,4.6424,0.04364675686093849
12,2020-01-21,365.92,373.31,383.19,361.46,271583,109.0742,4.7607,0.043646435178988245
13,2020-01-22,370.36,380.03,389.11,364.5,223401,107.2767,4.6822,0.043646010736721016
14,2020-01-23,372.0,364.41,386.1,354.76,226180,106.2637,4.638,0.04364613692163928
15,2020-02-03,327.2,327.2,335.54,327.2,177655,112.997,4.9319,0.04364629149446445
16,2020-02-04,327.29,356.07,358.07,327.29,238903,115.023,5.0203,0.04364605339801605
17,2020-02-05,356.88,343.57,365.63,340.6,288794,104.5655,4.5639,0.043646326943399115
18,2020-02-06,336.1,344.47,349.23,335.84,206430,104.2377,4.5496,0.04364639664919698
19,2020-02-07,339.62,355.78,364.11,339.56,216103,102.46,4.472,0.04364630099551045
20,2020-02-10,355.48,342.26,355.54,332.47,217192,102.033,4.4534,0.04364666333441142
21,2020-02-11,346.55,352.5,358.45,346.55,186470,101.8542,4.4456,0.043646702836014614
22,2020-02-12,346.16,353.69,354.88,343.6,163328,99.9077,3.5812,0.03584508501346743
23,2020-02-13,362.92,370.3,385.84,354.26,308422,97.3753,3.4904,0.03584481896333054
24,2020-02-14,367.03,355.72,376.91,345.57,341301,98.4776,3.5299,0.03584469970836007
25,2020-02-17,361.43,362.8,362.83,352.41,236660,98.3187,3.5242,0.03584465620477081
26,2020-02-18,363.81,370.66,374.35,360.54,253174,99.8283,3.5783,0.03584454508390907
27,2020-02-19,364.44,376.25,383.28,357.12,299023,101.3974,3.6346,0.03584510056470876
28,2020-02-20,384.65,399.38,399.38,376.25,298212,102.6885,3.6808,0.03584432531393486
29,2020-02-21,394.17,406.67,409.59,392.68,238740,102.2018,3.6634,0.035844769857282355
30,2020-02-24,406.7,442.41,447.74,406.07,296587,105.8565,3.7944,0.0358447520936362
31,2020-02-25,435.78,487.41,487.41,428.4,383625,107.4654,3.8521,0.03584502546866247
32,2020-02-26,483.46,456.67,503.93,444.02,346660,109.3523,3.9197,0.035844696453572536
33,2020-02-27,468.54,432.62,472.65,431.73,292527,116.4034,4.1725,0.035845172907320574
34,2020-02-28,407.21,407.18,423.63,390.84,364346,116.463,4.1746,0.0358448605995037
35,2020-03-02,417.98,418.6,429.14,403.1,252982,119.492,4.2832,0.03584507749472768
36,2020-03-03,425.36,409.05,438.81,404.79,272305,125.987,4.516,0.03584496813163263
37,2020-03-04,406.01,388.87,406.01,372.38,255309,120.3163,4.3127,0.03584468604835754
38,2020-03-05,397.15,386.76,398.57,373.34,199479,116.0558,4.16,0.03584482636800573
39,2020-03-06,376.37,381.91,391.19,373.72,113109,117.903,4.2262,0.03584471981204889
40,2020-03-09,367.38,342.95,375.06,342.95,239197,118.7968,4.2583,0.03584524162266997
41,2020-03-10,344.5,370.84,371.34,344.5,271151,115.4302,4.1376,0.035845038819996844
42,2020-03-11,375.87,350.42,375.87,349.7,222901,116.1055,4.1618,0.035844985810319065
43,2020-03-26,314.61,314.61,331.28,314.61,404317,119.353,4.2782,0.03584493058406576
44,2020-03-27,319.76,306.55,322.09,306.37,182776,119.3033,4.2764,0.035844775458851515
45,2020-03-30,295.95,298.28,300.27,279.08,230335,122.7197,4.3989,0.03584510066435952
46,2020-03-31,304.67,294.47,307.77,290.69,160852,123.3851,4.4227,0.03584468464992937
47,2020-04-01,290.0,295.95,303.93,288.51,157932,122.0146,4.3736,0.03584489069340882
48,2020-04-02,294.14,320.42,321.7,294.14,269493,121.081,4.3401,0.035844599895937426
49,2020-04-03,316.79,310.81,319.61,308.19,155884,122.6402,4.396,0.03584469040330985
50,2020-04-07,328.69,316.94,331.61,313.51,196218,121.3591,4.3501,0.035844860418378185
51,2020-04-08,313.81,322.59,328.63,312.2,151601,119.353,4.2782,0.03584493058406576
52,2020-04-09,324.5,314.64,327.2,311.67,125587,116.2048,4.1653,0.03584447458280553
53,2020-04-10,313.51,298.33,313.63,294.94,145974,116.4928,4.1757,0.035845133776508074
54,2020-04-13,290.0,267.77,290.0,267.74,287920,125.7189,4.5064,0.03584504796017146
55,2020-04-14,272.74,279.97,280.03,263.36,213531,135.6401,4.862,0.035844857088722294
56,2020-04-15,278.99,280.39,291.64,276.64,231191,136.385,4.8887,0.03584485097334751
57,2020-04-16,276.61,283.72,286.34,272.17,130255,135.0939,4.8424,0.03584469765104124
58,2020-04-17,290.0,286.76,297.08,284.56,215368,136.1168,4.8791,0.035844950806954025
59,2020-04-20,284.05,284.5,288.72,279.58,132588,135.9679,4.8737,0.03584448976559909
60,2020-04-21,283.78,281.07,283.84,273.51,142620,137.11,5.0724,0.03699511341258843
61,2020-04-22,280.66,281.76,286.31,277.44,130231,137.0802,5.0713,0.03699513131728725
62,2020-04-23,284.08,272.56,285.21,272.14,171721,135.9579,5.0298,0.036995275743447055
63,2020-04-24,271.82,265.45,274.76,264.29,127031,133.1276,4.925,0.036994582641015086
64,2020-04-27,267.44,272.77,275.03,260.78,143410,135.084,4.9974,0.03699475881673625
65,2020-04-28,272.14,281.07,284.05,264.73,245341,137.7257,5.0951,0.03699454785853331
66,2020-04-29,276.67,281.1,285.78,276.34,185391,134.6073,4.9798,0.03699502181531016
67,2020-04-30,289.82,309.97,309.97,289.82,303484,135.6203,5.0173,0.03699519909630048
68,2020-05-06,322.44,332.41,338.28,316.49,452661,131.9557,4.8817,0.03699499150093554
69,2020-05-07,337.62,320.78,341.31,319.88,378681,135.9381,5.029,0.036994779241434156
70,2020-05-08,326.04,332.56,339.11,326.04,310356,139.0267,5.1433,0.03699505202957418
71,2020-05-11,337.86,329.88,340.66,325.72,233187,135.4614,5.0114,0.03699504065364746
72,2020-05-12,328.72,325.69,330.18,317.03,233039,133.2765,4.9306,0.036995269233510784
73,2020-05-13,322.44,324.11,328.25,318.84,167488,136.6531,5.0555,0.036995135858608405
74,2020-05-14,321.25,323.45,327.56,320.24,176381,135.3621,5.0077,0.03699484567689183
75,2020-05-15,325.72,340.48,348.19,320.27,382786,137.0504,5.0702,0.03699514922977241
76,2020-05-18,346.46,317.23,346.46,317.09,418507,136.0672,5.0338,0.036994955433785656
77,2020-05-19,318.28,324.88,329.85,313.25,240664,143.8036,5.32,0.03699490137938133
78,2020-05-20,322.74,313.9,327.8,310.21,265857,147.0908,5.4416,0.03699483584289432
79,2020-05-21,313.78,293.57,315.3,292.98,298640,146.9816,5.4376,0.03699510687051985
80,2020-05-22,290.03,288.99,296.73,285.78,206241,152.4536,5.64,0.03699486269920815
81,2020-05-25,284.35,281.97,291.13,281.1,146793,151.0037,5.5864,0.036995119987126145
82,2020-05-26,285.54,291.1,292.03,284.05,154959,149.1466,5.5177,0.03699514437472929
83,2020-05-27,291.16,281.13,291.67,279.14,171662,146.4055,5.4163,0.036995194852652395
84,2020-05-28,280.66,285.27,285.69,275.57,143741,121.0208,6.9132,0.057124064623601895
85,2020-05-29,280.48,283.39,284.94,279.88,114528,120.7499,6.8977,0.05712385683135142
86,2020-06-01,288.22,298.93,302.41,288.22,227644,122.6733,7.0076,0.05712408486606295
87,2020-06-02,302.5,299.38,303.39,295.36,168520,128.579,7.3449,0.05712363605254357
88,2020-06-03,301.91,309.85,323.28,294.7,293347,131.8027,7.5291,0.057124019462423764
89,2020-06-04,313.22,309.38,315.3,306.55,157017,132.7418,7.5827,0.05712367920278314
90,2020-06-05,314.56,315.92,321.25,312.17,212686,129.0756,7.3733,0.0571238870863277
91,2020-06-08,324.32,310.45,326.61,310.27,199027,119.8938,6.9901,0.05830243098475484
92,2020-06-09,316.28,319.64,321.49,311.76,180073,116.5672,6.7962,0.05830285020142888
93,2020-06-11,328.01,322.98,335.78,318.31,289502,125.22,7.3007,0.05830298674333174
94,2020-06-12,309.35,310.84,322.98,308.93,239601,139.1363,8.112,0.058302542183456076
95,2020-06-15,306.37,311.07,323.99,306.37,221800,147.9506,8.6259,0.05830256856004639
96,2020-06-16,317.8,319.76,322.41,314.97,193034,143.4942,8.3661,0.058302704917690046
97,2020-06-17,320.98,311.04,321.28,308.28,196362,143.4942,8.3661,0.058302704917690046
98,2020-06-18,311.73,315.92,319.26,309.64,222907,130.4476,7.6054,0.05830233749030263
99,2020-06-19,316.19,338.13,347.38,312.32,438067,129.2102,7.4747,0.057849148132268206
100,2020-06-22,344.11,358.45,364.29,341.28,410731,129.0309,7.4643,0.05784893386002887
101,2020-06-23,355.48,367.12,372.8,349.82,333278,117.3204,6.7869,0.05784927429500752
102,2020-06-24,368.37,367.95,375.45,363.96,249954,117.6432,6.8055,0.0578486474356359
103,2020-06-29,365.24,361.07,373.9,358.48,224757,118.2529,6.8408,0.05784889842025016
104,2020-06-30,366.64,367.23,372.0,363.48,222612,112.9356,6.5332,0.057848897956003245
105,2020-07-01,367.2,384.88,394.08,366.49,316446,111.0795,6.4258,0.057848657943184834
106,2020-07-02,380.78,382.86,393.34,379.88,238947,113.1508,6.5457,0.057849347949815645
107,2020-07-03,382.95,381.79,387.86,372.71,220234,112.8998,6.5311,0.057848641007335715
108,2020-07-06,384.05,420.66,420.72,383.6,334181,110.2905,6.3802,0.05784904411531366
109,2020-07-07,429.88,421.25,448.28,421.25,338906,104.1662,6.0259,0.05784889916306825
110,2020-07-08,417.83,425.81,430.27,410.98,242085,97.477,5.639,0.05784954399499369
111,2020-07-09,429.14,469.11,469.11,429.14,352144,96.0065,5.5539,0.057849208126533096
112,2020-07-10,477.95,469.11,485.63,454.17,330443,98.6337,5.7059,0.05784939630166971
113,2020-07-13,469.38,483.9,492.09,460.33,273165,96.0155,5.5544,0.05784899313131734
114,2020-07-14,483.75,454.65,483.75,440.06,402290,95.9437,5.5503,0.05784955135146966
115,2020-07-15,453.57,408.46,453.57,408.46,492677,99.6021,5.7619,0.05784918189475925
116,2020-07-16,399.85,379.73,412.03,373.78,404878,98.5979,5.7038,0.05784910226282711
117,2020-07-17,382.71,390.78,397.2,374.85,274043,95.8272,5.5435,0.05784891972216656
118,2020-07-20,424.38,418.25,426.43,409.79,329906,97.477,5.639,0.05784954399499369
119,2020-07-21,421.31,430.33,438.99,414.85,227630,95.5044,5.5248,0.057848643622702194
120,2020-07-22,423.51,427.24,437.15,421.4,221050,95.6478,5.5331,0.057848690717402805
121,2020-07-23,418.66,416.61,422.29,405.45,250685,92.4916,5.3505,0.057848496512115696
122,2020-07-24,409.5,397.15,422.47,392.95,233564,92.3571,5.3428,0.05784936945833077
123,2020-07-27,397.12,390.81,402.95,385.75,164149,87.6764,5.072,0.05784909051922752
124,2020-07-28,397.59,391.7,399.05,386.58,133823,88.2413,5.1047,0.05784932905566895
125,2020-07-29,409.5,431.58,431.58,403.54,317558,86.995,5.0326,0.05784930168400483
126,2020-07-30,436.25,439.79,450.57,433.31,309795,89.9988,5.2063,0.057848549091765664
127,2020-07-31,436.28,445.36,458.54,435.39,270518,87.246,5.0471,0.0578490704444903
128,2020-08-03,448.34,449.71,457.0,440.39,264217,89.3622,5.1695,0.05784884436596234
129,2020-08-04,455.48,433.31,455.6,429.91,245290,90.743,5.2494,0.057849090287956095
130,2020-08-05,449.77,433.63,449.82,431.79,202793,96.8673,5.6037,0.05784924324307584
131,2020-08-06,427.95,423.78,431.37,418.43,194176,100.176,5.7951,0.0578491854336368
132,2020-08-07,409.62,400.6,409.62,391.82,264762,97.8716,5.6618,0.05784926372921256
133,2020-08-10,394.73,403.54,407.92,393.6,132549,104.8746,6.0669,0.05784908833978866
134,2020-08-11,405.63,398.48,408.99,397.29,113356,99.7456,5.7702,0.057849168284114794
135,2020-08-12,394.68,402.35,402.35,382.71,165896,99.9429,5.7816,0.057849031797156183
136,2020-08-13,401.4,392.23,403.19,391.64,110769,100.4181,5.8091,0.057849132775864114
137,2020-08-14,392.26,398.78,400.12,390.69,92422,101.6824,5.8822,0.057848752586484975
138,2020-08-17,400.27,409.47,409.71,396.1,124179,102.4894,5.9289,0.057848909253054456
139,2020-08-18,409.38,400.21,409.5,398.54,111828,98.9386,5.7235,0.05784900938561896
140,2020-08-19,397.59,388.28,397.59,387.98,110957,102.4446,5.9263,0.05784882756143321
141,2020-08-20,385.3,399.26,406.16,384.26,147633,95.6837,5.5352,0.05784893351741205
142,2020-08-21,404.05,396.22,409.44,393.13,108123,86.986,5.1461,0.05916009472788724
143,2020-08-24,393.31,405.57,410.3,390.6,136473,86.977,5.1456,0.05916046770985433
144,2020-08-25,403.57,397.65,407.23,397.38,101123,84.4753,4.9976,0.05916048833209234
145,2020-08-26,397.68,391.79,402.92,390.39,119015,82.2695,4.8671,0.059160442205191476
146,2020-08-27,391.79,400.27,401.76,388.31,110182,84.4126,4.9938,0.05915941458976504
147,2020-08-28,400.6,403.63,403.63,391.94,141547,87.1833,5.1578,0.05916041260195473
148,2020-08-31,403.69,403.72,421.31,403.66,196310,1786.8335,5.1051,0.002857065305748969
149,2020-09-01,400.57,400.3,402.92,394.7,100021,1808.0176,5.1656,0.002857051834008696
150,2020-09-02,402.06,400.75,408.01,400.57,102305,1822.0175,5.2056,0.0028570526902183977
151,2020-09-03,402.59,397.68,402.65,392.23,111900,1803.2282,5.1519,0.002857042719274244
152,2020-09-04,390.15,401.55,408.25,388.72,149691,1782.5967,5.093,0.002857068006464951
153,2020-09-07,405.03,399.32,419.91,391.64,205382,1780.0177,5.0856,0.0028570502416914167
154,2020-09-08,394.02,369.59,397.29,359.88,283265,1704.4918,4.8699,0.0028570979338240292
155,2020-09-09,358.9,341.94,358.9,337.77,201059,1893.6751,5.4104,0.0028570898988955393
156,2020-09-10,347.29,341.07,349.94,339.76,104429,1994.622,5.6988,0.002857082695367844
157,2020-09-11,340.75,350.51,351.31,338.28,100892,2043.806,5.8393,0.002857071561586569
158,2020-09-14,355.92,356.52,366.82,352.53,113330,2008.8061,5.7393,0.002857070177156471
159,2020-09-15,353.19,360.36,363.22,350.3,91469,1970.8589,5.8882,0.0029876314331787023
160,2020-09-16,360.39,355.69,363.37,354.14,65429,2030.3586,6.0659,0.0029876003184856116
161,2020-09-17,352.65,358.48,362.89,348.34,103562,1878.9383,5.6136,0.0029876446714615377
162,2020-09-18,361.58,362.59,362.62,357.68,78802,1869.7278,5.586,0.0029876006550258283
163,2020-09-21,363.51,360.6,369.38,360.6,79011,1893.3067,5.6565,0.0029876300548664406
164,2020-09-22,355.92,350.36,358.9,349.67,92044,1944.517,5.8095,0.002987631375812091
165,2020-09-23,352.95,350.51,355.48,345.69,86847,1994.4378,5.9586,0.0029876088389419815
166,2020-09-24,347.06,340.78,350.24,340.75,90727,2216.042,6.6207,0.002987623880774823
167,2020-09-25,342.83,338.75,343.96,337.03,63229,2342.4098,6.9982,0.0029876070361385954
168,2020-09-28,339.32,348.84,353.78,337.03,106381,2169.8053,6.4826,0.002987641333533474
169,2020-09-29,351.37,346.16,352.59,344.91,67674,2410.9358,7.203,0.002987636584931046
170,2020-09-30,348.69,340.63,349.08,340.24,72025,2440.9619,7.2927,0.0029876336865397204
171,2020-10-09,348.34,353.4,355.33,346.22,91454,2454.0408,7.3317,0.002987603140094492
172,2020-10-12,357.68,370.39,370.66,355.92,123386,2578.935,7.7049,0.002987628614137231
173,2020-10-13,367.83,350.92,367.83,341.37,255503,2638.0662,7.8815,0.002987605087393182
174,2020-10-14,347.0,341.85,347.0,340.33,143055,2567.3297,7.6702,0.0029876178349823946
175,2020-10-15,341.04,341.67,343.57,338.45,83976,2724.829,8.1408,0.002987637022359935
176,2020-10-16,341.01,320.54,343.42,316.67,225824,2873.6704,8.5854,0.0029876077646204657
177,2020-10-19,316.67,314.88,322.56,311.43,121872,3063.9589,9.154,0.002987637986919472
178,2020-10-20,313.87,310.06,313.9,300.86,139786,2785.434,8.3218,0.0029876134203861942
179,2020-10-21,310.75,299.11,311.58,297.35,138152,2564.1982,7.6609,0.0029876395670194295
180,2020-10-22,297.89,300.57,303.36,290.39,121431,2519.0668,7.526,0.0029876143022487534
181,2020-10-23,300.86,296.7,305.06,294.58,96425,2375.9359,7.0984,0.002987622687968981
182,2020-10-26,292.38,292.0,299.85,288.69,80789,2341.3045,6.9949,0.0029876079766642913
183,2020-10-27,290.45,287.47,291.94,283.84,186094,2292.6732,6.8496,0.0029876041644312846
184,2020-10-28,287.89,287.95,291.04,282.41,157387,2248.8313,6.7187,0.0029876407358791213
185,2020-10-29,283.01,284.64,286.01,281.76,121711,2339.094,6.9883,0.002987609732657174
186,2020-10-30,286.28,292.23,303.04,286.28,252200,2236.305,6.6812,0.0029876067888771883
187,2020-11-02,278.54,298.07,301.97,267.77,327248,2228.9366,6.6592,0.002987613016897834
188,2020-11-03,290.12,298.6,307.26,287.5,273046,2165.5685,6.4699,0.002987621957005747
189,2020-11-04,299.38,299.88,303.84,294.58,152381,2249.1997,6.7198,0.0029876404482892293
190,2020-11-05,304.73,305.21,308.34,297.74,180106,2179.2,6.5106,0.002987610132158591
191,2020-11-06,305.33,306.19,308.31,299.97,164149,2173.6737,6.4941,0.002987614930428611
192,2020-11-09,312.17,337.53,337.53,312.17,281729,2251.0418,6.7253,0.0029876388790292564
193,2020-11-10,342.03,331.46,342.03,329.14,272682,2072.3584,6.1914,0.002987610637233405
194,2020-11-11,327.65,311.28,331.46,311.04,213791,2302.6205,6.8794,0.0029876395176712794
195,2020-11-12,316.76,314.32,318.19,310.03,109701,2399.3306,7.1683,0.0029876249650631725
196,2020-11-13,311.28,319.7,322.56,310.12,130846,2357.6992,7.0439,0.0029876160623034526
197,2020-11-16,319.61,311.58,319.61,309.76,109950,2228.9366,6.6592,0.002987613016897834
198,2020-11-17,311.49,307.35,311.49,294.32,188760,2026.306,6.0538,0.0029876040440091475
199,2020-11-18,303.84,307.41,310.45,300.86,105305,2035.1481,6.0803,0.0029876449777782757
200,2020-11-19,301.46,310.69,316.31,301.46,108042,2026.306,6.0538,0.0029876040440091475
201,2020-11-20,309.79,307.44,315.39,305.39,81256,1961.8327,5.8612,0.0029876145911932246
202,2020-11-23,308.01,307.83,311.85,302.65,102593,2034.0428,6.077,0.0029876460809969193
203,2020-11-24,307.35,307.62,313.96,305.84,102328,1849.0964,5.5244,0.002987621413356275
204,2020-11-25,309.79,300.89,310.45,300.89,103772,1724.018,5.1507,0.0029876138184172086
205,2020-11-26,300.86,294.79,303.07,293.07,107337,1670.413,4.9906,0.002987644372978419
206,2020-11-27,293.13,299.38,300.21,289.61,94308,1693.8076,5.0605,0.0029876474754275515
207,2020-11-30,305.33,306.52,307.11,300.86,110407,1699.5181,5.0775,0.0029876116059016963
208,2020-12-01,303.22,308.16,309.32,302.59,98230,1705.4128,5.0951,0.0029876051123810025
