,日期,开盘,收盘,最高,最低,成交量,pe,pb,roe
0,2020-01-03,265.08,264.05,265.31,261.99,48305,112.316,23.8097,0.21198849674133693
1,2020-01-06,264.6,260.79,264.6,259.36,65462,108.2068,22.9386,0.2119885256749114
2,2020-01-07,261.05,261.99,264.08,260.08,36738,115.2114,24.4235,0.21198857057548126
3,2020-01-08,260.79,264.23,265.23,259.53,53486,114.7123,24.3177,0.21198860104801315
4,2020-01-09,264.23,275.04,278.21,263.4,112671,114.9101,24.3596,0.211988328267054
5,2020-01-10,275.01,282.82,289.68,274.84,89936,119.4869,25.3298,0.21198809241849942
6,2020-01-13,282.76,285.68,292.48,282.76,76287,119.9995,25.4385,0.21198838328493036
7,2020-01-14,285.68,283.56,287.65,282.24,40959,120.9391,25.6377,0.2119885132269051
8,2020-01-15,284.56,288.39,290.88,283.7,53930,116.8613,24.7732,0.21198805763755837
9,2020-01-16,289.54,292.22,293.37,285.39,50046,116.4342,24.6827,0.21198840203307961
10,2020-01-17,293.0,289.94,294.63,288.11,28939,119.95,25.428,0.2119883284701959
11,2020-01-20,289.99,287.68,291.82,285.85,42115,122.8319,26.0389,0.21198809104149655
12,2020-01-21,284.76,283.67,287.48,279.96,40317,112.4419,23.8364,0.21198859144144666
13,2020-01-22,283.64,286.48,289.97,279.27,45170,114.6449,24.3034,0.21198849665357986
14,2020-01-23,287.08,275.61,289.39,273.01,49280,113.0938,23.9746,0.21198863244492624
15,2020-02-03,249.38,249.38,249.38,249.38,11596,112.307,23.8078,0.2119885670528106
16,2020-02-04,229.33,241.49,247.55,229.33,170180,105.8734,22.4439,0.21198809143750932
17,2020-02-05,242.2,245.86,249.35,235.34,99524,105.5362,22.3724,0.2119879245225809
18,2020-02-06,243.03,249.1,249.35,242.26,57832,105.289,22.32,0.21198795695656716
19,2020-02-07,252.04,257.1,258.99,248.38,60495,104.0706,22.0617,0.2119878236504834
20,2020-02-10,256.22,258.79,262.65,250.21,63711,101.6023,21.5385,0.2119883112882287
21,2020-02-11,256.88,263.37,267.51,256.88,50952,103.2164,21.8807,0.21198859871105757
22,2020-02-12,263.37,263.91,266.34,260.28,48180,101.2112,21.4556,0.21198839654109425
23,2020-02-13,265.66,264.65,266.68,262.94,28018,103.6749,24.2643,0.23404218378797567
24,2020-02-14,265.28,263.22,265.94,262.19,31704,100.4829,23.5172,0.23404181208942018
25,2020-02-17,265.03,263.37,265.54,261.37,42071,93.8604,21.9673,0.2340422585030535
26,2020-02-18,263.65,261.25,264.71,258.68,42877,91.4911,21.4127,0.2340413439121401
27,2020-02-19,261.28,264.65,265.94,258.08,65933,93.5142,21.8862,0.23404146108291574
28,2020-02-20,264.03,274.32,275.52,263.14,75557,95.6678,22.3902,0.23404112982633654
29,2020-02-21,270.8,271.55,273.66,269.57,37265,95.8296,22.4281,0.2340414652675165
30,2020-02-24,267.97,266.89,270.52,262.22,47537,96.2118,22.5176,0.23404197821888795
31,2020-02-25,262.14,262.45,265.51,259.71,33692,93.6221,21.9115,0.23404196231445354
32,2020-02-26,259.74,262.65,266.23,259.74,42150,97.084,22.7217,0.2340416546495818
33,2020-02-27,261.68,270.63,274.52,261.68,77137,99.6826,23.3299,0.23404184882818063
34,2020-02-28,259.42,260.08,268.8,258.53,48536,99.5162,23.2909,0.23404129176958124
35,2020-03-02,261.08,269.09,272.03,258.73,65681,98.5946,23.0752,0.23404121523896845
36,2020-03-03,269.37,275.09,277.1,269.37,53033,97.3582,22.7859,0.23404191942743396
37,2020-03-04,273.06,273.83,276.21,267.94,44926,89.8007,21.0171,0.23404160546632707
38,2020-03-05,273.86,299.89,299.89,273.86,152497,89.1038,20.854,0.2340416458108408
39,2020-03-06,295.97,288.54,305.7,287.65,99683,88.4249,20.6951,0.2340415425971644
40,2020-03-09,285.05,270.8,285.05,264.2,133989,88.3889,20.6867,0.2340418310443958
41,2020-03-10,265.94,283.24,286.53,263.68,126508,88.5418,20.7225,0.23404200050145807
42,2020-03-11,282.24,281.67,289.91,276.81,66041,89.1263,20.8593,0.2340420279984696
43,2020-03-12,278.24,273.66,278.24,268.52,50084,89.1577,20.8666,0.23404147931137745
44,2020-03-13,260.65,272.86,276.61,256.79,60564,88.3845,20.6856,0.2340410366070974
45,2020-03-16,268.66,262.31,270.09,259.02,65996,89.1488,20.8645,0.2340412882730895
46,2020-03-17,260.79,258.31,265.08,243.92,52211,89.4365,20.9319,0.2340420298200399
47,2020-03-18,261.25,253.1,264.97,251.36,53294,88.924,20.8119,0.23404142863568891
48,2020-03-19,253.1,242.78,253.64,233.62,60972,93.5098,21.8852,0.23404177957818326
49,2020-03-20,246.35,251.41,253.93,246.35,52636,94.346,22.0809,0.23404171877981048
50,2020-03-23,250.5,245.03,250.78,242.23,35538,95.1328,22.265,0.23404125601264758
51,2020-03-24,250.21,254.02,256.5,246.21,48857,94.4224,22.0988,0.23404192225573595
52,2020-03-25,262.51,261.94,264.8,258.39,45375,88.4204,20.6941,0.23404214412058755
53,2020-03-26,260.62,267.14,269.37,259.39,54809,84.5585,19.7902,0.2340415215501694
54,2020-03-27,270.8,271.75,276.75,270.46,44085,84.491,19.7744,0.23404149554390408
55,2020-03-30,270.66,265.25,273.32,263.05,34335,85.5341,20.0185,0.23404116019225082
56,2020-03-31,270.43,271.32,275.35,266.8,44620,87.1661,20.4005,0.23404167445830432
57,2020-04-01,269.95,272.38,275.75,267.51,38327,89.0229,20.8351,0.23404202738845847
58,2020-04-02,271.46,274.26,276.47,267.37,37320,88.2001,20.6425,0.23404168475999457
59,2020-04-03,273.95,273.06,278.04,270.23,36469,87.6696,20.5183,0.23404121839269257
60,2020-04-07,275.98,274.52,281.87,274.06,49535,88.6677,20.7519,0.23404125741391735
61,2020-04-08,275.09,277.75,278.95,272.4,39889,86.9413,20.3479,0.2340418190204195
62,2020-04-09,278.81,281.67,281.84,277.44,35898,85.633,20.0417,0.2340417829575047
63,2020-04-10,282.07,280.76,287.96,278.9,33438,84.5675,19.7923,0.23404144618204395
64,2020-04-13,278.24,281.41,284.1,277.44,26173,83.8751,19.6303,0.23404204585151014
65,2020-04-14,288.45,288.25,290.17,282.24,35774,79.9322,19.6325,0.2456144082109588
66,2020-04-15,293.48,288.16,296.94,286.7,37011,77.383,19.0064,0.24561466988873526
67,2020-04-16,286.05,286.99,289.22,284.7,20288,75.1081,18.4477,0.24561531978574885
68,2020-04-17,285.65,292.11,297.29,285.65,43151,77.0728,18.9302,0.2456145358673877
69,2020-04-20,292.11,294.23,294.77,290.54,33371,77.5629,19.0506,0.24561484936741662
70,2020-04-21,291.8,289.91,293.4,287.28,23625,77.1043,18.9379,0.24561405784113208
71,2020-04-22,290.48,298.26,302.66,288.48,53457,75.0362,18.43,0.24561478326461098
72,2020-04-23,299.06,296.89,305.12,295.4,30621,72.9951,17.9287,0.24561511663111635
73,2020-04-24,298.14,299.4,301.69,293.4,27097,72.5365,17.816,0.24561427695022503
74,2020-04-27,296.74,297.46,299.4,289.97,39229,74.726,18.3538,0.24561464550491127
75,2020-04-28,310.84,325.86,325.86,305.07,107742,75.0227,18.4267,0.2456149938618578
76,2020-04-29,323.14,309.38,327.4,302.41,99670,75.1891,18.4675,0.24561405842070197
77,2020-04-30,307.98,320.31,320.65,304.12,66006,76.4974,18.7889,0.24561488364310424
78,2020-05-06,315.13,317.36,320.28,314.19,59623,80.0356,19.6579,0.2456144515690518
79,2020-05-07,317.36,323.71,325.72,313.73,49356,80.2874,19.7198,0.24561512765390334
80,2020-05-08,323.71,323.28,327.06,317.99,41326,80.9303,19.8777,0.24561505394147803
81,2020-05-11,322.14,319.71,331.18,318.82,52036,81.0787,19.9141,0.24561444621090375
82,2020-05-12,322.23,331.69,333.72,319.45,52711,80.5167,19.7761,0.245614884862395
83,2020-05-13,331.69,348.77,353.37,329.72,63471,78.2283,19.214,0.24561443876448802
84,2020-05-14,348.74,347.25,352.51,344.59,33770,78.2283,19.214,0.24561443876448802
85,2020-05-15,349.17,342.82,349.17,339.1,38734,73.6694,18.0943,0.24561486858858633
86,2020-05-18,342.3,354.57,365.18,339.44,62218,73.2288,17.9861,0.24561511317951407
87,2020-05-19,358.03,358.03,362.61,352.6,49651,76.2051,18.7171,0.24561479481032106
88,2020-05-20,356.6,356.92,362.32,351.86,41899,74.9912,18.4189,0.24561415206050843
89,2020-05-21,356.72,362.18,363.75,355.23,40346,71.471,17.5543,0.24561430510276896
90,2020-05-22,357.49,350.6,358.03,345.45,51682,68.697,16.873,0.2456148012285835
91,2020-05-25,351.91,362.18,362.84,345.74,46088,70.383,17.2871,0.2456147080971257
92,2020-05-26,364.04,364.84,368.76,357.38,40440,70.3964,17.2904,0.2456148325766659
93,2020-05-27,362.32,362.95,367.67,360.86,41940,78.2193,19.2118,0.24561457338534096
94,2020-05-28,361.52,369.47,384.77,361.47,73485,74.4427,18.2842,0.24561441215861324
95,2020-05-29,370.02,379.8,383.37,367.99,44386,73.7144,18.1053,0.24561415408658283
96,2020-06-01,382.92,390.49,400.28,382.37,57163,69.4163,17.0497,0.24561522293755214
97,2020-06-02,390.92,385.0,393.15,380.88,61090,67.9777,16.6963,0.2456143705950628
98,2020-06-03,385.03,385.12,387.92,380.06,41264,67.3348,16.5384,0.24561445196243248
99,2020-06-04,386.26,394.3,395.79,382.34,44209,68.3598,16.7902,0.24561511297575472
100,2020-06-05,393.78,398.36,400.79,389.98,36571,66.1344,16.2436,0.24561499008080517
101,2020-06-08,398.56,400.56,405.22,393.35,47595,66.3367,16.2933,0.24561517229527546
102,2020-06-09,398.07,399.47,402.16,396.64,33696,68.1305,16.7339,0.24561539985762615
103,2020-06-10,398.1,399.9,402.08,396.64,31918,68.0046,16.7029,0.24561426727015526
104,2020-06-11,399.5,396.59,402.02,390.98,45468,65.1902,16.0117,0.2456151384717335
105,2020-06-12,389.41,400.36,403.42,386.23,44773,64.6372,15.8758,0.2456139808036239
106,2020-06-15,402.36,394.7,402.36,389.49,43538,62.124,15.2586,0.2456152211705621
107,2020-06-16,396.39,396.64,401.51,394.27,40963,62.2679,15.2939,0.24561451405941104
108,2020-06-17,397.5,394.81,399.5,390.92,33310,61.054,14.9958,0.24561535689717298
109,2020-06-18,396.5,394.9,398.85,391.5,27049,61.9622,15.2188,0.24561426159820018
110,2020-06-19,394.84,410.14,416.21,393.87,63672,59.9705,13.3981,0.22341151065940754
111,2020-06-22,409.54,404.37,411.23,402.94,40968,59.957,13.3951,0.22341177844121618
112,2020-06-23,404.57,412.09,415.38,404.37,54798,60.2448,13.4594,0.22341181313573955
113,2020-06-24,414.38,411.17,420.67,407.8,43824,59.939,13.3911,0.22341213567126578
114,2020-06-29,412.09,427.16,429.82,409.51,56292,60.8292,13.5899,0.2234107961308056
115,2020-06-30,427.16,430.68,438.0,424.96,46844,60.2358,13.4574,0.2234119908758579
116,2020-07-01,428.79,448.58,458.71,428.53,60419,60.7573,13.5739,0.22341183693152922
117,2020-07-02,448.72,449.38,459.28,439.6,69559,60.6898,13.5588,0.22341151231343653
118,2020-07-03,444.98,437.97,447.27,420.84,72235,60.8607,13.597,0.22341182405065993
119,2020-07-06,436.4,436.68,441.2,426.39,93930,60.5145,13.5196,0.22341091804443564
120,2020-07-07,436.4,450.84,454.7,429.25,101697,59.8761,13.377,0.2234113444262402
121,2020-07-08,444.52,444.32,450.15,439.4,54754,58.4329,13.0546,0.22341181081205966
122,2020-07-09,444.83,448.41,450.7,442.92,64661,58.4149,13.0506,0.2234121773725539
123,2020-07-10,448.41,457.56,463.57,444.32,61841,59.2781,13.2434,0.22341134415576747
124,2020-07-13,457.59,484.9,488.74,452.56,70396,57.5967,12.8678,0.22341210520741642
125,2020-07-14,482.96,489.54,492.48,474.06,55900,55.9737,12.5052,0.22341206673848613
126,2020-07-15,486.53,513.56,513.79,486.45,65012,54.9486,12.2761,0.22341060554773007
127,2020-07-16,506.5,463.8,510.19,463.8,101483,55.2453,12.3424,0.22341086029037763
128,2020-07-17,455.04,463.71,477.58,445.26,65576,54.8272,12.249,0.22341100767502264
129,2020-07-20,463.71,452.99,467.57,430.73,77524,53.0064,11.8422,0.22341075794621026
130,2020-07-21,451.84,470.63,479.24,449.27,52217,54.8272,12.249,0.22341100767502264
131,2020-07-22,467.86,493.03,498.97,462.71,51289,54.0,12.0642,0.22341111111111112
132,2020-07-23,487.88,500.75,502.18,485.05,49372,54.1753,12.1034,0.22341177621536015
133,2020-07-24,498.75,481.81,498.75,473.55,65077,53.6313,11.9818,0.22341058299910685
134,2020-07-27,476.49,484.62,490.39,476.41,42324,51.7835,11.569,0.22341093205364645
135,2020-07-28,481.7,513.62,513.62,481.7,73553,52.4804,11.7247,0.2234110258305958
136,2020-07-29,515.05,513.62,516.48,496.03,63518,52.7187,11.7779,0.22341028894870324
137,2020-07-30,510.19,528.17,541.07,507.87,57769,50.0346,11.1783,0.22341139931167633
138,2020-07-31,527.69,531.75,535.07,516.48,45519,48.1508,10.7574,0.22341061830748402
139,2020-08-03,536.5,530.81,538.07,522.4,43660,48.7128,10.883,0.22341150580545563
140,2020-08-04,530.92,526.72,539.93,523.63,48627,48.7803,10.8981,0.223411910135854
141,2020-08-05,522.2,525.11,527.92,513.62,41289,47.7822,10.6751,0.22341164701499722
142,2020-08-06,524.77,502.61,525.4,496.46,76480,48.2453,10.7785,0.22341036328927374
143,2020-08-07,501.89,494.28,505.61,479.67,67302,46.5278,10.3948,0.22341052016213964
144,2020-08-10,494.74,493.23,497.43,477.87,45785,49.1175,10.9734,0.22341120781798748
145,2020-08-11,492.65,491.34,506.35,489.31,41596,59.0156,11.8489,0.2007757270958865
146,2020-08-12,491.6,477.41,492.17,465.28,49470,59.4197,11.93,0.2007751637924796
147,2020-08-13,479.33,480.33,489.02,473.52,37055,58.8968,11.825,0.20077491476616727
148,2020-08-14,480.01,493.31,496.11,477.58,45825,59.182,11.8823,0.2007755736541516
149,2020-08-17,496.43,506.47,513.56,494.51,50286,57.4469,11.5339,0.20077497654355586
150,2020-08-18,505.07,509.38,516.91,497.09,37971,58.3442,11.7141,0.20077574120478128
151,2020-08-19,505.61,506.27,516.65,501.03,36885,57.9045,11.6258,0.2007754146914316
152,2020-08-20,504.18,493.77,504.18,490.74,29896,56.8409,11.4122,0.200774442346972
153,2020-08-21,493.8,508.24,514.76,493.8,36552,57.0845,11.4611,0.20077429074442274
154,2020-08-24,510.47,524.46,525.29,508.61,55662,57.1023,11.4647,0.20077474987872643
155,2020-08-25,527.92,549.54,559.38,527.92,78465,55.6822,11.1796,0.20077511305228601
156,2020-08-26,553.37,553.94,567.56,544.73,56289,55.5455,11.1522,0.2007759404452206
157,2020-08-27,549.2,560.72,564.53,541.24,48069,55.7356,11.1903,0.20077472925742257
158,2020-08-28,556.37,569.04,587.98,553.66,70493,54.9216,11.0269,0.20077528695449512
159,2020-08-31,575.39,580.03,594.21,565.18,64168,54.2502,10.8921,0.20077529668093388
160,2020-09-01,576.54,573.68,576.54,553.66,67393,53.9471,10.8312,0.200774462390008
161,2020-09-02,573.71,577.05,581.97,565.1,46252,54.1967,10.8813,0.20077421688036357
162,2020-09-03,576.74,582.29,593.5,573.73,50568,53.8045,10.8026,0.20077502811103162
163,2020-09-04,567.96,570.47,573.68,550.28,68130,53.5847,10.7585,0.20077559452604943
164,2020-09-07,565.1,560.09,576.19,557.55,54027,52.325,10.5055,0.20077400860009553
165,2020-09-08,559.86,553.46,570.62,545.74,46213,53.6738,10.7764,0.2007757975026922
166,2020-09-09,547.94,553.89,563.67,542.22,47678,52.7171,10.5843,0.20077545995511895
167,2020-09-10,566.53,578.45,584.77,566.53,61631,51.6357,10.3672,0.2007758198300788
168,2020-09-11,574.54,616.63,619.44,574.54,71762,49.9898,10.0367,0.20077495809145063
169,2020-09-14,619.44,621.15,625.19,606.14,66379,48.124,9.6621,0.200775081040645
170,2020-09-15,616.55,616.15,620.98,608.0,38651,49.449,9.9281,0.20077453537988638
171,2020-09-16,619.44,610.83,628.3,606.54,41504,47.6546,9.5679,0.20077600063792372
172,2020-09-17,602.05,581.66,608.54,576.99,66784,49.7996,9.9985,0.200774705017711
173,2020-09-18,577.74,584.92,592.5,567.1,54114,50.8811,10.2157,0.20077592662108326
174,2020-09-21,583.69,583.09,587.06,569.87,31142,51.7129,10.3827,0.20077582189357007
175,2020-09-22,580.83,578.22,590.75,576.57,32345,53.9055,10.8229,0.20077543107846138
176,2020-09-23,564.01,583.14,587.69,547.39,56763,54.0719,10.8563,0.200775264046575
177,2020-09-24,582.26,582.94,592.7,579.97,39875,55.7356,11.1903,0.20077472925742257
178,2020-09-25,587.98,579.23,592.27,577.97,23947,56.0625,11.2559,0.20077413600891864
179,2020-09-28,579.11,578.25,590.55,573.82,31794,53.4777,10.737,0.2007752764236308
180,2020-09-29,584.0,578.48,586.52,575.11,19211,57.1617,11.4767,0.20077604409945818
181,2020-09-30,576.51,582.8,589.69,576.51,26297,59.5207,11.9503,0.20077552851360955
182,2020-10-09,590.98,587.23,599.56,582.26,34475,54.1075,10.8634,0.2007743843274962
183,2020-10-12,587.23,635.31,643.75,587.23,74951,54.369,10.9159,0.2007743383177914
184,2020-10-13,635.74,643.18,652.56,635.74,47697,53.1212,10.6654,0.2007748318938578
185,2020-10-14,648.58,649.04,664.05,643.23,45382,51.2495,10.2896,0.2007746417038215
186,2020-10-15,650.3,650.1,659.42,641.75,22711,53.442,10.7298,0.20077467160660153
187,2020-10-16,656.05,633.57,659.28,632.31,35770,51.7842,10.397,0.2007755261257295
188,2020-10-19,642.15,611.54,643.63,605.17,55279,51.7426,10.3886,0.20077460351818424
189,2020-10-20,609.97,628.02,630.62,607.28,43711,52.6636,10.5736,0.20077624773088054
190,2020-10-21,630.88,625.59,632.31,617.06,29536,53.6322,10.768,0.20077490761147224
191,2020-10-22,627.93,624.56,630.53,605.08,43437,54.2086,10.8837,0.20077441586759295
192,2020-10-23,624.5,610.86,625.16,602.31,36756,52.2002,10.4805,0.20077509281573633
193,2020-10-26,572.88,597.99,604.45,569.39,42610,51.4931,10.3385,0.20077447269634185
194,2020-10-27,598.02,613.06,614.29,596.19,37249,51.9328,10.4268,0.2007748474952246
195,2020-10-28,616.18,655.19,667.43,609.08,68359,51.9031,10.4208,0.2007741348782635
196,2020-10-29,655.13,675.49,687.19,649.3,80335,52.2002,10.4805,0.20077509281573633
197,2020-10-30,695.28,659.82,698.06,655.19,70003,52.0457,10.4495,0.20077547232528337
198,2020-11-02,670.92,672.58,687.16,665.51,58449,51.9328,10.4268,0.2007748474952246
199,2020-11-03,672.38,662.31,677.75,650.27,57495,50.9821,10.2359,0.20077438944256906
200,2020-11-04,661.77,678.01,680.93,656.62,46822,50.6315,10.1655,0.20077422158142658
201,2020-11-05,682.36,685.76,694.37,676.64,47492,48.9677,9.9025,0.20222514024550878
202,2020-11-06,685.36,687.33,689.54,669.43,34991,48.2963,9.7667,0.20222460105639561
203,2020-11-09,689.14,689.48,696.66,665.48,62194,47.3872,9.5829,0.20222549549245367
204,2020-11-10,688.08,730.41,733.49,682.5,66518,49.0272,9.9145,0.2022244794726193
205,2020-11-11,724.03,735.41,748.14,722.05,49992,54.4759,11.0164,0.20222520417285442
206,2020-11-12,726.69,745.28,745.51,720.62,35305,56.7339,11.473,0.20222477213799864
207,2020-11-13,736.98,731.26,738.13,706.1,53301,56.1516,11.3553,0.20222576026328723
208,2020-11-16,731.49,797.36,800.9,726.69,65722,56.9835,11.5235,0.20222520554195514
209,2020-11-17,791.18,779.03,823.53,768.16,75792,57.4529,11.6184,0.20222477890585155
210,2020-11-18,782.74,756.66,782.74,739.56,60305,57.9282,11.7146,0.20222620416308468
211,2020-11-19,747.57,759.38,768.36,728.12,48476,57.132,11.5535,0.2022246726878107
212,2020-11-20,759.58,785.32,801.05,756.75,39500,56.1278,11.3505,0.20222599139820197
213,2020-11-23,786.75,779.34,809.63,771.36,44540,56.5675,11.4394,0.20222565961020017
214,2020-11-24,779.57,776.08,780.17,758.15,38017,55.9733,11.3192,0.20222498941459588
215,2020-11-25,771.02,746.96,776.05,742.42,46261,54.3571,10.9924,0.20222565221470606
216,2020-11-26,743.99,745.71,759.01,719.57,43660,52.111,10.5382,0.20222601753948302
217,2020-11-27,748.82,748.88,751.51,735.98,31658,51.6476,10.4445,0.20222624090954855
218,2020-11-30,749.02,704.32,752.0,701.89,83477,51.398,10.394,0.20222576753959298
219,2020-12-01,708.07,730.46,734.07,705.58,52195,52.0754,10.531,0.20222600306478683
