,日期,开盘,收盘,最高,最低,成交量,pe,pb,roe
0,2020-01-03,307.51,304.79,308.41,303.29,197068,13.8865,1.553,0.1118352356605336
1,2020-01-06,303.89,296.05,304.19,294.25,474264,13.8718,1.5513,0.11183119710491789
2,2020-01-07,296.05,299.07,300.27,295.15,357724,14.238,1.5923,0.11183452732125299
3,2020-01-08,298.47,297.86,299.97,296.36,218343,14.1062,1.5776,0.11183734811643108
4,2020-01-09,298.47,301.78,303.29,297.86,208428,13.6521,1.5268,0.11183627427282249
5,2020-01-10,301.18,306.0,307.21,300.27,228261,13.6814,1.53,0.11183066060490886
6,2020-01-13,302.69,306.3,307.81,298.16,311276,13.7107,1.5333,0.11183236450363586
7,2020-01-14,306.0,305.1,308.11,301.48,149570,13.696,1.5317,0.11183557242990655
8,2020-01-15,303.29,300.58,304.19,299.67,126335,13.6667,1.5284,0.1118338735759181
9,2020-01-16,301.48,298.16,302.08,298.16,91847,13.6374,1.5251,0.1118321674219426
10,2020-01-17,298.16,294.85,299.07,294.25,150796,13.6931,1.5806,0.11543039925217811
11,2020-01-20,296.36,294.55,296.36,292.74,114640,13.6347,1.5739,0.11543341621011097
12,2020-01-21,293.94,286.41,294.55,286.11,210421,13.547,1.5637,0.11542776998597476
13,2020-01-22,286.41,283.4,286.41,281.29,197839,13.7516,1.5874,0.11543384042584136
14,2020-01-23,283.4,277.37,283.7,277.07,229244,14.1023,1.6278,0.11542797983307687
15,2020-02-03,253.56,262.9,265.61,253.56,336068,13.9708,1.6127,0.11543361869041142
16,2020-02-04,261.09,268.63,274.66,261.09,348078,13.8831,1.6025,0.1154281104364299
17,2020-02-05,269.23,270.13,271.34,266.52,151143,13.8977,1.6042,0.1154291717334523
18,2020-02-06,271.64,268.63,271.64,266.82,252445,13.7077,1.5823,0.11543147282184466
19,2020-02-07,267.72,271.64,272.55,266.82,151173,13.2401,1.5283,0.11542964177007727
20,2020-02-10,270.13,272.24,272.85,268.93,145162,13.1524,1.5182,0.11543140415437486
21,2020-02-11,271.34,274.35,276.16,271.04,139633,13.2401,1.5283,0.11542964177007727
22,2020-02-12,275.56,277.37,279.18,274.35,127782,13.5031,1.6462,0.12191274596203835
23,2020-02-13,278.27,275.56,279.78,275.56,113391,13.167,1.6053,0.12191843244474823
24,2020-02-14,275.56,275.56,277.07,274.66,79397,13.2985,1.6213,0.12191600556453734
25,2020-02-17,274.66,279.18,279.78,274.66,126567,13.1962,1.6088,0.12191388430002577
26,2020-02-18,280.08,277.97,280.98,277.37,114092,13.0063,1.5857,0.12191783981608914
27,2020-02-19,277.67,277.07,278.57,275.56,130880,13.1378,1.6017,0.1219153891823593
28,2020-02-20,276.16,278.88,280.08,275.26,133889,13.3278,1.6249,0.12191809600984409
29,2020-02-21,279.78,278.88,280.98,277.67,148005,13.2839,1.6772,0.12625810191284187
30,2020-02-24,277.67,271.64,278.27,270.44,371442,13.0856,1.6522,0.12626092804303968
31,2020-02-25,268.93,266.52,270.13,263.5,315267,12.843,1.6216,0.1262633341119676
32,2020-02-26,264.41,267.42,268.93,262.6,261177,13.0856,1.6522,0.12626092804303968
33,2020-02-27,267.12,266.82,269.83,265.61,194237,13.0427,1.6468,0.12626220031128524
34,2020-02-28,263.5,259.28,264.71,259.28,296275,12.9143,1.6306,0.12626313466467404
35,2020-03-02,260.79,265.92,265.92,260.79,309299,12.9571,1.636,0.12626282115596854
36,2020-03-03,267.12,264.41,268.63,263.5,324330,12.843,1.6216,0.1262633341119676
37,2020-03-04,263.81,265.01,267.12,261.39,411145,12.7573,1.6108,0.12626496202174442
38,2020-03-05,266.52,269.53,270.74,265.31,359530,12.8715,1.6252,0.12626345025832267
39,2020-03-06,267.72,265.92,268.33,265.61,298487,12.8715,1.6252,0.12626345025832267
40,2020-03-09,262.6,261.7,263.5,259.89,302188,12.9,1.6288,0.12626356589147286
41,2020-03-10,260.79,266.22,267.12,259.89,310114,12.7859,1.6144,0.12626408778419979
42,2020-03-11,266.22,265.61,267.72,264.71,169480,12.9,1.6288,0.12626356589147286
43,2020-03-12,264.11,262.9,264.11,261.7,159101,13.1712,1.663,0.12626032555879493
44,2020-03-13,254.46,257.17,261.39,252.65,281213,13.1854,1.6648,0.12626086428928968
45,2020-03-16,258.68,255.97,261.7,255.07,303445,13.214,1.6684,0.1262600272438323
46,2020-03-17,254.76,258.68,260.49,254.76,220015,13.4138,1.6936,0.12625803277221964
47,2020-03-18,259.89,261.39,265.92,257.48,256261,13.2568,1.6738,0.1262597308551083
48,2020-03-19,260.79,254.46,265.01,253.26,289598,13.5422,1.7099,0.1262645655801864
49,2020-03-20,256.87,258.98,260.19,255.07,164323,13.428,1.6954,0.12625856419422102
50,2020-03-23,256.27,258.68,260.79,254.76,236957,13.428,1.6954,0.12625856419422102
51,2020-03-24,259.89,266.52,266.82,259.89,262551,13.0998,1.654,0.12626146964075788
52,2020-03-25,269.23,268.33,270.44,265.31,222037,13.1284,1.6576,0.12626062581883551
53,2020-03-26,265.92,268.33,270.13,265.92,165250,13.1569,1.6612,0.1262607453123456
54,2020-03-27,269.83,267.12,269.83,265.92,118547,13.371,1.6882,0.126258320245307
55,2020-03-30,265.01,268.03,269.83,263.81,127372,12.9571,1.636,0.12626282115596854
56,2020-03-31,269.53,270.74,271.34,267.12,169155,12.9286,1.6324,0.1262627043918135
57,2020-04-01,270.44,270.13,272.24,268.93,129604,12.9,1.6288,0.12626356589147286
58,2020-04-02,268.93,269.83,270.13,267.72,101842,12.9143,1.6306,0.12626313466467404
59,2020-04-03,269.53,268.93,271.34,268.03,72801,13.1141,1.6558,0.12626104726973256
60,2020-04-07,270.13,269.23,271.34,266.82,181800,12.9286,1.6324,0.1262627043918135
61,2020-04-08,267.72,269.53,270.13,265.92,123442,12.9999,1.6414,0.12626250971161315
62,2020-04-09,269.23,266.82,269.53,266.52,73709,13.1854,1.6648,0.12626086428928968
63,2020-04-10,266.52,264.11,266.82,262.9,92974,13.1712,1.663,0.12626032555879493
64,2020-04-13,263.81,261.09,263.81,259.89,90338,13.0285,1.645,0.12626165713627815
65,2020-04-14,261.39,263.81,264.71,261.09,74545,12.8287,1.6866,0.1314708427198391
66,2020-04-15,264.41,265.61,266.52,263.81,81115,13.0427,1.7147,0.13146817760126353
67,2020-04-16,264.41,266.52,268.03,263.81,88299,13.057,1.7166,0.13146970973424216
68,2020-04-17,267.12,263.2,267.42,262.3,114355,13.5422,1.7804,0.13147051439204857
69,2020-04-20,262.3,258.08,262.9,257.48,197804,12.6717,1.666,0.13147407214501605
70,2020-04-21,258.38,256.27,258.68,254.76,158841,12.6432,1.6622,0.13146988104277396
71,2020-04-22,256.57,256.57,257.48,255.07,80312,12.5861,1.6547,0.1314704316666799
72,2020-04-23,256.87,254.16,257.17,253.56,169828,12.8572,1.616,0.12568833027408768
73,2020-04-24,254.46,256.27,256.57,253.56,107473,12.686,1.5945,0.1256897367176415
74,2020-04-27,256.57,257.17,258.68,255.97,96991,12.5433,1.5765,0.12568462844705938
75,2020-04-28,257.17,255.37,257.17,252.35,127296,12.4149,1.5604,0.12568768173726733
76,2020-04-29,255.97,259.28,259.59,254.76,105788,12.1865,1.5317,0.12568826160095187
77,2020-04-30,261.09,263.2,264.71,260.49,164906,12.2436,1.5389,0.12569015648992124
78,2020-05-06,261.09,260.79,264.11,259.59,190411,12.3292,1.5496,0.12568536482496837
79,2020-05-07,260.49,259.28,260.79,258.08,150549,12.5576,1.5783,0.12568484423775242
80,2020-05-08,259.59,260.79,262.0,259.28,146456,12.315,1.5478,0.12568412505075113
81,2020-05-11,260.79,260.49,262.0,260.19,145126,12.3007,1.546,0.12568390416805547
82,2020-05-12,260.49,261.09,262.0,260.19,95873,12.4434,1.564,0.12568912033688542
83,2020-05-13,260.49,259.89,260.79,259.59,115340,12.4434,1.564,0.12568912033688542
84,2020-05-14,260.49,260.79,261.09,259.28,107719,12.1437,1.5263,0.12568656999102415
85,2020-05-15,260.49,258.38,260.79,258.08,119961,12.1009,1.5209,0.12568486641489476
86,2020-05-18,260.49,258.68,260.49,256.57,89275,12.0296,1.512,0.12568996475360777
87,2020-05-19,259.59,259.28,259.89,257.48,98607,12.315,1.5478,0.12568412505075113
88,2020-05-20,259.89,258.68,259.89,258.08,67177,12.4719,1.5676,0.12569055236170915
89,2020-05-21,259.28,258.08,259.28,256.87,95952,12.5861,1.5819,0.12568627295190726
90,2020-05-22,258.08,254.76,258.38,254.46,109797,12.6289,1.5873,0.12568790631012994
91,2020-05-25,255.07,255.67,257.17,254.76,57200,12.1723,1.5299,0.12568701067177115
92,2020-05-26,256.27,258.38,259.28,255.67,96281,12.2294,1.5371,0.12568891360164847
93,2020-05-27,258.08,260.49,261.09,256.87,83931,12.6004,1.5837,0.12568648614329705
94,2020-05-28,260.49,261.39,262.9,259.89,71484,12.7288,1.5998,0.12568348940984225
95,2020-05-29,261.39,258.98,261.39,257.78,104466,12.6432,1.5891,0.12568811693242216
96,2020-06-01,259.59,263.81,265.01,259.28,140827,11.8441,1.4886,0.1256828294256212
97,2020-06-02,264.11,265.01,265.31,262.9,81934,12.158,1.5281,0.12568679059055765
98,2020-06-03,265.31,263.5,265.92,262.6,120447,12.001,1.5084,0.12568952587284393
99,2020-06-04,263.5,263.2,264.11,262.3,65852,11.944,1.5012,0.12568653717347622
100,2020-06-05,263.2,263.2,263.81,262.0,71784,12.1295,1.5245,0.1256853126674636
101,2020-06-08,263.2,267.12,268.03,262.9,155545,11.6728,1.4671,0.12568535398533343
102,2020-06-09,267.72,272.55,273.45,266.52,227986,11.5587,1.4528,0.12568887504650178
103,2020-06-10,272.24,269.53,272.55,268.63,141131,11.3161,1.4223,0.12568817878951227
104,2020-06-11,269.23,266.22,269.53,264.71,186902,11.2162,1.4097,0.12568427809775146
105,2020-06-12,263.81,265.01,265.31,262.0,254278,11.1734,1.4043,0.12568242432921045
106,2020-06-15,263.5,261.09,265.01,260.79,197978,11.2447,1.4133,0.12568587868062286
107,2020-06-16,262.3,264.11,265.31,261.7,115338,11.1734,1.4043,0.12568242432921045
108,2020-06-17,264.71,265.92,267.72,263.5,90230,11.0878,1.3936,0.1256876927794513
109,2020-06-18,265.92,267.42,268.33,265.31,82337,11.0878,1.3936,0.1256876927794513
110,2020-06-19,267.72,265.61,270.74,265.31,218011,11.1734,1.4043,0.12568242432921045
111,2020-06-22,267.12,265.61,267.42,265.31,100181,11.102,1.3954,0.12568906503332733
112,2020-06-23,265.92,267.42,268.03,264.71,95507,11.0164,1.3846,0.12568534185396318
113,2020-06-24,268.03,268.93,271.64,267.42,109378,10.8737,1.3667,0.12568858806110156
114,2020-06-29,269.23,267.42,271.04,266.52,118377,11.0592,1.39,0.12568721064814814
115,2020-06-30,268.93,268.33,271.34,268.03,110741,11.1163,1.3972,0.12568930309545442
116,2020-07-01,268.33,270.44,270.44,265.31,214970,11.2733,1.4169,0.12568635625770624
117,2020-07-02,269.53,275.56,275.56,269.23,256954,11.416,1.4348,0.1256832515767344
118,2020-07-03,276.16,277.97,280.08,275.56,280004,11.1591,1.4025,0.12568217867032289
119,2020-07-06,280.08,287.62,290.33,278.88,389097,10.9736,1.3792,0.1256834584821754
120,2020-07-07,291.53,283.7,291.83,282.79,413282,10.9736,1.3792,0.1256834584821754
121,2020-07-08,282.79,284.9,286.71,282.19,271063,10.9879,1.381,0.12568370662273956
122,2020-07-09,287.31,288.22,291.23,284.6,496623,11.0592,1.39,0.12568721064814814
123,2020-07-10,286.71,281.59,287.31,281.29,333279,11.0021,1.3828,0.1256850964815808
124,2020-07-13,283.09,298.47,300.58,283.09,606341,10.7738,1.3541,0.12568453099185062
125,2020-07-14,299.07,300.27,304.79,295.75,418313,10.888,1.3685,0.12568883174136664
126,2020-07-15,300.58,297.56,302.69,296.66,248213,10.8452,1.3631,0.1256869398443551
127,2020-07-16,299.07,289.73,302.08,288.22,323800,10.7453,1.3505,0.12568285669083226
128,2020-07-17,291.23,288.52,295.15,286.71,146683,10.6168,1.3344,0.12568758948082284
129,2020-07-20,290.33,298.16,298.47,288.52,162053,10.574,1.329,0.12568564403253263
130,2020-07-21,297.86,297.26,300.88,296.36,154373,10.731,1.3487,0.12568260180784643
131,2020-07-22,296.66,294.85,298.47,294.55,161101,10.7595,1.3523,0.12568427900924767
132,2020-07-23,293.64,291.53,295.15,287.62,157468,10.7881,1.3559,0.12568478230643024
133,2020-07-24,290.33,285.51,293.64,283.09,225852,10.7595,1.3523,0.12568427900924767
134,2020-07-27,284.0,287.01,289.42,284.0,168302,10.7453,1.3505,0.12568285669083226
135,2020-07-28,287.92,287.92,291.53,287.01,95506,10.8594,1.3649,0.12568834373906476
136,2020-07-29,287.31,294.25,295.45,285.51,165965,10.8166,1.3595,0.12568644490875136
137,2020-07-30,293.94,294.25,296.96,291.83,119513,10.8737,1.3667,0.12568858806110156
138,2020-07-31,293.64,291.23,297.26,289.42,145854,10.8452,1.3631,0.1256869398443551
139,2020-08-03,292.14,291.53,293.64,290.33,180292,10.8594,1.3649,0.12568834373906476
140,2020-08-04,291.53,296.66,296.96,289.42,224853,10.7881,1.3559,0.12568478230643024
141,2020-08-05,294.85,291.83,295.15,290.93,165801,10.8594,1.3649,0.12568834373906476
142,2020-08-06,291.23,290.03,292.14,287.62,200183,10.9736,1.3792,0.1256834584821754
143,2020-08-07,290.33,288.82,292.14,287.31,157892,10.7881,1.41,0.13069956711561811
144,2020-08-10,288.82,293.64,295.45,288.82,198448,10.6026,1.3858,0.13070378963650423
145,2020-08-11,294.85,296.36,303.29,294.25,259282,10.6882,1.397,0.13070488950431317
146,2020-08-12,295.75,299.37,300.58,293.64,231072,10.6454,1.3914,0.1307043417814267
147,2020-08-13,302.99,302.99,308.41,301.78,273981,10.5455,1.3783,0.13070029870560904
148,2020-08-14,304.05,304.65,305.26,301.64,184027,10.6597,1.3933,0.1307072431681942
149,2020-08-17,307.97,305.86,308.27,302.54,246058,10.6454,1.3914,0.1307043417814267
150,2020-08-18,306.46,306.46,309.78,304.35,185547,10.731,1.4026,0.13070543285807473
151,2020-08-19,305.56,324.85,327.56,303.15,750387,11.9577,1.4464,0.12095971633340859
152,2020-08-20,319.12,314.6,322.13,312.79,426014,12.1287,1.4671,0.12096102632598713
153,2020-08-21,316.11,314.3,317.01,308.87,212027,12.0821,1.4615,0.12096407081550392
154,2020-08-24,315.2,309.78,315.5,309.48,249102,11.9888,1.4502,0.12096289870545843
155,2020-08-25,312.79,314.0,320.33,311.59,291746,11.8488,1.4333,0.12096583620282222
156,2020-08-26,316.71,317.01,321.53,313.69,294803,12.0043,1.4521,0.12096498754612929
157,2020-08-27,315.2,317.31,319.12,312.49,199508,12.1443,1.469,0.12096209744489185
158,2020-08-28,317.91,313.39,317.91,311.28,166640,12.2842,1.4859,0.12096025789225183
159,2020-08-31,314.6,311.89,317.31,311.59,256875,12.2687,1.484,0.12095821073137332
160,2020-09-01,312.79,315.8,316.71,310.98,212207,12.2531,1.4822,0.12096530673870286
161,2020-09-02,316.11,311.59,317.01,310.38,155658,12.2998,1.4878,0.12096131644416983
162,2020-09-03,311.89,311.28,314.6,310.08,163050,12.3153,1.4897,0.12096335452648331
163,2020-09-04,310.08,311.89,312.79,308.27,101269,12.3464,1.4934,0.12095833603317567
164,2020-09-07,311.28,312.49,316.11,310.38,133747,12.2065,1.4765,0.12096014418547495
165,2020-09-08,312.49,321.23,322.74,312.19,240143,12.1598,1.4709,0.12096416059474663
166,2020-09-09,319.12,316.71,326.05,315.8,215033,12.222,1.4784,0.12096219931271478
167,2020-09-10,317.61,316.11,319.72,315.2,156882,12.222,1.4784,0.12096219931271478
168,2020-09-11,317.61,315.5,320.63,314.6,133095,12.1287,1.4671,0.12096102632598713
169,2020-09-14,316.71,322.44,326.65,313.69,243840,11.7244,1.4182,0.12096141380369145
170,2020-09-15,322.13,322.44,328.76,319.42,165088,11.74,1.4201,0.1209625212947189
171,2020-09-16,322.44,324.85,326.35,321.83,134407,11.5067,1.3919,0.12096430775113629
172,2020-09-17,323.94,318.82,325.75,317.91,129810,11.8644,1.4351,0.12095849769057011
173,2020-09-18,319.72,322.13,324.24,319.12,134953,11.7244,1.4182,0.12096141380369145
174,2020-09-21,324.24,317.91,324.24,317.31,132094,11.5845,1.4013,0.12096335620872717
175,2020-09-22,317.61,317.31,320.63,316.11,108879,11.6467,1.4088,0.12096130234315301
176,2020-09-23,319.72,317.01,319.72,316.71,81751,11.9421,1.4445,0.12095862536739768
177,2020-09-24,316.11,311.28,316.71,308.87,192896,12.0821,1.4615,0.12096407081550392
178,2020-09-25,312.19,308.87,313.09,307.06,122618,12.1132,1.4652,0.12095895386850708
179,2020-09-28,310.68,311.28,312.49,307.97,79573,11.8799,1.437,0.12096061414658374
180,2020-09-29,311.28,310.68,312.49,308.87,97743,12.0976,1.4634,0.12096614204470309
181,2020-09-30,310.38,310.68,312.49,309.48,77036,12.2842,1.4859,0.12096025789225183
182,2020-10-09,313.09,308.27,313.09,307.97,145616,12.051,1.4577,0.12096091610654718
183,2020-10-12,307.67,310.08,312.49,304.95,259375,12.0199,1.4539,0.12095774507275435
184,2020-10-13,309.78,312.49,313.09,308.87,115103,12.0976,1.4634,0.12096614204470309
185,2020-10-14,313.39,311.59,317.01,309.78,121380,11.7555,1.422,0.12096465484241418
186,2020-10-15,311.89,314.3,316.11,310.98,98160,12.1443,1.469,0.12096209744489185
187,2020-10-16,314.0,315.2,317.31,312.49,295191,12.1754,1.4728,0.12096522496180825
188,2020-10-19,313.69,310.08,315.8,308.27,211624,12.1287,1.4671,0.12096102632598713
189,2020-10-20,311.28,315.2,316.11,310.68,146503,12.3931,1.4991,0.12096247105244047
190,2020-10-21,314.9,312.79,315.8,312.19,90771,12.7663,1.5442,0.12095908759781614
191,2020-10-22,311.59,313.69,314.9,310.98,91257,12.7663,1.5442,0.12095908759781614
192,2020-10-23,312.49,309.78,315.2,309.48,58824,12.673,1.5329,0.12095794208159077
193,2020-10-26,310.68,307.06,311.28,305.56,75534,12.7196,1.5386,0.12096292336236988
194,2020-10-27,307.67,310.98,312.19,306.16,86849,12.7818,1.5461,0.12096105399865434
195,2020-10-28,311.28,313.09,314.0,310.38,100796,12.5952,1.5235,0.12095877794715447
196,2020-10-29,311.59,310.38,312.19,309.17,72242,12.5952,1.5235,0.12095877794715447
197,2020-10-30,310.98,317.31,321.23,310.38,194221,12.6885,1.5348,0.12095992434093865
198,2020-11-02,317.31,311.89,319.72,309.78,257738,12.533,1.516,0.12096066384744275
199,2020-11-03,311.89,310.08,313.39,308.57,197290,12.4242,1.5029,0.12096553500426585
200,2020-11-04,309.17,311.89,312.79,307.06,117014,12.3931,1.4991,0.12096247105244047
201,2020-11-05,313.09,321.53,321.83,312.49,212270,12.2376,1.4803,0.12096326077008562
202,2020-11-06,321.83,325.45,329.37,321.53,272603,12.3153,1.4897,0.12096335452648331
203,2020-11-09,326.05,325.15,327.56,323.34,161476,12.2376,1.4803,0.12096326077008562
204,2020-11-10,326.96,326.96,338.71,322.13,287846,11.9421,1.4445,0.12095862536739768
205,2020-11-11,327.26,329.67,330.87,326.35,156929,12.6885,1.5348,0.12095992434093865
206,2020-11-12,328.46,322.44,329.37,321.23,123450,12.9995,1.5724,0.12095849840378477
207,2020-11-13,323.64,318.22,323.64,312.79,162352,13.155,1.5913,0.12096541239072596
208,2020-11-16,317.31,320.02,323.04,316.71,119642,13.5749,1.642,0.12095853376452129
209,2020-11-17,319.72,321.23,323.64,319.42,113916,13.5904,1.6439,0.12096038380032963
210,2020-11-18,322.13,319.42,322.44,318.82,116970,13.7614,1.6646,0.12096153007688172
211,2020-11-19,321.83,320.02,321.83,317.01,76858,13.8858,1.6797,0.12096530268331677
212,2020-11-20,319.72,320.63,320.93,317.91,73857,14.1191,1.7079,0.12096380080883343
213,2020-11-23,320.63,320.93,323.64,318.22,111444,14.1813,1.7154,0.12096211207717206
214,2020-11-24,321.53,320.33,322.13,319.12,94882,14.1657,1.7135,0.12096119499918818
215,2020-11-25,320.33,319.72,323.04,319.42,94760,13.948,1.6872,0.12096357900774304
216,2020-11-26,319.42,329.07,332.68,317.61,222502,13.7459,1.6627,0.12095970434820565
217,2020-11-27,331.18,331.78,333.29,327.26,161626,13.8081,1.6703,0.12096523055308116
218,2020-11-30,333.29,324.24,336.6,324.24,211964,13.6526,1.6514,0.12095864523973456
219,2020-12-01,325.75,324.55,327.56,322.44,123506,14.1035,1.706,0.12096288155422412
