,日期,开盘,收盘,最高,最低,成交量,pe,pb,roe
0,2020-01-03,256.92,258.2,260.06,255.92,808407,18.8763,1.1921,0.06315326626510491
1,2020-01-06,255.78,259.35,261.77,255.06,1047108,18.5196,1.1696,0.06315471176483294
2,2020-01-07,259.63,258.63,260.2,255.35,939899,18.6019,1.1748,0.06315483902182036
3,2020-01-08,255.63,250.78,256.49,250.49,1044842,18.5882,1.1461,0.061657395552016867
4,2020-01-09,253.92,254.06,256.06,252.35,691074,18.4647,1.1385,0.061658191034785294
5,2020-01-10,257.21,253.06,258.35,251.78,734050,18.6568,1.1504,0.061661163757986366
6,2020-01-13,252.64,255.92,256.06,249.07,770608,18.6019,1.147,0.06166036802692198
7,2020-01-14,256.35,254.21,257.06,253.92,577888,18.1629,1.1199,0.06165865583139256
8,2020-01-15,253.64,252.07,255.21,251.64,454644,18.012,1.1106,0.061658894070619585
9,2020-01-16,251.92,250.78,253.35,250.78,431010,19.2329,1.1859,0.061659968075537225
10,2020-01-17,252.07,252.21,254.35,250.78,458437,19.1232,1.1791,0.0616580906961178
11,2020-01-20,251.64,254.92,255.21,250.78,495783,19.2192,1.1851,0.06166229603729604
12,2020-01-21,253.78,249.5,254.35,248.78,777715,19.1095,1.1783,0.06166043067584185
13,2020-01-22,248.64,250.49,252.21,244.5,749331,19.4662,1.2003,0.061660724743401375
14,2020-01-23,247.21,241.5,248.64,240.22,890558,19.8228,1.2223,0.061661319288899646
15,2020-02-03,220.8,220.8,222.65,220.8,863901,20.1109,1.24,0.06165810580332058
16,2020-02-04,219.51,221.94,223.37,218.37,1443240,20.1383,1.2417,0.061658630569611135
17,2020-02-05,221.94,223.65,229.22,220.51,1150805,19.5073,1.2028,0.06165896869377105
18,2020-02-06,223.23,228.51,230.51,221.8,1112384,19.5896,1.2079,0.061660268714011514
19,2020-02-07,226.94,229.36,230.65,226.22,724185,19.4936,1.202,0.06166126318381417
20,2020-02-10,228.08,230.36,231.93,227.22,627860,19.5347,1.2045,0.061659508464424834
21,2020-02-11,232.65,231.79,236.07,231.22,732862,19.1918,1.1834,0.06166175137298221
22,2020-02-12,230.94,233.65,235.36,229.94,763421,19.2604,1.1876,0.06166019397312621
23,2020-02-13,233.36,230.22,234.36,229.36,661503,19.768,1.2469,0.06307668959935248
24,2020-02-14,229.79,232.79,235.08,229.51,756690,19.6582,1.2399,0.06307291613677753
25,2020-02-17,237.65,245.07,247.35,236.79,1644598,19.4387,1.2261,0.06307520564646812
26,2020-02-18,245.07,245.07,246.78,242.21,895022,19.5896,1.2356,0.06307428431412586
27,2020-02-19,244.93,244.78,250.07,243.93,1079939,20.1932,1.2737,0.06307568884575006
28,2020-02-20,245.78,255.35,256.92,244.36,1920416,20.3441,1.2832,0.06307479809871165
29,2020-02-21,255.06,253.64,259.63,251.49,1798236,20.1932,1.2737,0.06307568884575006
30,2020-02-24,251.92,253.06,255.21,251.07,1089562,20.2344,1.2763,0.06307575218439884
31,2020-02-25,248.21,251.78,252.92,244.5,1554941,20.1795,1.2728,0.06307391164300404
32,2020-02-26,247.92,251.64,257.35,247.07,1564198,20.2892,1.2798,0.06307789365770952
33,2020-02-27,253.35,249.5,257.21,248.92,1307156,20.3304,1.2823,0.06307303348679809
34,2020-02-28,243.64,236.65,244.36,235.22,1707809,20.3853,1.2858,0.06307486276875984
35,2020-03-02,240.5,244.93,247.78,237.5,1203524,20.591,1.2988,0.06307610120926618
36,2020-03-03,248.78,245.5,251.78,243.5,1122702,20.5773,1.2979,0.06307435863791654
37,2020-03-04,244.93,249.35,249.35,243.07,1136544,19.7542,1.246,0.06307519413593059
38,2020-03-05,251.49,254.64,258.63,248.07,1991438,19.4113,1.2244,0.0630766615322003
39,2020-03-06,251.49,246.78,252.92,246.5,1319632,19.7954,1.2486,0.06307525990886771
40,2020-03-09,242.21,239.79,244.78,237.36,1346340,19.8503,1.2521,0.06307713233553144
41,2020-03-10,238.79,243.93,245.5,237.65,1103006,19.7405,1.2451,0.06307337706745017
42,2020-03-11,243.93,238.22,243.93,237.65,1043158,19.3838,1.2226,0.06307328800338426
43,2020-03-12,236.22,235.36,238.22,234.36,737101,19.6033,1.2365,0.06307611473578427
44,2020-03-13,225.8,234.08,237.65,223.65,944401,19.7268,1.2443,0.06307662672100897
45,2020-03-16,236.22,223.65,236.5,223.51,883528,20.0149,1.2624,0.0630730106070977
46,2020-03-17,226.22,224.8,229.22,220.8,728146,20.1109,1.2685,0.06307524775121948
47,2020-03-18,226.65,221.08,228.08,220.8,635699,19.3976,1.2235,0.06307481337897472
48,2020-03-19,220.66,221.37,223.37,215.23,977470,19.6171,1.2374,0.06307762105509988
49,2020-03-20,221.8,222.08,222.8,217.94,657700,19.6171,1.2374,0.06307762105509988
50,2020-03-23,214.52,216.52,218.09,213.8,856583,19.6445,1.2391,0.06307617908320395
51,2020-03-24,218.37,217.51,219.37,212.23,953016,19.6445,1.2391,0.06307617908320395
52,2020-03-25,221.23,219.66,221.94,217.94,787318,19.5622,1.2339,0.06307572767889091
53,2020-03-26,217.51,217.23,219.37,216.94,393516,19.8777,1.2538,0.06307570795413957
54,2020-03-27,219.37,218.66,223.23,217.94,646255,20.303,1.2806,0.06307442249913806
55,2020-03-30,216.37,217.66,218.51,215.09,450887,19.6582,1.2399,0.06307291613677753
56,2020-03-31,219.66,217.09,220.37,216.94,362483,20.1246,1.2694,0.06307703010246167
57,2020-04-01,216.94,217.37,221.08,216.52,430703,20.3578,1.2841,0.06307656033559618
58,2020-04-02,217.23,220.37,220.37,216.52,374957,20.5087,1.2936,0.0630756703252766
59,2020-04-03,219.37,217.8,219.37,217.09,346779,20.8105,1.3126,0.06307392902621273
60,2020-04-07,220.94,221.51,222.23,219.37,722702,20.8105,1.3126,0.06307392902621273
61,2020-04-08,220.08,220.8,221.51,219.51,373982,20.7968,1.3411,0.06448588244345284
62,2020-04-09,221.8,221.08,223.8,220.8,534279,20.1658,1.3004,0.064485415902171
63,2020-04-10,221.51,217.66,221.51,217.23,505443,20.0835,1.2951,0.06448577190230786
64,2020-04-13,216.66,215.23,217.51,214.23,365075,20.6871,1.3341,0.06448946444885943
65,2020-04-14,215.8,219.8,221.51,214.8,579953,20.8517,1.3447,0.06448874672089086
66,2020-04-15,218.37,218.23,221.66,217.94,520642,21.0163,1.3553,0.06448804023543629
67,2020-04-16,216.94,220.66,222.37,216.52,701748,20.5499,1.3252,0.06448693180988714
68,2020-04-17,221.8,220.37,222.08,219.66,550715,20.7968,1.3411,0.06448588244345284
69,2020-04-20,220.37,220.51,221.08,219.51,349989,21.4141,1.3809,0.0644855492409207
70,2020-04-21,219.8,218.23,220.08,217.37,430979,21.6748,1.3978,0.06448963773598833
71,2020-04-22,217.23,217.51,218.23,216.52,349963,21.1123,1.3615,0.06448847354385831
72,2020-04-23,217.94,216.52,218.8,215.94,370844,20.9889,1.3535,0.06448646665618493
73,2020-04-24,216.23,213.8,217.09,213.37,358438,20.495,1.3217,0.06448889973164186
74,2020-04-27,213.66,213.23,215.37,213.09,306528,19.9463,1.2863,0.06448815068458812
75,2020-04-28,214.94,214.37,215.52,210.8,402790,20.6596,1.3323,0.06448817982923193
76,2020-04-29,213.52,214.09,215.23,213.09,264165,19.8365,1.2792,0.06448718271872557
77,2020-04-30,214.8,217.8,218.37,214.66,529039,17.8626,1.3308,0.0745020321789661
78,2020-05-06,214.52,216.94,217.23,213.66,510374,17.4037,1.2966,0.07450139912777168
79,2020-05-07,216.52,214.66,217.09,214.52,471146,17.6573,1.3155,0.07450176414287575
80,2020-05-08,216.52,218.23,219.37,215.66,733415,17.8143,1.3272,0.07450194506660379
81,2020-05-11,218.09,216.09,219.09,215.37,509351,17.0293,1.2687,0.074501007087784
82,2020-05-12,217.37,215.66,217.94,214.8,395112,16.9085,1.2597,0.0745009906260165
83,2020-05-13,214.94,215.23,215.94,214.37,304267,17.1138,1.275,0.07450127966903901
84,2020-05-14,214.37,212.8,214.94,212.52,364574,16.5945,1.2363,0.0745005875440658
85,2020-05-15,213.37,212.52,214.23,212.37,263622,16.5824,1.2354,0.07450067541489773
86,2020-05-18,212.37,211.09,213.23,210.95,419658,16.6669,1.2417,0.0745009569866022
87,2020-05-19,212.8,211.8,213.09,211.09,297772,17.5244,1.3056,0.07450183743808633
88,2020-05-20,211.52,211.38,212.37,210.8,270895,17.6331,1.3137,0.07450193102744272
89,2020-05-21,211.95,208.23,212.09,207.95,404089,17.4399,1.2993,0.074501573976915
90,2020-05-22,208.09,202.38,208.23,201.95,710963,17.8143,1.3272,0.07450194506660379
91,2020-05-25,202.24,199.53,203.38,198.95,385551,17.1259,1.2759,0.07450119409782843
92,2020-05-26,200.38,200.81,201.24,199.53,355712,17.6331,1.3137,0.07450193102744272
93,2020-05-27,200.67,197.81,200.67,197.24,458314,18.8771,1.4064,0.07450296920607509
94,2020-05-28,197.81,199.67,202.24,197.67,541712,19.2032,1.4307,0.07450320779870022
95,2020-05-29,198.81,198.67,200.38,198.67,291831,19.2636,1.4352,0.07450320812309226
96,2020-06-01,202.1,205.38,206.38,202.1,855636,18.8409,1.4037,0.07450281037530053
97,2020-06-02,205.81,206.09,207.24,205.09,461295,19.6863,1.4667,0.07450358879017388
98,2020-06-03,206.66,204.09,207.95,203.67,454405,20.2057,1.5053,0.0744987800472144
99,2020-06-04,204.81,203.09,205.52,202.38,324862,19.0583,1.4199,0.07450297245819407
100,2020-06-05,203.95,205.81,205.95,203.09,416343,19.6742,1.4658,0.07450366469792927
101,2020-06-08,206.24,204.95,207.09,204.52,384360,17.8868,1.3326,0.07450186729879017
102,2020-06-09,205.09,206.24,207.52,204.38,455015,16.6911,1.2435,0.07450078185380234
103,2020-06-10,206.24,203.52,206.24,202.95,472469,15.58,1.1607,0.07449935815147625
104,2020-06-11,203.67,202.52,205.24,202.38,447938,15.1935,1.1319,0.07449896337249481
105,2020-06-12,200.1,201.24,201.95,199.67,445381,14.7949,1.1022,0.07449864480327681
106,2020-06-15,201.24,201.24,204.38,201.24,454836,15.5437,1.158,0.07449963650868197
107,2020-06-16,202.38,202.67,203.81,201.67,335338,15.3867,1.1463,0.07449940533057772
108,2020-06-17,202.52,201.52,202.52,200.81,356180,15.2418,1.1355,0.07449907491241192
109,2020-06-18,201.24,203.81,204.81,200.95,511049,14.807,1.1031,0.0744985479840616
110,2020-06-19,204.09,208.81,210.8,203.24,1289699,14.3843,1.0717,0.074504842084773
111,2020-06-22,208.66,213.95,220.08,207.95,1847055,14.1911,1.0573,0.07450444292549555
112,2020-06-23,213.23,215.66,217.51,212.37,1014321,14.2877,1.0645,0.07450464385450423
113,2020-06-24,216.23,217.51,219.94,215.37,1095071,14.1669,1.0555,0.07450465521744348
114,2020-06-29,214.09,208.66,215.09,207.95,1187198,14.1669,1.0555,0.07450465521744348
115,2020-06-30,209.81,213.37,214.94,208.38,987385,14.2756,1.0636,0.0745047493625487
116,2020-07-01,213.37,217.94,217.94,211.95,1085080,14.3601,1.0699,0.07450505219322986
117,2020-07-02,217.8,231.08,233.51,216.8,2492548,14.5896,1.0869,0.07449827274222734
118,2020-07-03,235.36,245.21,246.64,232.36,3527378,14.4809,1.0788,0.07449813202218095
119,2020-07-06,252.21,266.34,266.34,249.35,4349384,14.5534,1.0842,0.07449805543721742
120,2020-07-07,270.05,259.06,270.63,255.06,3100902,14.3239,1.0672,0.07450484853985297
121,2020-07-08,259.06,272.62,280.05,259.06,3129998,14.4085,1.0734,0.07449769233438594
122,2020-07-09,265.77,266.49,271.63,263.06,2732587,14.5775,1.086,0.07449837077688218
123,2020-07-10,262.49,256.49,264.34,256.35,2119183,14.5172,1.0815,0.07449783704846663
124,2020-07-13,254.06,261.49,265.77,253.78,2045588,13.9495,1.0393,0.07450446252553854
125,2020-07-14,260.2,260.77,263.06,256.49,1513640,14.0341,1.0456,0.07450424323611775
126,2020-07-15,263.77,256.92,265.63,253.78,1592073,13.877,1.0339,0.07450457591698494
127,2020-07-16,257.49,242.21,260.77,241.36,2235479,14.1307,1.0528,0.07450444776267276
128,2020-07-17,245.07,236.22,246.21,234.08,1688954,14.022,1.0447,0.07450435030666096
129,2020-07-20,240.36,244.36,247.35,237.65,1711698,14.2635,1.0627,0.07450485504960212
130,2020-07-21,244.36,239.93,244.36,237.65,1108479,14.7587,1.0995,0.07449843143366286
131,2020-07-22,240.5,242.21,249.35,239.07,1679962,15.0244,1.1193,0.07449881526050957
132,2020-07-23,239.79,240.93,243.07,235.08,1356727,15.0606,1.122,0.0744990239432692
133,2020-07-24,239.36,230.79,241.5,228.22,1464628,15.0003,1.1175,0.0744985100297994
134,2020-07-27,232.08,229.79,232.79,227.65,786547,15.121,1.1265,0.07449904106871238
135,2020-07-28,231.93,229.94,232.51,227.94,641023,15.1452,1.1283,0.07449885112114729
136,2020-07-29,229.79,236.07,237.36,228.94,1136995,15.3505,1.1436,0.07449920198039152
137,2020-07-30,236.5,233.65,236.79,232.65,738658,15.3867,1.1463,0.07449940533057772
138,2020-07-31,233.22,235.08,239.07,232.08,1140268,15.423,1.149,0.07449912468391363
139,2020-08-03,237.93,244.36,245.36,235.79,1420408,15.6041,1.1625,0.07449965073282022
140,2020-08-04,245.07,242.5,245.5,240.64,1077826,15.3022,1.14,0.07449909163388271
141,2020-08-05,242.5,239.5,242.5,238.07,838441,15.4954,1.1544,0.0744995288924455
142,2020-08-06,240.07,244.93,247.21,236.22,1291371,15.5679,1.1598,0.07449945079297786
143,2020-08-07,244.21,240.22,245.36,237.22,1412896,15.2539,1.1364,0.0744989805885708
144,2020-08-10,239.22,248.78,252.35,238.5,2369270,15.278,1.1539,0.07552690142688832
145,2020-08-11,248.64,241.36,252.78,241.36,1928985,15.1814,1.1466,0.07552663127247816
146,2020-08-12,240.93,247.07,247.21,238.93,1779411,15.2297,1.1503,0.075530049836832
147,2020-08-13,247.64,252.21,255.06,243.93,2017644,15.4592,1.1676,0.07552784102670256
148,2020-08-14,249.5,253.49,253.92,247.5,1308926,15.5437,1.174,0.07552899245353423
149,2020-08-17,256.35,259.35,269.2,254.06,2741102,15.6041,1.1785,0.07552502226978808
150,2020-08-18,259.63,256.63,260.49,255.21,1283229,15.7974,1.1931,0.07552508640662388
151,2020-08-19,256.49,250.21,257.63,250.07,1178248,15.7853,1.1922,0.07552596402982521
152,2020-08-20,248.64,247.64,250.21,246.5,782156,15.8094,1.194,0.07552468784394094
153,2020-08-21,249.5,252.49,252.78,248.64,807490,15.6041,1.1785,0.07552502226978808
154,2020-08-24,252.49,250.78,254.06,250.49,589279,15.737,1.1886,0.07552900807015314
155,2020-08-25,251.92,249.07,253.92,248.78,641692,15.3505,1.1594,0.07552848441418845
156,2020-08-26,248.64,242.79,251.64,242.79,902106,15.5558,1.1749,0.07552809884416102
157,2020-08-27,243.07,243.64,245.21,241.93,503038,15.8457,1.1968,0.07552837678360691
158,2020-08-28,243.64,250.21,251.21,242.64,805468,15.8215,1.1949,0.07552381253357773
159,2020-08-31,250.78,250.35,256.35,248.5,1084567,15.8819,1.1995,0.07552622797020508
160,2020-09-01,249.21,250.35,251.21,247.64,551656,15.5679,1.1758,0.07552720662388633
161,2020-09-02,250.49,247.21,251.07,245.07,701063,15.7853,1.1922,0.07552596402982521
162,2020-09-03,247.35,245.64,249.64,244.93,526603,15.5317,1.1731,0.07552940116020783
163,2020-09-04,241.21,243.21,244.78,241.21,489597,15.5075,1.1712,0.07552474609060132
164,2020-09-07,242.93,238.36,244.64,238.36,578299,15.5558,1.1749,0.07552809884416102
165,2020-09-08,240.07,245.07,246.93,239.07,756393,15.6404,1.1813,0.07552875885527224
166,2020-09-09,242.36,240.64,244.36,239.36,609667,28.362,1.1915,0.04201043649954164
167,2020-09-10,242.21,237.36,243.36,237.22,677480,28.7372,1.2073,0.042011747839037904
168,2020-09-11,237.07,238.22,238.93,235.08,382987,28.4061,1.1934,0.042012103034207444
169,2020-09-14,239.07,238.22,239.22,236.5,335290,28.2516,1.1869,0.042011779863795326
170,2020-09-15,237.36,237.93,239.93,237.22,339640,29.1124,1.2231,0.04201302537750237
171,2020-09-16,238.07,237.93,239.93,236.79,399952,29.002,1.2184,0.04201089580028963
172,2020-09-17,236.79,235.65,237.36,233.51,448891,28.9579,1.2166,0.042012715010411664
173,2020-09-18,235.65,242.36,244.07,235.08,915054,29.5318,1.2407,0.04201233924108926
174,2020-09-21,245.36,242.07,247.07,241.79,735089,29.3552,1.2333,0.04201299940044694
175,2020-09-22,240.64,239.07,246.64,238.79,787557,30.9664,1.301,0.04201327890875271
176,2020-09-23,239.79,237.79,240.36,236.93,401652,31.1651,1.3093,0.04201173748840851
177,2020-09-24,237.79,235.5,239.07,235.22,440473,31.6065,1.3278,0.04201034597313844
178,2020-09-25,236.22,239.22,241.5,235.79,610232,32.4893,1.3649,0.04201075430988049
179,2020-09-28,237.36,240.36,242.07,237.36,512216,31.8493,1.338,0.04201034245650611
180,2020-09-29,241.21,239.79,242.5,239.22,438668,32.9308,1.3835,0.04201234103028168
181,2020-09-30,240.22,235.79,240.79,234.93,430691,34.1447,1.4345,0.04201237673782461
182,2020-10-09,238.79,239.36,240.5,238.22,372519,33.3281,1.4002,0.04201259597756848
183,2020-10-12,240.64,247.92,249.35,240.64,1059217,32.7321,1.3751,0.042010747859135215
184,2020-10-13,246.5,248.07,248.21,244.78,561648,32.6438,1.3714,0.042011040381328156
185,2020-10-14,246.64,245.93,247.35,244.78,443785,31.3637,1.3176,0.04201034954421832
186,2020-10-15,246.93,245.36,249.07,245.21,419243,33.3501,1.4011,0.04201186803038072
187,2020-10-16,245.5,244.93,246.93,244.36,481620,33.6812,1.415,0.042011567283826
188,2020-10-19,245.93,243.78,249.92,243.78,604223,33.7033,1.4159,0.04201072298558301
189,2020-10-20,243.36,244.36,244.36,241.93,342252,33.9019,1.4243,0.042012394585554204
190,2020-10-21,243.64,243.93,245.07,242.36,325958,33.9902,1.428,0.04201210937270154
191,2020-10-22,243.21,245.5,247.21,242.64,387904,34.2551,1.4391,0.04201126255652443
192,2020-10-23,245.21,243.93,247.64,243.78,405388,32.6218,1.3705,0.04201178353125824
193,2020-10-26,242.21,237.65,243.64,236.36,582815,32.6659,1.3724,0.042013230922766556
194,2020-10-27,237.65,236.07,238.22,235.08,406420,32.6659,1.3724,0.042013230922766556
195,2020-10-28,236.5,238.36,238.93,235.22,344675,30.7678,1.2926,0.04201145353258926
196,2020-10-29,236.07,239.5,240.93,235.22,469253,30.3705,1.2759,0.04201116214747864
197,2020-10-30,238.93,234.22,240.5,233.93,433034,30.9002,1.2982,0.04201267305713231
198,2020-11-02,234.22,233.51,237.22,231.79,485943,30.6133,1.2861,0.0420111520156272
199,2020-11-03,233.79,237.07,238.64,233.65,454917,30.3925,1.2768,0.04201036439911162
200,2020-11-04,237.22,236.65,237.79,234.5,334304,30.238,1.2704,0.04201336067200211
201,2020-11-05,239.36,237.65,240.36,236.65,452340,30.1056,1.2648,0.04201211734693877
202,2020-11-06,238.07,236.79,239.36,234.93,531333,29.3552,1.2333,0.04201299940044694
203,2020-11-09,238.5,243.36,246.21,238.07,1000799,29.0903,1.2221,0.04201056709624858
204,2020-11-10,244.07,243.07,244.78,241.79,646792,28.9138,1.2147,0.04201108121381485
205,2020-11-11,243.36,240.07,244.21,239.64,520932,32.1141,1.3492,0.04201269847201074
206,2020-11-12,239.93,236.36,240.93,235.93,522663,33.5046,1.4076,0.04201214161637506
207,2020-11-13,235.93,232.65,235.93,231.93,704769,33.3501,1.4011,0.04201186803038072
208,2020-11-16,233.65,233.79,234.5,232.36,532626,34.1889,1.4363,0.04201071107874193
209,2020-11-17,233.51,232.79,233.93,231.79,367612,33.7695,1.4187,0.042011282370186115
210,2020-11-18,233.08,233.93,235.65,232.93,544959,33.5488,1.4094,0.042010444486837085
211,2020-11-19,225.22,221.23,225.37,216.66,2025153,33.7474,1.4178,0.042012125378547684
212,2020-11-20,221.8,222.8,223.23,220.37,692730,34.0785,1.4317,0.04201182563786552
213,2020-11-23,222.23,227.37,229.94,220.66,1014042,34.3434,1.4428,0.042010983187453776
214,2020-11-24,226.79,227.94,229.94,226.79,534931,33.9019,1.4243,0.042012394585554204
215,2020-11-25,229.36,225.94,230.65,225.65,483605,34.0564,1.4308,0.04201266134999589
216,2020-11-26,225.51,227.22,227.79,225.37,345399,33.5488,1.4094,0.042010444486837085
217,2020-11-27,228.79,231.36,231.93,226.94,521553,34.7627,1.4604,0.04201054578614434
218,2020-11-30,232.79,230.51,236.79,230.51,1069310,34.8731,1.4651,0.04201232468578933
219,2020-12-01,230.65,234.22,235.65,229.22,1020814,34.6965,1.4577,0.04201288314383295
