,日期,开盘,收盘,最高,最低,成交量,pe,pb,roe
0,2020-01-03,38.14,38.14,38.29,37.86,43795,33.7599,3.1717,0.09394873799981635
1,2020-01-06,37.83,38.15,38.47,37.62,57794,33.7287,3.1688,0.09394966304660422
2,2020-01-07,38.27,38.4,38.5,38.15,43837,34.2125,3.2143,0.09395104128607966
3,2020-01-08,38.46,37.62,38.46,37.49,70609,33.4321,3.141,0.09395162134595195
4,2020-01-09,37.85,37.94,38.2,37.8,44946,33.4478,3.1424,0.09394937783650942
5,2020-01-10,38.09,38.21,38.46,37.92,56476,34.0877,3.2025,0.09394884371782199
6,2020-01-13,38.32,38.09,38.4,37.83,45502,34.3998,3.2319,0.09395112762283502
7,2020-01-14,38.11,38.95,39.12,38.03,110317,34.4623,3.2377,0.09394903996541147
8,2020-01-15,39.04,38.4,39.07,38.35,58345,34.5091,3.2421,0.09394913225786823
9,2020-01-16,39.21,38.53,39.41,38.4,81102,34.4623,3.2377,0.09394903996541147
10,2020-01-17,38.57,38.23,38.57,38.01,45287,34.2125,3.2143,0.09395104128607966
11,2020-01-20,37.97,38.23,38.41,37.97,36187,34.4935,3.2407,0.09395103425283025
12,2020-01-21,38.11,37.19,38.18,37.13,61215,34.3998,3.2319,0.09395112762283502
13,2020-01-22,37.2,37.4,37.6,36.76,34322,35.8202,3.3653,0.09394978252494403
14,2020-01-23,37.23,36.58,37.59,36.48,56052,37.8804,3.5589,0.0939509614470808
15,2020-02-03,32.96,32.96,32.96,32.96,14082,37.2717,3.5017,0.09395063815173442
16,2020-02-04,29.72,31.03,32.27,29.72,117213,37.0688,3.4826,0.09394962879834254
17,2020-02-05,31.14,32.3,33.18,31.14,96037,37.2249,3.4973,0.09395055460189283
18,2020-02-06,32.24,32.32,32.57,31.71,67450,36.0855,3.3902,0.09394909312604785
19,2020-02-07,32.24,32.43,32.5,31.94,59584,34.2594,3.2187,0.09395085728296468
20,2020-02-10,32.52,33.02,33.15,32.18,60748,34.5715,3.248,0.09395021911111755
21,2020-02-11,33.36,32.78,33.36,32.76,43515,34.5715,3.248,0.09395021911111755
22,2020-02-12,32.86,32.93,33.05,32.72,37789,35.3519,3.3213,0.0939496887013145
23,2020-02-13,32.93,32.69,33.3,32.67,45350,35.945,3.377,0.09394908888579774
24,2020-02-14,32.93,32.81,32.93,32.63,32685,35.586,3.4451,0.09681054347215197
25,2020-02-17,33.76,33.65,34.37,33.18,89955,35.3051,3.4179,0.09681037583805172
26,2020-02-18,33.65,33.77,34.05,33.53,66244,35.945,3.4799,0.09681179579913758
27,2020-02-19,33.53,33.53,33.94,33.51,54957,37.1312,3.5947,0.0968107683026673
28,2020-02-20,33.56,33.88,33.91,33.13,78741,37.6775,3.6476,0.09681109415433614
29,2020-02-21,33.99,35.09,35.9,33.76,155427,37.4434,3.625,0.0968127894368567
30,2020-02-24,35.11,34.8,35.21,34.49,87385,37.4746,3.628,0.09681224082445176
31,2020-02-25,34.0,33.79,34.11,33.07,109165,37.1156,3.5932,0.096811044412592
32,2020-02-26,33.41,33.45,34.37,33.07,92508,36.0699,3.492,0.09681202332138432
33,2020-02-27,33.5,33.21,33.87,33.12,55809,36.3664,3.5207,0.0968118922961855
34,2020-02-28,32.7,31.71,32.7,31.71,91026,36.3976,3.5237,0.09681132821944305
35,2020-03-02,31.88,32.73,32.76,31.88,51903,36.7722,3.56,0.09681226578774184
36,2020-03-03,33.04,33.07,33.79,32.76,62690,36.2884,3.5131,0.09681055103008124
37,2020-03-04,32.81,33.33,33.44,32.57,52519,35.4143,3.4285,0.09681117514676275
38,2020-03-05,33.94,33.59,33.94,33.38,63114,34.8525,3.3741,0.09681084570690768
39,2020-03-06,33.53,33.32,33.54,33.19,44897,35.1178,3.3998,0.09681130366936425
40,2020-03-09,33.07,32.32,33.09,32.32,70048,35.1022,3.3983,0.09681159585439088
41,2020-03-10,31.69,32.44,32.6,31.4,67790,35.2895,3.4164,0.09681066606214314
42,2020-03-11,32.47,32.66,33.38,32.46,66715,35.7889,3.4648,0.09681214007695124
43,2020-03-12,32.3,32.09,32.43,31.89,48113,35.4143,3.4285,0.09681117514676275
44,2020-03-13,30.85,31.36,31.63,30.44,72370,35.5236,3.4391,0.09681169701269014
45,2020-03-16,31.55,30.77,32.01,30.62,65307,35.7733,3.4633,0.09681242714538496
46,2020-03-17,31.08,30.16,31.19,29.83,52294,35.8045,3.4663,0.0968118532586686
47,2020-03-18,30.44,29.86,30.74,29.63,48094,35.1022,3.3983,0.09681159585439088
48,2020-03-19,29.72,29.86,29.93,29.03,61516,35.1334,3.4013,0.09681101174381072
49,2020-03-20,29.86,29.92,30.05,29.57,29620,35.1334,3.4013,0.09681101174381072
50,2020-03-23,29.09,29.01,29.4,28.97,30648,35.2739,3.4149,0.09681095654293968
51,2020-03-24,29.3,29.4,29.83,28.97,34618,34.8837,3.3771,0.09681025808615486
52,2020-03-25,29.81,29.9,30.09,29.55,52548,34.3842,3.3288,0.09681190779485928
53,2020-03-26,29.81,29.41,29.84,29.35,34692,34.9305,3.3817,0.09681224145088103
54,2020-03-27,29.55,29.32,29.79,29.27,29820,35.508,3.4376,0.09681198603131688
55,2020-03-30,28.97,30.47,31.54,28.29,87474,34.8993,3.3787,0.09681283005676332
56,2020-03-31,30.32,31.23,31.66,29.87,115167,35.3987,3.427,0.09681146482780442
57,2020-04-01,30.76,30.3,31.46,30.25,62098,35.5392,3.4406,0.09681140824779398
58,2020-04-02,30.09,30.47,30.59,29.86,38338,35.586,3.4451,0.09681054347215197
59,2020-04-03,30.47,30.39,30.56,30.13,31037,35.6329,3.4497,0.09681221567708494
60,2020-04-07,30.79,30.71,30.93,30.56,36417,36.0074,3.4859,0.09681065558746259
61,2020-04-08,30.71,30.39,30.76,30.3,30508,36.2728,3.5116,0.09681083346198806
62,2020-04-09,30.54,30.42,30.68,30.32,24648,36.1947,3.6593,0.10110043735685059
63,2020-04-10,30.51,30.33,30.76,30.22,34894,36.0074,3.6403,0.10109866305259475
64,2020-04-13,30.28,29.72,30.28,29.57,23233,36.2728,3.6672,0.10110054917183124
65,2020-04-14,29.86,30.09,30.1,29.73,24102,37.2561,3.7666,0.10110022251389704
66,2020-04-15,30.09,30.33,31.07,29.95,42098,37.2405,3.765,0.10109960929633062
67,2020-04-16,30.07,30.22,30.48,29.93,19242,37.1468,3.7555,0.101098883349306
68,2020-04-17,30.32,30.35,30.71,30.19,30986,36.6162,3.7019,0.10110005953648932
69,2020-04-20,30.38,30.54,30.77,29.58,42648,36.2104,3.6609,0.10110078872368158
70,2020-04-21,30.76,30.59,31.31,30.51,60891,36.2572,3.6656,0.10109991946427194
71,2020-04-22,30.5,30.35,30.54,30.09,31077,35.586,3.5977,0.10109874669813973
72,2020-04-23,30.47,30.41,30.77,30.27,30940,35.43,3.582,0.10110076206604572
73,2020-04-24,30.45,29.9,30.59,29.86,28406,35.7265,3.6119,0.10109862427049948
74,2020-04-27,30.01,29.89,30.22,29.83,25340,35.6016,3.5993,0.10109938879151499
75,2020-04-28,30.01,29.87,30.7,29.38,33243,35.9294,3.6325,0.10110104816668243
76,2020-04-29,29.89,29.84,30.04,29.63,20022,36.2104,3.6609,0.10110078872368158
77,2020-04-30,30.02,30.62,31.08,29.9,58373,37.1312,3.754,0.10110096091696472
78,2020-05-06,30.59,31.31,31.39,30.33,78419,36.8347,3.724,0.10110032116455409
79,2020-05-07,31.33,31.89,32.4,31.31,86013,36.6474,3.705,0.10109857725241082
80,2020-05-08,31.89,31.97,32.23,31.65,60108,36.8503,3.7256,0.10110094083358888
81,2020-05-11,31.94,31.54,32.04,31.42,47841,36.1167,3.6514,0.10110004513147658
82,2020-05-12,31.54,31.17,31.63,30.91,42420,35.149,3.5536,0.10110102705624625
83,2020-05-13,31.16,31.52,31.8,30.96,36804,35.4924,3.5883,0.10110051729384317
84,2020-05-14,31.23,31.36,31.77,31.16,31124,34.6808,3.5062,0.10109916726257757
85,2020-05-15,31.48,32.01,32.27,31.42,83238,34.431,3.481,0.10110075222909588
86,2020-05-18,31.85,31.89,32.43,31.72,60601,34.8993,3.5283,0.10109944898608283
87,2020-05-19,32.27,31.97,32.47,31.94,46026,35.9918,3.6388,0.10110080629476714
88,2020-05-20,32.01,31.97,32.38,31.78,45773,36.9595,3.7366,0.10109985254129521
89,2020-05-21,31.98,32.9,33.96,31.98,136152,37.2405,3.765,0.10109960929633062
90,2020-05-22,32.89,32.3,32.99,32.29,72246,37.0064,3.7413,0.10109872886852003
91,2020-05-25,32.15,31.4,32.57,31.4,54816,35.9138,3.6309,0.10110041265474552
92,2020-05-26,31.48,31.52,31.78,31.23,42510,36.1011,3.6498,0.10109941248327613
93,2020-05-27,31.52,31.95,32.49,31.43,61516,37.1468,3.7555,0.101098883349306
94,2020-05-28,31.89,31.29,32.38,31.25,50286,38.7232,3.9149,0.10109959920667713
95,2020-05-29,31.08,31.51,32.0,30.94,40754,40.6586,4.1106,0.10110038220696237
96,2020-06-01,31.55,32.04,32.27,31.48,62225,40.5806,4.1027,0.10110003302070447
97,2020-06-02,32.15,32.86,33.28,32.15,132828,40.3308,4.0774,0.10109891199777836
98,2020-06-03,32.95,32.41,32.95,32.26,75904,41.0332,4.1484,0.10109862257878985
99,2020-06-04,32.43,32.37,32.61,32.23,33962,39.5192,3.9954,0.10110022470090488
100,2020-06-05,32.3,32.89,33.22,32.2,86802,35.9294,3.6325,0.10110104816668243
101,2020-06-08,32.76,33.91,34.45,32.76,176050,34.5091,3.4889,0.10110086904613567
102,2020-06-09,33.77,33.99,34.28,33.62,82667,34.6183,3.4999,0.10109970738020065
103,2020-06-10,33.94,33.47,33.96,33.47,51312,33.2917,3.3658,0.10110027424252893
104,2020-06-11,33.56,34.1,34.65,33.48,122163,33.5102,3.3879,0.10110056042637765
105,2020-06-12,33.45,33.73,34.22,33.3,73130,32.761,3.3121,0.1010988675559354
106,2020-06-15,33.76,33.1,34.03,33.1,66671,32.839,3.32,0.10109930265842443
107,2020-06-16,33.32,33.01,33.5,32.67,60690,32.8078,3.3169,0.10110095769908375
108,2020-06-17,32.98,33.84,34.45,32.86,101588,32.9951,3.3358,0.10109986028228433
109,2020-06-18,33.87,33.32,33.87,33.05,60267,32.9639,3.3326,0.10109847439168301
110,2020-06-19,33.28,33.16,33.58,32.96,69066,33.12,3.3484,0.10109903381642513
111,2020-06-22,33.15,33.19,33.3,32.98,50174,33.6507,3.4021,0.10110042287381837
112,2020-06-23,33.74,33.01,33.74,32.92,50248,32.8078,3.3169,0.10110095769908375
113,2020-06-24,33.01,33.04,33.28,32.98,33083,32.9015,3.3263,0.10109873410026898
114,2020-06-29,32.98,32.96,33.33,32.64,41072,33.916,3.3038,0.0974112513268074
115,2020-06-30,33.25,33.7,33.82,33.16,86742,34.2906,3.3403,0.09741153552285467
116,2020-07-01,34.17,33.48,34.17,33.38,68505,33.6507,3.2779,0.09740956354548344
117,2020-07-02,33.59,34.78,35.04,33.59,170906,34.1813,3.3296,0.09740998733225477
118,2020-07-03,34.78,34.68,35.35,34.23,115665,34.1033,3.322,0.09740992807147697
119,2020-07-06,34.68,36.07,36.16,34.66,165363,33.0576,3.2202,0.0974117903296065
120,2020-07-07,36.73,39.59,39.59,36.12,305642,32.5269,3.1685,0.0974116807934356
121,2020-07-08,39.64,41.08,42.36,39.15,455125,32.5737,3.173,0.09740987360969125
122,2020-07-09,40.17,40.39,40.89,39.1,263198,33.0263,3.2171,0.09741024577382268
123,2020-07-10,39.87,40.63,41.79,39.53,244281,32.1991,3.1365,0.09740955492544821
124,2020-07-13,40.48,40.71,41.35,39.79,214722,31.6528,3.0833,0.09741002375777183
125,2020-07-14,40.45,38.81,40.52,38.11,232380,31.4343,3.062,0.0974095176288322
126,2020-07-15,38.9,37.26,39.22,37.17,143631,32.1055,3.1274,0.09741010107302488
127,2020-07-16,37.42,36.24,37.88,36.09,112685,31.6684,3.0848,0.09740940495888646
128,2020-07-17,36.24,36.05,36.77,35.53,92491,31.5436,3.0727,0.09741120227241025
129,2020-07-20,36.96,37.13,37.29,36.24,82102,32.4645,3.1624,0.09741101818909885
130,2020-07-21,37.26,37.36,38.12,36.94,88995,33.0732,3.2217,0.09741119698124161
131,2020-07-22,37.36,37.08,37.85,36.8,82361,32.1211,3.1289,0.09740949095765711
132,2020-07-23,36.68,36.13,36.8,35.58,104485,32.1211,3.1289,0.09740949095765711
133,2020-07-24,35.92,35.06,36.8,34.52,108169,32.043,3.1213,0.09740973067440628
134,2020-07-27,35.06,34.6,35.26,34.39,53543,32.1679,3.1335,0.09741077285119637
135,2020-07-28,34.82,34.85,35.34,34.6,39870,31.4968,3.0681,0.09740989560844275
136,2020-07-29,34.85,35.64,35.66,34.4,61557,31.6684,3.0848,0.09740940495888646
137,2020-07-30,35.58,35.3,35.99,35.2,45198,31.3095,3.0499,0.09741132882990786
138,2020-07-31,35.27,36.25,36.25,35.24,85079,31.6841,3.0864,0.09741163548909389
139,2020-08-03,36.48,36.97,37.1,36.25,85661,32.1211,3.1289,0.09740949095765711
140,2020-08-04,36.82,36.77,37.17,36.27,85517,32.043,3.1213,0.09740973067440628
141,2020-08-05,36.76,36.96,37.16,36.12,85994,31.4499,3.0636,0.09741207444220809
142,2020-08-06,36.79,37.25,37.52,36.58,81463,30.7476,2.9951,0.0974092286877675
143,2020-08-07,37.26,36.35,37.26,35.92,73691,29.9516,2.9176,0.09741048892212771
144,2020-08-10,36.32,36.07,36.51,35.6,63705,29.9828,2.964,0.09885667782862174
145,2020-08-11,36.18,35.75,36.74,35.58,63321,29.9984,2.9656,0.09885860579230892
146,2020-08-12,35.4,35.87,36.02,34.65,83548,30.014,2.9671,0.09885719997334577
147,2020-08-13,35.89,35.58,35.89,35.43,40976,94.4531,3.0506,0.03229751061637998
148,2020-08-14,35.5,35.73,35.89,35.29,47594,94.26,3.0444,0.032297899427116486
149,2020-08-17,35.73,36.39,36.5,35.66,73196,95.0326,3.0693,0.03229733796612952
150,2020-08-18,36.47,36.35,36.65,36.22,48495,94.8877,3.0647,0.0322981798483892
151,2020-08-19,36.39,36.74,37.49,36.36,120260,94.26,3.0444,0.032297899427116486
152,2020-08-20,36.56,37.26,37.43,36.13,103481,93.8736,3.0319,0.03229768539823763
153,2020-08-21,37.63,37.36,37.94,36.9,93409,94.2117,3.0428,0.032297474729784094
154,2020-08-24,37.71,37.37,38.35,37.26,106437,93.439,3.0179,0.032298076820171454
155,2020-08-25,37.37,36.41,37.39,36.36,80211,92.2801,2.9804,0.032297320874164634
156,2020-08-26,36.35,36.15,36.74,35.92,47388,94.2117,3.0428,0.032297474729784094
157,2020-08-27,36.15,36.33,36.41,35.93,34532,94.5014,3.0522,0.032297934210498466
158,2020-08-28,36.24,36.41,36.5,35.99,42099,94.4048,3.0491,0.032298145856990326
159,2020-08-31,36.35,36.15,36.79,36.15,48109,95.4189,3.0818,0.03229758465042041
160,2020-09-01,36.09,35.78,36.36,35.44,61705,94.4048,3.0491,0.032298145856990326
161,2020-09-02,35.81,35.73,36.18,35.27,47826,94.6463,3.0569,0.03229814583348742
162,2020-09-03,36.01,35.69,36.01,35.58,27913,94.1151,3.0397,0.03229768655614242
163,2020-09-04,35.43,35.55,35.95,35.08,33776,97.0607,3.1349,0.03229834526229463
164,2020-09-07,35.53,35.06,35.92,34.82,41596,94.6463,3.0569,0.03229814583348742
165,2020-09-08,35.29,35.66,35.79,35.14,47028,91.0246,2.9399,0.03229786233611573
166,2020-09-09,35.55,35.09,35.72,34.92,42547,91.3143,2.9493,0.032298336624165105
167,2020-09-10,35.12,34.55,35.66,34.51,40963,92.8596,2.9992,0.03229822226242629
168,2020-09-11,34.54,35.04,35.12,34.2,29705,91.266,2.9477,0.03229789845068262
169,2020-09-14,35.27,35.43,35.57,34.97,27075,90.0588,2.9087,0.032297787667612717
170,2020-09-15,35.53,35.29,35.53,35.18,18138,92.9079,3.0007,0.03229757641707541
171,2020-09-16,35.58,35.29,35.72,35.26,23580,92.7147,2.9945,0.03229800668070975
172,2020-09-17,35.29,35.26,35.49,34.8,31314,92.7147,2.9945,0.03229800668070975
173,2020-09-18,35.53,35.95,36.04,35.23,79620,93.6805,3.0257,0.03229807697439702
174,2020-09-21,36.5,35.92,36.54,35.75,42474,95.612,3.0881,0.03229824708195624
175,2020-09-22,35.73,35.67,36.62,35.43,50723,97.447,3.1473,0.032297556620521924
176,2020-09-23,35.66,35.57,35.95,35.43,25743,99.7649,3.2222,0.03229793243916448
177,2020-09-24,35.49,35.93,36.39,35.35,54256,101.5516,3.2799,0.032297866306390054
178,2020-09-25,35.57,35.44,36.02,35.43,31301,100.8755,3.2581,0.03229822900506069
179,2020-09-28,35.43,35.26,35.73,35.24,23666,100.4892,3.2456,0.03229799819284063
180,2020-09-29,35.27,35.27,35.47,35.11,21269,103.628,3.347,0.032298220558150306
181,2020-09-30,35.46,35.01,35.52,34.98,20837,104.4972,3.375,0.032297516105694694
182,2020-10-09,35.35,35.57,35.79,35.27,26611,103.6763,3.3485,0.0322976417947014
183,2020-10-12,35.86,36.42,36.47,35.72,71988,102.8554,3.322,0.03229776948998302
184,2020-10-13,36.42,36.9,37.65,36.25,107807,101.793,3.2877,0.0322978986767263
185,2020-10-14,37.11,36.53,37.25,36.51,51277,98.5577,3.1832,0.032297831625535095
186,2020-10-15,36.74,36.5,36.94,36.27,36211,103.29,3.336,0.032297415045018874
187,2020-10-16,36.35,36.21,36.62,36.18,29733,104.0626,3.361,0.03229786686090872
188,2020-10-19,36.24,37.23,37.28,36.24,97192,105.125,3.3953,0.032297740784780024
189,2020-10-20,36.91,37.59,37.66,36.77,86407,108.312,3.4982,0.032297437033754345
190,2020-10-21,37.52,37.56,37.78,37.19,54217,109.2295,3.5279,0.03229805135059668
191,2020-10-22,37.59,37.78,38.18,37.16,80860,105.4147,3.4047,0.03229815196552284
192,2020-10-23,37.77,37.25,38.18,37.22,69929,104.3041,3.3688,0.03229786748555426
193,2020-10-26,37.48,36.09,37.68,36.09,69022,105.0767,3.3937,0.032297359928509364
194,2020-10-27,36.36,35.46,36.36,35.3,65396,104.6904,3.3813,0.03229809036931753
195,2020-10-28,35.55,35.73,35.9,35.15,44236,102.0345,3.2955,0.03229789923996296
196,2020-10-29,35.5,36.09,36.1,35.27,37715,101.6482,3.283,0.03229766980625333
197,2020-10-30,35.9,35.5,36.35,35.43,45101,102.4208,3.308,0.03229812694296471
198,2020-11-02,35.52,34.74,35.86,34.66,44543,101.9379,3.2924,0.0322980952128698
199,2020-11-03,34.78,34.74,35.18,34.51,43517,102.7105,3.3173,0.03229757424995497
200,2020-11-04,34.88,34.43,34.95,34.39,46878,100.8273,3.2565,0.03229780029813354
201,2020-11-05,34.66,36.22,36.42,34.42,103214,100.4892,3.2456,0.03229799819284063
202,2020-11-06,36.04,37.34,37.39,35.72,127732,100.4409,3.244,0.032297599882119735
203,2020-11-09,37.08,37.19,37.92,36.77,174893,96.433,3.1146,0.03229807223668246
204,2020-11-10,37.36,37.39,38.24,37.0,149615,102.5174,3.3111,0.03229793186327395
205,2020-11-11,37.8,37.98,38.61,37.65,191815,113.9135,3.6792,0.03229819117137126
206,2020-11-12,38.55,35.96,38.61,35.09,237023,116.5211,3.7634,0.032298012977907006
207,2020-11-13,35.23,34.57,35.23,34.37,139405,115.8451,3.7415,0.03229743856235611
208,2020-11-16,34.86,34.66,35.01,34.52,59478,119.1287,3.8476,0.03229784258537195
209,2020-11-17,34.66,34.39,34.72,34.2,47759,119.1287,3.8476,0.03229784258537195
210,2020-11-18,34.51,34.63,34.75,34.48,32877,120.0945,3.8788,0.0322978987380771
211,2020-11-19,34.83,34.68,34.85,34.54,30003,119.6599,3.8648,0.03229820516313318
212,2020-11-20,34.77,34.63,34.78,34.42,40468,121.3983,3.9209,0.032297816361514124
213,2020-11-23,34.48,34.57,34.66,34.26,42379,118.6941,3.8336,0.03229815129816899
214,2020-11-24,34.57,34.26,34.57,34.23,35435,119.0805,3.846,0.03229747943617973
215,2020-11-25,34.39,33.64,34.46,33.51,49768,118.2113,3.818,0.03229809671325838
216,2020-11-26,33.76,33.62,33.9,33.56,27554,117.1972,3.7852,0.032297699945049885
217,2020-11-27,33.62,34.39,34.85,33.61,64561,119.6599,3.8648,0.03229820516313318
218,2020-11-30,34.54,33.91,34.55,33.15,68750,118.8873,3.8398,0.032297814821263496
219,2020-12-01,33.93,33.94,34.05,33.38,41390,118.839,3.8382,0.032297478100623535
