,日期,开盘,收盘,最高,最低,成交量,pe,pb,roe
0,2020-01-03,2534.02,2515.33,2534.02,2480.82,426709,33.8211,8.257,0.2441375354438501
1,2020-01-06,2495.92,2468.6,2511.02,2449.19,428996,33.1544,8.0942,0.24413652486547788
2,2020-01-07,2481.54,2544.81,2567.09,2468.6,632229,33.6018,8.2035,0.24413870685498992
3,2020-01-08,2528.27,2547.68,2568.53,2518.21,463519,33.4439,8.1649,0.24413719691782357
4,2020-01-09,2565.65,2569.25,2600.88,2562.78,437332,33.1544,8.0942,0.24413652486547788
5,2020-01-10,2570.69,2564.22,2578.59,2541.21,270937,33.9527,8.2891,0.24413669605068225
6,2020-01-13,2554.15,2605.19,2605.19,2551.28,387054,34.6634,8.4626,0.24413646670551647
7,2020-01-14,2616.7,2586.5,2616.7,2575.72,261589,34.4177,8.4027,0.24413891689450481
8,2020-01-15,2584.35,2625.32,2651.92,2580.03,486043,34.2861,8.3705,0.24413683679391943
9,2020-01-16,2625.32,2644.02,2652.64,2620.29,284379,33.6281,8.2099,0.24413808689756478
10,2020-01-17,2641.86,2597.29,2651.92,2589.38,393480,33.3123,8.1328,0.24413805111025055
11,2020-01-20,2593.69,2598.01,2602.32,2562.06,332124,33.5316,8.1863,0.24413687387419628
12,2020-01-21,2581.47,2548.4,2581.47,2526.83,391528,33.6194,8.2077,0.2441358263383642
13,2020-01-22,2538.33,2566.37,2571.41,2499.51,370712,34.2247,8.3555,0.24413654465926654
14,2020-01-23,2548.4,2436.25,2548.4,2418.99,764167,34.4441,8.4091,0.24413760266634926
15,2020-02-03,2224.88,2273.77,2320.5,2224.88,1284504,34.1633,8.3405,0.24413625147453555
16,2020-02-04,2293.9,2357.17,2359.32,2293.18,805724,34.6634,8.4626,0.24413646670551647
17,2020-02-05,2379.45,2361.48,2381.61,2340.63,601311,34.1107,8.3277,0.24413747006071407
18,2020-02-06,2379.45,2411.8,2411.8,2367.95,668650,34.6371,8.4562,0.24413706690225226
19,2020-02-07,2408.21,2444.16,2454.94,2373.7,554096,34.6195,8.4519,0.24413697482632618
20,2020-02-10,2415.4,2402.46,2434.09,2387.36,537192,34.3125,8.377,0.24413843351548273
21,2020-02-11,2401.74,2406.77,2449.19,2401.74,458072,33.2509,8.1178,0.24413775266233398
22,2020-02-12,2406.77,2408.21,2424.03,2401.02,368794,34.8564,8.5098,0.24413880951561262
23,2020-02-13,2407.49,2366.51,2411.8,2365.07,496748,38.7254,10.4997,0.27113212516849405
24,2020-02-14,2361.48,2368.67,2386.64,2358.6,396892,37.7165,10.2261,0.2711306722521973
25,2020-02-17,2349.26,2402.46,2404.61,2347.1,616434,36.1636,9.8051,0.27113174573327875
26,2020-02-18,2390.96,2404.61,2418.99,2389.52,501454,36.3215,9.8479,0.2711314235370235
27,2020-02-19,2404.61,2426.9,2432.65,2389.52,594199,35.4881,9.6219,0.2711303225588296
28,2020-02-20,2425.46,2468.6,2476.51,2415.4,579514,36.9708,10.0239,0.2711301892304197
29,2020-02-21,2457.1,2441.28,2458.53,2430.5,549092,36.7163,9.9549,0.271130260946773
30,2020-02-24,2424.03,2388.08,2424.03,2368.67,744093,36.4093,9.8717,0.27113127689903405
31,2020-02-25,2354.29,2367.95,2374.42,2339.91,620948,35.2512,9.5577,0.2711311955337691
32,2020-02-26,2333.44,2344.94,2370.11,2324.1,517498,36.1548,9.8027,0.2711313573854647
33,2020-02-27,2350.7,2386.64,2393.83,2347.1,548577,36.383,9.8646,0.2711321221449578
34,2020-02-28,2340.63,2311.87,2372.26,2311.15,538814,36.6725,9.943,0.2711295930192924
35,2020-03-02,2321.94,2360.76,2368.67,2321.94,476232,36.3917,9.8669,0.27113050503274094
36,2020-03-03,2372.26,2379.45,2398.14,2360.76,603172,36.576,9.9169,0.2711313429571304
37,2020-03-04,2375.86,2416.12,2417.56,2369.39,545097,35.3565,9.5862,0.2711297781171779
38,2020-03-05,2430.5,2457.82,2482.26,2406.05,877076,33.7773,9.1581,0.2711317956142143
39,2020-03-06,2433.37,2416.84,2470.76,2412.52,468430,33.593,9.1081,0.2711308903640639
40,2020-03-09,2368.67,2320.5,2368.67,2318.34,765668,33.4965,9.082,0.27113280491991704
41,2020-03-10,2311.15,2382.33,2386.64,2311.15,609021,33.4351,9.0653,0.2711312363354679
42,2020-03-11,2375.86,2337.04,2376.58,2335.6,512095,33.2509,9.0153,0.2711295032615658
43,2020-03-12,2316.91,2287.43,2317.63,2273.77,548953,34.0843,9.2413,0.27113069653770216
44,2020-03-13,2206.91,2265.14,2287.43,2185.34,840074,33.8913,9.189,0.27113152933053614
45,2020-03-16,2264.42,2192.53,2264.42,2178.15,670517,33.8211,9.17,0.27113251786606585
46,2020-03-17,2210.51,2230.64,2250.05,2166.65,740886,34.523,9.3603,0.2711322886191814
47,2020-03-18,2240.7,2222.73,2296.78,2209.79,552657,33.479,9.0772,0.27113115684458916
48,2020-03-19,2225.6,2234.95,2251.48,2178.15,722674,34.3037,9.3008,0.2711311024758262
49,2020-03-20,2234.95,2271.61,2285.99,2234.95,483904,35.0319,9.4982,0.27113002720377716
50,2020-03-23,2193.97,2211.22,2235.67,2193.25,597060,34.2335,9.2818,0.27113207822746727
51,2020-03-24,2250.05,2271.61,2275.21,2239.98,521434,34.0756,9.2389,0.27112948854899105
52,2020-03-25,2314.75,2292.46,2318.34,2274.49,542547,34.058,9.2342,0.27113159903693695
53,2020-03-26,2261.55,2273.77,2298.93,2255.8,313513,34.3651,9.3174,0.2711297217234927
54,2020-03-27,2301.81,2296.06,2334.88,2289.59,646629,34.988,9.4863,0.2711301017491711
55,2020-03-30,2280.24,2320.5,2323.38,2274.49,506770,35.4267,9.6053,0.2711316605836841
56,2020-03-31,2339.91,2380.17,2381.61,2319.06,638059,35.9531,9.748,0.2711310012210352
57,2020-04-01,2353.57,2339.91,2380.17,2328.41,568082,36.4531,9.8836,0.27113194762585346
58,2020-04-02,2332.0,2334.88,2346.38,2302.53,402481,36.497,9.8955,0.2711318738526454
59,2020-04-03,2329.13,2349.26,2378.01,2319.06,388324,36.4268,9.8764,0.2711300471081731
60,2020-04-07,2379.45,2403.9,2418.27,2379.45,749449,36.7953,9.9764,0.2711324544167326
61,2020-04-08,2390.24,2385.2,2403.9,2368.67,359908,35.6109,11.1347,0.31267673661715933
62,2020-04-09,2394.55,2401.02,2424.74,2393.11,412127,32.3735,10.1225,0.3126785797025345
63,2020-04-10,2401.02,2404.61,2452.78,2390.24,472805,31.426,9.8262,0.3126774008782537
64,2020-04-13,2403.9,2380.17,2403.9,2357.17,342100,30.9259,9.6699,0.31267966332426866
65,2020-04-14,2389.52,2427.62,2436.97,2357.88,569344,30.8996,9.6616,0.31267718675969913
66,2020-04-15,2432.65,2388.8,2436.97,2376.58,441358,30.6101,9.5711,0.31267784162743667
67,2020-04-16,2382.33,2375.86,2403.9,2362.92,303228,29.8907,9.3462,0.31267919453207854
68,2020-04-17,2397.43,2386.64,2411.8,2380.17,378759,30.6978,9.5985,0.3126771299571956
69,2020-04-20,2411.8,2426.18,2444.16,2390.96,595721,31.7068,9.914,0.3126774067392483
70,2020-04-21,2426.18,2392.39,2426.18,2367.95,603553,31.0137,9.6973,0.3126779455530943
71,2020-04-22,2375.86,2413.96,2416.12,2373.7,413918,30.9172,9.6671,0.31267708589393606
72,2020-04-23,2411.8,2442.72,2474.35,2410.37,583807,30.5662,9.5574,0.3126787104710432
73,2020-04-24,2449.91,2476.51,2498.08,2433.37,603674,30.9874,9.6891,0.31267870166583833
74,2020-04-27,2481.54,2464.29,2494.48,2447.75,373252,31.5839,9.8756,0.31267829495407473
75,2020-04-28,2465.72,2492.32,2503.83,2429.78,600873,31.9524,9.9908,0.31267760794181343
76,2020-04-29,2404.61,2339.19,2404.61,2317.63,1835356,31.9612,9.9936,0.3126791234371676
77,2020-04-30,2339.19,2335.6,2357.88,2303.97,1078143,32.5753,10.1856,0.31267862460207585
78,2020-05-06,2297.5,2330.57,2332.72,2296.78,986493,33.1017,10.3502,0.31267880501605655
79,2020-05-07,2332.0,2322.66,2347.82,2315.47,647814,33.1381,10.3615,0.3126763453547427
80,2020-05-08,2329.85,2349.98,2365.07,2315.47,795377,33.4276,10.4521,0.31267874451052424
81,2020-05-11,2346.38,2334.16,2388.08,2321.94,681645,32.1379,10.0488,0.3126775551607292
82,2020-05-12,2324.81,2327.69,2343.51,2317.63,610317,31.6027,9.8815,0.31267897996057303
83,2020-05-13,2327.69,2352.85,2364.36,2307.56,721581,31.4711,9.8403,0.31267734524690904
84,2020-05-14,2333.44,2318.34,2345.66,2315.47,580560,31.0236,9.7004,0.31267809022808446
85,2020-05-15,2326.25,2280.96,2328.41,2278.8,836484,29.7453,9.2975,0.31257038927158237
86,2020-05-18,2280.96,2295.34,2311.15,2253.64,660158,29.8593,9.3332,0.31257263231221094
87,2020-05-19,2311.87,2318.34,2325.53,2300.37,568982,31.1843,9.7473,0.31257074874215546
88,2020-05-20,2314.75,2298.21,2338.47,2289.59,551924,31.5879,9.8735,0.31257221910921584
89,2020-05-21,2309.0,2288.15,2316.91,2278.08,442807,29.8857,9.3414,0.3125708951103705
90,2020-05-22,2276.65,2238.54,2280.96,2237.11,723278,29.3417,9.1714,0.31257220951751263
91,2020-05-25,2252.2,2282.4,2292.46,2214.1,584498,30.1401,9.4209,0.312570296714344
92,2020-05-26,2304.68,2291.02,2308.28,2265.86,517575,29.0433,9.0781,0.3125712298533569
93,2020-05-27,2290.31,2298.93,2324.1,2283.12,500755,31.1053,9.7226,0.3125705265662122
94,2020-05-28,2298.93,2278.08,2314.03,2255.08,407027,30.8508,9.6431,0.3125721213064167
95,2020-05-29,2273.05,2278.8,2299.65,2261.55,436973,31.1053,9.7226,0.3125705265662122
96,2020-06-01,2296.78,2312.59,2327.69,2282.4,780064,30.3244,9.4785,0.31257007558269906
97,2020-06-02,2304.68,2306.84,2311.87,2285.27,611886,30.728,9.6047,0.31257159593855766
98,2020-06-03,2310.44,2301.09,2323.38,2291.02,565828,30.5701,9.6629,0.316089904841659
99,2020-06-04,2319.78,2309.72,2320.5,2298.93,476804,29.482,9.319,0.31609117427582933
100,2020-06-05,2311.15,2280.96,2314.75,2268.02,806496,29.6575,9.3745,0.31609205091460846
101,2020-06-08,2303.97,2410.37,2426.18,2301.81,1895372,27.7184,8.7616,0.31609328099746015
102,2020-06-09,2439.12,2429.78,2467.88,2418.27,1362874,27.9422,8.8323,0.31609178947971167
103,2020-06-10,2432.65,2401.74,2436.97,2393.83,645721,27.8984,8.8185,0.3160933960370487
104,2020-06-11,2412.52,2368.67,2418.27,2340.63,785325,27.2336,8.6083,0.31609115210622174
105,2020-06-12,2337.04,2383.77,2383.77,2333.44,544002,27.0149,8.5392,0.31609223058386293
106,2020-06-15,2355.01,2347.82,2380.89,2343.51,599118,26.9624,8.5226,0.31609203928433677
107,2020-06-16,2370.11,2370.11,2384.49,2353.57,557652,26.455,8.3622,0.3160914760914761
108,2020-06-17,2376.58,2404.61,2412.52,2362.2,572860,26.3237,8.3207,0.31609158287018924
109,2020-06-18,2410.37,2393.83,2419.71,2387.36,495582,26.1663,8.2709,0.3160897796020071
110,2020-06-19,2390.96,2442.0,2461.41,2388.08,1063056,25.5801,8.0857,0.31609336945516237
111,2020-06-22,2447.75,2454.94,2497.36,2441.28,768440,25.7113,8.1271,0.31609059051856575
112,2020-06-23,2458.53,2465.72,2501.67,2442.72,932300,25.2914,7.9944,0.31609163589204237
113,2020-06-24,2498.79,2507.42,2529.71,2480.1,754725,25.0202,7.9087,0.31609259718147736
114,2020-06-29,2520.36,2511.73,2551.28,2488.01,675432,25.4576,8.047,0.31609421155175665
115,2020-06-30,2534.74,2529.71,2551.99,2510.3,654682,25.2739,7.9889,0.31609288633728866
116,2020-07-01,2538.33,2584.35,2601.6,2526.83,743401,25.6764,8.1161,0.31609181972550665
117,2020-07-02,2592.25,2587.94,2612.38,2552.71,769371,26.7262,6.902,0.2582484603123527
118,2020-07-03,2628.2,2562.78,2630.36,2531.86,962296,26.49,6.841,0.25824839562098906
119,2020-07-06,2585.06,2721.66,2750.42,2581.47,1413821,24.9153,6.4343,0.25824694063487097
120,2020-07-07,2764.08,2707.28,2764.08,2703.69,1042798,25.2652,6.5247,0.2582484999129237
121,2020-07-08,2707.28,2796.43,2818.72,2701.53,1150989,25.1602,6.4976,0.25824913951399436
122,2020-07-09,2796.43,2809.37,2843.16,2777.74,810787,25.2302,6.5157,0.25825003368978444
123,2020-07-10,2804.34,2776.3,2830.22,2759.76,803111,25.3002,6.5338,0.25825092291760543
124,2020-07-13,2736.04,2840.28,2884.86,2727.41,1107365,24.889,6.4276,0.258250632809675
125,2020-07-14,2815.84,2819.43,2879.82,2786.36,701845,24.8803,6.4253,0.2582484937882582
126,2020-07-15,2871.92,2840.28,2894.2,2800.02,787012,25.134,6.4908,0.2582477918357603
127,2020-07-16,2836.69,2671.34,2879.82,2671.34,1171996,25.0377,6.466,0.2582505581582973
128,2020-07-17,2653.36,2761.2,2789.96,2653.36,789786,24.9327,6.4389,0.25825121226341313
129,2020-07-20,2761.92,2695.78,2800.74,2628.2,1252812,24.3991,6.3011,0.258251328942461
130,2020-07-21,2700.81,2740.35,2779.17,2674.93,790753,25.0027,6.4569,0.25824810920420593
131,2020-07-22,2721.66,2879.82,2925.12,2721.66,1181376,25.1252,6.4886,0.2582506805915973
132,2020-07-23,2862.57,2846.75,2901.39,2784.21,780688,25.3702,6.5518,0.2582478656061048
133,2020-07-24,2815.12,2738.2,2842.44,2700.09,1010885,25.0902,6.4795,0.25824824034882143
134,2020-07-27,2779.89,2728.85,2796.43,2702.97,541364,24.9153,6.4343,0.25824694063487097
135,2020-07-28,2771.99,2833.81,2897.8,2759.04,962667,25.3702,6.5518,0.2582478656061048
136,2020-07-29,2836.69,2870.48,2885.58,2793.55,773533,25.7901,6.6603,0.258250258820245
137,2020-07-30,2904.99,2881.26,2939.49,2862.57,782861,25.4839,6.5812,0.2582493260450716
138,2020-07-31,2879.82,2925.12,2951.0,2858.26,716922,25.5626,6.6015,0.2582483784904509
139,2020-08-03,2973.28,3030.8,3058.12,2972.57,786509,25.7551,6.6512,0.2582478810022093
140,2020-08-04,3078.97,3007.07,3079.68,2966.81,614476,25.4227,6.5654,0.2582495171637946
141,2020-08-05,2997.73,3004.2,3055.96,2979.75,599042,25.5189,6.5902,0.258247808487043
142,2020-08-06,2981.19,2961.06,3004.2,2927.99,593622,25.5801,6.6061,0.2582515314639114
143,2020-08-07,2964.66,2910.74,2974.0,2874.07,639330,25.6239,6.6173,0.25824718329372187
144,2020-08-10,2930.15,2910.02,2949.56,2872.63,474049,29.5959,7.8296,0.2645501572852997
145,2020-08-11,2932.31,2879.82,2984.07,2872.63,505307,29.2285,7.7324,0.2645500111192843
146,2020-08-12,2879.11,2830.94,2897.08,2764.08,561368,29.3887,7.7748,0.26455066062806454
147,2020-08-13,2835.97,2796.43,2843.88,2789.96,403335,28.946,7.6577,0.2645512333310302
148,2020-08-14,2796.43,2825.19,2830.22,2766.23,492692,28.5692,7.558,0.2645506349495261
149,2020-08-17,2815.12,2833.09,2858.26,2789.96,708281,28.2866,7.4832,0.26454929189085996
150,2020-08-18,2828.06,2889.89,2911.46,2810.09,632640,28.7293,7.6004,0.26455221672647783
151,2020-08-19,2876.23,2807.21,2876.23,2800.74,491975,28.2112,7.4633,0.2645509584845735
152,2020-08-20,2797.15,2741.07,2797.15,2725.26,705365,28.0699,7.4259,0.26455028339965586
153,2020-08-21,2777.74,2800.02,2818.0,2746.1,547793,28.2395,7.4708,0.26455142619380656
154,2020-08-24,2826.62,2823.75,2877.67,2797.87,586200,28.7481,7.6054,0.26455313568548877
155,2020-08-25,2813.68,2825.9,2872.63,2808.65,462191,28.1265,7.4409,0.26455122393472347
156,2020-08-26,2834.53,2866.88,2891.33,2825.19,630321,28.4467,7.5256,0.26455089694059414
157,2020-08-27,2930.15,2944.53,3009.23,2897.8,921105,28.3996,7.5131,0.2645495006971929
158,2020-08-28,3160.2,3209.81,3209.81,3103.41,1319574,28.1924,7.4583,0.2645500205729204
159,2020-08-31,3275.23,3306.86,3388.82,3255.1,1760668,28.4373,7.5231,0.2645504320030383
160,2020-09-01,3288.17,3276.67,3321.96,3227.06,864558,27.7214,7.3337,0.26455013094576757
161,2020-09-02,3318.37,3282.42,3344.97,3262.29,749200,27.533,7.2839,0.2645516289543457
162,2020-09-03,3291.05,3278.83,3385.23,3259.42,919355,27.599,7.3013,0.2645494401971086
163,2020-09-04,3247.19,3237.85,3277.39,3182.49,681409,28.1265,7.4409,0.26455122393472347
164,2020-09-07,3280.98,3194.71,3352.88,3163.8,805076,27.3446,7.2341,0.2645531476050116
165,2020-09-08,3174.58,3158.77,3224.91,3109.16,638075,27.0244,7.1493,0.26454981424194435
166,2020-09-09,3126.41,3107.72,3153.02,3055.24,505249,26.7324,7.0721,0.26455163023147943
167,2020-09-10,3138.64,3082.56,3153.02,3075.37,487212,26.9773,7.1369,0.26455204931553566
168,2020-09-11,3117.07,3084.0,3117.07,3050.21,441476,26.8384,7.1001,0.264550047692858
169,2020-09-14,3149.42,3096.94,3163.08,3068.18,553593,26.0432,6.8897,0.26454890336057013
170,2020-09-15,3095.5,3162.36,3190.4,3095.5,686852,26.8384,7.1001,0.264550047692858
171,2020-09-16,3147.26,3102.69,3171.71,3078.97,455883,26.3556,6.9724,0.2645509872664633
172,2020-09-17,3077.53,3035.11,3083.28,2988.38,616750,26.1946,6.9298,0.2645507089247402
173,2020-09-18,3047.33,3120.66,3120.66,3021.45,479018,26.2988,6.9574,0.2645519947678221
174,2020-09-21,3119.94,3063.15,3137.2,3061.71,379971,25.797,6.8246,0.2645501414893205
175,2020-09-22,3059.56,3068.9,3121.38,3046.61,319064,26.7532,7.0776,0.2645515302842277
176,2020-09-23,3089.03,3084.72,3106.29,3058.12,303053,27.0466,7.1552,0.26455081230173105
177,2020-09-24,3066.74,3016.42,3070.34,2994.85,447502,27.6998,7.328,0.26455064657506555
178,2020-09-25,3009.23,3031.52,3058.84,3007.07,252615,28.2962,7.4858,0.2645514238661022
179,2020-09-28,3091.19,3036.55,3096.94,3023.61,301948,27.4821,7.2704,0.26455038006556997
180,2020-09-29,3067.46,3044.46,3070.34,3025.05,262771,28.7507,7.606,0.2645500805197787
181,2020-09-30,3063.87,3059.56,3120.66,3045.18,362273,29.2903,7.7488,0.26455174579980406
182,2020-10-09,3131.45,3188.96,3238.57,3100.53,539668,28.7412,7.6035,0.26455054068723644
183,2020-10-12,3223.47,3288.89,3300.39,3210.53,479761,28.2584,7.4758,0.26455142541686716
184,2020-10-13,3268.04,3273.79,3295.36,3260.13,255503,28.0122,7.4107,0.2645525878010296
185,2020-10-14,3275.23,3296.8,3332.75,3268.76,354898,27.3685,7.2404,0.26455231379140254
186,2020-10-15,3303.99,3273.08,3311.18,3256.54,358506,28.3531,7.5008,0.2645495554278015
187,2020-10-16,3268.04,3254.38,3321.24,3228.5,262381,27.804,7.3556,0.264551863041289
188,2020-10-19,3254.38,3180.33,3286.02,3171.71,516927,28.1069,7.4357,0.26455069751555665
189,2020-10-20,3199.75,3275.23,3289.61,3197.59,396566,28.372,7.5058,0.26454955590018325
190,2020-10-21,3299.68,3300.39,3303.99,3250.07,368381,29.0725,7.6912,0.26455241207326513
191,2020-10-22,3324.84,3321.24,3332.75,3260.85,365867,29.4323,7.7863,0.26454949154500323
192,2020-10-23,3321.24,3199.75,3321.24,3190.4,388879,28.8832,7.6411,0.2645517117216929
193,2020-10-26,3199.03,3268.04,3298.96,3142.23,290842,28.5897,7.5634,0.2645498203898607
194,2020-10-27,3310.46,3255.1,3325.56,3231.38,346487,28.5613,7.5559,0.2645502830753502
195,2020-10-28,3286.74,3382.35,3416.14,3272.36,760554,28.1164,7.4382,0.2645502269138297
196,2020-10-29,3381.63,3465.03,3493.79,3357.91,815575,28.088,7.4307,0.2645506978068926
197,2020-10-30,3238.57,3147.98,3275.23,3147.98,1342870,28.6371,7.576,0.26455192739488287
198,2020-11-02,3073.21,3016.42,3120.66,2976.88,1699316,28.6181,7.571,0.2645528529147637
199,2020-11-03,3029.36,3103.41,3118.51,3018.58,916659,28.5613,7.5559,0.2645502830753502
200,2020-11-04,3109.88,3128.57,3143.67,3053.08,520022,29.1104,7.7012,0.2645515004946686
201,2020-11-05,3149.42,3130.01,3163.8,3089.03,642121,28.6844,7.5885,0.2645514635132685
202,2020-11-06,3155.89,3086.87,3156.61,3065.31,534798,28.0217,7.4132,0.26455211496804265
203,2020-11-09,3118.51,3132.17,3150.14,3102.69,566945,27.9649,7.3981,0.26454948882348944
204,2020-11-10,3130.73,3091.19,3132.17,3073.93,492442,26.8668,7.1076,0.26454955558533205
205,2020-11-11,3117.07,3114.19,3175.3,3108.44,578873,29.0063,7.6736,0.2645494254696394
206,2020-11-12,3131.45,3096.22,3153.02,3081.12,436505,30.7197,8.1269,0.2645501095388301
207,2020-11-13,3088.31,3046.61,3088.31,3009.23,448552,30.4831,8.0643,0.2645498653352185
208,2020-11-16,3059.56,3039.43,3072.5,3017.14,403381,31.1363,8.2371,0.2645497377658874
209,2020-11-17,3029.36,3021.45,3037.27,2976.16,511696,31.1268,8.2346,0.26455016256088004
210,2020-11-18,3020.73,3047.33,3055.96,3007.79,400684,31.7422,8.3974,0.26455003118876447
211,2020-11-19,3048.05,3101.25,3104.85,3032.24,458995,31.496,8.3323,0.2645510541021082
212,2020-11-20,3102.69,3112.04,3140.79,3077.53,434501,30.9848,8.1971,0.2645522966099507
213,2020-11-23,3112.04,3132.17,3160.2,3103.41,449026,31.231,8.2622,0.2645512471582722
214,2020-11-24,3149.42,3073.93,3149.42,3055.96,484933,30.6913,8.1194,0.2645505403811504
215,2020-11-25,3073.93,3008.51,3084.72,3002.76,548092,30.7576,8.137,0.26455250084531956
216,2020-11-26,3002.76,3032.24,3038.71,2989.1,349816,30.4736,8.0618,0.2645502992754384
217,2020-11-27,3031.52,3045.18,3045.18,2995.57,304127,30.4357,8.0518,0.2645511685290629
218,2020-11-30,3042.3,3008.51,3050.93,3007.79,433226,29.4323,7.7863,0.26454949154500323
219,2020-12-01,3032.24,3063.15,3075.37,3022.89,359018,30.0476,7.9491,0.26455024694151946
