,日期,开盘,收盘,最高,最低,成交量,pe,pb,roe
0,2020-01-03,80.64,80.68,81.2,79.67,122537,118.756,3.592,0.030246892788574894
1,2020-01-06,81.48,80.19,83.05,79.63,157699,112.1254,3.3915,0.03024738373285625
2,2020-01-07,79.81,82.63,82.98,79.81,161768,111.3337,3.3675,0.030246906372464046
3,2020-01-08,83.15,83.36,84.72,82.56,186024,106.1629,3.2111,0.030246912998797133
4,2020-01-09,81.86,82.77,83.43,81.48,97093,102.8724,3.1116,0.03024718000163309
5,2020-01-10,82.28,81.76,83.4,81.03,73782,107.5237,3.2523,0.030247285017163655
6,2020-01-13,81.55,81.17,82.18,80.36,78671,104.6042,3.164,0.030247351444779462
7,2020-01-14,82.04,81.03,82.95,80.75,84608,103.763,3.1385,0.030246812447596926
8,2020-01-15,80.99,79.91,81.2,79.7,82247,101.4374,3.0682,0.03024722636818373
9,2020-01-16,80.33,80.09,81.52,79.98,63211,94.1389,2.8474,0.030246794895627628
10,2020-01-17,80.09,79.98,80.99,79.53,86095,90.6999,2.7434,0.030247001374863698
11,2020-01-20,80.16,80.02,81.06,79.6,99787,95.7223,2.8953,0.03024687037398809
12,2020-01-21,80.02,79.42,81.52,79.07,113292,94.8563,2.8691,0.030246804903838753
13,2020-01-22,79.11,78.83,79.11,77.43,84561,90.0814,2.7247,0.030247087634073182
14,2020-01-23,78.45,77.71,80.43,76.35,114844,90.1061,2.7255,0.0302476746857316
15,2020-02-03,70.18,70.18,71.19,70.18,121312,91.4916,2.7674,0.0302475855706972
16,2020-02-04,69.73,71.12,71.37,68.96,136670,94.5595,2.8602,0.03024762186771292
17,2020-02-05,71.02,71.99,72.8,70.49,119397,93.4461,2.8265,0.030247383250879382
18,2020-02-06,72.41,72.8,73.39,71.68,112372,95.3017,2.8826,0.03024709947461588
19,2020-02-07,72.8,74.96,75.66,72.27,119896,96.3161,2.9133,0.030247279530628834
20,2020-02-10,74.71,73.88,74.96,73.42,110507,95.0048,2.8736,0.030246892788574894
21,2020-02-11,73.91,73.56,74.33,73.42,81071,88.8938,2.6888,0.03024732883508186
22,2020-02-12,73.6,74.12,74.26,73.25,67114,90.403,2.7344,0.030246783845668836
23,2020-02-13,73.91,72.38,74.12,72.31,104554,90.1803,2.6081,0.02892095058455117
24,2020-02-14,72.31,72.76,73.25,72.06,67004,89.2154,2.5801,0.028919894995707015
25,2020-02-17,79.56,79.81,79.81,77.57,165703,90.2051,2.6088,0.028920759469253956
26,2020-02-18,87.55,87.55,87.55,87.55,53827,89.1907,2.5794,0.028920055566331468
27,2020-02-19,89.61,93.86,96.06,88.6,1300988,88.6711,2.5644,0.02892035849335353
28,2020-02-20,92.08,89.85,92.08,88.04,766867,91.1205,2.6352,0.028919946664032792
29,2020-02-21,89.96,93.72,96.58,88.91,622104,91.6648,2.651,0.028920588928356358
30,2020-02-24,92.01,91.14,92.61,90.06,394070,98.2211,2.8406,0.028920466172746993
31,2020-02-25,88.21,87.83,89.43,83.68,463627,97.7263,2.8263,0.028920566930294097
32,2020-02-26,86.12,85.32,90.03,85.32,341191,98.6417,2.8528,0.028920831656388726
33,2020-02-27,86.47,87.93,90.13,85.77,331302,102.2539,2.9572,0.02892016832609807
34,2020-02-28,84.41,82.98,86.47,82.95,294973,104.4063,3.0195,0.028920668580344287
35,2020-03-02,83.78,85.49,86.99,82.67,210797,106.633,3.0839,0.028920690592968406
36,2020-03-03,85.91,88.11,92.96,85.81,377822,107.5237,3.1096,0.028920135746816747
37,2020-03-04,87.13,89.92,91.87,87.13,282734,103.3177,2.988,0.028920504424701673
38,2020-03-05,91.0,90.03,92.57,88.46,273685,102.0559,2.9515,0.028920424982779046
39,2020-03-06,88.94,88.91,90.31,88.07,171244,101.4374,2.9336,0.0289202996133576
40,2020-03-09,86.47,84.2,87.86,84.2,186662,80.4376,3.011,0.037432742896356924
41,2020-03-10,83.33,87.1,87.48,83.02,160977,80.4167,3.0103,0.037433766866832384
42,2020-03-11,87.24,87.97,90.51,87.03,247289,82.1499,3.0751,0.03743279054508891
43,2020-03-12,86.29,86.78,89.57,85.6,168716,83.6952,3.133,0.03743344899110104
44,2020-03-13,83.89,88.91,89.78,83.57,289011,84.6349,3.1682,0.03743373005698595
45,2020-03-16,90.06,86.12,91.32,85.77,263889,87.9551,3.2924,0.037432735566215035
46,2020-03-17,86.99,85.46,88.21,82.81,165467,86.8066,3.2494,0.03743263761050427
47,2020-03-18,86.12,82.98,87.13,82.98,149552,85.3031,3.1932,0.03743357509867754
48,2020-03-19,83.15,82.04,84.31,80.64,265058,82.2752,3.0798,0.03743290809381199
49,2020-03-20,83.29,83.5,83.57,80.92,155101,84.0502,3.1463,0.03743358135971122
50,2020-03-23,81.52,79.74,82.11,79.18,136274,83.3819,3.1213,0.03743378359092321
51,2020-03-24,81.27,80.78,81.59,78.93,95035,85.0943,3.1853,0.037432589491893105
52,2020-03-25,82.32,81.93,82.42,80.71,111226,84.1546,3.1502,0.0374334855135667
53,2020-03-26,81.31,80.16,81.62,79.67,96176,83.3611,3.1205,0.03743352714875404
54,2020-03-27,81.83,80.02,82.39,80.02,99849,84.1128,3.1486,0.03743306607317793
55,2020-03-30,78.62,77.4,78.79,75.83,129489,85.5954,3.2041,0.03743308635744444
56,2020-03-31,78.03,76.35,78.24,76.11,65532,89.5213,3.3511,0.0374335493340691
57,2020-04-01,76.21,75.24,77.12,75.13,84750,90.8368,3.4003,0.03743306677469924
58,2020-04-02,75.24,77.47,77.47,75.17,84469,89.7927,3.3612,0.03743288708324842
59,2020-04-03,77.09,78.13,78.55,76.49,79453,92.7789,3.473,0.03743308015076704
60,2020-04-07,79.14,79.98,81.1,78.83,107754,93.2174,3.4894,0.03743292561260022
61,2020-04-08,79.18,83.75,84.62,79.04,185213,91.6512,3.4308,0.037433225096889074
62,2020-04-09,83.61,83.5,84.17,82.35,84482,87.266,3.2666,0.03743267710219329
63,2020-04-10,83.33,81.52,83.33,81.31,82209,85.6999,3.208,0.03743294916330124
64,2020-04-13,81.59,80.16,81.59,79.74,69220,91.5051,3.4652,0.03786892752425821
65,2020-04-14,80.54,81.72,81.76,80.05,57749,97.1223,3.6779,0.037868748989675904
66,2020-04-15,81.59,81.38,82.28,80.85,54229,96.0573,3.6375,0.03786802252405596
67,2020-04-16,80.96,82.6,84.24,80.5,113585,97.3311,3.6858,0.03786867712375592
68,2020-04-17,83.15,81.86,83.43,81.17,108959,100.0249,3.7878,0.03786857072588925
69,2020-04-20,82.63,84.65,84.97,82.28,159155,107.5425,4.0725,0.03786874956412581
70,2020-04-21,84.17,86.12,87.79,83.64,171702,106.4984,4.0329,0.03786817454534528
71,2020-04-22,85.39,85.74,86.4,84.65,90269,104.0134,3.9388,0.037868197751443566
72,2020-04-23,86.05,85.98,87.83,85.07,124647,102.322,3.8748,0.037868689040480054
73,2020-04-24,86.68,84.9,86.89,84.06,103760,99.2941,3.7601,0.037868312417354104
74,2020-04-27,84.55,83.29,85.53,83.05,87970,106.6654,4.0393,0.03786888719303541
75,2020-04-28,84.79,84.2,85.35,81.27,135663,104.6607,3.9633,0.03786808228876741
76,2020-04-29,83.64,87.17,88.04,83.4,131577,106.9369,4.0495,0.03786812596961386
77,2020-04-30,86.89,88.74,89.43,86.54,145976,97.2059,3.681,0.037868071793996046
78,2020-05-06,88.67,89.96,89.96,87.83,155853,88.853,3.3647,0.03786816427132455
79,2020-05-07,89.43,89.47,89.82,88.56,107454,82.672,3.1307,0.03786892781110896
80,2020-05-08,89.47,89.15,90.76,88.81,131751,84.6975,3.2074,0.037868886330765364
81,2020-05-12,88.94,87.72,89.15,87.17,107660,76.992,2.9156,0.03786886949293433
82,2020-05-13,87.69,87.86,88.49,86.92,87089,77.9317,2.9512,0.037869057135927996
83,2020-05-14,87.69,87.2,88.88,86.82,91653,79.4352,3.0081,0.03786860233246722
84,2020-05-15,87.34,88.14,88.77,87.34,89414,78.3911,2.9686,0.03786909483346962
85,2020-05-18,88.91,91.74,94.25,88.91,245877,73.7345,2.7922,0.03786829774393262
86,2020-05-19,92.05,92.05,92.5,90.83,121443,71.4374,2.7052,0.03786811950042975
87,2020-05-20,91.77,89.78,92.68,89.43,122489,71.8551,2.721,0.03786787576664705
88,2020-05-21,90.13,88.6,90.69,88.14,82660,67.5325,2.5574,0.03786917410135861
89,2020-05-22,88.63,86.89,90.06,86.75,97868,66.6554,2.5241,0.03786789967504508
90,2020-05-25,86.82,88.11,88.32,86.43,73330,70.7692,2.6799,0.03786816863833419
91,2020-05-26,88.28,88.21,89.05,87.27,64629,64.3375,2.4364,0.037869049931999216
92,2020-05-27,87.86,86.08,88.56,85.95,69254,62.2702,2.3581,0.03786883613670744
93,2020-05-28,86.15,86.29,86.96,85.14,65873,65.0475,2.4632,0.03786771205657404
94,2020-05-29,85.77,86.29,86.96,85.46,74784,68.0754,2.5489,0.03744230661883735
95,2020-06-01,86.61,87.55,88.04,85.81,111694,67.8666,2.5411,0.037442571161661255
96,2020-06-02,87.51,87.55,89.61,87.27,104966,67.2401,2.5176,0.037441943126199986
97,2020-06-03,87.72,86.57,88.04,86.54,77901,68.7436,2.5739,0.03744203096724641
98,2020-06-04,86.92,86.5,87.83,85.74,68408,62.4999,2.3401,0.03744165990665586
99,2020-06-05,86.75,84.93,86.82,84.38,117994,56.82,2.1275,0.037442801830341425
100,2020-06-08,85.18,84.55,85.88,84.27,86133,54.69,2.0477,0.03744194551106235
101,2020-06-09,84.65,84.1,84.9,83.33,98314,50.9522,1.9078,0.03744293671323319
102,2020-06-10,84.17,83.99,84.62,83.26,76398,50.5345,1.8921,0.03744174771690627
103,2020-06-11,84.38,83.61,85.32,82.98,101186,49.8872,1.8679,0.037442470212800075
104,2020-06-12,82.28,83.68,83.85,82.11,97642,49.031,1.8358,0.03744161856784484
105,2020-06-15,82.74,81.59,83.36,81.55,113842,49.1981,1.8421,0.03744250286088284
106,2020-06-16,82.21,82.7,82.88,82.0,60883,48.7595,1.8257,0.03744295983346835
107,2020-06-17,83.61,84.03,85.32,83.5,113016,49.386,1.8491,0.03744178512128943
108,2020-06-18,83.09,82.53,83.36,82.04,87270,49.031,1.8358,0.03744161856784484
109,2020-06-19,82.28,82.98,83.36,82.28,86899,48.2375,1.8061,0.03744182430681524
110,2020-06-22,83.33,84.31,84.62,83.19,88188,47.966,1.7959,0.03744110411541508
111,2020-06-23,84.55,84.9,85.0,83.96,91044,48.864,1.8296,0.037442698100851345
112,2020-06-24,84.72,83.85,84.72,83.4,72344,48.0704,1.7999,0.03744300026627613
113,2020-06-29,83.64,84.58,86.64,83.19,118875,47.4022,1.7748,0.03744130019281805
114,2020-06-30,85.0,84.31,85.0,83.68,98575,48.6551,1.8218,0.03744314573395184
115,2020-07-01,84.41,85.74,86.19,83.78,143424,48.6134,1.8202,0.03744235128585945
116,2020-07-02,85.32,86.82,87.03,84.86,154997,48.8431,1.8288,0.03744234088335916
117,2020-07-03,87.1,87.51,88.98,86.47,196040,48.9057,1.8311,0.03744144343092932
118,2020-07-06,88.91,93.76,94.67,88.6,381132,49.1772,1.8413,0.03744214798727866
119,2020-07-07,94.84,97.32,100.32,93.3,482493,49.4069,1.8499,0.03744213864865029
120,2020-07-08,96.76,106.8,106.8,96.72,531878,50.3466,1.8851,0.037442448943920736
121,2020-07-09,116.99,117.23,117.23,113.33,752961,50.3883,1.8866,0.03744123139697112
122,2020-07-10,119.26,114.72,123.58,113.57,881379,50.973,1.9085,0.03744139054008985
123,2020-07-13,114.55,115.77,117.16,112.11,563141,50.973,1.9085,0.03744139054008985
124,2020-07-14,114.02,116.12,122.39,113.5,531466,50.2213,1.8804,0.03744228046665459
125,2020-07-15,116.65,111.56,117.98,109.96,433386,50.2213,1.8804,0.03744228046665459
126,2020-07-16,112.08,106.92,114.07,106.64,304590,50.096,1.8757,0.03744211114659853
127,2020-07-17,107.52,110.38,114.87,107.06,425211,51.3698,1.9234,0.03744223259580532
128,2020-07-20,113.48,121.12,121.12,112.47,597966,51.3071,1.921,0.03744121184007672
129,2020-07-21,121.15,114.25,121.15,114.0,508302,50.5763,1.8937,0.03744243845437487
130,2020-07-22,112.47,115.71,120.94,112.19,404550,51.5995,1.932,0.037442223277357335
131,2020-07-23,118.01,122.93,126.56,115.54,648322,52.3095,1.9586,0.03744252955964022
132,2020-07-24,124.78,122.23,132.38,120.11,779644,53.6668,2.0094,0.03744214300088695
133,2020-07-27,120.8,126.07,130.95,119.16,582582,53.4789,2.0024,0.03744280454534405
134,2020-07-28,124.99,133.85,135.04,122.09,625231,51.328,1.9218,0.037441552369077306
135,2020-07-29,131.97,135.59,136.29,130.22,497923,50.7642,1.9007,0.03744174043912836
136,2020-07-30,134.41,133.08,142.78,130.61,560062,51.161,1.9156,0.037442583217685343
137,2020-07-31,132.8,131.51,133.29,127.64,367795,51.0774,1.9124,0.03744121666333839
138,2020-08-03,132.31,144.38,144.38,132.31,623073,51.9336,1.9445,0.03744204137591078
139,2020-08-04,145.92,141.0,146.55,138.66,500768,52.1215,1.9515,0.03744136296921616
140,2020-08-05,140.93,151.32,154.81,140.23,645157,52.4139,1.9625,0.03744235784782281
141,2020-08-06,149.44,165.28,166.18,148.95,789758,51.683,1.9351,0.03744171197492406
142,2020-08-07,163.36,181.53,181.53,160.57,799529,50.7433,1.8999,0.03744139620403088
143,2020-08-10,187.77,177.73,199.39,177.34,1116409,48.9684,1.8335,0.037442513947770394
144,2020-08-11,177.66,181.08,188.68,174.17,638501,48.4254,1.8185,0.03755260668987762
145,2020-08-12,174.17,168.76,175.6,163.39,609664,49.386,1.8546,0.03755315271534443
146,2020-08-13,174.17,173.82,178.43,169.67,418924,50.0333,1.8789,0.03755298970885391
147,2020-08-14,172.95,176.65,184.11,169.92,425538,49.8872,1.8734,0.03755271893391491
148,2020-08-17,179.75,180.8,181.5,172.08,396084,50.1169,1.8821,0.03755419828441105
149,2020-08-18,178.39,182.54,185.09,177.31,294358,49.2398,1.8491,0.037552955129793376
150,2020-08-19,180.76,169.99,182.19,168.97,354484,48.1728,1.802,0.0374070014614056
151,2020-08-20,166.85,165.49,172.74,163.43,338792,48.6168,1.8187,0.03740887923516151
152,2020-08-21,167.44,163.36,170.05,161.93,303155,47.8767,1.791,0.037408593324101284
153,2020-08-24,165.59,165.14,169.53,164.09,252894,48.0882,1.7989,0.03740834549847988
154,2020-08-25,165.66,155.75,166.74,148.92,661296,47.1366,1.7633,0.03740829843476195
155,2020-08-26,156.38,146.06,159.31,145.22,617781,47.9613,1.7941,0.037407242922939954
156,2020-08-27,148.19,148.67,149.55,143.86,378847,49.1667,1.8392,0.037407432266147615
157,2020-08-28,151.12,156.0,158.13,148.01,477837,49.3147,1.8448,0.037408723970743005
158,2020-08-31,157.08,158.61,164.4,154.74,512468,47.0308,1.7593,0.037407401107359434
159,2020-09-01,160.04,157.88,162.1,156.07,324843,45.91,1.7174,0.037407972119363975
160,2020-09-02,162.1,152.89,162.14,152.3,341882,45.5082,1.7024,0.03740864283799403
161,2020-09-03,150.03,154.64,157.32,148.57,301939,44.1548,1.6517,0.03740703162510078
162,2020-09-04,151.25,152.44,154.53,150.28,172389,44.8315,1.6771,0.03740896467885304
163,2020-09-07,153.21,145.88,153.8,145.12,245423,45.466,1.7008,0.03740817314036863
164,2020-09-08,147.66,143.41,147.98,140.76,286020,47.052,1.7601,0.03740754909461872
165,2020-09-09,141.73,142.15,146.76,139.99,329948,47.1366,1.7633,0.03740829843476195
166,2020-09-10,142.46,143.48,149.37,142.43,309163,48.2151,1.8036,0.03740736823111432
167,2020-09-11,142.53,145.05,145.39,139.92,191866,47.5172,1.7775,0.037407507176348775
168,2020-09-14,146.79,142.19,147.24,139.22,242531,46.8828,1.7538,0.037408175279633464
169,2020-09-15,142.81,143.3,146.79,141.84,171250,49.1667,1.8392,0.037407432266147615
170,2020-09-16,143.3,140.34,144.17,139.95,151737,48.2785,1.806,0.037407955922408524
171,2020-09-17,141.38,145.39,150.1,139.08,257338,48.8495,1.8274,0.037408775934247025
172,2020-09-18,145.57,147.91,149.79,145.43,311844,50.3509,1.8835,0.03740747434504646
173,2020-09-21,149.2,149.82,154.18,147.94,365902,50.7527,1.8986,0.03740884721403985
174,2020-09-22,145.85,144.28,146.79,141.59,211005,52.4444,1.9618,0.03740723509087719
175,2020-09-23,143.83,142.71,144.63,140.48,192555,51.1545,1.9136,0.037408243654028485
176,2020-09-24,141.28,140.13,142.67,139.33,137039,51.8735,1.9405,0.037408310601752336
177,2020-09-25,141.03,137.23,141.49,136.26,155436,51.3448,1.9207,0.037407877720820805
178,2020-09-28,138.52,137.27,139.36,135.94,174477,49.5896,1.855,0.03740703695936245
179,2020-09-29,138.63,145.92,149.09,138.63,345036,52.4444,1.9618,0.03740723509087719
180,2020-09-30,147.31,146.79,147.66,143.83,165320,53.1211,1.9871,0.03740698140663503
181,2020-10-09,148.81,148.57,150.45,145.05,209943,53.0577,1.9848,0.0374083309302891
182,2020-10-12,151.22,154.5,155.68,148.05,426896,51.9581,1.9436,0.03740706453854163
183,2020-10-13,152.89,153.24,154.57,150.63,188858,50.372,1.8843,0.037407686810132616
184,2020-10-14,152.93,150.1,157.71,148.95,215098,48.8495,1.8274,0.037408775934247025
185,2020-10-15,149.41,147.07,151.6,147.07,141709,51.8523,1.9397,0.03740817668647292
186,2020-10-16,146.62,141.98,148.19,141.28,203232,50.2663,1.8804,0.037408760939237624
187,2020-10-19,142.4,140.69,143.62,140.16,147136,51.7889,1.9373,0.037407629820289674
188,2020-10-20,141.03,141.38,141.66,136.67,173416,53.7979,2.0125,0.03740852338102417
189,2020-10-21,141.42,132.14,141.7,131.62,258339,55.3627,2.071,0.03740785763700109
190,2020-10-22,131.34,131.37,132.8,128.76,143906,53.0154,1.9832,0.037407998430644684
191,2020-10-23,132.04,127.92,134.06,126.91,173442,55.4473,2.0742,0.037408494191782105
192,2020-10-26,127.82,128.65,130.57,126.25,88571,51.6197,1.931,0.037408198807819495
193,2020-10-27,128.93,130.08,131.09,127.78,131528,46.9251,1.7554,0.0374085510739455
194,2020-10-28,130.05,128.69,130.05,126.14,128808,42.6534,1.5956,0.03740850670755438
195,2020-10-29,126.73,130.05,130.75,125.37,122852,42.4208,1.5869,0.03740853543544676
196,2020-10-30,136.15,130.36,139.29,129.73,355644,43.4781,1.6264,0.03740733840715211
197,2020-11-02,131.62,128.23,132.14,123.25,312533,43.1398,1.6138,0.03740861107376483
198,2020-11-03,129.0,136.85,137.44,127.54,349095,43.3301,1.6209,0.037408175840812734
199,2020-11-04,136.67,138.7,139.81,134.9,269209,43.9857,1.6454,0.03740761201936084
200,2020-11-05,137.9,137.27,139.47,131.65,277481,42.6746,1.5964,0.03740866932554728
201,2020-11-06,136.67,134.65,137.58,133.71,139225,42.1882,1.5782,0.03740856448011529
202,2020-11-09,134.41,136.22,136.36,130.57,321254,41.6595,1.5584,0.03740803418187928
203,2020-11-10,135.45,131.9,135.84,131.27,176876,41.0885,1.537,0.03740706036968981
204,2020-11-11,132.98,129.94,135.7,129.0,185378,45.6563,1.7079,0.03740776190799517
205,2020-11-12,129.28,129.91,131.69,128.06,101089,46.333,1.7332,0.03740746336304578
206,2020-11-13,129.59,136.64,137.09,128.83,261645,46.6925,1.7467,0.03740857739465653
207,2020-11-16,136.64,137.86,139.29,135.66,187306,47.052,1.7601,0.03740754909461872
208,2020-11-17,137.79,130.78,138.07,129.87,248978,47.0308,1.7593,0.037407401107359434
209,2020-11-18,131.27,135.63,137.72,130.22,220203,47.0943,1.7617,0.037407924101218196
210,2020-11-19,136.19,145.92,148.25,135.14,553585,46.9885,1.7577,0.03740702512316844
211,2020-11-20,145.92,149.2,152.72,145.92,559150,47.6652,1.7831,0.037408843349026125
212,2020-11-23,152.02,150.38,153.42,146.16,447704,47.7498,1.7862,0.037407486523503765
213,2020-11-24,150.38,154.5,158.47,150.21,382136,48.1093,1.7997,0.0374085675742528
214,2020-11-25,152.89,147.94,155.58,146.96,360140,48.7226,1.8226,0.03740769170774959
215,2020-11-26,148.05,152.58,155.96,146.48,361459,49.0821,1.8361,0.03740874982936753
216,2020-11-27,152.75,159.87,164.86,150.21,506552,48.638,1.8194,0.03740696574694683
217,2020-11-30,159.17,160.99,164.86,157.08,366821,47.1577,1.7641,0.03740852501288231
218,2020-12-01,162.56,170.33,173.09,161.06,411937,47.4538,1.7751,0.037406909457198365
