,日期,开盘,收盘,最高,最低,成交量,pe,pb,roe
0,2020-01-03,500.0,491.65,500.38,488.1,131442,68.696,11.225,0.16340107138698032
1,2020-01-06,487.47,489.24,490.76,484.3,82678,67.2646,10.9911,0.1634009568182967
2,2020-01-07,487.59,493.17,494.81,487.59,83198,66.5433,10.8733,0.1634018751700021
3,2020-01-08,491.77,487.97,494.31,486.96,84938,66.3658,10.8443,0.1634019329232828
4,2020-01-09,489.24,500.38,500.89,488.23,115923,66.0329,10.7899,0.16340187997195338
5,2020-01-10,500.38,501.27,506.84,498.74,125013,67.3312,11.002,0.1634012166722114
6,2020-01-13,495.57,519.89,520.14,491.52,177776,67.0205,10.9513,0.16340224259741423
7,2020-01-14,517.1,512.29,522.8,511.78,66136,68.1301,11.1326,0.1634020792571859
8,2020-01-15,516.34,545.59,554.84,516.34,171026,67.1869,10.9785,0.16340238945389654
9,2020-01-16,543.44,539.89,544.96,533.69,104577,67.6086,11.0474,0.1634022890579009
10,2020-01-17,538.63,537.11,544.2,532.3,80754,68.7515,11.2341,0.16340152578489198
11,2020-01-20,539.14,532.8,539.14,526.85,74797,68.7958,11.2414,0.16340241700801503
12,2020-01-21,534.2,515.71,534.83,512.67,107850,69.2397,11.3139,0.16340192115217136
13,2020-01-22,503.17,509.76,512.67,500.64,110835,71.2037,11.6348,0.16340162098317926
14,2020-01-23,502.16,487.47,506.97,482.53,115656,72.4576,11.8397,0.16340176875855675
15,2020-02-03,439.47,476.45,484.17,439.47,248774,71.9028,11.749,0.16340114710414616
16,2020-02-04,473.03,476.58,481.64,472.4,126782,73.7003,12.0428,0.1634023199362825
17,2020-02-05,477.97,470.24,484.17,464.04,132902,72.5463,11.8542,0.16340185509116248
18,2020-02-06,470.24,486.71,493.67,464.93,132604,72.4798,11.8433,0.16340138907668067
19,2020-02-07,486.2,493.04,496.46,482.02,77985,71.8806,11.7454,0.16340152975907268
20,2020-02-10,494.31,500.64,503.17,487.72,66569,69.5504,11.3647,0.1634023672042145
21,2020-02-11,500.64,505.7,510.14,497.85,57692,68.7293,11.2305,0.1634019261072061
22,2020-02-12,505.96,498.86,508.62,496.33,77246,69.739,11.9753,0.17171596954358392
23,2020-02-13,498.1,491.01,498.1,485.44,92781,71.4256,12.2649,0.1717157433749244
24,2020-02-14,488.86,491.14,492.41,485.69,63367,70.9818,12.1887,0.17171584828787098
25,2020-02-17,487.34,494.05,494.69,487.21,79443,68.352,11.7371,0.17171553136704118
26,2020-02-18,493.29,486.71,494.18,482.66,92840,69.6502,11.96,0.17171522838412526
27,2020-02-19,484.17,481.9,488.99,480.76,84364,70.0497,12.0286,0.17171522504735925
28,2020-02-20,484.3,505.45,505.7,483.67,162273,74.6435,12.8175,0.1717162244535693
29,2020-02-21,501.9,503.42,511.53,500.26,96786,75.5978,12.9813,0.1717153144668231
30,2020-02-24,496.84,493.42,500.76,489.24,96958,75.9084,13.0347,0.171716173704096
31,2020-02-25,484.43,485.57,492.91,482.91,111921,73.6781,12.6517,0.17171588301001248
32,2020-02-26,480.38,480.63,488.86,476.83,80750,75.4313,12.9527,0.17171518984824605
33,2020-02-27,481.9,497.85,503.93,479.74,123799,74.0221,12.7108,0.17171628473118167
34,2020-02-28,482.91,486.71,494.31,478.86,109458,75.043,12.8861,0.17171621603613926
35,2020-03-02,508.11,533.82,534.58,502.79,270423,75.9528,13.0423,0.1717158551100157
36,2020-03-03,542.17,532.93,546.23,527.61,138258,75.4091,12.9489,0.17171535000417723
37,2020-03-04,531.03,557.62,567.38,527.99,160012,74.8765,12.8575,0.17171609249898168
38,2020-03-05,555.09,576.37,581.68,552.56,133902,72.6795,12.4802,0.1717155456490482
39,2020-03-06,567.75,567.63,577.89,563.07,64339,70.8708,12.1696,0.17171529035935817
40,2020-03-09,559.02,550.03,570.92,545.21,111392,71.703,12.3125,0.17171526993291772
41,2020-03-10,540.65,553.82,560.79,540.15,87310,70.1385,12.0439,0.17171596198949224
42,2020-03-11,551.42,558.76,567.63,540.4,90849,69.1287,11.8705,0.17171594431835113
43,2020-03-12,551.29,553.82,557.5,542.43,63186,71.4811,12.2744,0.17171532055326513
44,2020-03-13,532.68,548.76,556.74,525.33,83850,71.348,12.2516,0.1717160957560128
45,2020-03-16,548.76,534.45,566.49,527.23,86801,70.7377,12.1468,0.17171607219346968
46,2020-03-17,535.59,540.65,556.36,520.9,100204,73.7336,12.6612,0.17171547300009765
47,2020-03-18,545.72,538.63,563.96,535.84,89764,73.2343,12.5755,0.1717159855422937
48,2020-03-19,542.55,521.53,543.31,502.79,125198,74.1109,12.726,0.1717156315737631
49,2020-03-20,522.17,533.56,542.17,517.23,69766,76.1304,13.0728,0.17171589798556164
50,2020-03-23,518.11,533.56,542.05,514.57,94402,74.4438,12.7832,0.17171611336336942
51,2020-03-24,539.89,549.9,554.84,533.56,82680,73.6781,12.6517,0.17171588301001248
52,2020-03-25,560.79,558.13,564.97,547.62,79094,73.1344,12.5583,0.17171536240127763
53,2020-03-26,553.32,568.77,576.62,551.29,88175,71.237,12.2325,0.17171554108117973
54,2020-03-27,567.75,568.77,581.68,566.49,60768,75.3536,12.9394,0.17171575080686258
55,2020-03-30,568.77,579.41,580.04,565.22,61691,75.631,12.987,0.17171530192645873
56,2020-03-31,581.05,613.34,613.6,575.48,106599,79.9696,13.732,0.17171525179568234
57,2020-04-01,609.54,596.75,612.08,588.27,78407,84.3748,14.4885,0.1717159625859854
58,2020-04-02,595.74,588.02,600.05,579.79,79142,91.9312,15.786,0.1717153697547731
59,2020-04-03,590.55,598.4,609.54,585.61,62640,90.1004,15.4717,0.171716218795921
60,2020-04-07,613.34,611.95,623.22,606.38,112613,90.5442,15.5479,0.17171613421953036
61,2020-04-08,610.18,597.51,611.82,590.55,69832,88.669,15.2259,0.17171615784547023
62,2020-04-09,598.78,609.29,612.71,588.02,52352,88.8798,15.2621,0.17171618297970967
63,2020-04-10,606.89,595.61,617.27,591.06,60078,87.4706,15.0201,0.17171598228433324
64,2020-04-13,596.75,590.17,597.01,579.79,57909,87.8257,15.0811,0.17171625162110862
65,2020-04-14,594.98,610.81,611.44,584.34,69948,86.7272,14.8924,0.17171544797941132
66,2020-04-15,610.05,589.66,613.09,588.4,75628,89.7231,15.4069,0.17171609095093682
67,2020-04-16,588.4,590.04,597.51,580.42,73997,83.9975,15.336,0.18257686240661924
68,2020-04-17,592.83,577.89,593.08,576.11,84284,82.5217,15.0666,0.18257743114841307
69,2020-04-20,580.42,581.68,581.68,572.69,41704,82.4773,15.0585,0.18257750920556323
70,2020-04-21,581.68,582.06,585.48,574.85,39659,78.8489,14.396,0.18257705560889245
71,2020-04-22,578.14,590.93,596.25,578.14,63173,80.9905,14.787,0.18257696890376032
72,2020-04-23,594.73,592.32,598.15,585.36,45920,80.0029,14.6067,0.18257713157898026
73,2020-04-24,587.89,591.56,595.36,579.15,53197,78.6714,14.3636,0.18257715001893954
74,2020-04-27,593.59,601.95,611.44,583.96,71512,81.2457,14.8336,0.18257704715449558
75,2020-04-28,604.48,622.21,630.82,599.29,93892,78.8933,14.4041,0.18257697421707547
76,2020-04-29,621.2,590.17,627.78,585.48,78564,74.4327,13.5897,0.18257701252272188
77,2020-04-30,590.17,607.52,613.98,589.54,85932,75.0984,13.7113,0.18257779127118554
78,2020-05-06,598.91,615.88,620.82,598.78,56990,75.0097,13.6951,0.18257771994822003
79,2020-05-07,614.36,635.25,637.03,607.14,63720,74.7101,13.6404,0.18257772376157977
80,2020-05-08,644.62,653.99,656.15,633.35,67304,75.5423,13.7923,0.1825771786138362
81,2020-05-11,653.87,639.94,656.15,633.48,58200,77.9612,14.234,0.18257800033862998
82,2020-05-12,638.67,651.33,656.15,634.87,42816,78.3385,14.3028,0.18257689386444725
83,2020-05-13,655.64,650.96,666.4,640.95,56905,78.2275,14.2826,0.18257773800773383
84,2020-05-14,651.21,649.44,659.31,639.68,43413,78.3274,14.3008,0.182577233509602
85,2020-05-15,649.44,645.76,656.91,639.81,33079,74.122,13.533,0.1825773724400313
86,2020-05-18,649.82,675.52,681.47,645.51,57340,71.6586,13.0832,0.1825768295780269
87,2020-05-19,680.46,678.94,683.88,666.53,36273,75.8641,13.8511,0.18257779371270472
88,2020-05-20,675.14,657.41,677.42,652.35,45117,73.9555,13.5026,0.18257736071015676
89,2020-05-21,656.15,660.07,668.56,646.4,51822,73.434,13.4074,0.1825775526322957
90,2020-05-22,654.88,640.95,663.62,633.1,70399,70.4159,12.8563,0.1825766623731288
91,2020-05-25,647.41,675.14,682.74,637.53,73110,71.4589,13.0468,0.18257767751812579
92,2020-05-26,678.18,686.41,689.07,666.28,63748,69.6059,12.7085,0.1825779136538713
93,2020-05-27,689.2,685.91,697.43,677.68,45472,76.8516,14.0314,0.1825778513394646
94,2020-05-28,682.87,690.34,699.46,676.41,32666,72.7904,13.2899,0.18257764760188155
95,2020-05-29,693.0,708.07,709.33,686.92,39184,71.5699,13.067,0.18257675363525727
96,2020-06-01,704.27,704.27,713.89,695.4,53727,69.9055,12.7632,0.18257790874823868
97,2020-06-02,704.14,683.12,708.07,674.13,76442,66.3547,12.1149,0.18257787315744026
98,2020-06-03,683.12,673.75,683.12,668.18,69986,64.2464,11.7299,0.1825767669472531
99,2020-06-04,671.34,679.57,683.37,662.73,60679,62.4489,11.4017,0.1825764745255721
100,2020-06-05,675.65,673.5,678.94,667.67,35552,62.0272,11.3248,0.18257796579565094
101,2020-06-08,676.41,661.97,677.04,657.79,55246,62.4156,11.3957,0.18257775299764803
102,2020-06-09,661.97,675.02,683.88,660.33,56900,62.9926,11.501,0.18257700110806666
103,2020-06-10,674.76,675.9,681.98,671.34,35451,66.0773,12.0642,0.18257707261041237
104,2020-06-11,676.41,665.14,678.94,660.58,60809,64.9455,11.8576,0.182577699763648
105,2020-06-12,636.39,672.23,677.93,635.89,65742,62.7263,11.4524,0.18257732402516968
106,2020-06-15,667.54,685.78,701.61,666.28,77810,62.3712,11.3876,0.1825778564465651
107,2020-06-16,688.69,695.78,699.71,681.47,51807,62.46,11.4038,0.1825776496958053
108,2020-06-17,695.15,701.86,703.64,691.1,33408,60.9842,11.1343,0.18257679858061596
109,2020-06-18,705.28,709.59,714.4,693.88,48271,61.65,11.2559,0.18257745336577455
110,2020-06-19,714.27,715.16,726.43,708.07,53648,61.1617,11.1667,0.1825766778882863
111,2020-06-22,716.93,707.56,719.47,701.1,55246,60.4849,11.0432,0.18257780040968902
112,2020-06-23,707.56,724.4,733.02,704.9,35513,59.9523,10.9459,0.1825768152347783
113,2020-06-24,724.4,723.39,733.27,718.33,24589,59.0757,10.7859,0.1825776080520417
114,2020-06-29,722.88,727.44,732.38,716.68,30066,57.8884,10.5691,0.18257716571886598
115,2020-06-30,733.27,752.77,763.28,728.33,38638,57.267,10.4557,0.18257809907974923
116,2020-07-01,758.72,765.69,773.67,746.06,38190,58.2102,10.6279,0.1825779674352605
117,2020-07-02,761.0,730.48,765.56,727.06,90823,58.1325,10.6137,0.18257773190556056
118,2020-07-03,725.16,723.9,731.88,717.06,82958,56.9896,10.405,0.18257717197523757
119,2020-07-06,723.26,719.47,729.6,709.59,117624,57.9993,10.5894,0.1825780655973434
120,2020-07-07,720.73,724.28,747.2,715.67,124112,58.532,10.6866,0.1825770518690631
121,2020-07-08,726.43,744.79,746.82,722.63,77944,58.0215,10.5934,0.18257714812612566
122,2020-07-09,744.16,768.85,774.68,736.05,94380,58.8426,10.7433,0.1825769085662428
123,2020-07-10,762.52,809.38,819.51,760.5,93946,60.6957,11.0817,0.1825780079972716
124,2020-07-13,808.87,828.37,834.07,797.47,87155,61.0286,11.1424,0.18257669355023712
125,2020-07-14,828.37,842.3,849.9,816.98,70256,59.4751,10.8588,0.18257724661244792
126,2020-07-15,822.8,888.65,923.35,822.8,93068,59.0868,10.7879,0.18257715767311822
127,2020-07-16,879.03,805.96,885.23,801.02,93746,59.1311,10.796,0.18257735776943096
128,2020-07-17,798.11,827.11,866.36,792.28,78961,58.1436,10.6157,0.18257727419698816
129,2020-07-20,842.81,815.2,846.86,803.05,49453,55.1476,10.0687,0.18257730164141323
130,2020-07-21,815.84,849.65,854.71,811.53,56195,56.8232,10.3746,0.1825768348139492
131,2020-07-22,843.06,855.6,877.13,830.65,40355,56.5901,10.3321,0.18257787139446655
132,2020-07-23,853.19,877.38,877.63,841.04,57131,58.4765,10.6765,0.1825776166494233
133,2020-07-24,867.0,829.39,871.43,809.38,51454,58.1769,10.6218,0.18257762101452638
134,2020-07-27,828.5,857.5,866.49,822.04,76088,55.5693,10.1457,0.18257743034373297
135,2020-07-28,865.6,905.49,920.82,865.6,71355,55.8911,10.2044,0.1825764746086586
136,2020-07-29,901.32,904.35,919.3,894.1,46591,56.3349,9.7334,0.17277744346754853
137,2020-07-30,910.43,905.62,920.82,898.15,37651,56.3682,9.7391,0.17277649454834465
138,2020-07-31,905.37,901.32,928.04,885.49,59023,55.3696,9.5666,0.17277711957464023
139,2020-08-03,904.73,873.71,908.15,858.77,98293,56.6012,9.7794,0.17277725560588822
140,2020-08-04,874.6,864.21,888.91,858.89,56519,54.959,9.4956,0.17277606943357773
141,2020-08-05,859.78,867.63,882.7,842.94,51271,53.2613,9.2023,0.17277648123496797
142,2020-08-06,872.7,868.64,884.6,856.23,43299,52.529,9.0758,0.1727769422604656
143,2020-08-07,857.5,861.04,878.14,846.1,54015,51.0088,9.2737,0.1818058844748357
144,2020-08-10,861.04,911.95,927.91,858.77,110463,53.8161,9.784,0.1818043299310058
145,2020-08-11,916.01,938.8,954.38,916.01,77175,52.0407,9.4613,0.18180577893840782
146,2020-08-12,934.24,909.42,937.91,898.02,71176,51.1308,9.2958,0.18180431364265764
147,2020-08-13,913.22,924.62,953.11,901.82,57685,51.1974,9.308,0.1818061073413884
148,2020-08-14,934.62,935.89,952.22,918.79,41531,51.0754,9.2858,0.181805722520039
149,2020-08-17,936.27,911.45,948.68,909.55,69137,50.2986,9.1445,0.181804264929839
150,2020-08-18,917.02,952.86,961.34,909.04,61058,50.2654,9.1385,0.18180497917056265
151,2020-08-19,946.52,953.36,979.07,938.55,53436,49.9325,9.078,0.18180543734040955
152,2020-08-20,956.91,970.21,984.77,936.01,62322,50.9977,9.2716,0.18180427744780644
153,2020-08-21,1006.68,1035.55,1066.07,1001.86,155481,50.9644,9.2656,0.18180533862853285
154,2020-08-24,1023.39,1001.36,1030.74,985.15,97910,52.8175,9.6025,0.18180527287357406
155,2020-08-25,993.0,1013.9,1027.19,991.73,55129,51.0088,9.2737,0.1818058844748357
156,2020-08-26,1011.87,1009.84,1022.38,999.84,51241,51.4859,9.3604,0.18180511557533227
157,2020-08-27,1011.36,1025.93,1043.65,1007.18,69421,52.6843,9.5783,0.18180558534515975
158,2020-08-28,1023.27,1023.52,1050.24,1018.33,59074,51.6524,9.3907,0.18180568569901884
159,2020-08-31,1030.61,1044.92,1053.91,1004.02,66301,52.9173,9.6206,0.18180443824609344
160,2020-09-01,1028.59,1039.86,1043.65,1018.45,61283,51.73,9.4048,0.18180552870674657
161,2020-09-02,1037.32,1060.75,1065.18,1024.66,56594,50.8202,9.2394,0.18180565995411274
162,2020-09-03,1047.58,974.51,1067.46,958.43,176643,51.5858,9.3786,0.181805845794773
163,2020-09-04,929.68,924.24,953.74,904.35,202170,53.0394,9.6428,0.18180446988465176
164,2020-09-07,917.14,874.72,922.72,864.84,151908,50.0656,9.1022,0.18180547122175703
165,2020-09-08,880.8,871.56,887.26,844.58,109370,49.1336,8.9327,0.1818043049969878
166,2020-09-09,857.5,824.57,860.03,823.56,99046,49.1336,8.9327,0.1818043049969878
167,2020-09-10,840.78,846.23,868.77,837.74,109967,48.2015,8.7633,0.18180554547057662
168,2020-09-11,846.23,852.43,855.22,825.08,75913,47.4802,8.6321,0.18180420470006442
169,2020-09-14,857.5,861.17,876.62,840.15,89339,46.0488,8.3719,0.18180495474366326
170,2020-09-15,861.93,880.42,894.1,857.63,61574,46.0488,8.3719,0.18180495474366326
171,2020-09-16,880.55,857.37,887.01,852.43,55931,44.9947,8.1803,0.1818058571342847
172,2020-09-17,857.37,847.37,859.78,823.43,68567,46.4927,8.4526,0.1818048854981535
173,2020-09-18,849.9,853.07,857.12,838.63,43346,46.6702,8.4849,0.18180552043916673
174,2020-09-21,847.37,818.88,849.27,809.38,118977,54.5188,8.386,0.15381849930666117
175,2020-09-22,811.02,825.84,839.9,805.58,63145,56.0008,8.614,0.1538192311538407
176,2020-09-23,828.5,827.36,839.77,822.04,44099,56.5254,8.6947,0.15381934493165902
177,2020-09-24,827.36,800.51,835.84,797.85,55438,57.0369,8.7734,0.1538197202162109
178,2020-09-25,810.26,812.04,825.84,805.58,50929,56.5254,8.6947,0.15381934493165902
179,2020-09-28,828.88,829.89,837.36,812.54,62698,56.132,8.6342,0.15381956816076392
180,2020-09-29,834.7,820.39,837.49,811.91,55292,57.9549,8.9146,0.15381960800553535
181,2020-09-30,821.41,841.04,861.3,816.6,67973,58.8599,9.0538,0.1538194934072263
182,2020-10-09,853.7,866.11,866.36,831.41,62940,56.9189,8.7552,0.15381885454567815
183,2020-10-12,862.31,872.19,891.06,859.78,84054,54.3614,8.3618,0.1538187022409283
184,2020-10-13,872.32,878.39,888.65,867.38,28897,54.4533,8.3759,0.15381804224904644
185,2020-10-14,878.39,868.01,880.29,860.03,50894,49.5745,7.9735,0.160838737657465
186,2020-10-15,869.53,856.36,869.53,850.53,48911,50.7286,8.1591,0.16083826480525779
187,2020-10-16,860.03,872.44,882.45,859.78,50581,48.945,7.8723,0.16083971805087344
188,2020-10-19,875.23,852.43,877.76,851.17,36208,49.4565,7.9545,0.1608383124564011
189,2020-10-20,852.31,877.89,879.03,847.75,49269,50.2696,8.0853,0.16083875741999143
190,2020-10-21,878.01,874.34,885.36,865.98,35607,51.3057,8.252,0.16083982871298902
191,2020-10-22,874.22,863.45,874.22,851.29,31054,51.5155,8.2857,0.16083897079519754
192,2020-10-23,859.91,811.02,861.42,801.78,54239,49.0761,7.8934,0.16084000154861533
193,2020-10-26,796.97,806.46,810.64,772.4,58560,49.5745,7.9735,0.160838737657465
194,2020-10-27,811.28,791.65,822.04,785.57,85081,50.3352,8.0959,0.16083973044708277
195,2020-10-28,794.81,821.66,822.42,784.05,59397,50.0335,8.0473,0.16083823838028521
196,2020-10-29,806.84,826.73,837.24,798.11,51787,50.0204,8.0452,0.16083837794179973
197,2020-10-30,823.81,807.48,830.78,803.05,38425,50.8335,8.176,0.16083881692191174
198,2020-11-02,809.38,795.95,817.99,790.38,73341,51.5417,8.2899,0.16083869953843197
199,2020-11-03,794.18,805.32,805.83,785.44,77331,51.0171,8.2055,0.1608382287507522
200,2020-11-04,796.97,831.92,834.7,794.18,54328,50.2302,8.079,0.16083949496518032
201,2020-11-05,840.78,838.76,850.66,832.81,41015,49.5745,7.9735,0.160838737657465
202,2020-11-06,840.53,839.52,853.57,831.54,32034,47.8695,7.6993,0.1608393653579001
203,2020-11-09,842.94,852.69,865.1,831.67,59858,48.5253,7.8048,0.16083980933657288
204,2020-11-10,853.45,832.17,857.5,820.39,59842,48.5122,7.8027,0.1608399536611409
205,2020-11-11,839.64,838.5,850.91,832.17,44789,49.6532,7.9862,0.16083958335011642
206,2020-11-12,846.23,824.19,852.43,814.57,59010,51.9614,8.3574,0.16083862251594455
207,2020-11-13,824.19,801.78,827.49,789.62,80684,52.5778,8.4566,0.16083974605251644
208,2020-11-16,795.45,796.71,807.6,783.8,53551,54.3483,8.7413,0.16083851748812752
209,2020-11-17,794.94,796.21,800.01,773.67,49228,54.7942,8.8131,0.1608400159140931
210,2020-11-18,792.28,783.16,798.11,775.19,45774,55.0828,8.8595,0.1608396813524367
211,2020-11-19,780.88,778.35,789.75,766.57,46628,55.6729,8.9544,0.16083947486119818
212,2020-11-20,778.35,789.12,800.39,771.51,53816,52.2237,8.3996,0.16083885285799357
213,2020-11-23,788.23,776.45,789.37,770.5,61623,53.0106,8.5262,0.1608395302071661
214,2020-11-24,772.4,780.0,782.4,758.72,59380,51.0827,8.2161,0.1608391882183205
215,2020-11-25,778.98,765.18,778.98,743.53,82720,50.9909,8.2013,0.16083850255633847
216,2020-11-26,771.13,768.98,771.13,749.86,50229,49.7056,7.9946,0.16083902015064702
217,2020-11-27,768.98,771.01,776.45,759.86,34867,50.2434,8.0811,0.16083903557482174
218,2020-11-30,772.65,779.24,785.06,753.02,63636,49.8368,8.0157,0.16083897842558112
219,2020-12-01,773.92,795.57,808.11,771.64,81417,50.086,8.0558,0.1608393563071517
