,日期,开盘,收盘,最高,最低,成交量,pe,pb,roe
0,2020-06-03,5.26,6.31,6.31,5.26,28666,54.1824,3.6942,0.06818081148121899
1,2020-06-04,6.94,6.94,6.94,6.94,9033,51.5492,3.5146,0.06817952557944644
2,2020-06-05,7.63,7.63,7.63,7.63,14137,49.2877,3.3604,0.06817928205211442
3,2020-06-08,8.39,8.39,8.39,8.39,14644,48.4513,3.3034,0.06817980116116595
4,2020-06-09,9.23,9.23,9.23,9.23,75598,46.1278,3.145,0.06818014299402964
5,2020-06-10,10.15,10.15,10.15,10.15,65657,47.305,3.2253,0.06818095338759116
6,2020-06-11,11.17,11.17,11.17,11.17,38805,46.5615,3.1746,0.06818079314455075
7,2020-06-12,12.29,12.29,12.29,12.29,104940,44.7028,3.0478,0.06817917445887058
8,2020-06-15,13.52,13.52,13.52,13.52,89312,44.2071,3.014,0.0681790934035483
9,2020-06-16,14.12,14.25,14.5,13.62,5128779,44.2691,3.0183,0.06818074006474041
10,2020-06-17,13.99,14.08,14.22,13.71,2989722,44.0212,3.0014,0.06818078562147328
11,2020-06-18,13.84,13.98,14.33,13.7,2777410,43.9283,2.995,0.06817928305898475
12,2020-06-19,13.74,14.1,14.63,13.22,3220002,43.6805,2.9781,0.06817916461578966
13,2020-06-22,13.82,14.35,15.51,13.63,3693362,43.5256,2.9676,0.0681805650008271
14,2020-06-23,14.17,14.35,14.52,13.91,2099379,43.8354,2.9887,0.06818005538902348
15,2020-06-24,14.33,13.81,14.55,13.81,1791672,44.6099,3.0415,0.0681799331538515
16,2020-06-29,13.29,12.49,13.37,12.43,2168843,46.1588,3.1471,0.06817984869623994
17,2020-06-30,12.57,12.84,13.14,12.45,1576163,42.7511,2.9148,0.06818070178311202
18,2020-07-01,12.75,12.95,13.05,12.59,1304256,42.1315,2.8725,0.06817939071715937
19,2020-07-02,12.94,14.25,14.25,12.87,2982480,41.5429,2.8324,0.0681801222350871
20,2020-07-03,14.85,15.68,15.68,14.5,2920282,41.5429,2.8324,0.0681801222350871
21,2020-07-06,17.25,17.25,17.25,17.25,86680,40.6755,2.7733,0.06818109181202443
22,2020-07-07,18.98,18.98,18.98,18.33,1478946,41.9766,2.862,0.06818084361287004
23,2020-07-08,18.67,20.79,20.88,18.3,3442528,44.0522,3.0859,0.07005098496783362
24,2020-07-09,19.79,20.31,21.69,19.5,3265534,44.0212,3.0837,0.07005033938193415
25,2020-07-10,19.53,19.72,20.27,19.22,2023057,43.9283,3.0772,0.07005051413325805
26,2020-07-13,19.35,19.99,21.15,19.22,2095884,43.8973,3.075,0.07004986639269385
27,2020-07-14,19.6,20.98,21.3,19.33,2246872,45.2294,3.1683,0.07004956952778503
28,2020-07-15,21.5,21.63,23.08,20.61,3478343,46.3137,3.2443,0.07005054659852268
29,2020-07-16,21.6,19.47,21.6,19.47,2170533,45.911,3.2161,0.07005075036483631
30,2020-07-17,18.9,17.52,19.24,17.52,1805044,46.0349,3.2248,0.07005120028500117
31,2020-07-20,17.89,18.58,18.79,17.42,1499278,46.4686,3.2551,0.07004945274873786
32,2020-07-21,18.25,17.8,18.5,17.51,1173701,47.4599,3.3246,0.07005071649961336
33,2020-07-22,17.7,17.88,18.85,17.66,1333781,47.1501,3.3029,0.07005075280858365
34,2020-07-23,17.5,18.0,18.19,17.05,1142353,47.0572,3.2964,0.07005091675662811
35,2020-07-24,17.81,16.22,17.82,16.2,1290178,48.3273,3.3853,0.07004943375690345
36,2020-07-27,16.36,16.34,16.54,15.7,722019,49.9382,3.4982,0.07005058251999471
37,2020-07-28,16.44,16.72,16.97,16.22,857276,48.4203,3.3919,0.07005119753491822
38,2020-07-29,16.5,17.47,17.65,16.42,1124013,47.7387,3.3441,0.07005008515104098
39,2020-07-30,17.4,16.91,17.4,16.89,891938,48.5442,3.4005,0.07004956307859642
40,2020-07-31,16.81,17.15,17.55,16.81,841194,47.7078,3.3419,0.07004934203631272
41,2020-08-03,17.41,18.38,18.54,17.05,1279372,48.0485,3.3658,0.07005005359168341
42,2020-08-04,18.01,17.8,18.46,17.67,1081526,46.8403,3.2812,0.0700507895978463
43,2020-08-05,17.6,17.69,17.89,17.3,659266,47.0882,3.2985,0.07004939666413242
44,2020-08-06,17.66,18.24,18.47,17.25,1084134,48.0175,3.3636,0.07004946113396157
45,2020-08-07,17.7,17.35,18.1,17.01,992933,47.4289,3.3224,0.07005011712268258
46,2020-08-10,17.08,17.17,17.65,16.91,677154,48.0795,3.368,0.07005064528541269
47,2020-08-11,17.1,16.39,17.45,16.35,721464,44.1761,3.0946,0.07005145316132479
48,2020-08-12,16.27,16.2,16.5,15.78,558650,43.9593,3.0794,0.07005116096025188
49,2020-08-13,16.31,16.41,16.67,16.09,508490,43.7734,3.0663,0.07004939072587461
50,2020-08-14,16.21,16.48,16.55,16.17,396737,43.9593,3.0794,0.07005116096025188
51,2020-08-17,16.83,17.39,17.96,16.77,1018713,43.5256,3.049,0.07005072876651902
52,2020-08-18,17.4,17.09,17.43,16.98,599514,43.4326,3.0425,0.07005106763122632
53,2020-08-19,17.01,16.66,17.19,16.61,509806,44.6718,3.1293,0.07005090459753134
54,2020-08-20,16.4,16.25,16.63,16.18,364987,46.6854,3.2703,0.07004973717693326
55,2020-08-21,16.39,16.43,16.69,16.21,313889,46.2208,3.2378,0.07005071309886458
56,2020-08-24,16.48,16.35,16.54,16.2,267287,48.5132,3.3984,0.07005103765573081
57,2020-08-25,16.35,16.35,16.6,16.27,309156,49.3187,3.4548,0.07005050822507487
58,2020-08-26,16.35,15.71,16.39,15.68,469398,49.2257,3.4483,0.07005080679401207
59,2020-08-27,15.71,15.54,15.76,15.15,409455,49.1328,3.4418,0.0700509639181972
60,2020-08-28,15.55,16.07,16.28,15.41,522312,49.2257,3.4483,0.07005080679401207
61,2020-08-31,16.12,15.89,16.45,15.89,482274,49.7834,3.4873,0.07004945423574926
62,2020-09-01,15.77,15.86,15.98,15.66,263703,48.1415,3.4486,0.07163466032425246
63,2020-09-02,15.8,15.89,16.27,15.56,403912,48.6681,3.4864,0.07163624632973138
64,2020-09-03,15.87,15.92,16.27,15.77,403140,50.6508,3.6284,0.07163559114564824
65,2020-09-04,15.54,15.66,15.77,15.45,290797,50.6508,3.6284,0.07163559114564824
66,2020-09-07,15.59,14.92,15.71,14.81,401600,50.8986,3.6462,0.07163654796006176
67,2020-09-08,15.06,15.07,15.3,14.61,394963,50.341,3.6062,0.07163544625653046
68,2020-09-09,14.84,14.42,14.87,14.4,375873,51.6111,3.6972,0.07163575277411255
69,2020-09-10,14.6,14.02,14.65,13.94,323466,52.9432,3.7926,0.07163526194109915
70,2020-09-11,13.99,14.05,14.14,13.91,251773,53.8726,3.8592,0.07163567379335692
71,2020-09-14,14.15,14.19,14.29,14.02,218790,51.0535,3.6572,0.07163465776097623
72,2020-09-15,14.21,14.13,14.22,14.04,179451,50.8366,3.6417,0.07163539654500892
73,2020-09-16,14.08,14.19,14.48,14.08,311274,50.1861,3.5951,0.07163537314116857
74,2020-09-17,14.12,14.26,14.55,14.0,332590,50.7747,3.6373,0.07163607072026029
75,2020-09-18,14.2,15.52,15.69,14.15,881045,53.1911,3.8104,0.07163604437584484
76,2020-09-21,16.22,15.31,16.45,15.3,754550,53.7487,3.8503,0.07163522094487866
77,2020-09-22,15.0,15.5,15.99,14.96,609928,56.5058,4.0478,0.07163512418194237
78,2020-09-23,15.39,15.2,15.49,15.13,352446,54.802,3.9258,0.0716360716762162
79,2020-09-24,15.08,15.12,15.38,15.02,286985,55.1427,3.9502,0.07163595543925126
80,2020-09-25,15.19,15.51,15.75,15.09,421603,56.9395,4.0789,0.07163568348861511
81,2020-09-28,15.35,15.4,15.55,15.28,210462,53.1291,3.8059,0.07163494205623659
82,2020-09-29,15.5,15.67,15.92,15.5,373898,52.3856,3.7527,0.0716360984698085
83,2020-09-30,15.78,15.41,15.87,15.25,305397,54.1204,3.8769,0.07163472553787481
84,2020-10-09,15.7,15.63,15.78,15.45,261584,51.797,3.7105,0.07163542290094022
85,2020-10-12,15.96,16.12,16.25,15.69,521281,50.6198,3.6262,0.07163600014223684
86,2020-10-13,15.8,15.6,15.8,15.47,460046,50.248,3.5995,0.07163469192803694
87,2020-10-14,15.51,15.19,15.6,15.16,280111,55.7623,3.9946,0.07163621299695314
88,2020-10-15,15.24,15.22,15.5,15.18,212351,55.3906,3.9679,0.07163489834015158
89,2020-10-16,15.17,15.32,15.41,15.13,176208,55.1427,3.9502,0.07163595543925126
90,2020-10-19,15.45,15.0,15.54,14.97,246485,57.5591,4.1233,0.07163593593367514
91,2020-10-20,14.88,14.86,14.9,14.5,268511,54.2753,3.888,0.0716347952015005
92,2020-10-21,14.8,14.82,14.94,14.72,166819,60.3162,4.3208,0.07163581260092645
93,2020-10-22,14.73,14.95,15.14,14.67,211739,67.0077,4.8001,0.07163505089713569
94,2020-10-23,14.84,14.6,15.05,14.54,209838,64.9941,4.6559,0.0716357330896189
95,2020-10-26,14.5,14.17,14.5,14.04,226474,61.9271,4.4362,0.07163584278934425
96,2020-10-27,14.06,14.18,14.27,14.05,138309,61.0907,4.3763,0.07163610827834678
97,2020-10-28,14.14,14.21,14.26,14.08,131168,62.9185,4.5072,0.07163552850115626
98,2020-10-29,13.98,14.22,14.35,13.91,201819,64.4055,4.6137,0.07163518643594102
99,2020-10-30,14.23,13.55,14.28,13.52,273708,58.7983,4.212,0.07163472413318071
100,2020-11-02,13.59,13.13,13.95,13.0,309367,53.4389,3.8281,0.07163508230895471
101,2020-11-03,13.15,13.41,13.6,13.1,250472,48.5752,3.4797,0.07163532008102899
102,2020-11-04,13.41,13.41,13.58,13.2,177852,44.1452,3.1624,0.07163632739233257
103,2020-11-05,13.7,13.6,13.82,13.53,228678,40.1179,2.8739,0.07163635185291353
104,2020-11-06,13.64,13.8,13.95,13.54,295194,39.7771,2.8495,0.07163669548559347
105,2020-11-09,13.96,14.9,15.1,13.82,609474,38.6928,2.7718,0.07163606665839639
106,2020-11-10,14.83,14.4,14.88,14.33,410853,42.7821,3.0647,0.0716350997262874
107,2020-11-11,14.29,14.15,14.54,14.08,225857,44.455,3.1846,0.07163648633449556
108,2020-11-12,14.19,14.05,14.28,13.99,154126,44.455,3.1846,0.07163648633449556
109,2020-11-13,13.98,14.1,14.25,13.91,147479,43.6805,3.1291,0.07163608475177712
110,2020-11-16,14.28,14.18,14.35,14.05,172138,43.3087,3.1024,0.0716345676503797
111,2020-11-17,14.15,14.21,14.23,13.92,177061,43.6185,3.1246,0.07163474213922992
112,2020-11-18,14.2,14.29,14.55,14.12,254358,44.1452,3.1624,0.07163632739233257
113,2020-11-19,14.11,14.27,14.38,13.93,199058,41.8837,3.0004,0.07163646000711495
114,2020-11-20,14.17,14.43,14.55,14.11,259194,38.0733,2.7274,0.07163550309534503
115,2020-11-23,14.3,15.03,15.49,14.22,825942,34.6036,2.4789,0.07163705510409321
116,2020-11-24,14.98,15.27,15.71,14.92,739993,31.4437,2.2525,0.07163597159367377
117,2020-11-25,15.48,14.89,15.7,14.88,539863,28.5937,2.0483,0.07163466078192049
118,2020-11-26,15.0,15.64,15.95,14.92,872046,25.9914,1.8619,0.07163523319251754
119,2020-11-27,15.5,15.91,15.93,15.22,708729,23.637,1.6933,0.07163768667766637
120,2020-11-30,16.22,16.64,17.5,16.0,1987941,21.4995,1.5401,0.07163422405172214
121,2020-12-01,16.22,17.49,18.28,16.18,1900010,19.5478,1.4003,0.07163465965479492
