,日期,开盘,收盘,最高,最低,成交量,pe,pb,roe
0,2020-01-03,7.96,7.94,7.99,7.94,258298,5.0779,0.6278,0.1236337856200398
1,2020-01-06,7.92,7.86,7.94,7.82,519575,4.9199,0.6083,0.12364072440496757
2,2020-01-07,7.86,7.94,7.97,7.86,407342,4.912,0.6073,0.12363599348534202
3,2020-01-08,7.91,7.83,7.93,7.83,359005,4.7936,0.5927,0.12364402536715621
4,2020-01-09,7.89,7.86,7.91,7.84,282473,4.8015,0.5937,0.12364885973133397
5,2020-01-10,7.87,7.89,7.89,7.85,185330,4.8173,0.5956,0.12363772237560458
6,2020-01-13,7.87,7.93,7.93,7.85,199954,4.8488,0.5995,0.1236388384754991
7,2020-01-14,7.93,7.89,7.96,7.87,296666,4.7936,0.5927,0.12364402536715621
8,2020-01-15,7.89,7.83,7.89,7.81,280034,4.8173,0.5956,0.12363772237560458
9,2020-01-16,7.84,7.8,7.87,7.8,205036,4.8173,0.5956,0.12363772237560458
10,2020-01-17,7.8,7.8,7.85,7.78,250834,4.762,0.5888,0.12364552708945822
11,2020-01-20,7.78,7.83,7.83,7.75,234205,4.7462,0.5868,0.12363575070582782
12,2020-01-21,7.82,7.77,7.82,7.77,212121,4.7225,0.5839,0.12364213869772366
13,2020-01-22,7.79,7.81,7.84,7.72,281538,4.7778,0.5907,0.12363430867763406
14,2020-01-23,7.77,7.65,7.79,7.6,361183,4.8015,0.5937,0.12364885973133397
15,2020-02-03,7.01,7.2,7.2,6.96,810762,4.7857,0.5917,0.12363917504231356
16,2020-02-04,7.15,7.29,7.45,7.13,456214,4.8015,0.5937,0.12364885973133397
17,2020-02-05,7.3,7.25,7.34,7.21,347105,4.7462,0.5868,0.12363575070582782
18,2020-02-06,7.27,7.28,7.31,7.2,357318,4.7541,0.5878,0.12364064702046654
19,2020-02-07,7.26,7.26,7.26,7.18,414849,4.7383,0.5859,0.12365194267986408
20,2020-02-10,7.22,7.23,7.25,7.2,271022,4.7383,0.5859,0.12365194267986408
21,2020-02-11,7.23,7.26,7.31,7.23,286944,4.7146,0.5829,0.12363721206465023
22,2020-02-12,7.26,7.29,7.3,7.23,225406,4.7462,0.5868,0.12363575070582782
23,2020-02-13,7.29,7.24,7.33,7.23,195083,4.8094,0.6111,0.12706366698548674
24,2020-02-14,7.23,7.26,7.28,7.22,165563,4.8251,0.6131,0.12706472404717
25,2020-02-17,7.25,7.38,7.38,7.25,350449,4.8725,0.6192,0.12708055413032324
26,2020-02-18,7.36,7.32,7.37,7.3,288648,4.9278,0.6262,0.12707496245789193
27,2020-02-19,7.32,7.3,7.36,7.29,273116,5.0542,0.6422,0.12706264097186498
28,2020-02-20,7.31,7.41,7.42,7.29,428566,5.0068,0.6362,0.12706718862347208
29,2020-02-21,7.38,7.39,7.43,7.36,323730,5.0463,0.6412,0.12706339298099598
30,2020-02-24,7.35,7.34,7.42,7.33,298904,4.9515,0.6292,0.12707260426133493
31,2020-02-25,7.26,7.25,7.29,7.21,335784,5.0147,0.6372,0.12706642471134863
32,2020-02-26,7.21,7.26,7.34,7.2,402480,4.9752,0.6322,0.1270702685319183
33,2020-02-27,7.25,7.28,7.29,7.24,239400,4.9041,0.6232,0.12707734344731958
34,2020-02-28,7.2,7.08,7.25,7.08,501355,4.8962,0.6222,0.1270781422327519
35,2020-03-02,7.1,7.2,7.21,7.1,371647,4.912,0.6242,0.12707654723127035
36,2020-03-03,7.24,7.22,7.27,7.21,325124,4.9436,0.6282,0.1270733878145481
37,2020-03-04,7.2,7.22,7.24,7.18,240470,4.8251,0.6131,0.12706472404717
38,2020-03-05,7.25,7.36,7.38,7.22,636638,4.8015,0.6101,0.12706445902322192
39,2020-03-06,7.3,7.26,7.33,7.25,393124,4.9041,0.6232,0.12707734344731958
40,2020-03-09,7.2,7.11,7.2,7.1,433007,4.9673,0.6312,0.1270710446318926
41,2020-03-10,7.08,7.17,7.2,7.07,352018,4.9831,0.6332,0.12706949489273744
42,2020-03-11,7.16,7.11,7.18,7.11,285716,4.9594,0.6302,0.1270718232044199
43,2020-03-12,7.09,7.04,7.14,7.03,352505,5.0068,0.6362,0.12706718862347208
44,2020-03-13,6.9,6.97,6.98,6.84,524702,5.0305,0.6392,0.127064904085081
45,2020-03-16,6.98,6.81,6.98,6.81,488269,5.1647,0.6563,0.12707417662206905
46,2020-03-17,6.8,6.83,6.88,6.78,373467,5.1963,0.6603,0.1270711852664396
47,2020-03-18,6.84,6.73,6.87,6.73,298075,5.0937,0.6473,0.1270785480102872
48,2020-03-19,6.72,6.7,6.77,6.61,409457,5.1252,0.6513,0.1270779676890658
49,2020-03-20,6.74,6.75,6.76,6.66,242999,5.0542,0.6422,0.12706264097186498
50,2020-03-23,6.65,6.6,6.68,6.59,265868,4.9831,0.6332,0.12706949489273744
51,2020-03-24,6.65,6.73,6.73,6.65,253278,4.9989,0.6352,0.12706795495008902
52,2020-03-25,6.81,6.79,6.84,6.76,251297,5.1173,0.6503,0.1270787329255662
53,2020-03-26,6.76,6.82,6.9,6.74,309373,5.141,0.6533,0.1270764442715425
54,2020-03-27,6.86,6.84,6.89,6.82,204458,5.2042,0.6613,0.12707044310364704
55,2020-03-30,6.79,6.78,6.8,6.72,232521,5.1094,0.6493,0.12707950052843778
56,2020-03-31,6.82,6.71,6.83,6.7,259223,5.1094,0.6493,0.12707950052843778
57,2020-04-01,6.71,6.69,6.76,6.68,206322,5.0937,0.6473,0.1270785480102872
58,2020-04-02,6.66,6.71,6.71,6.65,434314,5.07,0.6443,0.12708086785009862
59,2020-04-03,6.68,6.66,6.69,6.65,232322,5.1331,0.6523,0.12707720480801077
60,2020-04-07,6.74,6.72,6.75,6.7,281224,5.07,0.6443,0.12708086785009862
61,2020-04-08,6.7,6.7,6.73,6.69,223662,5.1015,0.6483,0.12708027050867393
62,2020-04-09,6.72,6.7,6.73,6.69,170581,4.9752,0.6322,0.1270702685319183
63,2020-04-10,6.71,6.71,6.72,6.69,195880,4.9436,0.6282,0.1270733878145481
64,2020-04-13,6.65,6.62,6.65,6.61,251573,4.9831,0.6332,0.12706949489273744
65,2020-04-14,6.63,6.65,6.66,6.61,292496,5.0463,0.6412,0.12706339298099598
66,2020-04-15,6.64,6.6,6.64,6.59,278004,5.0621,0.6433,0.12708164595721144
67,2020-04-16,6.6,6.6,6.61,6.58,224716,5.1015,0.6483,0.12708027050867393
68,2020-04-17,6.62,6.62,6.63,6.58,288883,5.1015,0.6483,0.12708027050867393
69,2020-04-20,6.62,6.6,6.62,6.59,201857,5.1015,0.6483,0.12708027050867393
70,2020-04-21,6.59,6.55,6.6,6.53,254535,5.1884,0.6593,0.12707192968930692
71,2020-04-22,6.54,6.54,6.55,6.51,322289,5.0858,0.6641,0.13057925990011404
72,2020-04-23,6.54,6.48,6.54,6.47,370895,4.9278,0.6435,0.13058565688542553
73,2020-04-24,6.47,6.44,6.47,6.4,294052,4.8962,0.6394,0.1305910706261999
74,2020-04-27,6.44,6.5,6.54,6.43,349468,4.8725,0.6363,0.13059004617752695
75,2020-04-28,6.51,6.46,6.51,6.4,271822,4.8883,0.6383,0.13057709224065625
76,2020-04-29,6.51,6.74,6.76,6.5,1021051,4.8251,0.6301,0.130587967088765
77,2020-04-30,6.73,6.74,6.8,6.72,562379,4.8804,0.6373,0.1305835587246947
78,2020-05-06,6.67,6.71,6.73,6.65,460012,4.8646,0.6352,0.13057599802655923
79,2020-05-07,6.71,6.7,6.72,6.67,299577,4.9278,0.6435,0.13058565688542553
80,2020-05-08,6.72,6.76,6.78,6.71,299077,4.8173,0.6291,0.13059182529632782
81,2020-05-11,6.77,6.73,6.79,6.73,270143,4.7778,0.6239,0.13058311356691366
82,2020-05-12,6.73,6.68,6.75,6.66,207749,4.7541,0.6208,0.13058202393723312
83,2020-05-13,6.67,6.66,6.68,6.64,226867,4.7936,0.626,0.13059078771695595
84,2020-05-14,6.64,6.62,6.64,6.6,185192,4.7304,0.6177,0.13058092338914257
85,2020-05-15,6.65,6.65,6.66,6.63,149400,4.7383,0.6187,0.13057425658991623
86,2020-05-18,6.65,6.66,6.68,6.62,200190,4.7146,0.6156,0.1305731133075977
87,2020-05-19,6.7,6.67,6.72,6.66,201472,4.8409,0.6321,0.1305748930983908
88,2020-05-20,6.67,6.69,6.71,6.61,246150,4.912,0.6414,0.13057817589576548
89,2020-05-21,6.7,6.64,6.7,6.63,161156,4.8804,0.6373,0.1305835587246947
90,2020-05-22,6.64,6.55,6.65,6.55,227677,4.9357,0.6445,0.13057924914399174
91,2020-05-25,6.56,6.53,6.56,6.49,195063,4.8251,0.6301,0.130587967088765
92,2020-05-26,6.55,6.56,6.58,6.53,165430,4.8883,0.6383,0.13057709224065625
93,2020-05-27,6.56,6.63,6.65,6.54,219271,4.912,0.6414,0.13057817589576548
94,2020-05-28,6.65,6.66,6.73,6.62,272957,4.9673,0.6486,0.13057395365691624
95,2020-05-29,6.65,6.62,6.67,6.62,184371,5.0779,0.6631,0.13058547824888242
96,2020-06-01,6.65,6.69,6.7,6.64,240856,5.0226,0.6559,0.13058973440050972
97,2020-06-02,6.68,6.7,6.72,6.67,216547,5.2674,0.6878,0.13057675513536088
98,2020-06-03,6.71,6.7,6.79,6.7,279866,5.3227,0.695,0.13057282957897307
99,2020-06-04,6.71,6.65,6.72,6.64,191179,5.2121,0.6806,0.13058076399148136
100,2020-06-05,6.67,6.66,6.67,6.63,172852,5.2674,0.6878,0.13057675513536088
101,2020-06-08,6.68,6.67,6.69,6.66,196468,4.7857,0.6249,0.1305765091836095
102,2020-06-09,6.68,6.69,6.71,6.66,196340,4.7225,0.6167,0.13058761249338274
103,2020-06-10,6.69,6.64,6.7,6.63,257349,4.5566,0.595,0.13057981828556378
104,2020-06-11,6.64,6.6,6.65,6.58,262732,4.4777,0.5847,0.13058043191817229
105,2020-06-12,6.56,6.64,6.64,6.54,266760,4.4698,0.5837,0.13058749832207256
106,2020-06-15,6.62,6.58,6.62,6.58,203682,4.4935,0.5868,0.13058862801824858
107,2020-06-16,6.61,6.6,6.62,6.59,179200,4.683,0.5945,0.12694853726243863
108,2020-06-17,6.61,6.6,6.62,6.58,179620,4.7067,0.5975,0.12694669301208916
109,2020-06-18,6.59,6.61,6.64,6.57,240337,4.683,0.5945,0.12694853726243863
110,2020-06-19,6.6,6.63,6.65,6.59,266498,4.6672,0.5925,0.12694977716832362
111,2020-06-22,6.64,6.66,6.7,6.63,323681,4.6593,0.5915,0.12695040027471938
112,2020-06-23,6.67,6.63,6.68,6.61,304953,4.6593,0.5915,0.12695040027471938
113,2020-06-24,6.65,6.67,6.7,6.63,355488,4.6435,0.5895,0.1269516528480672
114,2020-06-29,6.7,6.64,6.73,6.63,246237,4.6909,0.5955,0.12694792044170627
115,2020-06-30,6.66,6.65,6.68,6.63,227299,4.6593,0.5915,0.12695040027471938
116,2020-07-01,6.66,6.75,6.75,6.64,414431,4.6909,0.5955,0.12694792044170627
117,2020-07-02,6.74,6.96,6.96,6.73,869775,4.7304,0.6005,0.1269448672416709
118,2020-07-03,7.0,7.04,7.12,6.94,941798,4.7146,0.5985,0.12694608238238664
119,2020-07-06,7.17,7.65,7.65,7.16,1946501,4.7067,0.5975,0.12694669301208916
120,2020-07-07,7.85,7.58,7.97,7.58,2021160,4.6988,0.5965,0.12694730569507107
121,2020-07-08,7.51,7.72,7.76,7.49,1285844,4.7383,0.6015,0.12694426271025475
122,2020-07-09,7.69,7.65,7.71,7.55,1060936,4.7383,0.6015,0.12694426271025475
123,2020-07-10,7.48,7.34,7.54,7.31,1435836,4.7304,0.6005,0.1269448672416709
124,2020-07-13,7.28,7.41,7.44,7.26,1053693,4.6751,0.5935,0.12694915616778252
125,2020-07-14,7.4,7.27,7.4,7.23,761459,4.7067,0.5975,0.12694669301208916
126,2020-07-15,7.32,7.2,7.36,7.17,706015,4.683,0.5945,0.12694853726243863
127,2020-07-16,7.18,7.17,7.28,7.13,995395,4.6277,0.5875,0.12695291397454458
128,2020-07-17,7.19,7.09,7.22,7.06,583273,4.604,0.5845,0.12695482189400523
129,2020-07-20,7.11,7.23,7.27,7.08,618608,4.6198,0.5865,0.12695354777263088
130,2020-07-21,7.24,7.16,7.25,7.14,434916,4.6909,0.5955,0.12694792044170627
131,2020-07-22,7.17,7.2,7.28,7.13,555465,4.7304,0.6005,0.1269448672416709
132,2020-07-23,7.16,7.11,7.18,7.04,485125,4.7146,0.5985,0.12694608238238664
133,2020-07-24,7.09,6.95,7.11,6.94,542582,4.7067,0.5975,0.12694669301208916
134,2020-07-27,6.99,6.98,7.0,6.9,290864,4.6988,0.5965,0.12694730569507107
135,2020-07-28,7.0,6.97,7.02,6.94,248873,4.6751,0.5935,0.12694915616778252
136,2020-07-29,6.95,7.05,7.07,6.93,299038,4.7067,0.5975,0.12694669301208916
137,2020-07-30,7.06,7.0,7.07,6.98,275456,4.7225,0.5995,0.12694547379565907
138,2020-07-31,6.98,7.03,7.08,6.98,315157,4.762,0.6045,0.126942461150777
139,2020-08-03,7.09,7.08,7.09,7.03,417201,4.7857,0.6075,0.126940677434858
140,2020-08-04,7.09,7.22,7.27,7.04,825160,4.7383,0.6015,0.12694426271025475
141,2020-08-05,7.2,7.14,7.21,7.1,446434,4.7462,0.6025,0.12694366019131095
142,2020-08-06,7.14,7.16,7.2,7.09,336815,4.7699,0.6055,0.12694186460932097
143,2020-08-07,7.14,7.09,7.17,7.05,338707,4.7699,0.6055,0.12694186460932097
144,2020-08-10,7.1,7.17,7.2,7.06,447491,4.5487,0.6044,0.13287312858618947
145,2020-08-11,7.16,7.15,7.31,7.14,692197,4.5803,0.6086,0.1328733925725389
146,2020-08-12,7.16,7.18,7.24,7.12,442103,4.533,0.6023,0.13287006397529227
147,2020-08-13,7.2,7.22,7.24,7.17,376029,4.5645,0.6065,0.1328732610362581
148,2020-08-14,7.24,7.42,7.45,7.21,1037613,4.6119,0.6128,0.13287365294130402
149,2020-08-17,7.48,7.55,7.7,7.48,1908916,4.6198,0.6138,0.1328628944975973
150,2020-08-18,7.54,7.44,7.56,7.39,957710,4.6593,0.6191,0.13287403687249158
151,2020-08-19,7.45,7.44,7.57,7.43,893335,4.6751,0.6212,0.13287416311950548
152,2020-08-20,7.42,7.44,7.51,7.4,647805,4.6593,0.6191,0.13287403687249158
153,2020-08-21,7.46,7.39,7.49,7.37,424779,4.6593,0.6191,0.13287403687249158
154,2020-08-24,7.39,7.37,7.45,7.36,371179,4.6988,0.6243,0.13286370988337445
155,2020-08-25,7.4,7.29,7.43,7.28,431606,4.6751,0.6212,0.13287416311950548
156,2020-08-26,7.3,7.24,7.33,7.2,388281,5.3106,0.6409,0.12068316197793094
157,2020-08-27,7.24,7.28,7.3,7.2,253650,5.3018,0.6399,0.12069485834999434
158,2020-08-28,7.27,7.44,7.45,7.24,545923,5.3018,0.6399,0.12069485834999434
159,2020-08-31,7.47,7.4,7.56,7.38,537583,5.3194,0.642,0.1206903034176787
160,2020-09-01,7.42,7.48,7.5,7.38,456389,5.2664,0.6356,0.1206896551724138
161,2020-09-02,7.48,7.4,7.5,7.38,388483,5.3106,0.6409,0.12068316197793094
162,2020-09-03,7.41,7.43,7.45,7.37,311996,5.2929,0.6388,0.12068998091783333
163,2020-09-04,7.37,7.45,7.48,7.34,381620,5.3106,0.6409,0.12068316197793094
164,2020-09-07,7.44,7.45,7.56,7.39,399107,5.3724,0.6484,0.12069093887275706
165,2020-09-08,7.44,7.57,7.63,7.44,555542,5.4255,0.6548,0.12068933738825914
166,2020-09-09,7.52,7.49,7.61,7.46,494423,5.4078,0.6527,0.1206960316579755
167,2020-09-10,7.53,7.46,7.57,7.46,379192,5.3813,0.6495,0.12069574266441192
168,2020-09-11,7.45,7.31,7.49,7.27,775522,5.3283,0.6431,0.12069515605352553
169,2020-09-14,7.31,7.29,7.33,7.22,415841,5.2134,0.6292,0.12068899374688302
170,2020-09-15,7.29,7.38,7.42,7.24,412744,5.3459,0.6452,0.12069062272021548
171,2020-09-16,7.38,7.47,7.53,7.36,542908,5.3017,0.6399,0.1206971348812645
172,2020-09-17,7.47,7.43,7.52,7.4,288705,5.3283,0.6431,0.12069515605352553
173,2020-09-18,7.43,7.56,7.57,7.38,622114,5.4166,0.6537,0.12068456227153564
174,2020-09-21,7.57,7.52,7.58,7.49,297370,5.3989,0.6516,0.12069125192168774
175,2020-09-22,7.47,7.35,7.49,7.33,575051,5.5403,0.6687,0.12069743515694095
176,2020-09-23,7.35,7.32,7.38,7.31,302700,5.6022,0.6761,0.1206847309985363
177,2020-09-24,7.31,7.26,7.36,7.25,307972,5.664,0.6836,0.12069209039548023
178,2020-09-25,7.28,7.29,7.34,7.25,226089,5.7171,0.69,0.12069055989924961
179,2020-09-28,7.3,7.27,7.31,7.2,178114,5.664,0.6836,0.12069209039548023
180,2020-09-29,7.29,7.19,7.29,7.19,318795,5.7966,0.6996,0.12069143980954353
181,2020-09-30,7.19,7.06,7.21,7.02,530286,5.8849,0.7102,0.12068174480449965
182,2020-10-09,7.08,7.09,7.14,7.07,363562,5.7612,0.6953,0.12068666250086789
183,2020-10-12,7.09,7.24,7.28,7.08,392628,5.7612,0.6953,0.12068666250086789
184,2020-10-13,7.24,7.2,7.25,7.17,315232,5.7436,0.6932,0.12069085590918589
185,2020-10-14,7.22,7.18,7.24,7.17,243997,5.6375,0.6804,0.12069179600886917
186,2020-10-15,7.19,7.19,7.3,7.17,549675,5.8143,0.7017,0.12068520716165315
187,2020-10-16,7.19,7.28,7.35,7.16,838988,5.7966,0.6996,0.12069143980954353
188,2020-10-19,7.31,7.33,7.49,7.27,780212,5.7877,0.6985,0.12068697410024708
189,2020-10-20,7.3,7.25,7.32,7.21,403620,5.8673,0.7081,0.1206858350518978
190,2020-10-21,7.25,7.37,7.38,7.21,484744,5.9114,0.7134,0.12068207192881551
191,2020-10-22,7.34,7.32,7.43,7.26,449135,5.9291,0.7156,0.1206928538901351
192,2020-10-23,7.29,7.38,7.47,7.29,732080,5.8319,0.7038,0.12068108163720227
193,2020-10-26,7.41,7.22,7.42,7.19,604879,5.8496,0.706,0.12069201312910284
194,2020-10-27,7.18,7.15,7.21,7.13,347748,5.9026,0.7124,0.1206925761528818
195,2020-10-28,7.14,7.09,7.16,7.06,410960,5.7966,0.6996,0.12069143980954353
196,2020-10-29,7.02,7.07,7.09,7.02,374348,5.7789,0.6974,0.12068040630569832
197,2020-10-30,7.08,6.99,7.12,6.96,556843,5.8231,0.7028,0.12069172777386615
198,2020-11-02,6.99,6.95,7.02,6.93,436699,5.7966,0.6996,0.12069143980954353
199,2020-11-03,6.97,6.98,7.02,6.96,583000,5.7701,0.6964,0.12069114920018717
200,2020-11-04,7.01,6.98,7.02,6.93,391850,5.7966,0.6996,0.12069143980954353
201,2020-11-05,7.01,7.0,7.02,6.96,434466,5.8143,0.7017,0.12068520716165315
202,2020-11-06,7.0,6.99,7.01,6.96,349425,5.7877,0.6985,0.12068697410024708
203,2020-11-09,7.0,7.06,7.08,6.99,577815,5.8231,0.7028,0.12069172777386615
204,2020-11-10,7.09,7.04,7.13,7.03,553047,5.7436,0.6932,0.12069085590918589
205,2020-11-11,7.04,7.06,7.11,7.03,467145,6.1412,0.7412,0.12069302416465837
206,2020-11-12,7.07,7.03,7.07,7.0,333121,6.2826,0.7582,0.12068251997580619
207,2020-11-13,7.01,6.96,7.03,6.92,641981,6.2472,0.754,0.1206940709437828
208,2020-11-16,6.96,6.99,7.0,6.95,346922,6.3002,0.7604,0.12069458112440874
209,2020-11-17,6.99,7.01,7.04,6.97,473424,6.2737,0.7572,0.12069432711159284
210,2020-11-18,7.02,7.08,7.14,7.01,722791,6.2737,0.7572,0.12069432711159284
211,2020-11-19,7.07,7.08,7.11,7.05,445768,6.3002,0.7604,0.12069458112440874
212,2020-11-20,7.08,7.05,7.09,7.04,301462,6.3533,0.7668,0.12069318307021548
213,2020-11-23,7.04,7.12,7.15,7.04,558730,6.3886,0.771,0.12068371787246032
214,2020-11-24,7.12,7.08,7.15,7.08,323792,6.3533,0.7668,0.12069318307021548
215,2020-11-25,7.13,7.06,7.16,7.05,429354,6.3268,0.7636,0.12069292533350191
216,2020-11-26,7.05,7.05,7.09,7.02,478186,6.3002,0.7604,0.12069458112440874
217,2020-11-27,7.05,7.2,7.2,7.04,955023,6.3974,0.7721,0.12068965517241378
218,2020-11-30,7.28,7.21,7.45,7.21,1561993,6.3268,0.7636,0.12069292533350191
219,2020-12-01,7.23,7.41,7.43,7.19,1226376,6.3974,0.7721,0.12068965517241378
