,日期,开盘,收盘,最高,最低,成交量,pe,pb,roe
0,2020-01-03,11.88,11.87,12.02,11.77,364564,34.1773,1.5004,0.04390048365435537
1,2020-01-06,11.71,11.82,11.99,11.67,480026,33.3444,1.4638,0.04389942539077026
2,2020-01-07,11.86,11.85,11.94,11.73,329757,33.2583,1.46,0.043898816235345764
3,2020-01-08,11.74,11.43,11.78,11.38,431040,32.3967,1.4222,0.043899532977124206
4,2020-01-09,11.55,11.57,11.64,11.47,311406,32.5403,1.4285,0.04389941088434956
5,2020-01-10,11.78,11.69,11.89,11.58,481494,33.2295,1.4588,0.04390075083886306
6,2020-01-13,11.61,11.87,11.87,11.5,348165,33.6316,1.4764,0.04389919004745537
7,2020-01-14,11.85,11.72,11.91,11.71,250296,33.0859,1.4525,0.04390087620406275
8,2020-01-15,11.66,11.65,11.78,11.59,223306,33.3157,1.4625,0.04389822215952238
9,2020-01-16,11.66,11.57,11.7,11.55,168116,33.2008,1.4575,0.04389954458928701
10,2020-01-17,11.6,11.66,11.77,11.59,203861,33.6029,1.4752,0.043900972832701946
11,2020-01-20,11.6,11.83,11.84,11.57,271720,33.3157,1.4625,0.04389822215952238
12,2020-01-21,11.79,11.62,11.88,11.61,328004,32.4828,1.426,0.04390015639045895
13,2020-01-22,11.58,11.76,11.84,11.46,349446,32.77,1.4386,0.04389990845285322
14,2020-01-23,11.69,11.34,11.74,11.3,364428,32.8562,1.4424,0.043900390185109654
15,2020-02-03,10.31,10.31,10.31,10.31,119273,33.0859,1.4525,0.04390087620406275
16,2020-02-04,9.75,10.15,10.29,9.75,582368,33.7465,1.4815,0.043900848976930945
17,2020-02-05,10.2,10.26,10.48,10.13,394041,32.9136,1.4449,0.043899786106655
18,2020-02-06,10.26,10.4,10.48,10.15,397461,32.6264,1.4323,0.04390003187602678
19,2020-02-07,10.38,10.42,10.48,10.28,321439,32.0233,1.4058,0.04389928583250321
20,2020-02-10,10.39,10.52,10.62,10.33,277918,31.9658,1.4033,0.04390004317113915
21,2020-02-11,10.56,10.44,10.7,10.42,314582,30.7309,1.3491,0.043900438971849184
22,2020-02-12,10.48,10.57,10.64,10.38,350049,30.8458,1.3541,0.04389900732028348
23,2020-02-13,10.57,10.4,10.62,10.35,282882,32.052,1.2907,0.04026893797578934
24,2020-02-14,10.4,10.57,10.65,10.37,383291,31.7361,1.278,0.04026959834384187
25,2020-02-17,10.85,11.13,11.24,10.78,680783,31.5638,1.2711,0.04027081656834728
26,2020-02-18,11.2,11.14,11.28,11.06,398926,31.2766,1.3985,0.044713939494702114
27,2020-02-19,11.15,11.19,11.4,11.07,537656,32.1669,1.4383,0.04471366528947458
28,2020-02-20,11.21,11.89,11.98,11.18,948451,32.6839,1.4614,0.044713146227959334
29,2020-02-21,11.92,11.95,12.27,11.72,880212,32.5403,1.455,0.044713785674993775
30,2020-02-24,11.91,11.94,12.1,11.77,607966,32.77,1.4653,0.044714678059200486
31,2020-02-25,11.73,11.92,11.99,11.46,777011,32.6839,1.4614,0.044713146227959334
32,2020-02-26,11.72,11.74,12.02,11.66,586838,33.1147,1.4807,0.04471428096887485
33,2020-02-27,11.77,11.67,11.94,11.64,455040,32.7987,1.4666,0.04471518688240693
34,2020-02-28,11.3,11.02,11.5,11.01,655406,32.3967,1.4486,0.04471443079079042
35,2020-03-02,11.15,11.49,11.57,11.07,540238,32.9136,1.4717,0.04471403918137183
36,2020-03-03,11.65,11.53,11.83,11.46,468070,33.6029,1.5025,0.044713402712265905
37,2020-03-04,11.51,11.78,11.8,11.48,593686,32.4254,1.4499,0.044714945690723935
38,2020-03-05,11.98,12.04,12.23,11.77,796645,31.6786,1.4165,0.04471472855492352
39,2020-03-06,12.0,11.79,12.0,11.77,453849,32.77,1.4653,0.044714678059200486
40,2020-03-09,11.56,11.43,11.73,11.42,544898,32.77,1.4653,0.044714678059200486
41,2020-03-10,11.41,11.73,11.77,11.3,580734,34.1199,1.5257,0.044715840316061885
42,2020-03-11,11.77,11.55,11.86,11.55,408901,31.0181,1.387,0.044715827210564156
43,2020-03-12,11.41,11.39,11.56,11.3,379494,31.4776,1.4075,0.04471433654408214
44,2020-03-13,10.96,11.23,11.4,10.87,521633,31.4202,1.4049,0.04471327362652052
45,2020-03-16,11.35,10.72,11.37,10.67,521015,31.6212,1.4139,0.04471367310538499
46,2020-03-17,10.92,10.71,11.0,10.53,387600,32.1094,1.4358,0.044715877593477296
47,2020-03-18,10.76,10.42,10.89,10.41,356829,30.7309,1.3741,0.04471395240621004
48,2020-03-19,10.45,10.52,10.73,10.15,374126,30.7883,1.3767,0.044715037855289186
49,2020-03-20,10.55,10.54,10.6,10.36,306473,31.133,1.3921,0.0447146115054765
50,2020-03-23,10.28,10.17,10.39,10.16,273648,31.0468,1.3882,0.04471314273934834
51,2020-03-24,10.33,10.32,10.4,10.11,303651,30.9894,1.3857,0.04471528974423512
52,2020-03-25,10.51,10.44,10.52,10.37,299412,31.0181,1.387,0.044715827210564156
53,2020-03-26,10.38,10.25,10.42,10.24,215237,31.7074,1.4178,0.04471511382201
54,2020-03-27,10.35,10.31,10.46,10.27,265062,32.4828,1.4525,0.044715972760968885
55,2020-03-30,10.24,10.14,10.24,10.06,253752,32.3679,1.4473,0.04471405312052991
56,2020-03-31,10.25,10.17,10.32,10.14,231517,33.4593,1.4961,0.044714025696891445
57,2020-04-01,10.18,10.2,10.35,10.16,260225,33.8901,1.5154,0.044715123295593705
58,2020-04-02,10.15,10.49,10.5,10.1,286963,33.8327,1.5128,0.044714137506022274
59,2020-04-03,10.48,10.46,10.58,10.38,291813,33.8901,1.5154,0.044715123295593705
60,2020-04-07,10.6,10.65,10.72,10.52,355331,33.9188,1.5167,0.044715614939207754
61,2020-04-08,10.58,10.65,10.71,10.56,218659,34.4071,1.5548,0.045188347753806625
62,2020-04-09,10.75,10.66,10.83,10.65,207788,33.6891,1.5223,0.04518672211486801
63,2020-04-10,10.69,10.49,10.69,10.47,175699,33.5168,1.5145,0.04518629463433263
64,2020-04-13,10.45,10.43,10.5,10.38,133523,34.3496,1.5522,0.045188299135943355
65,2020-04-14,10.48,10.61,10.7,10.45,219253,34.7805,1.5716,0.04518623941576458
66,2020-04-15,10.63,10.58,10.8,10.57,246380,34.7517,1.5703,0.04518627865687146
67,2020-04-16,10.46,10.54,10.67,10.45,242911,34.3784,1.5535,0.04518825774323413
68,2020-04-17,10.64,10.49,10.64,10.47,169863,35.3261,1.5963,0.04518755254613445
69,2020-04-20,10.53,10.46,10.54,10.42,144782,35.9867,1.6262,0.04518891701656445
70,2020-04-21,10.42,10.28,10.45,10.24,169121,36.1303,1.6326,0.04518645015402585
71,2020-04-22,10.23,10.32,10.34,10.21,115433,34.0624,1.5392,0.04518765559678707
72,2020-04-23,10.38,10.47,10.6,10.33,239667,33.6029,1.5184,0.04518657615860536
73,2020-04-24,10.41,10.25,10.49,10.19,188257,33.7178,1.5236,0.045186815272645314
74,2020-04-27,10.26,10.22,10.34,10.18,149259,34.4358,1.5561,0.04518843761434321
75,2020-04-28,10.3,10.26,10.36,10.12,173144,36.0729,1.63,0.04518627556974904
76,2020-04-29,10.21,10.3,10.35,10.21,111586,36.1303,1.6326,0.04518645015402585
77,2020-04-30,10.32,10.45,10.49,10.29,254478,35.5272,1.6054,0.045187912360107184
78,2020-05-06,10.27,10.4,10.41,10.24,238000,33.9763,1.5353,0.04518738061531126
79,2020-05-07,10.35,10.4,10.46,10.33,224993,34.0337,1.5335,0.04505828046906449
80,2020-05-08,10.45,10.57,10.7,10.43,275638,34.4071,1.5503,0.04505756079413842
81,2020-05-11,10.59,10.47,10.64,10.43,175567,33.6316,1.5154,0.04505881373470189
82,2020-05-12,10.54,10.5,10.6,10.43,161902,33.5455,1.5115,0.04505820452817815
83,2020-05-13,10.45,10.54,10.55,10.43,114938,33.4593,1.5076,0.045057726850232974
84,2020-05-14,10.47,10.4,10.51,10.39,129095,32.4541,1.4623,0.04505748118111425
85,2020-05-15,10.45,10.44,10.5,10.42,101999,32.6551,1.4714,0.045058811640448206
86,2020-05-18,10.46,10.39,10.5,10.36,153753,32.3679,1.4585,0.04506007495080002
87,2020-05-19,10.41,10.42,10.48,10.39,126009,34.6081,1.5594,0.04505881571077291
88,2020-05-20,10.37,10.35,10.46,10.34,131080,34.522,1.5555,0.04505822374138231
89,2020-05-21,10.38,10.28,10.43,10.28,86958,34.3209,1.5465,0.0450600071676442
90,2020-05-22,10.26,10.14,10.31,10.14,147865,35.1825,1.5853,0.045059333475449444
91,2020-05-25,10.14,10.17,10.23,10.13,99849,32.569,1.4675,0.045058184162854245
92,2020-05-26,10.24,10.31,10.38,10.2,117871,34.5794,1.5581,0.04505861871518881
93,2020-05-27,10.28,10.21,10.33,10.2,85565,36.3888,1.6396,0.04505781998856791
94,2020-05-28,10.23,10.33,10.43,10.22,154227,36.2452,1.6332,0.04505975963713816
95,2020-05-29,10.3,10.22,10.33,10.21,107070,36.7334,1.6552,0.04505980932883969
96,2020-06-01,10.4,10.52,10.6,10.39,330087,36.3888,1.6396,0.04505781998856791
97,2020-06-02,10.51,10.49,10.6,10.44,143495,37.7674,1.7018,0.045060025312835934
98,2020-06-03,10.55,10.42,10.55,10.4,142101,37.5376,1.6914,0.045058821022121824
99,2020-06-04,10.43,10.38,10.48,10.37,107405,34.4645,1.5529,0.045057958188861
100,2020-06-05,10.4,10.43,10.48,10.35,136070,35.2687,1.5892,0.04505978388769645
101,2020-06-08,10.46,10.39,10.49,10.38,119816,32.052,1.4442,0.045058030700112314
102,2020-06-09,10.39,10.43,10.5,10.36,150984,29.8693,1.3459,0.045059643178782235
103,2020-06-10,10.44,10.34,10.46,10.31,122442,27.8014,1.2527,0.04505888192680944
104,2020-06-11,10.32,10.25,10.42,10.24,197920,27.2557,1.2281,0.045058464834878575
105,2020-06-12,10.14,10.2,10.22,10.11,229549,26.4802,1.1932,0.045060082627774715
106,2020-06-15,10.21,10.12,10.31,10.12,217014,27.6578,1.2259,0.04432384354503973
107,2020-06-16,10.17,10.19,10.21,10.15,172298,27.9737,1.2399,0.04432377554631672
108,2020-06-17,10.21,10.17,10.21,10.13,154898,27.4855,1.2183,0.04432518964544942
109,2020-06-18,10.16,10.24,10.35,10.15,196461,26.9398,1.1941,0.04432475371012405
110,2020-06-19,10.24,10.43,10.5,10.21,451811,26.3941,1.1699,0.04432429974880749
111,2020-06-22,10.44,10.62,10.9,10.41,640165,26.193,1.161,0.04432481960829229
112,2020-06-23,10.62,10.79,10.79,10.56,429933,26.2505,1.1635,0.044322965276851874
113,2020-06-24,10.78,10.68,10.89,10.66,276047,26.0494,1.1546,0.044323477700062196
114,2020-06-29,10.61,10.42,10.62,10.4,254967,26.2792,1.1648,0.04432402812871016
115,2020-06-30,10.53,10.69,10.87,10.42,361961,26.4228,1.1712,0.044325355374903494
116,2020-07-01,10.65,10.88,10.95,10.63,478468,26.6813,1.1826,0.04432317765626113
117,2020-07-02,10.96,11.6,11.64,10.9,1060980,26.9398,1.1941,0.04432475371012405
118,2020-07-03,11.79,12.36,12.37,11.67,1452889,26.8249,1.189,0.04432448956007292
119,2020-07-06,12.87,13.48,13.48,12.75,1721945,26.9398,1.1941,0.04432475371012405
120,2020-07-07,13.73,13.2,13.8,12.92,1671371,26.7962,1.1877,0.044323448847224604
121,2020-07-08,13.18,14.27,14.4,13.08,1629682,26.9111,1.1928,0.044323717722426804
122,2020-07-09,14.15,14.35,15.0,13.8,1725198,27.1121,1.2017,0.044323383286429305
123,2020-07-10,14.02,13.87,14.31,13.84,1031864,27.1983,1.2056,0.04432629980550255
124,2020-07-13,13.85,13.99,14.33,13.67,1032795,26.3366,1.1674,0.044326146883044884
125,2020-07-14,13.92,13.82,14.15,13.63,773489,26.6526,1.1814,0.04432588190270368
126,2020-07-15,14.0,13.87,14.65,13.84,1555421,26.3079,1.1661,0.04432508866158074
127,2020-07-16,13.66,13.24,14.33,13.18,1456555,26.5951,1.1788,0.044323954412654964
128,2020-07-17,13.27,12.54,13.38,12.37,1247727,26.193,1.161,0.04432481960829229
129,2020-07-20,12.86,13.45,13.48,12.81,1024601,26.1069,1.1572,0.04432544652946156
130,2020-07-21,13.39,13.15,13.53,13.0,688878,26.509,1.175,0.04432456901429703
131,2020-07-22,13.2,13.22,13.67,13.11,857361,26.71,1.1839,0.04432422313740172
132,2020-07-23,13.13,13.25,13.3,12.86,650178,26.9111,1.1928,0.044323717722426804
133,2020-07-24,13.2,12.47,13.24,12.36,748689,26.8249,1.189,0.04432448956007292
134,2020-07-27,12.53,12.57,12.67,12.31,385743,26.9685,1.1954,0.044325787492815696
135,2020-07-28,12.7,12.5,12.75,12.41,313885,26.8536,1.1903,0.044325528048380844
136,2020-07-29,12.52,12.85,12.95,12.42,559788,27.2557,1.2081,0.04432467337107467
137,2020-07-30,12.87,12.88,13.1,12.71,451942,27.1408,1.203,0.044324411955432415
138,2020-07-31,12.85,12.91,13.25,12.7,565695,27.0547,1.1992,0.044325015616510255
139,2020-08-03,13.1,13.18,13.23,12.93,577851,27.3419,1.2119,0.0443239131150359
140,2020-08-04,13.18,13.05,13.35,13.0,521391,26.8536,1.1903,0.044325528048380844
141,2020-08-05,13.06,13.03,13.15,12.89,340997,26.8536,1.1903,0.044325528048380844
142,2020-08-06,13.14,13.57,13.7,13.06,1020857,26.9972,1.1966,0.04432311498970264
143,2020-08-07,13.49,13.78,14.26,13.38,1733724,26.5664,1.1988,0.04512466875451698
144,2020-08-10,13.44,13.76,14.17,13.25,1140394,26.4515,1.1936,0.04512409504186908
145,2020-08-11,13.79,13.19,14.03,13.18,931440,26.3366,1.1884,0.045123516323291535
146,2020-08-12,13.15,12.94,13.29,12.71,724850,26.4228,1.1923,0.045123908139939745
147,2020-08-13,13.0,12.9,13.12,12.82,424708,27.0547,1.2208,0.04512339815263152
148,2020-08-14,12.82,13.06,13.09,12.75,416667,26.6238,1.2013,0.04512128246155696
149,2020-08-17,13.3,13.78,14.06,13.26,1063099,26.509,1.1962,0.04512429740842732
150,2020-08-18,13.8,13.73,13.99,13.66,645739,27.0259,1.2195,0.0451233816450146
151,2020-08-19,13.74,13.5,13.89,13.47,519535,27.1121,1.2234,0.04512376392828294
152,2020-08-20,13.46,13.17,13.64,13.16,445474,27.2557,1.2299,0.045124506066620926
153,2020-08-21,13.33,13.3,13.46,13.19,461364,27.3706,1.235,0.04512140764177622
154,2020-08-24,13.41,13.31,13.62,13.28,455225,27.4567,1.2389,0.04512195566109546
155,2020-08-25,13.28,13.16,13.46,13.14,435828,26.9398,1.2156,0.04512282941966904
156,2020-08-26,13.13,12.87,13.22,12.84,516279,27.1121,1.2234,0.04512376392828294
157,2020-08-27,12.89,12.93,13.03,12.82,281802,27.6003,1.2454,0.04512269794168904
158,2020-08-28,12.93,13.18,13.25,12.83,454053,27.5716,1.2441,0.04512251737294898
159,2020-08-31,13.2,13.01,13.5,13.01,739716,27.5716,1.2441,0.04512251737294898
160,2020-09-01,12.96,13.0,13.08,12.85,422320,27.0259,1.2195,0.0451233816450146
161,2020-09-02,13.03,12.98,13.1,12.81,439573,27.1121,1.2234,0.04512376392828294
162,2020-09-03,12.98,13.0,13.18,12.93,486018,26.2792,1.1858,0.045123139212761426
163,2020-09-04,12.8,12.85,12.93,12.78,328345,26.193,1.1819,0.04512274271751995
164,2020-09-07,12.81,12.47,12.9,12.47,348647,26.1069,1.178,0.04512217076711521
165,2020-09-08,12.48,12.51,12.64,12.22,543534,52.6081,1.2005,0.02281967985918518
166,2020-09-09,12.33,12.24,12.44,12.2,410730,52.2672,1.1928,0.022821195702084674
167,2020-09-10,12.37,12.0,12.38,11.97,378942,53.3466,1.2174,0.022820573382371135
168,2020-09-11,11.99,11.99,12.09,11.84,262937,52.6649,1.2018,0.022819752814493142
169,2020-09-14,12.01,12.01,12.11,11.9,249865,51.8127,1.1824,0.022820659799624415
170,2020-09-15,11.96,12.04,12.05,11.93,222651,53.9148,1.2304,0.022821191954713733
171,2020-09-16,12.04,11.92,12.1,11.83,373870,53.8011,1.2278,0.022821094735981234
172,2020-09-17,11.86,11.9,11.99,11.76,244974,53.233,1.2148,0.022820430935697786
173,2020-09-18,11.92,12.38,12.41,11.87,585898,54.8806,1.2524,0.02282045021373673
174,2020-09-21,12.63,12.21,12.7,12.2,628960,54.9374,1.2537,0.022820519354756506
175,2020-09-22,12.1,12.14,12.52,12.08,605617,57.8348,1.3198,0.0228201705547525
176,2020-09-23,12.18,12.16,12.33,12.13,364053,58.7438,1.3406,0.0228211317619902
177,2020-09-24,12.14,12.0,12.22,11.96,291627,59.6528,1.3613,0.022820387307888313
178,2020-09-25,12.05,13.08,13.08,11.98,2189327,60.6754,1.3846,0.022819791876114538
179,2020-09-28,12.85,12.61,12.95,12.51,1250225,58.9711,1.3457,0.02281965233817921
180,2020-09-29,12.71,12.61,12.76,12.55,878848,61.0163,1.3924,0.022820131669734154
181,2020-09-30,12.63,12.23,12.67,12.16,988781,62.4366,1.4248,0.02281994855581502
182,2020-10-09,12.37,12.49,12.54,12.28,638460,60.9595,1.3911,0.022820069062246245
183,2020-10-12,12.65,12.9,12.91,12.5,967051,59.5392,1.3587,0.02282025959367946
184,2020-10-13,12.75,12.66,12.76,12.51,616310,59.3119,1.3535,0.022820041172176238
185,2020-10-14,12.65,12.48,12.7,12.44,359540,56.6418,1.2926,0.02282060245260567
186,2020-10-15,12.5,12.62,12.88,12.5,605133,60.3345,1.3769,0.02282110566922739
187,2020-10-16,12.64,12.73,12.82,12.55,459411,60.7322,1.3859,0.022819855035714168
188,2020-10-19,12.83,12.58,12.98,12.54,498263,61.7549,1.4093,0.02282086117862712
189,2020-10-20,12.5,12.61,12.61,12.4,304974,61.8685,1.4119,0.02282098321439828
190,2020-10-21,12.59,12.53,12.61,12.42,286478,61.9253,1.4132,0.022821044064380794
191,2020-10-22,12.48,12.58,12.71,12.44,339174,61.5844,1.4054,0.022820714336747618
192,2020-10-23,12.58,12.4,12.67,12.4,321308,57.6076,1.3146,0.0228199057068859
193,2020-10-26,12.25,12.09,12.27,12.05,427988,57.3235,1.3081,0.02281961150313571
194,2020-10-27,12.07,12.19,12.25,12.07,269577,57.2667,1.3069,0.022821290558038092
195,2020-10-28,12.13,12.25,12.34,12.08,250119,54.0852,1.2499,0.023109834113583753
196,2020-10-29,12.1,12.36,12.46,12.06,327922,53.1194,1.2276,0.023110200792930646
197,2020-10-30,12.29,11.94,12.44,11.92,389029,54.0852,1.2499,0.023109834113583753
198,2020-11-02,11.95,11.9,12.18,11.63,392954,53.3466,1.2328,0.023109251573671045
199,2020-11-03,11.97,12.33,12.4,11.96,489653,53.8011,1.2433,0.02310919293471695
200,2020-11-04,12.32,12.35,12.47,12.24,322581,53.233,1.2302,0.02310972517047696
201,2020-11-05,12.49,12.56,12.65,12.44,409883,53.1194,1.2276,0.023110200792930646
202,2020-11-06,12.55,12.66,12.85,12.5,563371,52.324,1.2092,0.023109853986698268
203,2020-11-09,12.73,12.95,13.16,12.67,850839,51.6991,1.1948,0.023110653763798596
204,2020-11-10,12.93,12.72,13.0,12.66,470427,52.6081,1.2158,0.023110509598331816
205,2020-11-11,12.76,12.64,12.86,12.6,409190,58.4597,1.351,0.023109937273027403
206,2020-11-12,12.63,12.61,12.78,12.51,326665,60.8459,1.4061,0.02310919881208101
207,2020-11-13,12.55,12.51,12.62,12.35,404427,60.0505,1.3878,0.023110548621576837
208,2020-11-16,12.6,12.8,12.86,12.5,513758,61.2435,1.4153,0.02310939120069885
209,2020-11-17,12.78,12.9,12.92,12.58,417524,60.2777,1.393,0.02310970723833192
210,2020-11-18,12.95,12.76,13.06,12.68,503150,59.7664,1.3812,0.023109974835359
211,2020-11-19,12.65,12.8,12.81,12.49,362311,60.2209,1.3917,0.023109916988952338
212,2020-11-20,12.74,12.72,12.8,12.64,280577,60.6186,1.4009,0.023110068526821802
213,2020-11-23,12.66,12.91,13.08,12.58,698201,61.4708,1.4206,0.023110159620502745
214,2020-11-24,12.85,12.77,13.03,12.74,395758,60.4482,1.3969,0.023109042122015214
215,2020-11-25,12.9,12.53,12.94,12.52,382241,59.7664,1.3812,0.023109974835359
216,2020-11-26,12.54,12.48,12.6,12.41,342841,58.9711,1.3628,0.023109624884053374
217,2020-11-27,12.5,12.78,12.78,12.46,470096,61.3572,1.418,0.023110572190386782
218,2020-11-30,12.96,12.81,13.18,12.77,1111086,61.1867,1.414,0.023109597347135896
219,2020-12-01,12.8,13.1,13.23,12.68,928363,61.4708,1.4206,0.023110159620502745
