,日期,开盘,收盘,最高,最低,成交量,pe,pb,roe
0,2020-01-03,9.92,10.01,10.01,9.89,151926,24.5354,3.821,0.15573416369816676
1,2020-01-06,10.01,10.06,10.16,10.0,193411,24.2846,3.7819,0.15573243948840004
2,2020-01-07,10.09,10.07,10.14,10.01,145292,23.4745,3.6558,0.1557349464312339
3,2020-01-08,10.12,9.9,10.14,9.9,171239,24.0146,3.7399,0.1557344282228311
4,2020-01-09,9.93,9.97,10.01,9.93,94720,24.8633,3.872,0.15573154006105386
5,2020-01-10,10.02,9.94,10.04,9.91,78225,25.4612,3.9652,0.15573500070695803
6,2020-01-13,9.94,9.98,9.99,9.84,82733,24.7861,3.86,0.1557324468149487
7,2020-01-14,9.98,9.99,10.03,9.96,89109,24.1689,3.7639,0.15573319431169808
8,2020-01-15,10.05,9.94,10.06,9.92,85121,22.9344,3.5716,0.15573112878470768
9,2020-01-16,9.91,9.85,9.96,9.84,86657,23.3395,3.6347,0.15573169947942328
10,2020-01-17,9.86,9.8,9.9,9.79,79663,22.5872,3.5176,0.1557342211518028
11,2020-01-20,9.86,9.82,9.89,9.77,76149,21.2563,3.3103,0.15573265337805733
12,2020-01-21,9.84,9.7,9.84,9.69,94325,21.0827,3.2833,0.15573432245395516
13,2020-01-22,9.7,9.68,9.72,9.59,95624,20.9476,3.2622,0.15573144417498902
14,2020-01-23,9.66,9.4,9.66,9.34,127154,20.7548,3.2322,0.15573264979667356
15,2020-02-03,8.49,8.49,8.49,8.49,62900,20.8319,3.2442,0.15573231438322957
16,2020-02-04,7.68,8.2,8.3,7.68,242357,20.369,3.1721,0.15573174922676616
17,2020-02-05,8.21,8.33,8.51,8.17,182874,19.8482,3.091,0.15573200592497055
18,2020-02-06,8.41,8.43,8.46,8.29,155094,19.8289,3.088,0.1557322897387147
19,2020-02-07,8.44,8.46,8.51,8.38,139870,19.7324,3.073,0.15573371713526993
20,2020-02-10,8.43,8.8,8.85,8.38,224879,19.5203,3.04,0.15573531144500855
21,2020-02-11,9.16,9.14,9.59,9.13,411331,18.6523,2.9048,0.15573414538689598
22,2020-02-12,9.12,9.14,9.26,9.0,152543,19.6167,3.055,0.15573465465649167
23,2020-02-13,9.14,9.04,9.25,9.03,134917,20.4847,3.1901,0.15573086254619303
24,2020-02-14,9.02,9.03,9.1,9.0,88460,20.7933,3.2382,0.15573285625658265
25,2020-02-17,9.18,9.28,9.36,9.18,154706,20.1954,3.1451,0.15573348386266178
26,2020-02-18,9.32,9.36,9.49,9.29,183047,21.0248,3.2743,0.15573513184429819
27,2020-02-19,9.39,9.22,9.41,9.22,145665,20.6969,3.3695,0.16280215877740145
28,2020-02-20,9.27,9.34,9.39,9.22,143123,20.4654,3.3318,0.16280160661409013
29,2020-02-21,9.34,9.29,9.37,9.27,149806,20.6776,3.3663,0.16279935775912097
30,2020-02-24,9.4,9.53,9.57,9.4,266336,21.0441,3.426,0.1628009750951573
31,2020-02-25,9.4,9.87,9.99,9.35,551279,20.6004,3.3538,0.16280266402594123
32,2020-02-26,9.77,9.69,10.08,9.67,367327,20.774,3.382,0.16279965341292
33,2020-02-27,9.9,9.76,9.91,9.71,171608,20.9669,3.4134,0.16279946010139792
34,2020-02-28,9.58,9.83,10.0,9.51,548530,21.0827,3.4323,0.16280172843136792
35,2020-03-02,10.44,10.52,10.76,10.13,894635,20.8512,3.3946,0.16280118170656846
36,2020-03-03,10.4,10.42,10.54,10.3,612477,20.7548,3.3789,0.16280089425096844
37,2020-03-04,10.46,10.5,10.71,10.38,457823,19.6939,3.2062,0.16280167970792986
38,2020-03-05,10.64,10.54,10.71,10.42,428522,19.6746,3.203,0.16279873542537077
39,2020-03-06,10.47,11.1,11.5,10.43,1180468,20.4847,3.3349,0.16279955283699543
40,2020-03-09,11.17,10.81,11.61,10.78,1050625,20.3111,3.3067,0.16280260547188485
41,2020-03-10,10.22,10.24,10.57,9.8,716467,20.234,3.2941,0.16280023722447362
42,2020-03-11,10.28,10.06,10.31,10.04,362599,20.2725,3.3004,0.16280182513256874
43,2020-03-12,9.99,9.77,10.23,9.72,352241,20.504,3.3381,0.16280238002341005
44,2020-03-13,9.3,9.41,9.48,9.1,334856,20.1182,3.2753,0.16280283524370967
45,2020-03-16,9.66,9.36,9.78,9.32,314250,20.6776,3.3663,0.16279935775912097
46,2020-03-17,9.38,9.17,9.49,8.89,262104,21.102,3.4354,0.16279973462231068
47,2020-03-18,9.23,8.98,9.3,8.97,198015,20.5619,3.3475,0.16280110301090853
48,2020-03-19,8.92,8.8,9.0,8.66,210038,20.639,3.36,0.16279858520277146
49,2020-03-20,8.94,8.99,9.03,8.84,135804,20.8705,3.3977,0.16279916628734337
50,2020-03-23,8.92,8.71,8.92,8.68,117079,21.237,3.4574,0.1628007722371333
51,2020-03-24,8.79,8.83,8.89,8.68,107674,20.7548,3.3789,0.16280089425096844
52,2020-03-25,9.01,8.97,9.06,8.87,136925,20.639,3.36,0.16279858520277146
53,2020-03-26,8.93,8.93,8.97,8.88,93639,21.1212,3.4386,0.16280324981535138
54,2020-03-27,9.02,8.93,9.06,8.92,95599,22.0664,3.5924,0.16279955044773953
55,2020-03-30,8.89,8.74,8.93,8.72,94330,21.9121,3.5673,0.16280046184528182
56,2020-03-31,8.83,8.74,8.84,8.73,64616,23.4552,3.8185,0.1627997203178826
57,2020-04-01,8.73,8.64,8.77,8.63,74862,23.6674,3.8531,0.1628019976845788
58,2020-04-02,8.6,8.68,8.69,8.53,90061,23.7638,3.8688,0.16280224543212785
59,2020-04-03,8.69,8.82,8.87,8.68,118269,24.5354,3.9944,0.16280150313424685
60,2020-04-07,8.93,9.01,9.01,8.87,125765,24.111,3.9253,0.16280121106548878
61,2020-04-08,9.01,9.03,9.09,8.95,104454,24.4775,3.985,0.1628025737922582
62,2020-04-09,9.03,9.02,9.1,8.99,83191,23.976,3.9033,0.16280030030030032
63,2020-04-10,9.02,8.86,9.04,8.84,94381,24.1689,3.9347,0.16280012743649896
64,2020-04-13,9.02,9.31,9.39,8.94,309776,24.4196,3.9755,0.16279955445625643
65,2020-04-14,9.44,9.37,9.5,9.22,206937,24.844,4.0446,0.16279987119626468
66,2020-04-15,9.41,9.21,9.41,9.21,141549,24.7668,4.0321,0.16280262286609493
67,2020-04-16,9.2,9.1,9.2,9.09,105077,24.979,4.0666,0.16280075263221108
68,2020-04-17,9.12,9.14,9.19,9.1,97990,25.9049,4.2173,0.16279931595952887
69,2020-04-20,9.2,9.22,9.25,9.16,92206,25.6927,4.1828,0.1628011069292056
70,2020-04-21,9.15,9.02,9.16,8.99,100349,26.0206,4.2362,0.16280178012805238
71,2020-04-22,8.95,8.96,8.98,8.89,72672,23.8795,3.8876,0.16280072865847275
72,2020-04-23,8.96,8.98,9.11,8.96,80269,24.4196,3.9755,0.16279955445625643
73,2020-04-24,8.95,9.17,9.29,8.93,204521,23.8024,3.875,0.16279870937384466
74,2020-04-27,9.15,9.04,9.22,9.03,100123,23.3395,3.7997,0.16280125966708797
75,2020-04-28,8.98,8.62,8.98,8.33,153175,24.3618,3.9661,0.16279995731021518
76,2020-04-29,8.62,8.62,8.78,8.59,70510,22.6258,3.6835,0.16280087333928522
77,2020-04-30,8.67,8.76,8.79,8.67,73503,21.5649,3.5108,0.1628015896201698
78,2020-05-06,8.73,8.8,8.81,8.68,65623,20.4461,3.3286,0.1627987733602007
79,2020-05-07,8.82,8.75,8.82,8.75,62065,20.2532,3.2972,0.16279896510181108
80,2020-05-08,8.77,8.78,8.82,8.76,61919,19.8289,3.2282,0.16280277776376906
81,2020-05-11,8.78,9.29,9.3,8.77,259347,19.906,3.2407,0.1628001607555511
82,2020-05-12,9.31,9.38,9.41,9.14,253938,20.3883,3.3192,0.16279925251247038
83,2020-05-13,9.31,9.43,9.51,9.14,223905,19.8482,3.2313,0.16280065698652776
84,2020-05-14,9.39,9.59,9.63,9.34,252315,19.7517,3.1398,0.15896353225292
85,2020-05-15,9.64,9.49,9.86,9.48,369551,19.5203,3.103,0.15896272085982288
86,2020-05-18,9.58,9.3,9.7,9.3,212570,18.1701,2.8884,0.15896445258969405
87,2020-05-19,9.42,9.38,9.44,9.3,121030,17.8614,2.8393,0.15896290324386667
88,2020-05-20,9.37,9.17,9.37,9.14,125177,18.0736,2.8731,0.15896666961756376
89,2020-05-21,9.2,9.13,9.23,9.12,72827,18.0157,2.8639,0.15896690109182549
90,2020-05-22,9.1,8.94,9.13,8.93,78661,17.9386,2.8516,0.15896446768421169
91,2020-05-25,8.95,8.92,8.98,8.88,40432,17.1863,2.732,0.15896382583802215
92,2020-05-26,8.92,9.01,9.02,8.92,50908,17.2828,2.7474,0.15896729696576942
93,2020-05-27,9.0,9.08,9.15,9.0,64388,18.1122,2.8792,0.15896467574342155
94,2020-05-28,9.05,8.96,9.14,8.94,60543,17.8614,2.8393,0.15896290324386667
95,2020-05-29,9.03,9.22,9.27,9.03,117299,17.9772,2.8577,0.15896246356496005
96,2020-06-01,9.27,9.37,9.4,9.2,98301,17.6107,2.7995,0.15896585598528168
97,2020-06-02,9.44,9.36,9.44,9.33,81476,17.9965,2.8608,0.15896424304725917
98,2020-06-03,9.41,9.44,9.5,9.38,136727,17.6878,2.8117,0.15896267483802395
99,2020-06-04,9.41,9.29,9.42,9.28,99478,17.6107,2.7995,0.15896585598528168
100,2020-06-05,9.3,9.29,9.34,9.22,52794,17.765,2.824,0.1589642555586828
101,2020-06-08,9.36,9.31,9.36,9.31,56339,17.1285,2.7228,0.15896313162273404
102,2020-06-09,9.34,9.46,9.55,9.34,89390,16.7427,2.6615,0.1589648025706726
103,2020-06-10,9.46,9.3,9.48,9.29,77630,16.299,2.591,0.15896680777961839
104,2020-06-11,9.27,9.22,9.32,9.22,62945,16.2412,2.5818,0.1589660862497845
105,2020-06-12,9.1,9.18,9.21,9.08,58530,16.164,2.5695,0.1589643652561247
106,2020-06-15,9.28,9.13,9.28,9.05,53121,16.3955,2.6063,0.15896434997407827
107,2020-06-16,9.13,9.2,9.2,9.13,48836,16.5305,2.6278,0.15896675841626087
108,2020-06-17,9.22,9.22,9.23,9.17,44647,16.7234,2.6584,0.1589628903213461
109,2020-06-18,9.18,9.29,9.32,9.18,73328,16.7813,2.6676,0.1589626548598738
110,2020-06-19,9.25,9.3,9.32,9.24,66218,16.762,2.6646,0.15896671041641808
111,2020-06-22,9.3,9.27,9.4,9.25,64057,16.627,2.6431,0.15896433511757985
112,2020-06-23,9.25,9.17,9.27,9.16,55676,16.5884,2.637,0.15896650671553617
113,2020-06-24,9.22,9.1,9.22,9.08,73027,16.4534,2.6155,0.15896410468353048
114,2020-06-29,9.08,8.98,9.08,8.98,59416,16.5498,2.6308,0.15896264607427277
115,2020-06-30,9.01,9.02,9.07,8.99,52294,16.627,2.6431,0.15896433511757985
116,2020-07-01,9.07,9.05,9.07,8.99,66684,16.7813,2.6676,0.1589626548598738
117,2020-07-02,9.06,9.28,9.28,9.05,130680,17.0899,2.7167,0.1589652367772778
118,2020-07-03,9.33,9.48,9.55,9.33,205177,16.8006,2.6707,0.1589645607894956
119,2020-07-06,9.56,9.81,9.84,9.56,318833,16.762,2.6646,0.15896671041641808
120,2020-07-07,9.9,9.73,10.03,9.71,299856,16.762,2.6646,0.15896671041641808
121,2020-07-08,9.74,9.77,9.8,9.62,234035,17.5914,2.7692,0.15741782916652455
122,2020-07-09,9.78,9.93,9.97,9.75,290127,17.4371,2.7449,0.1574172310762684
123,2020-07-10,9.95,9.73,9.95,9.72,225678,17.4564,2.7479,0.1574150454847506
124,2020-07-13,9.74,9.92,9.93,9.73,223298,17.167,2.7024,0.15741830255723188
125,2020-07-14,9.91,9.86,10.05,9.76,241873,16.6655,2.6234,0.1574150190513336
126,2020-07-15,9.9,9.99,10.09,9.78,357043,16.897,2.6599,0.15741847665266023
127,2020-07-16,10.0,9.56,10.05,9.52,302227,16.762,2.6386,0.15741558286600643
128,2020-07-17,9.58,9.51,9.65,9.45,130011,16.5884,2.6113,0.1574172313182706
129,2020-07-20,9.56,9.9,9.92,9.55,209898,16.627,2.6174,0.15741865640223734
130,2020-07-21,9.89,9.94,10.02,9.84,180105,16.9934,2.675,0.15741405486836063
131,2020-07-22,9.99,9.97,10.02,9.88,237761,17.0706,2.6872,0.15741684533642636
132,2020-07-23,10.0,9.86,10.02,9.73,177249,17.4757,2.751,0.15741858695216787
133,2020-07-24,9.88,10.02,10.34,9.86,600592,17.3213,2.7267,0.15741890042895162
134,2020-07-27,10.15,10.72,10.82,9.79,828736,17.6878,2.7844,0.15741923811892944
135,2020-07-28,10.6,10.84,11.2,10.55,781218,17.8807,2.8147,0.15741553742303155
136,2020-07-29,10.94,10.89,11.02,10.55,441928,17.5721,2.7661,0.15741431018489538
137,2020-07-30,10.9,11.17,11.45,10.83,541086,17.4757,2.751,0.15741858695216787
138,2020-07-31,11.08,10.92,11.25,10.79,430979,17.3021,2.7236,0.1574144179030291
139,2020-08-03,10.95,10.88,11.09,10.7,412485,16.3183,2.5688,0.15741835852999392
140,2020-08-04,10.93,11.1,11.19,10.87,439509,16.2605,2.5597,0.1574182835706159
141,2020-08-05,11.1,11.2,11.32,10.87,370519,16.3569,2.5748,0.15741369085829224
142,2020-08-06,11.47,11.78,11.87,11.18,705124,16.2798,2.5627,0.15741593877074656
143,2020-08-07,11.66,12.33,12.52,11.63,920832,16.0097,2.5202,0.15741706590379584
144,2020-08-10,12.32,13.23,13.39,12.32,791419,16.0097,2.5202,0.15741706590379584
145,2020-08-11,13.02,12.7,13.19,12.61,655023,16.8198,2.7384,0.16280811900260406
146,2020-08-12,12.86,12.94,13.3,12.6,576070,17.0706,2.7792,0.16280622825208252
147,2020-08-13,13.14,13.26,13.73,13.02,540188,16.7041,2.7195,0.1628043414491053
148,2020-08-14,13.35,12.98,13.41,12.61,495040,16.6655,2.7132,0.16280339623773663
149,2020-08-17,13.12,14.09,14.22,13.12,890174,16.7813,2.7321,0.16280621882690852
150,2020-08-18,14.21,13.92,14.29,13.82,681366,17.167,2.7949,0.16280654744568065
151,2020-08-19,14.01,14.03,14.19,13.68,338533,17.0127,2.7698,0.16280778477255228
152,2020-08-20,13.89,13.55,13.94,13.39,411323,16.9356,2.7572,0.16280497886109732
153,2020-08-21,13.61,13.44,13.68,13.27,333360,17.1477,2.7918,0.16280900645567625
154,2020-08-24,13.59,13.48,13.91,13.38,308245,17.4564,2.842,0.16280561856969367
155,2020-08-25,13.52,13.26,13.85,13.16,288816,17.3406,2.8232,0.16280866867351765
156,2020-08-26,13.34,13.13,13.48,12.96,291105,16.4726,2.6818,0.1628036861211952
157,2020-08-27,13.18,13.03,13.25,12.88,317018,16.7813,2.7321,0.16280621882690852
158,2020-08-28,13.03,13.29,13.44,13.02,329081,16.8006,2.7352,0.16280370939133126
159,2020-08-31,13.32,13.1,13.57,13.06,337716,16.762,2.7289,0.16280276816608996
160,2020-09-01,13.02,13.32,13.4,13.0,226226,16.3955,2.6693,0.16280686773809888
161,2020-09-02,13.33,12.92,13.38,12.9,256500,16.1254,2.6253,0.16280526374539547
162,2020-09-03,12.85,12.87,13.13,12.65,262836,16.0483,2.6128,0.16280852177489202
163,2020-09-04,12.75,12.76,12.79,12.58,205721,16.2412,2.6442,0.1628081668842204
164,2020-09-07,12.8,11.96,12.82,11.9,387383,16.2412,2.6442,0.1628081668842204
165,2020-09-08,11.97,12.04,12.17,11.75,241937,16.6077,2.7038,0.1628040005539599
166,2020-09-09,11.91,11.55,11.91,11.52,303475,16.6077,2.7038,0.1628040005539599
167,2020-09-10,11.83,11.3,11.84,11.23,254379,16.6848,2.7164,0.16280686612965095
168,2020-09-11,11.35,11.36,11.5,11.26,135228,16.4148,2.6724,0.16280429855983625
169,2020-09-14,11.49,11.61,11.83,11.4,302111,16.1833,2.6347,0.16280363090346223
170,2020-09-15,11.61,11.42,11.69,11.39,180515,16.7234,2.7227,0.16280780224117106
171,2020-09-16,11.44,11.3,11.59,11.26,164197,16.3569,2.663,0.16280591065544203
172,2020-09-17,11.22,11.26,11.36,11.09,132704,16.7041,2.7195,0.1628043414491053
173,2020-09-18,11.26,11.54,11.65,11.22,269774,17.0706,2.7792,0.16280622825208252
174,2020-09-21,11.62,11.32,11.64,11.23,191201,17.4371,2.8389,0.16280803573988795
175,2020-09-22,11.17,11.03,11.25,11.01,164570,18.0381,2.9687,0.16457941800965734
176,2020-09-23,11.07,11.23,11.33,10.94,162536,18.7525,3.0862,0.1645753899480069
177,2020-09-24,11.17,11.11,11.21,11.0,147163,19.328,3.1809,0.16457471026490067
178,2020-09-25,11.13,11.09,11.25,10.95,115441,19.6852,3.2397,0.16457541706459677
179,2020-09-28,11.16,11.13,11.25,10.98,140623,20.8163,3.4259,0.16457775877557493
180,2020-09-29,11.19,11.22,11.29,11.09,119749,21.3918,3.5206,0.16457708093755552
181,2020-09-30,11.2,10.8,11.24,10.78,180067,20.2805,3.3377,0.164576810236434
182,2020-10-09,10.95,10.81,10.96,10.59,297129,20.2011,3.3246,0.16457519640019605
183,2020-10-12,10.81,11.36,11.41,10.76,269603,20.0424,3.2985,0.16457609867081788
184,2020-10-13,11.38,11.41,11.5,11.3,170025,20.2408,3.3312,0.1645784751590846
185,2020-10-14,11.39,11.53,11.66,11.13,260969,18.8716,3.1058,0.16457534072362703
186,2020-10-15,11.54,11.47,11.56,11.37,128694,18.7327,3.083,0.16457851777907082
187,2020-10-16,11.54,11.37,11.55,11.3,97161,18.5938,3.0601,0.16457636416439886
188,2020-10-19,11.37,11.28,11.48,11.27,76232,18.951,3.1189,0.16457706717323622
189,2020-10-20,11.26,11.51,11.54,11.14,118871,18.2763,3.0078,0.1645737922883735
190,2020-10-21,11.55,11.32,11.56,11.27,75015,17.8,2.9295,0.16457865168539326
191,2020-10-22,11.24,11.21,11.32,11.16,60632,17.8992,2.9458,0.16457718780727632
192,2020-10-23,11.33,11.33,11.53,11.27,108463,17.6611,2.9066,0.16457638538935854
193,2020-10-26,11.3,11.5,11.52,11.29,118690,17.9389,2.9523,0.1645753084079849
194,2020-10-27,11.4,11.07,11.42,11.01,166818,17.7802,2.9262,0.1645763264755177
195,2020-10-28,11.04,11.38,11.59,11.03,207917,17.2841,2.8445,0.16457322047430878
196,2020-10-29,11.3,11.22,11.38,11.18,130496,17.3039,2.8478,0.16457561590161757
197,2020-10-30,11.17,10.77,11.27,10.74,204259,17.5024,2.8805,0.16457742938111344
198,2020-11-02,10.6,10.27,10.72,10.2,325367,17.5024,2.8805,0.16457742938111344
199,2020-11-03,10.3,10.72,10.93,10.28,232912,16.8277,2.7694,0.16457388710281262
200,2020-11-04,10.81,10.83,10.99,10.77,184931,16.153,2.6584,0.16457623970779423
201,2020-11-05,10.98,10.88,11.02,10.75,113648,16.0934,2.6486,0.16457678302906784
202,2020-11-06,10.89,10.89,11.01,10.8,143183,15.895,2.6159,0.164573765335011
203,2020-11-09,10.98,11.16,11.24,10.91,252894,15.637,2.5735,0.16457760439982094
204,2020-11-10,11.58,11.4,11.91,11.28,557974,16.2125,2.6682,0.1645767154973015
205,2020-11-11,11.37,11.36,11.69,11.26,340048,18.0183,2.9654,0.16457712436800362
206,2020-11-12,11.52,11.46,11.54,11.21,259417,18.5739,3.0568,0.16457502193938808
207,2020-11-13,11.45,11.53,11.57,11.37,252518,18.6136,3.0634,0.16457858769931663
208,2020-11-16,11.54,11.62,11.76,11.44,707971,18.8517,3.1026,0.16457932175878034
209,2020-11-17,12.01,12.31,12.69,12.01,1079766,18.8121,3.096,0.16457492783899724
210,2020-11-18,12.45,12.7,12.88,12.28,885381,18.9113,3.1123,0.16457356183868901
211,2020-11-19,12.85,12.49,13.0,12.35,588023,19.0899,3.1417,0.16457393700333686
212,2020-11-20,12.45,13.13,13.13,12.35,746907,19.1891,3.1581,0.164577807192625
213,2020-11-23,13.35,13.45,13.9,13.3,843270,19.1692,3.1548,0.1645765081484882
214,2020-11-24,13.37,13.8,13.88,13.2,442546,19.0899,3.1417,0.16457393700333686
215,2020-11-25,14.15,13.49,14.29,13.35,609225,19.1494,3.1515,0.16457434697692877
216,2020-11-26,13.69,13.05,13.72,12.86,645760,19.0105,3.1287,0.16457747034533546
217,2020-11-27,13.12,12.77,13.2,12.58,426200,19.3478,3.1842,0.16457685111485545
218,2020-11-30,12.89,13.19,13.62,12.75,617757,19.328,3.1809,0.16457471026490067
219,2020-12-01,13.1,13.32,13.35,13.04,291366,19.2288,3.1646,0.164576052587785
