,日期,开盘,收盘,最高,最低,成交量,pe,pb,roe
0,2020-01-03,19.5,19.56,19.63,19.42,160715,13.653,1.4423,0.10563978612759099
1,2020-01-06,19.46,19.46,19.61,19.38,229910,13.653,1.4423,0.10563978612759099
2,2020-01-07,19.56,19.59,19.91,19.54,339101,13.6441,1.4414,0.10564273202336541
3,2020-01-08,19.56,19.36,19.75,19.3,288969,13.15,1.3892,0.1056425855513308
4,2020-01-09,19.46,19.65,19.65,19.4,188711,13.0961,1.3835,0.10564213773566176
5,2020-01-10,19.63,19.81,19.89,19.59,273617,13.3117,1.4062,0.1056363950509702
6,2020-01-13,19.75,20.2,20.24,19.69,346377,13.4824,1.4243,0.10564142882572834
7,2020-01-14,20.18,20.1,20.38,20.03,199295,13.159,1.3901,0.10563872634698684
8,2020-01-15,20.1,20.2,20.22,19.85,153511,13.2937,1.4043,0.10563650450965496
9,2020-01-16,20.26,20.05,20.28,19.97,144511,12.4404,1.3142,0.10563969004212083
10,2020-01-17,20.16,19.81,20.16,19.69,174196,12.0901,1.2772,0.1056401518597861
11,2020-01-20,19.83,20.01,20.01,19.81,105248,11.7308,1.2392,0.10563644423227743
12,2020-01-21,20.01,19.71,20.07,19.67,156443,11.4883,1.2136,0.10563790987352349
13,2020-01-22,19.61,19.63,19.77,19.48,178888,11.7757,1.244,0.10564127822549826
14,2020-01-23,19.58,19.18,19.61,19.05,269930,11.8027,1.2468,0.10563684580646801
15,2020-02-03,17.5,17.79,18.34,17.38,437064,11.668,1.2326,0.10563935550222832
16,2020-02-04,17.83,18.28,18.46,17.81,298300,11.9105,1.2582,0.10563788254061542
17,2020-02-05,18.28,18.14,18.46,18.07,216954,11.8835,1.2554,0.10564227710691296
18,2020-02-06,18.2,18.26,18.48,17.95,258927,12.1889,1.2876,0.10563709604640288
19,2020-02-07,18.16,18.16,18.26,17.89,210016,12.5033,1.3208,0.10563611206641448
20,2020-02-10,18.03,18.2,18.24,17.89,170475,12.1081,1.2791,0.10564002609823175
21,2020-02-11,18.28,18.26,18.4,18.11,242131,12.1171,1.28,0.1056358369576879
22,2020-02-12,18.18,18.24,18.26,18.07,187550,11.65,1.2469,0.10703004291845493
23,2020-02-13,18.2,18.03,18.28,17.99,181344,11.9734,1.2815,0.10702891409290595
24,2020-02-14,18.03,18.14,18.2,17.99,168807,11.8386,1.2671,0.10703123680164883
25,2020-02-17,18.11,18.71,18.75,18.07,381328,11.9105,1.2748,0.10703161076361192
26,2020-02-18,18.58,18.52,18.69,18.42,243805,11.8207,1.2652,0.10703257844290101
27,2020-02-19,18.46,18.42,18.58,18.4,203589,12.2249,1.3084,0.10702746034732391
28,2020-02-20,18.46,18.75,18.89,18.38,291929,12.144,1.2998,0.10703227931488801
29,2020-02-21,18.69,18.75,18.99,18.63,245747,12.5213,1.3402,0.10703361472051624
30,2020-02-24,18.65,18.6,18.71,18.48,198130,12.2338,1.3094,0.10703133940394643
31,2020-02-25,18.36,18.3,18.5,18.18,225636,12.1171,1.2969,0.10703056011751985
32,2020-02-26,18.14,18.44,18.75,18.12,279525,11.9015,1.2738,0.10702852581607361
33,2020-02-27,18.36,18.46,18.61,18.3,156667,11.7488,1.2575,0.10703220754460031
34,2020-02-28,18.26,18.05,18.44,17.85,238107,11.156,1.194,0.10702760846181426
35,2020-03-02,18.03,18.4,18.42,17.99,252429,11.0212,1.1796,0.10703008746778934
36,2020-03-03,18.56,18.46,18.6,18.36,230298,10.8596,1.1623,0.10702972485174408
37,2020-03-04,18.36,18.48,18.5,18.3,172581,10.5272,1.1267,0.1070275096891861
38,2020-03-05,18.58,18.99,19.1,18.48,382927,10.5811,1.1325,0.10703045997108053
39,2020-03-06,18.79,18.63,18.91,18.63,235470,10.6709,1.1421,0.10702939770778472
40,2020-03-09,18.42,18.01,18.42,17.99,261170,10.8685,1.1633,0.10703408934075541
41,2020-03-10,18.07,18.24,18.3,17.99,224392,10.7787,1.1537,0.1070351712173082
42,2020-03-11,18.26,18.09,18.32,18.07,149828,10.8326,1.1594,0.10702878348688219
43,2020-03-12,18.09,17.91,18.22,17.85,182326,11.0931,1.1873,0.10703049643472069
44,2020-03-13,17.32,17.71,17.71,17.05,285617,11.1829,1.1969,0.1070294825134804
45,2020-03-16,17.63,17.11,17.67,17.01,263107,11.4524,1.2258,0.10703433341483007
46,2020-03-17,17.18,17.13,17.36,16.97,146879,11.6141,1.2431,0.10703369180565003
47,2020-03-18,17.14,16.67,17.24,16.64,177652,11.147,1.1931,0.10703328249753297
48,2020-03-19,16.67,16.38,16.79,16.13,246349,11.3805,1.2181,0.10703396160098413
49,2020-03-20,16.5,16.58,16.71,16.38,157530,11.2188,1.2008,0.10703462045851607
50,2020-03-23,16.22,16.05,16.3,16.01,175391,11.3087,1.2104,0.10703263858798977
51,2020-03-24,16.22,16.18,16.38,15.91,303791,11.2188,1.2008,0.10703462045851607
52,2020-03-25,16.44,16.34,16.44,16.2,323879,11.3446,1.2142,0.10702889480457663
53,2020-03-26,16.28,16.36,16.58,16.2,208734,11.4524,1.2258,0.10703433341483007
54,2020-03-27,16.46,16.62,16.91,16.4,235372,11.6769,1.2498,0.10703183207871952
55,2020-03-30,16.38,16.5,16.65,16.32,153279,10.8326,1.1594,0.10702878348688219
56,2020-03-31,16.64,16.3,16.64,16.22,144668,11.2278,1.2017,0.10702898163487058
57,2020-04-01,16.24,16.2,16.48,16.2,110598,11.2548,1.2046,0.10702988946938195
58,2020-04-02,16.13,16.34,16.34,16.13,86555,11.1739,1.196,0.10703514439900125
59,2020-04-03,16.34,16.2,16.44,16.11,119082,11.5332,1.2344,0.10703013907675232
60,2020-04-07,16.5,16.58,16.64,16.36,203850,11.632,1.245,0.10703232462173316
61,2020-04-08,16.54,16.5,16.64,16.44,91408,11.2997,1.2315,0.10898519429719374
62,2020-04-09,16.54,16.48,16.6,16.44,94906,10.2757,1.1199,0.10898527594227156
63,2020-04-10,16.48,16.5,16.64,16.44,111945,10.0871,1.0993,0.10898077742859692
64,2020-04-13,16.4,16.3,16.48,16.28,74938,10.3565,1.1287,0.10898469560179597
65,2020-04-14,16.34,16.4,16.44,16.32,81385,10.2577,1.1179,0.10898154557064449
66,2020-04-15,16.4,16.34,16.44,16.32,79498,10.3565,1.1287,0.10898469560179597
67,2020-04-16,16.32,16.34,16.38,16.26,78185,10.2577,1.1179,0.10898154557064449
68,2020-04-17,16.36,16.44,16.58,16.34,155524,10.5272,1.1473,0.10898434531499353
69,2020-04-20,16.42,16.34,16.46,16.3,124086,10.7158,1.1679,0.10898859627839265
70,2020-04-21,16.28,16.18,16.44,16.11,133222,11.138,1.2139,0.1089872508529359
71,2020-04-22,16.15,16.18,16.2,16.11,66618,10.4554,1.1395,0.10898674369225472
72,2020-04-23,16.22,16.11,16.26,16.09,78152,9.8446,1.0729,0.1089836052251996
73,2020-04-24,16.13,15.87,16.16,15.81,147027,9.629,1.0494,0.10898327967597883
74,2020-04-27,15.95,16.22,16.36,15.93,240359,9.5751,1.0435,0.10898058505916387
75,2020-04-28,16.26,16.36,16.4,16.03,175829,9.3326,1.0171,0.10898356299423526
76,2020-04-29,16.4,16.85,16.85,16.36,275740,9.0182,0.9829,0.10899070768002483
77,2020-04-30,17.46,17.44,17.69,17.34,566000,9.0182,0.9829,0.10899070768002483
78,2020-05-06,17.3,17.63,17.73,17.24,269393,8.8565,0.9652,0.10898210353977304
79,2020-05-07,17.63,17.32,17.69,17.32,161593,9.0092,0.9819,0.10898858944190383
80,2020-05-08,17.54,17.81,17.99,17.5,259112,8.7128,0.9496,0.1089890735469654
81,2020-05-11,17.77,17.97,18.32,17.77,310311,8.4793,0.9241,0.10898305284634345
82,2020-05-12,18.05,17.81,18.14,17.73,231273,8.5242,0.929,0.10898383426010652
83,2020-05-13,17.75,18.01,18.07,17.67,130526,8.614,0.9388,0.10898537264917575
84,2020-05-14,17.97,17.91,17.99,17.85,152409,8.4254,0.9182,0.10897998908063712
85,2020-05-15,18.01,18.09,18.36,18.01,231494,8.5062,0.9271,0.10899108885283676
86,2020-05-18,18.01,18.5,18.79,18.01,370668,8.4074,0.9163,0.1089873206936746
87,2020-05-19,18.65,18.4,18.73,18.36,156704,8.7397,0.9525,0.10898543428264129
88,2020-05-20,18.34,18.36,18.67,18.14,285611,8.8296,0.9623,0.10898568451571987
89,2020-05-21,18.48,18.6,18.73,18.4,224400,8.9553,0.976,0.10898574028787422
90,2020-05-22,18.69,18.42,18.73,18.28,197661,9.1709,0.9995,0.10898603190526558
91,2020-05-25,18.32,18.28,18.52,18.12,198546,8.7397,0.9525,0.10898543428264129
92,2020-05-26,18.46,18.3,18.52,18.18,156747,8.6948,0.9476,0.10898468049868887
93,2020-05-27,18.44,18.65,19.01,18.44,359981,8.7038,0.9486,0.10898687929410143
94,2020-05-28,18.73,18.91,19.18,18.71,299176,8.9284,0.9731,0.10898929259441781
95,2020-05-29,18.75,19.05,19.05,18.69,154554,8.9194,0.9721,0.1089871516021257
96,2020-06-01,19.03,19.14,19.2,18.85,251811,8.8026,0.9594,0.10899052552654898
97,2020-06-02,19.18,19.09,19.32,19.01,165908,9.2787,1.0112,0.10898078394602692
98,2020-06-03,19.14,19.03,19.44,18.95,245413,9.7727,1.0298,0.10537517779119383
99,2020-06-04,19.03,18.93,19.14,18.79,167563,9.3685,0.9872,0.10537439291241928
100,2020-06-05,18.95,18.87,19.03,18.75,133108,9.4853,0.9995,0.10537357806289732
101,2020-06-08,18.89,18.87,19.1,18.65,309545,8.623,0.9086,0.10536936101124898
102,2020-06-09,18.93,18.79,18.93,18.58,260745,8.5601,0.902,0.10537260078737398
103,2020-06-10,18.81,18.61,18.81,18.48,249833,8.1918,0.8632,0.1053736663492761
104,2020-06-11,18.63,18.61,18.87,18.56,209704,8.0122,0.8443,0.10537680037942139
105,2020-06-12,18.48,18.67,18.71,18.44,128030,8.0032,0.8433,0.1053703518592563
106,2020-06-15,18.67,18.22,18.71,18.22,256050,8.1469,0.8585,0.1053775055542599
107,2020-06-16,18.36,18.5,18.6,18.24,134162,7.9403,0.8367,0.10537385237333602
108,2020-06-17,18.56,18.95,18.97,18.42,257177,8.0032,0.8433,0.1053703518592563
109,2020-06-18,18.67,18.93,19.03,18.5,220491,8.1649,0.8604,0.10537789807591032
110,2020-06-19,18.95,19.03,19.14,18.89,257444,8.12,0.8556,0.10536945812807882
111,2020-06-22,19.05,18.67,19.12,18.65,179363,8.1289,0.8566,0.10537711129427106
112,2020-06-23,18.63,18.54,18.79,18.48,121074,7.9224,0.8348,0.10537210946177926
113,2020-06-24,18.61,18.99,19.09,18.61,214930,7.7966,0.8216,0.10537926788600159
114,2020-06-29,19.14,18.67,19.16,18.58,171756,8.0032,0.8433,0.1053703518592563
115,2020-06-30,18.81,18.69,18.83,18.44,181649,7.9762,0.8405,0.10537599358090319
116,2020-07-01,18.77,19.09,19.16,18.56,276013,7.9762,0.8405,0.10537599358090319
117,2020-07-02,19.09,19.89,19.89,19.07,551995,8.0571,0.849,0.10537290091968574
118,2020-07-03,20.03,20.03,20.44,19.67,522376,8.093,0.8528,0.10537501544544668
119,2020-07-06,20.22,21.91,21.91,20.2,990383,8.093,0.8528,0.10537501544544668
120,2020-07-07,22.3,21.65,23.06,21.59,995539,8.12,0.8556,0.10536945812807882
121,2020-07-08,21.55,22.53,22.83,21.3,795187,8.1649,0.8604,0.10537789807591032
122,2020-07-09,22.53,22.14,22.61,21.79,673227,8.1918,0.8632,0.1053736663492761
123,2020-07-10,22.01,21.1,22.28,21.08,672191,8.2188,0.8661,0.10538034749598481
124,2020-07-13,20.91,21.36,21.63,20.89,529385,8.1739,0.8613,0.10537197665740956
125,2020-07-14,21.4,21.38,21.59,20.95,338984,8.111,0.7689,0.09479718900258907
126,2020-07-15,21.44,20.89,21.57,20.75,347490,7.9942,0.7578,0.09479372545095194
127,2020-07-16,20.99,20.87,21.59,20.83,439081,7.8325,0.7425,0.09479731886370892
128,2020-07-17,21.01,20.97,21.2,20.77,275493,7.8236,0.7416,0.09479012219438622
129,2020-07-20,21.18,21.91,21.91,21.08,549771,7.8864,0.7476,0.094796104686549
130,2020-07-21,21.77,21.44,21.81,21.26,350150,7.9673,0.7552,0.09478744367602575
131,2020-07-22,21.46,21.16,21.63,21.1,355016,7.8595,0.745,0.09478974489471341
132,2020-07-23,20.99,20.97,21.2,20.61,260422,7.8774,0.7467,0.09479015918958032
133,2020-07-24,20.91,20.24,21.18,20.14,328125,7.9224,0.751,0.09479450671513683
134,2020-07-27,20.44,20.46,20.57,20.1,208617,7.7337,0.7331,0.09479291930124002
135,2020-07-28,20.59,20.28,20.63,20.1,254069,7.6529,0.7254,0.09478759685870716
136,2020-07-29,20.24,20.69,20.85,20.01,230099,7.6978,0.7297,0.09479331757125413
137,2020-07-30,20.71,20.5,20.81,20.5,148890,7.608,0.7212,0.09479495268138802
138,2020-07-31,20.48,20.4,20.77,20.22,203501,7.6798,0.728,0.09479413526393916
139,2020-08-03,20.48,20.91,20.97,20.48,298168,7.608,0.7212,0.09479495268138802
140,2020-08-04,20.99,21.55,21.77,20.71,591642,7.3834,0.6999,0.0947937264674811
141,2020-08-05,21.36,21.22,21.54,21.05,365160,7.5271,0.7135,0.09479082249471908
142,2020-08-06,21.06,21.57,21.59,21.06,355129,7.4373,0.705,0.09479246500746238
143,2020-08-07,21.44,21.57,21.97,21.14,381762,8.744,0.8069,0.0922804208600183
144,2020-08-10,21.5,22.26,22.61,21.34,625124,8.47,0.7816,0.09227863046044862
145,2020-08-11,22.22,22.79,23.85,22.18,916843,8.3933,0.7746,0.09228789629823787
146,2020-08-12,23.02,22.91,23.36,22.5,598219,7.0904,0.7449,0.10505754259280153
147,2020-08-13,22.95,23.38,23.61,22.57,485541,7.2042,0.7569,0.10506371283418006
148,2020-08-14,23.26,24.71,24.95,22.97,754790,7.2421,0.7608,0.1050524019276177
149,2020-08-17,24.98,26.2,26.98,24.77,1180078,7.2421,0.7608,0.1050524019276177
150,2020-08-18,25.83,25.28,26.14,24.83,880103,7.3179,0.7688,0.1050574618401454
151,2020-08-19,25.1,24.87,25.63,24.87,502054,7.3653,0.7738,0.10506021479097932
152,2020-08-20,24.83,24.28,25.1,24.2,395292,7.3179,0.7688,0.1050574618401454
153,2020-08-21,24.57,24.49,25.02,24.16,363188,7.3179,0.7688,0.1050574618401454
154,2020-08-24,24.44,24.28,24.71,23.95,274024,7.3464,0.7718,0.10505825982794294
155,2020-08-25,24.26,24.49,25.08,24.2,326571,7.299,0.7668,0.10505548705302097
156,2020-08-26,24.49,23.91,24.59,23.73,329666,7.3937,0.7768,0.10506241800451736
157,2020-08-27,23.91,24.32,24.44,23.71,260768,7.3843,0.7758,0.10506073696897472
158,2020-08-28,24.67,26.55,26.55,24.67,1031895,7.3937,0.7768,0.10506241800451736
159,2020-08-31,26.98,27.28,28.47,26.73,1066180,7.4317,0.7808,0.10506344443397878
160,2020-09-01,27.53,27.06,27.71,26.77,587103,7.2516,0.7618,0.10505267802967622
161,2020-09-02,27.34,26.28,27.43,26.0,593549,7.3179,0.7688,0.1050574618401454
162,2020-09-03,26.49,26.45,27.28,26.28,393217,7.2516,0.7618,0.10505267802967622
163,2020-09-04,26.2,26.4,26.85,25.91,373423,7.299,0.7668,0.10505548705302097
164,2020-09-07,26.38,25.53,26.49,25.36,334418,7.3937,0.7768,0.10506241800451736
165,2020-09-08,25.59,27.38,27.47,25.53,745012,7.4506,0.7828,0.10506536386331303
166,2020-09-09,26.75,26.89,27.32,26.49,415229,7.3274,0.7698,0.10505772852580725
167,2020-09-10,27.18,26.65,27.91,26.26,416256,7.3179,0.7688,0.1050574618401454
168,2020-09-11,26.53,26.38,26.91,25.81,381241,7.2421,0.7608,0.1050524019276177
169,2020-09-14,26.38,26.57,26.81,25.87,372059,7.1757,0.7539,0.10506292069066432
170,2020-09-15,26.36,26.38,26.89,25.96,317436,7.4317,0.7808,0.10506344443397878
171,2020-09-16,26.55,26.73,27.1,26.32,313797,7.3369,0.7708,0.10505799452084669
172,2020-09-17,26.65,26.22,27.1,26.02,327636,7.4791,0.7857,0.10505274698827399
173,2020-09-18,26.18,27.24,27.32,25.93,482615,7.6971,0.8086,0.10505255225994206
174,2020-09-21,27.32,26.89,27.51,26.73,350858,7.6876,0.8076,0.10505229200270566
175,2020-09-22,26.51,26.3,27.14,26.22,272242,7.9815,0.8385,0.1050554407066341
176,2020-09-23,26.3,26.1,26.47,25.98,221750,8.0762,0.8485,0.10506178648374236
177,2020-09-24,26.04,25.53,26.14,25.26,337908,8.1616,0.8574,0.10505293079788278
178,2020-09-25,25.59,25.42,25.65,25.18,224972,8.2374,0.8654,0.10505742103090782
179,2020-09-28,25.38,25.61,25.81,25.28,160970,8.1236,0.8535,0.10506425722586046
180,2020-09-29,25.79,25.18,25.81,25.12,200892,8.427,0.8853,0.10505517977928089
181,2020-09-30,25.18,24.98,25.38,24.79,301329,8.5976,0.9033,0.1050642039638969
182,2020-10-09,25.06,24.87,25.24,24.73,306108,8.3511,0.8774,0.10506400354444323
183,2020-10-12,24.98,25.59,25.83,24.65,376668,8.3417,0.8764,0.10506251723269837
184,2020-10-13,25.44,25.95,26.1,25.3,267516,8.3132,0.8734,0.10506182937978155
185,2020-10-14,25.91,26.24,26.61,25.83,286433,8.1426,0.8554,0.10505244025249921
186,2020-10-15,26.34,27.53,28.26,26.24,550431,8.3417,0.8764,0.10506251723269837
187,2020-10-16,27.14,27.87,28.45,27.08,491662,8.3322,0.8754,0.10506228847123208
188,2020-10-19,28.1,28.34,29.67,28.08,644308,8.2658,0.8684,0.10505940138885526
189,2020-10-20,28.51,28.59,28.67,27.89,348110,8.408,0.8833,0.1050547098001903
190,2020-10-21,28.79,29.22,29.53,28.32,466777,8.4839,0.8913,0.10505781539150626
191,2020-10-22,29.12,28.4,29.53,27.85,475034,8.4839,0.8913,0.10505781539150626
192,2020-10-23,28.59,28.57,29.34,28.36,412258,8.3227,0.8744,0.10506205918752329
193,2020-10-26,28.43,27.69,28.89,27.43,319059,8.3701,0.8793,0.10505250833323376
194,2020-10-27,27.69,27.89,28.26,27.51,257542,8.4649,0.8893,0.10505735448735366
195,2020-10-28,28.14,27.73,28.3,27.3,278402,8.19,0.8604,0.10505494505494507
196,2020-10-29,27.34,28.02,28.43,26.94,407192,8.1331,0.8545,0.10506448955502821
197,2020-10-30,27.96,27.32,28.63,27.24,313650,8.2374,0.8654,0.10505742103090782
198,2020-11-02,27.38,28.34,28.61,27.38,683466,8.2469,0.8664,0.10505765802907759
199,2020-11-03,28.45,28.32,29.49,27.81,553887,8.2184,0.8634,0.10505694539083031
200,2020-11-04,28.63,29.18,29.22,28.02,507715,8.1995,0.8614,0.10505518629184707
201,2020-11-05,29.1,28.49,29.24,28.18,452572,8.2469,0.8664,0.10505765802907759
202,2020-11-06,28.43,27.83,28.43,27.53,369363,8.19,0.8604,0.10505494505494507
203,2020-11-09,27.91,27.89,28.06,27.49,387769,8.2564,0.8674,0.1050578944818565
204,2020-11-10,28.24,27.36,28.43,27.28,398026,8.0194,0.8425,0.10505773499264286
205,2020-11-11,27.38,27.65,28.02,26.83,419646,8.6924,0.9132,0.1050572914269937
206,2020-11-12,27.42,27.59,27.79,27.12,202536,8.9104,0.9361,0.10505701203088527
207,2020-11-13,27.42,26.96,27.49,26.61,274739,8.9483,0.9401,0.10505906149771466
208,2020-11-16,27.1,27.49,27.83,26.87,305410,9.0905,0.955,0.10505472746273581
209,2020-11-17,27.4,28.28,28.49,27.28,419226,8.9957,0.9451,0.10506130706893295
210,2020-11-18,28.28,29.04,29.3,28.06,482366,9.1095,0.957,0.10505516219331466
211,2020-11-19,29.2,30.9,31.06,28.81,760855,9.1853,0.965,0.10505917063133485
212,2020-11-20,30.49,30.61,30.79,29.79,376458,9.1379,0.96,0.10505696057080947
213,2020-11-23,30.28,31.32,31.71,30.14,461818,9.1853,0.965,0.10505917063133485
214,2020-11-24,31.2,30.94,31.3,30.57,261368,8.9957,0.9451,0.10506130706893295
215,2020-11-25,31.04,30.47,31.39,30.22,233797,8.9199,0.9371,0.10505723158331372
216,2020-11-26,30.57,30.59,30.9,30.08,230585,8.7777,0.9222,0.10506169042004171
217,2020-11-27,30.88,31.67,31.69,30.55,381124,8.8915,0.9341,0.10505538997919361
218,2020-11-30,31.88,31.69,33.63,31.69,788487,8.8251,0.9272,0.10506396528084667
219,2020-12-01,31.47,31.69,32.37,30.94,582510,8.8725,0.9321,0.10505494505494506
