,日期,开盘,收盘,最高,最低,成交量,pe,pb,roe
0,2020-01-03,13.06,13.05,13.11,13.02,224958,7.4175,0.8725,0.11762723289518032
1,2020-01-06,13.02,12.96,13.06,12.94,301502,7.374,0.8673,0.11761594792514239
2,2020-01-07,12.95,13.01,13.01,12.95,202301,7.4501,0.8763,0.11762258224721815
3,2020-01-08,12.98,12.93,12.99,12.9,200098,7.3522,0.8648,0.11762465656538179
4,2020-01-09,12.95,13.01,13.03,12.95,410943,7.2652,0.8546,0.11762924626988934
5,2020-01-10,13.02,12.99,13.03,12.96,291356,7.2217,0.8494,0.11761773543625463
6,2020-01-13,12.99,12.92,13.01,12.9,314539,7.2652,0.8546,0.11762924626988934
7,2020-01-14,12.84,12.93,12.95,12.84,250931,7.1891,0.8456,0.11762251185822982
8,2020-01-15,12.91,12.84,12.92,12.82,213154,7.1782,0.8443,0.11762001616004013
9,2020-01-16,12.83,12.81,12.88,12.8,245233,7.1999,0.8469,0.11762663370324587
10,2020-01-17,12.83,12.82,12.84,12.8,202357,7.1564,0.8418,0.11762897546252306
11,2020-01-20,12.81,12.89,12.91,12.79,248842,7.1021,0.8354,0.11762718069303446
12,2020-01-21,12.87,12.8,12.89,12.77,354135,7.0151,0.8251,0.11761771036763552
13,2020-01-22,12.78,12.73,12.78,12.7,262558,7.0803,0.8328,0.11762213465531121
14,2020-01-23,12.72,12.59,12.73,12.56,350350,7.0912,0.8341,0.11762466155234656
15,2020-02-03,11.94,12.11,12.25,11.94,667785,7.0586,0.8302,0.11761539115405321
16,2020-02-04,12.12,12.28,12.69,12.11,536095,7.0912,0.8341,0.11762466155234656
17,2020-02-05,12.31,12.27,12.31,12.21,376014,7.0368,0.8277,0.11762448840381991
18,2020-02-06,12.29,12.26,12.29,12.19,476157,7.0151,0.8251,0.11761771036763552
19,2020-02-07,12.23,12.26,12.26,12.17,321302,7.0042,0.8239,0.11762942234659204
20,2020-02-10,12.19,12.18,12.2,12.11,489706,6.9607,0.8187,0.11761748100047409
21,2020-02-11,12.18,12.23,12.25,12.15,386932,6.8954,0.8111,0.1176291440670592
22,2020-02-12,12.21,12.24,12.25,12.19,261547,6.9715,0.82,0.11762174567883525
23,2020-02-13,12.24,12.21,12.24,12.2,176023,6.9933,0.8226,0.11762687143408691
24,2020-02-14,12.2,12.19,12.22,12.16,243938,7.0151,0.8509,0.12129549115479465
25,2020-02-17,12.18,12.29,12.3,12.16,363185,7.0042,0.8496,0.12129864938179949
26,2020-02-18,12.28,12.27,12.33,12.25,236053,7.0477,0.8549,0.12130198504476639
27,2020-02-19,12.26,12.26,12.28,12.24,212423,7.0694,0.8575,0.12129742269499534
28,2020-02-20,12.26,12.31,12.33,12.24,254518,7.0586,0.8562,0.12129884112996911
29,2020-02-21,12.3,12.31,12.33,12.28,251495,7.0803,0.8588,0.12129429543945877
30,2020-02-24,12.28,12.21,12.31,12.2,358103,7.0477,0.8549,0.12130198504476639
31,2020-02-25,12.15,12.13,12.2,12.08,461039,7.0586,0.8562,0.12129884112996911
32,2020-02-26,12.11,12.18,12.21,12.07,352514,7.0694,0.8575,0.12129742269499534
33,2020-02-27,12.2,12.14,12.2,12.11,357262,7.0477,0.8549,0.12130198504476639
34,2020-02-28,12.06,11.97,12.09,11.97,576935,7.0912,0.8602,0.1213052797833935
35,2020-03-02,11.97,12.1,12.11,11.97,457780,7.0694,0.8575,0.12129742269499534
36,2020-03-03,12.13,12.12,12.16,12.1,358139,7.0912,0.8602,0.1213052797833935
37,2020-03-04,12.1,12.2,12.21,12.08,400533,7.0042,0.8496,0.12129864938179949
38,2020-03-05,12.23,12.27,12.29,12.2,407654,6.928,0.8404,0.12130484988452657
39,2020-03-06,12.21,12.17,12.22,12.16,261504,6.9389,0.8417,0.12130164723515253
40,2020-03-09,12.08,12.02,12.12,12.01,399088,6.9389,0.8417,0.12130164723515253
41,2020-03-10,11.99,12.08,12.09,11.98,323292,6.8954,0.8364,0.12129825680888708
42,2020-03-11,12.08,12.01,12.08,12.0,329415,6.9389,0.8417,0.12130164723515253
43,2020-03-12,11.98,12.02,12.06,11.94,420869,6.9933,0.8483,0.1213018174538487
44,2020-03-13,11.89,11.94,11.99,11.81,435657,6.9933,0.8483,0.1213018174538487
45,2020-03-16,11.94,11.91,12.01,11.89,342308,7.0477,0.8549,0.12130198504476639
46,2020-03-17,11.9,11.94,11.99,11.86,311683,7.0803,0.8588,0.12129429543945877
47,2020-03-18,11.97,11.86,11.99,11.86,288859,6.9933,0.8483,0.1213018174538487
48,2020-03-19,11.82,11.65,11.86,11.59,456538,7.0151,0.8509,0.12129549115479465
49,2020-03-20,11.72,11.68,11.74,11.63,312399,7.0259,0.8522,0.12129406908723436
50,2020-03-23,11.6,11.58,11.66,11.58,225257,7.0694,0.8575,0.12129742269499534
51,2020-03-24,11.65,11.72,11.75,11.63,317958,7.0912,0.8602,0.1213052797833935
52,2020-03-25,11.82,11.79,11.83,11.74,214454,7.1238,0.8641,0.12129762205564446
53,2020-03-26,11.75,11.68,11.77,11.66,259866,7.1347,0.8654,0.12129451833994422
54,2020-03-27,11.73,11.74,11.79,11.71,169854,7.1456,0.8668,0.12130541871921183
55,2020-03-30,11.7,11.69,11.74,11.64,188030,7.0912,0.8602,0.1213052797833935
56,2020-03-31,11.74,11.69,11.76,11.66,132604,7.0912,0.8602,0.1213052797833935
57,2020-04-01,11.67,11.62,11.69,11.6,264427,7.1238,0.8641,0.12129762205564446
58,2020-04-02,11.63,11.69,11.69,11.58,201710,7.1456,0.8668,0.12130541871921183
59,2020-04-03,11.66,11.67,11.68,11.63,159150,7.1782,0.8707,0.1212978183945836
60,2020-04-07,11.72,11.77,11.79,11.71,285862,7.1999,0.8734,0.12130724037833858
61,2020-04-08,11.75,11.76,11.78,11.72,117644,7.1782,0.8986,0.12518458666518067
62,2020-04-09,11.76,11.75,11.78,11.74,105020,7.1564,0.8959,0.1251886423341345
63,2020-04-10,11.77,11.78,11.8,11.74,144575,7.1021,0.8891,0.12518832458005377
64,2020-04-13,11.75,11.7,11.78,11.69,101568,7.1564,0.8959,0.1251886423341345
65,2020-04-14,11.71,11.78,11.78,11.69,134657,7.1564,0.8959,0.1251886423341345
66,2020-04-15,11.78,11.74,11.78,11.74,134924,7.1673,0.8972,0.12517963528804432
67,2020-04-16,11.72,11.72,11.74,11.68,185351,7.1673,0.8972,0.12517963528804432
68,2020-04-17,11.73,11.74,11.76,11.69,151570,7.2326,0.9054,0.1251831982966015
69,2020-04-20,11.74,11.71,11.76,11.7,142675,7.2652,0.9095,0.12518581732092715
70,2020-04-21,11.69,11.63,11.71,11.63,163588,7.3087,0.9149,0.12517958049995212
71,2020-04-22,11.63,11.67,11.68,11.59,162065,7.2217,0.9041,0.12519212927704004
72,2020-04-23,11.69,11.71,11.73,11.67,189539,7.1999,0.9013,0.12518229419853052
73,2020-04-24,11.71,11.7,11.72,11.66,106190,7.1999,0.9013,0.12518229419853052
74,2020-04-27,11.71,11.67,11.74,11.67,199906,7.0803,0.8864,0.12519243534878466
75,2020-04-28,11.68,11.61,11.71,11.59,193802,7.1129,0.8904,0.12518100915238511
76,2020-04-29,11.69,11.97,11.98,11.69,499643,7.0259,0.8795,0.1251796922814159
77,2020-04-30,11.94,12.07,12.19,11.94,632713,7.0803,0.8864,0.12519243534878466
78,2020-05-06,11.95,11.89,12.04,11.86,494596,7.0912,0.8877,0.12518332581227437
79,2020-05-07,11.9,11.86,11.93,11.8,434625,7.1347,0.8932,0.12519096808555372
80,2020-05-08,11.87,11.84,11.87,11.82,298429,7.0912,0.8877,0.12518332581227437
81,2020-05-11,11.84,11.85,11.9,11.81,469119,7.0586,0.8836,0.1251806307199728
82,2020-05-12,11.85,11.85,11.92,11.84,315797,7.1129,0.8904,0.12518100915238511
83,2020-05-13,11.85,11.85,11.87,11.84,276558,7.1129,0.8904,0.12518100915238511
84,2020-05-14,11.85,11.82,11.86,11.82,202688,7.0477,0.8823,0.12518977822552038
85,2020-05-15,11.83,11.81,11.85,11.8,205075,7.0042,0.8768,0.12518203363696068
86,2020-05-18,11.84,11.82,11.85,11.79,371187,7.0042,0.8768,0.12518203363696068
87,2020-05-19,11.83,11.79,11.85,11.78,388128,7.1238,0.8918,0.1251859962379629
88,2020-05-20,11.79,11.73,11.79,11.72,301268,7.2326,0.9054,0.1251831982966015
89,2020-05-21,11.74,11.71,11.75,11.7,145900,7.2434,0.9068,0.12518982798133474
90,2020-05-22,11.71,11.65,11.72,11.64,280292,7.2761,0.9109,0.1251906928162065
91,2020-05-25,11.64,11.64,11.67,11.62,237644,7.1347,0.8932,0.12519096808555372
92,2020-05-26,11.65,11.67,11.68,11.63,256416,7.1782,0.8986,0.12518458666518067
93,2020-05-27,11.65,11.7,11.72,11.64,284013,7.3196,0.9163,0.12518443630799497
94,2020-05-28,11.71,11.75,11.78,11.71,218913,7.3957,0.9258,0.1251808483307868
95,2020-05-29,11.76,11.71,11.78,11.71,204224,7.4718,0.9354,0.12519071709628202
96,2020-06-01,11.71,11.75,11.77,11.7,205659,7.461,0.934,0.12518429164991288
97,2020-06-02,11.76,11.82,11.83,11.75,252891,7.6024,0.9517,0.12518415237293487
98,2020-06-03,11.83,11.83,11.91,11.82,243858,7.548,0.9449,0.1251854795972443
99,2020-06-04,11.84,11.82,11.86,11.8,176993,7.5806,0.949,0.12518797984328417
100,2020-06-05,11.84,11.85,11.86,11.82,179075,7.6241,0.9544,0.12518198869374747
101,2020-06-08,11.87,11.87,11.88,11.84,155210,7.2978,0.9136,0.1251884129463674
102,2020-06-09,11.88,11.94,11.96,11.86,279142,7.1782,0.8986,0.12518458666518067
103,2020-06-10,11.97,11.92,11.97,11.91,178743,7.635,0.8972,0.11751146037982974
104,2020-06-11,11.92,11.9,11.97,11.89,285472,7.6567,0.8997,0.11750493032246269
105,2020-06-12,11.84,11.83,11.9,11.82,251377,7.6132,0.8946,0.11750643618977565
106,2020-06-15,11.83,11.83,11.86,11.79,173677,7.6894,0.9035,0.11749941477878638
107,2020-06-16,11.85,11.88,11.91,11.83,164090,7.6894,0.9035,0.11749941477878638
108,2020-06-17,11.9,11.94,11.96,11.87,204653,7.6894,0.9035,0.11749941477878638
109,2020-06-18,11.94,11.98,11.99,11.91,184459,7.7546,0.9112,0.11750444897222294
110,2020-06-19,12.0,12.02,12.05,11.96,334287,7.7111,0.9061,0.11750593300566715
111,2020-06-22,12.02,11.96,12.03,11.93,163377,7.6676,0.901,0.1175074338776149
112,2020-06-23,11.96,11.96,12.0,11.91,274891,7.6024,0.8933,0.1175023676733663
113,2020-06-24,11.98,11.96,11.99,11.92,194846,7.548,0.8869,0.11750132485426604
114,2020-06-29,11.9,11.89,11.94,11.88,240747,7.548,0.8869,0.11750132485426604
115,2020-06-30,11.9,11.93,11.95,11.88,271837,7.6241,0.8959,0.11750895187628703
116,2020-07-01,11.93,11.91,11.93,11.87,378446,7.6459,0.8984,0.1175008828260898
117,2020-07-02,11.91,11.97,11.97,11.8,697331,7.6676,0.901,0.1175074338776149
118,2020-07-03,11.97,12.08,12.08,11.96,562991,7.5915,0.892,0.11749983534215899
119,2020-07-06,12.13,12.38,12.4,12.11,847569,7.5697,0.8895,0.11750795936430769
120,2020-07-07,12.49,12.34,12.56,12.34,862599,7.5371,0.8857,0.11751204043995703
121,2020-07-08,12.33,12.31,12.33,12.19,689055,7.548,0.8869,0.11750132485426604
122,2020-07-09,12.37,12.36,12.42,12.29,624352,7.5371,0.8857,0.11751204043995703
123,2020-07-10,12.33,12.23,12.34,12.2,412559,7.461,0.8767,0.11750435598445248
124,2020-07-13,12.21,12.24,12.28,12.19,670797,7.4175,0.8716,0.11750589821368386
125,2020-07-14,12.25,12.17,12.29,12.15,540159,7.461,0.8767,0.11750435598445248
126,2020-07-15,12.17,12.1,12.22,12.09,473274,7.4066,0.8703,0.1175033078605568
127,2020-07-16,12.1,11.97,12.14,11.96,537533,7.374,0.8665,0.11750745863845946
128,2020-07-17,11.99,11.93,12.02,11.91,438209,7.3413,0.8627,0.11751324697260702
129,2020-07-20,11.95,12.06,12.09,11.94,439663,7.3522,0.8639,0.11750224422621801
130,2020-07-21,12.07,12.03,12.09,12.0,381122,7.4175,0.8716,0.11750589821368386
131,2020-07-22,12.02,12.02,12.07,11.99,448814,7.4392,0.8742,0.11751263576728681
132,2020-07-23,12.0,11.92,12.0,11.88,606892,7.5045,0.8818,0.11750283163435273
133,2020-07-24,11.9,11.81,11.91,11.78,644654,7.5371,0.8857,0.11751204043995703
134,2020-07-27,11.83,11.81,11.85,11.78,208008,7.5262,0.8844,0.11750950014615609
135,2020-07-28,11.82,11.85,11.88,11.82,241605,7.5371,0.8857,0.11751204043995703
136,2020-07-29,11.85,11.91,11.93,11.82,260766,7.5697,0.8895,0.11750795936430769
137,2020-07-30,11.92,11.91,11.95,11.89,255007,7.5697,0.8895,0.11750795936430769
138,2020-07-31,11.92,11.86,11.96,11.84,402849,7.5697,0.8895,0.11750795936430769
139,2020-08-03,11.87,11.89,11.92,11.87,407994,7.5589,0.8882,0.11750386961065763
140,2020-08-04,11.9,11.93,11.98,11.87,525322,7.5806,0.8908,0.11751048729652007
141,2020-08-05,11.94,11.89,11.95,11.88,337511,7.6132,0.8946,0.11750643618977565
142,2020-08-06,11.9,11.88,11.9,11.83,346779,7.809,0.9176,0.11750544243821232
143,2020-08-07,11.87,11.83,11.88,11.81,300949,7.7002,0.9048,0.11750344146905277
144,2020-08-10,11.83,11.91,11.92,11.82,384258,6.8691,0.8968,0.13055567687178815
145,2020-08-11,11.92,11.88,11.99,11.86,422459,6.9304,0.9048,0.13055523490707607
146,2020-08-12,11.87,11.99,12.0,11.86,607345,6.9611,0.9088,0.1305540790966945
147,2020-08-13,12.0,11.99,12.01,11.95,311556,6.9713,0.9101,0.1305495388234619
148,2020-08-14,11.99,12.01,12.01,11.94,246770,6.9304,0.9048,0.13055523490707607
149,2020-08-17,12.01,12.09,12.11,12.01,459341,6.8895,0.8994,0.1305464837796647
150,2020-08-18,12.08,12.05,12.08,12.02,279564,6.9713,0.9101,0.1305495388234619
151,2020-08-19,12.02,12.02,12.07,12.0,259356,7.002,0.9141,0.13054841473864612
152,2020-08-20,12.02,11.96,12.02,11.94,279578,6.9815,0.9114,0.13054501181694478
153,2020-08-21,11.98,11.96,12.0,11.93,260870,7.002,0.9141,0.13054841473864612
154,2020-08-24,11.97,11.95,11.98,11.94,206147,7.0428,0.9194,0.1305446697336287
155,2020-08-25,11.95,11.95,11.99,11.94,190073,6.9611,0.9088,0.1305540790966945
156,2020-08-26,11.97,11.9,11.97,11.9,196830,7.0428,0.9194,0.1305446697336287
157,2020-08-27,11.92,11.95,11.97,11.89,223812,7.0122,0.9154,0.13054390918684577
158,2020-08-28,11.95,11.97,11.99,11.91,235943,7.0224,0.9168,0.13055365686944634
159,2020-08-31,11.99,11.99,12.03,11.95,355738,7.0326,0.9181,0.13054915678411966
160,2020-09-01,11.99,11.97,12.0,11.94,215975,6.9304,0.9048,0.13055523490707607
161,2020-09-02,11.97,11.94,11.97,11.9,248459,6.9508,0.9074,0.13054612418714392
162,2020-09-03,11.93,11.92,11.97,11.91,200009,6.8793,0.8981,0.13055107351038625
163,2020-09-04,11.9,11.89,11.91,11.87,312525,6.9508,0.9074,0.13054612418714392
164,2020-09-07,11.89,11.89,11.93,11.88,248741,6.9508,0.9074,0.13054612418714392
165,2020-09-08,11.91,11.94,11.96,11.9,257754,7.002,0.9141,0.13054841473864612
166,2020-09-09,11.92,11.93,11.97,11.91,319933,6.9406,0.9061,0.13055067285249114
167,2020-09-10,11.95,11.92,11.97,11.9,331058,7.0531,0.9208,0.13055252300406914
168,2020-09-11,11.91,11.89,11.92,11.88,262869,6.9815,0.9114,0.13054501181694478
169,2020-09-14,11.9,11.87,11.9,11.85,249240,6.8384,0.8928,0.13055685540477305
170,2020-09-15,11.87,11.83,11.88,11.81,352461,6.9406,0.9061,0.13055067285249114
171,2020-09-16,11.83,11.82,11.86,11.81,230346,6.91,0.9021,0.13054992764109985
172,2020-09-17,11.82,11.8,11.84,11.79,221171,7.1246,0.9301,0.13054767986974708
173,2020-09-18,11.81,11.88,11.88,11.8,347853,7.2064,0.9408,0.130550621669627
174,2020-09-21,11.88,11.85,11.89,11.83,218975,7.1757,0.9368,0.13055172317683292
175,2020-09-22,11.83,11.8,11.85,11.79,215835,7.2064,0.9408,0.130550621669627
176,2020-09-23,11.84,11.8,11.84,11.79,162970,7.2882,0.9515,0.13055349743420872
177,2020-09-24,11.78,11.75,11.8,11.75,253623,7.2779,0.9501,0.13054589922917326
178,2020-09-25,11.77,11.71,11.77,11.69,224691,7.3495,0.9595,0.13055309885026192
179,2020-09-28,11.72,11.75,11.76,11.7,211628,7.2882,0.9515,0.13055349743420872
180,2020-09-29,11.75,11.75,11.77,11.73,123589,7.4415,0.9715,0.13055163609487336
181,2020-09-30,11.75,11.74,11.76,11.72,136974,7.5437,0.9848,0.13054601853202008
182,2020-10-09,11.77,11.81,11.82,11.76,234835,7.4722,0.9755,0.1305505741281015
183,2020-10-12,11.82,11.89,11.9,11.81,270171,7.3904,0.9648,0.13054773760554234
184,2020-10-13,11.88,11.87,11.89,11.84,223332,7.3699,0.9621,0.13054451213720675
185,2020-10-14,11.86,11.89,11.89,11.86,221917,7.2371,0.9448,0.13054952950767573
186,2020-10-15,11.88,11.85,11.9,11.85,133098,7.4108,0.9675,0.130552706860258
187,2020-10-16,11.86,11.87,11.89,11.85,159460,7.4517,0.9728,0.13054739187031147
188,2020-10-19,11.87,11.86,11.93,11.86,215820,7.4006,0.9661,0.1305434694484231
189,2020-10-20,11.85,11.85,11.88,11.82,171315,7.4824,0.9768,0.1305463487651021
190,2020-10-21,11.85,11.88,11.89,11.83,162536,7.5846,0.9902,0.13055401735094796
191,2020-10-22,11.88,11.86,11.89,11.85,163378,7.5846,0.9902,0.13055401735094796
192,2020-10-23,11.87,11.87,11.89,11.85,123581,7.5335,0.9835,0.1305502090661711
193,2020-10-26,11.87,11.85,11.88,11.82,135176,7.5437,0.9848,0.13054601853202008
194,2020-10-27,11.83,11.81,11.84,11.81,144398,7.5642,0.9875,0.1305491658073557
195,2020-10-28,11.81,11.82,11.82,11.77,124595,7.4619,0.9742,0.1305565606614937
196,2020-10-29,11.78,11.8,11.82,11.74,201294,7.4824,0.9768,0.1305463487651021
197,2020-10-30,11.8,11.78,11.82,11.74,204065,7.513,0.9808,0.13054705177692
198,2020-11-02,11.76,11.71,11.77,11.7,296638,7.5028,0.9795,0.1305512608626113
199,2020-11-03,11.72,11.77,11.78,11.72,204662,7.4517,0.9728,0.13054739187031147
200,2020-11-04,11.77,11.81,11.82,11.75,176586,7.5335,0.9835,0.1305502090661711
201,2020-11-05,11.83,11.82,11.86,11.82,166808,7.5335,0.9835,0.1305502090661711
202,2020-11-06,11.82,11.84,11.87,11.81,259127,7.5437,0.9848,0.13054601853202008
203,2020-11-09,11.86,11.89,11.92,11.84,309422,7.5539,0.9862,0.1305550775096308
204,2020-11-10,11.92,11.86,11.92,11.83,296971,7.3802,0.9635,0.13055201756049972
205,2020-11-11,11.85,11.89,11.92,11.82,260483,7.8708,1.0275,0.13054581491080958
206,2020-11-12,11.9,11.88,11.92,11.87,149623,8.0139,1.0462,0.13054817255019405
207,2020-11-13,11.86,11.82,11.88,11.8,212777,8.0855,1.0556,0.13055469667924063
208,2020-11-16,11.83,11.9,11.92,11.83,332207,8.1775,1.0676,0.1305533476001223
209,2020-11-17,11.91,11.95,11.99,11.88,474666,8.1059,1.0582,0.13054688560184557
210,2020-11-18,11.95,11.99,12.02,11.91,395685,8.0957,1.0569,0.1305507862198451
211,2020-11-19,12.01,11.97,12.02,11.94,240656,8.1264,1.0609,0.13054981295530615
212,2020-11-20,11.95,11.98,12.01,11.93,239320,8.2184,1.0729,0.1305485252603913
213,2020-11-23,11.99,12.05,12.07,11.93,577435,8.2081,1.0716,0.1305539649858067
214,2020-11-24,12.04,12.01,12.06,12.01,251280,8.2797,1.0809,0.1305482082684155
215,2020-11-25,12.14,12.05,12.22,12.05,797795,8.3001,1.0836,0.13055264394404884
216,2020-11-26,12.05,12.13,12.18,12.02,473916,8.2184,1.0729,0.1305485252603913
217,2020-11-27,12.15,12.22,12.23,12.1,456942,8.3001,1.0836,0.13055264394404884
218,2020-11-30,12.21,12.15,12.32,12.12,744185,8.249,1.0769,0.13054915747363316
219,2020-12-01,12.15,12.19,12.22,12.1,385567,8.341,1.0889,0.13054789593573912
