,日期,开盘,收盘,最高,最低,成交量,pe,pb,roe
0,2020-01-03,256.06,257.83,260.48,252.42,613575,49.9516,8.1284,0.16272551830171605
1,2020-01-06,255.76,263.92,269.62,255.07,620408,49.08,7.9866,0.16272616136919316
2,2020-01-07,263.92,264.21,267.26,259.89,351610,49.6515,8.0796,0.16272620162532853
3,2020-01-08,265.0,265.0,270.4,263.82,457678,48.2013,7.8436,0.16272590158356726
4,2020-01-09,268.34,277.19,278.66,268.34,525869,47.7084,7.7634,0.16272606081947832
5,2020-01-10,276.2,273.55,277.68,269.32,484540,47.7798,7.775,0.16272567068091537
6,2020-01-13,276.79,276.01,278.56,270.9,439252,48.3656,7.8703,0.1627251600310965
7,2020-01-14,277.68,274.73,279.45,270.9,366171,47.7869,7.7761,0.1627245123663598
8,2020-01-15,273.16,274.53,276.2,267.85,332376,46.3153,7.5367,0.16272592426260868
9,2020-01-16,273.55,272.27,274.83,269.62,352395,44.8221,7.2937,0.16272553048607719
10,2020-01-17,280.13,276.5,284.16,271.88,528450,46.5724,7.5785,0.16272513334077693
11,2020-01-20,276.01,277.58,278.56,272.27,306996,47.7734,7.7739,0.16272444498402877
12,2020-01-21,279.45,284.16,286.52,277.87,467096,47.5519,7.7378,0.16272325606337495
13,2020-01-22,280.82,286.13,287.31,276.69,471057,50.0453,8.1436,0.1627245715381864
14,2020-01-23,289.08,278.17,289.77,267.85,606027,52.1528,8.4865,0.16272376555045942
15,2020-02-03,249.67,267.85,274.73,249.67,853372,53.4316,8.6946,0.1627239311568435
16,2020-02-04,270.6,286.52,288.49,266.77,776015,51.5598,8.39,0.16272367231835655
17,2020-02-05,286.52,285.54,291.83,279.25,665265,50.9597,8.2924,0.16272466282179843
18,2020-02-06,283.08,291.44,291.44,278.66,580225,52.8601,8.6016,0.16272386923218077
19,2020-02-07,293.4,314.73,314.83,290.75,1026750,49.8666,8.1145,0.16272414802693586
20,2020-02-10,312.57,318.46,328.59,309.13,697440,50.6954,8.2493,0.16272285059393948
21,2020-02-11,315.02,315.12,327.8,312.37,467727,52.6743,8.5714,0.16272451650994887
22,2020-02-12,332.71,322.1,340.58,315.22,933137,54.2889,9.4486,0.17404294432195166
23,2020-02-13,332.71,314.63,332.71,302.35,976267,53.0101,9.226,0.17404230514562322
24,2020-02-14,309.13,308.93,315.02,304.11,485107,51.5527,8.9724,0.17404326058576952
25,2020-02-17,305.29,317.87,319.94,305.2,630686,50.9669,8.8704,0.17404236867457112
26,2020-02-18,316.4,320.33,331.24,316.2,606833,50.231,8.7424,0.1740439171029842
27,2020-02-19,318.07,313.45,323.18,312.08,537141,48.545,8.264,0.17023380368730043
28,2020-02-20,315.02,319.45,321.9,308.64,541170,50.3667,8.5741,0.17023350745631538
29,2020-02-21,319.84,325.83,331.73,316.2,638337,51.4384,8.7565,0.1702327444088463
30,2020-02-24,331.73,326.82,334.68,320.04,606001,52.2171,8.8891,0.17023350588217268
31,2020-02-25,317.97,322.0,326.62,307.16,635930,51.0812,8.6957,0.17023288411392057
32,2020-02-26,315.52,305.39,317.68,305.2,612175,54.5247,9.2819,0.170232940300451
33,2020-02-27,307.75,312.76,317.97,302.35,473790,55.6535,9.4741,0.1702336780256408
34,2020-02-28,301.76,294.39,306.57,290.65,519788,57.0252,9.7076,0.17023351079873458
35,2020-03-02,296.55,302.25,305.0,294.39,392615,59.0755,10.0566,0.1702330069148801
36,2020-03-03,306.47,297.43,309.32,294.68,566088,59.1041,10.0615,0.17023353709810318
37,2020-03-04,292.03,291.93,293.7,284.56,650172,58.5826,9.9727,0.17023314089849204
38,2020-03-05,294.88,300.68,301.95,290.75,460305,53.5888,9.1226,0.1702333323381005
39,2020-03-06,297.14,294.39,298.41,291.73,351254,53.6459,9.1323,0.17023295349691217
40,2020-03-09,286.03,274.93,286.62,274.53,844626,52.8672,8.9998,0.17023409599903155
41,2020-03-10,268.83,280.82,282.2,266.77,503515,50.8097,8.6495,0.1702332428650435
42,2020-03-11,282.4,285.05,298.12,282.4,703240,49.7881,8.4756,0.1702334493583808
43,2020-03-12,278.07,271.98,280.43,270.01,531657,55.0033,9.3634,0.17023342235829486
44,2020-03-13,256.84,267.85,271.39,253.11,692612,50.0024,8.5121,0.17023382877621873
45,2020-03-16,268.05,240.33,268.83,240.33,1018059,50.8597,8.658,0.1702330135647674
46,2020-03-17,241.61,237.38,248.1,229.13,612044,51.4741,8.7626,0.17023318523296183
47,2020-03-18,241.31,231.58,247.8,230.9,719816,53.2271,9.0608,0.170229075038843
48,2020-03-19,235.32,227.46,238.66,216.84,979593,52.2983,8.9026,0.170227330525084
49,2020-03-20,231.49,229.13,234.04,222.94,565164,51.4195,8.7531,0.17022919320491253
50,2020-03-23,217.73,211.54,219.2,209.77,566291,52.0268,8.8564,0.17022765190248104
51,2020-03-24,218.71,213.7,220.68,206.42,639874,49.8834,8.4916,0.17022897396729172
52,2020-03-25,224.11,227.75,233.45,222.74,812047,45.661,7.7728,0.17022842250498238
53,2020-03-26,225.59,224.7,230.8,220.87,651827,44.9037,7.6439,0.1702287339350655
54,2020-03-27,229.62,230.9,241.22,225.1,742864,45.3681,7.7229,0.17022753873316274
55,2020-03-30,225.1,236.01,240.92,218.71,787840,44.6679,7.6037,0.17022738924372982
56,2020-03-31,237.48,236.79,241.12,234.73,509784,47.44,8.0756,0.17022765598650927
57,2020-04-01,235.02,241.81,248.98,235.02,662885,47.4757,8.0817,0.17022813776310827
58,2020-04-02,241.71,247.8,247.8,240.33,451514,48.5903,8.2714,0.1702273910636485
59,2020-04-03,248.19,241.61,248.19,239.94,437567,48.0687,8.1827,0.1702292760153697
60,2020-04-07,247.7,245.83,249.77,243.38,518859,45.2109,7.6962,0.170228860739335
61,2020-04-08,243.57,244.95,248.19,241.71,333008,44.9823,7.6572,0.17022695593600148
62,2020-04-09,243.18,239.25,245.64,238.17,450123,43.2961,7.9485,0.18358466466956608
63,2020-04-10,237.68,235.91,240.82,234.93,243604,41.1528,7.555,0.18358410606325692
64,2020-04-13,231.88,227.36,234.14,226.18,350991,42.0458,7.7189,0.18358314028987438
65,2020-04-14,232.86,241.12,241.31,229.82,500834,41.6529,7.6468,0.18358385610605743
66,2020-04-15,242.89,240.72,246.03,239.84,391814,38.5807,7.0828,0.18358401998926924
67,2020-04-16,238.37,251.04,252.62,237.38,456809,36.7374,6.7444,0.18358403153189937
68,2020-04-17,267.95,276.89,276.89,266.57,1638807,38.2521,7.0224,0.18358207784670647
69,2020-04-20,270.11,266.87,270.11,258.12,1138565,40.5812,7.45,0.18358254561225396
70,2020-04-21,262.94,264.9,265.39,257.14,581695,40.0239,7.3477,0.1835828092714603
71,2020-04-22,259.4,269.32,271.29,259.4,486171,40.2597,7.391,0.18358308680889326
72,2020-04-23,273.25,266.38,276.01,264.21,456241,40.0739,7.3569,0.18358332979819783
73,2020-04-24,266.28,265.0,268.44,262.25,285662,39.5524,7.2612,0.18358430841112044
74,2020-04-27,264.61,271.19,273.65,261.46,413850,40.7241,7.4763,0.18358416760591395
75,2020-04-28,272.76,285.54,287.51,265.2,671793,41.9244,7.6966,0.18358283004646458
76,2020-04-29,284.26,287.31,289.37,280.82,430845,41.5814,7.6337,0.18358448729480006
77,2020-04-30,287.31,295.47,301.46,287.31,569973,39.6524,7.2795,0.18358283483471366
78,2020-05-06,291.54,292.71,298.91,286.52,647556,41.3814,7.5969,0.1835824790848062
79,2020-05-07,295.27,299.2,303.13,292.52,472721,41.8029,7.6743,0.183582957163259
80,2020-05-08,300.77,299.3,303.33,297.33,304490,41.2242,7.5681,0.1835839143027639
81,2020-05-11,290.95,295.37,302.25,290.55,529477,40.5812,7.45,0.18358254561225396
82,2020-05-12,295.07,307.16,307.85,292.52,504160,40.9527,7.5182,0.18358252325243513
83,2020-05-13,305.79,307.55,308.64,300.87,290774,38.9237,7.1457,0.18358223909854407
84,2020-05-14,304.9,292.71,305.0,292.32,494272,37.9163,6.9608,0.18358331377270462
85,2020-05-15,295.17,293.89,301.46,292.42,348948,38.4378,7.0565,0.18358230699988032
86,2020-05-18,297.04,304.61,315.42,294.58,619476,36.5802,6.7155,0.18358292190857348
87,2020-05-19,310.31,311.29,319.94,309.82,466686,37.6591,6.9136,0.18358378187476598
88,2020-05-20,315.02,305.79,315.81,304.11,312607,34.2368,6.2853,0.18358316197775493
89,2020-05-21,305.79,304.7,308.24,300.38,296008,34.7941,6.3876,0.1835828488163223
90,2020-05-22,302.94,297.04,305.39,293.3,345667,34.1011,6.2604,0.18358352076619228
91,2020-05-25,295.17,297.92,299.4,291.04,235323,33.0508,6.0676,0.18358405847967368
92,2020-05-26,299.5,301.95,303.72,293.7,404179,32.7222,6.0072,0.18358178851055246
93,2020-05-27,301.26,300.09,306.18,298.61,217106,34.7655,6.3824,0.1835843005278221
94,2020-05-28,300.38,295.86,303.92,288.78,257467,34.9298,6.4125,0.18358249975665478
95,2020-05-29,295.27,311.19,312.08,292.62,402031,34.0082,6.2433,0.18358219488241068
96,2020-06-01,316.01,316.89,317.97,307.16,398789,33.0151,6.061,0.18358266369025084
97,2020-06-02,313.94,307.75,315.81,306.47,337537,33.1151,6.0794,0.1835839239501013
98,2020-06-03,307.75,307.36,309.23,304.02,238734,32.9579,6.0505,0.18358269185840118
99,2020-06-04,306.57,302.64,308.54,300.48,224457,31.579,5.7974,0.18358402735995438
100,2020-06-05,301.26,302.35,304.7,298.71,209468,31.7648,5.8315,0.1835837153075102
101,2020-06-08,301.26,308.14,313.25,301.26,413628,29.7929,5.4695,0.18358400827042684
102,2020-06-09,309.13,313.65,314.04,304.7,367964,29.2499,5.3698,0.18358353361891835
103,2020-06-10,312.08,308.24,312.67,301.95,338698,29.7429,5.4603,0.1835833089577681
104,2020-06-11,308.24,324.16,331.73,306.47,719142,29.0999,5.3423,0.18358482331554402
105,2020-06-12,318.46,322.3,322.39,314.83,495533,28.7926,5.2859,0.1835853656842383
106,2020-06-15,318.66,316.99,319.54,312.86,356977,27.1494,4.9842,0.18358416760591395
107,2020-06-16,319.05,318.96,326.13,317.28,258503,25.7205,4.7219,0.1835850780505822
108,2020-06-17,324.85,321.41,325.93,315.91,263470,24.7774,4.5487,0.18358261964532196
109,2020-06-18,318.96,321.41,324.46,314.14,208717,24.2558,4.453,0.18358495699997526
110,2020-06-19,324.36,328.29,331.24,322.39,475612,23.7557,4.3612,0.18358541318504612
111,2020-06-22,328.68,335.47,339.59,326.13,434004,23.7557,4.3612,0.18358541318504612
112,2020-06-23,335.47,348.44,350.9,332.12,599125,23.5771,4.3284,0.1835849192648799
113,2020-06-24,352.37,368.1,368.1,351.98,653709,23.4342,4.3021,0.18358211502846267
114,2020-06-29,377.92,390.7,397.87,377.92,853951,23.82,4.373,0.18358522250209908
115,2020-06-30,396.79,394.93,398.86,383.03,444727,23.9558,4.3979,0.18358393374464638
116,2020-07-01,399.74,403.77,406.52,392.17,406741,22.7983,4.1854,0.18358386370913618
117,2020-07-02,403.28,396.99,415.27,393.65,607075,23.1913,4.2575,0.1835817741998077
118,2020-07-03,393.65,404.46,413.11,393.65,490202,22.7912,4.1841,0.18358401488293727
119,2020-07-06,411.63,431.58,440.33,411.34,583764,22.3697,4.1067,0.1835831504222229
120,2020-07-07,434.43,429.03,453.21,424.31,743921,22.3911,4.1106,0.18358186958211073
121,2020-07-08,430.5,448.0,448.49,430.01,561155,22.8769,4.0925,0.17889224501571455
122,2020-07-09,447.7,450.16,459.79,444.36,566004,22.9055,4.0976,0.17889153260134028
123,2020-07-10,442.79,448.78,456.65,441.41,419832,23.57,4.2165,0.17889266016122188
124,2020-07-13,447.8,462.44,466.96,446.23,513665,23.1556,4.1423,0.17888977180466062
125,2020-07-14,462.44,475.12,483.87,459.5,571150,22.041,3.9429,0.17888934258881176
126,2020-07-15,482.1,472.86,494.68,470.31,763363,22.3482,3.9979,0.17889136485265034
127,2020-07-16,477.19,444.75,483.08,443.87,808325,22.484,4.0222,0.17889165628891654
128,2020-07-17,438.96,449.27,463.43,432.96,512041,22.1911,3.9698,0.1788915375984066
129,2020-07-20,462.44,463.72,472.08,454.19,525764,22.1268,3.9583,0.17889166079143845
130,2020-07-21,468.34,473.25,485.64,465.2,746041,22.684,4.058,0.17889261153235758
131,2020-07-22,472.27,465.59,477.68,464.11,654667,22.7626,4.072,0.17888993348738721
132,2020-07-23,469.42,512.67,512.67,469.42,996436,23.1627,4.1436,0.17889106192283283
133,2020-07-24,515.52,497.82,532.91,491.24,1028313,22.6769,4.0567,0.1788912946654966
134,2020-07-27,518.07,523.38,537.33,512.37,891551,21.8981,3.9174,0.17889223265945448
135,2020-07-28,523.38,516.2,526.13,502.64,570001,21.8124,3.902,0.17888907227081843
136,2020-07-29,523.38,530.06,541.26,506.77,718785,22.8912,4.095,0.17888970434053258
137,2020-07-30,533.8,557.97,560.92,520.53,866994,22.8626,4.0899,0.1788904149134394
138,2020-07-31,545.0,552.86,564.36,535.66,684429,22.0053,3.9365,0.17888872226236407
139,2020-08-03,566.62,561.71,583.23,558.95,577501,22.2911,3.9877,0.17889202417108171
140,2020-08-04,562.2,569.67,573.89,554.24,400628,22.2839,3.9864,0.1788914866787232
141,2020-08-05,568.09,563.87,569.57,540.87,508812,21.8124,3.902,0.17888907227081843
142,2020-08-06,559.74,540.09,562.59,533.6,594631,22.0124,3.9378,0.17889008013665025
143,2020-08-07,540.18,566.62,577.92,540.18,753299,21.4194,3.8317,0.17888923125764494
144,2020-08-10,564.66,571.34,585.39,554.63,573549,21.2908,3.8087,0.17888947338756644
145,2020-08-11,574.48,554.83,582.84,549.72,458903,20.2477,3.6221,0.1788894541108373
146,2020-08-12,554.83,538.71,554.83,525.44,612388,19.7976,3.5416,0.17889037054996565
147,2020-08-13,549.91,545.88,555.81,538.91,345169,19.8976,3.5595,0.17889092151817304
148,2020-08-14,539.69,548.44,551.98,532.42,303242,41.5105,4.1171,0.09918213464063308
149,2020-08-17,543.13,545.2,553.75,538.22,454076,40.8469,4.0513,0.09918255730545036
150,2020-08-18,545.2,552.86,567.6,541.85,463431,41.1418,4.0805,0.0991813678545907
151,2020-08-19,556.69,520.82,557.78,520.82,558761,42.6459,4.2297,0.09918186742453555
152,2020-08-20,520.63,499.99,531.04,498.81,611025,38.7677,3.8451,0.09918308282410357
153,2020-08-21,515.12,525.34,535.37,513.55,605069,37.2193,3.6915,0.0991824134252928
154,2020-08-24,535.17,567.6,571.83,532.12,796274,37.2783,3.6973,0.09918102488579146
155,2020-08-25,568.09,573.01,580.58,561.71,432118,35.2138,3.4926,0.0991827067797284
156,2020-08-26,566.62,560.72,576.25,548.93,423082,36.4968,3.6198,0.09918129808640758
157,2020-08-27,563.87,590.21,592.66,561.9,585438,36.9981,3.6696,0.09918347158367592
158,2020-08-28,613.8,613.4,620.18,579.5,792738,37.8534,3.7544,0.09918263617006662
159,2020-08-31,613.7,616.55,640.04,607.01,546174,37.9861,3.7675,0.09918101621382558
160,2020-09-01,616.74,655.86,655.86,615.76,534592,37.352,3.7047,0.09918344399228958
161,2020-09-02,662.94,663.03,667.75,643.18,431363,38.2811,3.7968,0.09918210291762776
162,2020-09-03,662.44,647.7,664.9,640.82,424139,37.3815,3.7076,0.0991827508259433
163,2020-09-04,633.45,647.21,656.35,622.44,472794,36.6295,3.633,0.09918235302147177
164,2020-09-07,643.28,609.08,653.11,602.98,494965,36.5115,3.6213,0.09918244936526849
165,2020-09-08,607.8,618.71,636.3,599.05,474638,35.7447,3.5452,0.09918113734343832
166,2020-09-09,602.2,612.32,619.99,581.56,529008,34.8157,3.4531,0.0991822654721864
167,2020-09-10,619.5,622.74,637.78,611.24,403544,35.2728,3.4984,0.0991812388015695
168,2020-09-11,631.09,680.82,683.57,625.2,779209,33.1641,3.2893,0.09918254980536183
169,2020-09-14,699.3,710.31,727.11,695.37,862008,32.8397,3.2571,0.09918178302481447
170,2020-09-15,701.26,701.95,712.08,690.94,424468,35.4793,3.5189,0.09918177641610741
171,2020-09-16,711.98,714.04,743.52,700.77,654078,35.2286,3.494,0.0991807792532204
172,2020-09-17,703.43,726.82,736.55,698.32,515347,35.8479,3.5555,0.0991829367968556
173,2020-09-18,723.87,702.74,728.88,693.4,651743,36.718,3.6418,0.09918296203496921
174,2020-09-21,711.68,694.29,718.56,682.69,499632,37.1603,3.6856,0.09918111533007
175,2020-09-22,692.42,682.49,696.45,676.1,373839,41.2893,4.0952,0.0991830813309986
176,2020-09-23,693.5,751.29,751.29,681.61,808678,41.9086,4.1566,0.09918250669313697
177,2020-09-24,740.48,679.54,745.49,678.76,957773,43.8698,4.3511,0.09918212528892313
178,2020-09-25,692.03,693.6,712.27,670.31,540742,43.2358,4.2882,0.0991816966495358
179,2020-09-28,708.93,721.9,741.56,703.72,600079,42.351,4.2005,0.09918301811055229
180,2020-09-29,732.71,732.62,740.58,715.12,410293,45.2707,4.4901,0.09918335700574545
181,2020-09-30,727.41,731.83,748.54,727.41,388607,46.2145,4.5837,0.09918315680143679
182,2020-10-09,783.52,800.53,805.54,772.03,884362,44.9021,4.4535,0.09918244358281685
183,2020-10-12,808.59,807.7,811.34,785.79,589414,45.7279,4.5354,0.0991823372601847
184,2020-10-13,798.56,807.31,813.01,776.06,446705,46.4504,4.6071,0.09918321478394157
185,2020-10-14,779.69,779.1,797.58,766.13,736584,45.2707,4.4901,0.09918335700574545
186,2020-10-15,790.21,760.23,790.7,731.83,638418,48.0283,4.7635,0.09918110780518985
187,2020-10-16,758.46,744.7,766.72,740.38,430357,46.9223,4.6539,0.09918311762211145
188,2020-10-19,746.28,697.33,749.32,687.7,1034738,49.4144,4.901,0.09918161507576738
189,2020-10-20,699.59,712.96,716.79,693.4,569713,50.137,4.9727,0.09918224066058998
190,2020-10-21,721.8,702.25,725.34,689.47,489452,49.9895,4.9581,0.09918282839396274
191,2020-10-22,698.91,687.51,698.91,673.06,508667,49.031,4.863,0.09918215006832413
192,2020-10-23,693.4,662.44,703.52,658.02,569290,48.1315,4.7738,0.09918244808493397
193,2020-10-26,654.88,687.41,696.94,642.1,732022,49.1637,4.8762,0.09918293374990084
194,2020-10-27,681.41,697.53,700.08,671.39,470794,48.7951,4.8396,0.09918209000493902
195,2020-10-28,684.36,705.59,713.35,684.36,534438,47.4532,4.7065,0.09918193082869016
196,2020-10-29,694.19,725.64,735.96,689.27,543869,48.3084,4.7913,0.09918150880592194
197,2020-10-30,733.4,743.23,751.29,717.38,632506,49.4292,4.9025,0.09918226473420569
198,2020-11-02,689.37,721.02,739.99,685.54,901187,48.3822,4.7987,0.09918317067020517
199,2020-11-03,724.65,693.8,728.78,684.56,717666,48.8835,4.8484,0.09918275082594331
200,2020-11-04,693.8,682.39,702.35,664.41,773005,48.3232,4.7928,0.09918217336600224
201,2020-11-05,704.02,723.57,725.74,702.05,849666,44.8283,4.4462,0.09918288224179815
202,2020-11-06,738.41,697.43,745.29,689.57,731941,43.9436,4.3584,0.0991816783331361
203,2020-11-09,698.61,705.69,725.74,682.69,733820,44.091,4.373,0.09918123880156948
204,2020-11-10,707.95,731.44,744.21,687.6,734478,41.2893,4.0952,0.0991830813309986
205,2020-11-11,723.67,713.84,752.17,713.84,637120,42.8376,4.2487,0.09918156012475023
206,2020-11-12,729.47,684.85,731.53,682.39,877083,44.0321,4.3672,0.09918218754045345
207,2020-11-13,685.05,650.55,686.23,626.08,1422071,43.7371,4.3379,0.09918124429831883
208,2020-11-16,651.83,653.6,663.23,626.37,651264,42.7491,4.24,0.09918337462075226
209,2020-11-17,654.09,637.09,657.73,630.31,510186,42.5869,4.2239,0.09918308212149747
210,2020-11-18,634.24,613.01,639.35,605.74,882509,41.9528,4.161,0.09918289124921338
211,2020-11-19,616.55,633.55,635.22,608.98,586946,42.292,4.1946,0.09918187836943157
212,2020-11-20,643.87,653.8,657.63,634.14,517150,42.3215,4.1975,0.0991812672046123
213,2020-11-23,660.67,661.76,668.64,642.98,568235,42.5132,4.2166,0.09918331247706594
214,2020-11-24,661.17,653.7,661.17,641.8,366998,42.1445,4.18,0.09918257423863136
215,2020-11-25,655.47,652.71,670.21,646.82,351772,42.6902,4.2341,0.09918201367058482
216,2020-11-26,648.98,659.5,660.77,636.2,381729,40.8616,4.0527,0.09918113828141824
217,2020-11-27,658.51,679.45,683.38,652.91,559505,40.7437,4.041,0.0991809776726218
218,2020-11-30,674.63,671.58,679.94,662.74,417150,40.6994,4.0367,0.09918328034319916
219,2020-12-01,674.04,683.57,689.18,670.21,439532,39.7852,3.946,0.09918261061902416
