,日期,开盘,收盘,最高,最低,成交量,pe,pb,roe
0,2020-01-03,41.8,41.56,41.8,41.52,388883,7.0632,0.9375,0.13273020727149168
1,2020-01-06,41.39,41.35,41.76,41.15,488497,6.9266,0.9193,0.1327202379233679
2,2020-01-07,41.39,41.76,41.85,41.39,389653,6.8704,0.9119,0.13272880763856545
3,2020-01-08,41.6,41.03,41.64,40.99,483149,6.7097,0.8905,0.13271830335186371
4,2020-01-09,41.39,41.31,41.52,41.15,298421,6.6454,0.882,0.13272338760646463
5,2020-01-10,41.31,41.31,41.44,41.11,210967,6.7097,0.8905,0.13271830335186371
6,2020-01-13,41.23,41.19,41.31,40.94,367315,6.7579,0.8969,0.13271874398851713
7,2020-01-14,41.23,41.23,41.52,41.15,361525,6.5891,0.8745,0.13271918774946503
8,2020-01-15,41.19,41.23,41.31,40.94,294787,6.6695,0.8852,0.1327235924731989
9,2020-01-16,41.19,40.74,41.27,40.58,322801,6.5891,0.8745,0.13271918774946503
10,2020-01-17,40.74,40.7,40.99,40.62,199140,6.4847,0.8607,0.13272780544975096
11,2020-01-20,40.78,40.9,41.11,40.74,259555,6.4766,0.8596,0.13272396010252294
12,2020-01-21,40.9,40.17,40.9,40.04,533960,6.4043,0.85,0.13272332651499774
13,2020-01-22,40.04,40.25,40.33,39.72,336906,6.5168,0.8649,0.13271851215320402
14,2020-01-23,39.96,39.31,40.13,39.18,483202,6.5811,0.8735,0.1327285712114996
15,2020-02-03,36.48,36.6,37.22,35.91,1047321,6.5007,0.8628,0.13272416816650515
16,2020-02-04,36.6,37.55,37.59,36.56,634411,6.5489,0.8692,0.1327245797004077
17,2020-02-05,37.55,37.46,37.83,37.22,458590,6.4204,0.8521,0.13271758768924055
18,2020-02-06,37.55,37.63,37.75,37.18,457627,6.332,0.8404,0.13272267845862287
19,2020-02-07,37.38,37.75,37.75,37.22,330897,6.1552,0.817,0.13273329867429165
20,2020-02-10,37.5,37.55,37.59,37.3,339745,6.1391,0.8148,0.1327230375787982
21,2020-02-11,37.55,37.67,37.91,37.38,415550,6.099,0.8095,0.13272667650434497
22,2020-02-12,37.59,37.63,37.67,37.34,378435,6.1472,0.8159,0.13272709526288393
23,2020-02-13,37.5,37.26,37.67,37.26,361730,6.2597,0.8308,0.13272201543204948
24,2020-02-14,37.26,37.42,37.55,37.22,284756,6.4606,0.8778,0.13586973346128842
25,2020-02-17,37.42,38.41,38.41,37.42,545254,6.5409,0.8887,0.13586815270069869
26,2020-02-18,38.24,38.04,38.49,37.91,378056,6.5329,0.8877,0.13588146152550937
27,2020-02-19,38.04,38.0,38.36,37.87,342203,6.79,0.9226,0.13587628865979381
28,2020-02-20,38.04,38.65,38.73,37.91,474999,6.7498,0.9171,0.13587069246496195
29,2020-02-21,38.49,38.73,39.02,38.36,429935,6.8061,0.9248,0.13587810934308928
30,2020-02-24,38.73,38.24,38.81,38.16,574925,6.6454,0.9029,0.13586842026063142
31,2020-02-25,37.71,37.87,38.16,37.5,470668,6.7338,0.9149,0.13586682111140813
32,2020-02-26,37.55,37.95,38.53,37.46,488523,6.7338,0.9149,0.13586682111140813
33,2020-02-27,37.83,38.2,38.28,37.83,339852,6.6132,0.8986,0.1358797556402347
34,2020-02-28,37.71,37.22,38.08,37.22,468963,6.5168,0.8855,0.1358795727964645
35,2020-03-02,37.3,37.83,37.91,37.3,390837,6.5007,0.8833,0.13587767471195408
36,2020-03-03,38.08,37.67,38.16,37.63,428312,6.5329,0.8877,0.13588146152550937
37,2020-03-04,37.55,37.75,37.87,37.46,320346,6.3481,0.8625,0.13586742489878864
38,2020-03-05,37.95,38.81,39.06,37.95,944402,6.34,0.8614,0.13586750788643534
39,2020-03-06,38.53,38.32,38.73,38.24,507972,6.3963,0.8691,0.13587542798180197
40,2020-03-09,37.83,37.34,37.87,37.34,582141,6.4606,0.8778,0.13586973346128842
41,2020-03-10,37.14,37.59,37.71,37.05,537304,6.4766,0.88,0.13587376092394157
42,2020-03-11,37.59,37.38,37.71,37.34,367565,6.5168,0.8855,0.1358795727964645
43,2020-03-12,37.18,37.09,37.5,37.01,397751,6.6534,0.904,0.1358703820603
44,2020-03-13,36.15,36.69,36.97,35.74,570287,6.7659,0.9193,0.13587253728254925
45,2020-03-16,36.69,35.74,36.77,35.74,493289,6.8784,0.9346,0.13587462200511746
46,2020-03-17,35.95,35.74,36.15,35.13,378790,6.9588,0.9455,0.13587112720584008
47,2020-03-18,35.91,34.92,36.03,34.88,402738,6.8302,0.928,0.13586717812069926
48,2020-03-19,34.8,34.43,35.01,34.02,506244,6.8623,0.9324,0.1358728123223992
49,2020-03-20,34.68,35.09,35.21,34.47,343717,6.9266,0.9411,0.13586752519273526
50,2020-03-23,34.31,34.35,34.68,34.23,263231,6.8864,0.9357,0.13587651022304834
51,2020-03-24,34.76,34.8,34.97,34.52,258859,6.7338,0.9149,0.13586682111140813
52,2020-03-25,35.46,35.42,35.7,35.05,324331,6.8463,0.9302,0.13586900953799863
53,2020-03-26,35.33,35.62,36.4,35.17,434231,6.8141,0.9259,0.13588001350141618
54,2020-03-27,35.95,35.7,36.07,35.62,276743,6.8784,0.9346,0.13587462200511746
55,2020-03-30,35.25,35.46,35.62,35.05,288511,6.79,0.9226,0.13587628865979381
56,2020-03-31,35.58,35.13,35.7,35.13,240427,6.7579,0.9182,0.13587061069267078
57,2020-04-01,35.21,35.21,35.58,35.09,214118,6.7739,0.9204,0.1358744593218087
58,2020-04-02,35.01,35.29,35.33,34.97,260998,6.7097,0.9117,0.1358779081031939
59,2020-04-03,35.25,35.21,35.5,35.13,203325,6.782,0.9215,0.13587437334119729
60,2020-04-07,35.54,35.54,35.7,35.37,294173,6.9025,0.9379,0.1358783049619703
61,2020-04-08,35.83,36.52,36.73,35.83,826599,7.1998,1.0098,0.14025389594155394
62,2020-04-09,36.56,36.4,36.69,36.4,234383,6.9105,0.9692,0.14025034367990738
63,2020-04-10,36.48,36.23,36.56,36.07,245061,6.9507,0.9749,0.1402592544635792
64,2020-04-13,36.07,36.15,36.23,35.83,186718,6.9347,0.9726,0.14025120048451986
65,2020-04-14,36.19,36.44,36.56,36.19,207902,6.9909,0.9805,0.14025375845742322
66,2020-04-15,36.44,36.11,36.48,36.07,162810,6.9507,0.9749,0.1402592544635792
67,2020-04-16,36.03,35.99,36.11,35.87,174844,6.9105,0.9692,0.14025034367990738
68,2020-04-17,36.07,35.99,36.23,35.91,305164,7.0954,0.9951,0.1402457930490177
69,2020-04-20,36.03,35.91,36.07,35.83,193691,7.0713,0.9918,0.14025709558355606
70,2020-04-21,35.95,35.83,36.07,35.74,172281,7.232,1.0143,0.1402516592920354
71,2020-04-22,35.83,35.62,35.83,35.58,188907,6.9105,0.9692,0.14025034367990738
72,2020-04-23,35.66,35.58,35.74,35.5,134710,6.6373,0.9309,0.14025281364410228
73,2020-04-24,35.66,35.58,35.83,35.46,141285,6.6534,0.9332,0.14025911564012383
74,2020-04-27,35.62,36.15,36.32,35.58,310119,6.5168,0.914,0.14025288485146084
75,2020-04-28,36.11,36.19,36.4,35.7,324731,6.4686,0.9072,0.14024673035896484
76,2020-04-29,36.32,36.85,36.93,36.19,453909,6.3963,0.8971,0.1402529587417726
77,2020-04-30,36.93,36.93,37.55,36.85,494488,6.4123,0.8993,0.14024608954665252
78,2020-05-06,36.56,36.85,36.97,36.44,420117,6.3641,0.8926,0.14025549567102968
79,2020-05-07,37.14,36.93,37.26,36.89,397022,6.4927,0.9106,0.1402498190275232
80,2020-05-08,37.18,37.22,37.34,36.93,305735,6.2998,0.8836,0.14025842090225088
81,2020-05-11,37.22,36.93,37.34,36.81,397806,6.2356,0.8745,0.1402431201488229
82,2020-05-12,36.93,36.81,37.09,36.64,295498,6.2838,0.8813,0.14024953053884592
83,2020-05-13,36.81,36.93,37.05,36.6,318369,6.3561,0.8915,0.14025896383002157
84,2020-05-14,36.93,36.73,36.97,36.69,234644,6.2838,0.8813,0.14024953053884592
85,2020-05-15,36.89,36.69,37.01,36.6,248325,6.1874,0.8678,0.14025277176196788
86,2020-05-18,36.73,36.77,36.89,36.69,247626,6.2356,0.8745,0.1402431201488229
87,2020-05-19,36.97,36.85,37.09,36.81,210740,6.3159,0.8858,0.14024921230545132
88,2020-05-20,36.85,37.22,37.34,36.69,366909,6.4525,0.905,0.14025571483920962
89,2020-05-21,37.26,36.93,37.3,36.93,223356,6.4365,0.9027,0.14024702866464694
90,2020-05-22,36.97,36.52,36.97,36.4,347237,6.5007,0.9117,0.14024643499930775
91,2020-05-25,36.6,36.64,36.73,36.36,197728,6.3079,0.8847,0.14025269899649645
92,2020-05-26,36.81,36.81,36.93,36.64,231188,6.34,0.8892,0.14025236593059937
93,2020-05-27,36.93,37.3,37.71,36.81,429617,6.324,0.8869,0.14024351676154334
94,2020-05-28,37.42,37.87,37.91,37.3,447884,6.4766,0.9084,0.14025877775375967
95,2020-05-29,37.83,37.79,37.83,37.5,268481,6.5409,0.9174,0.1402559280832913
96,2020-06-01,37.83,37.87,38.0,37.67,326697,6.5088,0.9129,0.14025626843657818
97,2020-06-02,37.91,38.16,38.24,37.75,272143,6.7498,0.9467,0.14025600758540996
98,2020-06-03,38.32,38.04,38.86,38.04,397679,6.79,0.9523,0.14025036818851253
99,2020-06-04,38.16,37.87,38.28,37.79,199267,6.7177,0.9422,0.14025633773464133
100,2020-06-05,37.83,37.75,37.95,37.59,142934,6.9347,0.9726,0.14025120048451986
101,2020-06-08,37.79,37.75,38.0,37.67,183204,6.3079,0.8847,0.14025269899649645
102,2020-06-09,37.91,37.67,37.91,37.55,197559,6.1472,0.8622,0.1402589796980739
103,2020-06-10,37.67,37.14,37.71,37.14,324721,5.9784,0.8385,0.14025491770373344
104,2020-06-11,37.18,36.85,37.18,36.73,371321,5.89,0.8261,0.14025466893039049
105,2020-06-12,36.77,37.09,37.18,36.69,297257,5.89,0.8261,0.14025466893039049
106,2020-06-15,37.09,36.97,37.22,36.85,251965,5.9543,0.8351,0.14025158288967637
107,2020-06-16,37.14,36.85,37.18,36.64,346739,5.9061,0.8283,0.14024483161477116
108,2020-06-17,36.93,36.97,37.01,36.81,275193,5.9061,0.8283,0.14024483161477116
109,2020-06-18,36.81,37.14,37.18,36.73,544840,5.9624,0.8362,0.1402455387092446
110,2020-06-19,37.14,37.43,37.47,37.06,571749,6.2195,0.8354,0.1343194790578021
111,2020-06-22,37.35,37.14,37.39,37.1,535136,6.1874,0.8311,0.1343213627694993
112,2020-06-23,37.14,37.14,37.27,37.02,247321,6.1632,0.8278,0.13431334371754933
113,2020-06-24,37.27,37.39,37.55,37.14,250917,6.1874,0.8311,0.1343213627694993
114,2020-06-29,37.51,37.06,37.72,36.98,357819,6.2115,0.8343,0.13431538275778798
115,2020-06-30,37.18,37.06,37.27,36.94,265163,6.1632,0.8278,0.13431334371754933
116,2020-07-01,37.1,37.51,37.64,36.98,418637,6.2195,0.8354,0.1343194790578021
117,2020-07-02,37.51,38.37,38.54,37.39,646394,6.324,0.8494,0.1343137254901961
118,2020-07-03,38.82,39.19,39.48,38.58,850292,6.34,0.8516,0.1343217665615142
119,2020-07-06,39.64,42.39,42.43,39.52,1966256,6.34,0.8516,0.1343217665615142
120,2020-07-07,43.37,41.28,43.78,41.08,1692241,6.3641,0.8548,0.13431592841093007
121,2020-07-08,41.28,41.65,42.02,40.91,1001147,6.3963,0.8591,0.13431202413895532
122,2020-07-09,41.94,41.44,41.94,40.95,915331,6.4204,0.8624,0.13432184910597472
123,2020-07-10,41.2,40.22,41.4,40.17,869933,6.3641,0.8548,0.13431592841093007
124,2020-07-13,39.97,40.38,40.71,39.89,906146,6.3481,0.8527,0.13432365589704007
125,2020-07-14,40.34,40.05,40.54,39.81,572991,6.3641,0.8548,0.13431592841093007
126,2020-07-15,40.17,39.27,40.3,39.19,669963,6.2516,0.8397,0.13431761469063921
127,2020-07-16,39.4,39.36,40.34,39.19,789673,6.1552,0.8268,0.13432544840135172
128,2020-07-17,39.6,39.19,39.76,38.95,516126,6.1231,0.8224,0.1343110515915141
129,2020-07-20,39.23,40.17,40.26,39.15,691664,6.099,0.8192,0.13431710116412526
130,2020-07-21,40.13,39.85,40.13,39.72,437673,6.1793,0.83,0.13431942129367405
131,2020-07-22,39.81,39.93,40.3,39.56,472696,6.2356,0.8375,0.13430944897042787
132,2020-07-23,39.72,39.23,39.81,38.99,591508,6.1632,0.8278,0.13431334371754933
133,2020-07-24,39.27,38.82,39.4,38.66,706976,6.1472,0.8257,0.13432131702238417
134,2020-07-27,38.82,38.58,39.03,38.33,358748,6.1311,0.8235,0.13431521260458973
135,2020-07-28,38.78,39.07,39.11,38.66,324330,6.1391,0.8246,0.1343193627730449
136,2020-07-29,39.15,39.44,39.56,38.78,340601,6.1793,0.83,0.13431942129367405
137,2020-07-30,39.48,39.07,39.52,38.99,297865,6.1552,0.8268,0.13432544840135172
138,2020-07-31,39.03,38.82,39.36,38.74,346380,6.1793,0.83,0.13431942129367405
139,2020-08-03,39.07,39.15,39.23,38.9,371123,6.2356,0.8375,0.13430944897042787
140,2020-08-04,39.31,40.13,40.38,38.99,862929,6.1793,0.83,0.13431942129367405
141,2020-08-05,39.93,39.48,39.97,39.36,491443,6.1632,0.8278,0.13431334371754933
142,2020-08-06,39.4,39.72,39.97,39.36,516457,6.1793,0.83,0.13431942129367405
143,2020-08-07,39.48,39.64,39.93,39.36,476209,6.9317,0.8906,0.12848219051603502
144,2020-08-10,39.56,40.01,40.09,39.4,641632,6.7871,0.872,0.12847902638829545
145,2020-08-11,39.97,40.26,40.99,39.89,1221915,6.778,0.8708,0.12847447624668046
146,2020-08-12,40.38,40.95,40.99,40.22,1034473,5.638,0.8367,0.14840368925150763
147,2020-08-13,40.87,40.87,41.57,40.62,1043970,5.638,0.8367,0.14840368925150763
148,2020-08-14,40.95,42.26,42.39,40.79,1417367,5.6457,0.8378,0.14839612448412065
149,2020-08-17,42.26,43.9,45.05,42.06,2202497,5.684,0.8435,0.14839901477832512
150,2020-08-18,43.78,43.08,43.98,42.59,992465,5.6993,0.8458,0.14840418998824417
151,2020-08-19,43.08,43.2,44.43,42.88,1012407,5.7146,0.8481,0.14840933748643825
152,2020-08-20,43.0,42.26,43.57,42.18,958545,5.7146,0.8481,0.14840933748643825
153,2020-08-21,42.75,42.47,43.25,42.14,750959,5.7376,0.8515,0.14840699944227553
154,2020-08-24,42.67,42.67,43.33,42.39,654066,5.7989,0.8606,0.14840745658659402
155,2020-08-25,42.75,42.39,43.12,42.26,502825,5.7452,0.8526,0.1484021443988025
156,2020-08-26,42.26,42.47,42.59,42.18,488413,5.7606,0.8549,0.14840468006804847
157,2020-08-27,42.47,42.26,42.55,42.14,317223,5.7912,0.8594,0.14839756872496201
158,2020-08-28,42.26,43.74,43.82,42.06,691827,5.8142,0.8628,0.14839530803893916
159,2020-08-31,43.29,42.22,43.41,42.14,1451600,5.6303,0.8356,0.14841127471005097
160,2020-09-01,42.02,41.61,42.06,41.36,822509,5.5691,0.8265,0.14840818085507534
161,2020-09-02,41.61,41.24,41.61,41.03,723999,5.5844,0.8287,0.14839553040613138
162,2020-09-03,41.24,41.57,41.81,41.08,610037,5.5691,0.8265,0.14840818085507534
163,2020-09-04,41.16,41.48,41.65,41.03,385018,5.5537,0.8242,0.14840556745953148
164,2020-09-07,41.53,41.65,41.98,41.24,531068,5.615,0.8333,0.14840605520926092
165,2020-09-08,41.89,42.1,42.3,41.44,394813,5.661,0.8401,0.1484013425189896
166,2020-09-09,41.69,41.77,42.26,41.61,306679,5.6457,0.8378,0.14839612448412065
167,2020-09-10,41.98,41.94,42.14,41.73,382890,5.6074,0.8321,0.1483931947069943
168,2020-09-11,41.94,41.36,41.98,41.2,372359,5.4925,0.8151,0.14840236686390534
169,2020-09-14,41.32,42.14,42.22,41.28,392852,5.4082,0.8026,0.14840427498983025
170,2020-09-15,42.06,42.34,42.88,41.85,472232,5.5461,0.8231,0.14841059483240476
171,2020-09-16,42.39,42.02,42.59,41.94,220092,5.4235,0.8049,0.14840969853415692
172,2020-09-17,42.02,41.85,42.43,41.57,215462,5.5154,0.8185,0.1484026543859013
173,2020-09-18,41.85,42.51,42.59,41.65,349181,5.6686,0.8412,0.14839642945348058
174,2020-09-21,42.51,42.1,42.59,41.94,240986,5.6686,0.8412,0.14839642945348058
175,2020-09-22,41.85,41.53,42.26,41.44,253063,5.8448,0.8674,0.14840542020257322
176,2020-09-23,41.69,40.95,41.69,40.75,475570,5.9214,0.8788,0.14841084878576014
177,2020-09-24,40.71,40.26,40.83,40.13,316452,5.9751,0.8867,0.14839918997171594
178,2020-09-25,40.3,40.05,40.38,39.93,192612,6.0134,0.8924,0.14840190241793327
179,2020-09-28,40.09,39.97,40.3,39.89,175625,5.9674,0.8856,0.14840634112008583
180,2020-09-29,40.13,39.64,40.13,39.36,343329,6.1512,0.9129,0.14841006632852127
181,2020-09-30,39.48,39.36,39.81,39.27,282163,6.2432,0.9265,0.1484014607893388
182,2020-10-09,39.56,39.4,39.64,39.23,326827,6.044,0.8969,0.14839510258107216
183,2020-10-12,39.48,40.34,40.58,39.44,429306,6.0287,0.8947,0.14840678753296732
184,2020-10-13,40.22,40.17,40.26,39.93,236921,6.0593,0.8992,0.14839998019573217
185,2020-10-14,40.3,40.26,40.5,40.17,250186,5.9444,0.8822,0.14840858623242043
186,2020-10-15,40.38,40.75,41.08,40.3,355012,6.1283,0.9095,0.14840983633307767
187,2020-10-16,40.79,41.36,41.81,40.58,522588,6.0823,0.9026,0.14839781003896552
188,2020-10-19,41.65,41.36,42.55,41.36,581199,6.067,0.9004,0.14840942805340365
189,2020-10-20,41.32,40.91,41.53,40.79,278896,6.1359,0.9106,0.14840528691797453
190,2020-10-21,40.95,41.73,41.81,40.67,421359,6.2278,0.9242,0.1483991136516908
191,2020-10-22,41.77,41.44,42.18,41.16,299573,6.2125,0.922,0.14841046277665995
192,2020-10-23,41.4,41.65,42.06,41.12,420429,6.09,0.9038,0.14840722495894912
193,2020-10-26,41.69,40.34,41.81,40.26,485897,6.0976,0.9049,0.14840265022303858
194,2020-10-27,40.22,40.38,40.5,40.13,168559,6.1666,0.9151,0.1483961988778257
195,2020-10-28,40.22,39.97,40.38,39.72,289327,5.9827,0.8879,0.14841125244454845
196,2020-10-29,38.66,38.95,39.19,38.45,800670,5.9521,0.8833,0.14840140454629458
197,2020-10-30,39.03,38.37,39.03,38.25,587082,6.021,0.8935,0.1483972761999668
198,2020-11-02,38.45,38.13,38.58,37.96,345317,6.0287,0.8947,0.14840678753296732
199,2020-11-03,38.13,38.33,38.66,38.13,350357,6.0057,0.8913,0.14840901143913282
200,2020-11-04,38.54,38.41,38.7,38.17,329599,6.044,0.8969,0.14839510258107216
201,2020-11-05,38.95,39.31,39.31,38.7,530467,6.021,0.8935,0.1483972761999668
202,2020-11-06,39.15,39.76,39.85,38.9,459082,5.9904,0.889,0.14840411324786323
203,2020-11-09,39.85,40.42,40.58,39.76,524795,6.0057,0.8913,0.14840901143913282
204,2020-11-10,40.58,40.17,41.16,39.93,718265,5.8295,0.8651,0.14840037739085685
205,2020-11-11,40.17,40.58,40.87,40.01,377628,6.3351,0.9401,0.1483954475856735
206,2020-11-12,40.38,40.26,40.67,40.09,237541,6.5113,0.9663,0.1484035446070677
207,2020-11-13,40.13,39.68,40.13,39.03,407746,6.496,0.964,0.1483990147783251
208,2020-11-16,39.64,40.05,40.34,39.6,249208,6.6338,0.9845,0.1484066447586602
209,2020-11-17,40.13,40.09,40.34,39.93,275995,6.5955,0.9788,0.1484042149950724
210,2020-11-18,40.05,40.62,40.99,40.01,511042,6.6032,0.9799,0.14839774654712867
211,2020-11-19,40.62,41.03,41.16,40.34,432602,6.6951,0.9936,0.1484070439575212
212,2020-11-20,40.83,40.62,40.95,40.5,240046,6.6951,0.9936,0.1484070439575212
213,2020-11-23,40.46,41.48,41.77,40.34,572655,6.6875,0.9924,0.14839626168224299
214,2020-11-24,41.57,41.24,41.57,41.12,222743,6.7104,0.9958,0.148396518836433
215,2020-11-25,41.44,40.91,41.89,40.79,423922,6.7104,0.9958,0.148396518836433
216,2020-11-26,40.83,41.24,41.32,40.79,246028,6.6568,0.9879,0.148404638865521
217,2020-11-27,41.28,42.06,42.06,41.2,627883,6.7947,1.0084,0.1484097899833694
218,2020-11-30,42.59,42.34,43.98,42.34,1617177,6.7181,0.997,0.14840505500066983
219,2020-12-01,42.43,43.04,43.25,41.85,837184,6.7564,1.0027,0.14840743591261618
