,日期,开盘,收盘,最高,最低,成交量,pe,pb,roe
0,2020-01-03,31.36,31.43,32.12,30.92,590290,62.1113,6.6008,0.10627373762906266
1,2020-01-06,30.66,31.27,32.09,30.49,584556,60.7493,6.456,0.10627282948116276
2,2020-01-07,31.34,32.22,32.86,31.06,674270,61.2635,6.5107,0.10627371926187697
3,2020-01-08,31.56,30.94,31.92,30.69,676398,59.1788,6.2891,0.10627285446815414
4,2020-01-09,31.74,31.36,32.19,31.09,515769,58.6923,6.2374,0.10627288417731116
5,2020-01-10,32.16,31.67,32.58,31.42,509948,60.3184,6.4102,0.10627271280405316
6,2020-01-13,31.66,32.23,32.23,30.46,605939,61.5554,6.5417,0.10627337325401183
7,2020-01-14,32.28,31.44,32.35,31.37,432720,60.6242,6.4427,0.10627274256814935
8,2020-01-15,31.43,31.04,31.55,30.86,314524,60.2767,6.4058,0.10627323659058974
9,2020-01-16,31.24,31.06,31.43,30.91,279815,59.8876,6.3644,0.10627241699450303
10,2020-01-17,31.27,31.6,32.36,31.27,508281,59.2483,6.2965,0.10627309137983705
11,2020-01-20,31.25,32.06,32.17,31.01,418206,59.9571,6.3718,0.10627265161256967
12,2020-01-21,31.92,32.11,33.31,31.68,603339,59.8042,6.3556,0.10627347243170211
13,2020-01-22,32.17,35.29,35.29,31.72,1058731,59.971,6.3733,0.10627303196544997
14,2020-01-23,34.26,34.26,35.8,33.16,936519,60.2767,6.4058,0.10627323659058974
15,2020-02-03,30.87,30.87,30.87,30.87,56352,62.2503,6.6155,0.10627258021246483
16,2020-02-04,27.92,31.51,32.26,27.92,1118260,63.2648,6.7233,0.10627236630796272
17,2020-02-05,31.16,31.42,32.74,30.86,854380,59.9571,6.3718,0.10627265161256967
18,2020-02-06,31.42,33.27,34.02,31.06,1073949,60.5547,6.4353,0.10627251063914114
19,2020-02-07,32.81,33.27,34.23,32.46,936108,59.4984,6.3231,0.10627344600863217
20,2020-02-10,32.56,33.36,34.02,32.48,655223,59.6235,6.3364,0.10627353308678625
21,2020-02-11,33.76,33.13,34.84,33.1,727430,57.6638,6.1281,0.10627291298873816
22,2020-02-12,32.99,33.56,34.02,32.54,644208,59.4706,6.3201,0.10627267927345613
23,2020-02-13,33.74,32.55,33.81,32.46,609187,61.1523,6.4988,0.10627237242098826
24,2020-02-14,32.26,32.8,33.54,32.09,647385,60.9299,6.4752,0.10627294645157796
25,2020-02-17,34.02,34.15,34.48,33.23,956273,61.0272,6.4855,0.10627228514498453
26,2020-02-18,34.06,33.81,34.31,33.39,563422,59.7208,6.3467,0.10627285635825374
27,2020-02-19,33.49,33.15,34.46,33.13,700088,63.0981,7.0667,0.11199544835739902
28,2020-02-20,33.24,35.83,36.36,32.62,1218422,65.7387,7.3624,0.11199491319420678
29,2020-02-21,35.35,35.33,37.13,34.7,1019533,65.4469,7.3297,0.11199460937034451
30,2020-02-24,35.14,35.5,36.33,34.59,696512,66.4336,7.4402,0.11199453288697286
31,2020-02-25,34.51,35.16,35.73,33.57,746152,68.2543,7.6441,0.11199440914345322
32,2020-02-26,34.36,35.01,36.52,34.36,840481,69.4079,7.7733,0.1119944559625057
33,2020-02-27,35.36,35.48,36.36,35.02,629787,69.3662,7.7686,0.11199402590887203
34,2020-02-28,34.16,32.57,35.13,31.97,754854,69.394,7.7718,0.11199527336657347
35,2020-03-02,33.37,33.6,34.28,32.52,554648,70.8116,7.9305,0.11199436250557819
36,2020-03-03,34.31,33.88,34.71,33.39,557122,71.9652,8.0597,0.11199440840850855
37,2020-03-04,33.56,35.71,35.71,33.56,811681,69.4913,7.7827,0.11199531452138614
38,2020-03-05,36.94,39.25,39.25,36.01,1457166,69.2411,7.7546,0.11199417686894055
39,2020-03-06,38.36,36.46,38.86,36.46,1126683,69.5608,7.7904,0.11199411162608826
40,2020-03-09,35.66,36.32,37.76,34.96,901681,69.6858,7.8044,0.11199412218845159
41,2020-03-10,36.26,37.68,38.63,35.71,906670,70.0194,7.8418,0.111994675761289
42,2020-03-11,37.7,36.21,37.85,36.18,583446,69.4635,7.7795,0.11199406882751373
43,2020-03-12,35.86,35.88,36.62,35.32,420760,70.2696,7.8698,0.11199437594635518
44,2020-03-13,33.36,35.31,36.3,33.36,583154,71.4787,8.0052,0.11199420246870746
45,2020-03-16,35.36,32.39,35.61,32.02,555058,72.2709,8.094,0.11199528440907751
46,2020-03-17,33.36,31.9,33.74,30.56,502187,72.5906,8.1298,0.11199521701156899
47,2020-03-18,32.12,30.48,32.73,30.44,464898,69.4218,7.7749,0.11199507935547622
48,2020-03-19,30.86,31.14,31.86,30.13,479939,71.2146,7.9757,0.11199529310001038
49,2020-03-20,31.51,31.56,31.61,30.72,307787,71.4787,8.0052,0.11199420246870746
50,2020-03-23,30.41,29.46,31.06,29.17,319947,71.2285,7.9772,0.1119944965849344
51,2020-03-24,30.31,30.48,30.56,29.46,366347,70.9228,7.943,0.11199501429723586
52,2020-03-25,31.36,31.76,32.21,31.36,441253,70.5614,7.9025,0.11199465996989855
53,2020-03-26,31.37,31.17,31.78,31.04,261985,70.0889,7.8496,0.11199490932230353
54,2020-03-27,31.58,31.52,32.35,31.34,338885,70.5753,7.9041,0.11199527313380177
55,2020-03-30,30.86,31.46,31.72,30.4,271665,67.3787,7.5461,0.11199533383695441
56,2020-03-31,31.96,31.39,32.02,31.38,228322,70.9923,7.9508,0.11199524455469115
57,2020-04-01,31.25,30.9,31.79,30.69,235923,72.2987,8.0971,0.11199509811379733
58,2020-04-02,30.52,31.58,31.58,30.49,246573,72.7018,8.1422,0.11199447606524185
59,2020-04-03,31.36,30.86,31.51,30.78,204884,72.9241,8.1671,0.1119945258151969
60,2020-04-07,31.56,31.66,32.0,31.26,361014,72.6462,8.136,0.11199484625486261
61,2020-04-08,31.33,31.41,31.72,31.26,192483,74.3001,8.3212,0.11199446568712558
62,2020-04-09,31.67,31.87,32.69,31.67,358801,71.715,8.0317,0.11199470124799554
63,2020-04-10,32.08,31.26,32.11,31.08,233776,70.4085,7.8854,0.11199500060362029
64,2020-04-13,30.89,30.53,31.21,30.36,195191,72.3543,8.4987,0.11745950137034011
65,2020-04-14,30.76,33.21,33.55,30.62,722090,74.4807,8.7484,0.11745861679602904
66,2020-04-15,32.37,33.62,35.34,32.17,881658,74.8977,8.7974,0.11745888057977748
67,2020-04-16,33.28,36.56,36.81,33.27,1088491,73.8831,8.6782,0.11745852569802838
68,2020-04-17,36.4,35.3,36.65,35.16,870448,77.6217,9.1174,0.11745942178540279
69,2020-04-20,35.31,35.64,36.2,35.17,544466,77.2187,9.07,0.11745859487403959
70,2020-04-21,35.09,34.76,35.5,34.42,496268,78.0804,9.1712,0.11745841465976098
71,2020-04-22,34.58,34.94,35.1,34.2,425901,75.537,8.8725,0.11745899360578259
72,2020-04-23,34.53,34.07,34.83,34.07,386047,76.5238,8.9884,0.11745888207328962
73,2020-04-24,33.87,33.21,34.33,32.84,419288,78.4556,9.2153,0.11745879197915762
74,2020-04-27,33.66,33.85,34.92,33.63,536024,76.5516,8.9917,0.11745933461874083
75,2020-04-28,34.92,34.64,35.3,33.86,628740,82.3749,9.6757,0.1174593231676154
76,2020-04-29,34.24,34.34,34.85,34.04,305791,75.9817,8.9247,0.11745854593935118
77,2020-04-30,34.77,35.35,35.44,34.56,518900,73.3133,8.6113,0.11745890581927154
78,2020-05-06,34.36,35.4,35.43,34.34,432645,67.1147,7.8832,0.11745861934866729
79,2020-05-07,35.31,35.1,36.19,35.01,480689,67.2397,7.8979,0.11745888217823697
80,2020-05-08,35.7,35.58,36.34,35.07,565750,68.1014,7.9991,0.11745867192157577
81,2020-05-11,35.59,35.2,35.92,34.94,341471,67.5872,7.9387,0.11745863122011269
82,2020-05-12,35.46,35.87,36.31,35.46,438867,67.4621,7.924,0.1174585433895476
83,2020-05-13,35.26,35.54,35.86,35.05,293244,69.2828,8.1379,0.11745916735466813
84,2020-05-14,35.23,34.87,35.41,34.86,242587,64.2099,7.542,0.11745852275116453
85,2020-05-15,35.19,34.73,35.35,34.7,241342,64.2933,7.5518,0.11745858433149332
86,2020-05-18,34.54,34.35,35.0,33.98,262994,63.6957,7.4816,0.11745847835882171
87,2020-05-19,34.94,34.67,35.02,34.38,234421,66.3642,7.7951,0.1174594133584071
88,2020-05-20,34.65,34.65,35.14,34.28,222086,66.9479,7.8636,0.11745850131221441
89,2020-05-21,34.67,33.89,34.88,33.87,211550,66.6004,7.8228,0.11745875400147748
90,2020-05-22,33.69,32.24,33.95,32.18,353350,68.5462,8.0514,0.11745946529493975
91,2020-05-25,32.07,32.03,32.48,31.86,165499,65.5998,7.7053,0.1174591995707304
92,2020-05-26,32.31,32.66,32.82,32.22,196944,64.6408,7.5926,0.1174583235355998
93,2020-05-27,32.56,32.15,32.76,32.07,153463,71.4648,8.3942,0.11745922468124168
94,2020-05-28,32.19,32.72,33.41,32.19,292686,71.2841,8.373,0.11745957373383405
95,2020-05-29,32.43,32.34,32.67,32.16,149541,71.298,8.3746,0.1174591152627002
96,2020-06-01,33.35,34.34,34.71,33.16,480409,70.1862,8.244,0.11745898766424169
97,2020-06-02,34.35,33.97,34.65,33.87,273835,74.0777,8.7011,0.11745910037703657
98,2020-06-03,34.25,33.64,34.81,33.56,311125,74.8004,8.786,0.11745926492371699
99,2020-06-04,34.0,33.39,34.06,33.28,187202,69.7136,8.1885,0.11745914713915218
100,2020-06-05,33.63,34.4,34.76,33.37,371099,72.8268,7.0516,0.09682699226109069
101,2020-06-08,34.45,34.09,34.47,34.01,207304,66.2947,6.4191,0.09682674482273847
102,2020-06-09,34.16,34.3,34.76,34.04,267241,60.2628,5.835,0.09682590254684482
103,2020-06-10,34.11,33.95,34.24,33.87,169572,54.7869,5.3048,0.09682606608514079
104,2020-06-11,33.98,33.77,34.69,33.69,275979,54.7313,5.2995,0.09682759225525431
105,2020-06-12,32.95,33.4,33.81,32.76,239483,52.3964,5.927,0.113118458520051
106,2020-06-15,33.75,33.37,34.63,33.36,326224,52.7439,5.9663,0.11311829424824484
107,2020-06-16,33.92,33.92,34.1,33.54,198254,53.3276,6.0324,0.11311966036348908
108,2020-06-17,33.92,33.76,34.01,33.52,166384,52.4381,5.9318,0.11312004058118048
109,2020-06-18,33.83,34.06,34.56,33.55,255789,51.5208,5.828,0.11311936150059781
110,2020-06-19,34.04,37.43,37.43,33.94,1139407,46.8371,5.2982,0.11311972773719978
111,2020-06-22,37.43,38.09,40.36,37.25,1186367,46.4202,5.251,0.11311885773865689
112,2020-06-23,38.05,38.73,38.92,37.49,702487,46.6425,5.2762,0.11312000857586965
113,2020-06-24,39.24,38.31,39.35,37.73,473543,45.8781,5.1897,0.11311933144572246
114,2020-06-29,38.06,38.06,38.72,37.36,592332,45.9198,5.1944,0.11311895957735006
115,2020-06-30,38.29,39.98,41.22,37.88,600742,46.4341,5.2526,0.11311945316050058
116,2020-07-01,39.97,40.02,40.65,39.32,520107,46.6842,5.2809,0.1131196421915766
117,2020-07-02,39.99,43.96,43.96,39.8,825566,47.1707,5.3359,0.11311894883900388
118,2020-07-03,48.1,48.3,48.3,45.35,1145152,46.8788,5.3029,0.11311936312362945
119,2020-07-06,49.44,53.0,53.07,48.78,1070291,47.3097,5.3516,0.11311845139580257
120,2020-07-07,53.01,50.76,53.24,49.1,1195816,45.9059,5.1928,0.11311835733533163
121,2020-07-08,49.61,54.42,55.78,49.59,992385,46.2534,5.2321,0.11311817077231079
122,2020-07-09,53.28,53.9,56.5,51.83,824360,46.712,5.284,0.1131186847062853
123,2020-07-10,52.24,51.1,53.25,50.84,680461,47.2263,5.3422,0.11311917300317831
124,2020-07-13,50.8,51.9,53.37,50.01,656017,44.4466,5.0278,0.11312001367933656
125,2020-07-14,51.16,51.89,52.93,50.54,546304,44.9747,5.0875,0.11311915365750079
126,2020-07-15,52.1,52.02,53.59,51.05,663290,44.1825,4.9979,0.11311944774514797
127,2020-07-16,51.1,47.11,52.91,46.88,641739,44.8914,5.0781,0.11311966211791123
128,2020-07-17,47.91,47.8,49.79,46.2,560493,44.0158,4.979,0.11311847109447062
129,2020-07-20,50.0,49.92,52.1,49.31,575339,44.3076,5.012,0.11311829121866225
130,2020-07-21,49.24,48.52,49.9,48.28,409592,46.6008,5.2715,0.11312037561586925
131,2020-07-22,48.6,48.77,50.28,48.29,520498,47.6571,5.3909,0.11311850700105547
132,2020-07-23,47.61,48.35,48.87,47.1,366861,47.6849,5.3941,0.11311966681276463
133,2020-07-24,49.09,46.43,49.25,45.35,554848,47.2402,5.3438,0.11311975817206531
134,2020-07-27,46.42,46.86,47.28,45.52,342596,47.7683,5.4035,0.1131189512710312
135,2020-07-28,47.37,46.8,47.46,46.38,230884,47.9629,5.4255,0.11311868131409904
136,2020-07-29,47.34,50.45,50.6,47.11,734835,48.8941,5.5309,0.11311998789219967
137,2020-07-30,50.08,49.14,50.08,48.88,498418,49.3527,5.5827,0.1131184312104505
138,2020-07-31,48.83,49.23,50.38,48.34,510606,48.4215,5.4774,0.11311917226851709
139,2020-08-03,49.46,49.6,49.86,48.36,505434,48.9496,5.5371,0.11311839116152124
140,2020-08-04,49.5,48.98,49.64,48.63,412229,48.2825,5.4617,0.11311966033241859
141,2020-08-05,48.67,48.89,49.52,48.02,319752,48.6995,5.5088,0.11311820449901949
142,2020-08-06,49.14,53.35,53.72,48.2,889441,48.63,5.501,0.1131194735759819
143,2020-08-07,50.65,55.27,58.6,50.29,1224547,47.2263,5.3422,0.11311917300317831
144,2020-08-10,53.54,59.87,60.74,53.15,1397632,47.6432,5.3894,0.11312002552305471
145,2020-08-11,58.6,55.68,60.43,55.29,1212014,46.5452,5.2652,0.11312014987581963
146,2020-08-12,54.65,57.05,58.39,53.2,907598,45.6558,5.3901,0.1180594798470293
147,2020-08-13,56.6,55.66,58.34,55.58,664640,46.851,5.5312,0.11805937973575804
148,2020-08-14,54.15,54.95,55.8,54.15,465009,48.0602,5.6739,0.11805818535919534
149,2020-08-17,56.17,56.78,58.98,56.17,788131,47.81,5.6444,0.11805898347626019
150,2020-08-18,56.24,56.16,57.88,55.62,525267,49.033,5.7888,0.11805926620847185
151,2020-08-19,56.16,56.45,58.07,55.67,560536,48.5605,5.733,0.11805891619732087
152,2020-08-20,55.61,53.76,55.7,53.7,475874,50.3117,5.9397,0.11805802626426855
153,2020-08-21,54.13,54.49,55.28,53.9,306860,46.2256,5.4573,0.11805795922605655
154,2020-08-24,55.03,54.19,55.18,53.85,249166,45.6558,5.3901,0.1180594798470293
155,2020-08-25,53.96,52.66,54.99,52.58,435065,41.931,4.9503,0.11805823853473565
156,2020-08-26,52.67,51.26,53.12,51.1,437565,42.9456,5.0701,0.11805866025855967
157,2020-08-27,51.68,52.2,52.79,50.8,307478,43.7934,5.1702,0.1180588855854992
158,2020-08-28,52.03,54.06,54.29,51.4,458004,43.1541,5.0947,0.11805830732189988
159,2020-08-31,53.9,52.87,55.08,52.82,452638,43.5015,5.1357,0.11805799800006896
160,2020-09-01,52.35,53.07,53.32,52.2,227964,42.3897,5.0045,0.11805933988681214
161,2020-09-02,53.5,52.91,53.62,52.29,272945,43.3903,5.1226,0.11805864444357379
162,2020-09-03,52.63,52.62,53.65,52.45,245870,42.4453,5.011,0.11805782972437466
163,2020-09-04,51.3,51.68,52.3,51.3,208177,43.1263,5.0914,0.11805789042881026
164,2020-09-07,51.54,49.08,51.54,48.8,348136,43.2236,5.1029,0.1180581904330042
165,2020-09-08,49.57,51.38,52.36,48.61,417759,43.307,5.1128,0.11805943611887224
166,2020-09-09,49.72,51.03,52.52,49.72,390329,76.3039,4.1636,0.0545660182507054
167,2020-09-10,51.57,51.37,52.98,50.9,419933,77.7651,4.2433,0.0545656084798965
168,2020-09-11,50.7,51.63,52.0,50.7,264645,74.595,4.0704,0.05456665996380455
169,2020-09-14,51.63,51.85,52.07,50.91,264236,72.0689,3.9325,0.05456583907899246
170,2020-09-15,51.8,52.03,52.24,51.15,264804,77.2697,4.2163,0.05456602005702106
171,2020-09-16,51.72,51.84,53.1,51.56,330715,76.2296,4.1596,0.054566729984153135
172,2020-09-17,51.33,50.55,51.8,49.75,368503,74.595,4.0704,0.05456665996380455
173,2020-09-18,49.8,52.83,53.46,49.8,564627,78.1118,4.2623,0.05456665958280311
174,2020-09-21,55.15,52.6,55.55,52.6,541697,79.3253,4.3285,0.05456644979596673
175,2020-09-22,52.03,52.03,53.88,51.91,392215,86.557,4.7231,0.05456635511859237
176,2020-09-23,51.72,51.16,52.03,50.99,248326,87.9686,4.8001,0.05456606107179152
177,2020-09-24,50.6,50.58,51.65,50.44,209479,88.7859,4.8447,0.05456609664372383
178,2020-09-25,50.7,50.98,51.56,50.45,234878,92.4265,5.0434,0.05456660156989608
179,2020-09-28,50.95,50.74,51.27,50.67,127553,89.0583,4.8596,0.05456650306596915
180,2020-09-29,51.02,50.65,51.4,50.6,191998,89.405,4.8785,0.05456629942396957
181,2020-09-30,51.1,50.42,51.1,50.23,161499,96.3147,5.2555,0.05456591776748512
182,2020-10-09,51.09,50.6,51.24,49.6,296446,87.5476,4.7771,0.054565744806253966
183,2020-10-12,50.8,52.38,52.4,50.53,433179,83.0154,4.5298,0.05456577936141969
184,2020-10-13,51.58,51.55,51.8,51.2,242954,82.322,4.492,0.054566215592429725
185,2020-10-14,51.55,50.53,51.67,50.44,238464,79.7711,4.3528,0.054566127331828196
186,2020-10-15,50.53,50.51,51.08,50.48,150776,86.978,4.7461,0.0545666720320081
187,2020-10-16,50.73,50.54,50.89,50.46,151266,85.814,4.6825,0.05456568858228262
188,2020-10-19,50.82,49.71,50.91,49.65,237080,86.1855,4.7028,0.05456602328697983
189,2020-10-20,49.32,48.4,49.39,47.48,359839,87.0275,4.7488,0.05456665996380455
190,2020-10-21,48.2,47.69,48.38,47.63,181503,86.6065,4.7258,0.05456634317285654
191,2020-10-22,47.5,47.9,48.4,47.32,200774,87.8448,4.7934,0.0545666903447899
192,2020-10-23,48.29,46.0,48.39,45.78,254396,81.2075,4.4312,0.05456638857248407
193,2020-10-26,45.55,43.57,45.55,42.68,380804,82.8421,4.5204,0.05456645835873306
194,2020-10-27,43.41,44.51,44.98,43.3,287098,83.6841,4.5663,0.054565921124801485
195,2020-10-28,44.44,44.44,44.72,43.78,198794,80.3407,4.3839,0.05456636549096535
196,2020-10-29,43.6,44.6,45.15,43.5,262867,79.7216,4.3501,0.0545661401677839
197,2020-10-30,44.54,43.39,45.25,43.37,223491,82.2229,4.4866,0.05456630695341566
198,2020-11-02,43.37,42.09,44.45,39.11,445771,81.158,4.4285,0.054566401340594886
199,2020-11-03,42.0,43.5,44.06,41.7,348569,81.7276,4.4596,0.05456663354851972
200,2020-11-04,43.28,43.41,44.06,42.82,201607,81.5047,4.4474,0.05456617839216634
201,2020-11-05,44.13,44.17,44.85,43.66,278118,81.5047,4.4474,0.05456617839216634
202,2020-11-06,44.17,43.74,44.71,43.4,279583,76.923,4.1974,0.054566254566254566
203,2020-11-09,44.2,46.12,46.95,44.07,528537,77.1459,4.2096,0.05456673653428115
204,2020-11-10,46.8,45.39,46.9,45.09,347937,75.5609,4.1231,0.05456658139328674
205,2020-11-11,44.9,43.97,45.56,43.82,224400,83.9565,4.5812,0.05456635281365945
206,2020-11-12,44.06,43.75,44.29,43.42,147204,86.5074,4.7204,0.05456643015510811
207,2020-11-13,43.43,43.63,43.89,43.16,119708,78.6319,4.2906,0.054565640662377485
208,2020-11-16,44.1,43.74,44.11,43.3,134452,78.508,4.2839,0.054566413613899224
209,2020-11-17,43.68,43.23,43.68,42.26,191640,77.3688,4.2217,0.05456592321452576
210,2020-11-18,43.56,43.69,44.67,43.5,229031,76.0314,5.1801,0.06813106164032229
211,2020-11-19,43.22,43.97,44.63,42.6,226747,75.9819,5.1767,0.06813069954818188
212,2020-11-20,44.1,44.22,44.35,43.7,173032,76.9725,5.2442,0.06813082594433077
213,2020-11-23,44.04,44.89,45.47,43.68,429676,78.9291,5.3775,0.06813076545912725
214,2020-11-24,44.8,44.0,44.8,43.92,242216,77.5422,5.283,0.06813064370110727
215,2020-11-25,44.11,42.83,44.49,42.8,231428,76.7744,5.2307,0.0681307831777259
216,2020-11-26,42.84,43.18,43.51,42.61,152080,75.7342,5.1598,0.0681303823107658
217,2020-11-27,43.14,44.68,44.76,42.8,402399,78.9043,5.3758,0.06813063419864317
218,2020-11-30,45.26,44.31,46.28,44.18,649717,76.5515,5.2155,0.06813060488690618
219,2020-12-01,43.9,45.29,45.75,43.55,552654,76.9478,5.2425,0.06813060282425228
