,日期,开盘,收盘,最高,最低,成交量,pe,pb,roe
0,2020-01-03,29.05,29.07,29.2,28.99,376963,9.0779,1.0962,0.12075480011897026
1,2020-01-06,29.08,29.29,29.5,29.08,527211,9.0228,1.0895,0.12074965642594315
2,2020-01-07,29.21,29.33,29.58,29.21,412110,8.8756,1.0718,0.12075803325972329
3,2020-01-08,29.34,28.86,29.37,28.86,507150,8.7192,1.0529,0.1207564914212313
4,2020-01-09,29.01,28.91,29.05,28.77,300696,8.4709,1.0229,0.12075458333825212
5,2020-01-10,28.91,28.67,28.96,28.6,343671,8.4617,1.0218,0.12075587647872177
6,2020-01-13,28.67,28.7,28.72,28.51,360267,8.4525,1.0207,0.12075717243419105
7,2020-01-14,28.7,28.66,28.84,28.64,281697,8.1536,0.9846,0.12075647566718994
8,2020-01-15,28.59,28.34,28.66,28.32,375846,8.103,0.9785,0.12075774404541528
9,2020-01-16,28.34,28.31,28.4,28.19,329411,8.1812,0.9879,0.1207524568522955
10,2020-01-17,28.31,28.41,28.46,28.3,220276,8.2088,0.9912,0.1207484650618848
11,2020-01-20,28.33,28.21,28.36,28.08,369796,8.1858,0.9885,0.12075789782305944
12,2020-01-21,28.09,28.03,28.11,27.93,277632,8.0386,0.9707,0.12075485781106161
13,2020-01-22,27.93,28.21,28.32,27.81,341531,8.149,0.984,0.12075101239415881
14,2020-01-23,28.06,27.79,28.06,27.64,419885,8.2778,0.9996,0.12075672280074418
15,2020-02-03,26.07,26.49,26.58,26.07,776904,8.2088,0.9912,0.1207484650618848
16,2020-02-04,26.4,26.76,26.79,26.29,573493,8.241,0.9951,0.12074990899162723
17,2020-02-05,26.69,26.75,26.91,26.54,370267,8.1996,0.9901,0.1207497926728133
18,2020-02-06,26.79,26.78,26.85,26.66,348994,7.9237,0.9568,0.1207516690435024
19,2020-02-07,26.71,26.69,26.74,26.59,273543,7.8731,0.9507,0.12075294356733687
20,2020-02-10,26.58,26.86,26.87,26.56,382578,7.7397,0.9346,0.12075403439409796
21,2020-02-11,26.92,27.16,27.3,26.82,376989,7.6799,0.9274,0.12075678068724853
22,2020-02-12,27.12,27.16,27.19,27.04,184869,7.6569,0.9246,0.12075382987893273
23,2020-02-13,27.11,27.09,27.34,27.06,177274,7.5925,0.9168,0.12075074086269344
24,2020-02-14,27.04,27.23,27.24,27.03,177667,7.6339,0.9218,0.12075086128977325
25,2020-02-17,27.24,27.4,27.41,27.13,303041,7.6937,0.9291,0.12076114223325579
26,2020-02-18,27.46,27.24,27.46,27.19,306019,7.6339,0.9218,0.12075086128977325
27,2020-02-19,27.17,27.11,27.22,27.1,241875,7.6707,0.9549,0.12448668309280769
28,2020-02-20,27.17,27.27,27.31,27.07,269592,7.7443,0.964,0.12447864881267512
29,2020-02-21,27.27,27.25,27.31,27.18,299677,7.7029,0.9589,0.12448558335172467
30,2020-02-24,27.28,27.04,27.29,27.02,337393,7.7305,0.9623,0.12448095207295777
31,2020-02-25,26.81,26.75,26.9,26.67,331631,7.7443,0.964,0.12447864881267512
32,2020-02-26,26.62,26.96,27.13,26.58,376670,7.8271,0.9743,0.12447777593233766
33,2020-02-27,26.92,26.92,27.12,26.86,280094,7.7029,0.9589,0.12448558335172467
34,2020-02-28,26.69,26.51,26.79,26.48,386903,7.6615,0.9537,0.12447954055994256
35,2020-03-02,26.64,27.12,27.15,26.64,455178,7.7213,0.9612,0.12448680921606466
36,2020-03-03,27.31,27.28,27.32,27.09,447497,7.6983,0.9583,0.12448202849979867
37,2020-03-04,27.18,27.23,27.35,27.08,262939,7.6247,0.9492,0.1244901438745131
38,2020-03-05,27.27,27.56,27.63,27.2,519465,7.5742,0.9429,0.12448839481397374
39,2020-03-06,27.41,27.28,27.48,27.26,277658,7.5925,0.9452,0.12449127428383273
40,2020-03-09,26.91,26.79,26.93,26.71,377089,7.6247,0.9492,0.1244901438745131
41,2020-03-10,26.7,27.06,27.16,26.7,270857,7.5098,0.9348,0.12447734959652719
42,2020-03-11,27.03,26.93,27.16,26.93,183570,7.4086,0.9223,0.12449045703641715
43,2020-03-12,26.85,26.77,26.87,26.68,177864,7.4914,0.9326,0.12448941452865954
44,2020-03-13,26.38,26.54,26.75,26.23,286970,7.565,0.9417,0.12448116325181757
45,2020-03-16,26.64,26.44,26.87,26.4,333651,7.6661,0.9543,0.12448311396929339
46,2020-03-17,26.49,26.21,26.78,26.11,335327,7.6615,0.9537,0.12447954055994256
47,2020-03-18,26.3,26.03,26.35,26.03,315338,7.427,0.9245,0.12447825501548405
48,2020-03-19,26.01,25.29,26.01,24.87,546853,7.473,0.9303,0.12448815736651947
49,2020-03-20,25.41,25.4,25.57,25.22,296885,7.3856,0.9194,0.12448548526863085
50,2020-03-23,24.99,25.29,25.52,24.93,245462,7.3856,0.9194,0.12448548526863085
51,2020-03-24,25.54,26.09,26.2,25.48,425468,7.3534,0.9154,0.12448663203416108
52,2020-03-25,26.3,26.19,26.37,26.11,231010,7.4868,0.932,0.12448576160709517
53,2020-03-26,26.12,26.45,26.55,26.08,270916,7.4776,0.9308,0.12447844228094576
54,2020-03-27,26.59,26.78,26.82,26.44,255541,7.5833,0.944,0.12448406366621391
55,2020-03-30,26.6,27.09,27.36,26.48,632181,7.3902,0.92,0.12448918838461746
56,2020-03-31,27.17,26.75,27.18,26.73,243158,7.4362,0.9257,0.12448562437804254
57,2020-04-01,26.72,26.51,26.89,26.47,219114,7.404,0.9217,0.12448676391139923
58,2020-04-02,26.41,26.76,26.79,26.38,169660,7.3396,0.9137,0.12448907297400402
59,2020-04-03,26.59,26.63,26.81,26.59,123480,7.427,0.9245,0.12447825501548405
60,2020-04-07,26.87,26.65,26.87,26.64,240227,7.4316,0.9251,0.12448194197750148
61,2020-04-08,26.61,26.65,26.68,26.53,130991,7.289,0.9357,0.12837151872684868
62,2020-04-09,26.69,26.51,26.69,26.51,123237,7.1465,0.9174,0.12837053102917512
63,2020-04-10,26.59,26.4,26.59,26.38,136988,7.1557,0.9186,0.128373185013346
64,2020-04-13,26.35,26.36,26.47,26.32,103744,7.266,0.9328,0.12837875034406826
65,2020-04-14,26.33,26.68,26.71,26.33,203728,7.3258,0.9404,0.12836823282098883
66,2020-04-15,26.75,26.44,26.75,26.39,166599,7.2752,0.9339,0.12836760501429514
67,2020-04-16,26.4,26.51,26.59,26.37,106675,7.2936,0.9363,0.12837282000658112
68,2020-04-17,26.56,26.54,26.63,26.49,160630,7.358,0.9446,0.12837727643381355
69,2020-04-20,26.52,26.43,26.54,26.36,163885,7.3856,0.9481,0.12837142547660313
70,2020-04-21,26.31,25.88,26.36,25.73,437754,7.3626,0.9452,0.1283785619210605
71,2020-04-22,25.79,25.89,25.96,25.71,148029,7.1879,0.9227,0.12836850818737044
72,2020-04-23,25.89,25.81,25.95,25.77,129662,7.1419,0.9168,0.12836920147299738
73,2020-04-24,25.8,25.67,25.89,25.64,168142,7.1511,0.918,0.1283718588748584
74,2020-04-27,25.76,25.83,25.91,25.72,137997,7.0683,0.9074,0.12837598856867988
75,2020-04-28,25.9,25.88,25.95,25.58,187695,7.1097,0.9127,0.12837391169810258
76,2020-04-29,25.87,26.16,26.26,25.83,206393,7.0637,0.9068,0.1283746478474454
77,2020-04-30,26.24,26.44,26.48,26.19,229384,7.1097,0.9127,0.12837391169810258
78,2020-05-06,26.18,26.28,26.29,26.09,239257,7.1373,0.9162,0.12836787020301796
79,2020-05-07,26.24,26.28,26.31,26.04,238147,7.1925,0.9233,0.1283698296836983
80,2020-05-08,26.29,26.37,26.43,26.16,214852,7.1695,0.9204,0.12837715321849502
81,2020-05-11,26.36,26.4,26.45,26.27,190528,7.0499,0.905,0.12837061518603102
82,2020-05-12,26.41,26.48,26.56,26.37,220122,7.1051,0.9121,0.12837257744437094
83,2020-05-13,26.45,26.41,26.51,26.33,154060,7.2017,0.9245,0.12837246761181387
84,2020-05-14,26.44,26.38,26.46,26.36,120983,7.1695,0.9204,0.12837715321849502
85,2020-05-15,26.37,26.54,26.67,26.36,217381,7.1465,0.9174,0.12837053102917512
86,2020-05-18,26.63,26.55,26.71,26.45,176381,7.1189,0.9139,0.12837657503265953
87,2020-05-19,26.72,27.0,27.06,26.72,324345,7.2476,0.9304,0.12837353054804349
88,2020-05-20,27.0,26.88,27.06,26.79,164519,7.3488,0.9434,0.1283747006313956
89,2020-05-21,26.93,26.72,26.95,26.71,142058,7.4408,0.9552,0.12837329319428017
90,2020-05-22,26.77,26.42,26.77,26.42,189011,7.4776,0.9599,0.12837006526158126
91,2020-05-25,26.61,26.61,26.68,26.44,105084,7.1649,0.9198,0.1283758321818867
92,2020-05-26,26.7,26.61,26.79,26.56,138268,7.2246,0.9274,0.1283669684134762
93,2020-05-27,26.61,26.96,26.96,26.52,204822,7.4316,0.954,0.12837074115937347
94,2020-05-28,26.92,26.95,27.1,26.86,167305,7.5788,0.9729,0.1283712461075632
95,2020-05-29,26.95,26.89,26.97,26.8,176414,7.6385,0.9806,0.12837599005040257
96,2020-06-01,26.86,27.07,27.11,26.85,224468,7.5696,0.9717,0.12836873811033608
97,2020-06-02,27.01,27.05,27.08,26.99,155950,7.8363,1.006,0.12837691257353598
98,2020-06-03,27.15,27.18,27.29,27.11,232076,7.7489,0.9947,0.12836660687323362
99,2020-06-04,27.26,26.9,27.28,26.79,250255,7.7903,1.0001,0.12837759778185692
100,2020-06-05,26.92,26.89,26.96,26.76,143624,7.7719,0.9977,0.1283727273896988
101,2020-06-08,27.0,27.16,27.2,26.95,276954,7.3028,0.9375,0.1283754176480254
102,2020-06-09,27.21,27.47,27.47,27.17,229224,6.9487,0.892,0.12836933527134572
103,2020-06-10,27.49,27.24,27.51,27.21,226268,6.7786,0.8702,0.12837459062343257
104,2020-06-11,27.23,26.91,27.29,26.83,392752,6.6038,0.8477,0.12836548653805385
105,2020-06-12,26.71,26.79,26.88,26.61,453200,6.6176,0.8495,0.1283698017408124
106,2020-06-15,26.71,26.38,26.72,26.33,355601,6.751,0.8666,0.1283661679751148
107,2020-06-16,26.51,26.42,26.52,26.38,219536,6.7372,0.8649,0.1283767737338954
108,2020-06-17,26.39,26.53,26.55,26.33,186423,6.797,0.8725,0.12836545534794763
109,2020-06-18,26.54,26.73,26.87,26.44,323510,6.8797,0.8832,0.12837769088768405
110,2020-06-19,26.77,26.73,26.91,26.66,238362,6.8797,0.8832,0.12837769088768405
111,2020-06-22,26.72,26.55,26.78,26.52,218358,6.7878,0.8714,0.1283773829517664
112,2020-06-23,26.57,26.42,26.57,26.39,163907,6.7372,0.8649,0.1283767737338954
113,2020-06-24,26.47,26.45,26.58,26.37,166622,6.7188,0.8625,0.12837113770316128
114,2020-06-29,26.43,26.16,26.43,26.16,244980,7.4868,0.8946,0.11949030293316236
115,2020-06-30,26.22,26.13,26.27,26.08,276000,7.542,0.9011,0.11947759215062319
116,2020-07-01,26.16,26.51,26.52,26.14,309199,7.6937,0.9193,0.11948737278552582
117,2020-07-02,26.51,26.88,26.91,26.47,435454,7.7995,0.9319,0.11948201807808193
118,2020-07-03,26.9,27.65,27.79,26.9,797624,7.6569,0.9149,0.11948699865480808
119,2020-07-06,27.65,28.67,28.67,27.65,1018304,7.5328,0.9,0.11947748513169075
120,2020-07-07,29.02,28.71,29.47,28.57,1064174,7.5374,0.9006,0.11948417226099185
121,2020-07-08,28.52,28.62,28.76,28.2,734684,7.6661,0.916,0.11948709252423005
122,2020-07-09,28.63,28.81,29.12,28.53,658879,7.6063,0.9088,0.11947990481574484
123,2020-07-10,28.78,28.23,28.78,28.2,497480,7.6155,0.9099,0.11948000787866851
124,2020-07-13,28.17,28.38,28.56,27.99,516985,7.5328,0.9,0.11947748513169075
125,2020-07-14,28.37,28.25,28.7,27.99,563354,7.5604,0.9033,0.11947780540712132
126,2020-07-15,28.38,27.93,28.46,27.86,424534,7.565,0.9039,0.11948446794448116
127,2020-07-16,27.93,27.48,28.12,27.46,469463,7.404,0.8847,0.11948946515397084
128,2020-07-17,27.55,27.35,27.71,27.22,406739,7.404,0.8847,0.11948946515397084
129,2020-07-20,27.4,28.03,28.12,27.4,431354,7.3166,0.8742,0.11948172648497936
130,2020-07-21,28.13,27.95,28.18,27.84,249904,7.4546,0.8907,0.11948327207361897
131,2020-07-22,27.98,27.75,28.16,27.7,452598,7.5282,0.8995,0.11948407321803352
132,2020-07-23,27.65,27.53,27.73,27.27,441128,7.5833,0.9061,0.11948623949995384
133,2020-07-24,27.51,27.25,27.75,27.19,469720,7.3764,0.8814,0.11948918171465754
134,2020-07-27,27.37,27.31,27.4,27.1,257464,7.3718,0.8808,0.11948235166445101
135,2020-07-28,27.35,27.36,27.65,27.29,319504,7.2982,0.872,0.11948151599024417
136,2020-07-29,27.36,27.43,27.47,27.12,357087,7.312,0.8737,0.11948851203501094
137,2020-07-30,27.46,27.22,27.55,27.22,355356,7.3442,0.8775,0.11948204024944854
138,2020-07-31,27.26,27.1,27.41,27.08,592823,7.3074,0.8731,0.11948162137011796
139,2020-08-03,27.17,27.36,27.4,27.17,460164,7.2936,0.8715,0.11948831852583087
140,2020-08-04,27.42,27.41,27.59,27.31,521839,7.2522,0.8665,0.1194809850803894
141,2020-08-05,27.42,27.29,27.45,27.2,335353,7.2522,0.8665,0.1194809850803894
142,2020-08-06,27.31,27.23,27.34,27.07,409090,7.3258,0.8753,0.1194818313358268
143,2020-08-07,27.21,27.13,27.32,27.1,275238,7.1971,0.8599,0.1194786789123397
144,2020-08-10,27.13,27.23,27.26,26.97,330469,7.0683,0.8446,0.11949124966399276
145,2020-08-11,27.25,27.14,27.4,27.12,332602,7.0453,0.8418,0.11948391125998893
146,2020-08-12,27.07,27.32,27.33,27.06,311119,6.9717,0.8568,0.12289685442574981
147,2020-08-13,27.35,27.3,27.51,27.25,349536,7.0361,0.8647,0.12289478546353803
148,2020-08-14,27.28,27.4,27.42,27.2,269564,7.0729,0.8692,0.12289160033366794
149,2020-08-17,27.45,27.78,27.9,27.34,526280,7.0683,0.8687,0.12290083895703352
150,2020-08-18,27.77,27.83,27.95,27.63,332625,7.3212,0.8997,0.1228896902147189
151,2020-08-19,27.82,27.77,27.96,27.69,386692,7.3718,0.906,0.12290078406901978
152,2020-08-20,27.72,27.63,27.79,27.5,290564,7.358,0.9043,0.1229002446316934
153,2020-08-21,27.65,27.59,27.69,27.52,238265,7.3258,0.9003,0.12289442791230991
154,2020-08-24,27.66,27.7,27.91,27.6,319679,7.4362,0.9139,0.12289879239396466
155,2020-08-25,27.7,27.57,27.79,27.52,191671,7.289,0.8958,0.12289751680614626
156,2020-08-26,27.55,27.33,27.64,27.32,247777,7.3074,0.898,0.12288912609135944
157,2020-08-27,27.41,27.31,27.44,27.23,258255,7.358,0.9043,0.1229002446316934
158,2020-08-28,27.32,27.62,27.66,27.29,357837,7.4224,0.9122,0.12289825393403751
159,2020-08-31,27.72,27.93,28.12,27.7,625480,7.4224,0.9122,0.12289825393403751
160,2020-09-01,27.88,27.92,27.95,27.72,286628,7.4132,0.911,0.12288890087951224
161,2020-09-02,27.89,27.73,27.93,27.61,255282,7.473,0.9184,0.12289575806235782
162,2020-09-03,27.75,27.87,27.92,27.67,316884,7.358,0.9043,0.1229002446316934
163,2020-09-04,27.72,27.94,28.22,27.66,576538,7.4684,0.9178,0.12289111456269079
164,2020-09-07,28.01,27.84,28.24,27.82,460977,7.6247,0.937,0.12289008092121659
165,2020-09-08,27.91,28.26,28.29,27.86,636769,7.3769,0.9328,0.1264487792975369
166,2020-09-09,28.15,28.03,28.34,27.98,436980,7.2273,0.9139,0.12645109515310007
167,2020-09-10,28.15,28.05,28.28,27.98,382048,7.1094,0.899,0.1264523025853096
168,2020-09-11,28.07,27.76,28.1,27.65,397202,7.0641,0.8933,0.1264563072436687
169,2020-09-14,27.77,27.83,27.84,27.65,230976,6.7014,0.8474,0.1264511893037276
170,2020-09-15,27.81,27.83,27.91,27.76,170231,6.7512,0.8537,0.1264515937907335
171,2020-09-16,27.84,28.02,28.02,27.73,337326,6.7014,0.8474,0.1264511893037276
172,2020-09-17,28.01,27.92,28.15,27.88,231132,7.0369,0.8898,0.12644772556097145
173,2020-09-18,28.01,28.43,28.45,27.92,598279,7.1185,0.9001,0.12644517805717498
174,2020-09-21,28.49,28.44,28.54,28.23,325833,7.2228,0.9133,0.12644680733233649
175,2020-09-22,28.29,28.22,28.39,28.18,250968,7.2681,0.9191,0.12645670808051623
176,2020-09-23,28.27,28.06,28.31,28.04,193162,7.3724,0.9322,0.12644457707123868
177,2020-09-24,27.98,27.88,28.03,27.82,218305,7.4449,0.9414,0.1264489784953458
178,2020-09-25,27.96,28.1,28.2,27.96,228500,7.5039,0.9489,0.12645424379322753
179,2020-09-28,28.24,28.35,28.45,28.23,301939,7.3815,0.9334,0.12645126329336856
180,2020-09-29,28.42,28.28,28.46,28.25,219826,7.6036,0.9615,0.1264532589825872
181,2020-09-30,28.32,28.24,28.4,28.15,253692,7.7306,0.9775,0.12644555403202856
182,2020-10-09,28.42,28.35,28.58,28.27,334766,7.581,0.9586,0.12644769819285054
183,2020-10-12,28.37,28.51,28.62,28.34,379710,7.6036,0.9615,0.1264532589825872
184,2020-10-13,28.47,28.56,28.68,28.36,278037,7.5311,0.9523,0.1264489915151837
185,2020-10-14,28.5,28.43,28.51,28.28,223155,7.2545,0.9173,0.1264456544213936
186,2020-10-15,28.43,28.52,28.74,28.29,377326,7.4404,0.9408,0.1264448147949035
187,2020-10-16,28.57,28.79,28.87,28.49,491144,7.4586,0.9431,0.12644464108545841
188,2020-10-19,28.8,28.61,28.99,28.59,387460,7.3633,0.9311,0.12645145518992845
189,2020-10-20,28.59,28.58,28.69,28.43,256774,7.4948,0.9477,0.12644767038480012
190,2020-10-21,28.57,28.52,28.6,28.44,242297,7.59,0.9598,0.1264558629776021
191,2020-10-22,28.48,28.61,28.67,28.42,267118,7.5991,0.9609,0.12644918477188088
192,2020-10-23,28.57,28.45,28.63,28.42,245048,7.5266,0.9517,0.12644487550819758
193,2020-10-26,28.49,28.37,28.56,28.32,225739,7.5855,0.9592,0.12645178300705295
194,2020-10-27,28.35,28.5,28.65,28.3,270503,7.6581,0.9684,0.12645434246092374
195,2020-10-28,28.56,28.37,28.58,28.32,219988,7.581,0.9586,0.12644769819285054
196,2020-10-29,28.25,28.28,28.35,27.97,282615,7.5175,0.9506,0.12645161290322582
197,2020-10-30,28.29,28.42,28.66,28.16,452046,7.5492,0.9546,0.12645048481958354
198,2020-11-02,28.42,28.47,28.66,28.25,390055,7.5492,0.9546,0.12645048481958354
199,2020-11-03,28.46,28.6,28.63,28.44,319215,7.4132,0.9374,0.12645011600928074
200,2020-11-04,28.57,28.89,28.97,28.49,472368,7.3361,0.9277,0.1264568367388667
201,2020-11-05,28.95,29.0,29.12,28.77,407794,7.3769,0.9328,0.1264487792975369
202,2020-11-06,29.06,29.6,29.65,29.05,735199,7.3633,0.9311,0.12645145518992845
203,2020-11-09,29.66,29.69,29.85,29.5,612530,7.3679,0.9317,0.12645394210019137
204,2020-11-10,29.72,29.62,29.94,29.44,469687,7.2454,0.9162,0.12645264581665608
205,2020-11-11,29.61,29.77,30.03,29.49,488462,7.8349,0.9907,0.12644705101532885
206,2020-11-12,29.62,29.49,29.65,29.37,311042,8.0253,1.0148,0.126450101553836
207,2020-11-13,29.47,29.25,29.51,29.11,309030,7.9437,1.0045,0.12645240882712086
208,2020-11-16,29.4,29.57,29.74,29.36,417368,8.0253,1.0148,0.126450101553836
209,2020-11-17,29.65,29.62,29.83,29.46,316116,8.116,1.0263,0.12645391818629867
210,2020-11-18,29.58,29.56,29.71,29.32,259065,8.0707,1.0205,0.12644504194183898
211,2020-11-19,29.52,29.39,29.67,29.26,283752,8.0843,1.0223,0.12645498064149027
212,2020-11-20,29.39,29.5,29.53,29.19,239495,8.2293,1.0406,0.12645060940784755
213,2020-11-23,29.57,30.15,30.34,29.57,805493,8.2475,1.0429,0.12645043952712942
214,2020-11-24,30.2,30.17,30.22,29.89,394906,8.2339,1.0412,0.12645283522996392
215,2020-11-25,30.37,30.19,30.79,30.16,662996,8.3427,1.0549,0.12644587483668354
216,2020-11-26,30.22,30.73,30.77,30.19,620184,8.32,1.0521,0.12645432692307693
217,2020-11-27,30.71,31.07,31.09,30.46,601280,8.5331,1.079,0.12644877008355698
218,2020-11-30,31.11,31.39,31.94,30.89,943355,8.515,1.0767,0.1264474456840869
219,2020-12-01,31.47,31.51,31.87,31.22,587971,8.4152,1.0641,0.12644975758151916
