,日期,开盘,收盘,最高,最低,成交量,pe,pb,roe
0,2020-01-03,90.45,88.69,91.25,88.55,39776,26.0253,3.2815,0.12608884431687625
1,2020-01-06,86.55,87.09,88.31,86.47,57207,25.2885,3.1886,0.12608893370504382
2,2020-01-07,87.25,89.05,89.25,86.99,37471,25.9157,3.2677,0.12608959047990215
3,2020-01-08,87.75,87.85,88.25,87.35,47048,25.7963,3.2527,0.12609172633284618
4,2020-01-09,89.45,90.39,91.21,88.81,49521,25.9854,3.2765,0.1260900351735975
5,2020-01-10,91.01,89.75,91.33,89.51,34713,26.1945,3.3029,0.12609135505545058
6,2020-01-13,89.93,89.53,90.21,88.83,37543,25.5623,3.2231,0.12608802807259128
7,2020-01-14,90.43,89.91,91.27,89.49,46420,26.0053,3.279,0.12608968171872656
8,2020-01-15,89.93,89.07,89.93,88.95,32353,25.8859,3.2639,0.12608794749265045
9,2020-01-16,89.07,88.15,90.85,87.59,49118,25.4677,3.2112,0.12608912465593672
10,2020-01-17,87.95,87.77,89.05,87.15,39185,25.1392,3.1698,0.12608993126272913
11,2020-01-20,85.71,84.81,85.71,82.45,124800,24.6115,3.1033,0.12609146130873777
12,2020-01-21,83.45,81.97,84.41,81.97,101496,23.4715,2.9595,0.12608908676479985
13,2020-01-22,81.65,82.35,82.71,80.91,94411,23.0484,2.9062,0.12609118203432776
14,2020-01-23,80.75,80.09,82.23,79.41,84237,22.9488,2.8936,0.12608938157986477
15,2020-02-03,72.25,72.25,73.43,72.25,102125,23.4765,2.9602,0.12609204949630481
16,2020-02-04,71.95,73.75,75.61,71.65,107235,22.8592,2.8823,0.12608927696507313
17,2020-02-05,73.85,75.81,77.05,72.57,124691,21.4056,2.699,0.12608850020555368
18,2020-02-06,76.75,78.03,78.55,75.55,95246,21.6894,2.7348,0.12608924174942598
19,2020-02-07,77.13,77.25,77.95,76.15,75318,21.6446,2.7292,0.1260914962623472
20,2020-02-10,76.41,76.49,77.23,75.97,75624,21.4206,2.7009,0.12608890507268702
21,2020-02-11,76.99,77.99,79.31,76.99,58622,20.7933,2.6218,0.12608869203060602
22,2020-02-12,77.99,77.01,77.99,76.67,56971,21.2165,2.7362,0.12896566351660266
23,2020-02-13,76.75,77.75,79.25,76.45,68160,21.6844,2.7966,0.12896829056833484
24,2020-02-14,77.35,80.27,80.53,76.77,69565,21.1965,2.7337,0.12896940532635104
25,2020-02-17,79.17,79.59,80.15,79.15,90384,21.0323,2.7125,0.1289683011368229
26,2020-02-18,79.53,78.25,79.55,77.81,69509,20.8979,2.6951,0.12896511132697544
27,2020-02-19,78.47,80.45,82.25,78.07,97314,20.9676,2.7041,0.12896564222896278
28,2020-02-20,80.81,81.73,83.07,80.81,103584,21.6695,2.7947,0.12896928863148666
29,2020-02-21,81.55,81.71,82.27,80.17,74865,22.4311,2.8929,0.1289682628136828
30,2020-02-24,79.75,77.71,79.75,77.15,144610,22.1025,2.8505,0.12896731139011425
31,2020-02-25,76.15,76.11,76.73,74.49,107030,22.1075,2.8512,0.12896980662671037
32,2020-02-26,74.75,74.67,76.05,74.37,101056,22.2469,2.8691,0.12896628294279203
33,2020-02-27,74.95,74.55,75.27,74.45,71750,22.0627,2.8454,0.1289688025490987
34,2020-02-28,72.97,72.95,73.79,71.73,127114,22.0627,2.8454,0.1289688025490987
35,2020-03-02,72.39,74.13,75.13,72.39,104069,22.7995,2.9404,0.12896774052062546
36,2020-03-03,74.95,73.87,75.33,73.63,76753,22.2718,2.8723,0.12896577735073053
37,2020-03-04,74.15,75.23,75.53,73.39,66014,22.0777,2.8473,0.12896723843516308
38,2020-03-05,75.97,76.87,77.03,74.91,85083,22.4012,2.889,0.12896630537649767
39,2020-03-06,75.35,75.65,76.53,74.89,73376,22.4062,2.8897,0.12896876757326098
40,2020-03-09,76.57,77.71,78.75,75.55,152357,22.4958,2.9012,0.12896629593079598
41,2020-03-10,77.09,77.35,77.89,75.51,95622,22.3266,2.8794,0.12896724086963532
42,2020-03-11,77.49,77.95,79.57,76.65,105025,22.2419,2.8685,0.12896829857161482
43,2020-03-12,76.67,75.11,76.69,74.69,89710,23.0285,2.9699,0.12896628091278198
44,2020-03-13,71.55,73.67,74.73,70.35,93592,23.0484,2.9725,0.12896773745683
45,2020-03-16,73.51,70.75,73.51,70.65,76101,23.8946,3.0816,0.12896637734048697
46,2020-03-17,69.87,67.15,71.53,65.71,105518,24.3526,3.1407,0.12896774882353423
47,2020-03-18,66.15,64.75,67.71,64.75,93376,24.3327,3.1381,0.12896637035758465
48,2020-03-19,62.85,62.39,63.75,59.51,169732,24.6961,3.185,0.12896773174711795
49,2020-03-20,63.35,67.85,68.45,63.35,156912,24.4572,3.1542,0.1289681566164565
50,2020-03-23,64.75,65.19,67.55,64.21,96546,23.9444,3.0881,0.12896961293663653
51,2020-03-24,67.39,65.53,67.49,63.93,78715,23.7801,3.0669,0.12896918011278338
52,2020-03-25,67.97,67.95,68.61,66.83,84741,23.4317,3.0219,0.1289663148640517
53,2020-03-26,67.55,68.55,68.95,66.99,73344,23.5014,3.0309,0.1289667849574919
54,2020-03-27,68.71,67.79,69.25,67.75,54696,23.9494,3.0887,0.1289677403191729
55,2020-03-30,66.65,65.67,66.95,64.75,66978,23.9494,3.0887,0.1289677403191729
56,2020-03-31,66.61,66.31,67.03,65.39,54141,23.8897,3.081,0.12896771411947408
57,2020-04-01,67.21,67.11,68.15,65.87,49372,23.4815,3.0283,0.12896535570555545
58,2020-04-02,66.75,68.11,68.11,66.15,40675,22.3763,2.8858,0.12896680863234763
59,2020-04-03,68.01,68.37,68.59,67.55,26541,22.0876,2.8486,0.1289682899002155
60,2020-04-07,68.31,68.57,69.75,67.57,71027,21.9632,2.8325,0.1289657244845924
61,2020-04-08,68.15,69.11,69.65,67.13,92398,22.0976,2.8154,0.12740750126710593
62,2020-04-09,69.51,68.95,69.65,68.95,46830,20.9078,2.6638,0.12740699643195363
63,2020-04-10,69.15,67.79,69.15,67.17,32690,21.2065,2.7018,0.12740433357696934
64,2020-04-13,67.81,65.51,67.81,65.43,43261,21.555,2.7462,0.1274043145441893
65,2020-04-14,65.63,68.15,68.35,65.63,62598,21.6097,2.7532,0.12740574834449345
66,2020-04-15,68.85,70.51,71.07,67.91,80178,21.9184,2.7925,0.1274043725819403
67,2020-04-16,69.77,69.05,70.79,68.73,57567,21.774,2.7741,0.12740424359327637
68,2020-04-17,70.95,72.07,73.45,69.97,121206,22.2519,2.835,0.1274048508217276
69,2020-04-20,71.61,70.23,72.45,70.09,68667,22.1722,2.8249,0.12740729381838517
70,2020-04-21,70.83,68.29,70.83,67.87,67675,22.1125,2.8173,0.12740757490107404
71,2020-04-22,67.75,69.73,69.73,67.39,51259,22.1324,2.8198,0.12740597495075093
72,2020-04-23,69.65,69.23,70.11,68.95,35308,21.764,2.7729,0.12740764565337254
73,2020-04-24,69.07,68.75,69.21,68.03,32872,21.3957,2.7259,0.12740410456306642
74,2020-04-27,68.77,68.27,69.15,67.99,39038,21.0372,2.6803,0.12740763979997338
75,2020-04-28,68.15,69.47,70.13,67.99,53933,21.1766,2.698,0.1274047769708074
76,2020-04-29,69.73,70.83,71.55,69.69,61722,20.2358,2.5781,0.12740291957817335
77,2020-04-30,75.35,76.05,77.37,73.75,161501,19.8425,2.528,0.12740330099533828
78,2020-05-06,73.33,73.33,74.65,72.61,146293,19.7479,2.516,0.12740595202527863
79,2020-05-07,72.93,72.15,73.25,71.61,81197,19.9719,2.5445,0.12740400262368629
80,2020-05-08,72.53,72.01,72.95,71.65,70830,19.8375,2.5274,0.12740516698172655
81,2020-05-11,72.75,72.63,73.95,72.07,68930,19.728,2.5135,0.12740774533657745
82,2020-05-12,72.39,71.99,72.85,71.29,56776,19.504,2.4849,0.12740463494667761
83,2020-05-13,71.89,72.61,72.61,71.27,50944,19.6932,2.509,0.12740438323888448
84,2020-05-14,71.81,70.49,72.01,70.11,58014,19.3945,2.471,0.12740725463404573
85,2020-05-15,70.45,68.75,70.75,68.43,77165,19.514,2.4862,0.1274059649482423
86,2020-05-18,68.49,69.31,69.37,67.37,47882,19.3298,2.4627,0.12740431872031785
87,2020-05-19,71.75,70.99,72.31,70.57,96811,20.5643,2.62,0.12740526057293466
88,2020-05-20,70.15,69.91,72.33,69.65,62711,20.1113,2.5623,0.12740598568963718
89,2020-05-21,70.31,68.85,70.51,68.75,47462,20.3951,2.5984,0.12740315075679942
90,2020-05-22,68.79,68.35,69.31,67.95,28182,20.2856,2.5845,0.12740564735575974
91,2020-05-25,68.33,67.75,68.99,67.51,45283,19.1207,2.4361,0.12740642340500088
92,2020-05-26,67.77,69.33,69.59,67.63,38621,19.2402,2.4513,0.1274051205288926
93,2020-05-27,70.09,71.11,73.27,70.05,95835,19.723,2.5128,0.12740455305987933
94,2020-05-28,71.37,70.59,71.37,69.51,44193,19.5488,2.4906,0.1274042396464233
95,2020-05-29,70.83,73.45,73.55,70.31,79885,19.7081,2.5109,0.12740446821357715
96,2020-06-01,73.55,74.35,74.71,72.85,74907,19.5837,2.4951,0.12740697620980712
97,2020-06-02,74.75,74.71,75.35,73.83,51326,19.499,2.4843,0.12740653366839327
98,2020-06-03,74.83,76.29,77.33,74.83,88535,19.4144,2.4425,0.1258086780946102
99,2020-06-04,77.35,77.27,78.21,76.33,75787,19.1705,2.4118,0.1258078819018805
100,2020-06-05,78.35,80.01,81.11,78.35,116541,19.3547,2.435,0.12580923496618393
101,2020-06-08,81.15,80.31,81.55,78.77,84160,18.598,2.3398,0.1258092267985805
102,2020-06-09,80.53,79.13,80.71,78.47,65250,18.4188,2.3173,0.12581167068430082
103,2020-06-10,78.17,79.49,80.17,77.57,45902,18.1898,2.2884,0.1258067708276067
104,2020-06-11,79.33,78.41,80.13,77.97,41844,17.5427,2.207,0.12580731586357857
105,2020-06-12,75.75,77.93,78.85,74.85,64364,17.239,2.1688,0.125807761471083
106,2020-06-15,77.75,75.43,78.09,75.15,90205,18.0205,2.2672,0.12581226935989567
107,2020-06-16,76.15,75.85,76.71,75.45,43064,18.0056,2.2653,0.1258108588439152
108,2020-06-17,75.43,75.55,76.15,74.73,46550,18.0756,2.2731,0.1257551616543849
109,2020-06-18,75.51,75.35,75.71,74.61,44648,18.5187,2.3288,0.12575396761111743
110,2020-06-19,75.63,76.13,76.51,75.03,60633,18.3245,2.3044,0.12575513656579987
111,2020-06-22,76.19,74.35,76.21,73.85,54198,18.3743,2.3107,0.1257571717017791
112,2020-06-23,74.33,74.09,74.71,73.33,39720,18.449,2.3201,0.1257574936310911
113,2020-06-24,74.09,74.15,74.85,73.65,33777,18.3444,2.3069,0.12575499880072394
114,2020-06-29,73.53,71.01,73.53,70.71,106057,18.9669,2.3852,0.12575592215912987
115,2020-06-30,71.77,72.23,73.65,71.77,51346,19.0864,2.4002,0.1257544639114762
116,2020-07-01,72.61,74.83,75.01,72.05,62861,19.3553,2.434,0.1257536695375427
117,2020-07-02,76.33,75.75,76.85,73.77,134838,19.2656,2.4228,0.12575782742297154
118,2020-07-03,74.75,76.47,76.75,74.49,106482,19.5594,2.4597,0.12575539126967086
119,2020-07-06,76.67,79.51,80.27,76.67,133179,19.4847,2.4503,0.1257550796265788
120,2020-07-07,79.83,78.77,81.05,78.25,142335,18.8026,2.3645,0.12575388510099667
121,2020-07-08,78.55,79.75,80.75,78.27,125901,18.5586,2.3338,0.12575302016315887
122,2020-07-09,79.57,80.49,81.11,79.25,74829,18.1652,2.2844,0.1257569418448462
123,2020-07-10,79.73,80.83,83.73,79.35,100399,18.0756,2.2731,0.1257551616543849
124,2020-07-13,80.81,81.33,81.87,79.15,98531,17.8515,2.2449,0.1257541383077052
125,2020-07-14,81.13,80.69,81.63,79.43,82125,17.1394,2.1554,0.12575702766724625
126,2020-07-15,83.71,81.39,86.89,80.75,198439,17.2689,2.1716,0.12575207453862147
127,2020-07-16,82.65,79.45,84.45,79.35,143700,16.8257,2.1159,0.1257540548090124
128,2020-07-17,79.47,78.97,80.75,77.93,74666,16.4323,2.0664,0.12575232925396929
129,2020-07-20,79.39,83.65,84.11,79.39,103632,16.5817,2.0852,0.12575308924899134
130,2020-07-21,83.65,84.09,84.65,82.53,70273,16.7062,2.1009,0.1257557074619004
131,2020-07-22,83.91,82.95,85.35,82.77,80716,16.9701,2.1341,0.12575647756937203
132,2020-07-23,82.09,84.77,85.15,81.75,91460,17.239,2.1679,0.12575555426648877
133,2020-07-24,84.21,79.81,84.49,79.75,74799,16.8207,2.1153,0.12575576521785659
134,2020-07-27,79.81,80.55,81.55,78.55,50939,16.6813,2.0978,0.12575758484051003
135,2020-07-28,80.81,80.07,81.65,79.53,41648,17.1145,2.1522,0.12575301644804115
136,2020-07-29,79.79,81.27,81.39,79.01,32233,17.6423,2.2186,0.1257545784846647
137,2020-07-30,81.29,80.51,81.89,80.13,37575,17.488,2.1992,0.1257548032936871
138,2020-07-31,80.55,81.41,83.57,80.15,53054,17.6473,2.2192,0.1257529480430434
139,2020-08-03,81.17,81.85,82.33,80.75,47610,17.493,2.1998,0.12575315840621965
140,2020-08-04,81.83,82.39,83.25,81.65,46030,17.5278,2.2042,0.12575451568365684
141,2020-08-05,82.37,81.49,82.55,80.77,35390,17.8216,2.2412,0.1257575077434125
142,2020-08-06,81.95,81.87,83.15,81.15,44977,18.4988,2.3263,0.1257541029688412
143,2020-08-07,81.87,83.45,84.51,80.55,71547,21.0693,2.1309,0.10113767424641541
144,2020-08-10,82.75,87.23,88.35,82.55,91458,20.6545,2.089,0.10114018736837009
145,2020-08-11,87.61,86.67,89.03,86.53,74537,20.2885,2.052,0.1011410404909185
146,2020-08-12,88.15,88.11,90.03,86.15,89854,20.4349,2.0668,0.10114069557472756
147,2020-08-13,86.97,89.59,90.31,86.97,83175,20.5813,2.0816,0.10114035556548906
148,2020-08-14,89.27,91.07,92.71,88.15,76583,20.7338,2.097,0.10113920265460263
149,2020-08-17,91.03,90.99,93.15,90.39,80956,20.2946,2.0526,0.10114020478353848
150,2020-08-18,91.07,91.23,91.99,90.27,44248,20.8863,2.1124,0.10113806657952822
151,2020-08-19,91.23,91.55,93.15,90.81,63042,21.4475,2.1692,0.10113999300617788
152,2020-08-20,91.55,89.63,91.55,88.65,71094,20.5264,2.076,0.1011380466131421
153,2020-08-21,89.69,90.21,91.47,88.55,47001,20.9717,2.1211,0.10114106152577046
154,2020-08-24,91.09,88.97,92.55,88.93,56883,20.2519,2.0483,0.10114112749914822
155,2020-08-25,89.93,88.75,90.97,88.27,52579,19.4467,1.9668,0.10113798227976983
156,2020-08-26,88.53,87.35,89.37,86.75,49949,20.1421,2.0372,0.10114139042105838
157,2020-08-27,87.41,86.15,87.87,85.55,58518,20.4959,2.0729,0.1011373006308579
158,2020-08-28,86.49,90.93,90.95,86.17,62589,20.5447,2.0779,0.1011404401135086
159,2020-08-31,90.91,90.39,91.67,89.69,56136,20.38,2.0612,0.10113837095191364
160,2020-09-01,90.87,90.89,91.55,90.17,50827,20.319,2.055,0.1011368669717998
161,2020-09-02,91.23,92.05,92.81,90.89,56027,20.2397,2.047,0.10113786271535646
162,2020-09-03,92.15,96.49,97.75,92.15,93796,19.9347,2.0162,0.10114022282753189
163,2020-09-04,95.47,98.13,99.73,94.17,92726,19.6907,1.9915,0.10113911643567776
164,2020-09-07,98.13,98.37,100.51,97.51,100337,19.4955,1.9718,0.10114128901541382
165,2020-09-08,98.13,98.37,100.43,97.41,62928,20.1421,2.0372,0.10114139042105838
166,2020-09-09,98.37,96.57,100.67,95.35,89168,20.3739,2.0606,0.10113920260725733
167,2020-09-10,97.75,96.29,99.05,95.75,60519,20.1909,2.0421,0.10113962230509785
168,2020-09-11,96.51,97.69,98.13,94.11,57478,19.4528,1.9674,0.10113711136700115
169,2020-09-14,97.71,98.35,98.73,95.93,60819,19.3491,1.957,0.10114165516742381
170,2020-09-15,98.07,100.41,101.75,97.53,84049,20.1604,2.039,0.10113886629233548
171,2020-09-16,100.15,101.37,102.11,99.75,48953,18.4951,1.8706,0.101140302025942
172,2020-09-17,101.31,99.91,102.15,99.55,37202,19.2149,1.9434,0.10114026094333044
173,2020-09-18,99.91,99.99,101.85,99.29,41771,19.9469,2.0174,0.10113852277797553
174,2020-09-21,100.15,98.15,100.15,97.13,50495,21.0449,2.1285,0.10114089399331905
175,2020-09-22,97.35,94.75,97.35,94.01,89966,21.9355,2.2185,0.10113742563424585
176,2020-09-23,95.65,94.67,96.11,92.87,67405,22.3747,2.263,0.10114102088519622
177,2020-09-24,94.59,91.51,94.99,91.15,72695,23.2409,2.3506,0.10114066150622394
178,2020-09-25,92.35,91.85,92.81,90.51,49415,23.0579,2.3321,0.10114104059779945
179,2020-09-28,92.95,92.53,94.03,91.39,46094,23.1677,2.3432,0.10114081242419402
180,2020-09-29,93.23,92.17,94.25,91.61,38327,22.5394,2.2796,0.10113845089044073
181,2020-09-30,92.55,92.15,93.69,91.27,49569,22.9115,2.3173,0.10114134823123758
182,2020-10-09,93.07,90.85,93.61,90.55,58527,22.4113,2.2667,0.10114094229250423
183,2020-10-12,90.33,91.63,92.09,89.47,73818,21.9965,2.2247,0.10113881753915395
184,2020-10-13,91.85,93.75,93.79,90.31,57225,22.0758,2.2327,0.10113789760733471
185,2020-10-14,93.15,90.79,93.91,90.55,67312,21.7159,2.1963,0.1011378759342233
186,2020-10-15,90.57,90.79,91.91,90.35,39163,22.2039,2.2457,0.10113988983917238
187,2020-10-16,90.83,91.53,92.35,90.53,39419,22.2405,2.2494,0.10113981250421528
188,2020-10-19,91.55,90.97,92.47,90.57,38772,22.6797,2.2938,0.10113890395375601
189,2020-10-20,90.57,90.95,91.73,90.37,30584,23.1677,2.3432,0.10114081242419402
190,2020-10-21,90.99,92.27,92.63,90.55,42709,24.3877,2.4666,0.10114114902184299
191,2020-10-22,92.15,89.21,93.09,87.35,91517,24.3938,2.4672,0.10114045372184736
192,2020-10-23,88.21,86.39,89.15,85.95,42930,24.0034,2.4277,0.10113983852287593
193,2020-10-26,85.21,86.11,86.45,83.91,28193,23.3324,2.3598,0.10113833124753561
194,2020-10-27,85.31,86.65,87.51,84.59,35785,23.7411,2.4012,0.10114105917585958
195,2020-10-28,86.81,87.31,87.93,84.97,50151,23.9485,2.4221,0.10113785832098043
196,2020-10-29,86.09,89.27,90.61,85.75,51374,23.1799,2.3444,0.10113934917752017
197,2020-10-30,90.31,87.39,90.31,86.99,31373,22.9542,2.3216,0.10114053201592738
198,2020-11-02,87.45,85.69,87.77,85.21,43616,23.2531,2.3518,0.10113920294498367
199,2020-11-03,86.57,88.21,89.57,85.75,63365,22.7956,2.3055,0.10113793890048957
200,2020-11-04,88.51,89.11,89.89,87.99,53244,23.0274,2.329,0.10114038059007965
201,2020-11-05,89.93,89.29,90.07,88.55,38878,23.2653,2.353,0.10113774591344192
202,2020-11-06,88.87,88.15,89.73,87.37,35486,22.5882,2.2846,0.10114130386662062
203,2020-11-09,88.61,93.99,94.53,88.61,113832,21.9599,2.221,0.10113889407510963
204,2020-11-10,99.95,96.47,100.07,95.35,155900,21.5024,2.1747,0.10113754743656522
205,2020-11-11,95.89,94.35,96.45,93.39,64657,23.8936,2.4166,0.10114005424046606
206,2020-11-12,93.89,94.75,97.09,93.89,52401,24.5829,2.4863,0.10113940991502224
207,2020-11-13,94.55,96.45,98.05,93.29,56284,24.467,2.4746,0.10114031143989866
208,2020-11-16,98.05,101.03,102.13,96.77,104257,25.3332,2.5622,0.10114000600003156
209,2020-11-17,102.59,103.15,106.09,102.05,139731,26.236,2.6535,0.10113965543527978
210,2020-11-18,102.15,104.47,105.85,102.15,88279,26.3519,2.6652,0.10113881731488052
211,2020-11-19,104.19,106.15,106.67,103.63,68900,26.6325,2.6936,0.10113958509340092
212,2020-11-20,105.59,106.63,108.37,105.53,55567,26.8887,2.7195,0.10113914023362974
213,2020-11-23,105.11,104.85,105.77,102.95,117253,26.7728,2.7078,0.10113996294746908
214,2020-11-24,104.91,107.39,107.91,104.19,45174,26.8399,2.7146,0.10114046624614845
215,2020-11-25,108.55,106.55,109.69,106.05,45230,27.0351,2.7343,0.10113888981361269
216,2020-11-26,106.75,105.79,108.55,105.01,43728,26.2604,2.656,0.10114088132701711
217,2020-11-27,106.13,106.27,106.95,104.57,39153,26.6264,2.693,0.10114022173481958
218,2020-11-30,106.11,103.75,107.13,103.75,49606,26.0286,2.6325,0.10113874737788432
219,2020-12-01,104.75,106.71,107.05,104.37,48696,26.5166,2.6819,0.10114041770061019
