,日期,开盘,收盘,最高,最低,成交量,pe,pb,roe
0,2020-01-03,106.72,103.74,106.72,103.34,32324,97.8668,19.4175,0.19840742723783755
1,2020-01-06,102.71,100.67,105.02,99.49,61005,92.1768,18.2885,0.19840675744872896
2,2020-01-07,101.03,101.07,102.46,100.54,30252,91.5222,18.1587,0.19840759946767014
3,2020-01-08,100.8,99.1,101.66,98.95,29793,89.6088,17.779,0.19840685289837603
4,2020-01-09,100.61,102.94,103.09,99.33,48205,90.4548,17.9469,0.19840738136616298
5,2020-01-10,103.46,106.91,108.34,103.02,50560,92.9523,18.4424,0.19840714000621826
6,2020-01-13,106.57,105.94,107.77,105.08,28600,93.2242,18.4963,0.19840663690329338
7,2020-01-14,106.45,104.77,106.55,103.21,27902,89.1355,17.6851,0.19840691980187466
8,2020-01-15,104.85,103.97,105.02,102.77,24082,87.0307,17.2675,0.19840699890958016
9,2020-01-16,105.02,103.8,106.49,102.92,27619,87.0207,17.2655,0.1984068158495622
10,2020-01-17,103.76,105.52,108.08,103.34,49816,88.3198,17.5233,0.19840737863989727
11,2020-01-20,105.37,106.95,109.34,104.95,32024,88.4809,17.5552,0.19840666177672242
12,2020-01-21,110.44,108.57,110.67,106.0,70936,92.9523,18.4424,0.19840714000621826
13,2020-01-22,110.31,111.28,112.16,106.91,50621,91.9452,18.2426,0.19840731218160382
14,2020-01-23,111.11,107.94,113.98,105.14,50598,91.8344,18.2206,0.1984071328391104
15,2020-02-03,97.33,97.33,100.31,97.33,26458,88.2191,17.5033,0.19840714765850026
16,2020-02-04,92.8,102.5,103.09,92.8,75922,88.1989,17.4993,0.1984072363714287
17,2020-02-05,102.16,101.05,105.86,100.19,63415,84.8957,16.8439,0.19840698645514437
18,2020-02-06,101.36,99.56,101.45,98.49,51800,80.5754,15.9867,0.19840670974019367
19,2020-02-07,98.51,100.88,101.13,98.4,30747,80.0719,15.8868,0.19840668199455738
20,2020-02-10,100.67,103.25,104.77,100.02,58823,80.0115,15.8748,0.1984064790686339
21,2020-02-11,102.73,105.48,106.7,102.58,40144,80.374,15.9468,0.19840744519371936
22,2020-02-12,105.27,107.98,108.86,104.81,51075,76.1947,15.1176,0.19840750078417527
23,2020-02-13,107.33,107.79,110.67,106.84,29412,77.7758,15.4313,0.1984074737900478
24,2020-02-14,107.79,112.49,114.15,107.79,49166,77.8261,15.4413,0.19840773211043597
25,2020-02-17,113.86,116.36,118.02,112.54,48718,74.5934,14.7999,0.1984076339193548
26,2020-02-18,116.36,118.56,119.61,113.04,34545,71.4111,15.3097,0.21438823936334825
27,2020-02-19,118.14,116.71,119.4,116.23,31356,70.1624,15.0419,0.21438690808752264
28,2020-02-20,119.26,114.7,119.26,111.97,58648,73.7475,15.8105,0.21438692837045323
29,2020-02-21,116.04,116.04,116.27,112.49,31225,75.4897,16.1841,0.2143881880574436
30,2020-02-24,114.49,117.11,119.13,113.71,38886,76.4767,16.3956,0.21438686554205402
31,2020-02-25,116.36,117.87,121.38,114.03,45444,76.6579,16.4345,0.2143875582294845
32,2020-02-26,117.79,115.48,119.02,114.51,33909,78.3095,16.7886,0.21438778181446694
33,2020-02-27,115.31,121.84,125.14,115.1,63291,78.1484,16.754,0.21438698680971077
34,2020-02-28,119.51,123.71,128.96,117.3,60179,78.4304,16.8145,0.2143875334054142
35,2020-03-02,123.75,131.9,135.89,123.75,92139,78.38,16.8037,0.2143875988772646
36,2020-03-03,135.68,127.87,135.68,126.54,63769,77.5945,16.6353,0.2143876176790881
37,2020-03-04,126.86,124.46,127.8,123.35,59612,75.2984,16.143,0.21438702548792538
38,2020-03-05,125.81,123.64,125.95,122.66,43615,71.9046,15.4154,0.2143868403412299
39,2020-03-06,122.83,123.31,124.84,121.82,45624,72.1463,15.4673,0.21438798663271713
40,2020-03-09,121.78,118.96,124.0,117.62,47682,72.7606,15.599,0.2143880066959316
41,2020-03-10,117.72,120.12,122.2,115.56,52903,72.6095,15.5666,0.21438792444514837
42,2020-03-11,120.75,117.01,121.25,117.01,32703,72.6599,15.5774,0.2143878535478304
43,2020-03-12,115.48,115.16,118.04,113.84,40685,73.9288,15.8494,0.21438735648353552
44,2020-03-13,107.64,114.82,116.36,107.64,38713,71.5924,15.3485,0.21438728133153798
45,2020-03-16,116.13,108.06,116.27,107.79,58126,72.0556,15.4478,0.21438722319986234
46,2020-03-17,109.32,108.8,111.11,104.81,41338,71.7737,15.3874,0.21438772140770224
47,2020-03-18,109.68,107.01,113.5,107.01,41728,71.7434,15.3809,0.2143876649280631
48,2020-03-19,107.75,104.43,110.02,101.2,72849,71.8039,15.3939,0.21438807641367671
49,2020-03-20,106.28,110.44,112.16,105.75,81047,72.388,15.5191,0.21438774382494336
50,2020-03-23,108.17,114.76,117.24,107.29,92140,72.3275,15.5061,0.21438733538418997
51,2020-03-24,116.44,124.55,124.95,115.73,66274,68.3295,14.649,0.2143876363796018
52,2020-03-25,127.0,124.76,132.65,121.75,62780,65.2579,13.9905,0.21438783656844612
53,2020-03-26,124.82,122.8,126.23,122.8,29217,65.3083,14.0013,0.21438775775820224
54,2020-03-27,124.76,124.67,126.96,123.48,42290,63.8984,13.699,0.21438721470334154
55,2020-03-30,121.61,129.27,131.27,121.61,51021,64.6537,13.8609,0.2143868023021111
56,2020-03-31,130.09,131.06,132.11,127.99,25413,68.1381,14.608,0.21438813233712126
57,2020-04-01,130.01,128.75,132.63,128.12,28310,70.4645,15.1067,0.21438738655635106
58,2020-04-02,128.83,131.06,131.18,126.37,33130,71.4917,15.3269,0.21438712465922619
59,2020-04-03,131.06,130.43,132.95,128.96,23589,67.5943,14.4914,0.21438789957141355
60,2020-04-07,132.11,139.5,142.73,132.11,69278,65.973,14.1438,0.21438770406075214
61,2020-04-08,138.41,135.85,139.27,134.42,46196,67.6447,14.5022,0.21438782343627807
62,2020-04-09,136.64,140.51,142.36,134.65,37048,65.4594,14.0337,0.2143878495678237
63,2020-04-10,141.35,141.45,146.56,139.77,40716,64.4523,13.8178,0.2143880047725217
64,2020-04-13,141.45,146.7,150.76,140.09,38794,63.2841,13.5673,0.2143871841426203
65,2020-04-14,146.81,148.93,149.62,143.62,48133,63.4452,15.2232,0.23994250156040173
66,2020-04-15,150.38,147.63,150.38,145.15,30732,60.5247,14.5224,0.23994170974825152
67,2020-04-16,145.21,147.23,147.63,143.97,26888,61.562,14.7713,0.2399418472434294
68,2020-04-17,147.27,144.04,151.74,143.68,48189,63.6668,15.2763,0.23994138232171242
69,2020-04-20,146.05,146.03,149.58,145.0,38090,61.6325,14.7882,0.2399415892589137
70,2020-04-21,148.03,145.61,148.66,143.97,29302,61.1995,14.6843,0.23994150279005547
71,2020-04-22,147.27,146.39,147.27,143.09,33422,61.0685,14.6529,0.23994203230798203
72,2020-04-23,146.39,144.73,148.26,143.91,24617,60.6859,14.5611,0.23994206232419724
73,2020-04-24,144.71,143.74,146.39,143.09,28713,60.4643,14.5079,0.23994158536524857
74,2020-04-27,144.29,147.65,149.73,143.97,35331,63.5056,15.2377,0.2399426192335794
75,2020-04-28,147.96,151.95,152.69,146.28,35242,63.4452,15.2232,0.23994250156040173
76,2020-04-29,151.95,150.76,152.6,145.55,34274,63.6265,15.2667,0.23994247679818945
77,2020-04-30,151.83,147.65,155.21,147.08,38867,64.6336,15.5083,0.23994176403604317
78,2020-05-06,148.07,150.5,150.92,144.6,42843,66.8088,16.0302,0.23994144483960195
79,2020-05-07,152.44,153.67,154.72,150.4,28964,65.0364,15.605,0.23994255524598532
80,2020-05-08,156.38,156.97,157.94,152.79,27627,63.3445,15.199,0.23994190497991144
81,2020-05-11,157.35,153.84,159.41,153.28,37812,61.3304,14.7157,0.23994136676101901
82,2020-05-12,155.92,160.88,164.64,155.61,50531,61.2297,14.6916,0.2399423809033851
83,2020-05-13,159.41,160.67,161.3,157.48,37493,62.2367,14.9332,0.23994202777460888
84,2020-05-14,160.67,156.99,161.51,155.44,35401,61.2196,14.6891,0.2399411299649132
85,2020-05-15,158.36,154.2,158.36,154.16,40100,59.3565,14.2421,0.23994170815327726
86,2020-05-18,155.21,157.92,158.61,152.79,30337,59.6083,14.3025,0.2399414175542668
87,2020-05-19,158.06,156.89,158.53,156.36,22468,62.4079,14.9743,0.23994237908982677
88,2020-05-20,158.4,151.78,158.42,151.76,32229,61.4915,14.7544,0.2399421058195035
89,2020-05-21,152.18,150.9,153.7,149.75,36766,62.0253,14.8825,0.23994241059696608
90,2020-05-22,150.57,148.93,154.2,146.81,51875,60.0413,14.4064,0.23994150692939692
91,2020-05-25,149.54,152.65,154.49,148.95,31595,58.4099,14.015,0.23994220157884194
92,2020-05-26,153.34,152.46,154.83,151.36,29044,55.5498,13.3287,0.23994145793504207
93,2020-05-27,151.64,145.11,152.27,142.96,71669,60.0715,14.4137,0.23994240197098457
94,2020-05-28,145.34,148.97,153.53,144.71,66781,60.1723,14.4378,0.23994096951587357
95,2020-05-29,147.75,156.43,156.89,144.88,59450,60.4039,14.4934,0.23994146073349568
96,2020-06-01,159.01,155.63,159.01,152.71,55871,58.3998,14.0126,0.2399426025431594
97,2020-06-02,156.68,148.28,156.89,147.86,62202,56.0936,13.4592,0.23994181154356287
98,2020-06-03,147.96,152.18,155.02,147.54,53636,54.6837,13.1209,0.23994170109191587
99,2020-06-04,152.23,153.84,154.49,151.34,32432,54.9758,13.191,0.23994193808912287
100,2020-06-05,154.58,158.57,158.69,153.88,42780,52.5488,12.6086,0.23994077885698625
101,2020-06-08,160.25,155.21,160.25,154.96,36147,51.3906,12.3308,0.239942713258845
102,2020-06-09,156.85,156.36,158.04,152.86,36577,50.7864,12.1858,0.2399421892475151
103,2020-06-10,155.42,161.65,162.43,155.21,47739,53.6263,12.8672,0.239941968772785
104,2020-06-11,161.65,160.54,163.71,158.36,50053,54.5721,11.9259,0.2185347457766881
105,2020-06-12,157.94,158.67,162.2,157.37,58695,51.1631,11.1809,0.21853445158717902
106,2020-06-15,159.41,157.1,162.24,156.34,36373,51.8912,11.34,0.21853416378885052
107,2020-06-16,158.11,157.06,159.3,155.52,40400,51.653,11.2879,0.21853328945075795
108,2020-06-17,157.6,158.29,158.78,155.29,33861,49.5232,10.8225,0.21853393964848797
109,2020-06-18,156.91,153.46,158.27,153.11,41314,50.3874,11.0114,0.2185347924282658
110,2020-06-19,154.28,157.41,157.85,152.5,46568,49.1081,10.7318,0.2185342132967881
111,2020-06-22,158.15,154.75,159.32,154.26,32495,50.6732,11.0738,0.21853366276453826
112,2020-06-23,155.38,161.32,162.31,151.01,67643,50.2717,10.9861,0.21853448361603048
113,2020-06-24,162.91,162.05,165.01,161.28,48614,50.2853,10.9891,0.21853503906708324
114,2020-06-29,162.03,159.81,162.05,159.55,32437,50.7956,11.1006,0.2185346762317996
115,2020-06-30,160.33,170.33,171.38,160.04,39346,51.4012,11.2329,0.21853380854921675
116,2020-07-01,172.24,168.67,178.12,167.27,77072,51.7619,11.3117,0.21853332277215481
117,2020-07-02,168.23,159.9,169.07,158.72,160628,50.0471,10.937,0.21853414083932934
118,2020-07-03,161.36,161.77,163.04,158.72,116498,49.6729,10.8552,0.21853364711945547
119,2020-07-06,161.74,165.34,166.21,160.18,151607,50.7616,11.0931,0.2185333007627813
120,2020-07-07,165.34,172.83,175.23,165.34,113539,49.2306,10.7586,0.21853481371342212
121,2020-07-08,172.83,171.93,173.49,166.9,113875,48.693,10.6411,0.2185344916107038
122,2020-07-09,171.78,176.28,178.77,167.92,96198,47.4274,10.3645,0.21853401198463335
123,2020-07-10,174.88,183.4,183.99,174.82,88106,49.809,10.885,0.21853480294725852
124,2020-07-13,183.93,189.59,191.2,183.93,78531,50.0676,10.9415,0.21853454130016217
125,2020-07-14,189.68,188.87,190.42,183.59,66508,47.652,10.4136,0.21853437421304459
126,2020-07-15,189.03,188.56,192.72,186.17,78186,46.3999,10.14,0.21853495373912443
127,2020-07-16,189.65,174.6,190.8,174.11,100370,48.7815,10.6604,0.21853366542644237
128,2020-07-17,174.95,183.43,184.05,171.25,81197,48.8427,10.6738,0.21853419241770008
129,2020-07-20,185.51,188.47,188.68,180.32,76017,47.6383,10.4106,0.21853424660409798
130,2020-07-21,189.46,194.59,195.49,186.85,71617,48.278,10.5504,0.218534322051452
131,2020-07-22,194.59,192.94,196.86,191.51,84778,48.5638,10.6128,0.21853314608823857
132,2020-07-23,188.09,195.77,198.04,185.39,84744,50.2173,10.9742,0.21853425014885308
133,2020-07-24,195.58,187.13,198.04,186.23,89234,50.5507,11.047,0.21853307669330002
134,2020-07-27,187.19,186.35,190.8,184.99,51091,49.3463,10.7838,0.21853310177257462
135,2020-07-28,188.09,192.1,192.29,184.08,63466,50.2513,10.9816,0.2185336498757246
136,2020-07-29,190.95,195.24,195.43,190.64,55542,51.4421,11.2418,0.21853306921762522
137,2020-07-30,195.27,192.13,196.8,191.57,52664,51.5101,11.2567,0.21853384093604944
138,2020-07-31,191.26,192.44,196.11,191.23,46987,49.2306,10.7586,0.21853481371342212
139,2020-08-03,193.22,198.66,198.82,193.22,62915,50.2445,10.9801,0.2185333718118401
140,2020-08-04,200.53,203.88,205.96,197.7,70899,49.1762,10.7467,0.2185345756687178
141,2020-08-05,203.17,209.35,210.13,200.56,70118,48.1487,10.5221,0.21853341834774356
142,2020-08-06,208.2,202.64,208.2,200.99,67146,47.2233,10.3199,0.21853407110473008
143,2020-08-07,202.64,199.53,205.06,194.62,55340,74.7226,12.0354,0.161067735865722
144,2020-08-10,199.0,198.97,201.61,194.0,44627,75.3235,12.1322,0.1610679270081714
145,2020-08-11,198.29,199.16,203.07,198.29,43178,73.1623,11.7841,0.16106792706079498
146,2020-08-12,197.98,189.77,198.23,187.19,70636,71.2015,11.4682,0.16106683145720244
147,2020-08-13,190.14,190.46,193.56,188.09,33013,71.697,11.548,0.16106671129893857
148,2020-08-14,190.49,191.64,193.91,188.12,35159,72.5298,11.6822,0.16106758877040886
149,2020-08-17,192.48,192.04,193.94,189.99,38025,72.1398,11.6194,0.1610678155470351
150,2020-08-18,191.67,193.38,196.67,190.33,60091,72.3506,11.6533,0.16106708168280567
151,2020-08-19,193.53,199.66,201.46,191.33,77238,71.3491,11.492,0.16106720337046998
152,2020-08-20,199.34,193.16,200.84,192.13,60679,72.9515,11.7501,0.16106728442869578
153,2020-08-21,193.19,189.96,195.24,189.03,54540,73.1518,11.7824,0.16106780694391665
154,2020-08-24,193.1,198.97,199.1,191.39,57331,73.8054,11.8876,0.16106680540990226
155,2020-08-25,204.97,198.47,205.19,196.98,80625,72.688,11.7077,0.16106785163988555
156,2020-08-26,199.81,202.08,203.01,195.86,97360,70.0524,11.2832,0.16106800052532105
157,2020-08-27,204.26,205.19,206.12,201.68,50927,69.578,11.2067,0.1610667164908448
158,2020-08-28,205.19,211.93,212.96,204.13,73838,67.2377,10.8298,0.16106737737905966
159,2020-08-31,211.93,206.77,215.44,206.71,65113,69.072,11.1252,0.1610667129951355
160,2020-09-01,207.05,211.78,212.3,207.05,53821,64.5178,10.3917,0.1610671783600805
161,2020-09-02,210.32,223.8,225.7,210.16,85176,64.8341,10.4426,0.1610664758205944
162,2020-09-03,223.65,220.63,226.94,218.02,69339,63.6744,10.2559,0.1610678702901009
163,2020-09-04,216.62,213.45,219.14,211.4,89463,64.8341,10.4426,0.1610664758205944
164,2020-09-07,214.73,202.7,215.26,202.39,83995,63.938,10.2983,0.1610669711282805
165,2020-09-08,202.08,200.37,205.78,197.51,66138,61.6293,9.9265,0.16106786869232656
166,2020-09-09,198.35,204.72,207.18,191.7,101964,60.691,9.7753,0.161066714998929
167,2020-09-10,206.03,204.57,211.99,202.08,56107,61.6714,9.9333,0.16106817746962124
168,2020-09-11,203.79,214.05,214.17,202.11,73226,61.566,9.9163,0.16106779716077055
169,2020-09-14,214.14,226.38,226.94,213.02,96683,56.6534,9.125,0.16106712041995716
170,2020-09-15,223.84,226.57,227.6,222.9,44945,54.4817,8.7752,0.16106692705991188
171,2020-09-16,226.07,224.77,227.78,220.73,39258,51.4667,8.2896,0.16106725319478418
172,2020-09-17,224.64,224.58,226.66,219.42,41777,52.7633,8.4984,0.16106649887326988
173,2020-09-18,226.1,224.67,226.1,218.86,46704,53.6594,8.6428,0.16106777190948837
174,2020-09-21,223.99,225.54,226.79,222.31,29836,53.2904,8.5833,0.16106653355951542
175,2020-09-22,222.9,224.12,226.48,222.59,36319,56.685,9.1301,0.16106730175531447
176,2020-09-23,226.23,231.33,231.61,225.73,55612,56.8537,9.1573,0.16106779330105161
177,2020-09-24,227.19,227.41,229.87,222.93,50904,57.7814,9.3067,0.161067402312855
178,2020-09-25,228.44,227.25,229.43,224.21,28760,59.3416,9.558,0.16106744678269544
179,2020-09-28,228.78,227.72,233.13,224.3,74643,58.7618,9.4646,0.16106722394480769
180,2020-09-29,228.72,225.82,229.68,221.35,35596,60.944,9.8161,0.16106753741139407
181,2020-09-30,226.97,225.08,228.65,223.87,31782,61.1127,9.8433,0.1610679940503365
182,2020-10-09,227.57,235.55,235.55,225.54,71597,61.5238,9.9095,0.16106774939129245
183,2020-10-12,234.81,242.64,244.16,234.81,63778,63.2317,10.1846,0.1610679453501962
184,2020-10-13,243.11,245.06,245.75,239.62,43886,65.2558,10.5106,0.1610676752104794
185,2020-10-14,243.51,245.22,251.78,241.24,50188,61.1443,9.8484,0.16106816170926808
186,2020-10-15,245.9,244.35,247.15,242.83,34691,60.2061,9.6972,0.1610667357626553
187,2020-10-16,243.73,244.85,249.76,242.48,36838,57.0118,9.1827,0.16106665637639928
188,2020-10-19,247.33,239.75,248.7,238.38,48835,58.2136,9.3763,0.1610671733065813
189,2020-10-20,236.42,239.19,240.34,233.75,52653,57.8341,9.3152,0.16106760544384716
190,2020-10-21,239.38,236.14,239.69,235.06,29643,57.2964,9.2286,0.16106771106038076
191,2020-10-22,235.8,230.77,236.14,227.47,54062,56.6218,9.1199,0.1610669388821973
192,2020-10-23,230.83,219.7,235.46,216.41,68891,57.6338,9.2829,0.1610669433561556
193,2020-10-26,219.48,223.56,226.82,212.96,51569,58.5615,9.4323,0.1610665710407008
194,2020-10-27,221.44,233.38,234.93,221.38,79121,57.4546,9.2541,0.16106804328983232
195,2020-10-28,234.59,243.35,244.04,234.59,71103,55.5148,8.9416,0.16106695872091764
196,2020-10-29,239.41,243.2,247.52,238.23,50449,53.1534,8.5613,0.16106777741405065
197,2020-10-30,245.56,238.32,246.99,236.76,56841,53.2483,8.5766,0.16106805287680545
198,2020-11-02,238.63,251.22,252.06,238.32,74308,51.9938,8.3745,0.16106728109890023
199,2020-11-03,251.81,250.1,252.71,244.47,67651,50.8763,8.1945,0.16106713735079004
200,2020-11-04,250.1,250.28,251.65,247.33,37472,49.685,8.0026,0.1610667203381302
201,2020-11-05,251.81,251.84,254.2,247.18,40968,49.0209,7.8957,0.16106803424661725
202,2020-11-06,251.84,265.17,265.79,251.25,78742,49.7694,8.0162,0.16106684026731286
203,2020-11-09,265.17,275.37,275.74,261.26,71883,50.4968,8.1334,0.16106763200836488
204,2020-11-10,275.37,275.43,278.78,270.64,58358,47.9034,7.7157,0.1610678991470334
205,2020-11-11,273.78,286.59,297.46,273.63,80134,53.2272,8.5732,0.16106802537048726
206,2020-11-12,282.89,286.93,295.29,278.54,54257,54.9034,8.8431,0.1610665277560224
207,2020-11-13,287.05,290.04,291.31,279.78,72668,53.5435,8.6241,0.16106716968446216
208,2020-11-16,284.44,276.24,287.52,273.56,114968,52.7317,8.4934,0.16106819996320998
209,2020-11-17,272.94,275.74,282.11,266.45,87031,52.0148,8.3779,0.16106761921606927
210,2020-11-18,273.38,271.73,273.56,265.11,58940,51.1504,8.2387,0.16106814413963527
211,2020-11-19,267.97,271.76,279.44,267.84,75774,51.2347,8.2522,0.16106662086437515
212,2020-11-20,272.85,278.26,279.28,269.77,59635,51.6353,8.3168,0.16106810650853196
213,2020-11-23,279.16,290.88,293.45,278.23,72855,52.2257,8.4119,0.1610682097128425
214,2020-11-24,288.48,290.04,290.88,282.83,47257,52.7106,8.49,0.16106817224618958
215,2020-11-25,290.97,282.33,291.28,280.03,50085,50.7182,8.169,0.1610664416323923
216,2020-11-26,282.23,279.72,286.24,275.52,45455,48.789,7.8583,0.16106704380085674
217,2020-11-27,279.93,285.62,286.0,275.99,43206,49.7799,8.0179,0.16106701700887305
218,2020-11-30,282.89,287.64,290.94,276.7,82159,49.5796,7.9857,0.16106826194644572
219,2020-12-01,287.55,305.2,305.2,283.82,91208,51.1188,8.2336,0.16106794369194893
