,日期,开盘,收盘,最高,最低,成交量,pe,pb,roe
0,2020-01-03,12.0,11.89,12.04,11.83,675407,5.8292,0.6558,0.11250257325190421
1,2020-01-06,11.82,11.79,11.92,11.76,689242,5.7754,0.6498,0.11251168750216435
2,2020-01-07,11.81,11.88,11.88,11.76,449288,5.7754,0.6498,0.11251168750216435
3,2020-01-08,11.82,11.65,11.83,11.61,614686,5.6947,0.6407,0.11250812158673855
4,2020-01-09,11.73,11.74,11.81,11.68,430366,5.6813,0.6392,0.11250946086283069
5,2020-01-10,11.76,11.66,11.79,11.61,384502,5.7687,0.649,0.11250368367223118
6,2020-01-13,11.64,11.71,11.72,11.61,340381,5.7754,0.6498,0.11251168750216435
7,2020-01-14,11.72,11.73,11.78,11.69,294275,5.7015,0.6415,0.11251425063579759
8,2020-01-15,11.72,11.57,11.75,11.54,399488,5.7082,0.6422,0.11250481763077678
9,2020-01-16,11.57,11.47,11.59,11.45,341627,5.7149,0.643,0.11251290486272726
10,2020-01-17,11.49,11.44,11.53,11.42,281574,5.6947,0.6407,0.11250812158673855
11,2020-01-20,11.45,11.5,11.54,11.37,334815,5.6947,0.6407,0.11250812158673855
12,2020-01-21,11.52,11.28,11.52,11.23,512560,5.6208,0.6324,0.11251067463706234
13,2020-01-22,11.25,11.23,11.28,11.14,447685,5.6947,0.6407,0.11250812158673855
14,2020-01-23,11.18,10.97,11.2,10.9,533436,5.8292,0.6558,0.11250257325190421
15,2020-02-03,10.03,10.03,10.13,10.03,608169,5.6544,0.6362,0.11251414827391058
16,2020-02-04,9.8,10.03,10.13,9.8,872722,5.7015,0.6415,0.11251425063579759
17,2020-02-05,10.02,10.15,10.27,10.0,779054,5.6477,0.6354,0.11250597588398815
18,2020-02-06,10.2,10.31,10.4,10.1,629715,5.6275,0.6331,0.11250111061750333
19,2020-02-07,10.27,10.32,10.33,10.17,468397,5.567,0.6263,0.11250224537452846
20,2020-02-10,10.3,10.44,10.53,10.24,496563,5.5804,0.6279,0.11251881585549423
21,2020-02-11,10.48,10.51,10.62,10.44,484176,5.5334,0.6226,0.11251671666606426
22,2020-02-12,10.51,10.59,10.61,10.49,349633,5.6006,0.6473,0.11557690247473484
23,2020-02-13,10.64,10.65,10.82,10.6,504724,5.6275,0.6504,0.11557529986672589
24,2020-02-14,10.64,10.69,10.7,10.59,323705,5.6342,0.6512,0.11557985162046076
25,2020-02-17,10.7,10.84,10.85,10.67,495939,5.6342,0.6512,0.11557985162046076
26,2020-02-18,10.93,10.8,10.97,10.73,493950,5.7015,0.6589,0.11556607910199071
27,2020-02-19,10.79,10.83,10.9,10.74,447405,5.7149,0.6605,0.11557507567936447
28,2020-02-20,10.85,10.93,10.94,10.76,489431,5.6678,0.655,0.11556512226966373
29,2020-02-21,10.93,10.88,10.99,10.83,527114,5.7082,0.6597,0.11557058267054413
30,2020-02-24,10.87,10.74,10.91,10.73,642280,5.6477,0.6527,0.1155691697505179
31,2020-02-25,10.57,10.52,10.61,10.4,771204,5.6477,0.6527,0.1155691697505179
32,2020-02-26,10.42,11.02,11.22,10.38,2220142,5.6409,0.6519,0.11556666489389991
33,2020-02-27,11.08,10.96,11.14,10.92,997953,5.6409,0.6519,0.11556666489389991
34,2020-02-28,10.79,11.05,11.31,10.75,1865882,5.6409,0.6519,0.11556666489389991
35,2020-03-02,11.23,12.0,12.0,11.18,2218488,5.7015,0.6589,0.11556607910199071
36,2020-03-03,12.54,12.08,12.54,12.0,2714498,5.7351,0.6628,0.1155690397726282
37,2020-03-04,12.0,12.5,12.72,11.93,2197737,5.6477,0.6527,0.1155691697505179
38,2020-03-05,12.54,12.45,12.79,12.31,1780139,5.5737,0.6442,0.11557852055187758
39,2020-03-06,12.3,12.02,12.42,11.98,1629914,5.6141,0.6488,0.11556616376623147
40,2020-03-09,11.84,11.69,11.94,11.66,1296006,5.6208,0.6496,0.11557073726159976
41,2020-03-10,11.7,12.22,12.23,11.69,1714959,5.6342,0.6512,0.11557985162046076
42,2020-03-11,12.21,12.09,12.37,12.02,1058919,5.6678,0.655,0.11556512226966373
43,2020-03-12,11.94,12.18,12.32,11.8,1263409,5.7418,0.6636,0.11557351353234177
44,2020-03-13,11.71,12.21,12.35,11.7,1481423,5.7889,0.669,0.11556599699424762
45,2020-03-16,12.25,11.95,12.51,11.88,1524570,5.9032,0.6822,0.11556443962596558
46,2020-03-17,12.08,11.79,12.23,11.5,1196661,5.9301,0.6853,0.11556297532925246
47,2020-03-18,11.85,11.48,12.03,11.48,937368,5.7956,0.6698,0.11557043274208019
48,2020-03-19,11.5,11.3,11.59,10.95,1192642,5.8225,0.6729,0.11556891369686562
49,2020-03-20,11.37,11.34,11.54,11.19,890522,5.7956,0.6698,0.11557043274208019
50,2020-03-23,11.1,11.06,11.37,11.0,758493,5.7754,0.6675,0.11557641029192782
51,2020-03-24,11.2,11.1,11.26,10.91,806245,5.7754,0.6675,0.11557641029192782
52,2020-03-25,11.28,11.21,11.4,11.03,1362255,5.8158,0.6721,0.11556449671584305
53,2020-03-26,11.09,10.92,11.1,10.91,853148,5.8763,0.6791,0.11556591732893148
54,2020-03-27,11.03,11.28,11.46,10.88,1784770,5.9032,0.6822,0.11556443962596558
55,2020-03-30,11.21,11.7,11.71,11.16,1552640,5.8494,0.676,0.11556740862310665
56,2020-03-31,11.65,11.38,11.65,11.34,1209243,5.883,0.6799,0.11557028726840046
57,2020-04-01,11.43,11.27,11.56,11.25,916825,5.9166,0.6838,0.11557313321840246
58,2020-04-02,11.17,11.39,11.39,11.12,585230,5.9435,0.6869,0.11557163287625136
59,2020-04-03,11.34,11.22,11.37,11.2,511661,6.0107,0.6947,0.11557722062322191
60,2020-04-07,11.34,11.43,11.46,11.25,954181,6.004,0.6939,0.11557295136575617
61,2020-04-08,11.37,11.37,11.43,11.29,617798,5.9704,0.7135,0.119506230738309
62,2020-04-09,11.42,11.37,11.54,11.35,582417,5.8695,0.7014,0.11949910554561717
63,2020-04-10,11.37,11.1,11.38,11.1,615528,5.8897,0.7039,0.11951372735453418
64,2020-04-13,11.05,11.14,11.19,11.03,410607,5.9704,0.7135,0.119506230738309
65,2020-04-14,11.15,11.2,11.2,11.1,451110,5.9973,0.7167,0.11950377669951479
66,2020-04-15,11.19,11.04,11.19,11.0,496447,6.0309,0.7207,0.11950123530484671
67,2020-04-16,11.03,11.0,11.06,10.94,589599,6.0309,0.7207,0.11950123530484671
68,2020-04-17,11.12,11.43,11.6,11.08,1474247,6.1049,0.7296,0.1195105570934823
69,2020-04-20,11.56,11.56,11.8,11.52,1333603,6.1183,0.7312,0.11951032149453279
70,2020-04-21,11.52,11.6,11.69,11.42,1017221,6.2326,0.7448,0.11950068992073935
71,2020-04-22,11.51,11.52,11.55,11.43,581147,6.125,0.732,0.11951020408163265
72,2020-04-23,11.6,11.37,11.6,11.35,561191,6.0981,0.7288,0.11951263508305866
73,2020-04-24,11.35,11.28,11.37,11.24,416114,6.0914,0.728,0.1195127556883475
74,2020-04-27,11.28,11.35,11.47,11.28,458251,6.0444,0.7223,0.11949904043412084
75,2020-04-28,11.35,11.22,11.38,11.01,563459,6.1788,0.7384,0.1195054055803716
76,2020-04-29,11.18,11.23,11.28,11.12,324212,5.9838,0.7151,0.11950599953206992
77,2020-04-30,11.23,11.33,11.37,11.21,643617,6.0645,0.7247,0.11949872207106935
78,2020-05-06,11.33,11.41,11.58,11.32,939157,6.0578,0.7239,0.11949882795734425
79,2020-05-07,11.38,11.26,11.4,11.26,475093,6.1855,0.7392,0.11950529464069193
80,2020-05-08,11.29,11.31,11.32,11.25,448223,5.9906,0.7159,0.11950388942676861
81,2020-05-11,11.35,11.41,11.58,11.3,803885,5.9099,0.7063,0.11951132844887392
82,2020-05-12,11.43,11.24,11.45,11.21,620605,5.9301,0.7087,0.11950894588624138
83,2020-05-13,11.18,11.19,11.21,11.12,563681,5.9435,0.7103,0.11950870699083033
84,2020-05-14,11.13,11.03,11.15,11.01,549896,5.8628,0.7006,0.11949921539196288
85,2020-05-15,11.06,11.02,11.09,11.0,365069,5.8427,0.6982,0.11949954644256937
86,2020-05-18,11.15,11.06,11.18,11.05,416143,6.0645,0.7127,0.11751999340423779
87,2020-05-19,11.1,11.08,11.13,11.06,357278,6.1855,0.7269,0.11751677309837523
88,2020-05-20,11.08,10.98,11.08,10.95,417108,6.2192,0.7309,0.11752315410342166
89,2020-05-21,11.02,10.77,11.02,10.77,603373,6.2595,0.7356,0.11751737359213996
90,2020-05-22,10.79,10.57,10.79,10.56,611623,6.3066,0.7412,0.11752766942568102
91,2020-05-25,10.56,10.42,10.58,10.4,514288,6.0444,0.7103,0.11751373171861558
92,2020-05-26,10.44,10.47,10.49,10.43,409109,6.0444,0.7103,0.11751373171861558
93,2020-05-27,10.46,10.35,10.46,10.29,450926,6.1452,0.7222,0.11752261928008852
94,2020-05-28,10.37,10.33,10.49,10.31,475510,6.3335,0.7443,0.1175179600536828
95,2020-05-29,10.31,10.2,10.31,10.16,641224,6.394,0.7514,0.11751642164529245
96,2020-06-01,10.22,10.33,10.36,10.21,648771,6.3066,0.7412,0.11752766942568102
97,2020-06-02,10.34,10.42,10.47,10.32,516805,6.5083,0.7649,0.11752685032957916
98,2020-06-03,10.44,10.36,10.48,10.36,598683,6.4881,0.7625,0.1175228495245141
99,2020-06-04,10.37,10.26,10.4,10.25,391272,6.3872,0.7506,0.11751628256513026
100,2020-06-05,10.26,10.3,10.3,10.2,324500,6.4814,0.7617,0.11752090597710373
101,2020-06-08,10.32,10.29,10.34,10.26,400745,6.0376,0.7096,0.11753014442824963
102,2020-06-09,10.28,10.36,10.38,10.25,474775,5.9637,0.7009,0.11752770930797994
103,2020-06-10,10.34,10.24,10.34,10.24,406000,5.8359,0.6859,0.11753114343974365
104,2020-06-11,10.25,10.11,10.26,10.11,620917,5.6342,0.6622,0.11753221397891449
105,2020-06-12,9.98,10.05,10.07,9.95,628635,5.6208,0.6606,0.11752775405636208
106,2020-06-15,10.03,9.92,10.03,9.92,708812,5.6947,0.6693,0.1175303352239802
107,2020-06-16,9.99,10.08,10.1,9.95,664374,5.6678,0.6661,0.11752355411270687
108,2020-06-17,10.09,10.07,10.17,10.04,346680,5.7552,0.6764,0.11752849596886293
109,2020-06-18,10.07,10.17,10.23,10.04,479822,5.8023,0.6819,0.11752236182203608
110,2020-06-19,10.16,10.18,10.2,10.12,443092,5.7956,0.6811,0.11752018772862172
111,2020-06-22,10.18,10.11,10.19,10.07,420918,5.7284,0.6732,0.11751972627609805
112,2020-06-23,10.08,9.98,10.09,9.97,524192,5.7351,0.674,0.11752192638314939
113,2020-06-24,10.01,10.02,10.03,9.97,357127,5.6275,0.6614,0.11752998667258995
114,2020-06-29,9.97,9.91,9.99,9.88,453723,5.7149,0.6716,0.11751736688306007
115,2020-06-30,9.95,9.93,9.99,9.93,327244,5.7552,0.6764,0.11752849596886293
116,2020-07-01,9.95,10.23,10.24,9.91,1037024,5.8427,0.6866,0.11751416297259829
117,2020-07-02,10.2,10.42,10.44,10.16,1250474,5.9233,0.6961,0.11751895058497797
118,2020-07-03,10.46,10.53,10.64,10.4,1441473,5.8763,0.6906,0.11752293109609789
119,2020-07-06,10.64,11.19,11.27,10.64,2355660,5.883,0.6914,0.11752507224205337
120,2020-07-07,11.35,11.05,11.54,11.0,1937686,5.8561,0.6882,0.11751848499854854
121,2020-07-08,11.04,11.2,11.22,10.98,1529402,5.9233,0.6961,0.11751895058497797
122,2020-07-09,11.21,11.23,11.27,11.05,1472931,5.9637,0.7009,0.11752770930797994
123,2020-07-10,11.15,10.93,11.29,10.93,1392232,5.9032,0.6938,0.11752947553869088
124,2020-07-13,10.91,11.06,11.16,10.85,1322109,5.8158,0.6835,0.11752467416348567
125,2020-07-14,11.08,10.97,11.16,10.87,1046327,5.9032,0.6938,0.11752947553869088
126,2020-07-15,11.01,10.69,11.08,10.68,1020425,5.9166,0.6953,0.11751681709089681
127,2020-07-16,10.7,10.54,10.87,10.53,903734,5.9973,0.7048,0.11751955046437564
128,2020-07-17,10.6,10.54,10.64,10.47,653326,5.9637,0.7009,0.11752770930797994
129,2020-07-20,10.6,10.93,10.93,10.58,1048421,6.0645,0.7127,0.11751999340423779
130,2020-07-21,10.97,10.86,11.01,10.8,605749,6.199,0.7285,0.11751895467010809
131,2020-07-22,10.86,10.8,10.94,10.78,648129,6.3402,0.7451,0.11751995205198573
132,2020-07-23,10.73,10.75,10.81,10.53,785630,6.4074,0.753,0.11752036707556887
133,2020-07-24,10.75,10.57,10.84,10.53,688733,6.394,0.7514,0.11751642164529245
134,2020-07-27,10.63,10.45,10.64,10.42,436263,6.3671,0.7483,0.11752603225958443
135,2020-07-28,10.52,10.48,10.58,10.45,372832,6.3738,0.7491,0.11752800527158053
136,2020-07-29,10.46,10.6,10.6,10.39,437805,6.4814,0.7617,0.11752090597710373
137,2020-07-30,10.6,10.58,10.75,10.57,427179,6.515,0.7657,0.11752877973906371
138,2020-07-31,10.56,10.55,10.66,10.48,446409,6.6293,0.7791,0.11752372045313986
139,2020-08-03,10.58,10.67,10.69,10.58,597215,6.5621,0.7712,0.11752335380442236
140,2020-08-04,10.7,10.96,11.04,10.62,1336562,6.5284,0.7672,0.11751730898841982
141,2020-08-05,10.91,10.77,10.94,10.73,832954,6.6293,0.7791,0.11752372045313986
142,2020-08-06,10.79,10.78,10.89,10.66,477123,6.5755,0.7728,0.11752718424454416
143,2020-08-07,10.76,10.66,10.79,10.59,503373,6.5083,0.7743,0.11897115990350782
144,2020-08-10,10.7,10.95,11.04,10.67,1538486,6.5015,0.7735,0.11897254479735445
145,2020-08-11,10.95,10.75,10.98,10.74,836144,6.5889,0.7839,0.11897281792104905
146,2020-08-12,10.75,10.82,10.92,10.66,753348,6.5419,0.7783,0.11897155260704076
147,2020-08-13,10.9,10.83,10.94,10.8,500964,6.6024,0.7855,0.11897188901005694
148,2020-08-14,10.88,10.87,10.89,10.76,472828,6.7032,0.7975,0.11897302780761428
149,2020-08-17,10.9,11.03,11.08,10.84,1182518,6.757,0.8039,0.1189729169749889
150,2020-08-18,10.91,10.86,10.95,10.81,1453862,6.7301,0.8007,0.1189729721698043
151,2020-08-19,10.82,10.84,10.92,10.79,648185,6.6427,0.7903,0.11897270688123805
152,2020-08-20,10.81,10.73,10.81,10.71,522919,6.3536,0.7559,0.11897192143037018
153,2020-08-21,10.74,10.73,10.8,10.71,376251,6.3805,0.7591,0.11897186740851032
154,2020-08-24,10.75,10.68,10.78,10.68,384736,6.4881,0.7719,0.1189716558006196
155,2020-08-25,10.69,10.64,10.72,10.62,347261,6.4478,0.7671,0.1189708117497441
156,2020-08-26,10.62,10.52,10.67,10.51,413223,6.4209,0.7639,0.11897086078275632
157,2020-08-27,10.54,10.49,10.54,10.46,307201,6.6024,0.7855,0.11897188901005694
158,2020-08-28,10.53,10.64,10.65,10.51,379432,6.6024,0.7855,0.11897188901005694
159,2020-08-31,10.76,10.69,10.88,10.66,730972,6.6427,0.7903,0.11897270688123805
160,2020-09-01,10.66,10.7,10.74,10.65,300771,6.5015,0.7735,0.11897254479735445
161,2020-09-02,10.67,10.6,10.69,10.57,358340,6.6158,0.7871,0.11897276217539829
162,2020-09-03,10.61,10.56,10.67,10.55,342670,6.5352,0.7775,0.11897111029501775
163,2020-09-04,10.48,10.51,10.53,10.46,284489,6.6091,0.7863,0.11897232603531495
164,2020-09-07,10.5,10.46,10.6,10.45,315390,7.685,0.856,0.11138581652569941
165,2020-09-08,10.48,10.54,10.55,10.45,285108,7.367,0.8206,0.11138862494909732
166,2020-09-09,10.49,10.5,10.61,10.47,343075,7.0944,0.7902,0.11138362652232747
167,2020-09-10,10.54,10.41,10.57,10.37,418331,7.314,0.8147,0.11138911676237352
168,2020-09-11,10.38,10.35,10.43,10.31,305183,7.2307,0.8054,0.11138617284633577
169,2020-09-14,10.38,10.35,10.39,10.28,324992,7.2004,0.802,0.11138270096105772
170,2020-09-15,10.34,10.38,10.39,10.29,275266,7.4124,0.8256,0.11138092925368302
171,2020-09-16,10.35,10.42,10.5,10.31,394779,7.3821,0.8223,0.11139106758239525
172,2020-09-17,10.42,10.38,10.45,10.37,220193,7.5184,0.8374,0.11138008086826985
173,2020-09-18,10.39,10.58,10.58,10.39,617095,7.7531,0.8636,0.1113877029833228
174,2020-09-21,10.58,10.54,10.61,10.51,339044,7.8743,0.8771,0.11138767890479154
175,2020-09-22,10.49,10.37,10.52,10.36,329801,8.0711,0.899,0.111385065232744
176,2020-09-23,10.4,10.3,10.41,10.29,335256,8.0484,0.8965,0.111388598976194
177,2020-09-24,10.27,10.19,10.29,10.17,355882,7.9803,0.8889,0.11138678997030188
178,2020-09-25,10.21,10.14,10.23,10.11,271640,8.0787,0.8999,0.11139168430564325
179,2020-09-28,10.15,10.12,10.21,10.09,221467,7.6774,0.8552,0.1113918774585146
180,2020-09-29,10.15,10.11,10.18,10.11,190213,7.9273,0.883,0.1113872314659468
181,2020-09-30,10.13,10.05,10.15,10.02,264589,8.2528,0.9193,0.11139249709189608
182,2020-10-09,10.13,10.16,10.18,10.12,213050,8.2907,0.9235,0.11138987057787643
183,2020-10-12,10.16,10.29,10.32,10.12,374596,7.9727,0.888,0.11138008453848759
184,2020-10-13,10.27,10.24,10.27,10.2,227299,7.9121,0.8813,0.11138635760417588
185,2020-10-14,10.24,10.15,10.25,10.11,316629,7.1928,0.8012,0.1113891669447225
186,2020-10-15,10.15,10.15,10.17,10.09,254592,7.1247,0.7936,0.11138714612545089
187,2020-10-16,10.14,10.15,10.2,10.11,225275,7.1701,0.7987,0.11139314653909987
188,2020-10-19,10.15,10.16,10.29,10.14,365625,6.7916,0.7565,0.11138759644266447
189,2020-10-20,10.16,10.16,10.18,10.09,223790,6.9581,0.775,0.11138098044006267
190,2020-10-21,10.16,10.25,10.25,10.1,312105,7.0641,0.7868,0.11138007672598067
191,2020-10-22,10.24,10.19,10.24,10.14,214857,7.102,0.7911,0.11139115742044495
192,2020-10-23,10.16,10.26,10.31,10.16,510880,7.0263,0.7826,0.11138152370379859
193,2020-10-26,10.38,10.24,10.4,10.2,370442,7.0036,0.7801,0.1113855731338169
194,2020-10-27,10.17,10.14,10.23,10.13,293141,7.0338,0.7835,0.11139071341238022
195,2020-10-28,10.16,10.14,10.17,10.1,207442,6.9203,0.7708,0.11138245451786773
196,2020-10-29,10.1,10.13,10.16,10.09,202116,6.89,0.7674,0.11137880986937591
197,2020-10-30,10.15,10.09,10.21,10.05,284678,6.8446,0.7624,0.11138707886509072
198,2020-11-02,10.03,9.99,10.07,9.95,389082,6.784,0.7556,0.11137971698113208
199,2020-11-03,9.99,10.06,10.1,9.99,263507,6.731,0.7497,0.11138018125092855
200,2020-11-04,10.07,10.04,10.09,9.99,247029,6.6401,0.7396,0.11138386470083282
201,2020-11-05,10.07,10.13,10.14,10.05,355316,6.6326,0.7388,0.11138919880589813
202,2020-11-06,10.13,10.16,10.21,10.06,454944,6.5114,0.7253,0.11138925576680897
203,2020-11-09,10.22,10.24,10.28,10.19,511180,6.4206,0.7152,0.11139145874217361
204,2020-11-10,10.27,10.17,10.32,10.13,449401,6.4206,0.7152,0.11139145874217361
205,2020-11-11,10.16,10.43,10.54,10.12,1370844,7.1323,0.7944,0.11138062055718352
206,2020-11-12,10.39,10.23,10.39,10.21,720372,7.3291,0.8164,0.1113915760461721
207,2020-11-13,10.2,10.12,10.21,10.08,490698,7.367,0.8206,0.11138862494909732
208,2020-11-16,10.14,10.23,10.24,10.13,466765,7.5336,0.8391,0.11138101306148454
209,2020-11-17,10.23,10.23,10.27,10.18,436169,7.4881,0.8341,0.11139007224796676
210,2020-11-18,10.24,10.26,10.35,10.18,568821,7.5108,0.8366,0.11138627043723705
211,2020-11-19,10.25,10.25,10.33,10.22,304991,7.5866,0.845,0.11138059209659136
212,2020-11-20,10.24,10.24,10.26,10.14,376239,7.7077,0.8585,0.11138212436913736
213,2020-11-23,10.24,10.35,10.4,10.21,772273,7.6926,0.8568,0.11137976756883239
214,2020-11-24,10.34,10.34,10.39,10.3,417352,7.6547,0.8526,0.11138254928344678
215,2020-11-25,10.38,10.21,10.42,10.2,619062,7.7153,0.8594,0.1113890581053232
216,2020-11-26,10.21,10.23,10.24,10.17,309520,7.6471,0.8518,0.1113886309842947
217,2020-11-27,10.25,10.35,10.36,10.21,483251,7.8213,0.8712,0.11138813240765602
218,2020-11-30,10.39,10.35,10.58,10.34,1286433,7.7531,0.8636,0.1113877029833228
219,2020-12-01,10.34,10.43,10.44,10.27,683320,7.8288,0.872,0.11138360923768649
