,日期,开盘,收盘,最高,最低,成交量,pe,pb,roe
0,2020-01-03,10.82,10.43,10.84,10.37,813465,18.8117,1.4819,0.07877544294242414
1,2020-01-06,10.2,10.06,10.2,9.98,1419160,17.8597,1.4069,0.07877511940290151
2,2020-01-07,10.1,10.24,10.24,10.07,701563,17.8144,1.4034,0.07877896533141729
3,2020-01-08,9.99,9.99,10.08,9.95,898119,17.6104,1.3873,0.07877731340571481
4,2020-01-09,10.21,10.48,10.52,10.13,1257964,17.7011,1.3944,0.07877476541005926
5,2020-01-10,10.48,10.37,10.53,10.35,446728,17.9051,1.4105,0.07877643799811226
6,2020-01-13,10.4,10.47,10.57,10.27,474597,17.8597,1.4069,0.07877511940290151
7,2020-01-14,10.72,10.42,10.79,10.4,822109,18.1997,1.4337,0.07877602378061177
8,2020-01-15,10.37,10.37,10.44,10.22,467741,17.9051,1.4105,0.07877643799811226
9,2020-01-16,10.4,10.24,10.41,10.2,360602,17.9731,1.4159,0.07877884171344955
10,2020-01-17,10.28,10.14,10.29,10.1,451542,17.8144,1.4034,0.07877896533141729
11,2020-01-20,9.92,9.76,9.92,9.63,1699880,17.4291,1.373,0.07877629940731307
12,2020-01-21,9.64,9.48,9.64,9.42,1139693,16.8852,1.3302,0.07877904910809466
13,2020-01-22,9.38,9.57,9.57,9.35,708016,17.1571,1.3516,0.0787778820430026
14,2020-01-23,9.42,9.19,9.42,9.06,1024711,17.3611,1.3677,0.07877957041892505
15,2020-02-03,8.37,8.37,8.37,8.37,238877,17.3385,1.3659,0.07877844104161259
16,2020-02-04,7.94,8.2,8.28,7.94,1356684,16.3186,1.2855,0.07877514002426679
17,2020-02-05,8.28,8.52,8.61,8.23,1052263,15.6159,1.2302,0.0787786807036418
18,2020-02-06,8.6,8.83,8.83,8.53,862449,15.4346,1.2159,0.07877755173441489
19,2020-02-07,8.76,8.89,8.96,8.66,657213,15.2306,1.1998,0.0787756227594448
20,2020-02-10,8.75,8.81,8.85,8.67,538459,15.1627,1.1945,0.07877884545628416
21,2020-02-11,8.88,8.97,9.04,8.82,663577,14.8907,1.173,0.07877399987911918
22,2020-02-12,8.92,9.0,9.0,8.83,392562,15.3893,1.1909,0.07738493628690064
23,2020-02-13,8.94,8.82,9.02,8.78,418242,15.6613,1.212,0.0773882117065633
24,2020-02-14,8.79,8.95,8.97,8.74,512713,15.7293,1.2172,0.07738424468984634
25,2020-02-17,8.92,9.09,9.11,8.88,602106,15.9559,1.2348,0.07738830150602598
26,2020-02-18,9.1,9.01,9.1,8.95,415798,16.1372,1.2488,0.07738641152120565
27,2020-02-19,9.01,9.06,9.22,8.97,740573,16.4772,1.2751,0.07738572087490593
28,2020-02-20,9.26,9.33,9.43,9.18,1124797,16.5452,1.2804,0.0773880037714866
29,2020-02-21,9.24,9.18,9.25,9.1,916867,16.4999,1.2769,0.07738834780816853
30,2020-02-24,9.06,8.83,9.09,8.77,1377369,15.9786,1.2365,0.07738475210594169
31,2020-02-25,8.65,8.8,8.81,8.57,819915,15.9559,1.2348,0.07738830150602598
32,2020-02-26,8.64,8.77,8.9,8.62,839471,16.0239,1.24,0.07738440704198103
33,2020-02-27,8.77,8.71,8.81,8.71,365413,15.9559,1.2348,0.07738830150602598
34,2020-02-28,8.49,8.4,8.57,8.38,691269,16.0466,1.2418,0.07738711004200266
35,2020-03-02,8.42,8.58,8.63,8.42,576839,16.3412,1.2646,0.07738721758499988
36,2020-03-03,8.63,8.61,8.78,8.56,612619,16.4319,1.2716,0.07738606004174807
37,2020-03-04,8.64,8.67,8.69,8.55,474948,16.1372,1.2488,0.07738641152120565
38,2020-03-05,8.74,8.83,8.89,8.68,950885,16.0692,1.2435,0.07738406392353074
39,2020-03-06,8.7,8.65,8.72,8.61,610695,16.0692,1.2435,0.07738406392353074
40,2020-03-09,8.8,8.9,9.06,8.65,1749647,16.2732,1.2593,0.07738490278494704
41,2020-03-10,8.75,8.98,9.01,8.57,1151333,16.2052,1.2541,0.07738873941697726
42,2020-03-11,8.89,9.1,9.33,8.86,1286206,16.4999,1.2769,0.07738834780816853
43,2020-03-12,8.97,8.8,9.0,8.76,741769,16.9985,1.3155,0.07738918139835867
44,2020-03-13,8.35,8.71,8.81,8.29,752293,17.1798,1.3295,0.07738739682650554
45,2020-03-16,8.75,8.42,8.78,8.37,575530,18.0864,1.3996,0.0773841118188252
46,2020-03-17,8.41,8.21,8.53,8.14,603400,18.3584,1.4207,0.07738691824995643
47,2020-03-18,8.21,7.92,8.23,7.89,813774,18.381,1.4224,0.07738425548120342
48,2020-03-19,7.81,7.52,7.88,7.43,1092877,18.2904,1.4154,0.07738485763023224
49,2020-03-20,7.54,7.63,7.67,7.43,840295,18.0411,1.3961,0.07738441669299544
50,2020-03-23,7.34,7.29,7.42,7.25,584069,16.9305,1.3102,0.07738696435427188
51,2020-03-24,7.39,7.45,7.48,7.32,478233,16.7945,1.2997,0.07738843073625294
52,2020-03-25,7.7,7.86,7.95,7.64,940834,16.9078,1.3084,0.07738440246513442
53,2020-03-26,7.8,7.82,7.9,7.75,416754,17.4065,1.347,0.07738488495676901
54,2020-03-27,7.93,7.69,7.93,7.66,487855,17.1345,1.326,0.07738772651667689
55,2020-03-30,7.5,7.56,7.62,7.41,338149,17.0438,1.319,0.0773888452105751
56,2020-03-31,7.63,7.45,7.65,7.42,393202,16.8172,1.3014,0.07738505815474632
57,2020-04-01,7.44,7.56,7.69,7.41,491029,16.4319,1.2716,0.07738606004174807
58,2020-04-02,7.5,7.67,7.67,7.48,325060,16.2732,1.2593,0.07738490278494704
59,2020-04-03,7.65,7.58,7.65,7.54,258278,16.3865,1.2681,0.07738687334085985
60,2020-04-07,7.64,7.66,7.69,7.59,461563,16.4319,1.2716,0.07738606004174807
61,2020-04-08,7.64,7.79,7.87,7.59,658528,16.2279,1.1755,0.07243697582558432
62,2020-04-09,7.8,7.8,7.87,7.75,353066,16.1146,1.1673,0.07243741700073225
63,2020-04-10,7.77,7.68,7.8,7.67,311698,16.0466,1.1623,0.07243278950057956
64,2020-04-13,7.6,7.51,7.64,7.49,299774,16.3865,1.187,0.07243767735636042
65,2020-04-14,7.52,7.58,7.58,7.49,331512,16.3639,1.1853,0.07243383301046816
66,2020-04-15,7.61,7.71,7.77,7.57,472546,16.5452,1.1985,0.07243792761646882
67,2020-04-16,7.64,7.64,7.69,7.6,217046,16.5452,1.1985,0.07243792761646882
68,2020-04-17,7.75,7.76,7.92,7.7,683347,16.6585,1.2067,0.07243749437224241
69,2020-04-20,7.76,7.77,7.86,7.7,387245,16.4092,1.1886,0.07243497550154793
70,2020-04-21,7.77,7.66,7.77,7.6,361067,16.5452,1.1985,0.07243792761646882
71,2020-04-22,7.6,7.84,7.86,7.59,442979,16.4772,1.1935,0.07243342315441945
72,2020-04-23,7.81,7.87,7.93,7.78,394813,16.5225,1.1968,0.0724345589347859
73,2020-04-24,7.82,7.71,7.84,7.7,229874,16.6812,1.2083,0.07243483682229096
74,2020-04-27,7.71,7.64,7.75,7.62,262213,16.0239,1.1607,0.07243554939808661
75,2020-04-28,7.66,7.67,7.71,7.58,355596,15.9559,1.1558,0.07243715490821577
76,2020-04-29,7.66,7.79,7.83,7.66,356335,15.8199,1.1459,0.0724340861825928
77,2020-04-30,8.14,8.19,8.31,8.06,1129699,15.9333,1.1541,0.07243320592720905
78,2020-05-06,7.94,7.93,7.99,7.82,898575,15.7066,1.1377,0.07243451797333604
79,2020-05-07,7.89,7.83,7.91,7.81,424389,15.9333,1.1541,0.07243320592720905
80,2020-05-08,7.85,7.9,7.91,7.84,356640,15.7973,1.1443,0.0724364290100207
81,2020-05-11,7.91,7.88,8.0,7.86,348777,15.48,1.1213,0.07243540051679587
82,2020-05-12,7.84,7.79,7.85,7.74,447315,15.5026,1.1229,0.0724330112368248
83,2020-05-13,7.74,7.75,7.77,7.68,236442,15.7293,1.1394,0.07243806145219431
84,2020-05-14,7.69,7.67,7.71,7.65,275176,15.5026,1.1229,0.0724330112368248
85,2020-05-15,7.71,7.61,7.71,7.6,314137,15.6159,1.1311,0.07243258473735104
86,2020-05-18,7.58,7.56,7.59,7.51,332966,15.7746,1.1426,0.07243289845701317
87,2020-05-19,7.72,7.68,7.83,7.66,528603,16.3186,1.182,0.07243268417633865
88,2020-05-20,7.64,7.61,7.68,7.57,327014,16.4772,1.1935,0.07243342315441945
89,2020-05-21,7.63,7.52,7.64,7.51,307322,16.2052,1.1738,0.07243353985140571
90,2020-05-22,7.51,7.38,7.51,7.35,415846,16.2732,1.1788,0.07243811911609273
91,2020-05-25,7.37,7.28,7.37,7.26,354678,15.7746,1.1426,0.07243289845701317
92,2020-05-26,7.3,7.35,7.37,7.28,327743,16.0012,1.1591,0.07243831712621553
93,2020-05-27,7.44,7.39,7.49,7.38,400426,16.5225,1.1882,0.07191405658949916
94,2020-05-28,7.37,7.38,7.44,7.32,252589,16.3865,1.1784,0.07191285509413235
95,2020-05-29,7.35,7.41,7.42,7.31,336627,16.7945,1.2077,0.07191044687248802
96,2020-06-01,7.43,7.57,7.58,7.41,443460,16.5679,1.1914,0.07191013948659757
97,2020-06-02,7.6,7.66,7.71,7.56,521260,17.1118,1.2305,0.07190944260685608
98,2020-06-03,7.7,7.72,7.87,7.63,629237,17.0212,1.224,0.07191032359645619
99,2020-06-04,7.66,7.66,7.7,7.54,637001,16.5679,1.1914,0.07191013948659757
100,2020-06-05,7.84,8.12,8.22,7.76,1850872,16.8398,1.211,0.07191296808750698
101,2020-06-08,8.16,8.23,8.39,8.04,1141577,15.7746,1.1344,0.07191307545040762
102,2020-06-10,8.26,7.98,8.27,7.94,763388,15.6613,1.1262,0.07190973929367295
103,2020-06-11,7.9,7.74,7.93,7.74,694825,15.072,1.0838,0.07190817409766455
104,2020-06-12,7.59,7.62,7.66,7.53,1072601,14.9813,1.0773,0.07190964736037593
105,2020-06-15,7.54,7.48,7.6,7.45,648270,14.868,1.0692,0.07191283292978208
106,2020-06-16,7.57,7.58,7.62,7.54,392058,15.072,1.0838,0.07190817409766455
107,2020-06-17,7.54,7.56,7.56,7.49,342043,15.004,1.079,0.07191415622500666
108,2020-06-18,7.55,7.59,7.6,7.51,309740,15.0493,1.0822,0.07191032141029816
109,2020-06-19,7.6,7.66,7.69,7.57,409308,15.2306,1.0953,0.07191443541291873
110,2020-06-22,7.65,7.58,7.68,7.54,633050,15.072,1.0838,0.07190817409766455
111,2020-06-23,7.57,7.56,7.57,7.51,291040,15.004,1.079,0.07191415622500666
112,2020-06-24,7.56,7.59,7.59,7.54,245274,15.0493,1.0822,0.07191032141029816
113,2020-06-29,7.54,7.5,7.54,7.49,372944,14.8227,1.0659,0.07190997591531909
114,2020-06-30,7.56,7.55,7.58,7.53,216757,15.14,1.0887,0.07190885072655218
115,2020-07-01,7.54,7.59,7.59,7.49,460352,15.412,1.1083,0.07191149753438879
116,2020-07-02,7.58,7.85,7.92,7.55,1222392,15.9559,1.1474,0.07191070387756253
117,2020-07-03,7.9,7.9,8.02,7.79,959584,16.5225,1.1882,0.07191405658949916
118,2020-07-06,7.95,8.37,8.41,7.95,1556200,16.2732,1.1702,0.07190964284836418
119,2020-07-07,8.62,8.25,8.66,8.23,1654415,15.2306,1.0953,0.07191443541291873
120,2020-07-08,8.21,8.45,8.6,8.09,1471643,15.3666,1.105,0.07190920567985111
121,2020-07-09,8.45,8.49,8.5,8.34,1278331,15.2306,1.0953,0.07191443541291873
122,2020-07-10,8.38,8.25,8.43,8.22,965441,15.0267,1.0806,0.07191199664597017
123,2020-07-13,8.2,8.35,8.38,8.16,802929,14.664,1.0545,0.07191080196399345
124,2020-07-14,8.3,8.17,8.32,8.05,966720,14.596,1.0496,0.07191011235955057
125,2020-07-15,8.29,8.23,8.43,8.17,1069403,14.6187,1.0512,0.07190789878716985
126,2020-07-16,8.29,8.05,8.34,8.02,822670,14.528,1.0447,0.07190941629955946
127,2020-07-17,8.03,7.95,8.08,7.9,549572,14.3694,1.0333,0.07190975266886579
128,2020-07-20,7.98,8.17,8.17,7.9,586050,14.596,1.0496,0.07191011235955057
129,2020-07-21,8.15,8.14,8.23,8.11,558110,14.9133,1.0724,0.07190896716353859
130,2020-07-22,8.13,8.26,8.43,8.1,1018343,15.1173,1.0871,0.07191098939625462
131,2020-07-23,8.18,8.19,8.33,8.1,596092,15.276,1.0985,0.07191018591254256
132,2020-07-24,8.17,7.95,8.22,7.94,574155,15.004,1.079,0.07191415622500666
133,2020-07-27,7.95,7.88,7.99,7.82,344515,15.1173,1.0871,0.07191098939625462
134,2020-07-28,7.91,7.83,7.95,7.78,431016,15.2533,1.0969,0.07191230750067198
135,2020-07-29,7.79,7.93,7.94,7.76,401183,15.4346,1.1099,0.07190986484910526
136,2020-07-30,7.9,7.83,7.92,7.82,430250,15.5253,1.1164,0.07190843333140101
137,2020-07-31,7.84,7.82,7.91,7.77,403316,15.7293,1.1311,0.07191038380601807
138,2020-08-03,7.85,7.96,7.97,7.84,508471,15.7746,1.1344,0.07191307545040762
139,2020-08-04,7.98,8.02,8.04,7.89,495461,15.6159,1.123,0.0719138826452526
140,2020-08-05,7.99,7.92,7.99,7.87,594670,15.8426,1.1393,0.0719137010339212
141,2020-08-06,7.98,8.02,8.07,7.92,665714,16.4319,1.1816,0.07190890889063346
142,2020-08-07,8.0,7.97,8.13,7.91,594330,15.5253,1.0641,0.06853973836254372
143,2020-08-10,7.93,8.03,8.08,7.84,571049,15.2533,1.0454,0.06853598893354226
144,2020-08-11,8.12,8.06,8.26,8.02,934830,15.1853,1.0408,0.06853996957583978
145,2020-08-12,8.09,8.35,8.37,8.08,1821787,15.344,1.0516,0.06853493222106362
146,2020-08-13,8.3,8.28,8.33,8.19,776093,15.7066,1.0765,0.06853806679994398
147,2020-08-14,8.22,8.26,8.27,8.16,524809,15.6386,1.0718,0.06853554666018698
148,2020-08-17,8.28,8.29,8.35,8.22,762830,15.2306,1.0439,0.06853965044056046
149,2020-08-18,8.3,8.23,8.32,8.19,523194,15.48,1.0609,0.06853359173126615
150,2020-08-19,8.27,8.34,8.43,8.24,1085145,15.4573,1.0594,0.06853719601741572
151,2020-08-20,8.34,8.29,8.53,8.26,1021033,15.1853,1.0408,0.06853996957583978
152,2020-08-21,8.29,8.29,8.44,8.13,1010590,15.344,1.0516,0.06853493222106362
153,2020-08-24,8.28,8.21,8.35,8.17,641663,15.0493,1.0314,0.068534749124544
154,2020-08-25,8.28,8.22,8.36,8.2,682290,14.8907,1.0206,0.06853942393574512
155,2020-08-26,8.2,8.07,8.22,8.05,587121,15.276,1.047,0.0685388845247447
156,2020-08-27,8.07,8.1,8.11,8.01,329013,15.548,1.0656,0.06853614612811938
157,2020-08-28,8.09,8.15,8.17,8.07,380248,15.5253,1.0641,0.06853973836254372
158,2020-08-31,8.15,8.24,8.27,8.11,605709,15.2306,1.0439,0.06853965044056046
159,2020-09-01,8.24,8.22,8.29,8.16,452215,15.0493,1.0314,0.068534749124544
160,2020-09-02,8.26,8.17,8.26,8.1,360150,15.2533,1.0454,0.06853598893354226
161,2020-09-03,8.24,8.24,8.34,8.21,830078,15.004,1.0283,0.06853505731804853
162,2020-09-04,8.16,8.41,8.42,8.14,959168,12.8888,1.0075,0.07816864254236237
163,2020-09-07,8.37,8.51,8.59,8.35,1296952,13.1066,1.0246,0.07817435490516228
164,2020-09-08,8.56,8.55,8.67,8.44,872207,13.364,1.0447,0.07817270278359771
165,2020-09-09,8.61,8.67,8.77,8.53,1052348,13.6214,1.0648,0.07817111310144331
166,2020-09-10,8.68,8.45,8.78,8.43,1049018,13.7006,1.071,0.07817175890107002
167,2020-09-11,8.46,8.4,8.5,8.33,439272,12.8888,1.0075,0.07816864254236237
168,2020-09-14,8.46,8.46,8.52,8.4,383117,12.572,0.9828,0.07817371937639199
169,2020-09-15,8.46,8.95,8.98,8.46,1612872,13.2452,1.0354,0.07817171503639055
170,2020-09-16,8.92,9.06,9.24,8.85,1360402,13.0274,1.0184,0.07817369544191473
171,2020-09-17,9.04,9.1,9.14,8.95,654591,13.8193,1.0803,0.07817327939910126
172,2020-09-18,9.05,9.09,9.16,8.94,578157,14.3935,1.1252,0.07817417584326258
173,2020-09-21,9.05,8.97,9.08,8.83,655754,14.8093,1.1577,0.0781738502157428
174,2020-09-22,8.83,8.57,8.84,8.55,1043892,15.3834,1.2025,0.0781686753253507
175,2020-09-23,8.61,8.49,8.68,8.45,524642,15.5616,1.2165,0.07817319555829734
176,2020-09-24,8.44,8.27,8.46,8.23,622657,16.1556,1.2629,0.07817103666839981
177,2020-09-25,8.27,8.14,8.3,8.1,563767,15.918,1.2443,0.07816936801105667
178,2020-09-28,8.17,8.17,8.26,8.12,469077,15.7596,1.2319,0.07816822761999036
179,2020-09-29,8.22,8.08,8.25,8.07,568058,15.2646,1.1933,0.07817433801082242
180,2020-09-30,8.07,8.08,8.13,8.01,368950,15.621,1.2211,0.0781704116253761
181,2020-10-09,8.23,8.11,8.23,8.05,561213,15.3042,1.1964,0.07817461873211275
182,2020-10-12,8.11,8.24,8.26,8.05,737242,15.1854,1.1871,0.0781737721759058
183,2020-10-13,8.22,8.2,8.22,8.14,407018,15.126,1.1824,0.07817003834457226
184,2020-10-14,8.17,8.07,8.18,8.05,528097,14.7697,1.1546,0.0781735580275835
185,2020-10-15,8.02,8.03,8.07,7.99,351521,15.3834,1.2025,0.0781686753253507
186,2020-10-16,8.0,8.06,8.06,8.0,252829,15.5022,1.2118,0.07816955012836888
187,2020-10-19,8.07,8.03,8.12,8.0,327635,15.5616,1.2165,0.07817319555829734
188,2020-10-20,8.03,8.04,8.06,8.0,276357,15.621,1.2211,0.0781704116253761
189,2020-10-21,8.05,8.27,8.33,8.02,819302,16.314,1.2753,0.0781721221037146
190,2020-10-22,8.23,8.29,8.34,8.16,531512,16.6109,1.2985,0.07817156204660794
191,2020-10-23,8.31,8.26,8.36,8.24,356724,16.0764,1.2567,0.07817048592968574
192,2020-10-26,8.16,8.11,8.17,8.07,376274,15.9774,1.249,0.07817291924843843
193,2020-10-27,8.06,8.03,8.12,8.01,364337,16.1358,1.2614,0.07817399819035933
194,2020-10-28,8.03,7.93,8.03,7.82,658272,15.8586,1.2397,0.0781720958974941
195,2020-10-29,7.83,7.9,7.9,7.79,394079,15.6012,1.2196,0.078173473835346
196,2020-10-30,7.87,7.78,7.94,7.75,385044,15.9576,1.2474,0.07816964957136412
197,2020-11-02,7.77,7.56,7.79,7.54,631308,15.8982,1.2428,0.07817237171503692
198,2020-11-03,7.56,7.68,7.69,7.56,382596,15.5814,1.218,0.0781701259193654
199,2020-11-04,7.69,7.71,7.77,7.62,299307,15.7398,1.2304,0.0781712601176635
200,2020-11-05,7.77,7.8,7.81,7.7,403464,15.621,1.2211,0.0781704116253761
201,2020-11-06,7.83,7.88,7.94,7.77,397598,15.0073,1.1731,0.07816862460269336
202,2020-11-09,7.96,8.19,8.26,7.93,993272,14.3737,1.1236,0.07817054759734793
203,2020-11-10,8.79,8.64,8.89,8.59,2651656,14.7103,1.1499,0.07816971781676783
204,2020-11-11,8.63,8.65,8.74,8.45,1074946,16.3337,1.2768,0.07816967374201803
205,2020-11-12,8.54,8.56,8.81,8.47,781880,17.0861,1.3356,0.07816880388151773
206,2020-11-13,8.64,8.44,8.64,8.38,636282,16.9079,1.3217,0.07817055932433951
207,2020-11-16,8.5,8.68,8.78,8.5,823196,17.4623,1.365,0.07816839706109734
208,2020-11-17,8.78,8.85,8.92,8.72,1096768,18.2146,1.4239,0.07817355308378993
209,2020-11-18,8.78,8.92,8.98,8.74,746225,18.4126,1.4393,0.07816929711176042
210,2020-11-19,8.94,8.89,8.99,8.84,442820,18.67,1.4595,0.07817354043920728
211,2020-11-20,8.85,9.02,9.11,8.85,683004,18.769,1.4672,0.07817145292769995
212,2020-11-23,8.88,8.87,8.98,8.76,900372,18.868,1.4749,0.07816938732245073
213,2020-11-24,8.95,8.89,9.01,8.86,472356,18.67,1.4595,0.07817354043920728
214,2020-11-25,9.01,8.8,9.14,8.8,715203,18.8878,1.4765,0.07817215345355202
215,2020-11-26,8.84,8.76,8.86,8.69,492893,17.9176,1.4006,0.07816895119882128
216,2020-11-27,8.86,8.85,8.94,8.76,535648,18.4126,1.4393,0.07816929711176042
217,2020-11-30,8.89,8.87,9.1,8.85,579158,18.0562,1.4115,0.07817259445509021
218,2020-12-01,8.83,9.29,9.39,8.8,1188715,18.7888,1.4687,0.07816890913735842
