,日期,开盘,收盘,最高,最低,成交量,pe,pb,roe
0,2020-01-03,11.44,11.75,12.06,11.4,1664077,26.1166,2.2479,0.08607169386520451
1,2020-01-06,11.52,11.56,11.82,11.4,1374523,25.4651,2.1918,0.08607073995389769
2,2020-01-07,11.62,11.64,11.77,11.44,1024360,25.2735,2.1753,0.08607038993412072
3,2020-01-08,11.47,11.18,11.53,11.12,1135817,24.6987,2.1258,0.08606930729147688
4,2020-01-09,11.36,11.33,11.48,11.24,769858,24.5454,2.1126,0.08606908015351145
5,2020-01-10,11.53,11.33,11.59,11.26,722181,25.0053,2.1522,0.086069753212319
6,2020-01-13,11.23,11.48,11.49,11.07,754158,25.0436,2.1555,0.08606989410468142
7,2020-01-14,11.48,11.3,11.54,11.3,589629,24.4304,2.1027,0.08606899600497742
8,2020-01-15,11.27,11.29,11.38,11.2,439914,24.3346,2.0945,0.08607086206471444
9,2020-01-16,11.31,11.22,11.35,11.17,383809,24.6221,2.1192,0.08606901929567341
10,2020-01-17,11.28,11.27,11.49,11.23,531890,24.5837,2.1159,0.08606922473020741
11,2020-01-20,11.39,11.81,11.99,11.35,1511582,24.6795,2.1242,0.08607143580704633
12,2020-01-21,11.72,11.51,11.77,11.5,977116,24.5454,2.1126,0.08606908015351145
13,2020-01-22,11.45,11.68,11.79,11.41,981530,24.4496,2.1044,0.08607093776585302
14,2020-01-23,11.49,11.07,11.61,10.93,1086661,24.6987,2.1258,0.08606930729147688
15,2020-02-03,9.99,9.99,9.99,9.99,144059,25.2735,2.1753,0.08607038993412072
16,2020-02-04,9.15,9.7,9.91,9.15,1450695,25.5418,2.1984,0.08607067630315796
17,2020-02-05,9.73,9.84,10.13,9.66,1021273,24.6987,2.1258,0.08606930729147688
18,2020-02-06,9.8,10.12,10.21,9.73,1216514,24.4304,2.1027,0.08606899600497742
19,2020-02-07,10.09,10.29,10.32,10.03,1108747,24.258,2.0879,0.08607057465578366
20,2020-02-10,10.25,10.46,10.51,10.17,956048,24.7562,2.1308,0.08607136798054628
21,2020-02-11,10.58,10.36,10.67,10.33,724042,24.1239,2.0763,0.08606817305659532
22,2020-02-12,10.3,10.52,10.61,10.28,852352,24.6029,2.1176,0.08607115421352766
23,2020-02-13,10.49,10.33,10.58,10.27,669472,25.7526,2.2165,0.08606897944285237
24,2020-02-14,10.29,10.47,10.61,10.28,871327,25.81,2.2909,0.08876017047655949
25,2020-02-17,10.84,10.92,11.04,10.62,1375322,25.3502,2.25,0.0887566961996355
26,2020-02-18,10.84,10.95,11.05,10.81,887446,25.3693,2.2517,0.08875688331960283
27,2020-02-19,11.04,11.08,11.47,10.97,1551405,25.3885,2.2534,0.08875672056245938
28,2020-02-20,11.1,12.0,12.04,11.07,2199632,26.1741,2.3232,0.08875949889394477
29,2020-02-21,11.95,12.01,12.5,11.7,2254158,25.1202,2.2296,0.08875725511739556
30,2020-02-24,11.86,12.48,12.83,11.78,2341240,25.3693,2.2517,0.08875688331960283
31,2020-02-25,12.17,12.66,12.73,11.93,2549799,25.2161,2.2381,0.08875678633888667
32,2020-02-26,12.41,12.15,12.84,11.89,2096264,27.2855,2.4218,0.08875776511333859
33,2020-02-27,12.34,12.22,12.5,12.14,1383385,27.1896,2.4133,0.08875820166534264
34,2020-02-28,11.79,11.35,11.97,11.18,1731119,27.3621,2.4286,0.08875780733203956
35,2020-03-02,11.55,11.92,12.17,11.36,1602328,28.0519,2.4898,0.088756911296561
36,2020-03-03,12.12,12.17,12.49,11.96,1584199,28.5692,2.5358,0.08875992327401538
37,2020-03-04,12.14,12.78,12.79,12.02,2331700,27.5537,2.4456,0.08875758972479196
38,2020-03-05,12.96,13.1,13.5,12.58,2935521,27.4004,2.432,0.08875782835287076
39,2020-03-06,12.55,12.32,12.7,12.28,2054957,27.9753,2.483,0.08875686766540485
40,2020-03-09,12.07,11.86,12.32,11.63,1641526,27.6687,2.4558,0.08875733229244598
41,2020-03-10,11.9,12.25,12.35,11.66,1593393,28.2818,2.5102,0.08875672694100094
42,2020-03-11,12.25,11.81,12.3,11.8,1123859,27.6304,2.4524,0.08875731078811742
43,2020-03-12,11.6,11.65,11.84,11.43,1040140,27.6495,2.4541,0.08875748205211667
44,2020-03-13,10.9,11.55,11.68,10.9,1222743,27.8794,2.4745,0.08875729032906016
45,2020-03-16,11.55,10.49,11.55,10.49,1244158,27.6112,2.4507,0.08875746074056903
46,2020-03-17,10.85,10.63,10.91,10.29,987726,27.4196,2.4337,0.08875767699018221
47,2020-03-18,10.73,10.31,10.88,10.3,940911,25.8484,2.2943,0.08875984587053742
48,2020-03-19,10.37,10.64,10.81,10.24,1045314,25.446,2.2585,0.08875658256700464
49,2020-03-20,10.73,10.7,10.75,10.47,675102,25.7142,2.2823,0.088756406965801
50,2020-03-23,10.37,10.23,10.54,10.2,704691,25.6759,2.2789,0.0887563824442376
51,2020-03-24,10.46,10.52,10.55,10.21,682805,25.7717,2.2875,0.08876015163920115
52,2020-03-25,10.75,10.7,10.81,10.61,688694,24.7945,2.2007,0.08875758736816633
53,2020-03-26,10.56,10.48,10.68,10.45,455541,25.3693,2.2517,0.08875688331960283
54,2020-03-27,10.61,10.52,10.8,10.51,561247,26.3657,2.3402,0.0887592591890221
55,2020-03-30,10.3,10.38,10.47,10.27,458585,26.0208,2.3096,0.08875976142163193
56,2020-03-31,10.54,10.36,10.57,10.35,379570,27.0555,2.4014,0.08875829313817894
57,2020-04-01,10.31,10.31,10.54,10.26,451875,27.5729,2.4473,0.088757439369816
58,2020-04-02,10.22,10.5,10.5,10.18,477499,27.8603,2.4728,0.08875712034687351
59,2020-04-03,10.44,10.31,10.47,10.26,357500,28.0136,2.4864,0.08875688951080904
60,2020-04-07,10.52,10.58,10.67,10.45,717340,27.8986,2.4762,0.08875714193543763
61,2020-04-08,10.48,10.54,10.62,10.47,420450,28.1285,2.5718,0.09143039977247276
62,2020-04-09,10.63,10.67,10.85,10.61,660226,27.5345,2.5175,0.09143075051299279
63,2020-04-10,10.44,10.16,10.5,10.15,1053779,28.3585,2.5928,0.09142937743533686
64,2020-04-13,10.09,9.91,10.13,9.85,442491,28.1669,2.5753,0.09143001182238727
65,2020-04-14,10.01,10.15,10.17,9.93,502565,28.5501,2.6103,0.09142875156304181
66,2020-04-15,10.1,10.0,10.24,10.0,406730,29.01,2.6524,0.09143054119269217
67,2020-04-16,9.95,10.07,10.16,9.92,371362,28.8758,2.6401,0.09142950152030418
68,2020-04-17,10.13,10.04,10.18,10.03,408047,30.0255,2.7452,0.09142895205741786
69,2020-04-20,10.1,10.05,10.11,10.02,271704,30.0447,2.747,0.09143043531804278
70,2020-04-21,9.99,9.88,10.02,9.75,428802,30.8303,2.8188,0.09142953522995234
71,2020-04-22,9.8,9.9,9.92,9.75,279111,29.604,2.7067,0.09143021213349548
72,2020-04-23,9.92,9.77,9.94,9.75,266213,28.3393,2.5911,0.09143133387204341
73,2020-04-24,9.78,9.49,9.82,9.42,505990,28.4734,2.6033,0.09142919356311505
74,2020-04-27,9.51,9.41,9.57,9.41,252348,27.6878,2.5315,0.09143016057613823
75,2020-04-28,9.63,9.49,9.65,9.35,456781,28.6651,2.6208,0.09142825247426313
76,2020-04-29,9.41,9.53,9.59,9.41,220348,28.7225,2.6261,0.09143006353903735
77,2020-04-30,9.58,9.8,9.85,9.55,510687,30.3129,2.7715,0.09142972133975964
78,2020-05-06,9.62,9.84,9.85,9.61,437491,29.6231,2.7084,0.09142864858843268
79,2020-05-07,9.83,9.79,9.95,9.77,392399,29.3165,2.6804,0.09142974093087511
80,2020-05-08,9.89,9.99,10.14,9.79,676801,30.8877,2.8241,0.09143121695691166
81,2020-05-11,9.99,9.86,10.06,9.8,342731,32.0757,2.9327,0.09143058452348664
82,2020-05-12,9.92,9.92,9.99,9.81,288809,29.1632,2.6664,0.09143029571514785
83,2020-05-13,9.88,9.91,9.97,9.77,252262,27.7262,2.535,0.0914297667909775
84,2020-05-14,9.86,9.81,9.91,9.8,226850,25.1969,2.3037,0.0914279137512948
85,2020-05-15,9.88,9.8,9.91,9.8,226888,24.3346,2.2249,0.09142948723217148
86,2020-05-18,9.78,9.67,9.8,9.6,275224,25.0053,2.2862,0.09142861713316777
87,2020-05-19,9.77,9.75,9.84,9.71,225102,27.7836,2.5403,0.09143163592910925
88,2020-05-20,9.78,9.71,9.83,9.7,251966,26.4232,2.4159,0.0914310151684883
89,2020-05-21,9.75,9.56,9.78,9.56,237216,24.8712,2.274,0.09143105278394287
90,2020-05-22,9.53,9.37,9.61,9.36,304925,24.5263,2.2424,0.09142838503973286
91,2020-05-25,9.37,9.42,9.43,9.3,222901,23.2041,2.1216,0.09143211759990691
92,2020-05-26,9.45,9.52,9.54,9.42,190012,23.9897,2.1934,0.0914309057637236
93,2020-05-27,9.52,9.38,9.54,9.35,180446,25.331,2.316,0.09142947376732068
94,2020-05-28,9.55,10.17,10.29,9.55,2035948,27.1513,2.4824,0.09142840305989033
95,2020-05-29,9.93,10.19,10.3,9.87,1280420,26.4424,2.4176,0.09142891719359816
96,2020-06-01,10.64,10.68,10.81,10.33,1725104,26.4232,2.35,0.08893699476217869
97,2020-06-02,10.57,10.52,10.78,10.43,1016802,27.6495,2.4591,0.0889383171485922
98,2020-06-03,10.64,10.26,10.68,10.26,914638,26.6915,2.3739,0.08893842609070303
99,2020-06-04,10.4,10.35,10.5,10.29,666125,24.258,2.1574,0.0889356088713002
100,2020-06-05,10.39,10.61,10.69,10.26,984529,25.4843,2.2665,0.08893711029928231
101,2020-06-08,10.56,10.41,10.59,10.38,505407,23.4341,2.0842,0.08893876871738193
102,2020-06-09,10.44,10.53,10.71,10.41,702929,22.0353,1.9598,0.08893911133499431
103,2020-06-10,10.5,10.37,10.51,10.32,410435,20.694,1.8405,0.08893882284720209
104,2020-06-11,10.37,10.31,10.59,10.28,603312,19.6402,1.7467,0.08893493956273357
105,2020-06-12,10.13,10.25,10.39,10.09,564078,19.3336,1.7195,0.08893842843546985
106,2020-06-15,10.32,10.16,10.49,10.15,600046,20.2916,1.8047,0.08893827987935896
107,2020-06-16,10.27,10.31,10.34,10.23,414242,20.6749,1.8388,0.08893876149340504
108,2020-06-17,10.33,10.38,10.4,10.22,420744,20.2916,1.8047,0.08893827987935896
109,2020-06-18,10.32,10.45,10.58,10.29,588919,20.1192,1.7893,0.08893494771163864
110,2020-06-19,10.49,10.75,10.87,10.42,1164948,19.5444,1.7382,0.08893596119604592
111,2020-06-22,10.72,10.84,11.33,10.68,1326609,19.4102,1.7263,0.08893777498428661
112,2020-06-23,10.81,11.04,11.05,10.73,880789,19.2761,1.7144,0.08893915262942192
113,2020-06-24,11.07,10.84,11.15,10.8,737306,18.9887,1.6888,0.08893710469911052
114,2020-06-29,10.67,10.34,10.68,10.29,824005,19.1611,1.7041,0.08893539514954778
115,2020-06-30,10.38,10.5,10.65,10.28,789569,19.2761,1.7144,0.08893915262942192
116,2020-07-01,10.45,11.05,11.2,10.4,1355918,19.3911,1.7246,0.0889377085363904
117,2020-07-02,11.0,11.75,11.87,10.95,2168451,19.6976,1.7518,0.08893469255137681
118,2020-07-03,11.94,12.48,12.71,11.6,2831835,19.4677,1.7314,0.08893705984785054
119,2020-07-06,13.0,13.55,13.63,12.68,2950417,19.8509,1.7655,0.08893803303628552
120,2020-07-07,13.45,12.91,13.45,12.84,2633090,19.3527,1.7212,0.0889384943702946
121,2020-07-08,12.92,14.18,14.18,12.92,2494449,19.1803,1.7058,0.08893500101666815
122,2020-07-09,14.17,14.68,15.18,13.79,3860701,19.6785,1.7501,0.08893462408212008
123,2020-07-10,14.23,14.04,15.08,13.94,2611612,19.9851,1.7774,0.08893625751184633
124,2020-07-13,14.1,14.21,14.64,13.72,2039281,19.0462,1.6939,0.08893637575999412
125,2020-07-14,14.01,14.58,14.79,13.91,2585010,19.0078,1.6905,0.088937173160492
126,2020-07-15,14.86,13.63,15.0,13.45,2444374,17.4941,1.5559,0.0889385564275956
127,2020-07-16,13.66,12.93,14.0,12.85,1911892,17.7624,1.5797,0.08893505382155566
128,2020-07-17,13.16,12.52,13.16,12.31,1529980,17.5708,1.5627,0.08893732783936988
129,2020-07-20,12.71,13.21,13.36,12.69,1471709,17.475,1.5542,0.0889384835479256
130,2020-07-21,13.75,13.39,14.34,13.27,2214676,17.839,1.5865,0.08893435730702394
131,2020-07-22,13.21,14.2,14.69,13.21,3099109,18.1264,1.6121,0.08893657869185277
132,2020-07-23,13.92,14.91,15.26,13.72,3912878,18.2031,1.6189,0.08893540111299725
133,2020-07-24,14.59,13.46,14.7,13.46,3099920,18.0498,1.6053,0.08893727354319715
134,2020-07-27,13.43,13.11,13.56,12.74,1628939,18.2989,1.6274,0.08893430752668192
135,2020-07-28,13.26,13.56,13.73,12.98,1607632,18.318,1.6292,0.0889398405939513
136,2020-07-29,13.41,14.88,14.88,13.29,3145022,18.5097,1.6462,0.08893715187172133
137,2020-07-30,15.31,15.63,16.33,15.16,5727186,18.5288,1.6479,0.08893722205431544
138,2020-07-31,16.17,17.15,17.15,16.06,3873624,18.4138,1.6377,0.08893873073455778
139,2020-08-03,18.7,16.53,18.7,16.32,6453846,18.6629,1.6598,0.08893580311741475
140,2020-08-04,16.41,15.71,16.76,15.51,4342237,18.2797,1.6257,0.0889347199352287
141,2020-08-05,15.69,15.87,16.06,15.59,2569131,18.3755,1.6343,0.08893907648771462
142,2020-08-06,15.64,16.23,16.4,15.32,2744046,18.2989,1.6274,0.08893430752668192
143,2020-08-07,15.74,15.4,15.96,15.08,2273085,17.7815,1.5814,0.0889351292073222
144,2020-08-10,15.11,15.37,15.72,15.02,1705913,17.7049,1.5746,0.08893583132353192
145,2020-08-11,15.39,14.86,15.56,14.82,1550360,17.5516,1.561,0.0889377606599968
146,2020-08-12,14.76,15.27,15.37,14.73,1698494,40.4994,1.5921,0.03931169350657047
147,2020-08-13,15.28,15.2,15.5,15.01,1259279,41.7266,1.6403,0.03931065555305249
148,2020-08-14,15.01,15.86,15.96,14.94,2105992,42.2964,1.6627,0.0393106741944941
149,2020-08-17,16.41,16.5,16.91,16.09,2701714,42.2088,1.6593,0.039311707511229886
150,2020-08-18,16.21,16.09,16.46,15.99,1570043,42.9539,1.6886,0.03931191347002252
151,2020-08-19,15.98,16.08,16.69,15.98,1810536,42.9101,1.6868,0.03931009249570614
152,2020-08-20,15.81,15.48,15.95,15.41,1338995,43.0416,1.692,0.039310806289729
153,2020-08-21,15.72,15.55,15.79,15.14,1040874,42.7347,1.68,0.039312315284768584
154,2020-08-24,15.55,15.31,15.6,15.17,731356,43.3922,1.7058,0.03931121261424864
155,2020-08-25,15.31,15.11,15.56,15.07,854436,42.3403,1.6644,0.039310066296176456
156,2020-08-26,15.28,15.21,15.77,15.2,1584261,43.436,1.7075,0.03931071001012985
157,2020-08-27,14.97,14.78,15.06,14.45,1271487,45.6714,1.7954,0.03931125387003683
158,2020-08-28,14.72,15.09,15.18,14.55,1000884,45.1016,1.773,0.03931124394699966
159,2020-08-31,15.31,14.97,15.51,14.97,1029847,45.2769,1.7799,0.039311436957918944
160,2020-09-01,14.86,15.03,15.15,14.81,576190,44.0935,1.7334,0.039311916722419404
161,2020-09-02,15.07,14.95,15.13,14.74,738092,44.9263,1.7661,0.039311049429843994
162,2020-09-03,14.92,14.8,15.14,14.75,633667,44.0935,1.7334,0.039311916722419404
163,2020-09-04,14.44,14.53,14.63,14.42,613789,44.3126,1.742,0.03931161791454349
164,2020-09-07,14.44,13.99,14.55,13.97,835600,44.4003,1.7454,0.03931054519901893
165,2020-09-08,14.09,14.17,14.36,13.88,700325,45.0139,1.7696,0.03931230131137271
166,2020-09-09,13.93,13.65,13.99,13.62,741045,44.8386,1.7627,0.03931211054760853
167,2020-09-10,13.87,13.35,13.91,13.33,633201,45.8029,1.8006,0.03931192129755976
168,2020-09-11,13.34,13.86,14.04,13.32,865202,45.0139,1.7696,0.03931230131137271
169,2020-09-14,13.99,13.81,13.99,13.71,552132,43.7428,1.7196,0.03931161242535914
170,2020-09-15,13.77,13.83,13.93,13.72,452524,45.8029,1.8006,0.03931192129755976
171,2020-09-16,13.83,13.69,13.93,13.6,498196,45.5399,1.7902,0.03931058258801622
172,2020-09-17,13.66,13.9,14.08,13.51,775160,44.0935,1.7334,0.039311916722419404
173,2020-09-18,13.86,14.72,14.87,13.78,1432018,45.4961,1.7885,0.039311061827277505
174,2020-09-21,15.4,14.82,15.7,14.8,1674183,44.8824,1.7644,0.039311623264353064
175,2020-09-22,14.54,14.96,15.46,14.52,1504545,49.5285,1.947,0.03931069990005754
176,2020-09-23,14.91,14.84,15.09,14.74,684623,49.9668,1.9643,0.039312103236549066
177,2020-09-24,14.72,14.83,15.17,14.72,716589,50.6681,1.9918,0.03931073002540059
178,2020-09-25,14.9,15.17,15.4,14.8,969644,52.5966,2.0676,0.03931052577543035
179,2020-09-28,14.99,14.85,15.15,14.85,510738,50.8872,2.0004,0.03931047493279253
180,2020-09-29,14.94,15.01,15.27,14.94,586667,52.9034,2.0797,0.039311272999466955
181,2020-09-30,14.98,14.71,15.13,14.5,625547,56.3222,2.2141,0.0393113195152178
182,2020-10-09,14.99,14.79,15.02,14.73,578720,54.9196,2.159,0.039312012469136695
183,2020-10-12,14.86,15.32,15.32,14.83,1084593,52.246,2.0539,0.03931210044788118
184,2020-10-13,15.12,15.05,15.17,14.84,842671,51.1502,2.0108,0.039311674245653
185,2020-10-14,14.99,14.69,15.04,14.65,514474,48.6519,1.9126,0.039311928208353636
186,2020-10-15,14.66,14.6,14.96,14.58,422269,52.4651,2.0625,0.03931184730420794
187,2020-10-16,14.63,14.65,14.76,14.6,318426,52.1583,2.0504,0.039311097179164194
188,2020-10-19,14.74,13.57,14.8,13.46,1291859,54.3937,2.1383,0.03931153791707496
189,2020-10-20,13.43,13.65,13.66,13.4,510190,53.6047,2.1073,0.03931185138616576
190,2020-10-21,13.59,13.52,13.69,13.43,326669,51.5447,2.0263,0.03931151020376489
191,2020-10-22,13.55,14.07,14.35,13.55,895221,51.5008,2.0246,0.03931201068721263
192,2020-10-23,13.91,13.66,14.06,13.65,525228,47.4684,1.866,0.03931036226205223
193,2020-10-26,13.6,13.65,13.89,13.34,481277,46.8986,1.8436,0.03931034188653819
194,2020-10-27,13.59,13.64,13.74,13.5,295682,46.7672,1.8385,0.03931173985186199
195,2020-10-28,13.64,13.88,13.93,13.62,454132,44.7948,1.7609,0.03931036638181217
196,2020-10-29,13.68,13.85,14.02,13.51,609174,44.1812,1.7368,0.039310838094030943
197,2020-10-30,13.79,13.25,13.89,13.21,570290,45.0139,1.7696,0.03931230131137271
198,2020-11-02,13.33,13.0,13.6,12.91,606736,44.3126,1.742,0.03931161791454349
199,2020-11-03,13.01,13.33,13.46,12.99,497054,44.7509,1.7592,0.03931094123246683
200,2020-11-04,13.22,13.07,13.24,12.89,547544,44.0058,1.7299,0.03931072722232069
201,2020-11-05,13.23,13.16,13.38,13.1,474179,43.2607,1.7006,0.03931050584017364
202,2020-11-06,13.28,13.3,13.51,13.21,647770,42.0335,1.6524,0.03931150154043799
203,2020-11-09,13.4,13.74,13.89,13.25,896754,41.4198,1.6283,0.039312116427409116
204,2020-11-10,13.73,13.6,13.9,13.49,601024,42.6909,1.6782,0.03931048537276094
205,2020-11-11,13.52,13.3,13.64,13.26,434499,47.4246,1.8643,0.03931082180977805
206,2020-11-12,13.27,13.17,13.38,13.11,326712,50.0983,1.9694,0.039310715134046464
207,2020-11-13,13.16,13.22,13.36,13.12,348324,49.3532,1.9401,0.03931052089834094
208,2020-11-16,13.3,13.29,13.34,13.12,306987,50.6681,1.9918,0.03931073002540059
209,2020-11-17,13.29,13.24,13.29,13.05,321172,48.3012,1.9812,0.04101761446920574
210,2020-11-18,13.24,13.26,13.47,13.23,394593,48.0821,1.9722,0.04101734325247858
211,2020-11-19,13.19,13.11,13.19,12.92,575312,48.3889,1.9848,0.04101767140811219
212,2020-11-20,13.04,13.16,13.2,13.0,429349,48.4327,1.9866,0.04101774214528614
213,2020-11-23,13.11,13.48,13.71,13.05,853212,49.2217,2.0189,0.04101646225140537
214,2020-11-24,13.48,13.46,13.65,13.39,505111,48.5642,1.992,0.04101786912993522
215,2020-11-25,13.6,13.22,13.68,13.22,467177,48.5642,1.992,0.04101786912993522
216,2020-11-26,13.25,13.3,13.35,13.16,291294,47.9067,1.965,0.04101722723543889
217,2020-11-27,13.28,13.6,13.61,13.26,531208,49.9229,2.0477,0.04101724859733709
218,2020-11-30,13.7,13.7,14.12,13.65,1082341,49.5723,2.0333,0.04101685820508631
219,2020-12-01,13.59,14.04,14.16,13.53,953226,50.4051,2.0675,0.04101767479878028
