,日期,开盘,收盘,最高,最低,成交量,pe,pb,roe
0,2020-01-03,7.23,7.18,7.32,7.12,1369481,134.7196,2.2952,0.017036867686661777
1,2020-01-06,7.05,7.11,7.27,7.02,1182717,131.2541,2.2362,0.01703718207659799
2,2020-01-07,7.15,7.19,7.24,7.06,1128719,131.0375,2.2325,0.017037107698178004
3,2020-01-08,7.11,6.89,7.13,6.89,1209765,129.3048,2.203,0.017037263891208985
4,2020-01-09,7.02,6.97,7.09,6.93,748847,129.0882,2.1993,0.017037188526914156
5,2020-01-10,7.1,6.95,7.1,6.91,728426,131.6873,2.2435,0.017036570724739592
6,2020-01-13,6.89,7.0,7.01,6.72,835335,132.7703,2.262,0.017036942749997553
7,2020-01-14,7.02,6.91,7.05,6.89,679307,131.0375,2.2325,0.017037107698178004
8,2020-01-15,6.93,6.89,6.95,6.81,501131,131.0375,2.2325,0.017037107698178004
9,2020-01-16,6.89,6.89,6.96,6.85,504725,129.3048,2.203,0.017037263891208985
10,2020-01-17,6.96,7.07,7.13,6.91,1302398,128.655,2.1919,0.017037037037037038
11,2020-01-20,7.01,6.91,7.06,6.85,1405184,129.5214,2.2066,0.01703656693025245
12,2020-01-21,6.86,6.51,6.87,6.48,1528455,128.4384,2.1882,0.017036960908887063
13,2020-01-22,6.44,6.59,6.66,6.33,826905,128.8716,2.1956,0.01703711290928335
14,2020-01-23,6.51,6.41,6.63,6.33,779781,129.9546,2.214,0.01703671897724282
15,2020-02-03,5.77,5.77,5.77,5.77,81672,131.6873,2.2435,0.017036570724739592
16,2020-02-04,5.19,5.66,5.77,5.19,1497510,134.2864,2.2878,0.017036721514613544
17,2020-02-05,5.65,5.71,5.95,5.57,1191724,130.8209,2.2288,0.017037033073461504
18,2020-02-06,5.66,5.86,5.94,5.61,1426873,130.6044,2.2251,0.017036945156518463
19,2020-02-07,5.82,6.12,6.19,5.79,1670141,129.5214,2.2066,0.01703656693025245
20,2020-02-10,6.03,6.12,6.19,6.01,1167630,130.1712,2.2177,0.01703679462123726
21,2020-02-11,6.18,5.99,6.22,5.96,1303473,127.1389,2.1661,0.017037271834190796
22,2020-02-12,5.92,6.08,6.13,5.91,1197138,126.9223,2.2035,0.017361015361366756
23,2020-02-13,6.1,6.17,6.35,6.03,1854932,131.9039,2.29,0.017361124273050307
24,2020-02-14,6.09,6.19,6.3,6.02,1514260,132.1205,2.2938,0.01736142385171113
25,2020-02-17,6.3,6.43,6.47,6.22,2121195,131.9039,2.29,0.017361124273050307
26,2020-02-18,6.39,6.36,6.48,6.29,1453849,131.6873,2.2862,0.017360823708892203
27,2020-02-19,6.32,6.26,6.5,6.26,1812771,132.7703,2.305,0.017360810361955952
28,2020-02-20,6.25,6.89,6.89,6.19,3797218,135.3694,2.3502,0.017361383000884984
29,2020-02-21,6.8,6.99,7.31,6.71,4185339,133.8532,2.3238,0.0173608102010262
30,2020-02-24,6.88,7.03,7.14,6.81,2726604,134.9362,2.3426,0.01736079717673982
31,2020-02-25,6.82,7.19,7.29,6.7,3406827,134.7196,2.3389,0.017361245134338284
32,2020-02-26,7.06,7.36,7.76,7.02,4329876,141.6505,2.4592,0.01736104002456751
33,2020-02-27,7.53,7.19,7.6,7.08,2941445,141.2173,2.4517,0.01736118733327999
34,2020-02-28,6.83,6.56,6.98,6.47,2443776,141.4339,2.4555,0.017361467088159204
35,2020-03-02,6.67,6.92,7.05,6.56,2316108,144.6828,2.5119,0.017361427896059517
36,2020-03-03,7.07,7.02,7.25,6.92,2556051,147.715,2.5645,0.01736113461733744
37,2020-03-04,6.94,7.26,7.26,6.94,2513860,143.5998,2.4931,0.0173614447930986
38,2020-03-05,7.37,7.46,7.69,7.13,3971665,140.1344,2.4329,0.017361190400073074
39,2020-03-06,7.31,7.07,7.4,7.04,3105254,143.1666,2.4855,0.017360892833943115
40,2020-03-09,6.96,6.95,7.2,6.86,2587953,145.7657,2.5307,0.017361423160592648
41,2020-03-10,6.87,7.16,7.29,6.69,3500638,141.8671,2.463,0.01736131915010598
42,2020-03-19,6.34,6.51,6.71,6.34,2071041,140.3509,2.4367,0.01736148467875874
43,2020-03-20,6.51,6.55,6.66,6.18,1423854,141.6505,2.4592,0.01736104002456751
44,2020-03-23,6.32,5.95,6.44,5.9,1154372,142.7334,2.478,0.017361038131229273
45,2020-03-24,6.14,6.13,6.17,5.79,1104223,141.2173,2.4517,0.01736118733327999
46,2020-03-25,6.26,6.27,6.39,6.14,1125342,142.0837,2.4667,0.017360893614116187
47,2020-03-26,6.19,6.05,6.27,6.04,775648,135.8025,2.3577,0.017361241508808745
48,2020-03-27,6.13,6.04,6.29,6.03,826520,136.6689,2.3727,0.01736093580909775
49,2020-03-30,5.9,5.79,5.95,5.75,698247,136.6689,2.3727,0.01736093580909775
50,2020-03-31,5.83,5.58,5.9,5.56,1168084,136.8855,2.3765,0.01736122525760581
51,2020-04-01,5.57,5.53,5.74,5.51,965009,136.2357,2.3652,0.01736108817292384
52,2020-04-02,5.48,5.67,5.69,5.44,1455500,136.0191,2.3615,0.017361532314211753
53,2020-04-03,5.62,5.47,5.64,5.43,1249418,140.5675,2.4404,0.017361054297757306
54,2020-04-07,5.6,6.12,6.12,5.53,3227565,144.033,2.5006,0.01736129914672332
55,2020-04-08,6.01,6.25,6.52,5.97,3958062,142.3003,2.4705,0.0173611721127784
56,2020-04-09,6.44,6.22,6.6,6.18,2747461,147.0653,2.5532,0.017360995421761623
57,2020-04-10,6.18,6.08,6.31,6.04,1841913,149.4478,2.5946,0.017361245866449687
58,2020-04-13,6.01,6.26,6.34,5.97,2054331,149.4478,2.5946,0.017361245866449687
59,2020-04-14,6.26,6.35,6.44,6.1,2475985,149.0146,2.5871,0.017361386065526466
60,2020-04-15,6.23,6.1,6.34,6.08,1754912,149.6644,2.5983,0.017360841990480033
61,2020-04-16,6.04,6.17,6.31,6.03,1610675,149.4478,2.6309,0.017604140040870457
62,2020-04-17,6.26,6.21,6.42,6.19,2292437,146.8487,2.5851,0.01760383306083064
63,2020-04-20,6.21,6.17,6.23,6.09,1183685,147.0653,2.5889,0.017603744731082043
64,2020-04-21,6.1,5.96,6.13,5.91,1378764,150.7473,2.6538,0.017604295400315627
65,2020-04-22,5.91,6.23,6.27,5.88,1865636,151.6137,2.669,0.017603950038815753
66,2020-04-23,6.18,6.03,6.19,6.01,1254064,152.9132,2.6919,0.017604104812403376
67,2020-04-24,5.99,5.82,6.05,5.78,1114272,150.7473,2.6538,0.017604295400315627
68,2020-04-27,5.84,5.75,5.96,5.74,824887,153.3464,2.6995,0.017603934621223585
69,2020-04-28,5.86,5.8,5.95,5.58,1407297,155.5123,2.7376,0.01760375224339168
70,2020-04-29,5.74,5.74,5.87,5.71,761257,157.0285,2.7643,0.01760381077320359
71,2020-04-30,5.82,6.06,6.21,5.8,2065869,151.3971,2.6652,0.017604036008615754
72,2020-05-06,5.87,6.19,6.19,5.83,1762568,149.881,2.6385,0.01760396581287822
73,2020-05-07,6.18,6.1,6.32,6.08,1520868,150.0975,2.6423,0.017603890804310532
74,2020-05-08,6.18,6.82,6.82,6.13,3540393,150.0975,2.6423,0.017603890804310532
75,2020-05-11,6.92,6.83,7.01,6.7,4576211,156.1621,2.7491,0.017604143386903734
76,2020-05-12,6.83,6.74,6.91,6.6,2466334,155.5123,2.7376,0.01760375224339168
77,2020-05-13,6.62,6.69,6.81,6.61,2090296,160.7105,2.8291,0.017603703553905937
78,2020-05-14,6.61,6.73,6.75,6.56,1857770,157.8948,2.7796,0.017604126291682815
79,2020-05-15,6.77,6.64,6.81,6.61,1894424,159.8441,2.8139,0.017604027924709137
80,2020-05-18,6.56,6.51,6.7,6.49,1769085,163.3096,2.8749,0.017603986538452118
81,2020-05-19,6.6,6.51,6.65,6.44,1862406,155.5123,2.7376,0.01760375224339168
82,2020-05-20,6.48,6.64,6.75,6.44,2852152,152.6966,2.6881,0.017604190270117344
83,2020-05-21,6.6,6.62,6.78,6.52,2436931,154.646,2.7224,0.01760407640676125
84,2020-05-22,6.56,6.49,6.92,6.49,3620908,150.0975,2.6423,0.017603890804310532
85,2020-05-25,6.4,5.99,6.44,5.9,2997413,149.881,2.6385,0.01760396581287822
86,2020-05-26,6.0,6.08,6.14,5.96,1507208,151.8303,2.6728,0.017603864314303535
87,2020-05-27,6.05,5.91,6.06,5.86,1464610,157.245,2.7681,0.017603739387579892
88,2020-05-28,5.93,6.05,6.19,5.92,2063261,159.1944,2.8025,0.01760426246149362
89,2020-05-29,5.95,6.04,6.04,5.91,1255721,159.1944,2.8025,0.01760426246149362
90,2020-06-01,6.34,6.48,6.65,6.17,3060432,162.2266,2.8558,0.017603771514659125
91,2020-06-02,6.47,6.69,6.9,6.43,3733345,155.0791,2.73,0.017603919548153168
92,2020-06-03,6.79,6.6,6.86,6.56,2907761,159.411,2.8063,0.017604180389057214
93,2020-06-04,6.73,6.69,7.01,6.62,3206505,167.2082,2.9435,0.017603801727427242
94,2020-06-05,6.73,6.92,6.92,6.6,3757113,175.2221,3.0846,0.01760394379476105
95,2020-06-08,6.86,6.68,6.87,6.61,2758230,178.0378,3.1342,0.01760412676409167
96,2020-06-09,6.69,6.77,6.88,6.65,2385217,174.5723,3.0732,0.01760416744237201
97,2020-06-10,6.73,6.69,6.73,6.58,1680940,170.6737,3.0045,0.01760376671976995
98,2020-06-11,6.61,6.65,6.88,6.61,2200925,174.3557,3.0694,0.017604242362022002
99,2020-06-12,6.47,6.79,6.9,6.43,3569562,161.5769,2.8444,0.017604001562104482
100,2020-06-15,6.79,6.84,7.1,6.74,3452319,169.3741,2.9817,0.017604226384081156
101,2020-06-16,6.97,6.97,7.04,6.86,2089713,154.8625,2.7262,0.017604003551537652
102,2020-06-17,6.95,6.83,6.96,6.66,2023696,145.9823,2.5699,0.017604189000995325
103,2020-06-18,6.83,6.92,7.04,6.78,2259424,132.7703,2.3373,0.017604087661171212
104,2020-06-19,6.92,7.21,7.38,6.84,4575798,131.2541,2.3106,0.017604021512470848
105,2020-06-22,7.17,7.23,7.69,7.09,4299803,129.5214,2.2749,0.017563892916537347
106,2020-06-23,7.23,7.29,7.39,7.12,2680564,135.3694,2.3776,0.017563792112545374
107,2020-06-24,7.3,7.05,7.34,7.0,2312167,139.268,2.4461,0.017563977367378004
108,2020-06-29,6.86,6.7,6.95,6.69,2221885,138.4016,2.4309,0.0175641033051641
109,2020-06-30,6.73,6.81,6.94,6.67,1970923,137.9684,2.4233,0.017564166867195675
110,2020-07-01,6.8,6.9,6.92,6.71,2011435,133.2034,2.3396,0.01756411623126737
111,2020-07-02,6.86,7.7,7.7,6.84,5204424,131.6873,2.3129,0.01756357674582135
112,2020-07-03,7.94,8.23,8.44,7.66,6682006,134.0698,2.3548,0.017563985327046065
113,2020-07-06,8.58,9.1,9.17,8.41,6254181,131.9039,2.3167,0.017563544368286305
114,2020-07-07,9.11,8.63,9.11,8.44,5761163,131.0375,2.3015,0.017563674520652484
115,2020-07-08,8.55,9.4,9.59,8.5,5824756,128.655,2.2597,0.017564027826357312
116,2020-07-09,9.05,9.18,9.52,8.89,4882295,129.3048,2.2711,0.01756392647450056
117,2020-07-10,8.94,9.41,10.05,8.88,5440084,130.6044,2.2939,0.017563726796340703
118,2020-07-13,9.41,9.62,9.89,9.24,4286465,129.0882,2.2673,0.0175639601450791
119,2020-07-14,9.44,9.45,9.62,9.14,3482558,133.2034,2.3396,0.01756411623126737
120,2020-07-15,9.57,8.97,9.62,8.88,2875718,129.3048,2.2711,0.01756392647450056
121,2020-07-16,9.01,8.5,9.24,8.42,2934907,127.7887,2.2445,0.017564150820847224
122,2020-07-17,8.65,8.24,8.66,8.01,2312882,129.3048,2.2711,0.01756392647450056
123,2020-07-20,8.42,8.67,8.76,8.36,2635364,125.8394,2.2102,0.017563656533645264
124,2020-07-21,8.66,8.49,8.76,8.39,1776536,118.4753,2.0809,0.017563998571854218
125,2020-07-22,8.5,8.49,8.85,8.42,2539374,118.6919,2.0847,0.017563961820478063
126,2020-07-23,8.28,8.37,8.52,8.07,2042885,116.3094,2.0428,0.017563498736989445
127,2020-07-24,8.29,8.05,8.71,7.94,2852201,119.125,2.0923,0.017563903462749213
128,2020-07-27,8.1,7.93,8.15,7.71,1640086,117.6089,2.0657,0.01756414693105709
129,2020-07-28,8.0,7.94,8.06,7.83,1045315,126.0559,2.214,0.017563636450178055
130,2020-07-29,7.89,8.22,8.26,7.84,1662108,128.2219,2.2521,0.01756408226675786
131,2020-07-30,8.16,8.1,8.26,8.06,1162930,128.4384,2.2559,0.01756406183820415
132,2020-07-31,8.1,8.27,8.48,8.07,1796033,126.2725,2.2178,0.017563602526282446
133,2020-08-03,8.45,8.74,8.75,8.31,2441828,126.2725,2.2178,0.017563602526282446
134,2020-08-04,8.74,8.53,8.75,8.49,1706357,128.4384,2.2559,0.01756406183820415
135,2020-08-05,8.49,8.41,8.53,8.33,1205277,129.9546,2.2825,0.01756382613620449
136,2020-08-06,8.46,8.58,8.66,8.14,1877169,129.3048,2.2711,0.01756392647450056
137,2020-08-07,8.41,8.27,8.5,8.15,1638719,130.1712,2.2863,0.01756379291271802
138,2020-08-10,8.19,8.31,8.44,8.14,1424817,131.6873,2.3129,0.01756357674582135
139,2020-08-11,8.32,7.94,8.39,7.9,1866701,131.4707,2.3091,0.017563609230041372
140,2020-08-12,7.9,7.94,8.01,7.74,1088615,119.5582,2.0999,0.01756383083719895
141,2020-08-13,7.94,7.93,8.09,7.88,996526,121.0744,2.1265,0.017563580740437287
142,2020-08-14,7.85,8.02,8.03,7.83,922508,118.9084,2.0885,0.01756393997396315
143,2020-08-17,8.16,8.36,8.55,8.14,2300182,113.4937,1.9934,0.017563970511138505
144,2020-08-18,8.31,8.27,8.41,8.2,1291397,114.5766,2.0124,0.017563795748870188
145,2020-08-19,8.24,8.14,8.35,8.13,1184313,115.5561,2.0134,0.017423571754325386
146,2020-08-20,8.1,7.98,8.13,7.96,893847,116.6566,2.0326,0.017423789138377083
147,2020-08-21,8.05,8.11,8.15,7.98,830441,120.1783,2.094,0.01742411067555457
148,2020-08-24,8.14,8.03,8.14,7.98,594874,123.7,2.1553,0.017423605497170574
149,2020-08-25,8.09,7.98,8.15,7.94,739397,119.0778,2.0748,0.017423902692189477
150,2020-08-26,7.98,7.76,8.06,7.75,960399,122.5995,2.1361,0.01742339895350307
151,2020-08-27,7.8,7.75,7.84,7.66,671422,123.2598,2.1476,0.017423361063379952
152,2020-08-28,7.75,7.9,7.93,7.68,863972,122.5995,2.1361,0.01742339895350307
153,2020-08-31,7.98,7.92,8.14,7.89,1239271,121.499,2.117,0.017424011720261073
154,2020-09-01,7.87,7.88,7.94,7.75,733258,125.681,2.1898,0.017423476897860456
155,2020-09-02,7.89,7.9,8.0,7.77,873795,124.1402,2.163,0.01742384819744128
156,2020-09-03,7.92,7.9,8.02,7.85,875562,121.0587,2.1093,0.017423778712310642
157,2020-09-04,7.77,7.76,7.84,7.68,793328,123.4799,2.1515,0.017423888422326225
158,2020-09-07,7.75,7.48,7.79,7.48,852798,123.9201,2.1592,0.01742413054863577
159,2020-09-08,7.5,7.58,7.64,7.4,807910,121.7191,2.1208,0.01742372396772569
160,2020-09-09,7.46,7.37,7.55,7.35,765588,110.7137,1.929,0.01742331798142416
161,2020-09-10,7.45,7.1,7.46,7.06,837648,114.2354,1.9904,0.017423670771056957
162,2020-09-11,7.07,7.11,7.14,6.99,538719,111.8143,1.9482,0.017423531694962094
163,2020-09-14,7.15,7.15,7.22,7.1,474637,112.6947,1.9636,0.017424066970318924
164,2020-09-15,7.15,7.14,7.18,7.1,409175,116.2164,2.9192,0.025118657951889754
165,2020-09-16,7.15,7.14,7.23,7.09,517431,120.3984,3.0242,0.025118273996996638
166,2020-09-17,7.14,7.09,7.16,7.01,509432,120.6185,3.0298,0.02511886650886887
167,2020-09-18,7.06,7.46,7.59,7.03,1327884,124.3603,3.1238,0.025118948732031045
168,2020-09-21,7.66,7.41,7.68,7.41,1053747,121.9392,3.0629,0.025118255655277383
169,2020-09-22,7.32,7.5,7.75,7.29,1362841,118.8577,2.9855,0.02511827168117842
170,2020-09-23,7.5,7.44,7.57,7.41,613405,128.9826,3.2399,0.025118892005588353
171,2020-09-24,7.37,7.36,7.54,7.35,618080,128.3223,3.2233,0.025118782939520252
172,2020-09-25,7.4,7.45,7.57,7.33,736355,122.2943,3.0719,0.02511891396410135
173,2020-09-28,7.48,7.68,7.94,7.45,1823868,118.7024,2.9816,0.025118278990146785
174,2020-09-29,7.58,7.53,7.67,7.38,1253854,120.7549,3.0332,0.025118649429546957
175,2020-09-30,7.55,7.35,7.58,7.28,691466,127.4255,3.2007,0.025118206324479794
176,2020-10-09,7.48,7.55,7.55,7.4,666098,124.0047,3.1148,0.02511840277021758
177,2020-10-12,7.62,7.8,7.84,7.57,1507892,119.8997,3.0117,0.02511849487529994
178,2020-10-13,7.7,7.62,7.72,7.54,1118846,118.1893,2.9687,0.025118179056818173
179,2020-10-14,7.59,7.42,7.61,7.4,922702,112.0318,2.8141,0.025118760923237865
180,2020-10-15,7.44,7.41,7.54,7.4,546356,122.8074,3.0847,0.025118193203341167
181,2020-10-16,7.45,7.44,7.48,7.4,435394,125.7151,3.1578,0.02511870093568712
182,2020-10-19,7.33,7.02,7.33,7.01,1511966,122.8074,3.0847,0.025118193203341167
183,2020-10-20,6.98,7.03,7.03,6.88,594759,120.0707,3.016,0.025118534330190463
184,2020-10-21,7.02,6.97,7.05,6.93,386581,119.3866,2.9988,0.025118396872010763
185,2020-10-22,6.96,7.06,7.12,6.9,552329,117.6762,2.9559,0.025118928041524116
186,2020-10-23,7.05,6.9,7.07,6.9,483358,106.9006,2.6852,0.025118661635201302
187,2020-10-26,6.86,6.84,6.94,6.76,474597,108.611,2.7282,0.02511900267928663
188,2020-10-27,6.81,6.85,6.88,6.8,313577,109.8083,2.7582,0.025118319835567983
189,2020-10-28,6.84,6.86,6.9,6.77,405471,105.7033,2.6551,0.025118421089975432
190,2020-10-29,6.76,6.85,6.92,6.73,493654,105.3612,2.6465,0.025118354764372464
191,2020-10-30,6.85,6.55,6.89,6.53,671750,103.8218,2.6079,0.02511900198224265
192,2020-11-02,6.55,6.57,6.77,6.45,542617,102.2825,2.5692,0.025118666438540316
193,2020-11-03,6.59,6.75,6.83,6.58,609323,104.506,2.625,0.025118175033012457
194,2020-11-04,6.76,6.71,6.76,6.63,442392,104.506,2.625,0.025118175033012457
195,2020-11-05,6.79,6.77,6.85,6.71,646025,100.0589,2.5133,0.02511820537703293
196,2020-11-06,6.77,6.79,6.86,6.72,805346,97.4933,2.4489,0.02511864917896922
197,2020-11-09,6.81,6.99,7.07,6.75,1730790,96.6381,2.4274,0.025118457420003085
198,2020-11-10,6.99,6.84,7.05,6.8,904914,98.5196,2.4747,0.02511885959748111
199,2020-11-11,6.83,6.73,6.85,6.71,587852,109.4662,2.7496,0.025118255680748942
200,2020-11-12,6.75,6.67,6.77,6.64,449579,112.5449,2.827,0.025118863671299188
201,2020-11-13,6.64,6.64,6.68,6.6,367080,111.1766,2.7926,0.025118595100048036
202,2020-11-16,6.7,6.71,6.73,6.64,388253,118.0182,2.9644,0.025118159741463607
203,2020-11-17,6.71,6.66,6.75,6.62,494215,120.7549,3.0332,0.025118649429546957
204,2020-11-18,6.66,6.7,6.77,6.64,529770,117.6762,2.9559,0.025118928041524116
205,2020-11-19,6.66,6.8,6.84,6.62,753572,117.6762,2.9559,0.025118928041524116
206,2020-11-20,6.77,6.8,6.83,6.73,466504,118.0182,2.9644,0.025118159741463607
207,2020-11-23,6.76,6.9,7.06,6.73,1350853,119.5576,3.0031,0.025118436636399528
208,2020-11-24,6.84,6.84,6.93,6.81,637724,118.7024,2.9816,0.025118278990146785
209,2020-11-25,6.88,6.68,6.93,6.67,758980,119.0445,2.9902,0.025118338100458232
210,2020-11-26,6.68,6.7,6.75,6.63,437619,117.6762,2.9559,0.025118928041524116
211,2020-11-27,6.68,6.8,6.8,6.64,620975,122.8074,3.0847,0.025118193203341167
212,2020-11-30,6.85,6.81,7.03,6.79,2247223,121.4391,3.0504,0.025118763231940948
213,2020-12-01,6.75,7.02,7.11,6.7,2490139,122.6363,3.0804,0.0251181746350795
