,日期,开盘,收盘,最高,最低,成交量,pe,pb,roe
0,2020-01-03,77.59,77.4,77.92,77.27,659291,6.8125,0.8756,0.12852844036697247
1,2020-01-06,77.14,76.65,77.72,76.46,709165,6.6295,0.8521,0.12853156346632474
2,2020-01-07,76.94,76.91,77.75,76.49,561163,6.5002,0.8355,0.1285345066305652
3,2020-01-08,76.46,75.58,76.75,75.42,881732,6.4371,0.8274,0.12853614205154495
4,2020-01-09,76.2,75.91,76.3,75.55,663379,6.2321,0.801,0.12852810449126298
5,2020-01-10,75.97,75.94,76.1,75.55,423807,6.3331,0.814,0.1285310511439895
6,2020-01-13,75.94,75.97,76.0,75.36,600183,6.2889,0.8083,0.1285280414698914
7,2020-01-14,76.3,76.13,76.85,76.0,537640,5.9987,0.771,0.12852784770033507
8,2020-01-15,76.23,75.29,76.26,75.06,600021,6.0965,0.7836,0.12853276470105798
9,2020-01-16,75.42,74.58,75.65,74.32,827358,6.0555,0.7783,0.12852778465857484
10,2020-01-17,74.58,74.51,75.03,74.29,440443,5.6487,0.726,0.12852514737904297
11,2020-01-20,74.61,75.0,75.06,74.42,429896,5.573,0.7163,0.1285304144984748
12,2020-01-21,74.68,73.93,74.77,73.77,610756,5.6045,0.7203,0.1285217236149523
13,2020-01-22,73.77,74.13,74.45,73.48,553543,5.8316,0.7495,0.12852390424583307
14,2020-01-23,73.74,72.38,73.77,72.12,1085587,5.8915,0.7572,0.1285241449545956
15,2020-02-03,66.61,67.58,69.36,66.58,1629059,5.8537,0.7524,0.12853408955019902
16,2020-02-04,67.9,68.97,69.23,67.81,1000232,5.6739,0.7293,0.12853592766879923
17,2020-02-05,69.04,68.94,69.3,68.39,886399,5.6739,0.7293,0.12853592766879923
18,2020-02-06,69.33,69.36,69.65,68.68,723495,5.7338,0.737,0.12853604939132862
19,2020-02-07,68.75,69.2,69.3,68.49,599835,5.7874,0.7439,0.12853785810553964
20,2020-02-10,68.71,68.91,69.04,68.62,507002,5.6487,0.726,0.12852514737904297
21,2020-02-11,69.17,69.46,69.98,69.14,616392,5.614,0.7216,0.12853580334877093
22,2020-02-12,69.62,69.56,69.65,69.04,432808,5.614,0.7216,0.12853580334877093
23,2020-02-13,69.49,69.1,69.65,68.97,502738,5.614,0.7431,0.1323655147844674
24,2020-02-14,68.94,69.65,69.82,68.88,525852,5.5257,0.7314,0.13236332048428257
25,2020-02-17,69.72,70.95,71.08,69.39,868214,5.614,0.7431,0.1323655147844674
26,2020-02-18,70.69,70.14,70.92,69.98,623146,5.6077,0.7422,0.13235372790983824
27,2020-02-19,70.17,70.11,70.72,69.85,449353,5.778,0.7648,0.13236413984077536
28,2020-02-20,70.3,70.95,71.18,69.98,750344,5.7464,0.7606,0.1323611304468885
29,2020-02-21,70.59,70.72,71.31,70.5,678190,5.7307,0.7585,0.13235730364527892
30,2020-02-24,70.5,69.95,70.79,69.91,734826,5.614,0.7431,0.1323655147844674
31,2020-02-25,69.33,69.52,69.91,69.01,757243,5.573,0.7376,0.13235241342185536
32,2020-02-26,69.04,69.49,70.24,68.84,831587,5.5635,0.7364,0.1323627213085288
33,2020-02-27,69.62,69.88,70.08,69.52,617473,5.3648,0.7101,0.13236280942439607
34,2020-02-28,69.27,68.16,69.69,68.0,875388,5.2828,0.6992,0.13235405466797912
35,2020-03-02,68.49,69.14,69.33,68.23,763938,5.2891,0.7001,0.13236656520012854
36,2020-03-03,69.52,69.36,69.82,69.2,629253,5.2796,0.6988,0.13235851200848547
37,2020-03-04,69.33,69.52,69.59,68.94,530511,5.0999,0.675,0.13235553638306635
38,2020-03-05,69.88,71.4,71.57,69.59,1198414,5.0873,0.6733,0.1323491832602756
39,2020-03-06,70.79,70.2,71.08,70.14,698957,5.0147,0.6637,0.13235088838813885
40,2020-03-09,69.17,68.42,69.17,68.29,973018,5.0431,0.6675,0.13235906486089904
41,2020-03-10,68.42,69.07,69.3,68.16,758353,5.0305,0.6658,0.1323526488420634
42,2020-03-11,69.2,68.36,69.27,68.33,641697,5.0336,0.6662,0.13235060394151305
43,2020-03-12,68.29,67.84,68.65,67.68,757275,5.0936,0.6742,0.1323621799905764
44,2020-03-13,65.93,66.77,67.16,65.51,1305323,5.1251,0.6784,0.13236814891416754
45,2020-03-16,66.8,64.66,66.84,64.5,1065126,5.185,0.6863,0.13236258437801351
46,2020-03-17,64.63,64.34,65.77,63.72,895910,5.1724,0.6846,0.13235635295027454
47,2020-03-18,64.53,63.01,64.86,62.91,817472,5.04,0.6671,0.13236111111111112
48,2020-03-19,62.59,60.78,62.95,60.52,1693451,5.0904,0.6738,0.13236680810938237
49,2020-03-20,61.39,62.04,62.66,61.0,1063743,5.0746,0.6717,0.13236511252118394
50,2020-03-23,60.74,60.78,61.42,60.61,856805,5.0841,0.6729,0.13235380893373458
51,2020-03-24,61.94,62.14,62.3,61.46,829557,5.0873,0.6733,0.1323491832602756
52,2020-03-25,63.21,63.43,63.69,62.69,869303,5.122,0.6779,0.1323506442795783
53,2020-03-26,63.34,64.6,65.86,63.08,1173570,5.1472,0.6813,0.1323632266086416
54,2020-03-27,65.28,64.89,65.54,64.66,584062,5.2071,0.6892,0.13235774231337982
55,2020-03-30,64.24,64.63,64.73,63.98,542150,5.1062,0.6758,0.13234890916924522
56,2020-03-31,64.92,63.69,65.15,63.66,523816,5.0841,0.6729,0.13235380893373458
57,2020-04-01,63.72,63.85,64.57,63.69,498923,5.1346,0.6796,0.13235695088224983
58,2020-04-02,63.66,64.21,64.21,63.5,403486,5.1472,0.6813,0.1323632266086416
59,2020-04-03,64.08,64.18,64.31,63.66,420808,5.1566,0.6825,0.13235465229026877
60,2020-04-07,64.89,64.66,65.15,64.5,660678,5.0967,0.6746,0.13236015460984557
61,2020-04-08,64.37,64.15,64.6,63.98,400591,5.021,0.6729,0.13401712806213903
62,2020-04-09,64.44,64.08,64.5,64.02,271030,4.9548,0.664,0.1340114636312263
63,2020-04-10,64.11,64.47,64.79,63.92,457053,4.9548,0.664,0.1340114636312263
64,2020-04-13,64.21,63.82,64.24,63.63,375620,5.0053,0.6708,0.13401794098255848
65,2020-04-14,64.08,64.44,64.44,63.72,564654,4.999,0.67,0.13402680536107223
66,2020-04-15,64.37,63.98,64.37,63.92,333363,5.0273,0.6738,0.13402820599526583
67,2020-04-16,63.76,63.72,63.95,63.5,381000,5.0116,0.6717,0.1340290525979727
68,2020-04-17,64.05,64.18,64.44,63.76,613900,5.0589,0.678,0.13402122991164087
69,2020-04-20,64.02,63.76,64.08,63.5,555806,5.1283,0.6873,0.1340210206111187
70,2020-04-21,63.63,63.34,63.95,63.24,411480,5.204,0.6974,0.13401229823212915
71,2020-04-22,63.34,63.34,63.4,62.95,362422,5.0778,0.6805,0.13401473078892434
72,2020-04-23,63.5,63.04,63.56,62.95,337784,5.0273,0.6738,0.13402820599526583
73,2020-04-24,63.14,62.75,63.14,62.59,391000,5.0494,0.6767,0.1340159226838832
74,2020-04-27,63.11,64.05,64.31,62.98,659797,4.9958,0.6695,0.1340125705592698
75,2020-04-28,64.21,64.28,64.28,63.56,473700,4.9926,0.6691,0.1340183471537876
76,2020-04-29,63.98,65.64,65.77,63.92,930777,4.9611,0.6649,0.13402269657938765
77,2020-04-30,65.8,65.99,66.87,65.7,597440,5.04,0.6755,0.13402777777777777
78,2020-05-06,65.05,65.05,65.44,64.57,686182,5.0147,0.6721,0.13402596366681954
79,2020-05-07,65.05,64.5,65.05,64.44,489018,5.0967,0.6831,0.13402790040614515
80,2020-05-08,64.83,65.18,65.67,64.66,499030,4.9737,0.6666,0.1340249713492973
81,2020-05-11,65.25,65.25,65.7,65.12,438174,4.939,0.6619,0.13401498279003848
82,2020-05-12,65.28,64.76,65.57,64.66,404260,4.9359,0.6615,0.13401811219838328
83,2020-05-13,64.57,64.79,64.86,64.41,316944,4.9863,0.6683,0.13402723462286667
84,2020-05-14,64.63,64.05,64.63,63.95,434471,4.9201,0.6594,0.13402166622629622
85,2020-05-15,64.37,64.15,64.47,64.02,294673,4.9012,0.6569,0.13402840120786746
86,2020-05-18,64.08,64.08,64.47,63.76,373443,4.939,0.6619,0.13401498279003848
87,2020-05-19,64.79,64.37,64.99,64.28,363097,5.0431,0.6759,0.1340247070254407
88,2020-05-20,64.37,64.63,64.76,64.08,401388,5.1346,0.6881,0.13401238655396722
89,2020-05-21,64.76,64.34,65.09,64.28,404336,5.1566,0.6911,0.1340224178722414
90,2020-05-22,64.24,63.27,64.41,63.17,644871,5.1976,0.6966,0.13402339541326766
91,2020-05-25,63.82,63.47,63.82,62.95,326550,5.0746,0.6801,0.1340204154021992
92,2020-05-26,63.66,63.53,63.69,63.34,310659,5.0841,0.6814,0.13402568792903366
93,2020-05-27,63.66,63.82,64.28,63.5,327880,5.122,0.6865,0.1340296759078485
94,2020-05-28,63.95,64.47,64.92,63.92,530129,5.472,0.7105,0.12984283625730994
95,2020-05-29,64.15,64.31,64.34,63.89,457094,5.5225,0.717,0.12983250339520144
96,2020-06-01,64.47,64.86,64.96,64.34,673009,5.5509,0.7207,0.12983480156371038
97,2020-06-02,64.63,65.25,65.41,64.63,566745,5.7874,0.7514,0.1298337768255175
98,2020-06-03,65.57,65.05,66.32,65.05,700461,5.8757,0.7629,0.1298398488690709
99,2020-06-04,65.34,64.79,65.41,64.73,404547,5.7874,0.7514,0.1298337768255175
100,2020-06-05,64.96,64.66,64.99,64.41,413355,5.8757,0.7629,0.1298398488690709
101,2020-06-08,64.73,64.47,65.12,64.41,674493,5.3522,0.6949,0.1298344605956429
102,2020-06-09,64.53,64.79,64.86,64.34,533387,5.2197,0.6777,0.12983504799126386
103,2020-06-10,64.79,64.05,64.79,63.98,708812,5.0936,0.6613,0.1298295900738181
104,2020-06-11,64.08,63.37,64.15,63.24,859129,4.9769,0.6462,0.12983986015391108
105,2020-06-12,62.98,63.89,63.89,62.88,936449,4.98,0.6466,0.12983935742971886
106,2020-06-15,63.24,62.79,63.34,62.79,867764,4.9958,0.6487,0.12984907322150607
107,2020-06-16,63.11,63.24,63.37,62.98,529171,4.9169,0.6384,0.12983790599768147
108,2020-06-17,63.14,63.14,63.24,62.95,459364,4.9453,0.6421,0.12984045457302895
109,2020-06-18,62.75,63.17,63.3,62.53,661199,4.9737,0.6458,0.12984297404346865
110,2020-06-19,63.17,63.24,63.3,62.85,884484,4.9674,0.645,0.12984659983089747
111,2020-06-22,63.14,62.95,63.3,62.88,717428,4.9643,0.6446,0.12984710835364502
112,2020-06-23,62.91,62.66,62.98,62.62,585168,4.9737,0.6458,0.12984297404346865
113,2020-06-24,62.91,63.47,63.56,62.82,866838,4.9296,0.6401,0.1298482635507952
114,2020-06-29,63.69,63.3,64.02,63.11,830137,5.0368,0.654,0.1298443456162643
115,2020-06-30,63.56,63.27,63.66,63.11,533326,4.9863,0.6474,0.12983574995487634
116,2020-07-01,63.4,64.47,64.66,63.24,1115848,5.0526,0.656,0.12983414479673833
117,2020-07-02,64.31,65.77,65.77,64.18,1501595,5.1251,0.6654,0.12983161304169674
118,2020-07-03,66.12,67.13,67.22,65.83,1661937,5.0936,0.6613,0.1298295900738181
119,2020-07-06,67.81,72.51,72.63,67.81,3530793,5.1125,0.6638,0.12983863080684596
120,2020-07-07,73.54,71.6,74.81,71.44,2803917,5.1251,0.6654,0.12983161304169674
121,2020-07-08,71.86,72.51,73.28,71.37,2177524,5.1503,0.6687,0.1298370968681436
122,2020-07-09,72.25,71.6,72.34,71.27,1859668,5.1693,0.6712,0.12984349911980347
123,2020-07-10,71.27,69.17,71.44,68.91,2079910,5.1314,0.6663,0.12984760494212105
124,2020-07-13,68.71,68.88,69.82,68.33,2073036,5.0778,0.6593,0.1298396943558234
125,2020-07-14,68.91,68.36,69.17,67.81,1693897,5.0936,0.6613,0.1298295900738181
126,2020-07-15,68.98,67.23,68.98,67.2,1702033,5.0305,0.6532,0.12984792764138753
127,2020-07-16,67.49,66.84,68.33,66.78,1352206,5.0021,0.6495,0.12984546490474
128,2020-07-17,67.33,66.74,67.59,66.36,956755,4.9958,0.6487,0.12984907322150607
129,2020-07-20,67.23,68.01,68.27,66.65,1434910,4.9769,0.6462,0.12983986015391108
130,2020-07-21,68.11,67.59,68.11,67.33,799021,5.081,0.6597,0.12983664632946268
131,2020-07-22,67.62,67.36,68.23,67.2,1256329,5.1093,0.6634,0.12984166128432464
132,2020-07-23,66.97,66.42,67.2,66.13,1160405,5.0841,0.6601,0.1298361558584607
133,2020-07-24,66.29,65.35,66.39,65.16,1373554,5.0557,0.6564,0.1298336531044168
134,2020-07-27,65.71,64.96,66.06,64.83,954702,5.062,0.6573,0.12984986171473725
135,2020-07-28,65.35,65.16,65.58,64.93,592290,5.0526,0.656,0.12983414479673833
136,2020-07-29,65.16,65.84,66.06,64.99,861668,5.1251,0.6654,0.12983161304169674
137,2020-07-30,65.84,65.32,65.97,65.32,617808,5.122,0.665,0.12983209683717298
138,2020-07-31,65.48,65.35,66.13,65.06,982287,5.1693,0.6712,0.12984349911980347
139,2020-08-03,65.71,65.71,65.9,65.32,1058477,5.163,0.6704,0.12984698818516366
140,2020-08-04,65.87,66.97,67.46,65.71,1737947,5.0967,0.6618,0.12984872564600625
141,2020-08-05,66.71,66.13,66.71,65.97,1075180,5.1503,0.6687,0.1298370968681436
142,2020-08-06,66.29,66.39,66.71,65.61,890113,5.2418,0.6806,0.12984089434926935
143,2020-08-07,66.06,65.58,66.45,65.38,1060592,5.2071,0.6761,0.12984194657294848
144,2020-08-10,65.61,65.9,66.16,65.32,1081852,5.514,0.6881,0.12479143997098295
145,2020-08-11,65.84,65.93,67.07,65.77,1610332,5.49,0.6851,0.12479052823315119
146,2020-08-12,66.03,66.49,66.52,65.84,989057,5.3529,0.668,0.12479216873096827
147,2020-08-13,66.84,66.26,66.87,66.16,822147,5.3837,0.6719,0.12480264502108217
148,2020-08-14,66.39,66.78,66.81,66.03,965519,5.4146,0.6757,0.12479222841945849
149,2020-08-17,66.81,68.07,68.75,66.74,2570457,5.4146,0.6757,0.12479222841945849
150,2020-08-18,67.78,67.3,68.01,66.97,1388627,5.4591,0.6813,0.12480079133923173
151,2020-08-19,67.1,66.58,67.3,66.52,1157401,5.5037,0.6868,0.12478877845812815
152,2020-08-20,66.42,66.1,66.45,65.84,935038,5.4557,0.6808,0.12478692010191175
153,2020-08-21,66.29,66.26,66.36,66.0,670744,5.4831,0.6843,0.1248016632926629
154,2020-08-24,66.29,65.97,66.42,65.9,755297,5.5311,0.6902,0.1247853049122236
155,2020-08-25,66.06,66.03,66.29,65.84,550890,5.466,0.6821,0.1247896084888401
156,2020-08-26,66.0,65.51,66.06,65.45,756227,5.5345,0.6907,0.1247989881651459
157,2020-08-27,65.51,65.51,65.61,65.16,660879,5.4934,0.6855,0.1247861069647213
158,2020-08-28,65.45,66.19,66.26,65.22,977897,5.5003,0.6864,0.12479319309855826
159,2020-08-31,67.36,66.97,68.49,66.97,3419813,5.5551,0.6932,0.12478623247106263
160,2020-09-01,66.94,67.59,68.2,66.68,1417923,5.5037,0.6868,0.12478877845812815
161,2020-09-02,67.65,67.49,67.91,66.94,1109405,5.5071,0.6872,0.12478436926876214
162,2020-09-03,67.62,67.36,68.14,67.13,886646,5.4694,0.6825,0.12478516839141404
163,2020-09-04,66.97,66.84,67.36,66.61,762875,5.4523,0.6804,0.12479137244832456
164,2020-09-07,66.74,67.07,67.68,66.74,929042,5.5517,0.6928,0.12479060467964766
165,2020-09-08,67.42,68.11,68.43,67.42,1449728,5.5791,0.6962,0.12478715204961374
166,2020-09-09,67.75,67.49,68.4,67.42,988617,5.5482,0.6924,0.12479723153455176
167,2020-09-10,67.78,67.23,67.94,67.07,877241,5.4249,0.677,0.12479492709543034
168,2020-09-11,67.17,66.87,67.39,66.65,661584,5.2878,0.6599,0.12479670184197589
169,2020-09-14,66.97,66.84,67.17,66.55,609369,5.1439,0.6419,0.12478858453702443
170,2020-09-15,66.71,66.74,67.13,66.49,528700,5.2775,0.6586,0.1247939365229749
171,2020-09-16,66.78,66.91,67.17,66.61,573369,5.1439,0.6419,0.12478858453702443
172,2020-09-17,66.91,66.39,67.07,66.36,733661,5.3803,0.6714,0.12478858056242216
173,2020-09-18,66.52,67.75,67.75,66.26,1360339,5.5208,0.689,0.12480075351398347
174,2020-09-21,67.65,67.88,68.17,67.52,1041815,5.5551,0.6932,0.12478623247106263
175,2020-09-22,67.62,67.26,67.98,67.17,670871,5.7778,0.721,0.12478798158468621
176,2020-09-23,67.39,66.94,67.49,66.87,529181,5.8909,0.7351,0.12478568639766419
177,2020-09-24,66.78,66.32,66.91,66.23,832834,5.9458,0.742,0.12479397221568166
178,2020-09-25,66.45,66.29,66.61,66.13,535550,6.0212,0.7514,0.12479240018600941
179,2020-09-28,66.39,66.42,66.61,66.19,364503,5.9526,0.7428,0.12478580788226992
180,2020-09-29,66.58,66.13,66.71,66.13,581714,6.1411,0.7664,0.12479848887007214
181,2020-09-30,66.74,66.87,67.39,66.45,1065415,6.2679,0.7822,0.12479458829911134
182,2020-10-09,67.59,67.0,67.85,66.97,1006763,6.0691,0.7574,0.124796098268277
183,2020-10-12,67.26,68.85,68.95,67.0,2355142,6.052,0.7552,0.12478519497686716
184,2020-10-13,68.72,68.95,69.27,68.43,1186945,6.028,0.7523,0.12480092899800929
185,2020-10-14,69.34,68.88,69.34,68.49,766006,5.9252,0.7394,0.12478903665699047
186,2020-10-15,68.59,69.73,70.66,68.59,1989348,6.1068,0.7621,0.12479531014606668
187,2020-10-16,69.73,71.77,72.28,69.66,2398885,6.0657,0.757,0.12480010551131775
188,2020-10-19,72.77,71.86,74.07,71.77,2401308,6.0691,0.7574,0.124796098268277
189,2020-10-20,72.22,72.28,72.54,71.38,1165416,6.1137,0.7629,0.12478531821973601
190,2020-10-21,72.28,73.48,73.58,71.86,1491873,6.1959,0.7732,0.12479220129440437
191,2020-10-22,73.97,73.65,74.84,73.0,1206897,6.2199,0.7762,0.12479300310294378
192,2020-10-23,73.55,73.97,75.36,73.26,1468439,6.1308,0.7651,0.12479611143733281
193,2020-10-26,74.1,72.22,74.39,71.96,1323426,6.1342,0.7655,0.12479214893547651
194,2020-10-27,72.25,72.28,72.77,71.64,755282,6.2199,0.7762,0.12479300310294378
195,2020-10-28,72.32,71.38,72.93,71.09,984732,6.0828,0.7591,0.12479450253172882
196,2020-10-29,70.83,72.28,72.93,70.76,1053634,6.0246,0.7518,0.1247883676924609
197,2020-10-30,72.61,72.28,73.68,71.67,1261000,6.0726,0.7578,0.12479004050983104
198,2020-11-02,72.61,72.28,73.16,71.6,1001614,6.0623,0.7565,0.12478762185969022
199,2020-11-03,73.09,72.64,74.39,72.54,1223376,6.004,0.7493,0.12480013324450366
200,2020-11-04,73.58,74.07,74.39,73.09,1099993,6.0349,0.7531,0.12479080017895905
201,2020-11-05,74.71,73.52,74.81,73.22,891051,6.052,0.7552,0.12478519497686716
202,2020-11-06,73.26,72.9,73.29,71.93,910569,6.0074,0.7497,0.12479608482871127
203,2020-11-09,73.48,72.9,73.87,72.64,1016281,6.0109,0.7501,0.12478996489710359
204,2020-11-10,73.84,74.75,75.4,73.78,1732314,5.8635,0.7317,0.12478894858019954
205,2020-11-11,74.62,75.14,75.62,74.29,1177252,6.3707,0.795,0.12479005446811182
206,2020-11-12,74.84,74.52,75.14,74.39,616191,6.5558,0.8181,0.12479026205802497
207,2020-11-13,73.9,72.19,73.9,71.83,1627575,6.5352,0.8155,0.12478577549271637
208,2020-11-16,72.48,71.86,72.54,71.64,982154,6.6483,0.8297,0.12479882075116948
209,2020-11-17,72.06,72.64,72.93,71.7,781428,6.5969,0.8232,0.12478588427897953
210,2020-11-18,73.0,76.82,77.4,72.97,3218567,6.6037,0.8241,0.12479367627239275
211,2020-11-19,76.76,77.24,77.63,76.33,1777967,6.6791,0.8528,0.12768187330628378
212,2020-11-20,75.69,76.24,76.85,75.49,1301072,6.7682,0.8642,0.12768535208770426
213,2020-11-23,76.17,79.22,79.48,76.11,2345567,6.7511,0.862,0.1276828961206322
214,2020-11-24,79.22,79.67,80.22,78.86,1347492,6.7477,0.8616,0.12768795293211022
215,2020-11-25,80.38,78.64,80.55,78.31,991664,6.7442,0.8611,0.12768008066190206
216,2020-11-26,79.15,80.74,80.77,78.76,1475407,6.71,0.8567,0.12767511177347243
217,2020-11-27,80.94,81.39,81.52,80.29,1300352,6.8505,0.8747,0.12768411064885773
218,2020-11-30,82.3,82.72,86.12,82.3,2870629,6.8231,0.8712,0.12768389734871247
219,2020-12-01,83.5,84.6,85.21,82.65,1604940,6.9019,0.8812,0.12767498804676972
