,日期,开盘,收盘,最高,最低,成交量,pe,pb,roe
0,2020-01-03,54.42,53.34,54.42,53.26,84940,6.3657,2.0225,0.31771839703410465
1,2020-01-06,52.67,53.02,53.55,52.5,95003,6.3141,2.0061,0.3177174894284221
2,2020-01-07,53.04,53.77,54.07,53.04,73840,6.2214,1.9767,0.317725913781464
3,2020-01-08,53.56,52.48,53.56,52.48,101984,6.0431,1.92,0.3177177276563353
4,2020-01-09,53.3,53.64,53.76,53.16,90524,6.077,1.9308,0.31772256047391806
5,2020-01-10,54.24,54.04,54.59,53.67,111385,6.1331,1.948,0.317620779051377
6,2020-01-13,54.04,54.24,55.38,53.86,131121,6.2098,1.9724,0.31762697671422585
7,2020-01-14,55.02,53.16,55.14,53.0,184645,6.1884,1.9656,0.31762652705061084
8,2020-01-15,52.81,52.09,52.87,51.22,115734,6.2776,1.9939,0.31762138396839557
9,2020-01-16,52.34,52.84,52.87,52.16,75838,6.2901,1.9979,0.31762611087264114
10,2020-01-17,53.08,52.29,53.33,51.77,79529,6.2134,1.9735,0.3176199826182123
11,2020-01-20,51.93,51.77,52.22,51.22,93238,6.0992,1.9373,0.3176318205666317
12,2020-01-21,51.38,49.66,51.51,49.64,154934,6.1206,1.9441,0.3176322582753325
13,2020-01-22,49.51,50.33,50.72,49.43,132447,6.2348,1.9803,0.31762045294155383
14,2020-01-23,49.04,47.74,49.55,47.66,206228,6.2972,2.0002,0.3176332338182049
15,2020-02-03,43.32,43.32,44.14,43.32,351045,6.2294,1.9786,0.3176228850290558
16,2020-02-04,43.4,46.24,46.37,43.38,265242,6.0903,1.9344,0.3176198216836609
17,2020-02-05,46.41,45.59,46.67,45.41,146633,6.1884,1.9656,0.31762652705061084
18,2020-02-06,46.0,46.56,46.79,45.27,139035,6.2259,1.9775,0.31762476107871956
19,2020-02-07,46.41,46.24,46.41,45.57,87725,5.9744,1.8976,0.31762185324049275
20,2020-02-10,45.84,47.06,47.65,45.4,140488,5.9298,1.8835,0.3176329724442645
21,2020-02-11,47.22,48.25,48.66,47.09,125182,5.8888,1.8704,0.3176198886020921
22,2020-02-12,48.12,48.09,48.52,47.82,81312,5.7978,1.8415,0.3176204767325537
23,2020-02-13,48.39,48.19,49.48,47.93,120791,5.8674,1.9712,0.3359580052493438
24,2020-02-14,48.32,49.3,49.66,48.0,126486,5.8745,1.9736,0.33596050727721505
25,2020-02-17,49.3,49.34,49.56,48.45,130626,5.862,1.9694,0.33596042306380075
26,2020-02-18,48.78,48.1,49.33,47.84,145517,5.9512,1.9994,0.33596585562575615
27,2020-02-19,48.12,47.9,48.71,47.7,142173,6.0618,2.0365,0.33595631660562875
28,2020-02-20,47.74,48.03,48.18,47.02,143739,6.0814,2.0431,0.33595882527049686
29,2020-02-21,47.8,47.27,47.97,47.09,137534,6.1028,2.0503,0.33596054270171066
30,2020-02-24,47.08,46.76,47.09,46.23,126710,6.0582,2.0353,0.33595787527648474
31,2020-02-25,46.32,46.86,47.66,46.05,148210,6.1278,2.0587,0.3359607036783185
32,2020-02-26,46.18,47.21,48.56,45.96,187866,6.1135,2.0539,0.33596139690848126
33,2020-02-27,47.25,46.44,47.67,46.41,137150,6.0457,2.0311,0.33595778818002875
34,2020-02-28,45.92,45.27,46.96,45.01,167176,6.0992,2.0491,0.335962093389297
35,2020-03-02,45.49,47.32,47.54,45.41,165809,6.2098,2.0862,0.3359528487229862
36,2020-03-03,47.74,46.87,48.13,46.57,158933,6.2419,2.097,0.33595539819606207
37,2020-03-04,46.83,48.7,48.91,46.7,240333,6.1706,2.0731,0.33596408777104336
38,2020-03-05,48.58,49.17,49.35,48.18,161011,6.2348,2.0946,0.33595303778790014
39,2020-03-06,48.78,48.14,48.91,47.87,129287,6.3115,2.1204,0.3359581715915393
40,2020-03-09,46.83,46.41,47.18,46.37,171142,6.2794,2.1096,0.33595566455393827
41,2020-03-10,46.76,47.57,47.88,45.92,169666,6.2152,2.088,0.33595057278929075
42,2020-03-11,47.28,48.23,49.14,47.26,151859,6.4203,2.1569,0.3359500334875317
43,2020-03-12,47.67,46.7,48.31,46.43,172504,6.4381,2.1629,0.3359531538808033
44,2020-03-13,44.39,45.4,45.96,43.85,227195,6.6093,2.2204,0.3359508571255655
45,2020-03-16,44.62,42.73,45.06,42.32,203504,6.3471,2.1324,0.33596445620834714
46,2020-03-17,42.66,41.38,43.41,40.46,213871,6.1955,2.0814,0.33595351464772816
47,2020-03-18,41.45,39.56,42.16,39.43,208386,6.0743,2.0407,0.33595640649951436
48,2020-03-19,38.9,38.95,40.04,37.26,322247,6.126,2.0581,0.3359614756774404
49,2020-03-20,39.81,41.23,41.23,39.29,214147,6.0992,2.0491,0.335962093389297
50,2020-03-23,39.03,38.68,39.98,38.64,223009,6.035,2.0275,0.33595691797845895
51,2020-03-24,39.84,39.68,40.11,38.68,161603,5.9049,1.9838,0.33595827194364003
52,2020-03-25,40.65,42.15,42.46,40.24,259141,6.0101,2.0191,0.33595114889935274
53,2020-03-26,41.76,42.67,43.68,41.54,232176,5.9316,1.9928,0.33596331512576705
54,2020-03-27,43.25,43.83,44.19,43.06,168416,6.0279,2.0251,0.33595447834237463
55,2020-03-30,43.19,44.23,44.7,42.57,221233,6.0921,2.0467,0.3359596854943287
56,2020-03-31,44.45,44.19,45.11,43.74,155041,6.1527,2.0671,0.3359663237277943
57,2020-04-01,44.5,43.79,45.14,43.54,154962,6.1955,2.0814,0.33595351464772816
58,2020-04-02,43.58,44.45,44.49,43.57,115764,6.1955,2.0814,0.33595351464772816
59,2020-04-03,44.45,44.65,45.07,44.2,90894,6.2883,2.1126,0.33595725394780784
60,2020-04-07,45.59,45.14,45.74,44.72,133639,6.4024,2.1509,0.3359521429463951
61,2020-04-08,44.98,44.29,44.98,43.97,119456,6.4203,2.1569,0.3359500334875317
62,2020-04-09,44.88,44.1,44.88,44.01,77204,6.3685,2.1396,0.335966083065086
63,2020-04-10,44.42,44.22,45.33,44.07,94896,6.4631,2.1713,0.3359533350868778
64,2020-04-13,43.92,44.23,44.59,43.84,52294,6.4631,2.1713,0.3359533350868778
65,2020-04-14,44.46,45.04,45.35,44.29,116505,6.3507,2.3157,0.3646369691530068
66,2020-04-15,45.26,44.2,45.26,43.84,83697,6.4042,2.3352,0.36463570781674526
67,2020-04-16,43.9,44.01,44.55,43.8,77614,6.34,2.3118,0.3646372239747634
68,2020-04-17,44.49,44.67,44.68,43.97,104105,6.3204,2.3046,0.3646288209606987
69,2020-04-20,44.49,44.41,44.79,43.8,91760,6.3828,2.3274,0.3646362098138748
70,2020-04-21,44.1,42.93,44.16,42.67,132527,6.4506,2.3521,0.3646327473413326
71,2020-04-22,42.62,43.27,43.28,42.42,86960,6.2597,2.2825,0.3646340878955861
72,2020-04-23,43.4,43.38,43.68,43.11,63649,6.1064,2.2266,0.36463382680466394
73,2020-04-24,43.46,43.02,43.55,42.99,68723,6.1724,2.2507,0.3646393623225974
74,2020-04-27,43.06,42.63,43.71,42.53,98365,6.1278,2.2344,0.36463331048663467
75,2020-04-28,42.86,43.29,43.42,42.18,98176,6.1313,2.2357,0.36463718950304175
76,2020-04-29,44.05,45.5,45.72,44.03,184606,5.9708,2.1772,0.3646412541033028
77,2020-04-30,45.65,44.83,45.85,44.68,144779,6.0261,2.1974,0.36464711836843067
78,2020-05-06,44.33,44.35,44.63,43.7,133634,6.0386,2.2019,0.3646374987579903
79,2020-05-07,44.36,43.98,44.36,43.75,94136,6.1278,2.2344,0.36463331048663467
80,2020-05-08,44.27,45.52,45.75,44.27,131187,6.1278,2.2344,0.36463331048663467
81,2020-05-11,45.4,45.66,46.18,45.17,85782,6.0689,2.213,0.36464598197366904
82,2020-05-12,46.04,44.88,46.05,44.78,80435,5.9976,2.1869,0.36462918500733627
83,2020-05-13,44.72,45.17,45.66,44.49,100233,5.8674,2.1395,0.36464191976002996
84,2020-05-14,45.1,44.36,45.1,44.26,80730,5.805,2.1167,0.3646339362618432
85,2020-05-15,44.54,44.4,44.8,44.29,45804,5.7515,2.0972,0.3646353125271668
86,2020-05-18,44.26,44.79,45.07,44.13,65086,5.8478,2.1323,0.3646328533807585
87,2020-05-19,45.27,44.49,45.46,44.37,65787,6.0101,2.1915,0.3646361957371757
88,2020-05-20,44.5,44.4,44.66,44.01,44420,6.0618,2.2104,0.3646441650994754
89,2020-05-21,44.52,44.14,44.67,44.01,47139,6.0529,2.2071,0.36463513357233723
90,2020-05-22,44.06,43.19,44.07,43.11,77127,6.0903,2.2208,0.3646454197658572
91,2020-05-25,43.19,43.96,44.19,42.73,57343,5.7907,2.1115,0.36463639974441775
92,2020-05-26,44.16,44.0,44.19,43.72,57524,5.7782,2.107,0.36464642968398464
93,2020-05-27,43.83,43.84,44.33,43.62,54385,5.9548,2.1713,0.36463021428091624
94,2020-05-28,43.97,44.29,45.32,43.87,110948,6.1171,2.2305,0.36463356819407894
95,2020-05-29,44.29,44.23,44.33,43.79,66240,6.2562,2.2812,0.36463028675553855
96,2020-06-01,44.35,45.39,45.57,44.28,119152,6.5861,2.1625,0.32834302546271693
97,2020-06-02,45.33,46.41,46.41,45.19,112069,6.793,2.2304,0.3283379949948476
98,2020-06-03,46.56,46.41,47.7,46.21,118251,6.7163,2.2053,0.32835043104090045
99,2020-06-04,46.96,46.01,46.97,45.92,61102,6.7413,2.2135,0.328349131473158
100,2020-06-05,46.02,45.75,46.24,45.18,62724,6.7056,2.2018,0.3283524218563589
101,2020-06-08,45.89,46.18,46.91,45.89,68271,6.1403,2.0161,0.32833900623748025
102,2020-06-09,46.31,46.43,46.63,46.06,51924,6.0975,2.0021,0.32834768347683474
103,2020-06-10,46.44,45.75,46.58,45.54,60829,5.9173,1.9429,0.3283423182870566
104,2020-06-11,45.72,45.01,45.98,44.67,76805,5.5714,1.8293,0.3283375812183652
105,2020-06-12,44.33,44.7,44.93,44.14,68909,5.4875,1.8018,0.3283462414578588
106,2020-06-15,44.31,43.94,44.75,43.88,74221,5.6659,1.8604,0.32835030621790007
107,2020-06-16,44.31,44.62,44.93,44.22,59610,5.566,1.8276,0.3283507006827165
108,2020-06-17,44.78,45.44,46.15,44.23,88869,5.6445,1.8533,0.3283373195145717
109,2020-06-18,45.2,45.49,46.15,45.2,100565,5.7604,1.8914,0.32834525380181934
110,2020-06-19,45.23,45.53,45.76,44.88,115170,5.755,1.8896,0.32834057341442224
111,2020-06-22,45.13,44.68,45.19,44.49,92154,5.7479,1.8873,0.32834600462777713
112,2020-06-23,44.72,44.11,44.75,43.9,109598,5.6356,1.8504,0.3283412591383349
113,2020-06-24,44.23,44.84,45.4,44.15,157338,5.5428,1.82,0.32835390055567587
114,2020-06-29,44.88,43.54,45.04,43.37,192056,5.6463,1.8539,0.3283389122079946
115,2020-06-30,43.84,44.15,44.23,43.58,92655,5.6891,1.868,0.3283471902409872
116,2020-07-01,44.07,46.67,47.06,43.93,284873,5.7907,1.9014,0.32835408499835944
117,2020-07-02,46.7,47.99,48.39,46.41,289659,5.8834,1.9318,0.32834755413536393
118,2020-07-03,48.29,48.3,48.87,47.57,190720,5.8496,1.9207,0.32834723741794314
119,2020-07-06,49.49,52.42,52.77,49.49,277856,5.7907,1.9014,0.32835408499835944
120,2020-07-07,53.2,52.68,54.15,51.68,256334,5.8264,1.9131,0.32835026774680764
121,2020-07-08,52.42,52.5,53.17,51.77,148680,5.8817,1.9312,0.3283404457894826
122,2020-07-09,53.41,53.06,53.51,51.8,149198,5.8817,1.9312,0.3283404457894826
123,2020-07-10,52.8,51.55,53.12,50.99,243226,5.7408,1.885,0.3283514492753623
124,2020-07-13,51.9,51.35,52.15,50.08,175598,5.5821,1.8328,0.3283352143458555
125,2020-07-14,51.55,50.34,51.82,49.82,175866,5.591,1.8358,0.3283491325344303
126,2020-07-15,50.57,49.16,51.04,48.92,181092,5.5286,1.8153,0.3283471403248562
127,2020-07-16,49.4,47.87,50.12,47.87,157573,5.55,1.8223,0.3283423423423424
128,2020-07-17,47.97,47.96,48.43,47.35,124517,5.5446,1.8205,0.3283374815135447
129,2020-07-20,48.36,50.14,50.25,48.25,147933,5.4394,1.786,0.3283450380556679
130,2020-07-21,50.31,49.87,50.35,49.33,82583,5.5696,1.8287,0.32833596667624243
131,2020-07-22,49.95,49.94,50.55,49.36,100039,5.6052,1.8405,0.32835581245985873
132,2020-07-23,49.39,49.56,50.01,48.78,85146,5.6177,1.8446,0.3283550207380245
133,2020-07-24,49.51,48.38,50.21,47.78,120103,5.6587,1.858,0.3283439659285702
134,2020-07-27,48.27,47.67,48.49,47.3,90126,5.6052,1.8405,0.32835581245985873
135,2020-07-28,48.0,48.06,48.32,47.54,69208,5.5999,1.8387,0.32834514902051826
136,2020-07-29,47.83,48.52,48.65,47.6,77330,5.7105,1.875,0.3283425269240872
137,2020-07-30,48.57,49.47,49.79,48.32,114702,5.6712,1.8621,0.32834320778671183
138,2020-07-31,49.4,49.99,50.53,49.27,109285,5.7782,1.8973,0.3283548509916583
139,2020-08-03,49.95,50.42,50.96,49.85,111721,5.7586,1.8908,0.3283436946480047
140,2020-08-04,50.21,50.42,50.92,49.83,98343,5.5482,1.8217,0.3283407231174075
141,2020-08-05,50.14,49.77,50.21,49.43,74878,5.5981,1.8381,0.3283435451313839
142,2020-08-06,49.94,49.68,50.66,49.33,86908,5.6641,1.8598,0.3283487226567327
143,2020-08-07,49.43,49.27,50.26,48.99,65787,5.7568,1.8902,0.3283421345191773
144,2020-08-10,49.36,50.44,50.82,49.22,124273,5.4536,1.7959,0.32930541293824267
145,2020-08-11,50.82,50.42,51.41,50.42,111352,5.3627,1.7659,0.3292930799783691
146,2020-08-12,50.47,50.74,51.05,49.95,91312,5.4162,1.7835,0.32928990805361696
147,2020-08-13,50.66,50.26,51.15,50.2,55842,5.4661,1.8,0.32930242769067525
148,2020-08-14,50.34,51.38,51.44,50.05,106141,5.4501,1.7947,0.3292967101521073
149,2020-08-17,51.38,52.77,53.04,51.09,164499,5.4037,1.7794,0.3292928919073968
150,2020-08-18,52.76,52.28,52.85,51.9,81074,5.607,1.8464,0.32930265739254505
151,2020-08-19,52.11,51.82,52.5,51.64,62189,5.6427,1.8581,0.32929271448065645
152,2020-08-20,51.8,51.96,52.06,51.25,63028,5.5517,1.8282,0.3293045373489201
153,2020-08-21,52.22,52.43,53.26,51.9,85923,5.5785,1.837,0.3292999910370171
154,2020-08-24,52.35,52.04,53.33,51.87,135844,5.6926,1.8746,0.3293047113796859
155,2020-08-25,52.24,52.86,53.28,51.96,88922,5.5821,1.8382,0.3293025922143996
156,2020-08-26,52.94,52.86,53.42,52.42,78682,5.5803,1.8376,0.3293012920452305
157,2020-08-27,52.86,52.17,52.86,51.64,85987,5.5642,1.8323,0.3293016066999749
158,2020-08-28,52.11,52.55,52.91,51.83,75713,5.591,1.8411,0.32929708460025037
159,2020-08-31,52.9,52.42,53.33,52.29,115630,5.7069,1.8793,0.3293031242881424
160,2020-09-01,52.28,51.59,52.52,51.34,123684,5.6391,1.8569,0.3292901349506127
161,2020-09-02,51.69,50.91,51.89,50.6,95198,5.6124,1.8481,0.32928871783907065
162,2020-09-03,50.9,50.91,51.59,50.72,53266,5.5214,1.8182,0.32930053971818746
163,2020-09-04,50.47,50.6,51.12,50.18,64171,5.5767,1.8364,0.3292986891889469
164,2020-09-07,50.53,50.16,51.39,50.01,65481,5.5821,1.8382,0.3293025922143996
165,2020-09-08,50.21,49.69,50.57,49.49,89161,6.6661,2.3832,0.3575103883830125
166,2020-09-09,49.35,48.99,49.98,48.55,80363,6.4746,2.3148,0.35752015568529333
167,2020-09-10,49.47,49.56,50.53,49.26,110183,6.3886,2.284,0.3575118179256801
168,2020-09-11,49.49,48.79,49.55,48.58,66486,5.9799,2.1379,0.3575143397046774
169,2020-09-14,49.01,49.74,49.95,48.47,63351,5.8143,2.0787,0.3575150921005108
170,2020-09-15,49.81,50.21,50.79,49.3,72294,6.2359,2.2294,0.357510543786783
171,2020-09-16,50.38,50.4,50.95,50.14,48254,5.8594,2.0949,0.35752807454688196
172,2020-09-17,50.27,50.03,50.81,49.86,44016,5.9605,2.131,0.35752034225316665
173,2020-09-18,50.07,50.91,51.08,50.07,111459,6.2617,2.2387,0.35752271747289077
174,2020-09-21,50.96,52.02,52.28,50.48,158863,6.4854,2.3186,0.3575107163783267
175,2020-09-22,51.57,53.93,54.68,51.57,274910,6.9264,2.4763,0.35751617001617003
176,2020-09-23,54.79,52.68,54.79,52.64,118285,7.1415,2.5532,0.357515928026325
177,2020-09-24,52.54,52.55,53.2,52.13,116474,7.3953,2.6439,0.3575108514867551
178,2020-09-25,52.5,51.05,52.81,51.05,168156,7.2856,2.6047,0.3575134511913912
179,2020-09-28,51.51,51.52,52.09,50.89,86224,7.0942,2.5363,0.3575174085872967
180,2020-09-29,52.41,51.76,52.43,51.43,77111,7.3802,2.6386,0.3575241863364136
181,2020-09-30,51.95,51.2,51.99,51.02,57473,7.5502,2.6993,0.35751370824613915
182,2020-10-09,51.76,50.73,51.86,50.59,85756,7.4727,2.6716,0.35751468679326087
183,2020-10-12,50.87,51.25,51.46,50.65,84933,7.1694,2.5632,0.3575194576952046
184,2020-10-13,51.26,51.02,51.61,50.83,66319,7.2447,2.5901,0.3575165293248858
185,2020-10-14,50.83,50.21,51.0,50.05,84365,6.9049,2.4686,0.3575142290257643
186,2020-10-15,50.27,49.82,50.52,49.66,63432,7.0985,2.5378,0.35751215045432133
187,2020-10-16,49.77,50.31,50.47,49.7,66102,7.2254,2.5832,0.35751653887674045
188,2020-10-19,50.47,50.42,51.21,50.27,84111,7.1673,2.5624,0.3575125919104823
189,2020-10-20,50.51,49.91,50.51,49.62,49759,7.1522,2.557,0.3575123738150499
190,2020-10-21,49.94,50.24,50.43,49.6,45173,7.2361,2.587,0.3575130249720153
191,2020-10-22,49.96,50.08,50.55,49.73,61533,7.3609,2.6316,0.3575106304935538
192,2020-10-23,50.01,49.94,50.24,49.79,41158,7.3394,2.6239,0.3575087881843202
193,2020-10-26,49.83,49.13,50.18,48.82,111937,7.3738,2.6363,0.3575225799452114
194,2020-10-27,49.04,48.48,49.17,48.26,85403,7.5781,2.7093,0.3575170557263694
195,2020-10-28,48.39,48.57,48.71,48.06,56801,7.5717,2.707,0.3575154852939234
196,2020-10-29,48.34,48.52,48.83,47.79,57779,7.3888,2.6416,0.3575140753572975
197,2020-10-30,48.13,48.01,49.49,47.92,82794,7.3716,2.6355,0.35752075533127137
198,2020-11-02,48.01,48.68,49.04,45.56,84539,7.3974,2.6447,0.35751750615080974
199,2020-11-03,48.64,48.97,49.09,48.29,59159,7.2017,2.5747,0.3575128094755405
200,2020-11-04,48.91,49.3,49.6,48.71,62082,7.0662,2.5263,0.35751889275706883
201,2020-11-05,49.38,51.13,51.38,49.31,122222,7.1178,2.5447,0.3575121526314311
202,2020-11-06,51.13,50.86,51.74,50.39,73067,6.9586,2.4878,0.35751444256028514
203,2020-11-09,51.18,50.14,51.38,50.12,103800,7.0662,2.5263,0.35751889275706883
204,2020-11-10,50.6,51.16,51.47,50.34,155543,6.5822,2.3532,0.3575096472304093
205,2020-11-11,51.22,51.65,52.39,50.74,121745,7.3136,2.6147,0.3575120323780354
206,2020-11-12,51.99,51.2,51.99,50.86,84169,7.7416,2.7678,0.35752299266301535
207,2020-11-13,51.07,50.37,51.25,50.12,65698,7.6319,2.7285,0.3575125460239259
208,2020-11-16,50.37,50.21,50.68,49.88,78941,7.9804,2.8531,0.3575134078492306
209,2020-11-17,50.08,51.04,51.54,50.07,115773,8.0664,2.8839,0.3575200833085391
210,2020-11-18,51.12,51.6,52.29,50.6,114989,8.1568,2.9162,0.3575176539819537
211,2020-11-19,51.77,51.51,51.94,51.2,66701,8.0342,2.8723,0.3575091483906301
212,2020-11-20,51.51,50.86,51.61,50.6,58781,8.2105,2.9354,0.35751781255709153
213,2020-11-23,50.74,51.02,51.51,50.57,66887,8.3891,2.9992,0.3575115328223529
214,2020-11-24,51.0,50.46,51.38,50.27,48763,8.3568,2.9877,0.3575172314761631
215,2020-11-25,50.6,50.07,51.12,49.96,68184,8.2901,2.9639,0.35752282843391514
216,2020-11-26,49.95,49.82,50.39,49.52,50763,8.0987,2.8954,0.3575141689406942
217,2020-11-27,49.83,51.12,51.44,49.83,78968,8.3116,2.9716,0.35752442369700177
218,2020-11-30,51.42,51.8,53.41,51.42,178349,8.1869,2.9269,0.3575101686841173
219,2020-12-01,51.52,52.17,52.33,50.96,91931,8.2407,2.9462,0.35751817199995145
