,日期,开盘,收盘,最高,最低,成交量,pe,pb,roe
0,2020-01-03,18.59,18.56,18.61,18.51,466318,4.9404,0.5406,0.10942433811027445
1,2020-01-06,18.49,18.46,18.59,18.41,625216,4.8122,0.5266,0.10943019824612443
2,2020-01-07,18.49,18.56,18.59,18.46,411573,4.8516,0.5309,0.10942781762717455
3,2020-01-08,18.46,18.31,18.51,18.26,768647,4.7629,0.5212,0.1094291293119738
4,2020-01-09,18.39,18.39,18.44,18.31,467039,4.7431,0.519,0.10942210790411334
5,2020-01-10,18.39,18.34,18.41,18.29,445575,4.7629,0.5212,0.1094291293119738
6,2020-01-13,18.34,18.36,18.39,18.26,363091,4.7727,0.5222,0.10941395855595365
7,2020-01-14,18.39,18.41,18.46,18.36,549591,4.7234,0.5168,0.1094127111826227
8,2020-01-15,18.41,18.34,18.44,18.26,371112,4.7333,0.5179,0.10941626349481336
9,2020-01-16,18.34,18.24,18.36,18.21,364684,4.7333,0.5179,0.10941626349481336
10,2020-01-17,18.26,18.26,18.34,18.21,339334,4.684,0.5125,0.10941502988898376
11,2020-01-20,18.26,18.29,18.31,18.21,345330,4.6643,0.5104,0.10942692365413888
12,2020-01-21,18.26,18.11,18.26,18.09,522980,4.6544,0.5093,0.10942334135441732
13,2020-01-22,18.09,18.09,18.14,17.99,525513,4.7037,0.5147,0.10942449560983906
14,2020-01-23,18.04,17.77,18.06,17.72,931826,4.7333,0.5179,0.10941626349481336
15,2020-02-03,16.72,16.99,17.02,16.65,1371911,4.7234,0.5168,0.1094127111826227
16,2020-02-04,16.94,17.19,17.24,16.92,773031,4.7333,0.5179,0.10941626349481336
17,2020-02-05,17.24,17.22,17.32,17.09,492871,4.6938,0.5136,0.10942093825897992
18,2020-02-06,17.24,17.29,17.32,17.14,519536,4.684,0.5125,0.10941502988898376
19,2020-02-07,17.24,17.34,17.42,17.17,420624,4.6643,0.5104,0.10942692365413888
20,2020-02-10,17.27,17.32,17.34,17.24,358616,4.6544,0.5093,0.10942334135441732
21,2020-02-11,17.34,17.34,17.44,17.29,440053,4.615,0.505,0.1094257854821235
22,2020-02-12,17.32,17.37,17.39,17.29,353800,4.6051,0.5836,0.1267290612581703
23,2020-02-13,17.32,17.27,17.37,17.24,366429,4.6347,0.5874,0.12673959479577968
24,2020-02-14,17.27,17.34,17.34,17.24,272546,4.6544,0.5899,0.1267402887590237
25,2020-02-17,17.32,17.54,17.54,17.29,497277,4.6544,0.5899,0.1267402887590237
26,2020-02-18,17.49,17.44,17.54,17.42,381505,4.6938,0.5949,0.12674165921002173
27,2020-02-19,17.44,17.39,17.49,17.37,415464,4.7727,0.6049,0.1267416766191045
28,2020-02-20,17.39,17.52,17.54,17.29,598739,4.753,0.6024,0.12674100568062277
29,2020-02-21,17.49,17.44,17.54,17.42,529654,4.7727,0.6049,0.1267416766191045
30,2020-02-24,17.42,17.37,17.44,17.34,570882,4.7234,0.5986,0.12673074480247282
31,2020-02-25,17.24,17.19,17.29,17.17,663023,4.753,0.6024,0.12674100568062277
32,2020-02-26,17.14,17.24,17.37,17.12,666106,4.7333,0.5999,0.1267403291572476
33,2020-02-27,17.24,17.24,17.29,17.17,509325,4.6938,0.5949,0.12674165921002173
34,2020-02-28,17.14,16.99,17.24,16.99,787117,4.6741,0.5924,0.126740976872553
35,2020-03-02,17.04,17.24,17.27,17.02,538736,4.684,0.5936,0.12672929120409906
36,2020-03-03,17.32,17.32,17.37,17.24,585414,4.7037,0.5961,0.12673002104726064
37,2020-03-04,17.29,17.34,17.37,17.27,326320,4.6347,0.5874,0.12673959479577968
38,2020-03-05,17.37,17.57,17.57,17.34,894564,4.615,0.5849,0.126738894907909
39,2020-03-06,17.44,17.39,17.49,17.37,520440,4.6445,0.5886,0.12673054150069976
40,2020-03-09,17.27,17.17,17.29,17.14,649082,4.6544,0.5899,0.1267402887590237
41,2020-03-10,17.04,17.22,17.32,17.04,727759,4.6445,0.5886,0.12673054150069976
42,2020-03-11,17.22,17.09,17.24,17.09,530136,4.6544,0.5899,0.1267402887590237
43,2020-03-12,17.09,17.07,17.12,16.99,513135,4.6938,0.5949,0.12674165921002173
44,2020-03-13,16.84,16.94,16.99,16.74,932071,4.7136,0.5974,0.12673964697895454
45,2020-03-16,16.97,16.67,16.99,16.67,1176529,4.753,0.6024,0.12674100568062277
46,2020-03-17,16.65,16.57,16.77,16.5,988298,4.7826,0.6061,0.12673023041860074
47,2020-03-18,16.62,16.42,16.67,16.42,581333,4.7234,0.5986,0.12673074480247282
48,2020-03-19,16.4,16.25,16.45,16.15,713458,4.7333,0.5999,0.1267403291572476
49,2020-03-20,16.3,16.3,16.4,16.22,549562,4.7136,0.5974,0.12673964697895454
50,2020-03-23,16.2,16.0,16.2,15.97,635938,4.7234,0.5986,0.12673074480247282
51,2020-03-24,16.1,16.15,16.2,15.97,720471,4.6938,0.5949,0.12674165921002173
52,2020-03-25,16.32,16.32,16.4,16.25,532922,4.6938,0.5949,0.12674165921002173
53,2020-03-26,16.3,16.35,16.6,16.22,579121,4.7333,0.5999,0.1267403291572476
54,2020-03-27,16.42,16.42,16.55,16.37,391245,4.7629,0.6036,0.1267295135316719
55,2020-03-30,16.3,16.4,16.45,16.27,318966,4.7234,0.5986,0.12673074480247282
56,2020-03-31,16.47,16.3,16.5,16.27,437369,4.7431,0.6011,0.12673146254559253
57,2020-04-01,16.3,16.3,16.4,16.27,285683,4.753,0.6024,0.12674100568062277
58,2020-04-02,16.25,16.37,16.37,16.2,315183,4.7629,0.6036,0.1267295135316719
59,2020-04-03,16.32,16.32,16.35,16.27,269720,4.7924,0.6074,0.12674234204156584
60,2020-04-07,16.42,16.4,16.47,16.35,487908,4.8023,0.6086,0.12673094142390107
61,2020-04-08,16.35,16.37,16.4,16.32,251421,4.8122,0.5413,0.11248493412576369
62,2020-04-09,16.4,16.35,16.42,16.32,342125,4.7924,0.5391,0.11249061013271014
63,2020-04-10,16.37,16.27,16.37,16.22,358878,4.8023,0.5402,0.11248776627865816
64,2020-04-13,16.25,16.15,16.25,16.12,332770,4.8319,0.5435,0.11248163248411597
65,2020-04-14,16.17,16.25,16.27,16.15,461653,4.822,0.5424,0.11248444628784736
66,2020-04-15,16.25,16.17,16.25,16.17,334168,4.8319,0.5435,0.11248163248411597
67,2020-04-16,16.15,16.17,16.22,16.12,350513,4.8319,0.5435,0.11248163248411597
68,2020-04-17,16.22,16.17,16.25,16.12,564155,4.8812,0.5491,0.1124928296320577
69,2020-04-20,16.17,16.1,16.2,16.07,532982,4.9206,0.5535,0.1124862821607121
70,2020-04-21,16.07,16.02,16.1,16.0,387580,4.9502,0.5568,0.11248030382610803
71,2020-04-22,16.0,16.02,16.05,15.95,376689,4.8319,0.5435,0.11248163248411597
72,2020-04-23,16.05,16.07,16.12,16.0,538488,4.7924,0.5391,0.11249061013271014
73,2020-04-24,16.05,16.05,16.1,15.97,380653,4.7924,0.5391,0.11249061013271014
74,2020-04-27,16.05,16.15,16.2,16.02,515937,4.7826,0.538,0.11249111362020658
75,2020-04-28,16.3,16.32,16.37,16.15,866613,4.8023,0.5402,0.11248776627865816
76,2020-04-29,16.32,16.62,16.65,16.3,906092,4.7727,0.5369,0.11249397615605422
77,2020-04-30,16.65,16.67,16.82,16.62,730594,4.8122,0.5413,0.11248493412576369
78,2020-05-06,16.55,16.57,16.62,16.52,602691,4.8023,0.5402,0.11248776627865816
79,2020-05-07,16.6,16.57,16.65,16.52,458537,4.8615,0.5468,0.1124755733827008
80,2020-05-08,16.62,16.67,16.7,16.6,420180,4.8023,0.5402,0.11248776627865816
81,2020-05-11,16.67,16.6,16.77,16.57,484350,4.7629,0.5358,0.11249448865187177
82,2020-05-12,16.62,16.5,16.62,16.47,444000,4.7727,0.5369,0.11249397615605422
83,2020-05-13,16.5,16.52,16.52,16.42,357284,4.7924,0.5391,0.11249061013271014
84,2020-05-14,16.47,16.45,16.5,16.42,272345,4.7234,0.5313,0.11248253376804844
85,2020-05-15,16.47,16.42,16.5,16.4,305848,4.7037,0.5291,0.11248591534324041
86,2020-05-18,16.45,16.42,16.5,16.4,330861,4.7234,0.5313,0.11248253376804844
87,2020-05-19,16.52,16.47,16.52,16.45,329825,4.8122,0.5413,0.11248493412576369
88,2020-05-20,16.47,16.47,16.55,16.42,394445,4.8516,0.5457,0.11247835765520652
89,2020-05-21,16.5,16.45,16.52,16.42,244859,4.8615,0.5468,0.1124755733827008
90,2020-05-22,16.45,16.3,16.45,16.3,401434,4.9206,0.5535,0.1124862821607121
91,2020-05-25,16.3,16.32,16.32,16.22,237649,4.8023,0.5402,0.11248776627865816
92,2020-05-26,16.32,16.32,16.35,16.3,276891,4.8319,0.5435,0.11248163248411597
93,2020-05-27,16.32,16.37,16.45,16.3,368788,4.9206,0.5535,0.1124862821607121
94,2020-05-28,16.4,16.47,16.55,16.37,398876,5.3052,0.5772,0.10879891427278897
95,2020-05-29,16.45,16.42,16.47,16.37,374276,5.3644,0.5837,0.1088099321452539
96,2020-06-01,16.45,16.55,16.55,16.42,477071,5.3249,0.5794,0.10880955510901613
97,2020-06-02,16.52,16.55,16.6,16.47,440230,5.4433,0.5923,0.1088126687854794
98,2020-06-03,16.57,16.55,16.7,16.55,476306,5.463,0.5944,0.10880468606992495
99,2020-06-04,16.6,16.5,16.6,16.47,337313,5.4038,0.588,0.10881231725822568
100,2020-06-05,16.52,16.52,16.55,16.45,324612,5.532,0.6019,0.10880332610267535
101,2020-06-08,16.55,16.52,16.57,16.5,433951,5.0686,0.5515,0.10880716568677741
102,2020-06-09,16.55,16.6,16.62,16.52,348969,5.0094,0.545,0.10879546452668983
103,2020-06-10,16.6,16.55,16.6,16.52,336979,4.9108,0.5343,0.10880101001873421
104,2020-06-11,16.55,16.47,16.55,16.47,431326,4.8319,0.5257,0.10879778141103912
105,2020-06-12,16.4,16.5,16.5,16.37,392247,4.8122,0.5236,0.10880678276048376
106,2020-06-15,16.45,16.35,16.47,16.35,434219,4.8319,0.5257,0.10879778141103912
107,2020-06-16,16.4,16.45,16.45,16.37,336027,4.8023,0.5225,0.1088020323594944
108,2020-06-17,16.42,16.45,16.47,16.37,325547,4.822,0.5247,0.10881377021982581
109,2020-06-18,16.37,16.42,16.47,16.35,424012,4.8319,0.5257,0.10879778141103912
110,2020-06-19,16.42,16.47,16.52,16.4,520250,4.8122,0.5236,0.10880678276048376
111,2020-06-22,16.45,16.45,16.55,16.42,452918,4.822,0.5247,0.10881377021982581
112,2020-06-23,16.47,16.4,16.5,16.4,289180,4.822,0.5247,0.10881377021982581
113,2020-06-24,16.45,16.47,16.52,16.42,370853,4.7826,0.5204,0.1088111069292853
114,2020-06-29,16.52,16.42,16.55,16.42,331205,4.8418,0.5268,0.10880251146267918
115,2020-06-30,16.47,16.47,16.5,16.42,309553,4.8319,0.5257,0.10879778141103912
116,2020-07-01,16.47,16.67,16.72,16.45,859864,4.8615,0.529,0.10881415201069629
117,2020-07-02,16.62,16.92,16.92,16.6,1131325,4.8812,0.5311,0.1088052118331558
118,2020-07-03,16.94,17.07,17.14,16.89,1407494,4.8516,0.5279,0.10880946491878968
119,2020-07-06,17.17,18.24,18.31,17.17,4095498,4.8516,0.5279,0.10880946491878968
120,2020-07-07,18.44,17.91,18.56,17.77,4335784,4.8418,0.5268,0.10880251146267918
121,2020-07-08,17.86,18.06,18.14,17.79,2084624,4.8615,0.529,0.10881415201069629
122,2020-07-09,18.01,18.01,18.04,17.84,1683191,4.8615,0.529,0.10881415201069629
123,2020-07-10,17.96,17.72,17.96,17.69,1481340,4.8615,0.529,0.10881415201069629
124,2020-07-13,17.67,17.81,17.91,17.67,1329490,4.8122,0.5236,0.10880678276048376
125,2020-07-14,17.81,17.67,17.89,17.62,1396447,4.8319,0.5257,0.10879778141103912
126,2020-07-15,17.68,17.45,17.75,17.45,1163062,4.7924,0.5214,0.1087972623320257
127,2020-07-16,17.45,17.23,17.55,17.23,1064616,4.7727,0.5193,0.1088063360362059
128,2020-07-17,17.26,17.16,17.33,17.13,719343,4.7727,0.5193,0.1088063360362059
129,2020-07-20,17.18,17.45,17.48,17.13,989078,4.7629,0.5182,0.10879926095446052
130,2020-07-21,17.45,17.3,17.45,17.26,732880,4.822,0.5247,0.10881377021982581
131,2020-07-22,17.3,17.28,17.45,17.23,830087,4.8319,0.5257,0.10879778141103912
132,2020-07-23,17.23,17.18,17.28,17.06,719509,4.8319,0.5257,0.10879778141103912
133,2020-07-24,17.16,16.96,17.18,16.93,716754,4.8122,0.5236,0.10880678276048376
134,2020-07-27,16.98,16.91,17.03,16.86,396071,4.8122,0.5236,0.10880678276048376
135,2020-07-28,16.96,16.96,17.01,16.91,298820,4.822,0.5247,0.10881377021982581
136,2020-07-29,16.93,17.13,17.16,16.91,492602,4.8516,0.5279,0.10880946491878968
137,2020-07-30,17.13,17.08,17.21,17.06,473260,4.8418,0.5268,0.10880251146267918
138,2020-07-31,17.08,17.06,17.21,16.98,544153,4.8812,0.5311,0.1088052118331558
139,2020-08-03,17.08,17.16,17.16,17.08,572700,4.9108,0.5343,0.10880101001873421
140,2020-08-04,17.16,17.3,17.35,17.08,1035027,4.8713,0.53,0.1088005255270667
141,2020-08-05,17.28,17.16,17.28,17.08,568345,4.8713,0.53,0.1088005255270667
142,2020-08-06,17.16,17.18,17.23,17.11,417161,4.9108,0.5343,0.10880101001873421
143,2020-08-07,17.18,17.08,17.21,17.03,462507,4.8911,0.5322,0.10880987916828526
144,2020-08-10,17.06,17.16,17.18,17.03,488392,4.7727,0.5193,0.1088063360362059
145,2020-08-11,17.16,17.11,17.3,17.11,819976,5.0421,0.5431,0.10771305606790822
146,2020-08-12,17.13,17.13,17.16,17.06,559212,4.9998,0.5386,0.10772430897235889
147,2020-08-13,17.16,17.13,17.21,17.11,428916,5.0104,0.5397,0.10771595082228963
148,2020-08-14,17.13,17.23,17.26,17.11,551757,4.9892,0.5375,0.10773270263769742
149,2020-08-17,17.28,17.53,17.65,17.26,1541079,4.9892,0.5375,0.10773270263769742
150,2020-08-18,17.53,17.45,17.55,17.4,740952,5.021,0.5409,0.1077275443138817
151,2020-08-19,17.45,17.35,17.48,17.35,577525,5.0527,0.5443,0.10772458289627329
152,2020-08-20,17.35,17.23,17.38,17.21,466134,5.0527,0.5443,0.10772458289627329
153,2020-08-21,17.28,17.23,17.3,17.23,387292,5.0527,0.5443,0.10772458289627329
154,2020-08-24,17.26,17.21,17.3,17.21,448728,5.0844,0.5477,0.10772165840610495
155,2020-08-25,17.26,17.23,17.3,17.21,313456,5.0421,0.5431,0.10771305606790822
156,2020-08-26,17.23,17.16,17.26,17.13,423529,5.0949,0.5488,0.10771555869595084
157,2020-08-27,17.16,17.13,17.18,17.11,291890,5.1267,0.5523,0.10773011878986484
158,2020-08-28,17.08,17.18,17.21,17.03,675962,5.1372,0.5534,0.1077240520127696
159,2020-08-31,17.21,17.16,17.33,17.11,794944,5.1478,0.5545,0.10771591747931154
160,2020-09-01,17.13,17.13,17.16,17.08,443239,5.1161,0.5511,0.1077187701569555
161,2020-09-02,17.16,17.06,17.16,16.98,503382,5.1372,0.5534,0.1077240520127696
162,2020-09-03,17.06,17.03,17.11,17.01,325805,5.1055,0.55,0.1077269611203604
163,2020-09-04,16.98,17.01,17.01,16.96,361810,5.1055,0.55,0.1077269611203604
164,2020-09-07,17.01,16.96,17.06,16.93,376465,5.1478,0.5545,0.10771591747931154
165,2020-09-08,16.98,17.06,17.08,16.96,450953,5.1584,0.5557,0.10772720223325061
166,2020-09-09,16.98,16.98,17.08,16.93,469403,5.1267,0.5523,0.10773011878986484
167,2020-09-10,17.01,16.88,17.03,16.86,509010,5.1161,0.5511,0.1077187701569555
168,2020-09-11,16.88,16.88,16.91,16.83,475859,5.0421,0.5431,0.10771305606790822
169,2020-09-14,16.88,16.96,16.98,16.86,450768,4.9787,0.5363,0.10771888243919095
170,2020-09-15,16.93,16.93,16.98,16.91,307795,5.1055,0.55,0.1077269611203604
171,2020-09-16,16.93,16.98,17.06,16.91,496729,5.0844,0.5477,0.10772165840610495
172,2020-09-17,16.96,16.96,17.03,16.93,329091,5.1584,0.5557,0.10772720223325061
173,2020-09-18,16.98,17.11,17.11,16.93,537799,5.2218,0.5625,0.10772147535332643
174,2020-09-21,17.11,17.03,17.16,17.01,287799,5.2641,0.5671,0.10772971638076785
175,2020-09-22,16.98,16.93,17.08,16.91,554246,5.3804,0.5796,0.10772433276336332
176,2020-09-23,16.96,16.88,16.96,16.88,241952,5.4332,0.5853,0.10772656997717736
177,2020-09-24,16.88,16.78,16.88,16.76,436649,5.4438,0.5864,0.10771887284617362
178,2020-09-25,16.78,16.76,16.83,16.71,345144,5.4966,0.5921,0.10772113670268893
179,2020-09-28,16.76,16.78,16.81,16.73,209549,5.4755,0.5898,0.1077161903022555
180,2020-09-29,16.83,16.76,16.83,16.76,210144,5.5706,0.6001,0.10772627724123074
181,2020-09-30,16.76,16.68,16.81,16.66,358337,5.6446,0.6081,0.1077312829961379
182,2020-10-09,16.73,16.73,16.76,16.68,348215,5.5495,0.5978,0.10772141634381475
183,2020-10-12,16.73,16.91,16.96,16.73,590022,5.5389,0.5967,0.10772897145642638
184,2020-10-13,16.91,16.86,16.93,16.83,263437,5.5072,0.5933,0.10773169668797211
185,2020-10-14,16.88,16.83,16.91,16.81,315025,5.4015,0.5819,0.10772933444413588
186,2020-10-15,16.86,16.88,17.03,16.81,492477,5.5072,0.5933,0.10773169668797211
187,2020-10-16,16.91,16.98,17.08,16.88,623268,5.5072,0.5933,0.10773169668797211
188,2020-10-19,17.03,17.03,17.28,17.01,848756,5.4861,0.591,0.10772680045934269
189,2020-10-20,17.01,16.96,17.06,16.91,426935,5.56,0.5989,0.1077158273381295
190,2020-10-21,16.93,17.08,17.11,16.91,551128,5.5918,0.6024,0.10772917486319254
191,2020-10-22,17.08,17.03,17.18,16.98,424612,5.6235,0.6058,0.10772650484573665
192,2020-10-23,17.03,17.08,17.16,16.98,615184,5.5706,0.6001,0.10772627724123074
193,2020-10-26,17.08,16.88,17.11,16.86,594643,5.5918,0.6024,0.10772917486319254
194,2020-10-27,16.86,16.78,16.88,16.73,409752,5.634,0.6069,0.1077209797657082
195,2020-10-28,16.78,16.78,16.81,16.71,323714,5.5495,0.5978,0.10772141634381475
196,2020-10-29,16.71,16.73,16.78,16.68,324982,5.5178,0.5944,0.10772409293559028
197,2020-10-30,16.76,16.66,16.81,16.63,388645,5.56,0.5989,0.1077158273381295
198,2020-11-02,16.68,16.68,16.73,16.66,452100,5.5495,0.5978,0.10772141634381475
199,2020-11-03,16.73,16.78,16.86,16.73,450057,5.5389,0.5967,0.10772897145642638
200,2020-11-04,16.83,16.81,16.86,16.73,321588,5.5495,0.5978,0.10772141634381475
201,2020-11-05,16.86,16.86,16.91,16.81,389460,5.5283,0.5955,0.10771846679811155
202,2020-11-06,16.86,16.88,16.91,16.81,425364,5.4966,0.5921,0.10772113670268893
203,2020-11-09,16.91,16.98,17.03,16.88,531265,5.4861,0.591,0.10772680045934269
204,2020-11-10,17.03,16.96,17.11,16.91,544235,5.4015,0.5819,0.10772933444413588
205,2020-11-11,16.96,16.98,17.06,16.91,437233,5.7292,0.6172,0.10772882775954758
206,2020-11-12,16.98,16.91,17.01,16.91,305160,5.8666,0.632,0.10772849691473767
207,2020-11-13,16.88,16.78,16.91,16.76,441872,5.8772,0.6331,0.10772136391478936
208,2020-11-16,16.78,16.81,16.86,16.78,289083,5.9512,0.6411,0.10772617287269794
209,2020-11-17,16.81,16.86,16.88,16.78,535756,5.9406,0.6399,0.10771639228360773
210,2020-11-18,16.86,16.98,17.06,16.83,783634,5.93,0.6388,0.10772344013490726
211,2020-11-19,16.98,16.98,17.03,16.91,740327,5.9723,0.6434,0.10773069001892069
212,2020-11-20,16.96,16.96,16.98,16.91,383937,6.004,0.6468,0.107728181212525
213,2020-11-23,16.96,17.08,17.11,16.93,677949,5.9829,0.6445,0.10772367915225058
214,2020-11-24,17.08,17.06,17.16,17.03,536092,5.9723,0.6434,0.10773069001892069
215,2020-11-25,17.11,17.01,17.18,17.01,567421,5.9934,0.6456,0.1077184903393733
216,2020-11-26,17.01,17.06,17.11,16.98,375958,5.9617,0.6422,0.10772095207742757
217,2020-11-27,17.08,17.28,17.28,17.06,1022357,6.0674,0.6536,0.10772324224544284
218,2020-11-30,17.38,17.18,17.68,17.18,1843199,6.0251,0.649,0.10771605450531942
219,2020-12-01,17.16,17.5,17.55,17.11,1566779,6.0674,0.6536,0.10772324224544284
