,日期,开盘,收盘,最高,最低,成交量,pe,pb,roe
0,2020-01-03,18.62,18.35,18.77,18.18,465619,15.0366,2.9432,0.19573573813229056
1,2020-01-06,18.14,18.03,18.26,17.83,565047,14.7482,2.8867,0.19573236055925466
2,2020-01-07,18.05,17.99,18.07,17.75,502766,14.7696,2.8909,0.19573312750514568
3,2020-01-08,17.75,17.65,17.85,17.49,507464,14.9511,2.9264,0.19573141775521533
4,2020-01-09,17.78,18.43,18.48,17.78,789830,15.0472,2.9453,0.19573741294061353
5,2020-01-10,18.54,18.16,18.72,18.08,379855,15.1327,2.962,0.19573506380222963
6,2020-01-13,18.15,18.74,18.83,17.9,650310,15.1327,2.962,0.19573506380222963
7,2020-01-14,18.78,18.52,18.96,18.49,463560,15.2181,2.9787,0.19573402724387406
8,2020-01-15,18.48,18.83,18.91,18.43,409454,15.3142,2.9975,0.19573337164200547
9,2020-01-16,18.78,18.54,19.0,18.52,404695,15.3783,3.0101,0.19573684997691554
10,2020-01-17,18.54,19.12,19.24,18.42,646399,15.1006,2.9557,0.19573394434658226
11,2020-01-20,19.01,19.47,19.59,18.85,581996,15.2501,2.985,0.1957364214005154
12,2020-01-21,19.33,19.22,19.52,19.01,463624,15.3249,2.9996,0.19573374051380435
13,2020-01-22,19.03,20.98,21.13,18.73,917158,15.4637,3.0268,0.1957358200172016
14,2020-01-23,20.63,20.13,20.91,19.53,748806,15.5278,3.0393,0.19573281469364623
15,2020-02-03,18.13,18.13,18.13,18.13,142866,16.0831,3.148,0.1957334096038699
16,2020-02-04,17.23,18.15,18.61,17.23,946082,15.3783,3.0101,0.19573684997691554
17,2020-02-05,18.29,18.82,19.72,18.05,843686,14.9511,2.9264,0.19573141775521533
18,2020-02-06,18.67,19.05,19.19,18.59,532366,14.7482,2.8867,0.19573236055925466
19,2020-02-07,20.03,19.43,20.03,18.77,1032332,14.3851,2.8157,0.19573725591062976
20,2020-02-10,19.03,19.04,19.07,18.33,867901,14.289,2.7968,0.19573098187416896
21,2020-02-11,18.94,19.36,19.52,18.89,730480,14.0541,2.7509,0.1957364754769071
22,2020-02-12,19.21,19.28,19.38,18.95,549303,14.5773,2.9764,0.2041804723782868
23,2020-02-13,19.24,18.55,19.24,18.51,847225,14.9084,3.044,0.20418019371629417
24,2020-02-14,18.39,18.48,18.88,18.09,791232,14.887,3.0396,0.20417814200308995
25,2020-02-17,18.57,19.32,19.39,18.35,828653,14.8123,3.0243,0.20417490869075025
26,2020-02-18,19.33,18.98,19.33,18.73,858954,14.6094,2.9829,0.20417676290607414
27,2020-02-19,18.78,18.62,18.93,18.59,671602,14.5133,2.9633,0.20417823651409397
28,2020-02-20,18.72,18.94,19.15,18.36,995674,14.588,2.9785,0.2041746641074856
29,2020-02-21,18.8,19.73,19.81,18.75,1306981,14.5667,2.9742,0.2041780224759211
30,2020-02-24,19.88,20.27,20.73,19.68,1378464,14.7909,3.02,0.20417959691431894
31,2020-02-25,19.78,20.09,20.42,19.1,1167120,14.8016,3.0222,0.2041806291211761
32,2020-02-26,19.68,18.84,19.71,18.65,1117676,14.7162,3.0047,0.20417634987292915
33,2020-02-27,18.77,19.03,19.16,18.48,683535,14.6868,2.9987,0.20417653947762615
34,2020-02-28,18.21,17.21,18.57,17.14,1159058,14.6655,2.9944,0.20417987794483652
35,2020-03-02,17.43,17.57,17.87,16.98,951533,14.8791,3.038,0.20417901620393705
36,2020-03-03,17.96,17.57,18.28,17.33,899689,14.9752,3.0576,0.20417757358833272
37,2020-03-04,17.36,16.89,17.46,16.55,1135074,14.7923,3.021,0.20422787531350772
38,2020-03-05,17.23,17.29,17.38,16.94,875745,14.5146,2.9642,0.2042219558237912
39,2020-03-06,16.96,17.12,17.36,16.83,667487,14.4826,2.9577,0.204224379600348
40,2020-03-09,16.81,16.31,16.91,16.29,711284,14.1835,2.8966,0.20422321711848274
41,2020-03-10,16.11,16.72,16.73,15.92,711824,14.0661,2.8726,0.2042214970745267
42,2020-03-11,16.8,16.67,17.3,16.65,682708,14.1301,2.8857,0.20422360775932227
43,2020-03-12,16.38,16.23,16.47,15.96,679764,14.4933,2.9599,0.20422540070239353
44,2020-03-13,15.31,15.78,16.12,15.18,850984,14.4826,2.9577,0.204224379600348
45,2020-03-16,15.81,14.43,15.87,14.3,1238366,14.6748,2.997,0.20422765557281872
46,2020-03-17,14.52,14.04,14.72,13.43,929745,14.7603,3.0144,0.20422349139245138
47,2020-03-18,14.18,13.69,14.4,13.67,704710,14.4826,2.9577,0.204224379600348
48,2020-03-19,13.68,13.64,13.88,13.13,882153,14.5253,2.9664,0.20422297646175985
49,2020-03-20,13.81,13.7,13.9,13.42,646735,14.6642,2.9948,0.2042252560657929
50,2020-03-23,13.23,12.65,13.31,12.64,941434,14.7923,3.021,0.20422787531350772
51,2020-03-24,12.88,13.15,13.22,12.55,907527,14.5467,2.9708,0.2042250132332419
52,2020-03-25,13.53,13.68,13.73,13.38,923074,14.4826,2.9577,0.204224379600348
53,2020-03-26,13.54,13.42,13.65,13.38,517426,14.8564,3.034,0.2042217495490159
54,2020-03-27,13.63,13.2,13.68,13.17,678491,15.1768,3.0995,0.2042261873385694
55,2020-03-30,12.97,12.95,13.06,12.56,625929,14.8884,3.0406,0.2042261089170092
56,2020-03-31,13.42,13.34,13.43,13.16,631417,15.1341,3.0908,0.20422753913348005
57,2020-04-01,13.26,13.54,13.86,13.25,791177,15.4972,3.1649,0.20422398884959864
58,2020-04-02,13.47,14.11,14.2,13.46,855237,15.7749,3.2216,0.20422316464763643
59,2020-04-03,14.03,14.09,14.41,13.8,763413,15.7322,3.2129,0.20422445684646773
60,2020-04-07,14.48,14.28,14.53,14.15,762864,15.7429,3.2151,0.20422539684556212
61,2020-04-08,14.18,14.27,14.4,14.08,492067,15.7536,3.2173,0.20422633556774322
62,2020-04-09,14.3,14.08,14.35,14.06,421601,15.6467,3.1955,0.20422836764301738
63,2020-04-10,14.07,13.75,14.07,13.63,471113,15.5293,3.1715,0.2042268486023195
64,2020-04-13,13.57,13.28,13.57,13.17,453101,16.1167,3.2914,0.20422294886670345
65,2020-04-14,13.41,13.94,13.96,13.36,595888,16.0099,3.2696,0.20422363662483842
66,2020-04-15,13.94,14.0,14.18,13.87,512412,15.807,3.2282,0.2042259758334915
67,2020-04-16,13.88,14.18,14.24,13.7,545740,15.839,3.2347,0.20422375149946334
68,2020-04-17,14.35,14.12,14.52,14.1,721172,15.8604,3.2391,0.20422561852160098
69,2020-04-20,14.19,14.6,14.6,14.04,728974,16.2128,3.3111,0.20422752393170826
70,2020-04-21,14.43,14.29,14.49,14.08,547496,16.3196,3.3329,0.20422681928478637
71,2020-04-22,14.19,14.19,14.23,14.02,360323,16.0526,3.2783,0.2042223689620373
72,2020-04-23,14.38,14.09,14.39,14.05,331959,16.2021,3.3089,0.20422661259960126
73,2020-04-24,14.09,14.08,14.29,14.01,355312,16.1701,3.3023,0.20422260839450587
74,2020-04-27,14.13,14.08,14.27,13.85,318311,15.1234,3.224,0.21317957602126508
75,2020-04-28,14.14,14.34,14.51,13.61,696155,15.3904,3.2809,0.2131783449423017
76,2020-04-29,14.29,14.37,14.46,14.24,326768,15.2729,3.2558,0.21317497004498162
77,2020-04-30,14.44,14.82,14.92,14.4,666470,15.4865,3.3014,0.21317922061150035
78,2020-05-06,14.56,14.89,14.95,14.52,599900,15.604,3.3264,0.21317610869007947
79,2020-05-07,14.88,14.51,15.01,14.45,523702,15.6788,3.3424,0.2131795800699033
80,2020-05-08,14.61,14.57,14.73,14.47,485977,15.9031,3.3902,0.21317856267017124
81,2020-05-11,14.63,14.65,14.82,14.48,474525,15.5827,3.3219,0.21317871742380973
82,2020-05-12,14.58,14.36,14.58,14.22,388243,15.2623,3.2536,0.21317887867490484
83,2020-05-13,14.23,14.31,14.36,14.13,295336,15.4972,3.3036,0.21317399272126578
84,2020-05-14,14.2,13.82,14.26,13.79,645482,15.1768,3.2353,0.21317405513678772
85,2020-05-15,13.87,13.92,14.05,13.71,367165,14.9632,3.1898,0.21317632591958938
86,2020-05-18,13.76,13.62,13.83,13.43,459788,15.1234,3.224,0.21317957602126508
87,2020-05-19,13.67,13.91,13.92,13.67,362802,15.9992,3.4107,0.21317940897044851
88,2020-05-20,13.92,13.98,14.08,13.74,335806,16.4051,3.4972,0.21317760940195424
89,2020-05-21,14.01,13.73,14.09,13.7,280034,16.4798,3.5131,0.21317613077828615
90,2020-05-22,13.71,13.39,13.87,13.36,341132,16.3303,3.4812,0.21317428338732292
91,2020-05-25,13.38,13.25,13.4,13.14,268733,15.7963,3.3674,0.2131765033583814
92,2020-05-26,13.31,13.63,13.67,13.31,288665,15.8817,3.3856,0.21317617131667266
93,2020-05-27,13.69,13.61,13.72,13.49,290721,17.3022,3.6884,0.21317520315335625
94,2020-05-28,13.63,13.59,13.76,13.33,222956,17.7187,3.7772,0.213175910196572
95,2020-05-29,13.53,13.54,13.58,13.34,337257,17.6226,3.7567,0.21317512739323372
96,2020-06-01,13.59,14.01,14.06,13.58,485643,17.1206,3.6497,0.2131759400955574
97,2020-06-02,14.03,14.29,14.41,13.98,557639,17.8576,3.8068,0.21317534271122657
98,2020-06-03,14.4,14.35,14.64,14.15,617705,17.5158,3.734,0.21317895842610673
99,2020-06-04,14.38,14.29,14.51,14.26,326054,17.4945,3.7294,0.21317556946468894
100,2020-06-05,14.29,14.21,14.39,14.01,313336,17.6119,3.7545,0.2131797250722523
101,2020-06-08,14.38,14.39,14.68,14.33,419716,16.9925,3.6224,0.21317640135353833
102,2020-06-09,14.53,14.68,14.78,14.35,558616,16.6721,3.5541,0.2131765044595462
103,2020-06-10,14.69,14.41,14.72,14.33,400340,16.4691,3.5191,0.21367895027657854
104,2020-06-11,14.38,14.15,14.48,14.09,445750,16.1808,3.4575,0.21367917531889646
105,2020-06-12,13.83,13.94,14.05,13.75,404305,16.2555,3.3219,0.2043554489249792
106,2020-06-15,13.81,13.8,14.07,13.79,311905,16.5759,3.3873,0.20435089497402856
107,2020-06-16,13.87,14.16,14.17,13.87,376143,15.07,3.0796,0.2043530192435302
108,2020-06-17,14.1,14.38,14.49,14.02,512882,15.3797,3.1429,0.20435379103623608
109,2020-06-18,14.38,14.53,14.58,14.24,501653,15.313,3.1293,0.20435577613792202
110,2020-06-19,14.56,14.48,14.63,14.4,437882,15.3664,3.1402,0.2043549562682216
111,2020-06-22,14.49,14.53,14.75,14.44,535623,15.2063,3.1075,0.20435608925248086
112,2020-06-23,14.49,14.24,14.52,14.16,490115,14.9715,3.0595,0.20435494105467053
113,2020-06-24,14.28,15.65,15.65,14.23,1852614,14.5874,2.981,0.20435444287535817
114,2020-06-29,15.62,15.35,15.62,15.13,1049712,14.7368,3.0115,0.20435236957819877
115,2020-06-30,15.52,15.48,15.58,15.25,752560,14.9609,3.0573,0.20435267931742074
116,2020-07-01,15.53,15.75,15.78,15.35,878193,15.2383,3.114,0.20435350399979
117,2020-07-02,15.67,15.94,16.01,15.51,1082959,15.5264,3.1729,0.20435516281945587
118,2020-07-03,15.98,16.24,16.58,15.89,1297945,15.217,3.1096,0.20435039758165208
119,2020-07-06,16.54,16.82,17.14,16.53,1229308,15.0249,3.0704,0.20435410551817315
120,2020-07-07,16.83,16.71,17.2,16.69,1115810,15.1103,3.0878,0.20435067470533344
121,2020-07-08,16.63,16.73,16.8,16.36,887583,15.1743,3.1009,0.2043520953190592
122,2020-07-09,16.71,17.05,17.2,16.62,999154,15.1103,3.0878,0.20435067470533344
123,2020-07-10,17.01,16.36,17.01,16.23,932744,14.8115,3.0268,0.2043547243695777
124,2020-07-13,16.29,16.83,16.9,16.23,809180,14.3099,2.9243,0.20435502693939162
125,2020-07-14,16.86,16.92,17.17,16.58,844748,14.3633,2.9352,0.20435415259724435
126,2020-07-15,17.16,16.53,17.42,16.46,810081,14.3846,2.9395,0.20435048593634858
127,2020-07-16,16.46,15.2,16.7,15.1,1044330,14.406,2.9439,0.20435235318617243
128,2020-07-17,15.41,15.12,15.49,14.87,679171,14.0005,2.861,0.20434984464840542
129,2020-07-20,15.21,15.62,15.66,15.07,517190,14.1499,2.8916,0.20435480109400064
130,2020-07-21,15.73,15.76,15.82,15.48,461383,14.5127,2.9657,0.20435205027320896
131,2020-07-22,15.77,15.69,15.89,15.58,416534,14.7795,3.0202,0.20435062079231367
132,2020-07-23,15.5,15.31,15.55,14.94,582934,14.7048,3.005,0.20435504053098308
133,2020-07-24,15.25,14.49,15.39,14.39,682951,14.3953,2.9417,0.20435142025522218
134,2020-07-27,14.56,14.34,14.63,14.18,384133,14.7154,3.0071,0.20435054432771108
135,2020-07-28,14.48,14.54,14.7,14.41,312419,14.6087,2.9853,0.20435083203844284
136,2020-07-29,14.55,14.84,14.88,14.4,446594,15.1316,3.0922,0.20435380263818764
137,2020-07-30,14.84,14.62,14.89,14.61,340125,15.185,3.1031,0.2043529799143892
138,2020-07-31,14.61,14.92,15.16,14.6,540653,15.4944,3.1663,0.20435124948368444
139,2020-08-03,15.01,15.22,15.32,15.0,508011,15.4091,3.1489,0.20435327176798124
140,2020-08-04,15.23,15.01,15.3,14.84,486833,15.345,3.1358,0.20435320951449984
141,2020-08-05,15.16,14.94,15.17,14.86,380069,15.7505,3.2187,0.20435541728834006
142,2020-08-06,14.98,14.83,15.04,14.62,459173,15.6758,3.2034,0.20435320685387665
143,2020-08-07,14.81,14.63,14.81,14.5,373798,15.1956,3.1668,0.20840243228302927
144,2020-08-10,14.52,14.74,14.85,14.44,339467,15.1636,3.1601,0.20840037985702603
145,2020-08-11,14.73,14.49,14.81,14.46,309164,14.8862,3.1023,0.20840106944687026
146,2020-08-12,14.71,15.47,15.6,14.67,1195040,14.8862,3.1023,0.20840106944687026
147,2020-08-13,15.6,15.5,15.77,15.29,778329,14.8968,3.1045,0.20840046184415442
148,2020-08-14,15.34,15.36,15.45,15.14,562583,15.0036,3.1268,0.20840331653736435
149,2020-08-17,15.42,15.61,15.65,15.25,610997,15.1103,3.149,0.20840089210670867
150,2020-08-18,15.63,15.51,15.75,15.4,463396,15.4411,3.2179,0.20839836540142867
151,2020-08-19,15.51,15.18,15.54,15.13,423855,14.9289,3.1112,0.20840115480711907
152,2020-08-20,15.08,15.16,15.38,15.02,290134,14.9929,3.1245,0.2083986420238913
153,2020-08-21,15.33,15.13,15.38,14.98,337754,14.8008,3.0845,0.20840089724879735
154,2020-08-24,15.19,15.32,15.47,14.99,458121,14.7368,3.0712,0.20840345258129309
155,2020-08-25,15.37,15.42,15.68,15.33,556141,14.0325,2.9244,0.2084019241047568
156,2020-08-26,15.41,14.87,15.42,14.8,473328,14.534,3.0289,0.20840099078023944
157,2020-08-27,14.93,14.98,15.01,14.77,246415,14.8862,3.1023,0.20840106944687026
158,2020-08-28,14.89,15.08,15.12,14.74,369934,15.0889,3.1445,0.20839822651087883
159,2020-08-31,15.17,15.07,15.37,14.98,426428,15.0996,3.1468,0.20840287159924764
160,2020-09-01,15.0,15.06,15.1,14.83,316923,14.8968,3.1045,0.20840046184415442
161,2020-09-02,15.05,15.1,15.3,14.99,385207,14.9182,3.109,0.20840315855800295
162,2020-09-03,15.17,14.84,15.17,14.78,357019,14.3099,2.9822,0.20840117680766462
163,2020-09-04,14.62,14.5,14.62,14.37,550674,14.0965,2.9377,0.20839924804029367
164,2020-09-07,14.34,14.27,14.5,14.19,393674,15.0594,3.155,0.20950369868653465
165,2020-09-08,14.27,14.54,14.54,14.27,301429,15.3531,3.2165,0.20950166415902977
166,2020-09-09,14.39,14.24,14.4,14.19,274125,15.6115,3.2707,0.20950581302245141
167,2020-09-10,14.33,13.89,14.37,13.83,347928,15.9169,3.3346,0.2095005937085739
168,2020-09-11,13.8,13.95,14.0,13.68,270806,15.2944,3.2042,0.2095015168950727
169,2020-09-14,13.95,14.18,14.22,13.84,256287,14.707,3.0812,0.20950567756850477
170,2020-09-15,14.16,14.06,14.16,13.96,212305,15.9404,3.3396,0.20950540764347192
171,2020-09-16,14.02,13.93,14.02,13.85,219341,15.87,3.3248,0.20950220541902964
172,2020-09-17,13.89,13.89,14.01,13.76,220633,15.9287,3.3371,0.2095023448241225
173,2020-09-18,13.9,14.15,14.17,13.85,318283,16.3398,3.4232,0.2095007282830879
174,2020-09-21,14.14,14.07,14.27,14.06,242492,16.7979,3.5192,0.20950237827347468
175,2020-09-22,13.98,13.89,14.07,13.85,225367,18.3838,3.8515,0.2095051077579173
176,2020-09-23,13.96,13.9,14.02,13.78,234368,18.9124,3.9622,0.20950276009390664
177,2020-09-24,13.78,13.56,13.84,13.54,287767,19.4292,4.0705,0.2095042513330451
178,2020-09-25,13.64,13.5,13.65,13.41,192394,19.488,4.0828,0.20950328407224958
179,2020-09-28,13.53,13.61,13.69,13.48,226597,19.0064,3.9819,0.209503114740298
180,2020-09-29,13.65,13.89,14.02,13.63,341770,19.9578,4.1812,0.2095020493240738
181,2020-09-30,13.93,13.92,14.04,13.81,285198,20.1575,4.2231,0.2095051469676299
182,2020-10-09,14.14,14.18,14.23,14.06,310853,19.6877,4.1246,0.2095013637956694
183,2020-10-12,14.23,14.35,14.37,14.19,347080,20.4865,4.292,0.2095038195885095
184,2020-10-13,14.33,14.26,14.33,14.11,215667,20.4865,4.292,0.2095038195885095
185,2020-10-14,14.13,14.06,14.15,13.93,311778,20.0636,4.2034,0.2095037779860045
186,2020-10-15,14.08,14.08,14.15,13.99,178509,22.2015,4.6513,0.20950386235164292
187,2020-10-16,14.21,14.11,14.21,14.04,156557,21.9783,4.6045,0.20950209979843754
188,2020-10-19,14.23,14.19,14.38,14.18,234420,23.4466,4.9121,0.20950159084899303
189,2020-10-20,14.15,14.18,14.18,13.97,173062,23.6581,4.9564,0.20950118564043604
190,2020-10-21,14.15,13.97,14.15,13.94,164944,23.0238,4.8236,0.20950494705478676
191,2020-10-22,13.91,13.99,14.03,13.82,155929,22.0958,4.6291,0.2095013531983454
192,2020-10-23,14.0,13.92,14.16,13.92,124885,21.7199,4.5504,0.20950372699690145
193,2020-10-26,13.9,14.01,14.1,13.8,126162,22.1428,4.639,0.2095037664613328
194,2020-10-27,13.92,14.2,14.27,13.88,207767,22.5421,4.7227,0.20950576920517608
195,2020-10-28,14.26,14.27,14.36,14.1,305486,21.5554,4.5159,0.2095020273342179
196,2020-10-29,14.09,14.29,14.39,13.99,289193,21.6376,4.5332,0.2095056753059489
197,2020-10-30,14.23,13.98,14.38,13.9,273953,22.4952,4.7128,0.20950247163839394
198,2020-11-02,13.73,13.49,13.83,13.34,492014,22.5891,4.7325,0.20950369868653468
199,2020-11-03,13.51,13.71,13.76,13.49,277306,22.2132,4.6537,0.20950155763239875
200,2020-11-04,13.73,13.8,13.99,13.65,225946,22.6714,4.7497,0.2095018393217887
201,2020-11-05,14.01,14.14,14.2,13.88,293975,22.225,4.6562,0.20950281214848143
202,2020-11-06,14.18,14.33,14.42,14.1,416531,21.9548,4.5996,0.2095031610399548
203,2020-11-09,14.6,14.73,14.93,14.5,625775,21.1678,4.4347,0.20950216838783436
204,2020-11-10,14.68,15.39,15.77,14.54,1197655,21.1443,4.4298,0.20950327038492644
205,2020-11-11,15.27,14.87,15.29,14.72,712691,23.4936,4.922,0.20950386488235093
206,2020-11-12,14.84,14.81,14.92,14.63,337648,24.4921,5.1312,0.20950428913813024
207,2020-11-13,14.64,14.68,14.73,14.41,306748,22.4247,4.698,0.20950113044990568
208,2020-11-16,14.78,14.61,14.81,14.54,241556,22.7183,4.7596,0.20950511261846178
209,2020-11-17,14.59,14.47,14.6,14.29,319859,22.3072,4.6734,0.20950186486874192
210,2020-11-18,14.47,14.73,14.8,14.47,277119,21.6259,4.5307,0.2095034195108643
211,2020-11-19,14.62,14.67,14.84,14.55,192072,21.9665,4.6021,0.2095053831971411
212,2020-11-20,14.68,14.58,14.75,14.45,206591,21.6024,4.5258,0.20950449950005556
213,2020-11-23,14.59,14.5,14.62,14.43,320790,21.8608,4.5799,0.20950285442435776
214,2020-11-24,14.48,14.5,14.68,14.46,272421,21.1795,4.4372,0.20950447366557282
215,2020-11-25,14.53,14.42,14.63,14.38,250509,21.4967,4.5036,0.20950192355105665
216,2020-11-26,14.39,14.33,14.46,14.31,166365,20.5804,4.3117,0.20950516024955781
217,2020-11-27,14.29,14.16,14.29,13.93,322185,20.9798,4.3953,0.20950152051020504
218,2020-11-30,14.1,14.14,14.4,14.08,281718,21.0268,4.4052,0.20950406148344017
219,2020-12-01,14.09,14.41,14.44,14.09,256344,21.4027,4.4839,0.2095016049376948
