,日期,开盘,收盘,最高,最低,成交量,pe,pb,roe
0,2020-01-03,5.13,5.11,5.13,5.1,1118143,5.5443,0.6414,0.11568638060711
1,2020-01-06,5.1,5.08,5.11,5.06,2510802,5.4288,0.628,0.11567933981727085
2,2020-01-07,5.08,5.11,5.14,5.07,2912950,5.4783,0.6337,0.11567457057846413
3,2020-01-08,5.1,5.08,5.11,5.07,1682149,5.3298,0.6166,0.1156891440579384
4,2020-01-09,5.09,5.07,5.1,5.06,1290993,5.3133,0.6147,0.11569081361865508
5,2020-01-10,5.08,5.07,5.09,5.06,1027248,5.3298,0.6166,0.1156891440579384
6,2020-01-13,5.07,5.07,5.07,5.04,1662265,5.3463,0.6185,0.11568748480257375
7,2020-01-14,5.07,5.07,5.08,5.06,1314186,5.2803,0.6108,0.11567524572467473
8,2020-01-15,5.06,5.04,5.07,5.04,1033065,5.3298,0.6166,0.1156891440579384
9,2020-01-16,5.05,5.0,5.05,5.0,1820160,5.2968,0.6127,0.11567361425766501
10,2020-01-17,5.0,5.01,5.03,4.99,992638,5.2638,0.6089,0.1156768874197348
11,2020-01-20,5.01,5.01,5.02,5.0,872500,5.2638,0.6089,0.1156768874197348
12,2020-01-21,5.01,4.97,5.01,4.96,1950674,5.2473,0.607,0.1156785394393307
13,2020-01-22,4.96,4.96,4.97,4.93,1788010,5.2968,0.6127,0.11567361425766501
14,2020-01-23,4.95,4.91,4.95,4.9,2431274,5.3298,0.6166,0.1156891440579384
15,2020-02-03,4.69,4.76,4.79,4.66,4777266,5.2968,0.6127,0.11567361425766501
16,2020-02-04,4.74,4.81,4.82,4.74,3219481,5.2968,0.6127,0.11567361425766501
17,2020-02-05,4.81,4.81,4.83,4.78,2481941,5.2803,0.6108,0.11567524572467473
18,2020-02-06,4.82,4.82,4.83,4.79,1910763,5.2473,0.607,0.1156785394393307
19,2020-02-07,4.8,4.79,4.8,4.77,1991685,5.2308,0.6051,0.11568020188116539
20,2020-02-10,4.77,4.78,4.79,4.76,1586098,5.2473,0.607,0.1156785394393307
21,2020-02-11,4.79,4.81,4.82,4.78,1791483,5.2308,0.6051,0.11568020188116539
22,2020-02-12,4.81,4.82,4.82,4.79,1232114,5.1978,0.6359,0.12234022086267267
23,2020-02-13,4.82,4.8,4.82,4.79,1232772,5.1978,0.6359,0.12234022086267267
24,2020-02-14,4.79,4.82,4.82,4.79,1123136,5.2473,0.642,0.12234863644159853
25,2020-02-17,4.81,4.86,4.87,4.81,1895058,5.2968,0.648,0.12233801540552787
26,2020-02-18,4.85,4.84,4.86,4.83,1593550,5.3298,0.6521,0.12234980674696988
27,2020-02-19,4.84,4.87,4.88,4.83,1582631,5.3298,0.6521,0.12234980674696988
28,2020-02-20,4.87,4.9,4.9,4.85,1994229,5.2968,0.648,0.12233801540552787
29,2020-02-21,4.88,4.88,4.9,4.87,1432435,5.2968,0.648,0.12233801540552787
30,2020-02-24,4.87,4.85,4.89,4.85,1860105,5.2473,0.642,0.12234863644159853
31,2020-02-25,4.83,4.82,4.83,4.81,2105790,5.2968,0.648,0.12233801540552787
32,2020-02-26,4.8,4.84,4.85,4.79,2189190,5.2638,0.644,0.12234507390098409
33,2020-02-27,4.83,4.85,4.86,4.83,1700223,5.2473,0.642,0.12234863644159853
34,2020-02-28,4.83,4.8,4.87,4.8,2535859,5.2308,0.64,0.12235222145752084
35,2020-03-02,4.81,4.85,4.86,4.81,1812825,5.2308,0.64,0.12235222145752084
36,2020-03-03,4.86,4.87,4.88,4.85,1907568,5.2638,0.644,0.12234507390098409
37,2020-03-04,4.87,4.88,4.89,4.86,1406808,5.2308,0.64,0.12235222145752084
38,2020-03-05,4.88,4.91,4.92,4.88,2291823,5.2308,0.64,0.12235222145752084
39,2020-03-06,4.9,4.89,4.91,4.87,1519933,5.2308,0.64,0.12235222145752084
40,2020-03-09,4.86,4.82,4.86,4.81,2821718,5.2638,0.644,0.12234507390098409
41,2020-03-10,4.8,4.85,4.86,4.8,2078093,5.1978,0.6359,0.12234022086267267
42,2020-03-11,4.86,4.82,4.86,4.82,1583657,5.1978,0.6359,0.12234022086267267
43,2020-03-12,4.81,4.82,4.83,4.79,1858720,5.2143,0.638,0.12235582916211189
44,2020-03-13,4.77,4.79,4.82,4.74,2903983,5.2308,0.64,0.12235222145752084
45,2020-03-16,4.8,4.76,4.82,4.76,2596027,5.2638,0.644,0.12234507390098409
46,2020-03-17,4.76,4.79,4.81,4.75,2792972,5.2803,0.646,0.12234153362498343
47,2020-03-18,4.79,4.75,4.8,4.74,2143310,5.2308,0.64,0.12235222145752084
48,2020-03-19,4.74,4.7,4.77,4.69,2535946,5.2308,0.64,0.12235222145752084
49,2020-03-20,4.72,4.73,4.76,4.7,2458267,5.2143,0.638,0.12235582916211189
50,2020-03-23,4.7,4.67,4.7,4.67,1763632,5.2143,0.638,0.12235582916211189
51,2020-03-24,4.7,4.74,4.74,4.69,2137951,5.2143,0.638,0.12235582916211189
52,2020-03-25,4.77,4.76,4.78,4.74,1674232,5.2143,0.638,0.12235582916211189
53,2020-03-26,4.74,4.76,4.78,4.73,1357576,5.2308,0.64,0.12235222145752084
54,2020-03-27,4.78,4.78,4.81,4.76,1683814,5.2473,0.642,0.12234863644159853
55,2020-03-30,4.76,4.8,4.8,4.75,2181046,5.1813,0.6339,0.12234381332870128
56,2020-03-31,4.81,4.76,4.82,4.74,1651900,5.2143,0.638,0.12235582916211189
57,2020-04-01,4.76,4.77,4.8,4.76,1116665,5.2308,0.64,0.12235222145752084
58,2020-04-02,4.76,4.79,4.79,4.75,1047868,5.2638,0.644,0.12234507390098409
59,2020-04-03,4.78,4.79,4.8,4.77,1157804,5.2968,0.648,0.12233801540552787
60,2020-04-07,4.82,4.81,4.82,4.8,1220967,5.2968,0.6392,0.12067663494940341
61,2020-04-08,4.8,4.79,4.8,4.78,966159,5.3298,0.6432,0.12067995046718452
62,2020-04-09,4.8,4.79,4.81,4.78,722320,5.3133,0.6412,0.12067829785632281
63,2020-04-10,4.8,4.8,4.8,4.78,907580,5.3298,0.6432,0.12067995046718452
64,2020-04-13,4.79,4.79,4.81,4.78,920479,5.3298,0.6432,0.12067995046718452
65,2020-04-14,4.8,4.81,4.81,4.79,831784,5.3298,0.6432,0.12067995046718452
66,2020-04-15,4.8,4.81,4.81,4.8,862672,5.3463,0.6452,0.12068159287731701
67,2020-04-16,4.79,4.82,4.83,4.79,1063712,5.3463,0.6452,0.12068159287731701
68,2020-04-17,4.83,4.83,4.83,4.81,1230782,5.3628,0.6472,0.12068322518087567
69,2020-04-20,4.82,4.81,4.83,4.81,1120275,5.3958,0.6512,0.12068645983913413
70,2020-04-21,4.8,4.8,4.81,4.79,1039960,5.4453,0.6572,0.12069123831561164
71,2020-04-22,4.8,4.81,4.82,4.79,848105,5.3628,0.6472,0.12068322518087567
72,2020-04-23,4.81,4.79,4.81,4.77,1179408,5.3463,0.6452,0.12068159287731701
73,2020-04-24,4.79,4.79,4.79,4.77,612445,5.3463,0.6452,0.12068159287731701
74,2020-04-27,4.78,4.8,4.82,4.78,1378678,5.3298,0.6432,0.12067995046718452
75,2020-04-28,4.8,4.79,4.8,4.77,1229049,5.3298,0.6432,0.12067995046718452
76,2020-04-29,4.8,4.83,4.83,4.79,1449932,5.3298,0.6432,0.12067995046718452
77,2020-04-30,4.84,4.85,4.86,4.83,1184735,5.3628,0.6472,0.12068322518087567
78,2020-05-06,4.81,4.81,4.82,4.79,2263613,5.3463,0.6452,0.12068159287731701
79,2020-05-07,4.8,4.8,4.81,4.79,1314751,5.3958,0.6512,0.12068645983913413
80,2020-05-08,4.81,4.81,4.81,4.79,1342731,5.3463,0.6452,0.12068159287731701
81,2020-05-11,4.81,4.81,4.82,4.79,1315827,5.3298,0.6432,0.12067995046718452
82,2020-05-12,4.81,4.8,4.82,4.8,788390,5.3298,0.6432,0.12067995046718452
83,2020-05-13,4.8,4.8,4.8,4.79,690121,5.3628,0.6472,0.12068322518087567
84,2020-05-14,4.79,4.78,4.8,4.78,794681,5.3298,0.6432,0.12067995046718452
85,2020-05-15,4.79,4.78,4.79,4.78,936888,5.3133,0.6412,0.12067829785632281
86,2020-05-18,4.78,4.78,4.79,4.77,962885,5.3298,0.6432,0.12067995046718452
87,2020-05-19,4.79,4.79,4.8,4.78,897600,5.3958,0.6512,0.12068645983913413
88,2020-05-20,4.79,4.8,4.8,4.78,968434,5.4288,0.6552,0.1206896551724138
89,2020-05-21,4.8,4.79,4.8,4.78,826317,5.4453,0.6572,0.12069123831561164
90,2020-05-22,4.79,4.76,4.79,4.76,1271629,5.4783,0.6612,0.12069437599255244
91,2020-05-25,4.77,4.78,4.78,4.76,703113,5.4123,0.6532,0.12068806237643885
92,2020-05-26,4.78,4.77,4.78,4.77,832791,5.3958,0.6512,0.12068645983913413
93,2020-05-27,4.78,4.79,4.8,4.77,1035892,5.4123,0.6532,0.12068806237643885
94,2020-05-28,4.8,4.82,4.82,4.79,1625057,5.4618,0.6592,0.12069281189351495
95,2020-05-29,4.81,4.79,4.82,4.79,1061256,5.5278,0.6671,0.12068092188574117
96,2020-06-01,4.8,4.81,4.82,4.79,1093455,5.5443,0.6691,0.12068250275057267
97,2020-06-02,4.81,4.82,4.82,4.8,903740,6.0064,0.6995,0.11645911028236547
98,2020-06-03,4.82,4.81,4.84,4.81,1489830,6.1219,0.713,0.11646710988418628
99,2020-06-04,4.82,4.8,4.83,4.8,984787,6.1549,0.7168,0.11646005621537313
100,2020-06-05,4.81,4.81,4.81,4.8,730677,6.2044,0.7226,0.1164657339952292
101,2020-06-08,4.8,4.8,4.81,4.79,1174452,5.7919,0.6746,0.11647300540409883
102,2020-06-09,4.8,4.81,4.81,4.79,1471207,5.6928,0.663,0.1164629005059022
103,2020-06-10,4.81,4.79,4.81,4.79,1071200,5.5938,0.6515,0.11646823268618828
104,2020-06-11,4.79,4.77,4.8,4.77,1845072,5.5773,0.6496,0.11647212809065317
105,2020-06-12,4.76,4.77,4.77,4.75,3000638,5.5608,0.6476,0.11645806358797293
106,2020-06-15,4.75,4.72,4.76,4.72,2346117,5.5608,0.6476,0.11645806358797293
107,2020-06-16,4.74,4.74,4.75,4.73,1339180,5.5278,0.6438,0.11646586345381527
108,2020-06-17,4.74,4.75,4.75,4.73,909603,5.5443,0.6457,0.11646195191457895
109,2020-06-18,4.74,4.74,4.75,4.72,1684543,5.5278,0.6438,0.11646586345381527
110,2020-06-19,4.74,4.74,4.75,4.73,2011989,5.5278,0.6438,0.11646586345381527
111,2020-06-22,4.74,4.75,4.76,4.73,1999268,5.5443,0.6457,0.11646195191457895
112,2020-06-23,4.74,4.74,4.75,4.73,1221076,5.5278,0.6438,0.11646586345381527
113,2020-06-24,4.75,4.76,4.77,4.74,1712748,5.4948,0.64,0.11647375700662445
114,2020-06-29,4.76,4.76,4.77,4.74,1645915,5.5773,0.6496,0.11647212809065317
115,2020-06-30,4.76,4.77,4.77,4.75,1529921,5.5773,0.6496,0.11647212809065317
116,2020-07-01,4.77,4.78,4.79,4.76,1799746,5.6103,0.6534,0.116464360194642
117,2020-07-02,4.78,4.84,4.84,4.77,3276964,5.6433,0.6573,0.11647440327467971
118,2020-07-03,4.84,4.9,4.9,4.84,3716923,5.6268,0.6553,0.11646051041444515
119,2020-07-06,4.92,5.15,5.17,4.91,6923826,5.6433,0.6573,0.11647440327467971
120,2020-07-07,5.19,5.12,5.25,5.11,5011851,5.6268,0.6553,0.11646051041444515
121,2020-07-08,5.11,5.1,5.15,5.08,4612709,5.6433,0.6573,0.11647440327467971
122,2020-07-09,5.1,5.03,5.11,5.02,5311726,5.6598,0.6592,0.11647054666242625
123,2020-07-10,5.04,4.93,5.05,4.93,5489280,5.6433,0.6573,0.11647440327467971
124,2020-07-13,4.92,4.92,4.95,4.9,6298934,5.6103,0.6534,0.116464360194642
125,2020-07-14,4.91,4.88,4.92,4.87,4513475,5.6598,0.6592,0.11647054666242625
126,2020-07-15,4.89,4.85,4.9,4.85,4057866,5.6103,0.6534,0.116464360194642
127,2020-07-16,4.86,4.84,4.88,4.83,3956194,5.5773,0.6496,0.11647212809065317
128,2020-07-17,4.85,4.85,4.86,4.83,2425787,5.5938,0.6515,0.11646823268618828
129,2020-07-20,4.85,4.89,4.9,4.84,3502147,5.5608,0.6476,0.11645806358797293
130,2020-07-21,4.9,4.87,4.9,4.86,2086230,5.6103,0.6534,0.116464360194642
131,2020-07-22,4.87,4.86,4.9,4.85,2589831,5.6268,0.6553,0.11646051041444515
132,2020-07-23,4.85,4.84,4.86,4.82,3381775,5.6103,0.6534,0.116464360194642
133,2020-07-24,4.84,4.8,4.84,4.79,3104505,5.5938,0.6515,0.11646823268618828
134,2020-07-27,4.81,4.79,4.82,4.79,1813848,5.5938,0.6515,0.11646823268618828
135,2020-07-28,4.8,4.8,4.82,4.79,1664858,5.5938,0.6515,0.11646823268618828
136,2020-07-29,4.79,4.82,4.83,4.79,2010710,5.6268,0.6553,0.11646051041444515
137,2020-07-30,4.81,4.8,4.82,4.79,2034000,5.6268,0.6553,0.11646051041444515
138,2020-07-31,4.8,4.8,4.82,4.79,2199506,5.6433,0.6573,0.11647440327467971
139,2020-08-03,4.81,4.81,4.81,4.79,2101909,5.6433,0.6573,0.11647440327467971
140,2020-08-04,4.8,4.84,4.85,4.8,3982557,5.6268,0.6553,0.11646051041444515
141,2020-08-05,4.82,4.81,4.83,4.8,2036890,5.6433,0.6573,0.11647440327467971
142,2020-08-06,4.82,4.82,4.83,4.8,1908301,5.7093,0.6649,0.1164591105739758
143,2020-08-07,4.82,4.8,4.82,4.79,1782016,5.6763,0.6611,0.11646671247115198
144,2020-08-10,4.8,4.8,4.82,4.79,1907100,5.6103,0.6806,0.12131258577972658
145,2020-08-11,4.81,4.8,4.82,4.8,2319825,5.6268,0.6826,0.12131229117793417
146,2020-08-12,4.8,4.81,4.81,4.79,1959184,5.6103,0.6806,0.12131258577972658
147,2020-08-13,4.81,4.81,4.82,4.8,1546157,5.6103,0.6806,0.12131258577972658
148,2020-08-14,4.81,4.82,4.83,4.8,1685279,5.6433,0.6846,0.12131199829886768
149,2020-08-17,4.83,4.87,4.88,4.82,4580693,5.6268,0.6826,0.12131229117793417
150,2020-08-18,4.86,4.84,4.87,4.83,2787921,5.6433,0.6846,0.12131199829886768
151,2020-08-19,4.84,4.82,4.84,4.82,1983844,5.6763,0.6886,0.12131141764882053
152,2020-08-20,4.82,4.81,4.82,4.8,1598072,5.6598,0.6866,0.12131170712746034
153,2020-08-21,4.82,4.81,4.82,4.8,1424772,5.6433,0.6846,0.12131199829886768
154,2020-08-24,4.82,4.8,4.82,4.8,1296575,5.6433,0.6846,0.12131199829886768
155,2020-08-25,4.81,4.8,4.81,4.8,1104871,5.6103,0.6806,0.12131258577972658
156,2020-08-26,4.81,4.8,4.81,4.79,1416273,5.6268,0.6826,0.12131229117793417
157,2020-08-27,4.8,4.79,4.8,4.78,1941147,5.6103,0.6806,0.12131258577972658
158,2020-08-28,4.79,4.8,4.81,4.78,1738548,5.6103,0.6806,0.12131258577972658
159,2020-08-31,4.8,4.78,4.81,4.78,2288935,5.6433,0.6846,0.12131199829886768
160,2020-09-01,4.78,4.78,4.79,4.77,1446094,5.6103,0.6806,0.12131258577972658
161,2020-09-02,4.78,4.76,4.78,4.75,2487031,5.6103,0.6806,0.12131258577972658
162,2020-09-03,4.75,4.74,4.77,4.74,1761718,5.5773,0.6766,0.12131318021264768
163,2020-09-04,4.73,4.73,4.74,4.71,1589300,5.5608,0.6746,0.12131348007480937
164,2020-09-07,4.72,4.71,4.74,4.71,1332971,5.8853,0.6948,0.11805685351638828
165,2020-09-08,4.72,4.75,4.75,4.71,1543225,5.8508,0.6907,0.118052232173378
166,2020-09-09,4.73,4.74,4.75,4.73,1328931,5.8163,0.6866,0.11804755600639581
167,2020-09-10,4.75,4.73,4.75,4.72,1244345,5.8163,0.6866,0.11804755600639581
168,2020-09-11,4.73,4.73,4.74,4.72,1033233,5.7818,0.6825,0.11804282403403785
169,2020-09-14,4.73,4.73,4.74,4.72,926041,5.6609,0.6683,0.11805543288169726
170,2020-09-15,4.73,4.73,4.74,4.72,861950,5.7645,0.6805,0.11805013444357706
171,2020-09-16,4.73,4.74,4.74,4.72,1060710,5.7127,0.6744,0.11805275964080032
172,2020-09-17,4.74,4.74,4.75,4.73,1079628,5.799,0.6846,0.11805483704086911
173,2020-09-18,4.74,4.77,4.77,4.73,2041923,5.8681,0.6927,0.11804502309094937
174,2020-09-21,4.77,4.76,4.78,4.75,1476060,5.8163,0.6866,0.11804755600639581
175,2020-09-22,4.75,4.74,4.76,4.73,1334952,5.8681,0.6927,0.11804502309094937
176,2020-09-23,4.74,4.73,4.74,4.73,947595,5.9198,0.6988,0.11804452853136929
177,2020-09-24,4.73,4.72,4.73,4.71,1356117,5.9198,0.6988,0.11804452853136929
178,2020-09-25,4.72,4.72,4.73,4.71,1701327,5.9716,0.705,0.11805881170875478
179,2020-09-28,4.72,4.76,4.76,4.71,2342504,5.9198,0.6988,0.11804452853136929
180,2020-09-29,4.76,4.74,4.76,4.74,965497,6.0406,0.7131,0.11805118696818195
181,2020-09-30,4.75,4.74,4.76,4.72,1868810,6.0752,0.7172,0.11805372662628391
182,2020-10-09,4.75,4.74,4.76,4.73,1130315,6.0234,0.7111,0.11805624730218814
183,2020-10-12,4.74,4.76,4.77,4.73,1976013,6.0061,0.709,0.11804665256988728
184,2020-10-13,4.75,4.74,4.76,4.73,1804095,5.9716,0.705,0.11805881170875478
185,2020-10-14,4.74,4.74,4.74,4.72,2060251,5.8853,0.6948,0.11805685351638828
186,2020-10-15,4.73,4.75,4.75,4.72,1392775,5.9716,0.705,0.11805881170875478
187,2020-10-16,4.75,4.76,4.78,4.74,3660341,5.9544,0.7029,0.11804715840386941
188,2020-10-19,4.77,4.78,4.81,4.76,4055853,5.9198,0.6988,0.11804452853136929
189,2020-10-20,4.77,4.75,4.78,4.75,2108631,5.9716,0.705,0.11805881170875478
190,2020-10-21,4.76,4.78,4.78,4.74,1920690,6.0234,0.7111,0.11805624730218814
191,2020-10-22,4.78,4.78,4.8,4.77,2115675,6.0579,0.7151,0.11804420673830865
192,2020-10-23,4.78,4.8,4.81,4.78,2272668,6.0061,0.709,0.11804665256988728
193,2020-10-26,4.8,4.8,4.82,4.78,1961924,5.9544,0.7029,0.11804715840386941
194,2020-10-27,4.79,4.78,4.79,4.77,1136152,5.9889,0.707,0.1180517290320426
195,2020-10-28,4.77,4.75,4.78,4.75,1231308,5.9198,0.6988,0.11804452853136929
196,2020-10-29,4.74,4.72,4.74,4.72,1678500,5.8853,0.6948,0.11805685351638828
197,2020-10-30,4.73,4.72,4.74,4.72,1613912,5.9198,0.6988,0.11804452853136929
198,2020-11-02,4.73,4.74,4.75,4.72,1448238,5.9026,0.6968,0.11804967302544642
199,2020-11-03,4.76,4.75,4.77,4.74,1609549,5.8508,0.6907,0.118052232173378
200,2020-11-04,4.76,4.74,4.76,4.74,1193757,5.8681,0.6927,0.11804502309094937
201,2020-11-05,4.76,4.75,4.76,4.74,1342036,5.9198,0.6988,0.11804452853136929
202,2020-11-06,4.76,4.77,4.77,4.74,1536009,5.9026,0.6968,0.11804967302544642
203,2020-11-09,4.77,4.78,4.79,4.76,1871923,5.9026,0.6968,0.11804967302544642
204,2020-11-10,4.79,4.78,4.8,4.78,1575411,5.8163,0.6866,0.11804755600639581
205,2020-11-11,4.79,4.8,4.81,4.77,2442814,6.0752,0.7172,0.11805372662628391
206,2020-11-12,4.8,4.78,4.8,4.78,1275841,6.1615,0.7274,0.1180556682625984
207,2020-11-13,4.78,4.75,4.78,4.75,1540935,6.1787,0.7294,0.11805072264392187
208,2020-11-16,4.76,4.76,4.77,4.75,1089455,6.2478,0.7376,0.11805755625980346
209,2020-11-17,4.76,4.76,4.77,4.75,1233465,6.2478,0.7376,0.11805755625980346
210,2020-11-18,4.77,4.78,4.8,4.76,2040921,6.2305,0.7355,0.11804831072947597
211,2020-11-19,4.78,4.8,4.8,4.77,1435004,6.2995,0.7437,0.11805698864989285
212,2020-11-20,4.79,4.77,4.8,4.77,1279993,6.3513,0.7498,0.11805457150504621
213,2020-11-23,4.77,4.81,4.81,4.77,2493233,6.3513,0.7498,0.11805457150504621
214,2020-11-24,4.8,4.8,4.82,4.8,1286759,6.3513,0.7498,0.11805457150504621
215,2020-11-25,4.81,4.79,4.82,4.78,1532474,6.3513,0.7498,0.11805457150504621
216,2020-11-26,4.79,4.8,4.81,4.78,1366312,6.3686,0.7518,0.11804792262035613
217,2020-11-27,4.81,4.89,4.89,4.8,5789341,6.4203,0.7579,0.118047443265891
218,2020-11-30,4.91,4.86,5.02,4.86,7507052,6.3686,0.7518,0.11804792262035613
219,2020-12-01,4.85,4.93,4.95,4.84,4099829,6.4203,0.7579,0.118047443265891
