,日期,开盘,收盘,最高,最低,成交量,pe,pb,roe
0,2020-01-03,16.59,16.77,17.0,16.53,316388,75.0505,4.5109,0.06010486272576466
1,2020-01-06,16.51,16.52,16.92,16.37,388635,73.3153,4.4066,0.06010478031188579
2,2020-01-07,16.6,16.65,16.79,16.35,354522,72.2307,4.3415,0.060106021400872484
3,2020-01-08,16.4,15.85,16.53,15.8,411377,71.7101,4.3102,0.060105898611213765
4,2020-01-09,16.23,15.99,16.35,15.91,264695,74.4432,4.4744,0.06010488533539665
5,2020-01-10,16.23,16.07,16.3,15.96,219747,75.9182,4.5631,0.060105481952944094
6,2020-01-13,16.1,17.68,17.68,15.8,712926,77.4799,4.657,0.060105911339586135
7,2020-01-14,18.3,18.19,19.15,17.86,1272425,76.5689,4.6022,0.06010534303091725
8,2020-01-15,18.19,18.43,19.45,18.06,1147252,76.7858,4.6152,0.06010486313875743
9,2020-01-16,18.35,19.7,19.99,18.28,1103379,76.7858,4.6152,0.06010486313875743
10,2020-01-17,19.4,18.9,19.58,18.76,890949,76.352,4.5892,0.060105825649622795
11,2020-01-20,18.63,19.24,19.26,18.41,610784,77.0895,4.6335,0.060105461833323603
12,2020-01-21,18.89,18.59,19.47,18.56,597087,76.9593,4.6257,0.06010579618057857
13,2020-01-22,18.4,19.37,19.88,18.34,722745,76.7424,4.6126,0.060104974564256515
14,2020-01-23,18.64,18.06,19.13,17.58,695678,77.3064,4.6465,0.060104984839547564
15,2020-02-03,16.25,16.25,16.25,16.25,58040,79.085,4.7534,0.06010495036985523
16,2020-02-04,14.63,15.75,15.99,14.63,803922,80.2563,4.8238,0.0601049388023121
17,2020-02-05,15.77,16.05,16.49,15.43,687392,76.8726,4.6205,0.060105941518824646
18,2020-02-06,15.9,16.78,17.03,15.77,799238,77.6101,4.6648,0.06010557904190304
19,2020-02-07,16.6,16.86,17.28,16.5,638663,77.4365,4.6544,0.06010602235379957
20,2020-02-10,16.44,16.99,17.27,16.43,467360,76.8726,4.6205,0.060105941518824646
21,2020-02-11,17.71,17.44,18.5,17.29,705648,75.3976,4.5318,0.060105361443865586
22,2020-02-12,17.58,18.0,18.25,17.31,729326,75.0071,4.5083,0.06010497672886968
23,2020-02-13,17.78,17.26,18.11,17.19,637114,77.7402,4.6726,0.06010532517281921
24,2020-02-14,17.13,17.74,18.03,17.03,680547,77.7402,4.6726,0.06010532517281921
25,2020-02-17,18.18,18.94,19.3,17.94,888893,75.1373,4.5628,0.06072616396916046
26,2020-02-18,18.7,18.6,18.96,18.33,645522,75.5711,4.5891,0.06072559483717982
27,2020-02-19,18.61,18.39,19.29,18.3,727953,77.6101,4.7129,0.06072534373747747
28,2020-02-20,18.4,20.23,20.23,18.3,1084385,79.6056,4.8341,0.06072562734280001
29,2020-02-21,20.88,21.08,22.23,20.23,1339995,78.9549,4.7946,0.06072580675803529
30,2020-02-24,20.65,23.19,23.19,20.65,1245412,79.9093,4.8526,0.06072634849760916
31,2020-02-25,22.68,24.79,25.5,21.66,1324326,80.6034,4.8947,0.06072572621006063
32,2020-02-26,23.59,22.7,24.99,22.49,941151,81.6012,4.9553,0.06072582265947069
33,2020-02-27,23.21,23.4,24.18,22.8,873597,81.3409,4.9395,0.06072590787660328
34,2020-02-28,22.04,21.5,23.1,21.06,861897,81.2541,4.9342,0.06072555107988397
35,2020-03-02,22.28,22.68,23.48,21.8,762838,82.2953,4.9975,0.06072643273674195
36,2020-03-03,23.3,23.06,23.96,22.59,780591,83.1629,5.0501,0.06072539557903825
37,2020-03-04,22.95,25.37,25.37,22.95,1068618,80.6902,4.9,0.06072608569566069
38,2020-03-05,26.18,26.51,27.88,25.0,1211810,79.3453,4.8183,0.06072571406245865
39,2020-03-06,25.5,24.71,25.95,24.51,918466,80.4299,4.8842,0.060726172729295945
40,2020-03-09,23.9,24.46,25.64,23.5,853787,80.4299,4.8842,0.060726172729295945
41,2020-03-10,24.57,25.64,26.49,23.77,923853,80.213,4.871,0.0607258175108773
42,2020-03-11,25.5,24.33,25.5,24.31,597823,79.1718,4.8078,0.06072616765060287
43,2020-03-12,23.8,24.01,24.8,23.6,460347,80.2563,4.8736,0.06072545083688134
44,2020-03-13,22.6,23.6,24.43,22.3,645102,81.2541,4.9342,0.06072555107988397
45,2020-03-16,23.7,21.24,23.71,21.24,574278,81.471,4.9474,0.06072590246836297
46,2020-03-17,21.56,20.86,21.99,20.18,487656,82.1651,4.9895,0.06072529577643063
47,2020-03-18,21.08,20.13,21.54,19.88,495755,78.0439,4.7393,0.06072607852759793
48,2020-03-19,20.11,21.23,21.56,19.9,618232,78.5644,4.7709,0.06072597766927514
49,2020-03-20,21.3,21.42,21.5,20.9,391215,78.738,4.7814,0.06072544387716223
50,2020-03-23,20.53,20.79,21.78,20.48,413226,78.8247,4.7867,0.06072588922000337
51,2020-03-24,21.47,21.78,21.9,20.53,522022,78.4343,4.763,0.0607259834026695
52,2020-03-25,22.3,22.05,22.52,21.95,493502,77.2196,4.6892,0.060725515283684445
53,2020-03-26,21.76,21.67,22.2,21.6,309552,77.9571,4.734,0.06072570683106478
54,2020-03-27,22.01,21.79,22.5,21.59,378041,81.3843,4.9421,0.06072547162044768
55,2020-03-30,20.81,20.83,21.47,20.35,368212,84.421,5.1265,0.060725411923573516
56,2020-03-31,21.08,20.04,21.16,20.02,364073,88.0651,5.3478,0.060725531453436156
57,2020-04-01,19.9,19.3,20.32,19.03,417535,89.0628,5.4084,0.06072569018714885
58,2020-04-02,19.1,19.72,19.75,18.91,395824,90.2775,5.4822,0.060726094541829354
59,2020-04-03,19.6,19.63,19.95,19.48,292905,90.7547,5.5112,0.060726331528835414
60,2020-04-07,20.43,20.55,20.95,20.15,532838,90.2775,5.4822,0.060726094541829354
61,2020-04-08,20.19,20.17,20.49,20.01,342058,90.9716,5.5243,0.06072554511517881
62,2020-04-09,20.34,20.18,20.76,20.09,314440,89.3665,5.4269,0.06072633481226186
63,2020-04-10,20.11,19.16,20.2,19.11,324809,88.8026,5.3926,0.060725699472763184
64,2020-04-13,19.0,18.55,19.0,18.38,235371,92.7937,5.635,0.060726105328271204
65,2020-04-14,18.79,19.66,19.89,18.79,435453,95.0929,5.7746,0.060725879639804865
66,2020-04-15,19.4,19.12,19.75,19.11,328676,96.2208,5.8431,0.06072595530280355
67,2020-04-16,19.05,19.37,19.69,19.0,315008,95.4834,5.924,0.06204219791084105
68,2020-04-17,19.56,19.35,19.8,19.25,349757,96.2208,5.9698,0.06204271841431375
69,2020-04-20,19.28,19.75,19.76,19.28,277101,97.262,6.0344,0.062042729945919264
70,2020-04-21,19.58,19.46,19.59,19.02,249498,98.9973,6.142,0.062042096097570346
71,2020-04-22,19.28,19.41,19.44,19.05,206244,95.8738,5.9482,0.062041976014302135
72,2020-04-23,19.41,18.98,19.43,18.95,209299,95.0929,5.8998,0.062042486873362786
73,2020-04-24,18.88,18.81,19.39,18.7,262466,93.7915,5.819,0.06204186946578315
74,2020-04-27,18.69,18.05,18.94,17.97,308658,94.8326,5.8836,0.0620419560362154
75,2020-04-28,18.38,18.08,18.5,17.33,294153,98.9105,6.1366,0.0620419470127034
76,2020-04-29,18.19,18.0,18.39,17.92,189414,93.3143,5.7894,0.06204193783803768
77,2020-04-30,18.3,19.44,19.8,18.21,618774,96.5245,5.9886,0.062042279421286824
78,2020-05-06,19.0,20.23,20.46,18.9,645229,94.3554,5.854,0.06204202409189087
79,2020-05-07,20.2,20.59,20.89,20.02,604837,95.44,5.9213,0.06204212070410729
80,2020-05-08,21.08,21.3,22.22,20.45,753763,95.1797,5.9052,0.06204264144560237
81,2020-05-11,21.3,21.58,22.1,21.16,526470,92.8371,5.7598,0.06204200691318449
82,2020-05-12,21.72,21.76,21.94,21.17,413005,91.6224,5.6845,0.06204268825090808
83,2020-05-13,21.45,21.62,21.9,21.36,340681,93.9216,5.8271,0.06204217134290727
84,2020-05-14,21.35,21.39,21.68,21.1,308562,91.6224,5.6845,0.06204268825090808
85,2020-05-15,21.61,21.55,21.84,21.29,359795,90.3209,5.6037,0.062042118712280325
86,2020-05-18,21.39,21.8,22.2,21.2,483249,90.4511,5.6118,0.062042363221674474
87,2020-05-19,22.23,21.69,22.32,21.65,384027,97.262,6.0344,0.062042729945919264
88,2020-05-20,21.41,21.3,21.98,21.28,381652,98.5201,6.1124,0.062042161954768624
89,2020-05-21,21.39,20.57,21.44,20.51,354417,98.5201,6.1124,0.062042161954768624
90,2020-05-22,20.35,19.82,20.75,19.79,329198,100.1252,6.212,0.06204232301158948
91,2020-05-25,19.81,19.65,19.98,19.22,263725,96.8282,6.0074,0.0620418431820482
92,2020-05-26,19.84,20.03,20.1,19.65,272469,100.5156,6.2362,0.062042110876321686
93,2020-05-27,19.99,19.37,19.99,19.31,258931,107.5869,6.6749,0.06204194005032211
94,2020-05-28,19.55,19.86,20.43,19.51,419962,114.9184,7.1298,0.0620422839162397
95,2020-05-29,19.62,19.49,19.74,19.41,226992,110.7971,6.8741,0.06204223756758977
96,2020-06-01,20.23,21.44,21.44,20.02,724283,105.3744,6.5377,0.06204258339786514
97,2020-06-02,21.51,21.35,21.79,21.12,632144,102.945,6.387,0.0620428384088591
98,2020-06-03,21.51,20.83,21.68,20.78,498896,106.0685,6.5807,0.06204198230388853
99,2020-06-04,21.01,20.59,21.08,20.5,343570,100.6892,6.247,0.06204240375333203
100,2020-06-05,20.72,21.58,21.69,20.4,587269,106.8928,6.6319,0.06204253233145731
101,2020-06-08,21.6,21.1,21.6,21.0,404554,97.9127,6.0747,0.06204200272283371
102,2020-06-09,21.21,21.71,22.21,21.09,673644,89.8437,5.5741,0.06204219104956719
103,2020-06-10,21.33,21.44,21.56,21.19,354571,83.9872,5.2108,0.062042787472376744
104,2020-06-11,21.3,21.12,22.0,21.08,472482,84.1607,5.2215,0.062042021988885546
105,2020-06-12,20.4,20.82,21.2,20.3,324385,83.0762,5.1542,0.0620418362900566
106,2020-06-15,21.09,20.51,21.43,20.51,384659,88.1518,5.4691,0.062041841459845405
107,2020-06-16,20.84,20.9,20.98,20.52,263180,92.0562,5.7114,0.06204253488629772
108,2020-06-17,20.8,20.67,21.0,20.5,211146,92.8371,5.7598,0.06204200691318449
109,2020-06-18,20.6,20.79,21.1,20.45,263118,93.3576,5.7921,0.062042083344044825
110,2020-06-19,20.82,21.62,22.07,20.65,660001,89.757,5.5687,0.062041957730316295
111,2020-06-22,21.49,21.5,22.64,21.2,760464,89.2364,5.5364,0.062041947008171554
112,2020-06-23,21.25,21.32,21.55,20.91,418920,90.668,5.4778,0.06041602329377509
113,2020-06-24,21.31,20.42,21.44,20.31,547482,88.9761,5.3756,0.0604162241320984
114,2020-06-29,20.03,19.25,20.03,18.81,411900,90.3209,5.4568,0.06041569559205013
115,2020-06-30,19.28,19.5,19.93,19.13,335339,91.6224,5.5355,0.0604164483794356
116,2020-07-01,19.4,19.46,19.69,19.25,287734,93.0106,5.6193,0.060415694555244245
117,2020-07-02,19.25,20.81,21.28,19.05,752294,94.1819,5.6901,0.06041606720611922
118,2020-07-03,20.89,22.67,22.87,20.88,1277084,91.5356,5.5302,0.060415838209396125
119,2020-07-06,22.7,24.74,24.77,22.7,1189816,93.6179,5.656,0.06041579655172782
120,2020-07-07,24.37,23.31,24.37,22.9,1116135,89.3231,5.3966,0.06041662235188882
121,2020-07-08,23.05,24.55,25.48,22.93,1004580,90.3643,5.4595,0.06041655830897821
122,2020-07-09,23.8,23.83,24.35,23.39,925777,92.6202,5.5958,0.060416626178738546
123,2020-07-10,23.35,24.39,25.62,23.11,1014877,93.0106,5.6193,0.060415694555244245
124,2020-07-13,24.4,25.64,26.7,24.11,999745,84.5511,5.1083,0.06041671841052333
125,2020-07-14,25.16,26.59,27.09,24.78,1044932,86.1563,5.2052,0.060415779229145164
126,2020-07-15,26.67,24.9,26.89,24.3,745401,84.0306,5.0768,0.06041608652086264
127,2020-07-16,24.7,23.27,25.52,22.98,545427,86.8938,5.2498,0.060416278261510026
128,2020-07-17,23.6,22.42,23.83,21.84,440807,85.2452,5.1502,0.060416304964971634
129,2020-07-20,22.89,23.18,23.65,22.56,398383,85.9827,5.1948,0.06041680477584445
130,2020-07-21,23.09,22.81,23.4,22.76,276603,89.2364,5.3913,0.06041592892586433
131,2020-07-22,22.85,22.81,23.64,22.72,410807,92.4032,5.5827,0.0604167388142402
132,2020-07-23,22.5,22.52,23.0,21.86,343084,94.0951,5.6849,0.06041653603641422
133,2020-07-24,22.52,20.95,22.74,20.62,362933,94.5723,5.7137,0.06041621066633676
134,2020-07-27,21.17,20.92,21.24,20.36,230260,93.4878,5.6482,0.06041643936428069
135,2020-07-28,21.07,21.22,21.39,20.91,204231,92.7937,5.6062,0.06041573943058635
136,2020-07-29,21.28,21.75,21.98,21.13,321987,93.7915,5.6665,0.06041592255161715
137,2020-07-30,21.7,21.22,21.72,21.18,244316,94.3988,5.7032,0.06041602223757082
138,2020-07-31,21.31,21.5,21.88,21.23,264819,93.6179,5.656,0.06041579655172782
139,2020-08-03,21.89,22.04,22.04,21.53,292911,92.4032,5.5827,0.0604167388142402
140,2020-08-04,22.2,22.1,22.32,21.83,324776,89.3231,5.3966,0.06041662235188882
141,2020-08-05,21.99,21.85,22.01,21.56,232822,87.7614,5.3022,0.06041608269694878
142,2020-08-06,21.9,22.35,22.6,21.33,322656,84.3342,5.0952,0.06041677042054114
143,2020-08-07,21.98,21.61,22.2,21.2,286853,78.0872,4.7177,0.06041579157659642
144,2020-08-10,21.62,22.9,23.2,21.51,664255,78.4343,4.9105,0.06260653821096128
145,2020-08-11,22.55,21.96,23.07,21.81,424397,78.3042,4.9023,0.06260583723478436
146,2020-08-12,21.73,21.72,21.97,21.26,237110,81.6012,5.1087,0.06260569697504448
147,2020-08-13,21.85,22.02,22.45,21.64,244472,82.3387,5.1549,0.06260604065888822
148,2020-08-14,21.82,22.2,22.25,21.69,193533,84.2041,5.2717,0.06260621513679263
149,2020-08-17,22.55,22.92,23.46,22.4,509124,84.421,5.2853,0.06260646047784318
150,2020-08-18,22.76,22.52,22.9,22.41,266632,85.6791,5.364,0.0626056996397021
151,2020-08-19,22.52,22.28,22.81,22.22,230780,83.9438,5.2554,0.06260617222475037
152,2020-08-20,22.05,22.11,22.3,21.92,144100,84.0306,5.2608,0.06260576504273442
153,2020-08-21,22.39,22.28,22.7,22.01,181833,82.946,5.1929,0.06260579171991416
154,2020-08-24,22.26,22.02,22.38,21.87,152782,85.2886,5.3396,0.06260625687372051
155,2020-08-25,22.17,21.49,22.34,21.46,216119,80.4732,5.0381,0.06260593588921529
156,2020-08-26,21.37,20.57,21.44,20.55,278686,83.1195,5.2038,0.06260624763142222
157,2020-08-27,20.62,20.7,20.81,20.09,171067,87.5445,5.4808,0.06260587472656763
158,2020-08-28,20.7,21.07,21.14,20.55,183812,87.5011,5.4781,0.06260607009511882
159,2020-08-31,21.2,20.91,21.59,20.9,205598,89.1496,5.5813,0.06260600159731507
160,2020-09-01,20.95,21.02,21.06,20.73,100473,85.1585,5.3314,0.06260561188841983
161,2020-09-02,21.1,20.91,21.2,20.72,134935,85.5489,5.3559,0.0626062988536381
162,2020-09-03,20.99,20.63,21.2,20.6,161310,83.7269,5.2418,0.06260592473864432
163,2020-09-04,20.23,20.4,20.58,20.13,109070,86.9371,5.4428,0.06260618309099338
164,2020-09-07,20.35,19.56,20.54,19.53,174324,90.3643,5.6574,0.06260658246674848
165,2020-09-08,19.24,18.86,19.38,17.98,343661,204.862,6.0572,0.029567220860872198
166,2020-09-09,18.58,18.07,18.69,18.0,209242,203.7338,6.0239,0.029567504262915628
167,2020-09-10,18.39,17.9,18.44,17.75,140940,207.3065,6.1295,0.029567331463316394
168,2020-09-11,17.82,18.18,18.23,17.79,104560,204.768,6.0544,0.02956711986247851
169,2020-09-14,18.23,18.27,18.3,18.03,93550,195.4604,5.7792,0.02956711436178377
170,2020-09-15,18.27,18.25,18.33,18.12,85632,201.3834,5.9544,0.029567481728881326
171,2020-09-16,18.26,18.21,18.45,18.18,103199,199.5971,5.9015,0.029567062848107513
172,2020-09-17,18.21,18.09,18.32,17.84,103786,189.2553,5.5958,0.029567467859552676
173,2020-09-18,18.02,19.04,19.3,18.01,248384,196.1185,5.7987,0.029567327916540254
174,2020-09-21,19.5,18.88,19.59,18.87,206582,199.6911,5.9043,0.029567166488641706
175,2020-09-22,18.61,18.83,19.43,18.53,157875,221.879,6.5604,0.029567466952708458
176,2020-09-23,18.9,18.6,18.98,18.56,97344,225.7337,6.6743,0.029567140395962144
177,2020-09-24,18.53,18.35,18.75,18.35,92149,228.7422,6.7633,0.029567346995875706
178,2020-09-25,18.44,18.59,18.78,18.36,106433,241.0584,7.1274,0.029567109049093494
179,2020-09-28,18.54,18.64,18.77,18.54,66742,229.9644,6.7994,0.029567185181706385
180,2020-09-29,18.74,18.64,18.83,18.63,76195,232.3148,6.8689,0.029567207943703974
181,2020-09-30,18.8,18.39,18.8,18.34,76276,249.2378,7.3693,0.029567344921195744
182,2020-10-09,18.69,18.7,18.75,18.56,78705,238.5199,7.0524,0.029567344276096037
183,2020-10-12,18.8,19.27,19.38,18.8,169748,216.8021,6.4102,0.029567056776664064
184,2020-10-13,19.0,19.07,19.09,18.85,110139,213.2295,6.3046,0.029567203412285824
185,2020-10-14,18.83,18.83,19.08,18.74,84377,202.1355,5.9766,0.029567295205443874
186,2020-10-15,18.89,18.85,19.13,18.81,80532,219.9987,6.5048,0.029567447444007623
187,2020-10-16,18.85,18.91,19.05,18.82,74081,213.4175,6.3102,0.02956739723780852
188,2020-10-19,19.09,18.68,19.09,18.67,84070,233.067,6.8912,0.029567463433261682
189,2020-10-20,18.63,18.52,18.63,18.2,93792,218.0243,6.4464,0.029567346392122343
190,2020-10-21,18.56,18.3,18.56,18.29,59074,198.1868,5.8598,0.029567054919903846
191,2020-10-22,18.25,18.45,18.59,18.25,68159,190.1954,5.6236,0.029567486910829596
192,2020-10-23,18.45,17.99,18.52,17.99,75331,172.8964,5.1121,0.02956741725102431
193,2020-10-26,17.92,17.52,17.92,17.36,93341,174.8707,5.1704,0.02956698863789074
194,2020-10-27,17.3,17.42,17.54,17.22,56369,178.0673,5.265,0.029567472523029215
195,2020-10-28,17.43,18.02,18.09,17.42,127127,166.7853,4.9314,0.029567353957453083
196,2020-10-29,17.7,18.02,18.13,17.6,108039,162.2725,4.798,0.029567548413933352
197,2020-10-30,17.72,17.39,18.07,17.31,85683,169.2298,5.0037,0.029567487522883084
198,2020-11-02,17.42,17.48,17.78,17.34,67842,163.9648,4.848,0.02956732176662308
199,2020-11-03,17.5,17.82,18.03,17.5,79860,159.7341,4.7229,0.029567262093691954
200,2020-11-04,17.98,17.95,18.24,17.81,95954,158.5119,4.6868,0.029567496194292036
201,2020-11-05,18.3,17.99,18.32,17.92,94612,157.7597,4.6645,0.029567120120030654
202,2020-11-06,18.01,17.82,18.2,17.68,106844,150.8965,4.4616,0.02956728618622698
203,2020-11-09,17.91,18.6,18.88,17.85,220133,148.076,4.3782,0.029567249250384935
204,2020-11-10,18.73,18.33,18.73,18.2,118193,152.7769,4.5172,0.02956729715028908
205,2020-11-11,18.21,17.92,18.36,17.91,81816,169.7939,5.0203,0.029567022136837658
206,2020-11-12,17.99,17.79,18.05,17.72,50821,182.11,5.3845,0.02956729449233979
207,2020-11-13,17.7,17.84,17.94,17.7,50241,174.7767,5.1677,0.02956744234214286
208,2020-11-16,18.04,17.87,18.08,17.79,58207,180.8878,5.3484,0.029567499853500347
209,2020-11-17,17.87,17.7,17.9,17.55,70073,177.6912,5.2538,0.029567024140756546
210,2020-11-18,17.71,17.8,18.03,17.71,67916,185.2126,5.4762,0.029567102886088745
211,2020-11-19,17.7,17.8,17.86,17.55,78446,173.2725,5.1232,0.029567300062041002
212,2020-11-20,17.8,17.75,17.84,17.7,79246,171.0161,5.0565,0.02956739160815853
213,2020-11-23,17.69,17.96,18.22,17.6,198908,166.2212,4.9147,0.02956722728508758
214,2020-11-24,17.85,17.6,17.89,17.6,149984,151.0846,4.4672,0.029567540305232964
215,2020-11-25,17.71,17.26,17.77,17.25,145325,150.3324,4.4449,0.029567145871415606
216,2020-11-26,17.1,16.63,17.17,16.31,185892,149.0162,4.406,0.029567255103807505
217,2020-11-27,16.63,16.75,16.75,16.47,111202,156.5375,4.6284,0.029567356064840695
218,2020-11-30,16.8,17.0,17.29,16.8,253052,155.3153,4.5922,0.02956695187145117
219,2020-12-01,16.8,17.4,17.63,16.71,287233,157.6657,4.6617,0.029566988888515385
