,日期,开盘,收盘,最高,最低,成交量,pe,pb,roe
0,2020-01-03,39.5,39.27,39.5,39.16,399739,18.1173,2.5068,0.1383649881604875
1,2020-01-06,38.69,39.16,39.62,38.46,531768,17.8802,2.474,0.13836534266954512
2,2020-01-07,39.16,39.73,40.19,38.92,588855,17.8464,2.4693,0.1383640398063475
3,2020-01-08,39.39,38.92,39.62,38.69,498220,17.9818,2.4881,0.1383676828793558
4,2020-01-09,39.16,39.16,39.5,39.04,307471,18.2866,2.5302,0.13836361051261578
5,2020-01-10,39.39,38.81,39.39,38.69,283841,19.0655,2.638,0.13836510975321917
6,2020-01-13,38.69,38.81,38.92,38.35,366307,19.3703,2.6802,0.13836646825294394
7,2020-01-14,38.69,38.81,39.27,38.69,385490,19.3703,2.6802,0.13836646825294394
8,2020-01-15,39.16,38.81,40.08,38.81,676796,19.4041,2.6849,0.1383676645657361
9,2020-01-16,38.69,38.12,38.69,37.89,562459,19.4041,2.6849,0.1383676645657361
10,2020-01-17,38.35,38.0,38.46,37.89,275676,19.4041,2.6849,0.1383676645657361
11,2020-01-20,38.0,38.12,38.12,37.66,256038,20.0137,2.7692,0.13836521982442027
12,2020-01-21,38.0,37.66,38.12,37.66,256112,19.946,2.7598,0.13836358167051035
13,2020-01-22,37.54,37.66,37.89,37.08,296806,20.1491,2.788,0.1383684631075333
14,2020-01-23,37.54,36.62,37.54,36.28,470743,20.4201,2.8254,0.13836367108878017
15,2020-02-03,33.28,33.28,33.28,33.28,194721,20.7926,2.877,0.1383665342477612
16,2020-02-04,30.52,32.01,32.93,30.52,721716,21.5376,2.9801,0.138367320407102
17,2020-02-05,32.24,32.7,33.16,32.01,437356,20.3523,2.8161,0.1383676537786884
18,2020-02-06,32.7,33.16,33.4,32.36,385863,21.1989,2.9332,0.1383656699168353
19,2020-02-07,33.05,33.16,33.28,32.7,330783,20.8603,2.8864,0.13836809633610256
20,2020-02-10,32.93,34.66,34.78,32.82,582284,22.9937,3.1815,0.1383639866572148
21,2020-02-11,34.43,34.09,34.66,33.97,305563,22.6551,3.1347,0.13836619569103645
22,2020-02-12,34.2,35.12,35.12,34.09,379212,23.8065,3.294,0.1383655724276983
23,2020-02-13,35.01,35.12,35.7,34.78,403832,24.5176,3.5132,0.1432929813684863
24,2020-02-14,34.89,35.01,35.47,34.66,251618,25.4319,3.6442,0.1432924791305408
25,2020-02-17,35.12,36.04,36.16,35.01,400935,26.1092,3.7413,0.14329431771176443
26,2020-02-18,37.77,36.62,38.35,36.16,850846,26.0415,3.7316,0.14329435708388533
27,2020-02-19,36.51,37.43,38.12,36.16,734421,26.2108,3.7558,0.14329207807468677
28,2020-02-20,37.08,37.43,37.66,36.62,553337,26.6849,3.8238,0.14329452237032927
29,2020-02-21,37.43,37.08,37.43,36.85,516927,26.0754,3.7364,0.1432921450869402
30,2020-02-24,36.85,36.51,36.97,36.39,508320,26.2108,3.7558,0.14329207807468677
31,2020-02-25,36.04,36.04,36.39,34.66,633248,26.4479,3.7898,0.1432930402791904
32,2020-02-26,35.47,35.93,36.62,35.35,519588,25.8722,3.7073,0.14329280076684628
33,2020-02-27,36.04,36.04,36.28,35.58,318882,25.2288,3.6151,0.1432925862506342
34,2020-02-28,35.12,34.09,35.47,34.09,514861,26.3801,3.7801,0.14329361905375643
35,2020-03-02,34.32,35.24,35.58,34.32,367191,27.4638,3.9354,0.14329408166386298
36,2020-03-03,35.58,35.47,36.04,35.24,367262,26.3124,3.7704,0.1432936562229215
37,2020-03-04,35.24,35.58,35.81,34.89,339290,25.6013,3.6685,0.14329350462671817
38,2020-03-05,36.04,36.51,36.74,35.7,594080,24.4499,3.5035,0.14329301960335217
39,2020-03-06,35.93,36.04,36.28,35.81,365465,24.6192,3.5278,0.1432946643270293
40,2020-03-09,35.47,34.66,35.58,34.55,615756,24.8562,3.5617,0.14329221683121313
41,2020-03-10,34.09,35.01,35.47,33.63,525490,26.414,3.785,0.14329522223063526
42,2020-03-11,35.01,34.55,35.35,34.55,326111,26.922,3.8577,0.14329173166926676
43,2020-03-12,34.2,33.97,34.55,33.63,418444,26.4817,3.7947,0.1432951812006027
44,2020-03-13,32.7,33.51,33.86,32.36,421475,25.7029,3.6831,0.14329511455905755
45,2020-03-16,34.09,32.7,34.09,32.59,324762,26.8542,3.848,0.14329229692189677
46,2020-03-17,32.93,32.7,33.4,32.01,281108,27.2267,3.9014,0.14329316443050388
47,2020-03-18,32.93,32.36,33.28,32.24,258115,27.0913,3.882,0.14329323435937
48,2020-03-19,32.13,32.01,32.59,31.67,358247,27.1251,3.8869,0.14329532425686908
49,2020-03-20,32.24,32.36,32.47,31.78,245890,26.7188,3.8286,0.1432923634294953
50,2020-03-23,31.78,31.21,32.01,31.09,288715,24.2806,3.4793,0.14329547045789642
51,2020-03-24,31.67,31.78,32.36,31.09,630959,24.7885,3.552,0.14329225245577587
52,2020-03-25,32.24,32.01,32.47,31.78,530015,25.0256,3.586,0.14329326769388145
53,2020-03-26,31.9,31.78,32.01,31.67,233032,24.7885,3.552,0.14329225245577587
54,2020-03-27,32.01,31.78,32.24,31.78,224176,27.3283,3.916,0.1432946798739768
55,2020-03-30,31.55,31.21,31.67,31.09,237577,28.3443,4.0616,0.14329512459295168
56,2020-03-31,31.44,31.32,31.44,31.09,193874,30.5454,4.377,0.1432948987408906
57,2020-04-01,31.21,30.98,31.44,30.98,175365,31.4597,4.508,0.14329443700988884
58,2020-04-02,30.75,31.44,31.55,30.75,206088,30.7825,4.4109,0.14329245512872574
59,2020-04-03,31.32,31.09,31.44,30.98,160540,30.8163,4.4158,0.1432942955513803
60,2020-04-07,31.67,31.78,32.01,31.32,332889,31.6968,4.542,0.14329522223063526
61,2020-04-08,31.67,32.01,32.24,31.55,267909,30.647,4.3915,0.1432929813684863
62,2020-04-09,32.13,33.74,34.78,32.01,879828,31.5275,4.7144,0.14953294742684958
63,2020-04-10,33.51,32.7,33.63,32.59,386129,33.1868,4.9625,0.14953234418503744
64,2020-04-13,32.47,32.7,33.51,32.13,207524,30.1729,4.5118,0.14953153326329258
65,2020-04-14,32.93,32.93,33.05,32.47,212465,28.4797,4.2586,0.14953106949862535
66,2020-04-15,32.82,32.24,33.05,32.24,244093,30.9179,4.6232,0.1495315011692256
67,2020-04-16,32.24,32.7,32.93,32.13,259221,31.6291,4.7296,0.1495331830497864
68,2020-04-17,32.82,32.59,32.82,32.36,219346,35.1509,5.2562,0.14953244440398397
69,2020-04-20,32.47,32.7,32.82,32.24,179101,34.3043,5.1296,0.14953227437959674
70,2020-04-21,32.59,32.47,32.7,32.13,161463,31.1888,4.6637,0.14953124198430207
71,2020-04-22,34.32,35.47,35.47,34.2,617576,28.3443,4.2384,0.14953271028037385
72,2020-04-23,38.12,36.62,38.12,36.51,2269886,30.8163,4.608,0.14953125456333174
73,2020-04-24,36.39,35.58,36.97,35.47,913926,33.8641,5.0638,0.14953298625978542
74,2020-04-27,35.35,35.24,35.93,34.66,487697,32.4757,4.8561,0.1495302641667462
75,2020-04-28,34.89,34.66,35.24,33.86,473262,35.8282,5.3575,0.14953304938567943
76,2020-04-29,34.89,35.35,35.93,34.66,408059,35.2525,5.2714,0.14953265725835047
77,2020-04-30,35.93,36.04,36.28,35.58,497379,32.0354,4.7903,0.14953145582699137
78,2020-05-06,35.81,36.28,36.51,35.47,413792,29.1231,4.3548,0.1495307848408995
79,2020-05-07,36.28,35.93,36.39,35.81,297621,26.4817,3.9599,0.14953345140228913
80,2020-05-08,36.04,36.04,36.39,35.93,283558,27.8363,4.1624,0.14953136731534003
81,2020-05-11,36.16,36.04,36.28,35.93,232937,25.2965,3.7826,0.14953056746980806
82,2020-05-12,36.04,36.04,36.28,35.93,198879,22.9937,3.4383,0.14953226318513332
83,2020-05-13,36.04,36.04,36.04,35.81,192208,20.8941,3.1243,0.14953025016631488
84,2020-05-14,35.93,35.58,36.04,35.58,274140,18.9978,2.8408,0.14953310383307541
85,2020-05-15,35.7,35.35,35.81,35.24,177129,17.2707,2.5825,0.1495307080778428
86,2020-05-18,35.58,35.58,36.04,35.35,245154,16.458,2.461,0.1495321424231377
87,2020-05-19,35.7,35.58,35.93,35.47,154356,14.9679,2.2382,0.14953333466952612
88,2020-05-20,36.16,37.08,37.54,36.16,932345,13.6134,2.0356,0.14952914040577667
89,2020-05-21,37.31,37.08,37.54,36.85,497958,12.3604,1.8483,0.14953399566357076
90,2020-05-22,37.08,37.08,37.2,36.51,462421,11.2429,1.6812,0.14953437280416973
91,2020-05-25,37.43,37.43,37.66,36.85,711384,10.4301,1.5596,0.14952876770117257
92,2020-05-26,37.31,36.39,37.31,35.93,804025,10.464,1.5647,0.14953172782874616
93,2020-05-27,36.16,35.7,36.28,35.58,380571,11.4799,1.7166,0.14953091925887854
94,2020-05-28,35.47,35.7,36.04,35.47,212643,10.4301,1.5596,0.14952876770117257
95,2020-05-29,35.7,35.58,35.7,35.35,220574,10.7011,1.6001,0.14952668417265516
96,2020-06-01,35.7,36.16,36.28,35.58,280917,10.3624,1.5495,0.14953099668030576
97,2020-06-02,36.39,36.16,36.39,35.81,238231,10.5317,1.5748,0.1495295156527436
98,2020-06-03,36.16,36.16,36.62,36.16,263741,10.3624,1.5495,0.14953099668030576
99,2020-06-04,36.16,36.04,36.28,35.93,179990,9.8545,1.4736,0.14953574509107515
100,2020-06-05,36.16,36.04,36.16,35.81,176362,10.0238,1.4989,0.149534108821006
101,2020-06-08,36.04,36.16,36.28,35.93,190586,9.3804,1.4027,0.14953520105752421
102,2020-06-09,36.16,36.16,36.28,35.93,170522,9.1094,1.3622,0.14953784003337212
103,2020-06-10,36.16,35.93,36.16,35.81,130444,8.7031,1.3014,0.14953292504969493
104,2020-06-11,35.93,35.7,36.04,35.7,171401,8.6015,1.2862,0.14953205836191363
105,2020-06-12,35.35,35.58,35.7,35.24,206009,8.5676,1.2811,0.1495284560436995
106,2020-06-15,36.04,36.16,37.2,36.04,442045,8.7369,1.3065,0.1495381657109501
107,2020-06-16,36.28,36.39,36.51,36.04,238723,8.7708,1.3115,0.1495302594974233
108,2020-06-17,36.39,36.39,36.62,36.04,258034,8.8385,1.3216,0.1495276347796572
109,2020-06-18,36.39,36.62,36.62,36.16,246394,8.6692,1.2963,0.14952936833848568
110,2020-06-19,36.62,36.51,36.62,36.28,214424,8.7031,1.3014,0.14953292504969493
111,2020-06-22,36.51,37.08,37.2,36.28,480552,8.6353,1.2913,0.14953736407536505
112,2020-06-23,37.54,36.85,37.54,36.85,373664,8.6353,1.2913,0.14953736407536505
113,2020-06-24,36.85,36.74,37.08,36.62,159122,8.5676,1.2811,0.1495284560436995
114,2020-06-29,36.62,36.16,36.62,36.16,229694,8.3983,1.2558,0.14953026207684889
115,2020-06-30,36.28,36.28,36.39,36.16,188049,8.4322,1.2609,0.14953392946087615
116,2020-07-01,36.28,36.62,36.74,36.16,281425,8.4999,1.271,0.14953117095495239
117,2020-07-02,36.62,38.0,38.46,36.28,1004293,8.5676,1.2811,0.1495284560436995
118,2020-07-03,37.89,38.92,39.16,37.77,1035035,8.5676,1.2811,0.1495284560436995
119,2020-07-06,39.85,41.11,41.34,39.27,1417272,8.5338,1.2761,0.1495347910661136
120,2020-07-07,41.57,40.54,42.27,40.54,1341833,8.5338,1.2761,0.1495347910661136
121,2020-07-08,40.31,42.27,42.73,40.31,1397329,8.5676,1.2811,0.1495284560436995
122,2020-07-09,43.42,42.84,43.88,42.27,1341712,8.5676,1.2811,0.1495284560436995
123,2020-07-10,42.5,42.27,43.3,41.92,1070629,8.5676,1.2811,0.1495284560436995
124,2020-07-13,42.27,43.42,43.88,42.27,1079618,8.3983,1.2558,0.14953026207684889
125,2020-07-14,43.19,42.5,43.53,41.92,998810,8.4322,1.2609,0.14953392946087615
126,2020-07-15,42.96,46.07,46.07,42.96,2728388,8.4322,1.2609,0.14953392946087615
127,2020-07-16,46.99,42.61,47.1,42.15,3280290,8.6353,1.2913,0.14953736407536505
128,2020-07-17,42.15,42.5,43.88,41.69,1726870,10.1254,1.2861,0.1270172042585972
129,2020-07-20,42.84,45.26,45.84,42.84,1697209,10.0238,1.2732,0.12701769787904788
130,2020-07-21,49.06,49.06,49.06,49.06,265604,10.0238,1.2732,0.12701769787904788
131,2020-07-22,53.32,53.32,53.32,53.32,147749,10.0238,1.2732,0.12701769787904788
132,2020-07-23,57.93,57.93,57.93,57.13,3850355,9.5835,1.2173,0.12702039964522355
133,2020-07-24,58.39,63.0,63.0,57.93,8736029,9.5835,1.2173,0.12702039964522355
134,2020-07-27,59.89,65.77,68.3,57.82,6891401,9.5158,1.2087,0.12702032409256184
135,2020-07-28,64.61,71.64,71.64,64.04,7404003,9.5835,1.2173,0.12702039964522355
136,2020-07-29,70.37,78.09,78.09,68.42,6827664,9.719,1.2345,0.1270192406626196
137,2020-07-30,81.89,85.24,85.24,80.17,5056848,9.719,1.2345,0.1270192406626196
138,2020-07-31,88.81,93.07,93.07,88.35,5144464,9.719,1.2345,0.1270192406626196
139,2020-08-03,101.59,101.71,101.71,97.45,2490217,9.719,1.2345,0.1270192406626196
140,2020-08-04,110.69,97.1,111.16,93.99,11166398,9.6851,1.2302,0.12701985524155662
141,2020-08-05,91.69,106.09,106.09,91.69,7436460,9.7867,1.2431,0.12701932214127337
142,2020-08-06,111.5,115.99,115.99,104.01,9591116,9.719,1.2345,0.1270192406626196
143,2020-08-07,117.49,126.94,126.94,110.69,8522311,9.5158,1.2529,0.13166523045881584
144,2020-08-10,124.17,128.9,137.88,122.21,9496198,9.3126,1.2262,0.13167106930395378
145,2020-08-11,126.36,117.49,131.89,116.68,8481560,9.4819,1.2485,0.131671922294055
146,2020-08-12,116.8,122.21,128.55,110.23,9767265,9.5835,1.2619,0.13167423175249124
147,2020-08-13,117.61,111.85,124.98,110.81,8258275,9.8883,1.302,0.13167076241618886
148,2020-08-14,110.58,103.44,111.85,102.63,7068942,9.5497,1.2574,0.131669057666733
149,2020-08-17,107.01,113.11,113.11,104.36,6015501,9.4543,1.1679,0.12353109167257226
150,2020-08-18,119.91,123.71,123.71,118.41,4930718,9.5282,1.177,0.12352805356730548
151,2020-08-19,129.01,126.59,135.35,122.44,11266286,9.4912,1.1725,0.1235354855023601
152,2020-08-20,116.45,114.61,118.76,114.61,4903166,9.5282,1.177,0.12352805356730548
153,2020-08-21,107.12,112.19,117.61,107.12,6155456,9.3804,1.1588,0.12353417764700866
154,2020-08-24,113.92,103.9,113.92,101.82,5342264,9.602,1.1862,0.12353676317433866
155,2020-08-25,101.25,109.66,112.42,99.98,6344460,9.5282,1.177,0.12352805356730548
156,2020-08-26,108.39,119.91,119.91,104.93,8431847,9.5282,1.177,0.12352805356730548
157,2020-08-27,122.79,114.27,124.29,112.31,7766775,9.8605,1.2181,0.12353328938694792
158,2020-08-28,111.27,111.27,116.34,106.32,5499888,9.3066,1.1497,0.12353598521479381
159,2020-08-31,111.39,114.84,120.37,108.51,5851236,9.2327,1.1405,0.1235283286579224
160,2020-09-01,111.73,111.85,113.46,109.31,4022508,9.0111,1.1132,0.12353652717204336
161,2020-09-02,110.35,111.73,116.34,108.62,4027797,9.1219,1.1269,0.12353785943717865
162,2020-09-03,110.69,114.04,116.45,110.0,5216297,8.9742,1.1086,0.12353190256513116
163,2020-09-04,111.39,110.92,113.57,110.12,3207544,9.085,1.1223,0.12353329664281783
164,2020-09-07,109.54,103.44,110.0,102.52,4386482,9.0481,1.1177,0.12352869663244216
165,2020-09-08,102.63,99.98,104.47,96.41,3938114,9.2327,1.1405,0.1235283286579224
166,2020-09-09,98.14,91.34,98.14,90.76,3734857,9.2327,1.1405,0.1235283286579224
167,2020-09-10,95.37,92.15,97.91,91.46,3348956,9.3066,1.1497,0.12353598521479381
168,2020-09-11,88.69,91.34,92.84,86.5,2766016,9.2327,1.1405,0.1235283286579224
169,2020-09-14,91.34,89.61,92.49,88.92,2209458,9.0481,1.1177,0.12352869663244216
170,2020-09-15,89.04,97.91,97.91,88.12,3941266,9.4174,1.1634,0.12353728205237113
171,2020-09-16,99.06,99.29,104.24,94.57,5120303,9.3066,1.1497,0.12353598521479381
172,2020-09-17,96.87,99.17,102.63,95.95,3485809,9.4174,1.1634,0.12353728205237113
173,2020-09-18,98.6,99.64,100.33,97.1,2759827,9.5282,1.177,0.12352805356730548
174,2020-09-21,99.98,98.37,100.9,97.1,2204985,9.5282,1.177,0.12352805356730548
175,2020-09-22,96.29,94.45,98.02,94.11,2292119,9.7867,1.209,0.12353500158378208
176,2020-09-23,94.34,97.1,99.87,93.53,2626984,9.9344,1.2272,0.12353035915606378
177,2020-09-24,95.37,98.6,100.67,94.68,3079850,10.119,1.25,0.12352999308232039
178,2020-09-25,97.91,96.87,99.64,96.41,2163587,10.2668,1.2683,0.12353410994662407
179,2020-09-28,95.95,91.57,96.06,91.0,2259460,10.156,1.2546,0.12353288696337139
180,2020-09-29,93.64,90.76,94.11,90.53,1548979,10.5991,1.3094,0.12353879102942701
181,2020-09-30,91.0,90.19,91.46,88.81,1523299,10.7469,1.3276,0.12353329797429956
182,2020-10-09,91.69,94.11,95.14,91.34,2056757,10.4514,1.2911,0.12353368926650975
183,2020-10-12,93.99,96.52,97.79,92.38,2462866,10.4145,1.2865,0.12352969417638868
184,2020-10-13,97.45,100.44,103.78,95.72,3298697,10.3406,1.2774,0.12353248360830127
185,2020-10-14,97.22,96.76,98.25,96.06,2459904,9.9713,1.2318,0.12353454414168664
186,2020-10-15,95.72,92.84,95.83,92.49,1860029,10.5991,1.3094,0.12353879102942701
187,2020-10-16,91.8,95.03,96.41,91.8,1618537,10.5622,1.3048,0.12353486962943325
188,2020-10-19,95.72,96.99,98.48,94.91,1845571,10.5991,1.3094,0.12353879102942701
189,2020-10-20,96.52,96.18,96.76,94.45,1258476,10.7469,1.3276,0.12353329797429956
190,2020-10-21,96.52,95.72,97.45,95.26,1002831,10.9315,1.3504,0.12353290948177287
191,2020-10-22,97.1,97.79,102.63,96.76,3034760,11.0423,1.3641,0.12353404634903963
192,2020-10-23,97.79,96.18,98.25,95.72,1442005,11.0423,1.3641,0.12353404634903963
193,2020-10-26,96.87,95.6,97.22,94.57,975006,10.7838,1.3322,0.12353715758823422
194,2020-10-27,94.57,95.83,97.22,93.53,1100220,10.5991,1.3094,0.12353879102942701
195,2020-10-28,96.29,93.53,96.29,92.84,1676818,10.2668,1.2683,0.12353410994662407
196,2020-10-29,92.03,90.42,92.03,89.73,1948287,10.3037,1.2729,0.12353814649106631
197,2020-10-30,90.42,88.0,91.46,87.42,1555964,10.3037,1.2729,0.12353814649106631
198,2020-11-02,88.0,84.08,88.58,83.16,1790380,9.9713,1.2318,0.12353454414168664
199,2020-11-03,82.93,85.24,86.16,80.74,1861883,10.156,1.2546,0.12353288696337139
200,2020-11-04,78.55,77.98,82.36,77.52,3363367,9.6759,1.1953,0.12353372812864953
201,2020-11-05,77.98,79.13,79.59,76.25,2132827,9.6759,1.1953,0.12353372812864953
202,2020-11-06,78.44,76.25,78.78,75.1,2481134,9.5282,1.177,0.12352805356730548
203,2020-11-09,76.94,80.28,81.2,76.36,2902853,9.3066,1.1497,0.12353598521479381
204,2020-11-10,80.28,77.75,81.78,77.29,2089403,9.7128,1.1999,0.12353801169590643
205,2020-11-11,77.29,76.48,78.09,76.25,1260906,10.7838,1.3322,0.12353715758823422
206,2020-11-12,76.83,75.56,77.17,74.64,1427124,11.1162,1.3732,0.12353142260844534
207,2020-11-13,75.56,74.87,75.56,72.91,1449980,11.1162,1.3732,0.12353142260844534
208,2020-11-16,75.56,75.1,76.6,74.29,1363365,11.2639,1.3915,0.1235362529852005
209,2020-11-17,75.33,73.02,75.33,71.99,1488023,11.227,1.3869,0.123532555446691
210,2020-11-18,72.91,73.02,74.64,72.45,1226955,11.2639,1.3915,0.1235362529852005
211,2020-11-19,73.02,73.02,73.83,71.53,1346682,11.4855,1.4188,0.12352966784206174
212,2020-11-20,72.91,72.91,73.72,72.68,936227,11.4855,1.4188,0.12352966784206174
213,2020-11-23,73.37,72.91,74.18,72.22,1626397,11.4855,1.4188,0.12352966784206174
214,2020-11-24,72.56,71.87,72.79,71.3,1444838,11.4855,1.4188,0.12352966784206174
215,2020-11-25,72.22,69.22,72.33,69.11,1727862,11.5963,1.4325,0.12353078136991973
216,2020-11-26,68.99,68.19,69.57,67.72,1270572,11.5224,1.4234,0.12353329167534542
217,2020-11-27,68.42,67.72,68.53,66.57,1094814,11.7809,1.4553,0.12353046032136764
218,2020-11-30,67.96,67.84,70.14,67.49,1627995,11.5963,1.4325,0.12353078136991973
219,2020-12-01,67.49,68.65,68.88,66.92,1352990,11.6332,1.4371,0.12353436715607055
