,日期,开盘,收盘,最高,最低,成交量,pe,pb,roe
0,2020-01-03,24.56,24.45,24.59,24.4,203791,5.7603,0.7007,0.12164296998420221
1,2020-01-06,24.35,24.3,24.47,24.21,325732,5.6483,0.6871,0.12164722128782113
2,2020-01-07,24.35,24.42,24.64,24.33,282362,5.6623,0.6888,0.12164668067746322
3,2020-01-08,24.35,24.11,24.38,24.04,313209,5.5713,0.6777,0.12164126864466103
4,2020-01-09,24.21,24.16,24.33,24.09,183997,5.5503,0.6752,0.12165108192349963
5,2020-01-10,24.21,24.21,24.26,24.11,128160,5.5573,0.676,0.12164180447339537
6,2020-01-13,23.88,23.85,23.93,23.64,885122,5.5853,0.6794,0.12164073550212164
7,2020-01-14,23.85,23.71,23.9,23.67,567188,5.5363,0.6735,0.12165164460018424
8,2020-01-15,23.74,23.64,23.76,23.57,286425,5.5573,0.676,0.12164180447339537
9,2020-01-16,23.69,23.64,23.69,23.52,342406,5.5433,0.6743,0.12164234300867714
10,2020-01-17,23.64,23.57,23.69,23.52,264217,5.4943,0.6684,0.12165334983528384
11,2020-01-20,23.59,23.64,23.67,23.5,336497,5.4803,0.6667,0.12165392405525245
12,2020-01-21,23.62,23.57,23.62,23.45,350719,5.4593,0.6641,0.1216456322239115
13,2020-01-22,23.5,23.5,23.57,23.4,246659,5.5083,0.6701,0.12165277853421201
14,2020-01-23,23.45,23.05,23.5,23.0,415096,5.5573,0.676,0.12164180447339537
15,2020-02-03,21.02,21.73,21.91,20.97,900940,5.5503,0.6752,0.12165108192349963
16,2020-02-04,21.51,22.1,22.2,21.46,487253,5.5643,0.6769,0.12165052207824882
17,2020-02-05,22.1,22.1,22.29,21.87,338556,5.5083,0.6701,0.12165277853421201
18,2020-02-06,22.1,22.29,22.36,22.06,262563,5.5153,0.6709,0.1216434282813265
19,2020-02-07,22.25,22.29,22.43,22.08,340588,5.4943,0.6684,0.12165334983528384
20,2020-02-10,22.29,22.29,22.32,22.15,260653,5.5083,0.6701,0.12165277853421201
21,2020-02-11,22.25,22.43,22.46,22.25,216312,5.4873,0.6675,0.12164452462959925
22,2020-02-12,22.43,22.6,22.65,22.34,183905,5.4943,0.6684,0.12165334983528384
23,2020-02-13,22.58,22.55,22.65,22.53,198438,5.4873,0.6675,0.12164452462959925
24,2020-02-14,22.51,22.62,22.74,22.51,159323,5.5153,0.6709,0.1216434282813265
25,2020-02-17,22.6,22.93,22.93,22.55,244759,5.6273,0.6845,0.12163915199118583
26,2020-02-18,22.88,22.84,22.93,22.79,199298,5.6903,0.6922,0.12164560743721774
27,2020-02-19,22.81,22.88,22.91,22.79,167654,5.9493,0.7422,0.12475417275982048
28,2020-02-20,22.84,23.03,23.07,22.77,232371,5.9423,0.7414,0.12476650455210944
29,2020-02-21,22.98,22.96,23.1,22.91,187778,5.9563,0.7431,0.12475865889898091
30,2020-02-24,22.91,22.77,22.98,22.74,233863,5.7813,0.7213,0.12476432636258282
31,2020-02-25,22.58,22.6,22.72,22.36,236354,5.8163,0.7256,0.12475284974984097
32,2020-02-26,22.41,22.67,22.93,22.41,251624,5.8723,0.7326,0.12475520664816171
33,2020-02-27,22.67,22.81,22.86,22.62,188464,5.8373,0.7283,0.12476658729206995
34,2020-02-28,22.58,22.34,22.79,22.32,297122,5.8023,0.7239,0.12476087068920945
35,2020-03-02,22.34,22.65,22.67,22.34,208654,5.8303,0.7274,0.12476201910707854
36,2020-03-03,22.77,22.72,22.81,22.65,209618,5.8093,0.7248,0.12476546227600571
37,2020-03-04,22.67,22.81,22.86,22.62,204444,5.7043,0.7117,0.12476552775976019
38,2020-03-05,22.86,23.07,23.17,22.79,347720,5.6973,0.7108,0.12476085163147455
39,2020-03-06,22.93,22.79,23.0,22.77,207932,5.7463,0.7169,0.124758540278092
40,2020-03-09,22.62,22.36,22.62,22.34,256086,5.7463,0.7169,0.124758540278092
41,2020-03-10,22.2,22.43,22.67,22.2,245486,5.7323,0.7152,0.12476667306316834
42,2020-03-11,22.39,22.32,22.48,22.32,182919,5.7463,0.7169,0.124758540278092
43,2020-03-12,22.25,22.17,22.32,22.03,214513,5.7743,0.7204,0.12475971113381709
44,2020-03-13,21.54,21.99,22.13,21.32,282567,5.7883,0.7222,0.12476893042862326
45,2020-03-16,22.13,21.56,22.13,21.54,255698,5.8583,0.7309,0.12476315654712118
46,2020-03-17,21.56,21.49,21.91,21.39,280088,5.9143,0.7379,0.12476539911739344
47,2020-03-18,21.61,21.28,21.7,21.28,196374,5.8233,0.7265,0.12475743993955318
48,2020-03-19,21.16,21.13,21.49,20.94,279837,5.8863,0.7344,0.12476428316599562
49,2020-03-20,21.23,21.23,21.58,21.23,265257,5.8653,0.7318,0.12476770156684226
50,2020-03-23,21.16,21.25,21.42,21.09,167724,5.8443,0.7291,0.12475403384494294
51,2020-03-24,21.32,21.75,21.89,21.32,246662,5.7953,0.723,0.1247562680102842
52,2020-03-25,22.06,21.8,22.08,21.7,183073,5.9003,0.7361,0.12475636832025491
53,2020-03-26,21.7,21.87,21.99,21.68,114410,5.9493,0.7422,0.12475417275982048
54,2020-03-27,21.87,21.73,21.94,21.7,136450,5.9493,0.7422,0.12475417275982048
55,2020-03-30,21.61,21.49,21.68,21.42,122090,5.8863,0.7344,0.12476428316599562
56,2020-03-31,21.65,21.46,21.75,21.42,116886,5.9073,0.737,0.12476088906945643
57,2020-04-01,21.51,21.39,21.63,21.37,102506,5.9213,0.7387,0.12475301031868004
58,2020-04-02,21.3,21.56,21.56,21.28,89137,5.8653,0.7318,0.12476770156684226
59,2020-04-03,21.54,21.58,21.73,21.49,87176,5.8653,0.7318,0.12476770156684226
60,2020-04-07,21.77,21.73,21.84,21.68,142998,5.8933,0.7353,0.12476880525342338
61,2020-04-08,21.63,21.58,21.73,21.58,80998,5.8513,0.73,0.12475860065284637
62,2020-04-09,21.68,21.58,21.73,21.56,59099,5.7533,0.7178,0.12476317939269636
63,2020-04-10,21.63,21.58,21.68,21.51,81520,5.7743,0.7204,0.12475971113381709
64,2020-04-13,21.54,21.63,21.65,21.51,66802,5.8513,0.73,0.12475860065284637
65,2020-04-14,21.65,21.77,21.77,21.63,101469,5.8653,0.7599,0.1295585903534346
66,2020-04-15,21.8,21.63,21.8,21.61,72561,5.8723,0.7608,0.12955741361987638
67,2020-04-16,21.51,21.58,21.63,21.51,81840,5.8723,0.7608,0.12955741361987638
68,2020-04-17,21.68,21.58,21.68,21.54,99796,5.9283,0.7681,0.1295649680346811
69,2020-04-20,21.63,21.46,21.63,21.46,111344,6.0052,0.7781,0.12957103843335777
70,2020-04-21,21.44,21.25,21.49,21.18,156113,6.1032,0.7908,0.12957137239480926
71,2020-04-22,21.28,21.16,21.28,21.11,135035,5.9703,0.7735,0.1295579786610388
72,2020-04-23,21.2,21.16,21.28,21.11,133196,5.8723,0.7608,0.12955741361987638
73,2020-04-24,21.18,21.06,21.23,21.02,108678,5.9003,0.7645,0.12956968289747978
74,2020-04-27,21.04,21.25,21.37,21.04,179644,5.8793,0.7617,0.1295562396883983
75,2020-04-28,21.3,21.16,21.32,21.02,146165,5.8443,0.7572,0.12956213746727582
76,2020-04-29,21.11,21.23,21.32,21.02,230320,5.8023,0.7518,0.1295693087224032
77,2020-04-30,21.3,21.3,21.42,21.23,272416,5.8373,0.7563,0.1295633255100817
78,2020-05-06,21.11,21.16,21.18,21.04,250949,5.8303,0.7554,0.1295645164056738
79,2020-05-07,21.16,21.06,21.18,21.06,158425,5.9143,0.7663,0.12956731988570075
80,2020-05-08,21.13,21.2,21.25,21.09,168762,5.8233,0.7545,0.1295657101643398
81,2020-05-11,21.23,21.16,21.3,21.16,186725,5.7953,0.7509,0.12957051403723707
82,2020-05-12,21.16,21.04,21.23,21.04,200311,5.8023,0.7518,0.1295693087224032
83,2020-05-13,21.06,20.97,21.09,20.92,195476,5.7813,0.749,0.12955563627557817
84,2020-05-14,20.94,20.97,20.99,20.9,197368,5.6763,0.7354,0.12955622500572556
85,2020-05-15,20.99,20.99,21.04,20.92,106566,5.6693,0.7345,0.12955744095390967
86,2020-05-18,20.97,20.97,21.02,20.92,115695,5.6903,0.7373,0.12957137585013093
87,2020-05-19,21.04,20.97,21.06,20.92,176232,5.8233,0.7545,0.1295657101643398
88,2020-05-20,20.97,20.92,20.99,20.85,186198,5.8723,0.7608,0.12955741361987638
89,2020-05-21,20.97,20.94,20.99,20.92,113528,5.8653,0.7599,0.1295585903534346
90,2020-05-22,20.92,20.9,20.97,20.87,148057,5.9143,0.7663,0.12956731988570075
91,2020-05-25,20.9,20.85,20.92,20.8,133474,5.7883,0.75,0.12957172226733238
92,2020-05-26,20.85,20.87,20.94,20.83,102635,5.8583,0.759,0.1295597698991175
93,2020-05-27,20.87,21.02,21.09,20.87,139347,5.9563,0.7717,0.12956029750012593
94,2020-05-28,21.09,21.16,21.18,21.04,171258,5.9842,0.7753,0.12955783563383574
95,2020-05-29,21.16,21.13,21.16,20.99,133766,6.0892,0.789,0.12957367141824871
96,2020-06-01,21.13,21.18,21.2,21.09,147479,6.0962,0.7899,0.12957252058659494
97,2020-06-02,21.18,21.28,21.3,21.09,153548,6.2572,0.8107,0.12956274371923543
98,2020-06-03,21.28,21.23,21.37,21.18,147060,6.3552,0.8234,0.12956319234642497
99,2020-06-04,21.28,21.16,21.28,21.13,84358,6.6212,0.8278,0.12502265450371533
100,2020-06-05,21.16,21.16,21.23,21.09,91116,6.7472,0.8436,0.12502964192553948
101,2020-06-08,21.2,21.16,21.25,21.11,105160,6.2292,0.7788,0.12502408013870162
102,2020-06-09,21.2,21.28,21.39,21.16,118027,5.9982,0.75,0.125037511253376
103,2020-06-10,21.3,21.32,21.37,21.23,123247,5.8583,0.7325,0.12503627332161207
104,2020-06-11,21.32,21.46,21.58,21.28,250566,5.8093,0.7263,0.12502366894462327
105,2020-06-12,21.37,21.56,22.01,21.3,526694,5.7463,0.7185,0.12503698031776972
106,2020-06-15,21.73,21.91,22.15,21.65,353944,5.7673,0.7211,0.12503251088030795
107,2020-06-16,22.01,21.75,22.1,21.73,149220,5.7323,0.7167,0.12502834813251223
108,2020-06-17,21.82,21.68,21.84,21.63,113122,5.7883,0.7237,0.12502807387315792
109,2020-06-18,21.61,21.61,21.73,21.51,127799,5.8233,0.7281,0.1250321982381124
110,2020-06-19,21.63,21.65,21.75,21.54,176659,5.8093,0.7263,0.12502366894462327
111,2020-06-22,21.73,21.54,21.75,21.54,151027,5.8303,0.729,0.12503644752414111
112,2020-06-23,21.56,21.35,21.58,21.35,131888,5.8513,0.7316,0.1250320441611266
113,2020-06-24,21.39,21.46,21.63,21.39,112411,5.9003,0.7377,0.12502754097249294
114,2020-06-29,21.61,21.39,21.73,21.39,137928,5.7953,0.7246,0.1250323538039446
115,2020-06-30,21.49,21.61,21.77,21.44,202762,5.7673,0.7211,0.12503251088030795
116,2020-07-01,21.7,21.77,21.8,21.56,174325,5.7253,0.7158,0.1250240162087576
117,2020-07-02,21.7,22.25,22.25,21.65,352680,5.7113,0.7141,0.12503282965349397
118,2020-07-03,22.27,23.03,23.03,22.27,496795,5.6763,0.7097,0.12502862780332258
119,2020-07-06,23.17,24.78,25.13,23.17,1242490,5.6763,0.7097,0.12502862780332258
120,2020-07-07,24.92,24.35,25.51,24.14,939415,5.6763,0.7097,0.12502862780332258
121,2020-07-08,24.21,24.4,24.52,23.93,731375,5.6973,0.7123,0.1250241342390255
122,2020-07-09,24.21,24.07,24.28,23.76,623599,5.7113,0.7141,0.12503282965349397
123,2020-07-10,23.9,23.52,24.45,23.4,534106,5.6833,0.7106,0.12503299139584398
124,2020-07-13,23.45,23.5,23.71,23.1,579502,5.6693,0.7088,0.12502425343516838
125,2020-07-14,23.5,23.14,23.55,23.05,476554,5.6763,0.7097,0.12502862780332258
126,2020-07-15,23.17,23.05,23.33,22.81,460099,5.6343,0.7045,0.12503771542161404
127,2020-07-16,22.98,22.72,23.24,22.67,475336,5.5923,0.6992,0.12502905781163387
128,2020-07-17,22.79,22.48,22.88,22.41,381998,5.5853,0.6983,0.1250246181941883
129,2020-07-20,22.58,22.91,22.98,22.51,344760,5.5993,0.7001,0.12503348632864822
130,2020-07-21,22.91,22.74,23.0,22.7,210881,5.6133,0.7018,0.12502449539486576
131,2020-07-22,22.74,22.77,23.07,22.65,254981,5.6063,0.701,0.12503790378681126
132,2020-07-23,22.67,22.6,22.77,22.34,267167,5.6203,0.7027,0.12502891304734623
133,2020-07-24,22.53,22.15,22.67,22.1,335994,5.6203,0.7027,0.12502891304734623
134,2020-07-27,22.2,22.08,22.27,22.03,143306,5.6273,0.7036,0.12503331970927442
135,2020-07-28,22.22,22.1,22.32,22.06,130036,5.6203,0.7027,0.12502891304734623
136,2020-07-29,22.08,22.46,22.48,22.06,197752,5.6203,0.7027,0.12502891304734623
137,2020-07-30,22.46,22.53,22.55,22.34,230578,5.6413,0.7053,0.12502437381454629
138,2020-07-31,22.53,22.51,22.74,22.39,270819,5.6763,0.7097,0.12502862780332258
139,2020-08-03,22.6,22.6,22.72,22.51,176362,5.6903,0.7115,0.12503734425249988
140,2020-08-04,22.65,22.91,23.05,22.51,381503,5.6483,0.7062,0.12502876971832233
141,2020-08-05,22.81,22.62,22.84,22.58,203376,5.6763,0.7097,0.12502862780332258
142,2020-08-06,22.65,22.65,22.74,22.48,166220,5.7183,0.715,0.12503716139412063
143,2020-08-07,22.62,22.53,22.77,22.46,165757,5.6973,0.7123,0.1250241342390255
144,2020-08-10,22.51,22.67,22.79,22.46,204584,5.6763,0.735,0.12948575656677763
145,2020-08-11,22.67,22.79,23.22,22.62,449700,5.7043,0.7386,0.129481268516733
146,2020-08-12,22.79,22.86,22.96,22.62,201322,6.3572,0.7314,0.11505065123010132
147,2020-08-13,22.91,22.77,22.91,22.72,139098,6.3887,0.735,0.11504687964687652
148,2020-08-14,22.77,23.1,23.12,22.7,310673,6.3887,0.735,0.11504687964687652
149,2020-08-17,23.1,23.55,23.78,23.07,712349,6.4203,0.7386,0.11504135320779403
150,2020-08-18,23.43,23.22,23.43,23.14,310428,6.4912,0.7468,0.11504806507271383
151,2020-08-19,23.17,22.96,23.33,22.93,231607,6.5305,0.7513,0.11504478983232524
152,2020-08-20,22.96,22.77,22.96,22.77,166018,6.5305,0.7513,0.11504478983232524
153,2020-08-21,22.86,22.77,22.88,22.7,137188,6.5463,0.7531,0.11504208484181905
154,2020-08-24,22.84,22.74,22.93,22.74,165164,6.5936,0.7586,0.11505095850521718
155,2020-08-25,22.84,22.7,22.88,22.62,135171,6.5463,0.7531,0.11504208484181905
156,2020-08-26,22.67,22.43,22.74,22.41,195896,6.5305,0.7513,0.11504478983232524
157,2020-08-27,22.46,22.36,22.48,22.32,164541,6.5305,0.7513,0.11504478983232524
158,2020-08-28,22.39,22.7,22.72,22.36,316534,6.5305,0.7513,0.11504478983232524
159,2020-08-31,22.79,22.84,23.05,22.74,433370,6.5778,0.7568,0.11505366535923865
160,2020-09-01,22.81,22.74,22.91,22.67,259275,6.5305,0.7513,0.11504478983232524
161,2020-09-02,22.77,22.74,22.84,22.48,259308,6.5227,0.7504,0.11504438346083676
162,2020-09-03,22.84,22.93,22.98,22.7,286460,6.4675,0.7441,0.11505218399690761
163,2020-09-04,22.77,22.88,22.96,22.74,180613,6.4912,0.7468,0.11504806507271383
164,2020-09-07,22.79,22.81,23.12,22.79,223725,6.499,0.7477,0.11504846899523005
165,2020-09-08,22.84,23.03,23.12,22.81,288389,6.5778,0.7568,0.11505366535923865
166,2020-09-09,22.93,23.03,23.17,22.86,264980,6.6251,0.7622,0.11504732004045222
167,2020-09-10,23.07,22.86,23.12,22.79,204732,6.6014,0.7595,0.11505135274335747
168,2020-09-11,22.91,22.51,22.93,22.46,293992,6.5857,0.7577,0.11505231030869915
169,2020-09-14,22.53,22.67,22.67,22.41,215212,6.4203,0.7386,0.11504135320779403
170,2020-09-15,22.67,22.74,22.79,22.53,214058,6.4124,0.7377,0.11504272971118458
171,2020-09-16,22.74,22.81,22.88,22.67,198658,6.3809,0.7341,0.11504646679935433
172,2020-09-17,22.79,22.6,22.79,22.58,166344,6.4281,0.7396,0.11505732642616015
173,2020-09-18,22.62,22.91,22.93,22.51,304753,6.499,0.7477,0.11504846899523005
174,2020-09-21,22.88,22.72,23.0,22.7,220921,6.5227,0.7504,0.11504438346083676
175,2020-09-22,22.67,22.48,22.79,22.43,303802,6.6645,0.7667,0.11504238877635231
176,2020-09-23,22.48,22.43,22.6,22.43,201516,6.7275,0.774,0.11505016722408028
177,2020-09-24,22.39,22.34,22.46,22.2,192001,6.7748,0.7794,0.11504398653834799
178,2020-09-25,22.43,22.29,22.43,22.25,122011,6.8141,0.784,0.11505554658722356
179,2020-09-28,22.27,22.34,22.41,22.25,106032,6.7905,0.7812,0.11504307488402916
180,2020-09-29,22.39,22.34,22.48,22.29,118366,6.9323,0.7976,0.11505560924945545
181,2020-09-30,22.34,22.17,22.46,22.1,175193,7.0268,0.8084,0.11504525530824843
182,2020-10-09,22.32,22.2,22.39,22.2,147904,6.9402,0.7985,0.11505432120111812
183,2020-10-12,22.25,22.55,22.62,22.25,250276,6.9087,0.7948,0.11504335113697223
184,2020-10-13,22.53,22.62,22.7,22.46,190612,6.885,0.7921,0.11504720406681192
185,2020-10-14,22.6,22.53,22.65,22.46,136307,6.7826,0.7803,0.1150443782620234
186,2020-10-15,22.51,22.65,22.81,22.46,254993,6.9402,0.7985,0.11505432120111812
187,2020-10-16,22.6,22.77,22.91,22.53,409105,6.8929,0.793,0.11504591681295247
188,2020-10-19,22.77,22.58,23.14,22.55,414997,6.8693,0.7903,0.1150481126170061
189,2020-10-20,22.58,22.46,22.6,22.39,230204,6.9244,0.7966,0.11504245855236554
190,2020-10-21,22.46,23.05,23.07,22.43,531419,6.9874,0.8039,0.1150499470475427
191,2020-10-22,23.0,23.0,23.14,22.79,321300,7.0111,0.8066,0.1150461411190826
192,2020-10-23,22.91,23.03,23.31,22.84,457703,6.9638,0.8012,0.11505212671242712
193,2020-10-26,22.74,22.15,22.74,22.15,656671,6.9481,0.7994,0.11505303608180653
194,2020-10-27,22.15,21.94,22.2,21.89,428579,6.9796,0.803,0.11504957304143505
195,2020-10-28,21.96,21.56,21.99,21.49,518683,6.8772,0.7912,0.11504682138079451
196,2020-10-29,21.42,21.46,21.54,21.35,329683,6.8535,0.7885,0.11505070401984387
197,2020-10-30,21.39,21.49,21.58,21.35,306096,6.8693,0.7903,0.1150481126170061
198,2020-11-02,21.44,21.46,21.51,21.37,342591,6.8141,0.784,0.11505554658722356
199,2020-11-03,21.49,21.54,21.63,21.44,217044,6.7669,0.7785,0.11504529400464024
200,2020-11-04,21.63,21.49,21.68,21.42,175022,6.7669,0.7785,0.11504529400464024
201,2020-11-05,21.54,21.56,21.63,21.49,225504,6.7669,0.7785,0.11504529400464024
202,2020-11-06,21.54,21.54,21.56,21.46,227996,6.7039,0.7713,0.11505243216635093
203,2020-11-09,21.56,21.73,21.75,21.51,294909,6.7039,0.7713,0.11505243216635093
204,2020-11-10,21.82,21.68,21.89,21.65,223138,6.5778,0.7568,0.11505366535923865
205,2020-11-11,21.51,21.7,21.8,21.51,215858,7.019,0.8075,0.11504487818777603
206,2020-11-12,21.58,21.54,21.68,21.54,177463,7.1686,0.8247,0.1150433836453422
207,2020-11-13,21.49,21.37,21.54,21.37,210183,7.1923,0.8275,0.1150535989878064
208,2020-11-16,21.32,21.44,21.49,21.32,205951,7.2159,0.8302,0.11505148352942807
209,2020-11-17,21.37,21.49,21.58,21.37,242555,7.1923,0.8275,0.1150535989878064
210,2020-11-18,21.54,21.65,21.77,21.44,318502,7.2159,0.8302,0.11505148352942807
211,2020-11-19,21.63,21.7,21.75,21.54,180533,7.2159,0.8302,0.11505148352942807
212,2020-11-20,21.65,21.63,21.7,21.56,164936,7.2395,0.8329,0.11504938186338835
213,2020-11-23,21.61,21.8,21.89,21.58,293092,7.2868,0.8571,0.11762364824065433
214,2020-11-24,21.8,21.7,21.84,21.7,202606,7.405,0.871,0.11762322754895341
215,2020-11-25,21.8,21.68,21.94,21.68,228905,7.3892,0.8691,0.11761760407080604
216,2020-11-26,21.65,21.75,21.82,21.63,151877,7.3735,0.8673,0.1176239235098664
217,2020-11-27,21.77,22.06,22.06,21.73,438849,7.4759,0.8793,0.11761794566540483
218,2020-11-30,22.13,22.01,22.55,21.94,744011,7.4365,0.8747,0.11762253748403148
219,2020-12-01,21.94,22.39,22.48,21.87,610055,7.4837,0.8802,0.11761561794299612
