,日期,开盘,收盘,最高,最低,成交量,pe,pb,roe
0,2020-01-03,9.99,10.01,10.09,9.95,197746,9.1296,1.5817,0.17324964949176308
1,2020-01-06,10.05,10.24,10.31,10.01,414110,8.9665,1.5534,0.17324485585233926
2,2020-01-07,10.14,10.37,10.46,10.14,471368,9.0523,1.5683,0.1732487876009412
3,2020-01-08,10.37,10.02,10.41,9.95,479233,9.0781,1.5727,0.17324109670525772
4,2020-01-09,10.07,10.04,10.11,9.98,318488,8.8977,1.5415,0.17324701889252278
5,2020-01-10,10.04,10.0,10.05,9.93,188913,9.0695,1.5713,0.17325100611941122
6,2020-01-13,10.0,10.03,10.07,9.87,226222,9.1983,1.5936,0.17324940478131828
7,2020-01-14,10.02,9.97,10.12,9.93,217297,8.683,1.5043,0.17324657376482783
8,2020-01-15,9.97,9.86,9.98,9.83,199724,8.4511,1.4641,0.17324371975245825
9,2020-01-16,9.9,9.69,10.0,9.66,280246,8.5027,1.4731,0.17325084973008573
10,2020-01-17,9.74,9.7,9.86,9.61,274005,8.4941,1.4716,0.17324966741620657
11,2020-01-20,9.7,9.74,9.81,9.6,281132,8.7603,1.5177,0.17324749152426286
12,2020-01-21,9.72,9.52,9.72,9.48,271596,8.537,1.479,0.17324587091484128
13,2020-01-22,9.48,9.63,9.67,9.38,249091,8.58,1.4864,0.17324009324009323
14,2020-01-23,9.59,9.4,9.6,9.36,330675,8.5456,1.4805,0.17324705111402358
15,2020-02-03,8.57,9.01,9.07,8.56,799061,8.3395,1.4448,0.17324779663049347
16,2020-02-04,8.9,8.93,9.31,8.81,516423,8.4855,1.4701,0.17324848270579224
17,2020-02-05,8.95,8.86,9.0,8.81,359412,8.1505,1.412,0.17324090546592236
18,2020-02-06,8.89,8.88,8.91,8.73,298964,8.0732,1.3987,0.17325224198582967
19,2020-02-07,8.82,8.87,8.91,8.74,298345,7.9959,1.3853,0.1732512912867845
20,2020-02-10,8.83,8.95,9.03,8.76,391385,7.9874,1.3838,0.17324786538798606
21,2020-02-11,9.0,9.15,9.24,8.97,409165,7.8929,1.3674,0.17324430817570222
22,2020-02-12,9.15,9.19,9.24,9.06,256124,7.515,1.4475,0.19261477045908185
23,2020-02-13,9.15,9.15,9.22,9.11,216032,7.5493,1.4541,0.19261388473103466
24,2020-02-14,9.14,9.18,9.18,9.0,164368,7.661,1.4756,0.1926119305573685
25,2020-02-17,9.14,9.22,9.23,9.13,383000,7.6095,1.4657,0.19261449503909586
26,2020-02-18,9.21,9.11,9.21,9.08,269121,7.6524,1.474,0.1926193089749621
27,2020-02-19,9.1,9.06,9.14,9.05,192195,7.661,1.4756,0.1926119305573685
28,2020-02-20,9.04,9.15,9.16,8.99,322917,7.7383,1.4905,0.1926133646925035
29,2020-02-21,9.11,9.09,9.14,9.06,189155,7.7984,1.5021,0.19261643414033647
30,2020-02-24,9.05,9.06,9.1,8.99,270631,7.8757,1.517,0.1926177990527826
31,2020-02-25,8.96,8.87,9.01,8.83,312210,7.8671,1.5153,0.19261227135793368
32,2020-02-26,8.81,8.97,9.05,8.76,353619,8.0303,1.5468,0.19262045004545283
33,2020-02-27,9.05,9.11,9.28,9.04,430047,7.8242,1.5071,0.19262033179110963
34,2020-02-28,8.94,8.91,9.04,8.83,334124,7.8328,1.5087,0.19261311408436319
35,2020-03-02,8.94,9.16,9.24,8.93,361008,7.953,1.5319,0.19261913743241543
36,2020-03-03,9.25,9.13,9.3,9.07,354025,7.7211,1.4872,0.19261504189817513
37,2020-03-04,9.1,9.22,9.25,9.04,334963,7.6438,1.4723,0.1926136214971611
38,2020-03-05,9.25,9.29,9.39,9.21,356568,7.2058,1.388,0.19262260956451746
39,2020-03-06,9.2,9.13,9.23,9.09,226396,7.4119,1.4277,0.19262267434800792
40,2020-03-09,8.95,8.82,8.95,8.82,414400,7.4978,1.4442,0.19261650084024648
41,2020-03-10,8.71,8.95,9.01,8.7,291719,7.4291,1.431,0.192620909666043
42,2020-03-11,8.95,8.84,8.98,8.79,280276,7.326,1.4111,0.19261534261534263
43,2020-03-12,8.76,8.71,8.81,8.66,303844,7.4291,1.431,0.192620909666043
44,2020-03-13,8.39,8.57,8.76,8.32,259567,7.369,1.4194,0.19261772289320125
45,2020-03-16,8.56,8.36,8.61,8.35,236223,7.6696,1.4773,0.1926176071763847
46,2020-03-17,8.42,8.29,8.49,8.21,220669,7.7984,1.5021,0.19261643414033647
47,2020-03-18,8.34,8.14,8.36,8.1,196401,7.2745,1.4012,0.19261804935047083
48,2020-03-19,8.08,7.85,8.11,7.72,307087,7.369,1.4194,0.19261772289320125
49,2020-03-20,7.94,7.96,8.01,7.88,199197,7.2659,1.3995,0.19261206457562036
50,2020-03-23,7.84,7.94,8.03,7.79,225827,7.2745,1.4012,0.19261804935047083
51,2020-03-24,8.08,8.22,8.23,8.03,195724,7.3518,1.4161,0.19261949454555347
52,2020-03-25,8.37,8.34,8.37,8.22,155327,7.3518,1.4161,0.19261949454555347
53,2020-03-26,8.33,8.26,8.34,8.21,117369,7.0941,1.3665,0.19262485727576437
54,2020-03-27,8.31,8.3,8.35,8.23,101386,7.2402,1.3946,0.1926189884257341
55,2020-03-30,8.24,8.38,8.53,8.22,164285,6.8708,1.3234,0.19261221400710252
56,2020-03-31,8.42,8.49,8.64,8.4,230534,6.9567,1.34,0.1926200641108572
57,2020-04-01,8.53,8.51,8.66,8.49,215457,6.9396,1.3367,0.1926191711337829
58,2020-04-02,8.54,8.65,8.66,8.5,159147,6.9396,1.3367,0.1926191711337829
59,2020-04-03,8.7,8.51,8.7,8.48,176540,7.0083,1.3499,0.19261447141246807
60,2020-04-07,8.6,8.53,8.62,8.48,225405,6.9825,1.345,0.19262441818832796
61,2020-04-08,8.52,8.54,8.57,8.44,101424,7.0254,1.3532,0.1926153670965354
62,2020-04-09,8.55,8.48,8.55,8.47,57797,6.8537,1.3201,0.1926112902519807
63,2020-04-10,8.46,8.41,8.5,8.4,69171,6.6991,1.2904,0.1926228896418922
64,2020-04-13,8.39,8.4,8.47,8.36,69959,6.6647,1.3489,0.20239470643839932
65,2020-04-14,8.42,8.62,8.63,8.41,151009,6.8107,1.3784,0.20238741979532207
66,2020-04-15,8.64,8.48,8.64,8.47,67685,6.8021,1.3767,0.20239337851545847
67,2020-04-16,8.53,8.49,8.57,8.46,76728,6.742,1.3645,0.2023880154256897
68,2020-04-17,8.51,8.56,8.61,8.49,96987,6.8794,1.3923,0.2023868360612844
69,2020-04-20,8.56,8.52,8.61,8.5,102139,6.888,1.3941,0.20239547038327524
70,2020-04-21,8.51,8.29,8.51,8.28,179233,6.8623,1.3888,0.2023811258615916
71,2020-04-22,8.28,8.11,8.29,8.09,336352,6.6819,1.3523,0.20238255585986023
72,2020-04-23,8.14,8.09,8.17,8.06,162305,6.6304,1.3419,0.20238597972972974
73,2020-04-24,8.12,8.22,8.23,8.09,245468,6.5788,1.3315,0.20239253359275244
74,2020-04-27,8.14,8.34,8.47,8.14,178934,6.6475,1.3454,0.20239187664535538
75,2020-04-28,8.42,8.39,8.46,8.29,175046,6.6733,1.3506,0.2023886233197968
76,2020-04-29,8.42,8.37,8.47,8.27,131481,6.6132,1.3384,0.2023831125627533
77,2020-04-30,8.39,8.55,8.61,8.31,304356,6.7248,1.361,0.20238520104687127
78,2020-05-06,8.41,8.33,8.51,8.21,396084,6.7248,1.361,0.20238520104687127
79,2020-05-07,8.31,8.24,8.32,8.15,204474,6.8623,1.3888,0.2023811258615916
80,2020-05-08,8.22,8.35,8.37,8.21,162159,6.9567,1.408,0.20239481363290066
81,2020-05-11,8.35,8.44,8.51,8.35,178586,6.9481,1.4062,0.20238626387069844
82,2020-05-12,8.49,8.42,8.51,8.36,140610,6.9138,1.3993,0.20239231681564407
83,2020-05-13,8.42,8.28,8.42,8.22,151997,6.931,1.4027,0.20238060885875056
84,2020-05-14,8.26,8.21,8.26,8.2,111794,6.9396,1.4045,0.20238918669663958
85,2020-05-15,8.21,8.22,8.26,8.2,80181,6.9052,1.3975,0.2023837108266234
86,2020-05-18,8.25,8.22,8.34,8.2,226382,6.8193,1.3802,0.20239614036631326
87,2020-05-19,8.33,8.36,8.45,8.28,317155,6.8794,1.3923,0.2023868360612844
88,2020-05-20,8.41,8.4,8.56,8.28,380337,6.8107,1.3784,0.20238741979532207
89,2020-05-21,8.4,8.36,8.49,8.35,199779,6.8708,1.3906,0.2023927344705129
90,2020-05-22,8.38,8.19,8.4,8.18,211013,6.7592,1.368,0.20239081548112203
91,2020-05-25,8.19,8.33,8.34,8.15,213154,6.4844,1.3124,0.20239343655542533
92,2020-05-26,8.35,8.25,8.35,8.21,183416,6.5531,1.3263,0.20239276067815234
93,2020-05-27,8.23,8.26,8.31,8.18,159390,6.6905,1.3541,0.20239145056423288
94,2020-05-28,8.27,8.22,8.32,8.2,124553,6.9396,1.4045,0.20238918669663958
95,2020-05-29,8.24,8.18,8.24,8.12,205365,6.8279,1.3819,0.2023901931779903
96,2020-06-01,8.16,8.26,8.29,8.15,275246,6.7592,1.368,0.20239081548112203
97,2020-06-02,8.26,8.23,8.27,8.18,228339,7.3862,1.4094,0.19081530421597034
98,2020-06-03,8.25,8.25,8.34,8.21,294319,7.1886,1.3717,0.19081601424477643
99,2020-06-04,8.28,8.17,8.29,8.15,220234,7.0426,1.3438,0.19081021213756283
100,2020-06-05,8.17,8.14,8.19,8.11,176270,7.2573,1.3848,0.19081476582199994
101,2020-06-08,8.17,8.16,8.21,8.13,255540,6.8623,1.3094,0.19081066114859446
102,2020-06-09,8.16,8.19,8.2,8.13,223616,6.6475,1.2684,0.19080857465212486
103,2020-06-10,8.18,8.1,8.19,8.1,251297,6.2782,1.198,0.19081902456117994
104,2020-06-11,8.13,8.07,8.13,8.06,224787,6.1924,1.1816,0.19081454686389768
105,2020-06-12,8.0,8.05,8.05,7.97,229866,6.1494,1.1734,0.19081536410056266
106,2020-06-15,8.02,7.94,8.04,7.94,250996,6.2353,1.1898,0.19081680111622537
107,2020-06-16,7.97,8.03,8.05,7.94,222553,6.1322,1.1701,0.19081243273213527
108,2020-06-17,8.02,8.06,8.1,8.02,237368,6.2095,1.1849,0.19082051694983493
109,2020-06-18,8.07,8.26,8.34,8.03,583669,6.2611,1.1947,0.1908131159061507
110,2020-06-19,8.26,8.3,8.34,8.24,388561,6.2267,1.1881,0.19080732972521558
111,2020-06-22,8.31,8.24,8.34,8.21,224003,6.0549,1.1554,0.1908206576491767
112,2020-06-23,8.24,8.15,8.25,8.13,171297,6.0292,1.1504,0.19080475021561732
113,2020-06-24,8.21,8.27,8.29,8.14,213622,5.9519,1.1357,0.19081301769182948
114,2020-06-29,8.23,8.17,8.23,8.15,159801,6.0463,1.1537,0.19081090915105106
115,2020-06-30,8.21,8.22,8.26,8.16,159773,6.0635,1.157,0.19081388636925867
116,2020-07-01,8.25,8.32,8.33,8.21,260009,6.0893,1.1619,0.1908101095363999
117,2020-07-02,8.33,8.75,8.8,8.32,883886,6.1666,1.1767,0.19081827911653101
118,2020-07-03,8.8,9.0,9.21,8.75,800969,6.1408,1.1717,0.1908057582073997
119,2020-07-06,9.2,9.46,9.53,9.18,827310,6.1236,1.1685,0.19081912600431122
120,2020-07-07,9.71,9.21,9.78,9.21,715295,6.1494,1.1734,0.19081536410056266
121,2020-07-08,9.16,9.38,9.43,9.14,564620,6.2181,1.1865,0.19081391421816957
122,2020-07-09,9.37,9.61,9.76,9.2,897468,6.2009,1.1832,0.1908110113048106
123,2020-07-10,9.6,9.24,9.6,9.21,631396,6.2267,1.1881,0.19080732972521558
124,2020-07-13,9.23,9.32,9.4,9.14,508115,6.158,1.175,0.19080870412471582
125,2020-07-14,9.31,9.45,9.51,9.18,555780,6.1924,1.1816,0.19081454686389768
126,2020-07-15,9.47,9.16,9.49,9.15,582726,6.2267,1.1881,0.19080732972521558
127,2020-07-16,9.19,9.0,9.32,8.96,527091,6.2181,1.1865,0.19081391421816957
128,2020-07-17,9.01,8.92,9.14,8.86,323702,6.2868,1.1996,0.19081249602341413
129,2020-07-20,8.94,9.24,9.32,8.94,493287,6.1666,1.1767,0.19081827911653101
130,2020-07-21,9.39,9.37,9.55,9.27,717478,6.3126,1.2045,0.19080885847352913
131,2020-07-22,9.37,9.3,9.48,9.27,420411,6.3469,1.2111,0.1908175644802975
132,2020-07-23,9.27,9.38,9.4,9.13,392022,6.3126,1.2045,0.19080885847352913
133,2020-07-24,9.42,9.31,9.6,9.17,623513,6.1924,1.1816,0.19081454686389768
134,2020-07-27,9.36,9.41,9.44,9.2,346564,6.1924,1.1816,0.19081454686389768
135,2020-07-28,9.47,9.45,9.63,9.28,419734,6.1838,1.1799,0.19080500663022737
136,2020-07-29,9.38,9.44,9.45,9.24,336507,6.2439,1.1914,0.1908102307852464
137,2020-07-30,9.47,9.42,9.5,9.35,237821,6.3641,1.2144,0.19082038308637514
138,2020-07-31,9.43,9.46,9.51,9.35,367393,6.3813,1.2176,0.19080751570996504
139,2020-08-03,9.44,9.47,9.5,9.38,472886,6.304,1.2029,0.19081535532994925
140,2020-08-04,9.49,9.36,9.52,9.34,427401,6.2095,1.1849,0.19082051694983493
141,2020-08-05,9.33,9.2,9.36,9.15,508951,6.2868,1.1996,0.19081249602341413
142,2020-08-06,9.25,9.2,9.27,9.13,346895,6.4758,1.2357,0.1908181228574076
143,2020-08-07,9.18,9.07,9.23,9.06,314110,6.6953,1.2646,0.18887876570131287
144,2020-08-10,9.09,9.14,9.18,8.97,323096,6.7135,1.2681,0.1888880613688836
145,2020-08-11,9.15,9.11,9.21,9.04,359672,6.668,1.2595,0.1888872225554889
146,2020-08-12,9.07,9.03,9.09,8.96,308563,6.5588,1.2388,0.1888760139049826
147,2020-08-13,9.07,9.09,9.22,9.06,291109,6.4406,1.2165,0.18887991802006024
148,2020-08-14,9.1,9.15,9.17,9.0,278511,6.4588,1.2199,0.18887409425899548
149,2020-08-17,9.18,9.36,9.42,9.12,584279,6.6225,1.2509,0.18888637221593055
150,2020-08-18,9.37,9.39,9.52,9.34,492247,6.8317,1.2904,0.18888417231435808
151,2020-08-19,9.35,9.38,9.47,9.29,373375,6.8681,1.2973,0.18888775643918987
152,2020-08-20,9.36,9.22,9.5,9.18,474438,6.8044,1.2852,0.18887778496267119
153,2020-08-21,9.29,9.29,9.33,9.19,366091,6.7953,1.2835,0.18888054979176785
154,2020-08-24,9.31,9.3,9.42,9.27,275166,6.9227,1.3076,0.18888583934014186
155,2020-08-25,9.3,9.13,9.32,9.07,412310,6.7226,1.2698,0.18888525272959866
156,2020-08-26,9.14,9.17,9.26,9.13,344671,6.7317,1.2715,0.1888824516838243
157,2020-08-27,9.25,9.35,9.5,9.24,514102,6.7953,1.2835,0.18888054979176785
158,2020-08-28,9.36,9.55,9.55,9.3,620685,6.8499,1.2938,0.18887866976160236
159,2020-08-31,9.59,9.5,9.68,9.46,574774,6.8408,1.2921,0.18888141737808445
160,2020-09-01,9.51,9.53,9.57,9.44,241041,6.8226,1.2887,0.1888869345997127
161,2020-09-02,9.53,9.45,9.55,9.42,282178,6.95,1.3127,0.18887769784172662
162,2020-09-03,9.5,9.45,9.61,9.43,315291,6.8226,1.2887,0.1888869345997127
163,2020-09-04,9.37,9.47,9.48,9.33,223795,6.8044,1.2852,0.18887778496267119
164,2020-09-07,9.47,9.37,9.52,9.37,281936,6.7044,1.2663,0.18887596205477
165,2020-09-08,9.39,9.8,9.88,9.38,860917,6.6316,1.2526,0.18888352735388142
166,2020-09-09,9.72,9.63,9.93,9.62,580137,6.5952,1.2457,0.18887979136341582
167,2020-09-10,9.73,9.93,10.08,9.7,847331,6.668,1.2595,0.1888872225554889
168,2020-09-11,9.84,9.93,10.11,9.73,567336,6.5588,1.2388,0.1888760139049826
169,2020-09-14,9.9,9.84,10.05,9.77,398217,6.3041,1.1907,0.18887707999555847
170,2020-09-15,9.83,9.83,9.9,9.72,235243,6.3223,1.1942,0.18888695569650282
171,2020-09-16,9.83,9.95,10.05,9.75,339927,6.2222,1.1753,0.18888817460062357
172,2020-09-17,9.91,9.84,10.05,9.8,382322,6.486,1.2251,0.18888374961455445
173,2020-09-18,9.88,10.45,10.53,9.88,997748,6.6225,1.2509,0.18888637221593055
174,2020-09-21,10.49,10.3,10.56,10.23,738719,6.6862,1.2629,0.18888157697945018
175,2020-09-22,10.26,9.95,10.26,9.91,668316,6.8772,1.299,0.18888501134182514
176,2020-09-23,10.02,10.02,10.11,9.93,400963,7.0046,1.323,0.18887588156354396
177,2020-09-24,9.88,9.9,10.04,9.82,370267,7.1228,1.3454,0.18888639299152019
178,2020-09-25,9.99,10.02,10.13,9.97,437279,7.2229,1.3643,0.18888535075939028
179,2020-09-28,10.17,10.1,10.28,10.05,426703,7.1046,1.3419,0.18887762857866736
180,2020-09-29,10.1,10.0,10.15,9.98,323134,7.3866,1.3952,0.18888257114233883
181,2020-09-30,9.98,9.76,10.01,9.73,387687,7.5322,1.4227,0.18888239823690292
182,2020-10-09,10.04,10.27,10.46,10.03,889281,7.4685,1.4107,0.188886657293968
183,2020-10-12,10.39,10.36,10.43,10.24,539233,7.3866,1.3952,0.18888257114233883
184,2020-10-13,10.42,10.63,10.66,10.35,596518,7.4139,1.4004,0.1888884392829685
185,2020-10-14,10.55,10.49,10.56,10.42,376087,7.1865,1.3574,0.1888819313991512
186,2020-10-15,10.53,10.48,10.83,10.45,625961,7.3684,1.3918,0.1888876825362358
187,2020-10-16,10.56,10.72,10.79,10.43,611166,7.2411,1.4116,0.1949427573158774
188,2020-10-19,10.75,10.53,10.87,10.51,452677,7.1501,1.3938,0.19493433658270512
189,2020-10-20,10.5,10.54,10.64,10.43,280622,7.323,1.4275,0.19493377031271336
190,2020-10-21,10.53,10.45,10.53,10.37,262017,7.3502,1.4328,0.19493347119806265
191,2020-10-22,10.42,10.38,10.5,10.28,357915,7.4048,1.4435,0.19494111927398444
192,2020-10-23,10.37,10.29,10.41,10.26,261428,7.323,1.4275,0.19493377031271336
193,2020-10-26,10.25,10.28,10.3,10.06,294521,7.3684,1.4364,0.1949405569730199
194,2020-10-27,10.2,10.23,10.27,10.15,197984,7.4685,1.4559,0.19493874271942158
195,2020-10-28,10.24,10.29,10.31,10.12,286555,7.4321,1.4488,0.19493817359831003
196,2020-10-29,10.14,10.16,10.2,10.06,293285,7.4048,1.4435,0.19494111927398444
197,2020-10-30,10.18,10.12,10.36,10.07,314264,7.4412,1.4506,0.1949416760737515
198,2020-11-02,10.12,10.56,10.58,10.08,727258,7.4048,1.4435,0.19494111927398444
199,2020-11-03,10.58,10.67,10.72,10.54,435182,7.2229,1.408,0.1949355522020241
200,2020-11-04,10.72,10.68,10.75,10.57,306378,7.1501,1.3938,0.19493433658270512
201,2020-11-05,10.71,10.77,10.91,10.69,447632,7.1592,1.3956,0.1949379818974187
202,2020-11-06,10.77,10.86,10.97,10.72,400876,7.141,1.392,0.19493068197731409
203,2020-11-09,10.9,11.25,11.35,10.78,745632,7.2047,1.4045,0.19494219051452524
204,2020-11-10,11.26,11.08,11.34,11.0,491251,7.2775,1.4186,0.19492957746478876
205,2020-11-11,11.11,11.32,11.55,11.02,677215,7.6322,1.4878,0.1949372395901575
206,2020-11-12,11.33,11.36,11.48,11.11,376815,7.8415,1.5286,0.19493719313906777
207,2020-11-13,11.38,11.31,11.4,11.17,333174,7.7414,1.5091,0.19493889994057925
208,2020-11-16,11.38,11.57,11.62,11.26,691330,7.9415,1.5481,0.19493798400805895
209,2020-11-17,11.56,11.26,11.66,11.17,565097,7.9052,1.541,0.19493497950715985
210,2020-11-18,11.2,11.27,11.35,11.01,398425,7.8961,1.5392,0.19493167513076076
211,2020-11-19,11.23,11.21,11.37,11.12,300231,8.0507,1.5694,0.19493957047213284
212,2020-11-20,11.21,11.48,11.51,11.19,500840,8.1508,1.5889,0.19493792020415174
213,2020-11-23,11.72,12.08,12.16,11.5,1130880,8.2053,1.5995,0.1949349810488343
214,2020-11-24,11.98,11.93,11.98,11.7,679077,8.1781,1.5942,0.19493525390983235
215,2020-11-25,12.03,11.73,12.13,11.73,472321,8.2144,1.6013,0.19493815738215817
216,2020-11-26,11.66,11.94,11.98,11.64,402349,8.1963,1.5978,0.19494161999926796
217,2020-11-27,11.94,11.91,12.06,11.69,395314,8.5146,1.6598,0.194935757404928
218,2020-11-30,11.92,11.81,12.35,11.81,984578,8.3964,1.6368,0.19494068886665714
219,2020-12-01,11.94,12.0,12.06,11.82,571928,8.1872,1.596,0.19493844049247605
