,日期,开盘,收盘,最高,最低,成交量,pe,pb,roe
0,2020-01-03,20.35,20.52,20.59,20.31,388806,19.8962,1.3851,0.06961630864185121
1,2020-01-06,20.35,20.71,21.04,20.32,608640,19.3083,1.3442,0.06961772916310603
2,2020-01-07,20.78,20.73,20.93,20.55,323597,19.5352,1.36,0.0696179204717638
3,2020-01-08,20.49,20.32,20.56,20.26,399607,19.2464,1.3399,0.06961821431540444
4,2020-01-09,20.58,20.54,20.68,20.45,266967,19.1535,1.3334,0.06961651917404128
5,2020-01-10,20.77,20.59,20.9,20.47,284312,19.3805,1.3492,0.06961636696679652
6,2020-01-13,20.54,20.77,20.77,20.3,268103,19.5145,1.3586,0.06962002613441287
7,2020-01-14,20.79,20.6,20.87,20.56,246767,18.8854,1.3148,0.06961991803191883
8,2020-01-15,20.55,20.4,20.64,20.39,162245,18.8647,1.3133,0.06961679751069458
9,2020-01-16,20.49,20.31,20.5,20.25,236394,18.8132,1.3097,0.06961601428784046
10,2020-01-17,20.42,20.34,20.58,20.28,206264,18.7203,1.3033,0.06961961079683551
11,2020-01-20,20.32,20.69,20.8,20.28,256258,18.7307,1.304,0.06961832713139392
12,2020-01-21,20.57,20.19,20.66,20.15,333808,18.6172,1.2961,0.0696184173774789
13,2020-01-22,20.14,20.11,20.26,19.65,478559,18.9576,1.3198,0.06961851711187071
14,2020-01-23,19.85,19.26,19.87,19.17,480679,19.2773,1.342,0.06961555819539043
15,2020-02-03,17.5,17.5,17.68,17.5,550127,19.5042,1.3578,0.0696157750638324
16,2020-02-04,17.47,17.8,17.93,17.47,773684,19.7105,1.3722,0.06961771644554933
17,2020-02-05,17.84,18.03,18.4,17.73,511895,19.267,1.3413,0.06961644262209996
18,2020-02-06,18.11,18.4,18.53,17.95,477987,19.1535,1.3334,0.06961651917404128
19,2020-02-07,18.36,18.43,18.5,18.23,324704,18.8338,1.3112,0.06961951385275408
20,2020-02-10,18.29,18.54,18.67,18.24,297534,18.9885,1.3219,0.06961582010164048
21,2020-02-11,18.56,18.46,18.84,18.43,334626,18.5347,1.2903,0.06961537008961569
22,2020-02-12,18.44,18.61,18.72,18.34,308288,18.9782,1.3212,0.06961671812922195
23,2020-02-13,18.6,18.36,18.66,18.3,273341,19.3495,1.3471,0.06961937000956098
24,2020-02-14,18.35,18.67,18.69,18.31,422573,18.8132,1.3413,0.07129568600769673
25,2020-02-17,19.38,19.44,19.49,18.99,544416,18.6172,1.3273,0.0712942870034162
26,2020-02-18,19.33,19.29,19.5,19.19,321845,18.6688,1.331,0.07129542338018512
27,2020-02-19,19.29,19.28,19.57,19.24,358963,18.906,1.3479,0.07129482703903524
28,2020-02-20,19.34,20.15,20.19,19.25,796203,18.9266,1.3494,0.07129648219965551
29,2020-02-21,20.09,20.27,20.71,19.99,720365,18.9576,1.3516,0.0712959446343419
30,2020-02-24,20.16,20.11,20.37,19.96,667484,18.9782,1.353,0.07129232487801793
31,2020-02-25,19.71,20.02,20.1,19.43,578093,19.0917,1.3611,0.0712927607284841
32,2020-02-26,19.76,19.88,20.22,19.7,514090,19.2567,1.3729,0.07129466627199885
33,2020-02-27,20.0,19.91,20.28,19.77,355866,19.1948,1.3685,0.07129535082418155
34,2020-02-28,19.5,18.69,19.5,18.69,777239,19.1845,1.3677,0.07129192837968151
35,2020-03-02,18.91,19.92,20.21,18.84,856789,19.3495,1.3795,0.07129383188196077
36,2020-03-03,20.17,19.94,20.41,19.86,608226,19.5971,1.3972,0.07129626322261967
37,2020-03-04,19.79,20.3,20.31,19.75,633687,19.1215,1.3634,0.07130193760949716
38,2020-03-05,20.5,20.73,20.98,20.23,832707,18.8121,1.3413,0.07129985488063532
39,2020-03-06,20.4,20.16,20.57,20.15,473633,18.9875,1.3538,0.07129953917050691
40,2020-03-09,19.84,19.58,19.85,19.39,636304,18.9771,1.3531,0.07130172681811235
41,2020-03-10,19.49,20.03,20.15,19.39,516970,19.0803,1.3604,0.07129866930813457
42,2020-03-11,20.03,19.49,20.06,19.49,394912,18.7296,1.3354,0.07129890654365281
43,2020-03-12,19.3,19.24,19.4,19.03,380338,18.9359,1.3501,0.07129843313494474
44,2020-03-13,18.47,19.03,19.25,18.35,561887,19.1009,1.3619,0.07130030522121995
45,2020-03-16,19.1,18.26,19.1,18.16,515442,19.1937,1.3685,0.07129943679436482
46,2020-03-17,18.49,18.15,18.68,17.68,582963,19.3897,1.3825,0.0713007421466036
47,2020-03-18,18.22,17.79,18.34,17.71,445886,18.6677,1.331,0.07129962448507314
48,2020-03-19,17.8,17.86,18.02,17.47,510085,18.9668,1.3523,0.07129826855347239
49,2020-03-20,17.94,17.98,18.08,17.73,316241,18.9875,1.3538,0.07129953917050691
50,2020-03-23,17.52,17.54,17.83,17.44,321385,18.9256,1.3494,0.07130024939764129
51,2020-03-24,17.84,18.01,18.07,17.65,351126,18.9049,1.3479,0.07129897539791272
52,2020-03-25,18.33,18.29,18.45,18.15,331838,18.9875,1.3538,0.07129953917050691
53,2020-03-26,18.24,17.99,18.27,17.96,239764,19.2866,1.3751,0.07129820704530607
54,2020-03-27,18.2,18.06,18.35,17.98,275587,19.6166,1.3987,0.07130185659084654
55,2020-03-30,17.89,17.97,18.05,17.71,194330,19.1009,1.3619,0.07130030522121995
56,2020-03-31,18.14,17.97,18.17,17.96,162221,19.3691,1.381,0.07129913109024168
57,2020-04-01,17.96,18.02,18.24,17.91,199943,19.6372,1.4001,0.07129835210722506
58,2020-04-02,17.93,18.24,18.24,17.9,176164,19.9157,1.42,0.07130053174128953
59,2020-04-03,18.14,18.04,18.19,18.0,149299,20.0498,1.4295,0.07129746930143942
60,2020-04-07,18.34,18.38,18.46,18.24,276285,19.9466,1.4222,0.0713003719932219
61,2020-04-08,18.31,18.33,18.38,18.24,134480,20.3179,1.4487,0.07130166011251163
62,2020-04-09,18.44,18.34,18.55,18.32,201853,19.8847,1.4178,0.07130105055645798
63,2020-04-10,18.34,18.17,18.39,18.14,168926,19.9466,1.4222,0.0713003719932219
64,2020-04-13,18.12,17.98,18.13,17.94,145241,20.0601,1.4303,0.07130074127247621
65,2020-04-14,18.03,18.31,18.45,17.99,264407,19.9982,1.4259,0.07130141712754147
66,2020-04-15,18.26,18.29,18.48,18.22,231172,20.1529,1.4369,0.07129991217144928
67,2020-04-16,18.15,18.58,18.7,18.15,400897,19.8229,1.4134,0.07130137366379288
68,2020-04-17,18.67,18.44,18.72,18.39,251234,20.091,1.4325,0.0713005823503061
69,2020-04-20,18.48,18.57,18.6,18.37,172797,20.2663,1.445,0.07130063208380415
70,2020-04-21,18.46,18.38,18.52,18.28,194405,20.5242,1.4634,0.07130119566170667
71,2020-04-22,18.32,18.47,18.48,18.28,148500,19.596,1.3972,0.0713002653602776
72,2020-04-23,18.51,18.39,18.53,18.35,132756,19.0493,1.3582,0.07129920784490769
73,2020-04-24,18.41,18.21,18.43,18.1,156948,18.7193,1.3543,0.07234779078277499
74,2020-04-27,18.23,18.22,18.44,18.2,138501,19.204,1.3505,0.07032389085607166
75,2020-04-28,18.32,18.31,18.48,18.09,204666,19.4928,1.3708,0.07032340146105229
76,2020-04-29,18.25,18.43,18.44,18.25,120794,19.1834,1.349,0.07032121521732332
77,2020-04-30,18.43,18.61,18.7,18.39,294424,19.7507,1.3889,0.07032155822325285
78,2020-05-06,18.19,18.39,18.39,18.09,409076,19.3381,1.3599,0.07032231708389139
79,2020-05-07,18.29,18.16,18.33,18.11,249832,19.5444,1.3744,0.07032193364851314
80,2020-05-08,18.22,18.37,18.52,18.15,307775,19.5031,1.3715,0.07032215391399316
81,2020-05-11,18.38,18.2,18.45,18.17,247078,19.0597,1.3403,0.07032114881136639
82,2020-05-12,18.23,17.97,18.24,17.9,291223,18.9771,1.3345,0.07032159813670161
83,2020-05-13,17.9,17.97,18.04,17.87,163566,19.4619,1.3686,0.07032201378077166
84,2020-05-14,17.93,17.8,17.99,17.74,181004,18.8327,1.3244,0.07032448878811855
85,2020-05-15,17.89,17.79,17.93,17.78,121847,18.9875,1.3352,0.07031994733377221
86,2020-05-18,17.79,17.78,17.89,17.74,174192,18.9256,1.3309,0.07032273745614406
87,2020-05-19,17.89,17.84,17.93,17.79,153728,19.7919,1.3918,0.0703216972599902
88,2020-05-20,17.81,17.79,17.89,17.77,131856,20.0601,1.4107,0.07032367734956457
89,2020-05-21,17.84,17.66,17.89,17.65,158719,20.0291,1.4085,0.0703226804998727
90,2020-05-22,17.61,17.4,17.67,17.4,258056,20.1735,1.4187,0.07032493122165216
91,2020-05-25,17.43,17.39,17.5,17.34,129658,19.4825,1.3701,0.07032465032721673
92,2020-05-26,17.47,17.5,17.53,17.41,124999,19.9569,1.4034,0.07032154292500338
93,2020-05-27,17.5,17.41,17.55,17.39,104449,20.8542,1.4665,0.07032156591957496
94,2020-05-28,17.46,17.47,17.68,17.4,197726,21.4627,1.5093,0.07032200049388009
95,2020-05-29,17.4,17.36,17.46,17.35,158447,21.5143,1.5129,0.07032067043780184
96,2020-06-01,17.64,17.8,17.86,17.57,455527,21.2668,1.4955,0.07032087573118664
97,2020-06-02,17.75,17.75,17.83,17.7,216118,21.8546,1.5369,0.07032386774409048
98,2020-06-03,17.81,17.64,17.83,17.64,248140,22.2053,1.5615,0.0703210494791784
99,2020-06-04,17.7,17.55,17.7,17.53,159428,21.473,1.51,0.07032086806687468
100,2020-06-05,17.61,17.65,17.68,17.52,186812,22.1847,1.5601,0.07032324079207743
101,2020-06-08,17.96,17.84,18.04,17.78,404072,20.1942,1.4201,0.07032217171266998
102,2020-06-09,17.88,18.04,18.11,17.81,396608,19.039,1.3389,0.07032407164241819
103,2020-06-10,18.0,17.94,18.03,17.89,220239,18.0695,1.2707,0.07032291983729488
104,2020-06-11,17.96,17.95,18.16,17.91,315909,17.8014,1.2518,0.07032031188558203
105,2020-06-12,17.74,17.94,18.02,17.72,280100,17.4713,1.2286,0.07032104079261417
106,2020-06-15,17.95,17.86,18.11,17.85,336538,17.9045,1.2591,0.07032310313049793
107,2020-06-16,17.97,17.97,18.05,17.93,246677,17.657,1.2417,0.07032338449340206
108,2020-06-17,17.99,17.99,18.01,17.9,247634,17.6467,1.241,0.0703247632701865
109,2020-06-18,18.0,18.1,18.16,17.94,282593,17.327,1.2185,0.07032377214751542
110,2020-06-19,18.11,18.49,18.59,18.06,569270,16.9247,1.1902,0.0703232553605086
111,2020-06-22,18.44,18.8,19.35,18.37,694620,16.8113,1.1822,0.07032174787196707
112,2020-06-23,18.63,18.81,18.92,18.6,345214,16.7906,1.1808,0.07032506283277548
113,2020-06-24,18.85,19.05,19.19,18.84,349590,16.6772,1.1728,0.07032355551291584
114,2020-06-29,18.79,18.63,18.88,18.59,365653,16.7597,1.1786,0.07032345447710879
115,2020-06-30,18.73,18.95,19.13,18.64,316023,16.77,1.1793,0.07032200357781754
116,2020-07-01,18.91,19.21,19.26,18.87,381596,16.7597,1.1786,0.07032345447710879
117,2020-07-02,19.19,20.15,20.37,19.14,1030328,16.8628,1.1858,0.07032046872405531
118,2020-07-03,20.38,21.27,21.47,20.23,1429924,16.6566,1.1713,0.07032047356603388
119,2020-07-06,21.79,23.2,23.23,21.69,1949475,16.4606,1.1575,0.07031942942541584
120,2020-07-07,23.27,22.51,23.39,22.2,1444195,16.3575,1.1503,0.07032248204187681
121,2020-07-08,22.49,23.22,23.89,22.47,1685181,16.4503,1.1568,0.07032090600171427
122,2020-07-09,23.23,22.88,23.49,22.62,1264504,16.5637,1.1648,0.07032245210913021
123,2020-07-10,22.62,22.31,23.08,22.2,978367,16.6153,1.1684,0.07032072848519136
124,2020-07-13,22.24,22.55,23.01,22.22,1021259,16.1615,1.1365,0.0703214429353711
125,2020-07-14,22.48,22.5,22.74,22.15,788825,16.275,1.1445,0.0703225806451613
126,2020-07-15,22.75,21.91,22.88,21.87,778202,16.2131,1.1401,0.07031967976512819
127,2020-07-16,21.98,21.04,22.26,20.99,861869,16.3059,1.1467,0.07032423846583138
128,2020-07-17,21.22,20.58,21.27,20.39,761296,16.1924,1.1387,0.07032311454756553
129,2020-07-20,20.97,21.25,21.56,20.8,722397,16.2028,1.1394,0.07032117905547189
130,2020-07-21,21.24,21.11,21.43,20.96,461046,16.4709,1.1583,0.07032402600950768
131,2020-07-22,21.15,21.14,21.89,21.0,759274,16.605,1.1677,0.07032219211080999
132,2020-07-23,20.89,20.88,21.13,20.53,611694,16.6566,1.1713,0.07032047356603388
133,2020-07-24,20.69,20.04,20.88,19.73,744488,16.5947,1.167,0.07032365755331522
134,2020-07-27,20.19,20.1,20.27,19.74,405394,16.605,1.1677,0.07032219211080999
135,2020-07-28,20.29,19.95,20.33,19.81,339678,16.6153,1.1684,0.07032072848519136
136,2020-07-29,19.96,20.56,20.6,19.85,604782,16.7906,1.1808,0.07032506283277548
137,2020-07-30,20.5,20.09,20.5,20.08,490956,16.7906,1.1808,0.07032506283277548
138,2020-07-31,20.06,20.17,20.5,19.92,586006,17.0279,1.1974,0.07031988677405905
139,2020-08-03,20.48,20.6,20.65,20.24,599578,17.2032,1.2098,0.07032412574404762
140,2020-08-04,20.68,20.64,20.87,20.47,514950,16.9866,1.1945,0.07032013469440618
141,2020-08-05,20.67,20.44,20.67,20.29,406607,17.2238,1.2112,0.07032129959706918
142,2020-08-06,20.52,20.84,20.93,20.15,651418,17.4507,1.2272,0.07032382655137043
143,2020-08-07,20.62,20.29,20.62,20.06,701058,17.2651,1.2286,0.0711608968381301
144,2020-08-10,20.14,20.59,20.86,20.11,696569,17.1413,1.2198,0.07116146383296482
145,2020-08-11,20.69,20.31,20.85,20.26,525451,17.0485,1.2132,0.07116168577880752
146,2020-08-12,20.27,20.23,20.38,19.98,496450,17.0382,1.2125,0.07116362057024803
147,2020-08-13,20.33,20.55,20.73,20.19,474449,17.2238,1.2257,0.07116315795585179
148,2020-08-14,20.55,21.08,21.14,20.51,679380,17.3063,1.2316,0.07116483592680123
149,2020-08-17,21.47,21.98,22.52,21.45,1253662,17.2135,1.2249,0.07115926453074622
150,2020-08-18,22.01,21.73,22.08,21.69,572860,17.4095,1.2389,0.07116229644734196
151,2020-08-19,21.73,21.56,22.04,21.5,521785,17.2754,1.2293,0.07115898908274193
152,2020-08-20,21.42,21.3,21.48,21.17,517225,17.4198,1.2396,0.07116040367857267
153,2020-08-21,21.52,21.62,21.71,21.34,435465,17.1207,1.2183,0.0711594736196534
154,2020-08-24,21.73,21.47,21.83,21.4,434478,17.1413,1.2198,0.07116146383296482
155,2020-08-25,21.54,21.53,21.75,21.4,407597,16.801,1.1956,0.07116243080769002
156,2020-08-26,21.53,21.42,21.88,21.33,586411,16.9969,1.2095,0.07116003506521777
157,2020-08-27,21.49,21.36,21.53,21.25,362402,17.1722,1.222,0.07116152851702169
158,2020-08-28,21.36,21.78,21.83,21.25,485360,17.1619,1.2213,0.07116344926843765
159,2020-08-31,21.88,21.42,22.15,21.42,653765,17.2135,1.2249,0.07115926453074622
160,2020-09-01,21.42,21.52,21.6,21.38,344767,16.8628,1.2,0.07116255900562184
161,2020-09-02,21.54,21.39,21.63,21.24,389289,17.0691,1.2147,0.07116368174068931
162,2020-09-03,21.38,21.12,21.59,21.1,490792,16.8422,1.1985,0.07116053722197813
163,2020-09-04,20.93,20.86,21.06,20.78,302310,16.7906,1.1949,0.071164818410301
164,2020-09-07,20.83,20.6,21.18,20.56,391692,16.7906,1.1949,0.071164818410301
165,2020-09-08,20.67,21.1,21.14,20.65,413476,16.8835,1.2015,0.071164154351882
166,2020-09-09,20.85,20.78,21.08,20.72,299047,16.8113,1.1963,0.07116046944614635
167,2020-09-10,20.88,20.49,20.96,20.47,326473,17.1207,1.2183,0.0711594736196534
168,2020-09-11,20.47,20.41,20.6,20.23,246892,21.6719,1.2208,0.056331009279297156
169,2020-09-14,20.51,20.43,20.57,20.34,207953,21.0478,1.1856,0.0563289274888587
170,2020-09-15,20.43,20.49,20.53,20.39,170913,21.6321,1.2185,0.05632832688458355
171,2020-09-16,20.48,20.47,20.64,20.34,196817,21.4727,1.2095,0.05632733657155365
172,2020-09-17,20.42,20.18,20.46,20.16,245196,21.3798,1.2043,0.05632887117746658
173,2020-09-18,20.31,20.88,20.91,20.2,632737,21.8578,1.2312,0.05632771825160812
174,2020-09-21,21.19,20.69,21.31,20.69,458119,22.0039,1.2395,0.0563309231545317
175,2020-09-22,20.58,20.6,21.08,20.55,451144,23.0264,1.297,0.05632665114824723
176,2020-09-23,20.64,20.44,20.74,20.38,281404,23.3053,1.3128,0.05633053425615633
177,2020-09-24,20.32,20.24,20.47,20.22,311726,23.6373,1.3315,0.05633046075482394
178,2020-09-25,20.32,20.58,20.87,20.21,395430,24.3543,1.3718,0.05632680881815531
179,2020-09-28,20.46,20.48,20.58,20.38,222878,23.7568,1.3382,0.05632913523706897
180,2020-09-29,20.62,20.49,20.63,20.47,191735,24.527,1.3816,0.05632975904105679
181,2020-09-30,20.54,20.32,20.57,20.23,236462,25.2839,1.4242,0.05632833542293712
182,2020-10-09,20.53,20.62,20.68,20.48,235677,24.7129,1.392,0.05632685763305803
183,2020-10-12,20.68,21.08,21.17,20.66,455848,24.2348,1.3651,0.05632809018436298
184,2020-10-13,20.92,20.84,20.98,20.79,244843,24.2083,1.3636,0.05632778840315098
185,2020-10-14,20.85,20.68,20.87,20.59,219363,22.5749,1.2716,0.05632804574992581
186,2020-10-15,20.68,20.69,20.88,20.59,177269,24.195,1.3629,0.056329820210787356
187,2020-10-16,20.73,20.75,20.87,20.68,210982,24.1552,1.3606,0.056327416042922435
188,2020-10-19,20.85,20.59,21.06,20.57,269917,24.3411,1.3711,0.05632859648906582
189,2020-10-20,20.53,20.48,20.55,20.36,210466,24.4606,1.3778,0.05632731821786873
190,2020-10-21,20.5,20.46,20.54,20.35,175285,24.673,1.3898,0.05632878044826328
191,2020-10-22,20.43,20.43,20.63,20.37,182370,24.5137,1.3808,0.056327686151009436
192,2020-10-23,20.44,20.41,20.63,20.37,201816,23.3584,1.3157,0.05632663196109323
193,2020-10-26,20.35,20.18,20.47,20.08,286398,23.3717,1.3165,0.056328807917267465
194,2020-10-27,20.15,20.13,20.22,20.07,172360,23.5709,1.3277,0.05632792977781926
195,2020-10-28,20.14,20.32,20.35,20.09,206962,22.5484,1.2701,0.056327721700874564
196,2020-10-29,20.22,20.84,21.06,20.18,529294,22.1367,1.2469,0.05632727551983809
197,2020-10-30,20.79,20.48,21.0,20.48,432595,22.4687,1.2656,0.056327246347140696
198,2020-11-02,20.62,20.05,20.84,19.86,491865,22.2695,1.2544,0.05632816183569456
199,2020-11-03,20.14,20.49,20.64,20.08,343555,22.3757,1.2604,0.05632896401006449
200,2020-11-04,20.48,20.34,20.56,20.22,253968,22.2296,1.2522,0.0563302983409508
201,2020-11-05,20.58,20.65,20.74,20.46,325474,22.1898,1.2499,0.05632768208816663
202,2020-11-06,20.68,20.76,20.93,20.53,374302,21.6985,1.2222,0.05632647418024287
203,2020-11-09,20.87,21.19,21.44,20.81,650987,21.393,1.205,0.05632683588089562
204,2020-11-10,21.19,20.99,21.36,20.94,447202,20.9947,1.1826,0.05632850195525537
205,2020-11-11,21.04,20.77,21.06,20.74,305630,23.3318,1.3143,0.05633084459835932
206,2020-11-12,20.78,20.46,20.82,20.44,285589,24.4606,1.3778,0.05632731821786873
207,2020-11-13,20.37,20.13,20.42,20.02,422216,24.5668,1.3838,0.056328052493609254
208,2020-11-16,20.24,20.24,20.3,20.1,329315,25.2308,1.4212,0.05632798008782917
209,2020-11-17,20.27,20.23,20.29,20.09,281706,24.766,1.395,0.0563272228054591
210,2020-11-18,20.24,20.32,20.46,20.2,333267,24.7262,1.3928,0.056328914269074916
211,2020-11-19,20.23,20.37,20.45,20.13,256172,24.8457,1.3995,0.05632765428222992
212,2020-11-20,20.34,20.39,20.44,20.29,206474,25.1113,1.4145,0.05632922230231012
213,2020-11-23,20.39,21.0,21.18,20.32,815423,25.337,1.4272,0.056328689268658486
214,2020-11-24,20.89,20.87,21.03,20.81,365806,25.098,1.4137,0.05632719738624592
215,2020-11-25,21.01,20.65,21.08,20.64,297023,25.0316,1.41,0.056328800396299075
216,2020-11-26,20.61,20.74,20.87,20.61,230527,24.7394,1.3935,0.05632715425596417
217,2020-11-27,20.72,21.02,21.08,20.7,343878,25.2839,1.4242,0.05632833542293712
218,2020-11-30,21.18,20.8,21.62,20.8,842423,25.2573,1.4227,0.05632826945081224
219,2020-12-01,20.85,21.37,21.5,20.74,649491,25.005,1.4085,0.056328734253149375
