,日期,开盘,收盘,最高,最低,成交量,pe,pb,roe
0,2020-01-03,41.97,41.83,42.73,41.41,365512,37.8727,4.3455,0.11473964095509431
1,2020-01-06,41.51,42.61,43.29,41.11,476408,37.8727,4.3455,0.11473964095509431
2,2020-01-07,42.53,43.49,44.63,42.49,517701,38.0456,4.3653,0.11473862943415271
3,2020-01-08,42.75,42.09,43.25,41.97,349956,37.2674,4.276,0.11473835040813149
4,2020-01-09,42.33,42.81,43.03,41.99,319490,37.0945,4.2562,0.11473938184906118
5,2020-01-10,42.39,42.07,43.01,41.33,307883,37.008,4.2463,0.11474005620406397
6,2020-01-13,42.05,43.13,43.23,41.91,324815,37.4749,4.2998,0.11473813138927656
7,2020-01-14,43.19,42.23,43.25,42.19,295085,37.5095,4.3038,0.11473893280368971
8,2020-01-15,41.63,41.73,42.03,40.93,283845,37.5441,4.3078,0.1147397327409633
9,2020-01-16,42.29,45.57,45.73,42.29,912778,38.0802,4.3693,0.11473941838540765
10,2020-01-17,45.13,45.63,46.43,44.53,545960,37.3884,4.2899,0.11473879599020019
11,2020-01-20,46.33,47.15,48.13,44.81,483120,37.9245,4.3514,0.11473849358594047
12,2020-01-21,46.59,44.53,46.77,44.49,423190,38.3915,4.405,0.11473893960902805
13,2020-01-22,44.13,45.01,45.65,43.37,366578,39.5155,4.534,0.1147397856537308
14,2020-01-23,44.15,41.27,44.97,40.69,431048,39.4291,4.524,0.11473759228590052
15,2020-02-03,37.31,37.31,37.31,37.31,68366,39.7749,4.5637,0.11473818915949505
16,2020-02-04,34.29,37.89,38.65,34.29,396263,40.311,4.6252,0.11473791272853565
17,2020-02-05,38.07,38.57,40.25,37.85,313825,39.0313,4.4784,0.11473868408174977
18,2020-02-06,38.61,39.99,40.31,37.95,341977,38.8757,4.4606,0.11474005612760671
19,2020-02-07,39.69,40.45,40.73,38.73,328269,37.4403,4.2959,0.11473999941239786
20,2020-02-10,40.13,39.53,40.13,39.03,308889,38.1839,4.3812,0.11473945825334761
21,2020-02-11,39.05,40.31,41.13,38.89,413492,37.302,4.28,0.11473915607742213
22,2020-02-12,39.73,40.33,40.45,39.19,342467,37.7862,4.3355,0.11473765554620469
23,2020-02-13,41.27,39.85,41.27,39.57,325430,41.9885,5.0434,0.12011384069447587
24,2020-02-14,39.65,41.33,42.53,39.37,502911,43.2509,5.1951,0.12011541956352353
25,2020-02-17,42.25,43.77,44.41,42.23,495471,41.193,4.9479,0.12011506809409365
26,2020-02-18,43.77,47.97,47.97,43.33,677687,41.2968,4.9603,0.12011342283179327
27,2020-02-19,47.33,48.33,51.25,47.13,832108,40.6223,4.8793,0.12011382910371887
28,2020-02-20,49.73,50.45,51.53,48.73,589087,41.4178,4.9749,0.12011502300943072
29,2020-02-21,50.05,54.23,55.33,49.79,630524,41.2449,4.9541,0.12011424442779593
30,2020-02-24,53.33,55.55,56.31,51.71,600675,42.5073,5.1058,0.12011583892649028
31,2020-02-25,53.59,53.31,54.89,50.17,823089,41.6772,5.006,0.12011363527300299
32,2020-02-26,51.49,48.99,51.91,48.43,576930,42.6284,5.1203,0.12011475917463477
33,2020-02-27,50.13,48.81,50.45,48.23,361771,43.2336,5.193,0.12011491062506938
34,2020-02-28,46.53,44.81,47.47,44.59,468959,43.666,5.2449,0.12011404754271059
35,2020-03-02,46.03,45.91,46.89,44.79,347657,46.7615,5.6167,0.12011376880553447
36,2020-03-03,47.13,45.89,48.53,45.29,388572,47.6435,5.7227,0.12011502093674896
37,2020-03-04,44.93,45.57,46.55,44.41,287723,47.4243,5.7072,0.12034336827322702
38,2020-03-05,46.49,45.63,46.73,44.69,272265,44.106,5.3078,0.12034190359588265
39,2020-03-06,44.79,45.37,46.27,44.57,204602,44.106,5.3078,0.12034190359588265
40,2020-03-09,43.81,41.75,44.63,41.59,330810,43.432,5.2267,0.1203421440412599
41,2020-03-10,41.75,43.81,44.03,41.35,314778,41.9975,5.0541,0.12034287755223524
42,2020-03-11,44.67,42.97,45.33,42.67,297422,41.0815,4.9439,0.12034370702140867
43,2020-03-12,41.73,42.03,43.03,41.37,234941,41.5827,5.0042,0.12034331585010112
44,2020-03-13,39.29,41.59,42.39,39.25,255259,41.2716,4.9667,0.12034183312495761
45,2020-03-16,41.73,37.91,42.07,37.63,405130,40.8222,4.9127,0.12034383252250001
46,2020-03-17,38.23,37.17,38.89,35.83,299416,40.7358,4.9023,0.12034377623613629
47,2020-03-18,37.73,36.09,38.49,35.83,271185,38.6619,4.6527,0.12034328369790413
48,2020-03-19,36.77,37.79,38.07,36.57,360120,39.5087,4.7546,0.12034311430140704
49,2020-03-20,38.47,38.27,38.63,37.59,231816,41.0124,4.9355,0.12034165276843102
50,2020-03-23,36.51,35.21,37.31,34.93,311501,40.6148,4.8877,0.12034283069225996
51,2020-03-24,36.13,35.83,36.31,34.37,216512,39.5433,4.7587,0.12034149906558127
52,2020-03-25,36.93,37.31,37.85,36.57,327133,38.2817,4.6069,0.1203420955704684
53,2020-03-27,37.43,35.87,38.09,35.75,292781,37.2447,4.4821,0.12034195469422494
54,2020-03-30,34.93,33.53,34.93,32.57,297304,38.4372,4.6256,0.12034175226083067
55,2020-03-31,34.23,33.49,34.51,33.25,173998,38.3508,4.6152,0.1203416877874777
56,2020-04-01,33.63,34.07,34.89,33.09,206951,39.2495,4.7234,0.12034293430489561
57,2020-04-02,33.67,35.81,35.83,33.55,275918,40.0791,4.8232,0.12034202364823562
58,2020-04-03,35.53,34.93,35.53,34.53,195766,41.3062,4.9709,0.12034270884274033
59,2020-04-07,36.41,36.19,37.31,35.89,245281,40.8914,4.921,0.12034315283898327
60,2020-04-08,36.31,36.43,36.95,35.99,192099,40.4247,4.8648,0.12034226599084222
61,2020-04-09,36.93,36.19,36.93,35.83,150488,41.0815,4.9439,0.12034370702140867
62,2020-04-10,35.97,34.81,36.19,34.49,187746,40.8395,4.9147,0.12034182592832919
63,2020-04-13,34.13,34.89,35.53,34.11,139313,40.1828,4.8357,0.12034253461680122
64,2020-04-14,35.45,35.83,35.89,34.89,162576,43.6221,5.2496,0.12034267034370193
65,2020-04-15,36.39,35.79,36.79,35.55,246864,44.6936,5.3785,0.12034161490683229
66,2020-04-16,35.35,35.49,35.73,34.69,170804,40.6321,4.8898,0.12034327539063942
67,2020-04-17,36.13,36.49,37.23,36.13,320085,39.8717,4.7983,0.12034350178196566
68,2020-04-20,36.47,36.85,36.93,36.09,165733,39.7507,4.7837,0.1203425348484429
69,2020-04-21,36.49,36.17,36.59,35.57,151032,41.9975,5.0541,0.12034287755223524
70,2020-04-22,35.79,36.57,36.59,35.73,121588,43.0517,5.181,0.12034367980823057
71,2020-04-23,36.57,35.85,36.69,35.81,99574,42.4468,5.1082,0.1203435830262823
72,2020-04-24,35.83,35.15,36.17,34.91,110803,41.1333,4.9501,0.12034288520493129
73,2020-04-27,35.25,34.65,35.41,34.57,70383,42.6888,5.1373,0.12034304079758625
74,2020-04-28,34.65,34.63,35.27,33.07,153782,41.479,4.9917,0.12034282407965476
75,2020-04-29,34.19,35.91,35.99,34.19,133234,41.4099,4.9834,0.120343202953883
76,2020-04-30,36.73,37.49,38.47,36.63,313659,46.0071,5.5366,0.12034229499359882
77,2020-05-06,38.19,39.53,39.67,37.73,329455,46.6639,5.6157,0.12034356322553409
78,2020-05-07,39.73,38.79,40.05,38.17,274161,45.6442,5.4929,0.1203416863478821
79,2020-05-08,38.85,38.75,39.25,38.33,231020,44.78,5.3889,0.12034167038856632
80,2020-05-11,39.69,39.49,40.39,38.87,294065,46.0244,5.5387,0.12034268779169312
81,2020-05-12,39.11,39.01,39.23,37.91,201556,41.8419,5.0354,0.12034348344601942
82,2020-05-13,38.61,38.73,39.05,38.39,134619,38.0397,4.732,0.12439635433507625
83,2020-05-14,38.53,38.67,39.27,38.39,154807,37.3138,4.6417,0.12439633594005435
84,2020-05-15,38.93,38.97,39.83,38.39,221171,36.1213,4.4933,0.124394747697342
85,2020-05-18,38.21,36.07,38.33,36.03,340028,34.5658,4.2998,0.12439463284518223
86,2020-05-19,36.53,37.21,37.37,36.23,190388,34.8251,4.3321,0.1243959098466336
87,2020-05-20,37.33,36.99,37.67,36.47,170780,36.899,4.5901,0.12439632510366133
88,2020-05-21,37.17,35.91,37.37,35.75,130130,38.0051,4.7277,0.12439646258002214
89,2020-05-22,36.07,34.93,36.23,34.79,122182,37.3657,4.6481,0.12439483269415536
90,2020-05-25,34.93,34.59,35.25,34.33,98511,37.6422,4.6825,0.12439496097465079
91,2020-05-26,34.83,36.47,36.63,34.81,175663,36.8126,4.5793,0.12439490826510487
92,2020-05-27,36.75,37.39,37.73,36.63,251450,37.3657,4.6481,0.12439483269415536
93,2020-05-28,37.25,36.45,37.37,35.59,193267,39.0421,4.8567,0.12439648482023252
94,2020-05-29,36.07,36.39,36.65,35.73,125673,40.9951,5.0996,0.12439535456676529
95,2020-06-01,36.45,39.85,39.85,36.45,488240,43.6566,5.4307,0.12439585308979628
96,2020-06-02,40.43,40.93,41.65,39.93,527759,42.4296,5.2781,0.12439664762335728
97,2020-06-03,41.39,41.55,42.73,40.75,355555,43.1554,5.3684,0.12439694684790316
98,2020-06-04,41.77,41.13,42.07,40.55,220284,41.6518,5.1813,0.12439558434449412
99,2020-06-05,41.03,40.93,41.61,40.53,199591,40.4247,5.0287,0.12439671784824624
100,2020-06-08,41.79,40.93,42.69,40.73,249393,40.442,5.0308,0.12439543049305178
101,2020-06-09,40.95,41.01,41.53,40.39,138067,38.7829,4.8244,0.12439502976827416
102,2020-06-10,41.97,42.33,42.59,41.19,313197,39.0248,4.8545,0.12439525634980833
103,2020-06-11,42.01,41.31,42.55,41.13,263683,37.4175,4.6556,0.12442306407429679
104,2020-06-12,40.33,39.77,40.69,39.57,317406,37.7459,4.6965,0.12442410963839783
105,2020-06-15,39.73,38.81,40.23,38.81,204409,36.0003,4.4793,0.12442396313364056
106,2020-06-16,39.71,40.07,40.25,39.35,181506,36.9163,4.5933,0.12442471211903686
107,2020-06-17,40.68,39.54,40.68,39.08,171005,36.9163,4.5933,0.12442471211903686
108,2020-06-18,39.48,42.16,42.6,39.3,371135,37.1583,4.6234,0.12442442199993005
109,2020-06-19,42.3,45.08,45.28,42.28,451995,37.1583,4.6234,0.12442442199993005
110,2020-06-22,44.98,45.08,45.58,44.48,322120,34.635,4.3094,0.12442327125739859
111,2020-06-23,45.62,44.8,45.84,44.02,228408,32.3709,4.0277,0.12442347911241271
112,2020-06-24,44.8,44.8,45.38,44.28,194422,33.1313,3.9737,0.1199379438778436
113,2020-06-29,44.42,43.74,44.58,43.32,192669,32.0403,3.8428,0.11993645502695043
114,2020-06-30,44.62,45.76,46.38,44.22,280124,32.8699,3.9423,0.11993647683747136
115,2020-07-01,45.12,45.38,45.76,44.3,210280,34.2005,4.1019,0.11993684302861068
116,2020-07-02,45.36,47.24,47.8,44.94,351665,35.0819,4.2076,0.11993649146710983
117,2020-07-03,46.88,46.96,47.18,46.02,254264,33.9413,4.0708,0.11993647856740904
118,2020-07-06,47.28,48.88,49.26,47.08,321843,33.8722,4.0625,0.11993611280046765
119,2020-07-07,50.26,48.86,51.18,48.6,343300,33.8722,4.0625,0.11993611280046765
120,2020-07-08,49.26,50.28,50.4,48.72,271113,34.045,4.0833,0.11993831693347042
121,2020-07-09,49.9,52.02,52.48,49.72,290922,34.4079,4.1268,0.11993757247608836
122,2020-07-10,52.0,51.18,52.46,50.68,235787,33.8722,4.0625,0.11993611280046765
123,2020-07-13,51.08,52.6,52.9,50.84,286731,32.939,3.9506,0.1199368529706427
124,2020-07-14,52.14,49.52,52.46,48.54,415825,29.9492,3.592,0.11993642568081953
125,2020-07-15,50.28,47.26,50.8,46.88,404404,30.0011,3.5982,0.11993560236124674
126,2020-07-16,47.96,45.32,49.38,45.02,371047,30.8133,3.6957,0.1199384681290222
127,2020-07-17,45.52,44.68,46.18,44.06,269388,30.0184,3.6003,0.11993643898408976
128,2020-07-20,45.56,45.64,45.82,44.14,231526,28.3939,3.4055,0.11993773310464573
129,2020-07-21,45.68,45.32,45.98,44.28,227884,28.6877,3.4407,0.11993641874392162
130,2020-07-22,45.3,46.06,46.86,44.58,242907,29.5345,3.5423,0.11993769997799184
131,2020-07-23,45.38,44.78,45.8,43.78,217437,30.4677,3.6542,0.11993685115712704
132,2020-07-24,44.28,42.38,45.16,41.88,223398,30.6578,3.677,0.11993685130700832
133,2020-07-27,42.44,42.08,42.98,41.7,153667,29.6727,3.5589,0.11993852935526596
134,2020-07-28,42.5,43.88,44.76,42.48,202274,32.1786,3.8594,0.11993685244230637
135,2020-07-29,43.52,45.26,45.3,43.48,199848,31.9194,3.8283,0.11993646497114607
136,2020-07-30,45.4,46.1,46.66,44.6,247104,31.9712,3.8345,0.11993606746071464
137,2020-07-31,49.1,50.5,50.5,49.1,192377,32.2131,3.8636,0.11993878266916255
138,2020-08-03,54.62,55.34,55.34,53.28,384240,32.6279,3.9133,0.11993723163305026
139,2020-08-04,56.08,53.9,56.38,53.1,695858,31.9885,3.8366,0.11993685230629758
140,2020-08-05,55.08,54.9,56.28,53.5,444741,32.023,3.8408,0.11993879399181838
141,2020-08-06,54.66,56.08,58.24,54.18,442661,32.6625,3.9174,0.11993570608495982
142,2020-08-07,55.68,55.32,57.0,53.68,353071,30.8997,3.706,0.11993643951235773
143,2020-08-10,52.46,50.0,52.88,50.0,561907,29.5345,3.6164,0.1224466302121248
144,2020-08-11,50.88,50.08,52.04,50.08,371983,28.4284,3.481,0.12244797456065061
145,2020-08-12,51.2,51.48,51.82,49.2,306565,28.4457,3.4831,0.12244732947334747
146,2020-08-13,52.08,49.68,52.22,49.48,231330,28.8778,3.536,0.12244700081031103
147,2020-08-14,50.06,51.2,51.38,49.78,176715,29.4826,3.61,0.12244510321342078
148,2020-08-17,51.28,51.9,52.18,50.42,215343,30.1048,3.6862,0.12244559007201508
149,2020-08-18,51.26,50.68,51.48,49.68,228033,29.7591,3.6439,0.12244657936563942
150,2020-08-19,50.16,48.08,50.44,48.08,194919,30.3467,3.7158,0.12244494459035087
151,2020-08-20,47.48,48.22,48.9,47.18,155875,30.0356,3.6778,0.12244802833970356
152,2020-08-21,49.06,49.1,50.4,48.38,177537,29.1716,3.5719,0.12244443225602983
153,2020-08-24,50.48,53.8,53.8,49.36,449045,29.4308,3.6037,0.122446552591163
154,2020-08-25,53.8,52.56,54.3,51.94,311506,29.4654,3.6079,0.12244530873499088
155,2020-08-26,52.54,48.58,52.54,48.34,342024,28.6531,3.5085,0.12244748386736515
156,2020-08-27,48.98,49.34,49.8,48.44,153883,28.584,3.5,0.12244612370556955
157,2020-08-28,48.6,49.62,49.78,48.34,149997,29.7764,3.646,0.1224459639177335
158,2020-08-31,50.22,48.86,50.56,48.86,159304,29.9838,3.6714,0.12244612090528886
159,2020-09-01,47.92,49.4,50.08,47.5,191799,31.8559,3.8023,0.11935936514115125
160,2020-09-02,49.9,49.88,50.92,49.34,182353,30.6912,3.6632,0.11935668856219372
161,2020-09-03,49.36,48.46,49.38,48.24,139255,31.5047,3.7603,0.11935679438306031
162,2020-09-04,46.74,47.5,47.74,45.9,184205,29.8681,3.5762,0.11973309316628779
163,2020-09-07,47.1,46.46,48.08,46.1,117445,29.3324,3.5121,0.11973449155200394
164,2020-09-08,46.82,46.56,47.04,45.58,103802,29.3694,3.5165,0.11973346408166324
165,2020-09-09,46.1,45.18,46.12,44.36,112745,31.5305,3.7752,0.11973168836523367
166,2020-09-10,46.54,46.38,48.28,45.66,215123,32.8605,3.9345,0.11973341854201852
167,2020-09-11,46.56,47.84,48.06,45.32,147374,31.4936,3.7708,0.11973226306297152
168,2020-09-14,48.84,49.08,49.2,47.84,172775,30.921,3.7023,0.11973416124963618
169,2020-09-15,48.32,49.54,49.68,47.5,213207,33.7471,4.0406,0.11973176954464236
170,2020-09-16,49.58,47.8,49.6,47.62,167240,33.3038,3.9876,0.11973408439877731
171,2020-09-17,46.9,46.82,47.46,45.8,160609,31.7337,3.7996,0.11973391063758718
172,2020-09-18,46.68,49.22,49.38,46.48,206346,32.7312,3.919,0.11973285427970866
173,2020-09-21,49.28,49.32,50.42,48.78,159998,33.4146,4.0008,0.11973209315688352
174,2020-09-22,49.18,49.84,51.58,48.9,218847,36.8133,4.4078,0.11973390051964915
175,2020-09-23,49.86,50.2,50.78,49.46,122268,37.2197,4.4564,0.11973229230756831
176,2020-09-24,49.4,49.62,50.46,49.02,124344,38.0878,4.5604,0.11973387803968723
177,2020-09-25,49.88,50.68,51.52,49.84,204670,38.8636,4.6533,0.11973414711966981
178,2020-09-28,50.68,52.34,53.6,50.2,304252,36.9611,4.4255,0.1197339906009291
179,2020-09-29,53.12,53.12,54.2,52.18,291271,40.3044,4.8258,0.1197338255872808
180,2020-09-30,52.78,53.12,53.78,52.48,187433,40.5445,4.8545,0.11973263944554748
181,2020-10-09,54.92,56.96,56.96,54.6,310683,40.4891,4.8479,0.11973345912850619
182,2020-10-12,56.58,57.18,57.18,55.52,280080,40.7846,4.8833,0.11973391917537503
183,2020-10-13,57.18,56.16,58.66,55.66,256179,40.8031,4.8855,0.11973354965676629
184,2020-10-14,54.08,52.58,54.28,52.0,382092,39.7872,4.7638,0.11973197410222383
185,2020-10-15,52.6,52.08,52.78,51.28,168990,43.4815,5.2062,0.11973367984085187
186,2020-10-16,52.04,51.38,52.38,50.58,142661,43.6477,5.2261,0.1197336858528628
187,2020-10-19,52.48,50.28,52.8,50.08,200827,47.6375,5.7038,0.11973340330621884
188,2020-10-20,50.08,51.24,51.62,49.82,166803,49.7063,5.9515,0.11973331348340151
189,2020-10-21,51.24,49.78,51.24,49.48,134940,48.4872,5.8055,0.11973263046742233
190,2020-10-22,49.38,49.98,50.22,49.2,88267,44.9961,5.3875,0.119732599047473
191,2020-10-23,50.48,49.06,50.88,48.92,98012,43.0381,5.1531,0.1197334454820264
192,2020-10-26,48.72,49.84,50.14,48.28,85901,42.7057,5.1133,0.11973343136864634
193,2020-10-27,49.58,49.72,50.28,48.84,114287,38.8267,4.6488,0.11973204006521283
194,2020-10-28,49.98,52.1,52.24,49.72,242303,36.5732,4.379,0.11973248170791725
195,2020-10-29,50.66,50.64,51.56,50.44,196665,35.2063,4.2154,0.11973425210828743
196,2020-10-30,49.28,45.78,49.36,45.78,447361,35.6496,4.2684,0.11973205870472599
197,2020-11-02,45.06,45.22,45.64,43.88,217012,35.6312,4.2662,0.11973214486180651
198,2020-11-03,45.68,46.24,46.66,45.12,145096,34.9108,4.18,0.11973372136989126
199,2020-11-04,46.34,45.38,46.48,45.1,142108,35.7605,4.2817,0.1197326659302862
200,2020-11-05,46.12,47.04,47.28,45.38,200601,35.3356,4.2308,0.11973194172449315
201,2020-11-06,47.2,47.22,47.4,46.2,130426,34.0241,4.0738,0.11973277764878426
202,2020-11-09,47.3,48.7,49.14,47.28,215161,33.3961,3.9986,0.11973254362036287
203,2020-11-10,48.08,48.08,48.38,47.34,152298,32.8605,3.9345,0.11973341854201852
204,2020-11-11,49.08,47.68,49.38,47.64,154626,36.5178,4.3724,0.11973339029185766
205,2020-11-12,48.1,47.78,48.64,47.34,105853,39.9719,4.786,0.1197341132145332
206,2020-11-13,47.2,46.48,47.52,46.04,137280,39.5286,4.7329,0.11973356000465486
207,2020-11-16,46.6,45.94,47.12,44.78,155151,41.9483,5.0226,0.11973310003027535
208,2020-11-17,45.76,45.32,45.78,44.46,133642,40.5445,4.8545,0.11973263944554748
209,2020-11-18,45.28,46.12,46.32,45.08,113234,40.4891,4.8479,0.11973345912850619
210,2020-11-19,45.58,45.5,46.08,45.04,123372,36.9426,4.4233,0.11973439876998372
211,2020-11-20,45.76,45.46,45.78,44.88,100565,37.4044,4.4785,0.11973190319855419
212,2020-11-23,45.68,45.42,46.04,45.12,103671,38.2356,4.5781,0.11973396520520144
213,2020-11-24,45.28,44.88,45.64,44.68,103497,37.2566,4.4608,0.11973180590821492
214,2020-11-25,45.08,44.98,45.68,44.8,105372,37.9401,4.5427,0.11973347460865943
215,2020-11-26,45.04,45.18,45.54,44.72,89118,37.2751,4.4631,0.11973408522042864
216,2020-11-27,45.34,46.08,46.12,45.04,141551,38.5681,4.6179,0.11973366590524293
217,2020-11-30,46.1,45.88,46.46,44.8,171401,37.7554,4.5206,0.11973386588408545
218,2020-12-01,45.68,45.88,46.1,45.28,143163,36.9812,4.4495,0.12031789125285279
