,日期,开盘,收盘,最高,最低,成交量,pe,pb,roe
0,2020-01-03,19.04,19.39,19.43,18.99,258198,21.5974,1.7256,0.07989850630168446
1,2020-01-06,19.18,18.96,19.35,18.86,269614,21.1333,1.6885,0.07989760236214884
2,2020-01-07,19.03,19.29,19.38,18.9,153732,21.4581,1.7144,0.07989523769578853
3,2020-01-08,19.28,19.32,19.43,19.01,134501,21.3034,1.7021,0.07989804444360994
4,2020-01-09,19.43,19.43,19.66,19.32,119779,22.4792,1.796,0.07989608171109293
5,2020-01-10,19.42,19.35,19.55,19.28,86686,22.8196,1.8232,0.07989622955704745
6,2020-01-13,19.5,19.41,19.67,19.32,112387,23.2992,1.8615,0.0798954470539761
7,2020-01-14,19.53,19.14,19.53,19.06,161539,22.1079,1.7664,0.07989904061444099
8,2020-01-15,19.1,19.15,19.2,18.9,144331,20.0967,1.6057,0.07989868983464947
9,2020-01-16,19.35,18.71,19.46,18.62,186277,19.4624,1.555,0.07989764879973693
10,2020-01-17,18.78,18.47,18.83,18.41,163280,19.4005,1.55,0.079894848070926
11,2020-01-20,18.41,18.5,18.62,18.23,141373,19.2613,1.5389,0.0798959571783836
12,2020-01-21,18.45,18.06,18.48,18.03,125130,19.416,1.5513,0.07989802224969098
13,2020-01-22,17.64,18.02,18.08,17.57,155569,19.3386,1.5451,0.07989720041781721
14,2020-01-23,17.89,17.45,18.01,17.33,149943,19.5862,1.5649,0.0798980915134125
15,2020-02-03,16.05,16.1,16.54,15.92,480395,20.2359,1.6168,0.07989760771697824
16,2020-02-04,16.1,16.1,16.42,15.68,281816,20.8857,1.6687,0.0798967714752199
17,2020-02-05,16.17,16.28,16.42,15.82,292138,20.6227,1.6477,0.0798973946185514
18,2020-02-06,16.34,16.38,16.44,16.13,134767,21.7057,1.7342,0.07989606416747674
19,2020-02-07,16.24,16.21,16.45,16.1,186268,21.3189,1.7033,0.07989624230143207
20,2020-02-10,16.37,16.62,16.7,16.24,225892,20.4216,1.6316,0.0798957966075136
21,2020-02-11,16.59,16.52,16.66,16.45,112759,21.1333,1.6885,0.07989760236214884
22,2020-02-12,16.55,16.69,16.7,16.45,102317,20.7774,1.66,0.0798945007556287
23,2020-02-13,16.7,16.84,17.17,16.66,162105,20.1895,1.6673,0.08258253052329181
24,2020-02-14,16.79,16.69,16.91,16.59,85869,18.4104,1.5204,0.08258375700690913
25,2020-02-17,16.76,17.7,17.85,16.76,279827,18.3021,1.5115,0.0825861513159692
26,2020-02-18,17.68,17.66,17.8,17.36,256502,18.5341,1.5306,0.08258291473554152
27,2020-02-19,17.74,17.85,17.99,17.5,206920,18.5341,1.5306,0.08258291473554152
28,2020-02-20,17.78,18.06,18.19,17.71,144074,17.7451,1.4655,0.08258617871975926
29,2020-02-21,18.34,18.62,18.76,18.27,271082,17.7142,1.4629,0.08258346411353604
30,2020-02-24,18.57,18.54,18.89,18.41,191695,16.1052,1.33,0.0825820231974766
31,2020-02-25,18.06,18.71,18.83,17.92,228553,15.4864,1.2789,0.08258213658435788
32,2020-02-26,18.54,18.5,18.72,18.23,172046,15.672,1.2943,0.08258677896886166
33,2020-02-27,18.45,18.24,18.62,18.19,144929,15.7803,1.3032,0.0825839812931313
34,2020-02-28,17.87,17.43,18.03,17.38,176765,15.8113,1.3058,0.08258650458849053
35,2020-03-02,17.56,18.31,18.59,17.53,208593,16.0743,1.3275,0.08258524476960115
36,2020-03-03,18.68,18.61,19.04,18.43,209097,15.44,1.2751,0.0825841968911917
37,2020-03-04,18.76,18.87,19.03,18.34,252705,15.0222,1.2406,0.08258444169296109
38,2020-03-05,18.99,18.85,19.08,18.76,150071,14.7283,1.2163,0.08258251121989638
39,2020-03-06,18.71,18.55,18.8,18.34,156053,14.8057,1.2227,0.08258305922718952
40,2020-03-09,18.27,17.88,18.27,17.71,230297,14.8211,1.224,0.08258496332930754
41,2020-03-10,17.66,18.9,19.04,17.66,347330,14.8675,1.2278,0.08258281486463763
42,2020-03-11,18.94,18.99,19.18,18.79,248056,15.1615,1.2521,0.08258417702733899
43,2020-03-12,18.82,19.13,19.32,18.57,315946,15.672,1.2943,0.08258677896886166
44,2020-03-13,18.57,19.38,19.62,18.54,338744,15.8267,1.307,0.08258196591835315
45,2020-03-16,19.29,19.17,20.09,19.04,279759,16.2444,1.3415,0.08258230528674497
46,2020-03-17,19.01,18.87,19.38,18.48,170391,16.8169,1.3835,0.08226843235078997
47,2020-03-18,19.04,18.34,19.13,18.33,133443,16.8478,1.386,0.08226593383112335
48,2020-03-19,18.27,17.46,18.55,16.87,237947,15.8422,1.3033,0.08226761434649227
49,2020-03-20,17.57,17.36,17.84,17.0,248772,15.4245,1.2689,0.08226522739797075
50,2020-03-23,16.93,16.31,16.97,16.24,215886,15.3626,1.2639,0.08227123013031648
51,2020-03-24,16.62,17.12,17.29,16.1,295965,15.6875,1.2906,0.08226932270916334
52,2020-03-25,17.5,17.89,18.1,17.47,280895,15.8267,1.302,0.08226604409005035
53,2020-03-26,17.66,17.53,17.88,17.5,99192,15.7958,1.2995,0.08226870433912813
54,2020-03-27,17.89,17.29,17.91,17.29,88433,15.935,1.3109,0.0822654534044556
55,2020-03-30,17.25,17.31,17.54,16.94,121164,15.6875,1.2906,0.08226932270916334
56,2020-03-31,17.56,17.01,17.56,16.97,120992,15.6566,1.288,0.08226562599798169
57,2020-04-01,16.97,16.59,17.08,16.52,203988,15.8422,1.3033,0.08226761434649227
58,2020-04-02,16.59,16.54,16.59,16.26,199465,16.0433,1.3199,0.08227110382527286
59,2020-04-03,16.61,16.45,16.69,16.34,98874,16.492,1.3568,0.08227019160805238
60,2020-04-07,16.66,16.65,16.77,16.47,163278,16.0588,1.3211,0.0822664209031808
61,2020-04-08,16.54,16.63,16.7,16.37,94571,16.198,1.3651,0.08427583652302753
62,2020-04-09,16.73,16.86,16.91,16.7,117300,16.1052,1.3573,0.08427712788416164
63,2020-04-10,16.94,16.56,17.0,16.42,90854,15.5637,1.3117,0.08427944511909122
64,2020-04-13,16.58,16.49,16.58,16.3,89533,15.935,1.343,0.08427988704110448
65,2020-04-14,16.49,16.59,16.62,16.42,129439,16.3373,1.3769,0.08427953211362955
66,2020-04-15,16.54,16.41,16.62,16.33,91476,16.0279,1.3508,0.084278040167458
67,2020-04-16,16.47,16.4,16.47,16.31,78896,16.1362,1.3599,0.08427634759113052
68,2020-04-17,16.45,16.44,16.55,16.38,138047,16.4765,1.3886,0.08427760750159317
69,2020-04-20,16.51,16.31,16.51,16.27,139874,16.6158,1.4003,0.08427520793461646
70,2020-04-21,16.3,15.98,16.3,15.88,144746,16.8014,1.416,0.08427869106145916
71,2020-04-22,15.96,15.95,15.96,15.81,116874,16.5075,1.3912,0.08427684385885204
72,2020-04-23,16.03,15.91,16.03,15.86,105903,16.5229,1.3925,0.08427697317056934
73,2020-04-24,15.93,15.67,16.05,15.64,139756,17.0953,1.4407,0.08427462518937953
74,2020-04-27,15.68,15.51,15.75,15.46,107966,16.6312,1.4016,0.08427533791909182
75,2020-04-28,15.54,15.12,15.58,14.9,186889,16.7086,1.4081,0.08427396669978333
76,2020-04-29,15.11,15.4,15.44,14.98,101448,15.966,1.3456,0.08427909307277966
77,2020-04-30,15.56,15.96,16.05,15.56,150998,16.2599,1.3703,0.08427481103819828
78,2020-05-06,15.82,16.26,16.37,15.77,122994,16.6312,1.4016,0.08427533791909182
79,2020-05-07,16.24,16.21,16.33,16.1,152271,16.5074,1.3912,0.08427735439863333
80,2020-05-08,16.42,16.9,16.96,16.41,272128,16.8014,1.416,0.08427869106145916
81,2020-05-11,17.0,16.98,17.43,16.87,195981,16.7086,1.4081,0.08427396669978333
82,2020-05-12,16.98,16.86,17.07,16.72,111471,16.8323,1.4186,0.08427844085478516
83,2020-05-13,16.93,16.7,16.93,16.56,95238,15.8113,1.3325,0.084275170289603
84,2020-05-14,16.72,16.35,17.05,16.35,109561,14.3725,1.2113,0.08427900504435554
85,2020-05-15,16.41,16.21,16.47,16.14,121169,14.3725,1.2113,0.08427900504435554
86,2020-05-18,16.23,16.03,16.27,15.98,74784,14.2642,1.2021,0.08427391651827652
87,2020-05-19,16.05,16.12,16.33,16.03,79458,14.5117,1.223,0.08427682490679934
88,2020-05-20,16.05,15.88,16.06,15.85,101260,14.7747,1.2452,0.08427920702281604
89,2020-05-21,15.93,15.64,15.99,15.6,87596,14.8056,1.2478,0.08427892148916626
90,2020-05-22,15.65,15.57,15.84,15.54,119731,14.6819,1.2373,0.08427383376810903
91,2020-05-25,15.58,15.61,15.72,15.54,61219,14.2796,1.2034,0.0842740693016611
92,2020-05-26,15.64,15.67,15.81,15.58,85898,14.3261,1.2074,0.08427974117170758
93,2020-05-27,15.65,15.47,15.65,15.44,77384,14.8366,1.2504,0.08427806909938934
94,2020-05-28,15.57,15.72,15.72,15.42,94555,15.3471,1.2934,0.0842765082654052
95,2020-05-29,15.58,15.19,15.68,15.19,271602,15.2234,1.283,0.08427815074162144
96,2020-06-01,15.25,15.36,15.46,15.22,170571,14.9139,1.2569,0.08427708379431269
97,2020-06-02,15.32,15.42,15.47,15.3,126666,15.0841,1.2712,0.0842741694897276
98,2020-06-03,15.53,16.07,16.07,15.53,258204,14.9139,1.2569,0.08427708379431269
99,2020-06-04,16.1,15.71,16.19,15.63,160433,15.0377,1.2673,0.08427485586226618
100,2020-06-05,15.61,15.74,15.81,15.53,89333,15.44,1.3012,0.08427461139896372
101,2020-06-08,15.86,15.81,15.95,15.74,93567,14.8053,1.2478,0.08428062923412562
102,2020-06-09,15.85,16.02,16.12,15.78,132925,14.3103,1.2061,0.08428195076273733
103,2020-06-10,16.0,15.72,16.0,15.64,117787,13.908,1.1722,0.08428242737992522
104,2020-06-11,15.77,15.5,15.79,15.47,168067,13.9235,1.1735,0.0842819693324236
105,2020-06-12,15.26,15.47,15.51,15.21,103380,13.908,1.1722,0.08428242737992522
106,2020-06-15,15.46,15.22,15.46,15.18,155230,14.0627,1.1852,0.08427969024440542
107,2020-06-16,15.35,15.25,15.37,15.15,160259,14.0009,1.18,0.08428029626666857
108,2020-06-17,15.22,15.16,15.23,15.04,147588,14.0782,1.1865,0.08427924024378117
109,2020-06-18,15.16,15.18,15.25,15.05,130901,14.2948,1.1852,0.08291126843327644
110,2020-06-19,15.16,15.18,15.3,15.14,198769,14.2948,1.1852,0.08291126843327644
111,2020-06-22,15.26,15.19,15.3,15.14,130316,14.2793,1.1839,0.08291022669178462
112,2020-06-23,15.15,15.12,15.18,15.07,138038,14.3722,1.1916,0.08291006248173557
113,2020-06-24,15.12,15.18,15.26,15.12,97902,14.3412,1.1891,0.08291495830195521
114,2020-06-29,15.15,15.04,15.15,15.01,97729,14.6197,1.2122,0.08291551810228663
115,2020-06-30,15.11,15.05,15.15,15.0,100888,14.6506,1.2147,0.08291128008409211
116,2020-07-01,15.07,15.04,15.11,14.88,176971,14.8982,1.2352,0.08290934475305743
117,2020-07-02,15.05,15.4,15.42,15.0,300099,15.223,1.2622,0.0829140116928332
118,2020-07-03,15.54,15.85,15.91,15.49,368937,14.991,1.2429,0.0829097458475085
119,2020-07-06,16.02,16.42,16.49,15.99,440478,14.9136,1.2365,0.08291090011801308
120,2020-07-07,16.61,16.06,16.89,16.02,586023,14.8827,1.234,0.08291506245506527
121,2020-07-08,16.05,15.95,16.06,15.71,526176,15.2849,1.2673,0.08291189343731395
122,2020-07-09,15.93,16.1,16.12,15.89,417019,14.5578,1.207,0.0829108793911168
123,2020-07-10,16.03,15.95,16.24,15.91,391782,14.4959,1.2019,0.0829130995660842
124,2020-07-13,15.99,16.23,16.37,15.93,438781,14.3103,1.1865,0.08291230791807301
125,2020-07-14,16.21,16.34,16.8,15.82,569718,14.8982,1.2352,0.08290934475305743
126,2020-07-15,16.21,15.88,16.3,15.86,352887,14.6197,1.2122,0.08291551810228663
127,2020-07-16,15.89,15.42,16.05,15.42,273100,14.8363,1.2301,0.08291150758612323
128,2020-07-17,15.46,15.37,15.53,15.26,167445,14.7744,1.225,0.08291368854234352
129,2020-07-20,15.43,15.74,15.79,15.4,186268,14.728,1.2211,0.08291010320478001
130,2020-07-21,15.78,15.85,15.93,15.64,251420,14.8053,1.2276,0.08291625296346579
131,2020-07-22,15.85,15.82,15.98,15.74,188435,15.0683,1.2494,0.08291579010240041
132,2020-07-23,15.74,15.58,15.79,15.39,194753,15.3313,1.2712,0.08291534312158787
133,2020-07-24,15.54,15.36,15.81,15.3,297642,15.2385,1.2635,0.08291498507070906
134,2020-07-27,15.44,15.46,15.5,15.26,130267,15.4396,1.2801,0.08291017902018187
135,2020-07-28,15.47,15.46,15.61,15.4,95822,15.5943,1.293,0.08291491121756026
136,2020-07-29,15.56,16.76,16.76,15.43,908114,15.9811,1.325,0.08291043795483415
137,2020-07-30,17.08,17.68,18.05,16.89,1128569,16.1513,1.3391,0.08290973482010736
138,2020-07-31,17.63,17.57,17.8,17.19,669182,16.2905,1.3507,0.08291335440901137
139,2020-08-03,17.64,17.66,18.31,17.56,473325,16.1977,1.343,0.0829130061675423
140,2020-08-04,17.88,17.39,17.98,17.31,357088,15.4396,1.2801,0.08291017902018187
141,2020-08-05,17.28,17.5,17.59,17.08,291823,15.486,1.284,0.08291359938008523
142,2020-08-06,17.64,17.17,17.66,17.14,214739,15.1612,1.2571,0.0829156003482574
143,2020-08-07,17.17,16.9,17.19,16.73,216493,14.5423,1.2057,0.08290985607503627
144,2020-08-10,16.96,17.57,17.68,16.93,325576,14.2329,1.1789,0.08282921962495345
145,2020-08-11,17.57,17.5,17.89,17.45,328574,14.6661,1.2148,0.08283047299554756
146,2020-08-12,17.56,17.92,17.92,17.4,302754,14.8363,1.2289,0.08283062488625871
147,2020-08-13,17.89,17.4,17.98,17.36,309956,15.0993,1.2507,0.08283165444755716
148,2020-08-14,17.17,17.39,17.4,17.01,185636,15.1457,1.2545,0.08282878968948282
149,2020-08-17,17.33,17.66,17.84,17.33,262310,15.1766,1.2571,0.08283146422782442
150,2020-08-18,17.66,17.49,18.03,17.43,248012,15.5479,1.2878,0.08282790601946244
151,2020-08-19,17.43,17.36,17.53,17.25,136538,15.6872,1.2994,0.08283186292008772
152,2020-08-20,17.18,17.05,17.35,17.01,171902,15.6407,1.2955,0.08282877364823825
153,2020-08-21,17.07,16.96,17.19,16.87,135429,15.6562,1.2968,0.08282980544448844
154,2020-08-24,16.98,17.24,17.31,16.87,173646,15.8573,1.3135,0.08283251247059713
155,2020-08-25,17.26,16.87,17.31,16.79,190529,15.749,1.3045,0.08283065591466124
156,2020-08-26,16.83,16.54,16.86,16.47,138599,15.8264,1.3109,0.08282995501187888
157,2020-08-27,16.93,17.03,17.11,16.76,189652,16.1513,1.3378,0.08282924594305104
158,2020-08-28,17.03,17.11,17.15,16.76,119941,15.9037,1.3173,0.0828297817489012
159,2020-08-31,17.26,16.98,17.54,16.94,235645,15.9192,1.3186,0.08283079551736268
160,2020-09-01,16.9,17.38,17.52,16.89,169449,15.7026,1.3006,0.08282704775005413
161,2020-09-02,17.38,16.97,17.46,16.84,229105,15.7955,1.3083,0.0828273875470862
162,2020-09-03,16.91,16.79,17.07,16.73,135338,15.8573,1.3135,0.08283251247059713
163,2020-09-04,16.52,16.62,16.68,16.48,125204,9.9066,1.3625,0.13753457291098864
164,2020-09-07,16.76,16.65,16.82,16.59,142982,10.1038,1.3896,0.13753241354737822
165,2020-09-08,16.77,16.87,16.98,16.54,171549,10.0944,1.3883,0.1375317007449675
166,2020-09-09,16.7,16.75,16.91,16.63,116257,10.254,1.4103,0.13753657109420717
167,2020-09-10,16.9,16.77,17.11,16.75,192840,10.4981,1.4439,0.13753917375525093
168,2020-09-11,16.93,16.65,16.94,16.49,122965,9.9817,1.3728,0.13753168297985313
169,2020-09-14,16.66,16.35,16.8,16.2,225742,9.4371,1.2979,0.1375316569708915
170,2020-09-15,16.27,16.41,16.54,16.17,139167,10.1413,1.3948,0.13753660773273646
171,2020-09-16,16.4,16.79,16.97,16.35,259039,10.2071,1.4038,0.13753171811778075
172,2020-09-17,16.8,17.7,17.82,16.75,505434,10.7986,1.4852,0.1375363473042802
173,2020-09-18,17.66,17.67,17.81,17.45,299293,11.1555,1.5343,0.13753753753753753
174,2020-09-21,17.68,17.19,17.75,17.12,234905,11.3526,1.5614,0.1375367757165759
175,2020-09-22,17.08,16.82,17.17,16.73,174332,11.4935,1.5807,0.1375299082089877
176,2020-09-23,16.91,16.68,16.94,16.59,134872,11.3245,1.5575,0.13753366594551636
177,2020-09-24,16.61,16.21,16.63,16.21,227452,11.2306,1.5446,0.13753494915676812
178,2020-09-25,16.42,15.95,16.47,15.84,225618,11.1742,1.5368,0.1375310984231533
179,2020-09-28,15.98,15.91,16.12,15.86,102079,10.4888,1.4426,0.13753718251849595
180,2020-09-29,15.91,15.89,15.99,15.79,119063,10.9395,1.5046,0.1375382787147493
181,2020-09-30,16.0,15.82,16.13,15.67,179402,11.1367,1.5317,0.13753625400702185
182,2020-10-09,16.0,16.09,16.3,16.0,170817,11.1555,1.5343,0.13753753753753753
183,2020-10-12,16.23,16.47,16.48,16.2,171882,10.977,1.5097,0.1375330235947891
184,2020-10-13,16.63,17.04,17.12,16.38,338101,10.7799,1.4826,0.13753374335568974
185,2020-10-14,16.89,16.8,17.19,16.79,230670,10.1883,1.4012,0.1375303043687367
186,2020-10-15,17.03,16.77,17.26,16.76,200423,10.7329,1.4761,0.13753039718994864
187,2020-10-16,16.77,16.68,16.94,16.55,160364,10.9019,1.4994,0.13753565892183933
188,2020-10-19,16.59,16.51,16.86,16.38,164100,11.0428,1.5188,0.13753758104828484
189,2020-10-20,16.49,17.07,17.1,16.34,232243,10.9301,1.5033,0.13753762545630874
190,2020-10-21,16.93,18.52,18.52,16.87,858267,10.9864,1.511,0.13753367800189326
191,2020-10-22,18.52,18.55,19.14,18.17,762949,10.6108,1.4594,0.1375391110943567
192,2020-10-23,18.65,19.27,19.83,18.59,876669,10.47,1.44,0.13753581661891115
193,2020-10-26,19.2,19.27,19.73,18.76,440201,10.3385,1.4219,0.13753445857716304
194,2020-10-27,19.5,19.06,19.53,18.94,323387,10.3667,1.4258,0.13753653525229823
195,2020-10-28,19.14,19.15,19.63,18.78,522588,9.6906,1.3328,0.13753534352878047
196,2020-10-29,18.96,20.76,20.82,18.8,713048,9.7939,1.347,0.1375345878557061
197,2020-10-30,20.68,21.3,22.37,20.55,1033729,9.6906,1.3328,0.13753534352878047
198,2020-11-02,21.7,21.62,22.15,21.25,722699,9.5779,1.3173,0.1375353678781361
199,2020-11-03,21.62,20.97,21.65,20.79,663629,9.6436,1.3263,0.1375316271931644
200,2020-11-04,21.24,21.79,21.93,20.83,814546,9.3713,1.2889,0.13753694791544396
201,2020-11-05,21.9,22.14,22.64,21.52,847085,9.484,1.3044,0.137536904259806
202,2020-11-06,22.09,21.16,22.44,20.74,814716,9.4183,1.2953,0.13753012751770488
203,2020-11-09,21.25,21.39,21.8,20.88,704976,9.2962,1.2785,0.13752931305264515
204,2020-11-10,21.32,20.81,21.51,20.69,470343,9.2962,1.2785,0.13752931305264515
205,2020-11-11,20.65,20.22,21.04,20.18,424298,10.1977,1.4025,0.13753101189483904
206,2020-11-12,20.46,19.99,20.57,19.9,464099,10.5827,1.4555,0.13753578954331125
207,2020-11-13,20.34,20.06,20.43,19.94,323027,10.6108,1.4594,0.1375391110943567
208,2020-11-16,19.99,19.92,20.2,19.5,416597,10.9019,1.4994,0.13753565892183933
209,2020-11-17,19.92,20.05,20.83,19.81,558991,10.8831,1.4968,0.13753434223704641
210,2020-11-18,19.88,20.11,20.26,19.52,391868,11.0428,1.5188,0.13753758104828484
211,2020-11-19,20.53,20.68,21.18,20.41,688959,11.3433,1.5601,0.13753493251522927
212,2020-11-20,20.64,22.5,22.5,20.58,945619,11.3339,1.5588,0.13753429975560044
213,2020-11-23,22.95,23.58,23.77,22.64,1300055,11.5123,1.5833,0.13753116232203816
214,2020-11-24,23.97,23.14,24.61,22.79,972850,11.4747,1.5782,0.13753736481128048
215,2020-11-25,23.2,22.84,23.91,22.79,837565,11.5311,1.5859,0.13753241234574326
216,2020-11-26,22.51,21.77,22.57,21.53,666663,11.4559,1.5756,0.13753611676079575
217,2020-11-27,22.09,21.91,22.6,21.37,785387,11.4372,1.573,0.1375336620851257
218,2020-11-30,21.88,21.62,21.93,21.11,666668,11.2118,1.542,0.1375336698835156
219,2020-12-01,21.53,22.04,22.09,21.2,673587,11.5029,1.582,0.13753053577793425
