,日期,开盘,收盘,最高,最低,成交量,pe,pb,roe
0,2020-01-03,53.82,53.76,54.62,53.35,181739,13.319,2.0666,0.1551617989338539
1,2020-01-06,53.66,53.03,53.97,52.78,189800,13.1197,2.0357,0.15516360892398454
2,2020-01-07,53.11,53.48,53.87,53.11,108620,13.289,2.062,0.15516592670629845
3,2020-01-08,53.12,52.42,53.16,52.38,122562,13.1668,2.043,0.15516298569128414
4,2020-01-09,53.12,53.21,53.5,52.78,82601,12.8176,1.9888,0.15516165272749968
5,2020-01-10,53.44,53.14,53.8,52.89,84767,12.5776,1.9516,0.1551647373107747
6,2020-01-13,53.03,54.07,54.07,52.86,132640,12.8754,1.9978,0.15516411140624756
7,2020-01-14,54.06,53.65,54.65,53.64,118814,12.8347,1.9915,0.15516529408556493
8,2020-01-15,53.55,53.52,54.06,53.19,78935,12.974,2.0131,0.15516417450285186
9,2020-01-16,53.52,52.83,53.76,52.78,85865,12.8583,1.9951,0.15516048000124436
10,2020-01-17,53.07,52.89,53.39,52.64,76273,12.5198,1.9426,0.1551622230387067
11,2020-01-20,53.33,53.95,54.55,53.32,132378,12.5155,1.9419,0.15515960209340418
12,2020-01-21,53.52,52.31,53.7,52.24,168696,12.2948,1.9077,0.1551631584084328
13,2020-01-22,52.12,52.26,52.5,51.13,110184,12.6912,1.9692,0.1551626323751891
14,2020-01-23,51.71,50.81,52.07,50.58,136914,12.7405,1.9769,0.15516659471763275
15,2020-02-03,46.01,46.4,47.8,46.01,269291,12.5969,1.9546,0.155165159682144
16,2020-02-04,46.73,48.62,48.92,46.72,214644,12.479,1.9363,0.1551646766567834
17,2020-02-05,48.62,48.33,49.15,48.12,149585,12.2091,1.8944,0.15516295222416068
18,2020-02-06,48.62,49.31,49.36,48.17,136668,12.6247,1.9589,0.1551640831069253
19,2020-02-07,49.01,48.89,49.01,48.32,105084,12.8476,1.9935,0.15516516703508826
20,2020-02-10,48.61,48.52,48.75,48.07,112105,13.4347,2.0846,0.15516535538568038
21,2020-02-11,48.81,48.69,49.17,48.57,112735,13.1883,2.0463,0.15516025568117195
22,2020-02-12,48.62,48.82,48.86,48.14,132411,13.7561,2.1344,0.15516025617725954
23,2020-02-13,48.64,48.24,48.66,48.21,119751,14.806,2.2974,0.155166824260435
24,2020-02-14,48.19,48.57,48.86,48.01,122834,14.5725,2.2611,0.15516212043232114
25,2020-02-17,48.64,49.72,49.72,48.59,202586,14.3046,2.2844,0.1596968807236833
26,2020-02-18,49.72,49.28,49.72,49.02,151921,14.0561,2.2447,0.1596957904397379
27,2020-02-19,49.52,49.69,50.35,49.4,175921,14.506,2.3166,0.15969943471666898
28,2020-02-20,49.84,51.23,51.29,49.42,258690,14.7203,2.3508,0.15969783224526674
29,2020-02-21,50.9,50.81,51.5,50.65,230003,14.8917,2.3782,0.15969969848976276
30,2020-02-24,50.38,49.98,50.54,49.86,198585,14.4653,2.3101,0.1596994186086704
31,2020-02-25,49.27,49.28,49.52,48.61,184199,14.4632,2.3098,0.15970186404115272
32,2020-02-26,48.61,49.24,50.12,48.55,200651,14.5339,2.3211,0.15970248866443282
33,2020-02-27,49.24,48.92,49.56,48.73,155992,14.2468,2.2752,0.1596990201308364
34,2020-02-28,48.02,47.0,48.47,46.92,196659,14.0454,2.243,0.15969641306050378
35,2020-03-02,47.2,48.24,48.38,47.2,126705,14.1482,2.2595,0.15970229428478536
36,2020-03-03,48.81,48.02,48.99,47.78,144442,14.3753,2.2957,0.1596975367470592
37,2020-03-04,47.8,48.56,48.57,47.7,122378,13.5011,2.1561,0.15969809867344142
38,2020-03-05,48.8,49.94,50.13,48.5,288688,13.3018,2.1243,0.1597001909516005
39,2020-03-06,49.39,48.86,49.58,48.82,148000,13.6597,2.1814,0.15969604017657782
40,2020-03-09,47.82,47.04,47.89,46.96,196971,13.6061,2.1729,0.15970042848428279
41,2020-03-10,46.93,47.97,47.99,46.82,123881,13.4133,2.1421,0.15969970104299466
42,2020-03-11,48.02,47.17,48.02,47.13,97135,13.4133,2.1421,0.15969970104299466
43,2020-03-12,46.82,46.73,47.04,46.45,92988,13.5204,2.1592,0.1596994171770066
44,2020-03-13,45.1,46.15,46.69,44.7,127176,13.5268,2.1602,0.15969778513765268
45,2020-03-16,46.3,43.54,46.3,43.37,203719,13.8889,2.2181,0.15970307223754224
46,2020-03-17,43.62,43.55,44.37,42.32,120460,14.3968,2.2992,0.15970215603467436
47,2020-03-18,43.78,42.75,44.28,42.73,102528,13.0876,2.0901,0.15970078547632874
48,2020-03-19,42.61,41.59,43.11,40.84,195812,13.0511,2.0843,0.15970301353908864
49,2020-03-20,41.82,42.3,42.36,41.59,144607,12.9462,2.0675,0.15969937124407163
50,2020-03-23,40.9,40.73,41.39,40.7,132652,12.5198,1.9994,0.1596990367258263
51,2020-03-24,41.32,42.1,42.18,41.14,143527,12.9547,2.0689,0.15970265617883858
52,2020-03-25,43.02,43.72,43.78,42.62,174077,13.0276,2.0805,0.15969940741195615
53,2020-03-26,43.7,43.34,44.09,43.22,130872,12.9076,2.0613,0.15969661284824446
54,2020-03-27,43.87,43.34,44.09,43.32,105325,13.1133,2.0942,0.15970045678814637
55,2020-03-30,42.82,43.13,43.57,42.54,122010,12.1705,1.9436,0.15969762951398875
56,2020-03-31,43.55,42.62,43.8,42.42,129511,12.449,1.9881,0.159699574262993
57,2020-04-01,42.4,42.92,43.29,42.38,116908,12.5755,2.0083,0.15969941553019762
58,2020-04-02,42.72,43.62,43.62,42.53,78161,12.7233,2.0319,0.15969913465846122
59,2020-04-03,43.61,43.49,43.8,43.36,66728,12.8047,2.0449,0.15969917295992878
60,2020-04-07,44.18,44.54,44.8,43.93,118398,12.824,2.048,0.15970056144728634
61,2020-04-08,44.24,43.82,44.26,43.63,89296,13.2183,2.111,0.1597028362194836
62,2020-04-09,44.11,43.96,44.21,43.92,55200,12.8712,2.0555,0.1596976194915781
63,2020-04-10,43.83,43.99,44.76,43.46,105123,12.5348,2.0018,0.1596993968790886
64,2020-04-13,43.63,43.79,44.18,43.35,51186,13.2718,2.3211,0.17488961557588267
65,2020-04-14,44.0,44.68,44.8,43.89,82812,13.2118,2.3107,0.1748966832679877
66,2020-04-15,44.93,44.57,45.15,44.57,77471,13.574,2.374,0.17489317813466923
67,2020-04-16,44.47,44.47,44.73,44.35,47830,13.3747,2.3391,0.1748899040726147
68,2020-04-17,44.92,45.49,45.81,44.53,139563,13.6511,2.3875,0.1748943308597842
69,2020-04-20,45.54,46.54,46.62,45.4,146050,14.266,2.495,0.17489135006308706
70,2020-04-21,46.26,46.12,46.26,45.57,87495,14.401,2.5186,0.1748906325949587
71,2020-04-22,45.8,46.05,46.1,45.37,55577,13.3918,2.3421,0.1748906046983975
72,2020-04-23,46.24,46.08,46.37,45.85,50550,12.5883,2.2016,0.17489255896348196
73,2020-04-24,45.82,45.4,45.99,45.13,71033,12.6205,2.2072,0.17489005982330336
74,2020-04-27,45.37,45.83,46.34,45.36,67698,12.3719,2.1638,0.17489633766842605
75,2020-04-28,46.13,46.17,46.5,45.48,72100,12.6526,2.2128,0.17488895562967297
76,2020-04-29,46.87,47.73,48.12,46.82,190766,11.7762,2.0596,0.17489512746047114
77,2020-04-30,47.78,47.77,48.29,47.44,122281,12.4276,2.0644,0.16611413305867584
78,2020-05-06,47.32,48.15,48.31,47.32,113697,12.2455,2.0342,0.16611816585684536
79,2020-05-07,48.22,47.92,48.42,47.63,95233,12.5947,2.0922,0.16611749386646765
80,2020-05-08,48.17,47.94,48.21,47.78,84212,11.6777,1.9398,0.1661114774313435
81,2020-05-11,47.94,48.4,48.54,47.83,86241,11.3263,1.8815,0.1661177966326161
82,2020-05-12,48.33,48.42,48.59,47.83,88877,11.262,1.8708,0.16611614278103357
83,2020-05-13,48.22,48.36,48.42,47.93,50487,11.487,1.9082,0.16611822059719683
84,2020-05-14,48.07,47.11,48.08,47.1,94259,11.1206,1.8473,0.16611513767242775
85,2020-05-15,47.37,47.68,48.24,47.35,103488,11.0606,1.8373,0.1661121458148744
86,2020-05-18,47.68,47.31,47.92,47.17,56316,11.1184,1.8469,0.16611203050798676
87,2020-05-19,47.75,47.89,48.35,47.75,71242,11.667,1.9381,0.16611811091111683
88,2020-05-20,47.77,48.26,48.35,47.64,65909,11.8662,1.9712,0.16611889231598997
89,2020-05-21,48.39,47.91,48.5,47.84,51052,12.0955,2.0092,0.16611136373031293
90,2020-05-22,47.72,46.15,47.82,46.15,80422,12.3869,2.0577,0.166119045120248
91,2020-05-25,46.26,45.26,46.4,45.02,95462,11.2599,1.8704,0.16611159957015603
92,2020-05-26,45.61,45.92,45.98,45.5,47092,11.6927,1.9423,0.1661121896567944
93,2020-05-27,46.02,45.87,46.48,45.67,45456,11.9841,1.9907,0.166111764754967
94,2020-05-28,45.96,46.78,47.12,45.82,70185,12.0998,2.01,0.16611844823881383
95,2020-05-29,46.49,46.57,46.77,46.12,56999,11.9862,1.9911,0.1661160334384542
96,2020-06-01,46.82,47.16,47.48,46.82,104944,11.9734,1.989,0.16611822874037452
97,2020-06-02,47.18,48.49,48.52,46.89,133369,12.5712,2.0883,0.16611779305078272
98,2020-06-03,48.36,48.77,49.67,48.36,147853,12.5562,2.0858,0.16611713735047226
99,2020-06-04,48.69,48.11,49.12,47.95,64674,12.1491,2.0181,0.1661110699557992
100,2020-06-05,48.22,48.12,48.27,47.47,65886,11.9155,1.9793,0.1661113675464731
101,2020-06-08,48.47,49.0,49.33,48.12,93804,10.8313,1.7992,0.16611117779029294
102,2020-06-09,49.11,49.12,49.26,48.72,64014,10.3835,1.7249,0.1661193239273848
103,2020-06-10,49.11,48.37,49.11,48.14,71686,9.805,1.6288,0.16611932687404385
104,2020-06-11,48.37,47.47,48.47,47.27,91102,9.4878,1.5761,0.166118594405447
105,2020-06-12,46.82,47.02,47.2,46.49,86589,9.4021,1.5618,0.16611182608140734
106,2020-06-15,46.55,46.5,47.16,46.5,64975,9.6035,1.5953,0.16611652001874316
107,2020-06-16,46.95,47.18,47.27,46.65,68153,9.5136,1.5803,0.16610956945845948
108,2020-06-17,47.13,47.39,47.61,47.04,63295,9.6421,1.6017,0.16611526534676058
109,2020-06-18,47.51,48.03,48.25,47.15,75227,9.6957,1.6106,0.16611487566653257
110,2020-06-19,48.14,48.07,48.36,47.57,111778,9.6871,1.6092,0.16611782680059048
111,2020-06-22,48.02,47.82,48.7,47.74,93571,9.55,1.5864,0.1661151832460733
112,2020-06-23,47.7,47.22,47.72,47.14,64495,9.505,1.5789,0.16611257233035243
113,2020-06-24,47.32,47.64,48.1,47.17,68373,9.3593,1.5547,0.1661128503200026
114,2020-06-29,47.5,46.7,47.5,46.63,70541,9.4707,1.5732,0.16611232538249546
115,2020-06-30,46.98,47.1,47.11,46.7,70559,9.5671,1.5892,0.16611094270991208
116,2020-07-01,47.12,48.58,48.62,46.9,139617,9.76,1.6213,0.16611680327868852
117,2020-07-02,48.5,51.28,51.5,48.27,350728,9.9207,1.648,0.16611731027044463
118,2020-07-03,52.0,53.37,53.76,51.97,393328,9.895,1.6437,0.16611419909044972
119,2020-07-06,54.87,58.43,58.43,54.87,485983,9.7064,1.6124,0.1661172010220061
120,2020-07-07,60.52,59.52,62.49,58.65,494987,9.7043,1.612,0.16611192976309472
121,2020-07-08,58.82,61.42,63.9,58.82,408643,9.8457,1.6355,0.16611312552687973
122,2020-07-09,61.11,61.49,64.27,60.02,379946,9.7857,1.6255,0.16610973154705333
123,2020-07-10,59.82,58.7,60.4,58.4,328313,9.5007,1.5782,0.1661140758049407
124,2020-07-13,58.33,58.76,59.96,57.28,262434,9.3743,1.5572,0.16611373649232475
125,2020-07-14,58.62,59.29,60.2,58.38,263363,9.4193,1.5647,0.16611637807480387
126,2020-07-15,60.25,58.75,60.82,58.11,217353,9.2243,1.5323,0.16611558600652626
127,2020-07-16,59.9,57.39,62.34,57.39,417860,9.235,1.5341,0.1661180292365999
128,2020-07-17,57.7,55.37,58.37,54.78,291221,9.0936,1.5106,0.16611682941849212
129,2020-07-20,57.32,60.63,60.63,56.84,385203,9.2843,1.5423,0.1661191473778314
130,2020-07-21,62.82,59.27,63.81,58.83,482070,9.6614,1.6049,0.16611464177034382
131,2020-07-22,58.32,58.2,60.2,57.21,350368,9.7364,1.6174,0.16611889404708105
132,2020-07-23,57.31,57.27,58.12,56.52,240546,9.6571,1.6042,0.16611612181710866
133,2020-07-24,56.93,54.71,57.52,54.65,271885,9.5328,1.5835,0.1661106915072172
134,2020-07-27,54.72,54.44,55.42,53.7,151074,9.6121,1.5967,0.1661135443867625
135,2020-07-28,54.87,54.72,55.32,54.4,118259,9.49,1.5764,0.16611169652265542
136,2020-07-29,54.72,56.43,57.1,54.22,206883,9.7578,1.6209,0.1661132632355654
137,2020-07-30,56.31,55.38,56.31,55.29,117638,9.7707,1.6231,0.16611911122028106
138,2020-07-31,55.39,55.68,56.6,54.66,153696,9.7664,1.6223,0.16611033748361728
139,2020-08-03,55.98,57.32,57.71,55.98,193440,9.6678,1.606,0.16611845507768055
140,2020-08-04,57.67,61.6,62.77,57.42,481144,9.6635,1.6053,0.16611993584105136
141,2020-08-05,60.11,59.97,60.32,58.78,278173,9.7128,1.6134,0.16611069928341982
142,2020-08-06,59.97,60.82,61.62,59.52,252958,9.6314,1.5999,0.1661129223165895
143,2020-08-07,60.23,59.19,60.67,58.33,180923,9.6228,1.5985,0.1661158914245334
144,2020-08-10,58.76,63.28,63.83,58.76,397656,9.2886,1.6013,0.17239411752040135
145,2020-08-11,62.88,61.97,64.56,61.44,318998,9.2157,1.5888,0.17240144535954946
146,2020-08-12,61.93,63.13,64.53,61.29,336521,9.1236,1.5729,0.1723990530053926
147,2020-08-13,63.45,62.98,64.03,61.68,158127,9.2693,1.598,0.1723970526361214
148,2020-08-14,62.49,66.73,68.15,61.95,327262,9.2629,1.5969,0.17239741333707587
149,2020-08-17,66.24,71.44,72.98,66.24,572613,9.2779,1.5995,0.172398926481208
150,2020-08-18,71.23,70.81,71.43,69.43,321588,9.3679,1.615,0.17239722883463743
151,2020-08-19,70.11,67.94,70.14,67.04,278027,9.1429,1.5762,0.17239606689343645
152,2020-08-20,67.53,66.65,68.7,65.73,223735,8.9243,1.5385,0.1723944735161301
153,2020-08-21,66.73,67.58,68.23,66.23,206237,8.9457,1.5422,0.1723956761349028
154,2020-08-24,67.13,65.89,67.3,65.56,162223,8.9693,1.5463,0.1723991838828002
155,2020-08-25,65.92,66.17,67.51,65.58,129330,8.7786,1.5134,0.17239650969402864
156,2020-08-26,64.63,62.73,66.15,62.53,386078,8.8215,1.5208,0.17239698463980047
157,2020-08-27,62.73,64.3,65.59,62.43,178872,8.815,1.5197,0.17239931934203065
158,2020-08-28,64.23,65.92,66.6,63.79,182181,8.785,1.5145,0.1723961297666477
159,2020-08-31,65.73,64.08,67.1,64.03,231099,8.9393,1.5411,0.1723960489076326
160,2020-09-01,63.25,63.99,64.59,63.24,137609,8.7143,1.5023,0.17239479935278795
161,2020-09-02,64.16,63.61,64.32,62.98,128097,8.7422,1.5071,0.17239367664889846
162,2020-09-03,63.78,62.92,63.96,62.63,135321,8.5922,1.4813,0.17240054933544377
163,2020-09-04,62.15,62.33,62.68,61.94,78269,8.5279,1.4702,0.1723988320688563
164,2020-09-07,62.14,61.03,63.12,60.91,114367,8.6372,1.489,0.1723938313342287
165,2020-09-08,61.03,65.43,65.46,61.03,313428,8.6822,1.4968,0.17239870079012232
166,2020-09-09,64.22,64.47,66.43,64.11,240628,8.6822,1.4968,0.17239870079012232
167,2020-09-10,65.71,65.03,67.17,64.25,245463,16.1057,1.5989,0.0992754118107254
168,2020-09-11,64.83,64.69,65.74,64.0,171323,15.4678,1.5356,0.09927720813561075
169,2020-09-14,65.45,62.66,65.61,62.23,221817,14.9283,1.482,0.09927453226422299
170,2020-09-15,62.24,64.65,64.65,61.93,192917,15.5465,1.5434,0.09927636445502204
171,2020-09-16,64.23,65.14,66.71,63.83,176651,15.267,1.5156,0.09927294163882885
172,2020-09-17,65.12,65.31,66.43,64.59,107973,15.7237,1.561,0.09927688775542652
173,2020-09-18,65.36,71.42,71.42,65.36,386484,16.0388,1.5923,0.09927800084794375
174,2020-09-21,73.46,69.05,73.51,68.72,345773,16.0348,1.5919,0.09927782073989073
175,2020-09-22,68.62,67.36,69.31,67.11,224570,17.0626,1.6939,0.09927560864112152
176,2020-09-23,67.68,67.33,67.98,66.43,132158,17.291,1.7166,0.09927708056214214
177,2020-09-24,66.5,66.83,68.91,66.43,198799,17.4643,1.7338,0.09927681040751704
178,2020-09-25,66.92,66.83,67.45,65.91,122273,17.7793,1.7651,0.09927837428920148
179,2020-09-28,66.81,67.73,68.73,66.81,141145,17.4131,1.7287,0.09927583256284062
180,2020-09-29,68.65,67.98,69.01,67.61,115481,18.1298,1.7998,0.09927302011053625
181,2020-09-30,68.23,66.31,68.42,65.73,161035,18.555,1.8421,0.09927782268930208
182,2020-10-09,67.07,67.24,68.71,66.89,141827,18.0116,1.7881,0.09927491172355593
183,2020-10-12,67.53,71.32,72.3,67.44,225229,17.799,1.767,0.0992752401820327
184,2020-10-13,70.54,70.26,70.62,68.34,189008,17.8856,1.7756,0.09927539473095676
185,2020-10-14,69.73,69.78,70.01,68.88,104581,17.3973,1.7271,0.0992740252797848
186,2020-10-15,69.79,70.72,72.4,69.68,190623,18.1534,1.8022,0.09927616865160245
187,2020-10-16,70.59,72.06,72.73,70.23,188324,18.2794,1.8147,0.0992756873858004
188,2020-10-19,72.04,71.73,74.53,71.65,202966,18.2951,1.8163,0.0992779487403731
189,2020-10-20,71.33,71.74,72.56,70.44,124223,18.5708,1.8436,0.09927412927822173
190,2020-10-21,71.91,73.73,74.19,71.74,162267,18.8976,1.8761,0.09927715688764711
191,2020-10-22,72.35,72.93,73.52,70.78,150630,19.063,1.8925,0.09927608456171642
192,2020-10-23,72.22,71.93,74.42,71.92,187885,18.4566,1.8323,0.09927613970070326
193,2020-10-26,70.75,69.83,71.14,68.43,198738,18.2951,1.8163,0.0992779487403731
194,2020-10-27,69.48,70.99,71.22,69.39,124577,18.4684,1.8335,0.09927768512702778
195,2020-10-28,70.52,72.24,72.99,68.74,197369,18.0156,1.7885,0.09927507271475833
196,2020-10-29,71.24,73.33,73.76,69.7,199776,17.8856,1.7756,0.09927539473095676
197,2020-10-30,72.81,68.43,73.32,67.73,250449,18.114,1.7983,0.09927680247322512
198,2020-11-02,68.43,65.78,69.22,64.23,305380,18.0628,1.7932,0.09927585977810749
199,2020-11-03,65.8,66.93,67.51,65.77,169967,17.9959,1.7866,0.09927816891625316
200,2020-11-04,65.23,64.19,65.8,63.22,291833,18.1416,1.801,0.09927459540503593
201,2020-11-05,65.21,63.15,65.41,62.29,292680,18.307,1.8174,0.09927350193914897
202,2020-11-06,63.24,61.21,63.37,60.73,285856,17.9211,1.7791,0.09927404009798506
203,2020-11-09,61.73,62.47,62.88,61.19,322513,18.0352,1.7905,0.09927807842441448
204,2020-11-10,62.73,63.02,64.56,62.56,291501,17.1611,1.7037,0.09927685288239098
205,2020-11-11,62.38,63.69,64.13,61.93,184225,18.8976,1.8761,0.09927715688764711
206,2020-11-12,63.41,63.46,63.76,62.73,107991,19.4686,1.9328,0.09927781145023269
207,2020-11-13,62.73,61.61,63.04,61.31,153176,19.4883,1.9347,0.0992749495851357
208,2020-11-16,62.22,62.64,62.88,61.89,119831,20.1341,1.9988,0.09927436538012625
209,2020-11-17,62.32,62.66,63.44,61.84,127201,19.7167,1.9574,0.09927624805368039
210,2020-11-18,62.65,64.24,64.85,62.41,238066,19.6931,1.955,0.09927334954882674
211,2020-11-19,63.77,64.78,64.88,63.65,157348,19.9648,1.982,0.09927472351338355
212,2020-11-20,64.26,64.13,64.75,63.71,104124,20.016,1.9871,0.09927557953637092
213,2020-11-23,64.22,64.32,65.0,62.66,171472,20.1814,2.0035,0.09927457956336032
214,2020-11-24,64.33,62.93,64.61,62.78,141935,19.8151,1.9672,0.09927782347805461
215,2020-11-25,63.17,64.05,65.55,63.13,276218,19.8427,1.9699,0.09927580420003326
216,2020-11-26,63.92,65.68,66.06,63.54,216749,19.5316,1.939,0.09927502099162383
217,2020-11-27,65.83,66.25,66.55,64.81,179418,19.949,1.9805,0.09927815930623088
218,2020-11-30,66.67,65.46,69.11,65.46,362047,19.7718,1.9629,0.09927775923284679
219,2020-12-01,65.23,66.39,66.73,64.23,236045,20.0593,1.9914,0.09927564770455599
