,日期,开盘,收盘,最高,最低,成交量,pe,pb,roe
0,2020-01-03,45.32,45.33,46.59,44.63,186972,18.9787,3.7337,0.19673107220199484
1,2020-01-06,44.56,45.73,46.11,44.07,192863,18.7751,3.6936,0.19672864591932934
2,2020-01-07,46.14,46.02,46.34,45.28,140848,18.4358,3.6269,0.19673135963722757
3,2020-01-08,45.51,44.9,45.87,44.76,131924,18.5263,3.6447,0.19673113357767066
4,2020-01-09,45.17,46.74,47.42,45.17,226876,19.2162,3.7804,0.19672984252869974
5,2020-01-10,46.74,45.91,46.92,45.48,129190,18.8543,3.7092,0.19672965848639304
6,2020-01-13,45.91,46.14,46.23,44.78,113457,17.1351,3.371,0.1967306873026711
7,2020-01-14,46.14,45.37,46.59,45.35,103327,17.0786,3.3599,0.1967315822139988
8,2020-01-15,45.06,45.68,45.75,44.58,96887,17.0446,3.3532,0.19673092944392948
9,2020-01-16,45.68,45.15,45.82,44.97,73089,17.1238,3.3688,0.19673203377754936
10,2020-01-17,45.37,46.72,47.1,45.37,224867,17.022,3.3487,0.19672776407002704
11,2020-01-20,46.72,46.5,47.08,45.69,165926,17.203,3.3843,0.19672731500319712
12,2020-01-21,46.5,44.81,46.52,44.72,133597,17.0899,3.3621,0.19673023247649196
13,2020-01-22,44.6,44.69,45.08,43.26,127386,17.1125,3.3665,0.19672753834915996
14,2020-01-23,45.12,46.36,47.8,44.83,298399,17.4066,3.4244,0.1967299759861202
15,2020-02-03,41.93,41.93,41.93,41.93,40851,17.6215,3.4667,0.1967312657832761
16,2020-02-04,38.24,40.56,41.73,38.24,255790,17.9495,3.5312,0.19672971391960778
17,2020-02-05,41.19,42.02,42.92,40.85,197776,17.4179,3.4266,0.19672865270784654
18,2020-02-06,42.15,43.37,44.07,42.06,183590,17.6554,3.4733,0.1967273468740442
19,2020-02-07,43.39,44.78,44.9,42.9,185694,17.2708,3.3977,0.1967308983949788
20,2020-02-10,45.69,45.14,46.52,44.04,179584,17.5536,3.4533,0.19672887612797377
21,2020-02-11,44.88,43.73,45.06,43.43,136372,17.0446,3.3532,0.19673092944392948
22,2020-02-12,43.55,44.61,45.03,43.34,202443,17.8816,3.589,0.20070910880458126
23,2020-02-13,44.61,47.39,48.66,44.61,442399,18.1191,3.6366,0.20070533304634336
24,2020-02-14,46.81,45.66,47.12,45.35,295120,18.153,3.6434,0.20070511761141413
25,2020-02-17,45.86,47.48,47.71,45.59,319299,18.4245,3.6979,0.20070558224103777
26,2020-02-18,47.58,47.75,48.0,46.77,258331,18.5941,3.732,0.2007088269935087
27,2020-02-19,47.6,46.29,47.6,45.95,228630,18.809,3.7751,0.20070710829921845
28,2020-02-20,46.31,47.08,47.28,45.28,224882,18.9335,3.8001,0.20070774024876542
29,2020-02-21,47.22,50.36,51.42,47.17,514644,18.9448,3.8023,0.2007041510071365
30,2020-02-24,49.29,54.33,55.18,48.95,571798,19.3067,3.875,0.20070752640275139
31,2020-02-25,52.52,52.25,53.34,49.47,478556,19.2162,3.8568,0.20070565460392792
32,2020-02-26,50.73,49.76,52.17,49.69,278419,19.2275,3.8591,0.20070732024444157
33,2020-02-27,46.25,45.87,47.49,44.99,1394105,19.3067,3.875,0.20070752640275139
34,2020-02-28,43.53,42.36,44.13,42.15,643645,19.4763,3.909,0.20070547280540965
35,2020-03-02,42.35,43.57,43.91,40.74,822106,19.8496,3.9839,0.20070429630823797
36,2020-03-03,43.93,43.71,45.44,43.01,845224,20.0645,4.0271,0.2007077176107055
37,2020-03-04,42.92,42.44,43.25,41.52,612124,19.0013,3.8137,0.20070732002547192
38,2020-03-05,43.05,42.9,43.25,41.91,502624,18.7186,3.7569,0.20070411248704498
39,2020-03-06,42.09,42.33,42.62,41.91,313251,19.0805,3.8296,0.2007075286287047
40,2020-03-09,41.64,41.95,43.17,41.55,454748,19.0013,3.8137,0.20070732002547192
41,2020-03-10,41.61,42.72,42.72,40.26,544640,19.2615,3.8659,0.2007060716974275
42,2020-03-11,42.85,41.28,42.85,41.28,489834,19.3632,3.8863,0.2007054619071228
43,2020-03-12,40.44,40.24,41.14,39.93,301697,19.9853,4.0112,0.20070752002722
44,2020-03-13,38.13,39.39,40.04,37.95,401973,19.9061,3.9953,0.20070732087149165
45,2020-03-16,39.48,38.28,40.29,38.15,346441,20.1437,4.043,0.20070791364049306
46,2020-03-17,38.84,38.8,39.3,37.38,297366,20.121,4.0384,0.20070573033149447
47,2020-03-18,39.05,38.17,39.61,38.13,292569,19.9853,4.0112,0.20070752002722
48,2020-03-19,38.28,38.76,38.94,37.54,256558,19.7026,3.9544,0.20070447555145007
49,2020-03-20,39.23,38.8,39.34,38.19,219654,19.827,3.9794,0.2007061078327533
50,2020-03-23,37.77,36.98,38.44,36.78,245529,19.9966,4.0135,0.20070912055049356
51,2020-03-24,37.65,37.34,37.74,35.97,263493,19.9514,4.0044,0.20070771975901444
52,2020-03-25,38.12,38.04,38.28,37.54,259163,19.793,3.9726,0.2007073207699692
53,2020-03-26,37.59,37.45,37.9,37.32,169761,20.1097,4.0362,0.20070911052874982
54,2020-03-27,38.13,37.76,38.3,37.56,219209,20.5508,4.1247,0.200707515035911
55,2020-03-30,37.52,36.51,37.54,36.15,203327,20.2681,4.0679,0.20070455543440183
56,2020-03-31,36.84,36.21,37.04,36.08,150397,20.5848,4.1315,0.2007063464303758
57,2020-04-01,36.06,36.14,36.77,35.79,166807,20.7431,4.1633,0.20070770521281775
58,2020-04-02,35.99,37.04,37.04,35.92,190647,21.0937,4.2337,0.20070921649592058
59,2020-04-03,36.96,36.42,36.96,36.26,154592,21.2068,4.2564,0.20070920648094007
60,2020-04-07,37.02,37.22,37.49,36.95,269925,21.1277,4.2405,0.20070807518092362
61,2020-04-08,37.04,38.4,38.94,36.89,387586,21.105,4.4371,0.2102392797915186
62,2020-04-09,38.31,38.42,38.98,38.17,225498,20.9919,4.4134,0.21024299848989372
63,2020-04-10,38.37,37.38,38.49,37.23,192070,20.7544,4.3634,0.2102397563890067
64,2020-04-13,37.27,36.6,37.27,36.48,119752,21.3312,4.4847,0.21024133663366337
65,2020-04-14,36.87,37.43,37.43,36.71,145821,21.5461,4.5299,0.21024222481098667
66,2020-04-15,37.58,36.91,37.63,36.86,153027,21.4217,4.5037,0.21024008365349156
67,2020-04-16,36.71,37.36,37.41,36.53,150145,21.2747,4.4728,0.2102403324136181
68,2020-04-17,38.03,37.5,38.12,37.38,223489,21.3765,4.4942,0.21024021706079107
69,2020-04-20,37.54,38.17,38.39,37.32,267941,21.761,4.575,0.21023850006893066
70,2020-04-21,38.04,39.03,39.21,37.61,426841,21.8628,4.5964,0.21023839581389392
71,2020-04-22,38.67,38.85,39.02,38.37,279601,21.467,4.5132,0.21023897144454282
72,2020-04-23,38.94,38.31,39.03,38.22,208402,21.3199,4.4823,0.2102401981247567
73,2020-04-24,37.77,36.95,37.77,36.71,288878,21.286,4.4752,0.21024147326881518
74,2020-04-27,36.96,36.51,37.09,36.46,158661,21.4557,4.5108,0.2102378388959577
75,2020-04-28,36.51,35.27,36.53,34.08,301419,21.9081,4.606,0.21024187401006933
76,2020-04-29,34.77,34.84,35.42,34.59,153737,21.6592,4.5536,0.2102386053039817
77,2020-04-30,34.95,35.72,36.03,34.95,242723,22.1795,4.663,0.21023918483284115
78,2020-05-06,34.53,35.6,35.72,34.35,301865,22.4396,4.7177,0.21023993297563237
79,2020-05-07,35.6,35.07,36.21,34.97,261504,22.3944,4.7082,0.21024006001500373
80,2020-05-08,35.09,35.61,35.85,35.09,327850,22.5867,4.7486,0.21023876883298576
81,2020-05-11,35.51,34.39,35.51,34.08,724684,21.9646,4.6178,0.21023829252524515
82,2020-05-12,34.1,33.58,34.1,33.27,434127,21.9081,4.606,0.21024187401006933
83,2020-05-13,33.26,34.23,34.34,33.26,393094,22.2134,4.6702,0.2102424662591049
84,2020-05-14,33.99,33.92,34.25,33.65,217516,21.761,4.575,0.21023850006893066
85,2020-05-15,34.08,33.81,34.16,33.69,236762,21.8289,4.5893,0.21023963644526292
86,2020-05-18,33.8,33.8,34.62,33.62,309445,21.3086,4.4799,0.21023905840834217
87,2020-05-19,34.12,34.17,34.19,33.54,227532,21.9194,4.6083,0.21023841893482487
88,2020-05-20,34.17,35.52,36.24,34.07,613613,22.3152,4.6916,0.2102423460242346
89,2020-05-21,35.43,34.77,35.43,34.39,337363,22.5528,4.7415,0.21023997020325635
90,2020-05-22,34.53,33.83,34.55,33.54,233522,22.27,4.6821,0.21024247867085766
91,2020-05-25,33.45,33.71,35.18,33.42,404513,21.5801,4.537,0.21023998962006663
92,2020-05-26,33.63,34.34,34.46,33.47,252942,21.8968,4.6036,0.2102407657739944
93,2020-05-27,34.17,33.9,34.32,33.72,196250,22.9373,4.8223,0.21023834540246672
94,2020-05-28,33.94,33.78,34.05,33.17,225664,23.8987,5.0245,0.21024156125647
95,2020-05-29,33.69,34.27,34.27,33.42,174216,24.3963,5.1291,0.21024089718522893
96,2020-06-01,34.23,35.03,35.13,34.14,328539,23.2992,4.8984,0.21023897816234033
97,2020-06-02,35.04,34.88,35.17,34.67,237617,24.0344,5.053,0.2102403222048397
98,2020-06-03,34.99,34.81,35.24,34.77,265184,23.2314,4.8842,0.21024131132863277
99,2020-06-04,34.94,34.2,34.94,34.05,256130,22.8581,4.8057,0.210240571176082
100,2020-06-05,34.16,34.56,34.59,34.02,189443,22.8694,4.8081,0.2102416329243443
101,2020-06-08,35.28,34.68,35.3,34.56,267517,21.9194,4.6083,0.21023841893482487
102,2020-06-09,34.99,36.03,36.2,34.79,524424,21.4557,4.5108,0.2102378388959577
103,2020-06-10,36.03,36.5,36.7,35.62,414187,20.8901,4.3919,0.2102383425641811
104,2020-06-11,36.52,37.1,37.92,36.29,619131,20.7092,4.3539,0.21023989338071972
105,2020-06-12,36.2,36.47,36.92,36.09,420697,20.5961,4.3301,0.21023883162346269
106,2020-06-15,36.21,35.4,36.21,35.37,355200,21.3652,4.4918,0.21023908037369177
107,2020-06-16,35.73,36.52,36.52,35.62,303745,20.9693,4.4086,0.21024068519216185
108,2020-06-17,36.72,36.25,36.72,35.98,222594,21.1955,4.4562,0.21024274020428865
109,2020-06-18,36.32,35.89,36.52,35.82,239282,21.1163,4.4395,0.21024043037842804
110,2020-06-19,36.02,35.84,36.12,35.75,248669,21.1503,4.4466,0.210238152650317
111,2020-06-22,35.87,35.96,36.29,35.82,258560,21.3765,4.4942,0.21024021706079107
112,2020-06-23,35.98,35.6,36.16,35.57,217047,21.5461,4.5299,0.21024222481098667
113,2020-06-24,35.71,36.23,36.56,35.6,410797,20.8449,4.3824,0.2102384755983478
114,2020-06-29,36.11,35.01,36.11,34.81,357504,21.5122,4.5227,0.2102388412156823
115,2020-06-30,35.22,35.19,35.4,35.06,218058,21.9081,4.606,0.21024187401006933
116,2020-07-01,35.22,35.48,35.8,34.77,320506,21.5348,4.5275,0.21024109812953914
117,2020-07-02,35.44,36.38,36.7,35.26,581239,21.2408,4.4657,0.21024161048548076
118,2020-07-03,36.48,37.11,37.4,36.18,636257,20.3925,4.2873,0.21023905847738142
119,2020-07-06,37.51,38.63,39.02,37.37,866591,20.3133,4.2707,0.21024156587063644
120,2020-07-07,39.24,38.61,39.83,38.41,885453,20.0871,4.2231,0.21023940738085636
121,2020-07-08,38.72,39.2,39.47,38.61,694599,20.4717,4.304,0.21024145527728524
122,2020-07-09,39.67,40.48,41.0,39.49,998865,20.5169,4.3135,0.21024131325882567
123,2020-07-10,40.53,39.31,40.55,39.27,721629,20.6074,4.3325,0.2102400108698817
124,2020-07-13,39.04,41.06,41.25,38.34,898371,20.1323,4.2326,0.21023926724716002
125,2020-07-14,41.11,40.26,41.56,39.69,804195,19.8835,4.1283,0.20762441220107125
126,2020-07-15,40.35,38.73,40.57,38.46,584560,19.9627,4.1447,0.20762221543178028
127,2020-07-16,38.86,37.08,39.24,36.75,589253,20.2341,4.2011,0.2076247522746255
128,2020-07-17,36.88,36.57,37.35,36.21,413391,19.8383,4.1189,0.207623637106002
129,2020-07-20,36.86,37.67,37.67,36.39,391671,19.9174,4.1353,0.20762248084589352
130,2020-07-21,37.82,38.12,38.63,37.58,385497,20.5056,4.2574,0.20762133270911357
131,2020-07-22,37.87,37.74,38.34,37.6,389698,20.9806,4.3561,0.20762513941450672
132,2020-07-23,37.24,37.11,37.6,36.36,390947,20.1323,4.18,0.20762655036930702
133,2020-07-24,36.88,36.14,37.71,35.73,388800,19.8948,4.1306,0.2076220922049983
134,2020-07-27,36.16,36.97,37.17,35.64,314222,19.9061,4.133,0.2076247984286224
135,2020-07-28,37.19,36.86,37.37,36.48,217431,19.974,4.1471,0.20762491238610192
136,2020-07-29,36.79,37.58,37.64,36.56,332888,20.1663,4.187,0.20762360968546537
137,2020-07-30,37.6,37.1,37.74,37.02,223854,19.7591,4.1025,0.20762585340425424
138,2020-07-31,37.06,37.19,37.64,36.75,265483,20.2681,4.2081,0.20762182937719864
139,2020-08-03,37.2,38.18,38.19,37.19,409708,21.0372,4.3678,0.20762268742988613
140,2020-08-04,38.3,37.87,38.46,37.69,293037,20.6979,4.2974,0.20762492813280573
141,2020-08-05,38.63,37.94,38.63,37.83,318014,21.0259,4.3655,0.20762488169353036
142,2020-08-06,38.05,37.53,38.1,36.97,331103,21.105,4.3819,0.20762378583274105
143,2020-08-07,37.37,36.7,37.38,36.39,308559,20.5508,4.2668,0.2076220877046149
144,2020-08-10,36.83,37.1,37.31,36.81,224210,20.8223,4.3232,0.20762355743601812
145,2020-08-11,37.1,36.38,37.29,36.27,243896,21.6027,4.4852,0.20762219537372645
146,2020-08-12,36.39,36.11,36.57,35.42,280672,21.8741,4.5416,0.20762454226688185
147,2020-08-13,36.11,36.16,36.38,36.0,164664,38.4622,4.8803,0.12688561756737785
148,2020-08-14,36.07,36.39,36.41,35.89,153736,39.0363,4.9531,0.12688446394765898
149,2020-08-17,36.41,37.02,37.04,36.25,260714,39.2276,4.9774,0.12688515229073408
150,2020-08-18,37.13,36.86,37.2,36.63,194364,38.3091,4.8608,0.12688369082019677
151,2020-08-19,36.86,36.25,36.88,36.18,192719,37.6011,4.771,0.12688458582328707
152,2020-08-20,36.07,36.09,36.47,35.85,140675,37.448,4.7516,0.12688528092287973
153,2020-08-21,36.27,36.32,36.57,36.07,135390,36.9696,4.6909,0.1268853328139877
154,2020-08-24,36.34,36.52,36.74,35.89,142575,37.5246,4.7613,0.12688476359508163
155,2020-08-25,36.61,36.18,36.66,36.11,144393,36.6443,4.6496,0.12688467237742296
156,2020-08-26,36.11,35.26,36.14,35.12,241654,37.4672,4.754,0.12688431481402399
157,2020-08-27,35.26,35.64,35.76,35.13,111590,38.577,4.8948,0.12688389454856522
158,2020-08-28,35.51,35.82,35.82,35.21,141547,38.5579,4.8924,0.12688450356476885
159,2020-08-31,35.94,35.85,36.54,35.73,311951,37.2949,4.7322,0.12688598172940535
160,2020-09-01,36.05,35.98,36.34,35.64,135343,36.453,4.6253,0.126883932735303
161,2020-09-02,35.85,35.8,35.96,35.55,135730,37.1036,4.7079,0.1268852618074796
162,2020-09-03,35.8,35.24,35.84,35.17,179042,36.1468,4.5865,0.12688536744608098
163,2020-09-04,34.9,34.99,35.21,34.65,147662,36.2233,4.5962,0.12688518163723347
164,2020-09-07,35.17,34.49,35.3,34.41,177953,36.5487,4.6375,0.12688549797940832
165,2020-09-08,34.54,34.94,35.01,34.36,133512,37.869,4.805,0.12688478702896827
166,2020-09-09,34.68,34.23,34.68,34.05,170034,37.5437,4.7637,0.12688413768488455
167,2020-09-10,34.54,33.73,34.59,33.73,145205,38.1752,4.8439,0.1268860411995222
168,2020-09-11,33.77,33.98,34.05,33.44,102440,37.4289,4.7492,0.12688590901682925
169,2020-09-14,34.07,34.05,34.49,33.8,129154,37.0462,4.7006,0.12688480869832802
170,2020-09-15,34.13,33.78,34.25,33.62,173527,38.9789,4.9458,0.12688403213020377
171,2020-09-16,33.77,33.59,33.8,33.37,139261,38.9406,4.941,0.12688556416696198
172,2020-09-17,33.6,34.04,34.05,33.42,134143,38.3091,4.8608,0.12688369082019677
173,2020-09-18,33.98,34.25,34.25,33.71,153309,38.9789,4.9458,0.12688403213020377
174,2020-09-21,34.31,34.29,34.58,34.2,117145,38.4239,4.8754,0.12688456923945773
175,2020-09-22,34.09,33.91,34.13,33.78,92968,39.6103,5.026,0.1268861886933449
176,2020-09-23,33.95,34.04,34.16,33.75,78488,40.5097,5.1401,0.1268856594840248
177,2020-09-24,33.77,33.05,33.8,32.96,173863,41.6195,5.2809,0.1268852340849842
178,2020-09-25,33.06,32.88,33.24,32.65,111422,43.1504,5.4751,0.12688410767918723
179,2020-09-28,32.83,32.47,32.99,32.47,91148,42.3275,5.3707,0.1268844132065442
180,2020-09-29,32.49,32.6,32.92,32.47,77839,42.7294,5.4217,0.12688453383384743
181,2020-09-30,32.65,32.02,32.76,31.84,116345,43.3417,5.4994,0.12688473225554142
182,2020-10-09,32.4,32.47,32.63,32.24,116125,42.8442,5.4363,0.12688531936644867
183,2020-10-12,33.1,34.16,34.18,33.05,289616,44.2028,5.6087,0.12688562715484086
184,2020-10-13,33.91,33.82,33.96,33.53,126316,44.0497,5.5892,0.12688395153655985
185,2020-10-14,33.84,33.23,33.89,33.15,142447,42.7677,5.4266,0.12688547665644867
186,2020-10-15,33.23,32.96,33.33,32.92,86988,46.4991,5.9,0.1268841762528737
187,2020-10-16,32.87,32.83,33.15,32.7,80403,50.6323,6.4245,0.12688540714129123
188,2020-10-19,33.1,32.81,33.26,32.67,87929,53.273,6.7595,0.12688416270906464
189,2020-10-20,32.65,32.96,32.97,32.58,71195,55.4927,7.0412,0.12688515786761143
190,2020-10-21,32.96,32.38,32.97,32.18,125306,51.2638,6.5046,0.12688485832107646
191,2020-10-22,32.38,32.36,32.38,32.04,72733,47.7811,6.0627,0.12688489800360395
192,2020-10-23,32.33,32.16,32.54,32.13,81080,46.9392,5.9559,0.12688541773187442
193,2020-10-26,32.13,31.82,32.13,31.71,92363,48.4892,6.1525,0.12688392466776108
194,2020-10-27,31.8,31.55,31.93,31.5,89743,48.2021,6.1161,0.12688451333033207
195,2020-10-28,31.57,31.12,31.59,30.81,141243,46.2694,5.8709,0.12688515519976487
196,2020-10-29,30.8,31.07,31.12,30.6,120635,48.1064,6.104,0.12688540402108658
197,2020-10-30,31.12,30.69,31.52,30.65,116446,45.1596,5.7301,0.12688553485859044
198,2020-11-02,30.76,29.36,30.94,29.21,273956,44.222,5.6111,0.1268848084663742
199,2020-11-03,29.45,30.17,30.36,29.07,235395,45.7145,5.8005,0.126885342724956
200,2020-11-04,29.97,29.72,29.99,29.45,142206,45.3318,5.7519,0.12688443873836908
201,2020-11-05,30.13,30.33,30.47,29.7,167301,43.8392,5.5625,0.12688415847004508
202,2020-11-06,30.31,29.95,30.51,29.77,135604,42.4041,5.3804,0.12688395697585847
203,2020-11-09,30.13,30.8,30.99,30.13,229135,40.8541,5.1838,0.12688567365331752
204,2020-11-10,30.76,30.27,30.78,30.15,159190,42.3084,5.3683,0.12688496846961833
205,2020-11-11,30.24,29.93,30.24,29.64,143501,47.0157,5.9656,0.1268852744934139
206,2020-11-12,29.95,29.46,30.06,29.37,161560,45.2361,5.7398,0.12688538578701522
207,2020-11-13,29.43,29.43,29.72,29.16,155797,45.3701,5.7568,0.12688532756154383
208,2020-11-16,29.43,29.61,29.68,29.27,128071,47.1688,5.985,0.12688472040840557
209,2020-11-17,29.54,29.32,29.55,29.21,126589,47.3984,6.0141,0.1268840298406697
210,2020-11-18,29.32,29.48,29.54,29.27,109477,45.7337,5.8029,0.12688455121715497
211,2020-11-19,29.39,29.36,29.43,29.25,140985,46.2886,5.8733,0.12688437325821045
212,2020-11-20,29.32,29.41,29.5,29.28,103918,45.9633,5.832,0.12688383993316407
213,2020-11-23,29.43,29.5,29.57,29.12,172216,46.7861,5.9365,0.12688597681790104
214,2020-11-24,29.55,32.24,32.24,29.54,770014,46.5373,5.9049,0.12688531565002695
215,2020-11-25,32.42,32.81,33.32,31.8,927876,47.4176,6.0166,0.12688537589418275
216,2020-11-26,32.47,31.71,32.74,31.5,504198,45.4658,5.7689,0.12688438342666356
217,2020-11-27,31.95,31.57,32.22,31.35,338045,46.6522,5.9195,0.12688576315800756
218,2020-11-30,31.57,32.11,32.9,31.34,449676,46.346,5.8806,0.12688473654684332
219,2020-12-01,32.09,32.43,32.76,31.59,354040,45.925,5.8272,0.12688513881328253
