,日期,开盘,收盘,最高,最低,成交量,pe,pb,roe
0,2020-01-03,188.89,187.67,189.03,187.07,594980,11.4252,2.4054,0.21053460770927426
1,2020-01-06,187.11,186.47,189.01,186.27,636448,11.0153,2.3191,0.2105344384628653
2,2020-01-07,187.29,187.57,188.19,186.61,452188,11.0239,2.3209,0.2105334772630376
3,2020-01-08,187.23,185.27,187.23,184.27,628053,10.9077,2.2964,0.21053017593076453
4,2020-01-09,186.43,185.35,186.49,184.65,598712,10.6752,2.2475,0.21053469724220625
5,2020-01-10,185.97,184.83,186.05,184.49,525865,10.3999,2.1895,0.2105308704891393
6,2020-01-13,185.29,188.17,188.21,184.83,810589,10.5492,2.2209,0.2105278125355477
7,2020-01-14,189.67,188.93,190.91,188.63,716682,10.3436,2.1777,0.2105359836033876
8,2020-01-15,188.89,186.89,189.51,186.63,526217,10.4513,2.2003,0.2105288337336025
9,2020-01-16,187.89,186.37,188.01,186.37,498579,10.4452,2.199,0.21052732355531725
10,2020-01-17,187.57,187.77,189.07,186.97,555370,10.2812,2.1645,0.21052989923355248
11,2020-01-20,191.87,190.47,192.67,189.97,936051,10.1674,2.1406,0.21053563349528887
12,2020-01-21,189.27,186.47,189.85,186.47,727579,9.8298,2.0695,0.21053327636371036
13,2020-01-22,185.27,185.71,186.23,182.93,736577,10.0659,2.1192,0.21053259023038182
14,2020-01-23,183.29,182.25,184.39,180.23,1080021,10.2188,2.1514,0.21053352644146087
15,2020-02-03,168.29,170.69,173.77,168.07,2031499,10.1797,2.1431,0.21052683281432655
16,2020-02-04,171.87,176.13,177.21,171.67,1213481,10.1528,2.1375,0.21053305492081006
17,2020-02-05,176.39,176.03,177.93,174.79,753197,9.9472,2.0942,0.21053160688434933
18,2020-02-06,177.63,178.31,179.21,176.03,672190,9.9032,2.0849,0.21052791017044997
19,2020-02-07,176.47,177.33,177.67,176.11,491631,9.727,2.0478,0.2105273979644289
20,2020-02-10,175.97,175.87,176.55,175.07,593604,9.6854,2.0391,0.21053338013917855
21,2020-02-11,177.05,177.53,178.99,176.27,584322,9.4492,1.9894,0.21053634170088475
22,2020-02-12,177.47,177.67,178.19,176.37,444339,9.5227,2.0048,0.21052852657334578
23,2020-02-13,177.67,176.17,177.67,175.99,562604,9.6242,2.0262,0.21053178446000703
24,2020-02-14,176.01,177.27,177.79,175.69,428765,9.7368,2.0499,0.21053118067537588
25,2020-02-17,177.27,180.05,180.25,176.67,678119,9.9191,2.1559,0.21734834813642365
26,2020-02-18,178.89,178.37,179.49,178.15,513200,10.0573,2.186,0.21735455838047985
27,2020-02-19,177.33,178.67,179.75,177.29,460474,10.2164,2.2205,0.2173466191613484
28,2020-02-20,179.27,181.83,182.49,177.97,833043,10.0451,2.1833,0.2173497526157032
29,2020-02-21,180.27,180.03,181.73,179.27,1093906,10.0818,2.1913,0.21735206014798947
30,2020-02-24,177.27,176.71,177.87,176.27,1035103,9.9387,2.1602,0.21735237002827332
31,2020-02-25,174.87,175.65,175.91,174.29,869001,10.0145,2.1767,0.2173548354885416
32,2020-02-26,174.17,174.93,176.79,173.49,844167,10.0329,2.1806,0.2173449351633127
33,2020-02-27,174.47,174.85,176.07,173.87,666793,9.9595,2.1647,0.2173502685877805
34,2020-02-28,172.47,170.71,173.85,170.69,983923,9.957,2.1642,0.21735462488701415
35,2020-03-02,171.91,174.43,175.67,171.91,712323,9.957,2.1642,0.21735462488701415
36,2020-03-03,176.23,174.25,176.41,173.79,678238,9.8934,2.1503,0.21734691814745186
37,2020-03-04,175.07,176.43,176.77,175.07,677575,9.5312,2.0716,0.21734933691455433
38,2020-03-05,177.29,180.17,180.79,176.51,960643,9.3306,2.028,0.21734936660021864
39,2020-03-06,178.41,177.09,179.11,176.87,584186,9.3966,2.0424,0.21735521358789353
40,2020-03-09,173.09,171.55,173.27,171.31,1055083,9.5373,2.0729,0.21734662850072872
41,2020-03-10,171.55,173.63,174.83,170.93,717006,9.4933,2.0634,0.2173532912685789
42,2020-03-11,173.63,171.57,173.77,171.57,591404,9.4297,2.0495,0.21734519655980572
43,2020-03-12,169.77,168.57,170.23,168.33,901291,9.612,2.0892,0.2173533083645443
44,2020-03-13,159.55,164.69,167.23,159.47,1166157,9.6744,2.1027,0.21734681220540808
45,2020-03-16,164.27,159.27,164.31,158.87,979173,9.9019,2.1522,0.21735222533049214
46,2020-03-17,158.57,159.55,161.27,157.05,950923,10.1418,2.2043,0.21734800528505788
47,2020-03-18,160.33,155.01,161.03,154.97,852181,9.6658,2.1009,0.21735396966624596
48,2020-03-19,153.47,150.89,155.01,147.91,1236761,9.6169,2.0902,0.21734654618432134
49,2020-03-20,152.69,153.27,154.07,149.97,887269,9.7771,2.081,0.2128442994343926
50,2020-03-23,147.27,148.79,150.27,147.27,684080,9.6107,2.0455,0.21283569354989754
51,2020-03-24,151.17,153.17,153.37,150.91,791633,9.4468,2.0106,0.2128339755261041
52,2020-03-25,156.47,155.97,157.73,155.03,928186,9.3624,1.9927,0.2128407246005298
53,2020-03-26,154.23,155.65,157.27,153.97,549870,9.3575,1.9916,0.2128346246326476
54,2020-03-27,157.77,154.71,157.85,154.71,603084,9.4382,2.0088,0.21283719353266511
55,2020-03-30,152.47,153.57,154.05,152.17,467956,9.1837,1.9547,0.2128444962270109
56,2020-03-31,155.49,153.61,155.97,153.29,425368,9.1544,1.9484,0.21283754260246437
57,2020-04-01,153.27,153.91,156.21,153.07,556929,9.2241,1.9633,0.21284461356663523
58,2020-04-02,152.07,154.61,154.61,150.79,512029,9.2902,1.9773,0.21283718326839035
59,2020-04-03,153.47,152.99,153.79,152.09,420254,9.3452,1.989,0.21283653640371528
60,2020-04-07,155.43,155.21,155.87,154.39,619348,9.3746,1.9953,0.21284108121946538
61,2020-04-08,154.41,154.05,154.87,153.91,362459,9.53,2.0284,0.21284365162644284
62,2020-04-09,154.57,154.55,155.19,154.03,368308,9.3648,2.0992,0.22415855117034
63,2020-04-10,154.57,157.25,160.13,154.03,766250,9.3966,2.1063,0.2241555456228849
64,2020-04-13,156.17,155.53,156.85,155.27,355170,9.5569,2.1423,0.22416264688340362
65,2020-04-14,156.63,157.31,157.61,155.77,429697,9.519,2.1338,0.22416220191196554
66,2020-04-15,157.41,156.97,158.03,156.57,381515,9.574,2.1461,0.22415918111552122
67,2020-04-16,156.27,156.03,156.69,155.59,282943,9.4945,2.1283,0.2241613565748591
68,2020-04-17,157.47,160.07,161.91,156.85,903679,9.5643,2.1439,0.2241564986460065
69,2020-04-20,161.05,162.27,162.87,159.47,654194,9.7576,2.1872,0.2241534803640239
70,2020-04-21,161.37,160.01,162.23,158.29,568984,9.9227,2.2243,0.22416277827607403
71,2020-04-22,159.27,159.41,159.41,158.23,377673,9.5667,2.1445,0.2241629820105156
72,2020-04-23,160.05,159.59,160.87,158.91,329666,9.3722,2.1009,0.22416295000106704
73,2020-04-24,157.33,156.27,157.33,155.87,667116,9.4407,2.1162,0.22415710699418476
74,2020-04-27,156.51,157.67,158.49,156.51,481528,9.393,2.1055,0.22415628659640158
75,2020-04-28,158.27,160.03,160.63,157.21,613874,9.4223,2.1121,0.22415970622884007
76,2020-04-29,160.03,163.27,163.67,160.03,531156,9.3391,2.0934,0.22415436176933537
77,2020-04-30,164.19,164.19,165.87,163.69,486255,9.4395,2.1159,0.22415382170665815
78,2020-05-06,161.87,162.89,163.23,161.07,629168,9.437,2.1154,0.22416022040902833
79,2020-05-07,162.67,161.73,162.67,160.89,403123,9.6254,2.1576,0.22415691815405073
80,2020-05-08,163.47,163.81,164.45,161.99,404720,9.3526,2.0965,0.22416226503859885
81,2020-05-11,164.09,165.67,167.47,164.09,495757,9.2865,2.0817,0.2241641091907608
82,2020-05-12,165.67,165.73,166.53,164.81,415450,9.3024,2.0852,0.22415720674234604
83,2020-05-13,165.07,164.55,165.73,163.17,288970,9.4578,2.1201,0.22416418194506119
84,2020-05-14,163.87,162.33,163.87,162.21,349715,9.3452,2.0948,0.2241578564396696
85,2020-05-15,163.09,162.33,164.07,162.23,317507,9.3514,2.0962,0.22415894946211262
86,2020-05-18,162.27,162.27,163.83,161.25,308463,9.4211,2.1118,0.22415641485601473
87,2020-05-19,164.23,163.67,165.07,163.09,341583,9.6658,2.1667,0.2241614765461731
88,2020-05-20,163.87,163.77,164.25,162.87,274835,9.7796,2.1922,0.2241604973618553
89,2020-05-21,164.27,162.63,164.47,162.59,312686,9.8811,2.2149,0.22415520539211223
90,2020-05-22,161.99,158.11,162.07,158.07,577194,10.1307,2.2709,0.22416022584816453
91,2020-05-25,157.87,157.93,158.03,155.87,417101,9.5459,2.1398,0.224159063053248
92,2020-05-26,159.85,158.89,159.87,158.51,271128,9.5704,2.1453,0.22415990972164176
93,2020-05-27,159.31,159.17,161.03,158.91,287152,9.8151,2.2001,0.2241546189035262
94,2020-05-28,159.23,160.89,161.85,159.23,414260,9.9472,2.2298,0.22416358372205242
95,2020-05-29,159.67,159.29,160.47,158.83,268441,10.0769,2.2588,0.22415623852573707
96,2020-06-01,160.67,162.19,162.33,160.33,457673,10.0745,2.2583,0.22416000794084073
97,2020-06-02,161.91,166.43,166.93,161.89,810523,10.5125,2.3565,0.22416171224732465
98,2020-06-03,167.87,167.89,171.25,167.87,991488,10.4843,2.3502,0.22416374960655458
99,2020-06-04,168.71,168.15,169.29,167.03,453880,10.1821,2.2824,0.2241580813388201
100,2020-06-05,168.15,168.47,168.75,166.67,349808,10.2922,2.3071,0.2241600435281087
101,2020-06-08,169.27,171.31,172.31,169.27,766974,9.5386,2.1382,0.22416287505503948
102,2020-06-09,171.33,170.87,172.23,170.51,388517,9.2988,2.0844,0.22415795586527296
103,2020-06-10,171.03,169.03,171.27,168.81,345453,8.9929,2.0158,0.2241546108596782
104,2020-06-11,168.29,166.31,168.81,165.47,586113,8.7359,1.9582,0.2241554962854428
105,2020-06-12,164.07,166.17,166.17,163.81,488259,8.6882,1.9475,0.22415460049262217
106,2020-06-15,165.23,162.95,165.43,162.77,551304,8.8412,1.9818,0.2241550920689499
107,2020-06-16,165.07,164.79,165.23,164.15,341905,8.8044,1.9736,0.22416064694925267
108,2020-06-17,164.27,163.89,164.63,163.07,325896,8.9036,1.9958,0.2241565209578148
109,2020-06-18,163.57,164.67,165.41,162.63,418632,8.9831,2.0136,0.22415424519375268
110,2020-06-19,164.75,164.71,166.05,163.87,635990,8.9806,2.0131,0.22416096920027614
111,2020-06-22,163.87,163.41,165.71,163.09,671831,8.9329,2.0024,0.22416012717034783
112,2020-06-23,162.87,161.79,163.07,161.21,779636,8.988,2.0147,0.22415442812639075
113,2020-06-24,162.37,162.39,163.57,161.89,605136,8.8754,1.9895,0.22415891114766656
114,2020-06-29,162.01,159.89,162.39,159.47,714838,9.0724,2.0337,0.2241633966756316
115,2020-06-30,160.59,160.67,161.43,159.87,451503,9.081,2.0356,0.22416033476489375
116,2020-07-01,161.05,164.87,164.87,160.27,967560,9.2474,2.0729,0.22416030451802668
117,2020-07-02,164.43,169.87,169.89,163.87,1474467,9.3599,2.0981,0.22415837776044617
118,2020-07-03,170.17,173.79,174.85,170.15,1703820,9.3868,2.1041,0.22415519665913838
119,2020-07-06,176.11,186.11,187.63,176.11,2806695,9.2131,2.0652,0.22415907783482214
120,2020-07-07,191.87,184.31,193.07,184.27,2222041,9.1935,2.0608,0.22415837276336542
121,2020-07-08,186.09,189.25,191.87,185.57,1696390,9.1776,2.0572,0.22415446304044628
122,2020-07-09,190.47,189.71,191.47,187.67,1424597,9.0883,2.0372,0.22415633286753298
123,2020-07-10,187.89,182.55,188.61,182.09,1466620,8.8289,1.9791,0.22416156033027895
124,2020-07-13,181.69,182.59,185.19,180.89,1179516,8.6515,1.9393,0.22415766052129688
125,2020-07-14,182.61,180.47,184.33,179.09,988558,8.7494,1.9613,0.22416394267035455
126,2020-07-15,182.17,178.31,182.65,178.11,922768,8.6442,1.9377,0.22416186575970015
127,2020-07-16,180.47,174.31,181.81,174.07,1318170,8.627,1.9338,0.22415671728294886
128,2020-07-17,175.87,173.91,176.65,172.49,875035,8.5683,1.9207,0.22416348633918046
129,2020-07-20,175.97,183.47,183.51,175.97,1377548,8.5793,1.9231,0.22415581690813938
130,2020-07-21,183.77,179.39,184.27,178.61,904775,8.8558,1.9851,0.22415817882065991
131,2020-07-22,178.29,177.73,181.57,176.75,877513,8.9256,2.0007,0.22415299811777362
132,2020-07-23,175.87,175.87,177.63,173.91,782100,8.9195,1.9994,0.22416054711586975
133,2020-07-24,175.63,171.87,175.65,170.63,1072693,8.8338,1.9802,0.2241617423985148
134,2020-07-27,172.43,170.73,173.45,169.27,734799,8.8375,1.981,0.22415841584158416
135,2020-07-28,171.85,170.63,172.47,169.77,639859,8.8375,1.981,0.22415841584158416
136,2020-07-29,169.87,172.47,173.87,169.37,702865,8.9733,2.0114,0.22415387872911863
137,2020-07-30,172.65,169.93,172.73,169.91,646243,9.0455,2.0276,0.22415565750925875
138,2020-07-31,169.87,169.67,172.37,168.27,748520,9.0418,2.0268,0.22415890641244002
139,2020-08-03,170.57,170.75,171.23,169.43,855248,8.928,2.0013,0.22415994623655913
140,2020-08-04,171.49,175.21,176.57,170.27,1481462,8.9598,1.9395,0.2164668854215496
141,2020-08-05,173.75,172.13,173.77,171.07,787806,9.0308,1.9549,0.21647030163440673
142,2020-08-06,171.87,172.17,173.65,170.29,647563,9.1103,1.9721,0.2164692710448613
143,2020-08-07,171.79,170.53,173.21,169.89,549809,9.054,1.9599,0.216467859509609
144,2020-08-10,169.91,171.89,173.25,169.51,700073,8.8558,1.917,0.21646830325888117
145,2020-08-11,172.77,171.41,175.23,170.89,775309,8.7115,1.8858,0.21647247890719165
146,2020-08-12,171.47,172.19,172.79,170.67,586013,8.6258,1.8672,0.21646687843446405
147,2020-08-13,172.87,171.07,173.07,170.89,421355,8.8289,1.9596,0.22195290466536033
148,2020-08-14,170.81,174.25,174.85,170.55,632474,8.8179,1.9571,0.22194626838589687
149,2020-08-17,174.33,180.07,183.01,174.33,1739400,8.8546,1.9653,0.22195243150452873
150,2020-08-18,179.47,177.37,179.67,176.67,842506,8.9929,1.996,0.22195287393388116
151,2020-08-19,177.07,174.21,178.09,174.21,564734,8.8583,1.9661,0.2219500355598704
152,2020-08-20,174.07,173.07,174.07,172.17,498422,8.6111,1.9112,0.22194609283366817
153,2020-08-21,174.47,174.37,175.39,172.97,424459,8.6686,1.924,0.22195048796806865
154,2020-08-24,175.77,173.47,175.87,173.13,472804,8.6894,1.9286,0.22194858102976042
155,2020-08-25,173.87,174.09,175.63,173.07,530479,8.5805,1.9044,0.22194510809393392
156,2020-08-26,173.87,171.47,173.97,171.07,542775,8.6858,1.9278,0.22194846761380643
157,2020-08-27,172.17,170.95,172.21,169.87,448834,8.5206,1.8911,0.2219444640048823
158,2020-08-28,170.81,173.65,174.29,169.57,765028,8.49,1.8843,0.2219434628975265
159,2020-08-31,173.65,171.11,175.47,171.03,723130,8.561,1.9001,0.2219483705174629
160,2020-09-01,170.03,170.63,171.05,169.87,471251,8.4252,1.87,0.22195318805488298
161,2020-09-02,171.09,169.73,171.47,169.07,556377,8.5243,1.8919,0.22194197764039275
162,2020-09-03,169.85,168.65,170.71,168.17,599837,8.4814,1.8824,0.2219444902964133
163,2020-09-04,167.47,167.51,168.07,166.97,478256,8.4631,1.8784,0.22195176708298375
164,2020-09-07,167.51,167.99,170.37,167.37,633251,8.4606,1.8778,0.22194643405905018
165,2020-09-08,169.83,172.15,172.79,169.27,866030,8.5304,1.8933,0.2219473881646816
166,2020-09-09,170.63,170.83,172.97,170.53,523982,8.5879,1.9061,0.22195181592706018
167,2020-09-10,171.79,170.91,172.55,170.67,530354,8.6075,1.9104,0.22194597734533839
168,2020-09-11,170.69,172.29,172.87,170.19,462178,8.4362,1.8724,0.22194827054835117
169,2020-09-14,173.11,174.97,176.07,173.11,729992,8.1682,1.8129,0.22194608359246834
170,2020-09-15,174.97,177.69,178.83,172.97,1014350,8.4423,1.8738,0.22195373298745602
171,2020-09-16,178.05,176.67,178.45,176.35,467948,8.2967,1.8414,0.2219436643484759
172,2020-09-17,177.69,177.47,179.03,176.87,668306,8.5487,1.8974,0.22195187572379424
173,2020-09-18,178.67,185.25,185.59,178.43,1776008,8.8265,1.959,0.22194527842293096
174,2020-09-21,185.27,181.33,185.63,181.33,845314,8.8093,1.9552,0.2219472602817477
175,2020-09-22,178.87,177.61,180.93,177.47,679381,9.1409,2.0288,0.22194751063899615
176,2020-09-23,178.47,176.59,178.61,176.35,362116,9.3783,2.0815,0.22194854078031204
177,2020-09-24,175.85,173.61,176.47,173.47,608373,9.5618,2.1222,0.22194565876717773
178,2020-09-25,175.19,174.65,175.23,173.47,356684,9.6878,2.1502,0.22194925576498276
179,2020-09-28,174.65,175.37,176.65,174.29,371774,9.5606,2.122,0.2219525971173357
180,2020-09-29,176.45,173.07,176.47,172.87,519920,9.8995,2.1972,0.22195060356583668
181,2020-09-30,173.27,171.99,174.35,171.49,476258,10.0879,2.239,0.22194906769496128
182,2020-10-09,174.01,175.27,176.37,173.99,474288,9.8591,2.1882,0.22194723656317517
183,2020-10-12,176.17,181.19,181.77,176.09,869929,9.7258,2.1586,0.22194575253449586
184,2020-10-13,180.81,182.23,183.17,179.39,564429,9.7368,2.1611,0.2219517706022512
185,2020-10-14,182.47,182.23,182.49,180.47,500396,9.5092,2.1106,0.22195347663315523
186,2020-10-15,182.27,182.27,185.19,182.07,555022,9.7625,2.1668,0.22195134443021766
187,2020-10-16,183.07,183.47,185.25,182.47,607033,9.7674,2.1678,0.22194237975305608
188,2020-10-19,184.81,183.17,188.23,183.09,917424,9.8114,2.1776,0.22194589966773343
189,2020-10-20,182.97,181.93,183.47,181.69,413186,9.8763,2.192,0.22194546540708565
190,2020-10-21,182.97,184.27,184.63,182.01,492492,10.0794,2.2371,0.22194773498422524
191,2020-10-22,184.51,183.67,185.23,180.03,466971,14.1743,2.3743,0.16750739013566807
192,2020-10-23,183.71,186.47,189.13,183.71,938809,13.9054,2.3292,0.1675032721101155
193,2020-10-26,186.67,183.87,188.21,181.83,596325,13.8799,2.325,0.1675084114438865
194,2020-10-27,183.03,181.61,183.87,181.47,559257,14.0228,2.3489,0.1675057763071569
195,2020-10-28,180.49,178.63,181.59,177.59,769797,13.7863,2.3093,0.16750687276499132
196,2020-10-29,175.63,176.79,179.25,175.51,727554,13.6927,2.2936,0.16750531305001937
197,2020-10-30,176.77,175.13,178.37,174.75,764599,13.8203,2.315,0.1675072176436112
198,2020-11-02,176.47,173.93,177.09,173.49,638720,13.8084,2.313,0.16750673503085078
199,2020-11-03,175.01,177.79,178.15,174.27,615433,13.6671,2.2893,0.1675044449810128
200,2020-11-04,177.03,178.47,179.17,176.67,434671,13.7914,2.3101,0.16750293661267165
201,2020-11-05,180.17,181.35,182.83,179.87,537095,13.8748,2.3241,0.16750511719087843
202,2020-11-06,181.67,182.07,182.97,180.51,510389,13.6807,2.2916,0.16750604866710037
203,2020-11-09,184.47,185.43,186.47,184.07,809965,13.6892,2.293,0.1675043099669813
204,2020-11-10,187.95,185.87,188.97,185.57,789003,13.2263,2.2155,0.1675071637570598
205,2020-11-11,185.87,186.51,187.53,184.77,542825,14.2101,2.3803,0.16750761782112722
206,2020-11-12,186.97,184.01,188.41,183.07,490544,14.5045,2.4296,0.16750663587162606
207,2020-11-13,181.63,180.15,182.87,178.73,707942,14.5692,2.4404,0.16750404963896437
208,2020-11-16,180.85,185.67,185.99,180.85,701434,14.9096,2.4974,0.16750281697698127
209,2020-11-17,185.67,187.53,188.91,185.47,825064,14.6798,2.4589,0.16750228204743933
210,2020-11-18,188.27,190.21,191.83,188.13,969658,14.5607,2.439,0.16750568310589464
211,2020-11-19,189.87,190.31,190.97,188.49,549005,14.6049,2.4464,0.16750542626104936
212,2020-11-20,190.07,188.55,190.09,187.27,452986,14.7785,2.4755,0.16750685116892783
213,2020-11-23,189.47,191.91,192.35,188.77,783776,14.7139,2.4647,0.16750827448874872
214,2020-11-24,192.07,189.47,193.45,188.85,499930,14.4296,2.417,0.16750291068359482
215,2020-11-25,191.45,193.97,196.57,191.41,1223689,14.4739,2.4245,0.16750841169277111
216,2020-11-26,193.49,197.77,198.25,192.77,909240,14.4671,2.4233,0.16750419918297377
217,2020-11-27,198.47,199.67,199.99,196.49,747955,14.6628,2.4561,0.16750552418364842
218,2020-11-30,201.47,199.53,208.71,199.53,1539196,14.5692,2.4404,0.16750404963896437
219,2020-12-01,200.87,206.23,206.23,198.77,854206,14.6713,2.4575,0.1675039021763579
