,日期,开盘,收盘,最高,最低,成交量,pe,pb,roe
0,2020-01-03,6.86,6.81,6.89,6.78,633858,5.9047,0.6914,0.11709316307348383
1,2020-01-06,6.78,6.75,6.84,6.73,677377,5.8632,0.6865,0.11708623277391186
2,2020-01-07,6.76,6.79,6.81,6.75,435827,5.8113,0.6804,0.11708223633266222
3,2020-01-08,6.76,6.69,6.77,6.68,447190,5.7594,0.6743,0.11707816786470812
4,2020-01-09,6.72,6.72,6.75,6.7,322044,5.7802,0.6768,0.11708937407010138
5,2020-01-10,6.73,6.71,6.75,6.69,266215,5.9047,0.6914,0.11709316307348383
6,2020-01-13,6.71,6.7,6.71,6.63,336284,5.8943,0.6901,0.1170792121201839
7,2020-01-14,6.71,6.74,6.77,6.7,419724,5.832,0.6829,0.11709533607681755
8,2020-01-15,6.72,6.62,6.73,6.62,480416,5.832,0.6829,0.11709533607681755
9,2020-01-16,6.63,6.58,6.64,6.57,373206,5.8632,0.6865,0.11708623277391186
10,2020-01-17,6.58,6.56,6.6,6.55,281661,5.8217,0.6816,0.11707920366903138
11,2020-01-20,6.56,6.61,6.62,6.53,282482,5.7905,0.678,0.11708833434073052
12,2020-01-21,6.58,6.49,6.59,6.48,384895,5.6868,0.6658,0.11707814588169092
13,2020-01-22,6.48,6.48,6.51,6.43,286212,5.7802,0.6768,0.11708937407010138
14,2020-01-23,6.46,6.34,6.47,6.3,505557,5.8943,0.6901,0.1170792121201839
15,2020-02-03,5.78,5.78,5.83,5.78,779664,5.7075,0.6683,0.11709154621112572
16,2020-02-04,5.68,5.78,5.84,5.68,769488,5.7594,0.6743,0.11707816786470812
17,2020-02-05,5.76,5.84,5.91,5.76,623802,5.7075,0.6683,0.11709154621112572
18,2020-02-06,5.88,5.92,5.95,5.83,552840,5.6764,0.6646,0.11708124867874004
19,2020-02-07,5.9,5.96,6.0,5.84,461130,5.6245,0.6586,0.11709485287581117
20,2020-02-10,5.91,6.0,6.04,5.89,433047,5.6245,0.6586,0.11709485287581117
21,2020-02-11,6.03,6.01,6.09,5.99,496291,5.5726,0.6525,0.11709076553134981
22,2020-02-12,6.01,6.04,6.05,5.98,327403,5.5726,0.6734,0.1208412590173348
23,2020-02-13,6.06,6.06,6.17,6.05,568512,5.583,0.6746,0.12083109439369513
24,2020-02-14,6.04,6.08,6.1,6.03,321857,5.6037,0.6771,0.12083087959740886
25,2020-02-17,6.08,6.17,6.18,6.07,490288,5.5726,0.6734,0.1208412590173348
26,2020-02-18,6.18,6.13,6.21,6.12,529166,5.6141,0.6784,0.12083860280365509
27,2020-02-19,6.12,6.12,6.17,6.09,541094,5.6037,0.6771,0.12083087959740886
28,2020-02-20,6.12,6.16,6.17,6.09,636436,5.5519,0.6708,0.12082350186422666
29,2020-02-21,6.15,6.14,6.19,6.13,615219,5.6037,0.6771,0.12083087959740886
30,2020-02-24,6.12,6.06,6.13,6.05,615910,5.5726,0.6734,0.1208412590173348
31,2020-02-25,5.99,5.94,6.02,5.89,888142,5.5934,0.6759,0.1208388457825294
32,2020-02-26,5.9,6.24,6.35,5.89,2412270,5.5934,0.6759,0.1208388457825294
33,2020-02-27,6.22,6.19,6.3,6.15,1181563,5.583,0.6746,0.12083109439369513
34,2020-02-28,6.12,6.15,6.36,6.09,1664648,5.6349,0.6809,0.12083621714671067
35,2020-03-02,6.21,6.69,6.69,6.2,3217750,5.6971,0.6884,0.12083340646995841
36,2020-03-03,6.86,6.64,6.86,6.57,2689631,5.7698,0.6972,0.12083607750701932
37,2020-03-04,6.59,6.73,6.83,6.55,1745901,5.666,0.6846,0.12082597952700316
38,2020-03-05,6.78,6.71,6.83,6.66,1353212,5.5934,0.6759,0.1208388457825294
39,2020-03-06,6.63,6.54,6.71,6.52,1211797,5.6453,0.6821,0.12082617398543923
40,2020-03-09,6.46,6.36,6.47,6.34,1074369,5.6349,0.6809,0.12083621714671067
41,2020-03-10,6.32,6.57,6.63,6.32,1289262,5.6349,0.6809,0.12083621714671067
42,2020-03-11,6.55,6.48,6.62,6.47,799099,5.6971,0.6884,0.12083340646995841
43,2020-03-12,6.44,6.46,6.52,6.34,738063,5.7905,0.6997,0.12083585182626716
44,2020-03-13,6.21,6.38,6.5,6.17,897043,5.8528,0.7072,0.12083105522143248
45,2020-03-16,6.4,6.3,6.51,6.28,889238,5.9877,0.7235,0.12083103695909948
46,2020-03-17,6.36,6.3,6.43,6.11,814651,5.9877,0.7235,0.12083103695909948
47,2020-03-18,6.33,6.19,6.4,6.19,676817,5.9151,0.7147,0.12082635965579619
48,2020-03-19,6.19,6.09,6.24,6.01,772012,5.9047,0.7135,0.1208359442478026
49,2020-03-20,6.11,6.14,6.16,6.06,615676,5.8113,0.7022,0.12083354843150414
50,2020-03-23,6.02,6.0,6.04,5.94,516261,5.6764,0.6859,0.12083362694665632
51,2020-03-24,6.06,6.05,6.13,5.95,600831,5.6556,0.6834,0.12083598557182262
52,2020-03-25,6.12,6.08,6.15,6.03,848883,5.749,0.6947,0.12083840667942251
53,2020-03-26,6.05,5.96,6.05,5.92,747868,5.8217,0.7034,0.12082381434976039
54,2020-03-27,6.0,6.13,6.23,5.96,1643364,5.8424,0.706,0.12084075037655759
55,2020-03-30,6.09,6.18,6.22,6.06,1168052,5.749,0.6947,0.12083840667942251
56,2020-03-31,6.27,6.16,6.28,6.12,921165,5.7386,0.6934,0.12083086467082564
57,2020-04-01,6.16,6.18,6.28,6.14,941119,5.7905,0.6997,0.12083585182626716
58,2020-04-02,6.17,6.31,6.31,6.16,787696,5.7905,0.6997,0.12083585182626716
59,2020-04-03,6.31,6.3,6.34,6.25,526433,5.8632,0.7085,0.12083844999317779
60,2020-04-07,6.35,6.51,6.55,6.35,1016755,5.8113,0.7022,0.12083354843150414
61,2020-04-08,6.47,6.53,6.59,6.46,647095,5.6971,0.7133,0.1252040511839357
62,2020-04-09,6.56,6.52,6.63,6.52,527263,5.6037,0.7016,0.12520299088102504
63,2020-04-10,6.52,6.43,6.56,6.4,450480,5.6245,0.7042,0.12520224019912882
64,2020-04-13,6.4,6.5,6.53,6.4,456817,5.749,0.7198,0.12520438337102105
65,2020-04-14,6.49,6.51,6.53,6.47,505268,5.7905,0.725,0.1252050772817546
66,2020-04-15,6.54,6.52,6.54,6.47,398956,5.7802,0.7237,0.12520328016331617
67,2020-04-16,6.49,6.43,6.5,6.4,406409,5.8009,0.7263,0.12520470961402538
68,2020-04-17,6.46,6.62,6.69,6.45,1224684,5.8839,0.7367,0.12520607080337873
69,2020-04-20,6.71,6.71,6.77,6.61,972297,5.8424,0.7315,0.12520539504313297
70,2020-04-21,6.67,6.67,6.7,6.59,593708,5.9047,0.7393,0.12520534489474486
71,2020-04-22,6.62,6.65,6.65,6.55,482453,5.7905,0.725,0.1252050772817546
72,2020-04-23,6.65,6.58,6.68,6.56,331081,5.749,0.7198,0.12520438337102105
73,2020-04-24,6.53,6.54,6.57,6.49,354642,5.7283,0.7172,0.1252029397901646
74,2020-04-27,6.53,6.61,6.66,6.53,452670,5.7283,0.7172,0.1252029397901646
75,2020-04-28,6.63,6.49,6.63,6.42,408135,5.8424,0.7315,0.12520539504313297
76,2020-04-29,6.49,6.46,6.52,6.43,330687,5.6764,0.7107,0.12520259319286872
77,2020-04-30,6.51,6.64,6.67,6.51,559312,5.9254,0.726,0.12252337394943802
78,2020-05-06,6.64,6.64,6.77,6.61,785347,5.8632,0.7183,0.12250989220903262
79,2020-05-07,6.59,6.58,6.63,6.56,375279,5.9773,0.7323,0.12251350944406338
80,2020-05-08,6.59,6.56,6.61,6.53,419325,5.832,0.7145,0.12251371742112484
81,2020-05-11,6.55,6.55,6.66,6.53,452436,5.7802,0.7082,0.12252171205148613
82,2020-05-12,6.55,6.45,6.56,6.44,454565,5.7594,0.7056,0.1225127617460152
83,2020-05-13,6.43,6.46,6.47,6.41,283494,5.7905,0.7094,0.1225110094119679
84,2020-05-14,6.44,6.36,6.46,6.34,304299,5.7283,0.7018,0.12251453310755372
85,2020-05-15,6.39,6.34,6.4,6.33,253978,5.7179,0.7005,0.12251001241714615
86,2020-05-18,6.41,6.36,6.43,6.36,288612,5.8009,0.7107,0.12251547173714422
87,2020-05-19,6.39,6.39,6.47,6.36,316299,5.9773,0.7323,0.12251350944406338
88,2020-05-20,6.4,6.31,6.4,6.29,317920,5.9566,0.7298,0.12251955813719236
89,2020-05-21,6.33,6.23,6.33,6.21,409504,5.9877,0.7336,0.12251782821450641
90,2020-05-22,6.23,6.1,6.24,6.1,418116,5.9773,0.7323,0.12251350944406338
91,2020-05-25,6.1,6.05,6.13,6.04,318012,5.749,0.7044,0.1225256566359367
92,2020-05-26,6.09,6.09,6.13,6.06,325052,5.749,0.7044,0.1225256566359367
93,2020-05-27,6.1,6.05,6.12,6.04,241311,5.8217,0.7133,0.12252434855798136
94,2020-05-28,6.04,6.06,6.11,6.03,218344,6.0085,0.7361,0.12250977781476242
95,2020-05-29,6.05,6.03,6.07,6.0,416932,6.0707,0.7438,0.12252293804668324
96,2020-06-01,6.03,6.1,6.11,6.03,366691,5.9981,0.7349,0.12252213200846934
97,2020-06-02,6.1,6.18,6.18,6.08,422870,6.1953,0.759,0.12251222701079852
98,2020-06-03,6.18,6.12,6.21,6.11,366624,6.1641,0.7552,0.12251585795168798
99,2020-06-04,6.13,6.08,6.15,6.06,311272,5.9773,0.7323,0.12251350944406338
100,2020-06-05,6.08,6.08,6.1,6.05,225786,5.9669,0.7311,0.12252593473998223
101,2020-06-08,6.09,6.08,6.12,6.07,285726,5.5103,0.6751,0.12251601546195308
102,2020-06-09,6.09,6.08,6.1,6.04,388954,5.4273,0.6649,0.12251027214268606
103,2020-06-10,6.09,6.01,6.09,6.0,450630,5.3339,0.6535,0.12251823243780348
104,2020-06-11,6.01,5.91,6.01,5.9,855511,5.2094,0.6382,0.1225093100932929
105,2020-06-12,5.86,5.91,5.91,5.81,1050881,5.1887,0.6357,0.12251623720777845
106,2020-06-15,5.87,5.82,5.89,5.82,740566,5.2613,0.6446,0.1225172485887518
107,2020-06-16,5.84,5.89,5.9,5.82,650179,5.2509,0.6433,0.12251233121941
108,2020-06-17,5.9,5.88,5.92,5.86,340140,5.3028,0.6497,0.1225201780191597
109,2020-06-18,5.86,5.92,5.96,5.85,514841,5.3339,0.6535,0.12251823243780348
110,2020-06-19,5.92,5.92,5.94,5.89,414218,5.3339,0.6535,0.12251823243780348
111,2020-06-22,5.93,5.89,5.94,5.89,411410,5.2924,0.6484,0.12251530496561107
112,2020-06-23,5.9,5.84,5.9,5.84,388817,5.3028,0.6497,0.1225201780191597
113,2020-06-24,5.86,5.85,5.87,5.84,279584,5.2302,0.6408,0.12251921532637376
114,2020-06-29,5.84,5.78,5.85,5.77,453196,5.3236,0.6522,0.12251108272597491
115,2020-06-30,5.81,5.8,5.82,5.8,281633,5.3236,0.6522,0.12251108272597491
116,2020-07-01,5.8,5.92,5.93,5.8,669658,5.4273,0.6649,0.12251027214268606
117,2020-07-02,5.92,6.01,6.03,5.89,956803,5.5,0.6738,0.1225090909090909
118,2020-07-03,6.03,6.09,6.15,6.02,1190414,5.5,0.6738,0.1225090909090909
119,2020-07-06,6.18,6.53,6.54,6.17,2276229,5.5,0.6738,0.1225090909090909
120,2020-07-07,6.69,6.54,6.82,6.51,2246321,5.5,0.6738,0.1225090909090909
121,2020-07-08,6.55,6.72,6.74,6.55,1874581,5.5415,0.6789,0.12251195524677433
122,2020-07-09,6.74,6.75,6.8,6.63,1672546,5.6037,0.6866,0.12252618805432125
123,2020-07-10,6.71,6.56,6.76,6.55,1378195,5.5207,0.6764,0.12252069483942254
124,2020-07-13,6.55,6.63,6.71,6.5,1226083,5.4481,0.6675,0.12251977753712302
125,2020-07-14,6.63,6.57,6.69,6.49,1047634,5.4792,0.6713,0.12251788582274786
126,2020-07-15,6.58,6.39,6.61,6.38,983795,5.4688,0.67,0.12251316559391458
127,2020-07-16,6.4,6.32,6.49,6.3,1038656,5.5103,0.6751,0.12251601546195308
128,2020-07-17,6.33,6.32,6.36,6.28,695144,5.4688,0.67,0.12251316559391458
129,2020-07-20,6.39,6.54,6.56,6.35,868762,5.5207,0.6764,0.12252069483942254
130,2020-07-21,6.58,6.55,6.65,6.51,784277,5.6556,0.6929,0.12251573661503642
131,2020-07-22,6.56,6.52,6.63,6.51,848806,5.7386,0.7031,0.12252117241138953
132,2020-07-23,6.47,6.54,6.56,6.35,913796,5.8217,0.7133,0.12252434855798136
133,2020-07-24,6.53,6.37,6.58,6.34,684838,5.7905,0.7094,0.1225110094119679
134,2020-07-27,6.39,6.29,6.43,6.27,462160,5.7698,0.7069,0.12251724496516343
135,2020-07-28,6.29,6.3,6.36,6.27,412007,5.7905,0.7094,0.1225110094119679
136,2020-07-29,6.3,6.36,6.36,6.26,473795,5.8943,0.7222,0.1225251514174711
137,2020-07-30,6.35,6.33,6.41,6.33,514099,5.8839,0.7209,0.12252077703563963
138,2020-07-31,6.34,6.35,6.39,6.29,568452,5.9877,0.7336,0.12251782821450641
139,2020-08-03,6.38,6.4,6.43,6.35,708806,5.9981,0.7349,0.12252213200846934
140,2020-08-04,6.4,6.54,6.6,6.37,1266166,6.0188,0.7374,0.1225161161693361
141,2020-08-05,6.51,6.43,6.52,6.4,858288,6.0811,0.745,0.12251072996661788
142,2020-08-06,6.45,6.49,6.52,6.39,711830,6.0811,0.745,0.12251072996661788
143,2020-08-07,6.52,6.42,6.52,6.39,548543,5.8943,0.7348,0.12466280983322871
144,2020-08-10,6.44,6.58,6.65,6.42,1314572,5.9254,0.7387,0.12466668916866373
145,2020-08-11,6.6,6.47,6.6,6.45,760771,6.05,0.7542,0.12466115702479338
146,2020-08-12,6.46,6.47,6.55,6.37,776832,5.9773,0.7452,0.12467167450186539
147,2020-08-13,6.52,6.49,6.56,6.48,522760,6.0188,0.7504,0.1246760151525221
148,2020-08-14,6.54,6.53,6.57,6.46,456576,6.0915,0.7594,0.12466551752441928
149,2020-08-17,6.54,6.64,6.66,6.51,1020266,6.1122,0.762,0.12466869539609307
150,2020-08-18,6.62,6.58,6.63,6.55,819139,6.1537,0.7672,0.12467296098282335
151,2020-08-19,6.58,6.62,6.7,6.53,912949,6.0603,0.7555,0.12466379552167384
152,2020-08-20,6.57,6.54,6.62,6.5,615815,5.8632,0.731,0.12467594487651794
153,2020-08-21,6.54,6.52,6.58,6.5,370313,5.9566,0.7426,0.12466843501326261
154,2020-08-24,6.54,6.53,6.57,6.51,426154,5.9462,0.7413,0.1246678551007366
155,2020-08-25,6.53,6.49,6.54,6.47,370043,5.9358,0.74,0.12466727315610364
156,2020-08-26,6.48,6.37,6.5,6.35,641983,5.8632,0.731,0.12467594487651794
157,2020-08-27,6.38,6.35,6.38,6.31,369425,5.9566,0.7426,0.12466843501326261
158,2020-08-28,6.36,6.44,6.44,6.34,400541,5.9669,0.7439,0.12467110224739815
159,2020-08-31,6.55,6.55,6.71,6.54,1395837,5.9462,0.7413,0.1246678551007366
160,2020-09-01,6.56,6.6,6.63,6.53,635800,5.7283,0.7141,0.1246617670163923
161,2020-09-02,6.61,6.53,6.61,6.51,474374,5.7386,0.7154,0.12466455232983656
162,2020-09-03,6.55,6.53,6.61,6.51,549509,5.6037,0.6986,0.12466763031568429
163,2020-09-04,6.47,6.48,6.5,6.44,411562,5.583,0.696,0.12466415905427189
164,2020-09-07,6.5,6.49,6.59,6.48,490294,7.715,0.7303,0.0946597537265068
165,2020-09-08,6.51,6.58,6.59,6.49,629849,7.6435,0.7235,0.0946555897167528
166,2020-09-09,6.55,6.56,6.67,6.53,836490,7.4007,0.7005,0.0946532084802789
167,2020-09-10,6.58,6.49,6.62,6.46,722303,7.5721,0.7167,0.09465009706686388
168,2020-09-11,6.46,6.4,6.48,6.38,609898,7.5292,0.7127,0.09465813100993466
169,2020-09-14,6.41,6.42,6.45,6.4,391028,7.4578,0.7059,0.0946525785084073
170,2020-09-15,6.43,6.55,6.57,6.37,635876,7.6578,0.7248,0.09464859359084855
171,2020-09-16,6.53,6.64,6.67,6.51,1147530,7.5864,0.7181,0.09465622693240534
172,2020-09-17,6.66,6.65,6.68,6.6,713388,7.7293,0.7316,0.09465281461451878
173,2020-09-18,6.65,6.72,6.85,6.63,1787904,7.8864,0.7465,0.0946566240616758
174,2020-09-21,6.76,6.72,6.84,6.71,939601,7.8864,0.7465,0.0946566240616758
175,2020-09-22,6.69,6.59,6.73,6.56,811784,8.0007,0.7573,0.09465421775594635
176,2020-09-23,6.61,6.53,6.62,6.53,464884,8.115,0.7681,0.09465187923598274
177,2020-09-24,6.52,6.44,6.54,6.42,614571,8.1436,0.7708,0.0946510142934329
178,2020-09-25,6.44,6.38,6.46,6.35,518751,8.2722,0.783,0.0946543845651701
179,2020-09-28,6.39,6.38,6.41,6.36,296202,7.9721,0.7546,0.09465510969506154
180,2020-09-29,6.4,6.39,6.42,6.38,366584,8.2293,0.7789,0.09464960567727511
181,2020-09-30,6.39,6.34,6.41,6.29,470647,8.4722,0.8019,0.09465074006751492
182,2020-10-09,6.4,6.41,6.42,6.37,403047,8.5007,0.8046,0.09465102873880975
183,2020-10-12,6.4,6.51,6.52,6.39,541377,8.3722,0.7925,0.09465851269678222
184,2020-10-13,6.49,6.44,6.49,6.42,456144,8.4436,0.7992,0.09465157042019992
185,2020-10-14,6.45,6.38,6.46,6.35,447762,7.6721,0.7262,0.09465465778600382
186,2020-10-15,6.37,6.33,6.39,6.33,445068,7.7293,0.7316,0.09465281461451878
187,2020-10-16,6.32,6.34,6.37,6.3,417894,7.8007,0.7384,0.09465817170253951
188,2020-10-19,6.34,6.34,6.43,6.34,438956,7.3721,0.6978,0.09465416909700086
189,2020-10-20,6.33,6.32,6.34,6.29,368189,7.5435,0.714,0.0946510240604494
190,2020-10-21,6.32,6.35,6.36,6.29,357015,7.6578,0.7248,0.09464859359084855
191,2020-10-22,6.35,6.3,6.36,6.29,291137,7.6864,0.7276,0.09466069941715238
192,2020-10-23,6.3,6.35,6.38,6.29,462997,7.6292,0.7221,0.09464950453520683
193,2020-10-26,6.4,6.36,6.43,6.32,358644,7.6435,0.7235,0.0946555897167528
194,2020-10-27,6.32,6.32,6.35,6.3,261902,7.7007,0.7289,0.0946537327775397
195,2020-10-28,6.33,6.35,6.36,6.3,269114,7.5721,0.7167,0.09465009706686388
196,2020-10-29,6.32,6.33,6.35,6.3,237230,7.5435,0.714,0.0946510240604494
197,2020-10-30,6.35,6.32,6.38,6.27,407975,7.5149,0.7113,0.09465195810988836
198,2020-11-02,6.33,6.32,6.39,6.3,535651,7.4721,0.7073,0.09465879739296851
199,2020-11-03,6.33,6.37,6.39,6.32,482303,7.4578,0.7059,0.0946525785084073
200,2020-11-04,6.38,6.37,6.4,6.34,385523,7.4007,0.7005,0.0946532084802789
201,2020-11-05,6.41,6.42,6.43,6.37,571498,7.3435,0.6951,0.09465513719615988
202,2020-11-06,6.41,6.45,6.48,6.35,647810,7.2292,0.6843,0.09465777679411277
203,2020-11-09,6.47,6.5,6.58,6.47,733418,7.1435,0.6762,0.09465948064674179
204,2020-11-10,6.53,6.45,6.57,6.43,564128,7.1435,0.6762,0.09465948064674179
205,2020-11-11,6.45,6.63,6.71,6.42,1565361,7.9436,0.7519,0.09465481645601491
206,2020-11-12,6.6,6.52,6.62,6.52,771274,8.1436,0.7708,0.0946510142934329
207,2020-11-13,6.5,6.43,6.51,6.4,651516,8.1579,0.7722,0.09465671312470121
208,2020-11-16,6.45,6.53,6.53,6.43,630162,8.3293,0.7884,0.09465381244522349
209,2020-11-17,6.53,6.56,6.59,6.49,616148,8.2579,0.7816,0.0946487605807772
210,2020-11-18,6.56,6.6,6.65,6.51,775497,8.2864,0.7844,0.09466113149256612
211,2020-11-19,6.58,6.57,6.64,6.56,443190,8.3436,0.7898,0.09465937964427824
212,2020-11-20,6.55,6.57,6.58,6.5,429311,8.515,0.806,0.09465648854961832
213,2020-11-23,6.58,6.63,6.7,6.56,1118560,8.4579,0.8006,0.0946570661748188
214,2020-11-24,6.63,6.64,6.68,6.62,588537,8.4722,0.8019,0.09465074006751492
215,2020-11-25,6.66,6.52,6.72,6.51,918531,8.4865,0.8033,0.0946562187002887
216,2020-11-26,6.52,6.5,6.55,6.48,655965,8.4436,0.7992,0.09465157042019992
217,2020-11-27,6.5,6.55,6.56,6.47,912795,8.5865,0.8128,0.09466022244220579
218,2020-11-30,6.57,6.6,6.77,6.57,2004758,8.5293,0.8073,0.09465020576131689
219,2020-12-01,6.58,6.64,6.66,6.55,954359,8.615,0.8155,0.0946604759141033
