,日期,开盘,收盘,最高,最低,成交量,pe,pb,roe
0,2020-01-03,15.24,15.19,15.42,15.11,610695,35.2589,1.6858,0.0478120417823585
1,2020-01-06,15.06,15.11,15.42,14.95,865147,34.233,1.6368,0.047813513276662875
2,2020-01-07,15.19,15.19,15.29,15.01,555168,34.575,1.6531,0.04781200289226319
3,2020-01-08,15.03,14.64,15.11,14.64,764036,33.5491,1.6041,0.04781350319382636
4,2020-01-09,14.88,14.9,15.08,14.8,426036,33.6251,1.6077,0.0478124972119042
5,2020-01-10,14.98,15.14,15.29,14.98,796120,34.575,1.6531,0.04781200289226319
6,2020-01-13,15.16,15.32,15.32,14.75,644274,34.879,1.6677,0.04781387081051636
7,2020-01-14,15.37,15.14,15.47,15.14,548376,32.6753,1.5623,0.04781287394453915
8,2020-01-15,15.06,15.14,15.32,15.03,418290,33.1692,1.5859,0.04781242839742895
9,2020-01-16,15.16,15.34,15.55,15.03,758800,33.7771,1.615,0.04781345941481063
10,2020-01-17,15.37,15.29,15.58,15.24,649850,33.0932,1.5823,0.04781344807996809
11,2020-01-20,15.4,15.45,15.47,15.16,497578,33.3212,1.5932,0.04781340407908479
12,2020-01-21,15.42,15.08,15.45,15.08,566906,32.9792,1.5768,0.04781195420143606
13,2020-01-22,15.01,15.16,15.34,14.62,607013,32.9792,1.5768,0.04781195420143606
14,2020-01-23,15.01,14.49,15.11,14.28,687584,32.9792,1.5768,0.04781195420143606
15,2020-02-03,12.72,12.72,12.72,12.72,242519,33.1692,1.5859,0.04781242839742895
16,2020-02-04,12.07,12.74,12.87,11.96,992691,33.4732,1.6004,0.0478113834351063
17,2020-02-05,12.82,12.95,13.42,12.69,679348,32.4093,1.5496,0.047813436266750595
18,2020-02-06,12.95,13.34,13.5,12.82,723200,31.9914,1.5296,0.04781284970335778
19,2020-02-07,13.32,13.5,13.6,13.16,679818,31.3455,1.4987,0.0478122856550382
20,2020-02-10,13.42,13.63,13.71,13.32,524611,31.4215,1.5023,0.04781121206816988
21,2020-02-11,13.71,13.6,13.94,13.58,464965,30.3956,1.4533,0.047812841332298094
22,2020-02-12,13.5,13.86,14.04,13.47,517580,29.4457,1.4598,0.04957599921210907
23,2020-02-13,13.89,13.68,14.07,13.65,436242,30.5856,1.5163,0.049575617283950615
24,2020-02-14,13.6,13.89,14.07,13.52,562071,30.5096,1.5125,0.04957456013844823
25,2020-02-17,14.2,14.62,14.67,14.07,870287,30.5476,1.5144,0.04957508936872291
26,2020-02-18,14.54,14.43,14.8,14.3,586829,30.5476,1.5144,0.04957508936872291
27,2020-02-19,14.38,14.46,14.85,14.3,799027,31.6494,1.569,0.04957439951468274
28,2020-02-20,14.54,15.79,15.79,14.38,1835646,32.2573,1.5992,0.04957637496008655
29,2020-02-21,15.68,16.07,16.46,15.42,1765927,31.9534,1.5841,0.04957531905837877
30,2020-02-24,15.97,16.05,16.31,15.79,1165155,32.2573,1.5992,0.04957637496008655
31,2020-02-25,15.53,16.02,16.12,15.27,1473537,32.3713,1.6048,0.04957477765798717
32,2020-02-26,15.79,15.71,16.2,15.53,1257042,32.7133,1.6218,0.049576166268765307
33,2020-02-27,15.92,15.71,16.1,15.53,839648,32.5233,1.6124,0.04957676496542479
34,2020-02-28,15.01,14.77,15.32,14.38,1019538,32.5993,1.6161,0.04957468411898416
35,2020-03-02,14.98,15.4,15.58,14.77,1351603,32.8652,1.6293,0.04957523459464722
36,2020-03-03,15.58,15.4,15.99,15.21,1244331,33.3972,1.6557,0.04957601236031763
37,2020-03-04,15.27,15.76,15.76,15.14,988060,31.9154,1.5822,0.049574813412960515
38,2020-03-05,15.99,16.12,16.44,15.63,1610546,31.4594,1.5596,0.049575007787815414
39,2020-03-06,15.81,15.5,15.97,15.45,859899,32.0674,1.5898,0.04957682880433088
40,2020-03-09,15.27,15.01,15.4,14.8,1024592,32.1054,1.5916,0.0495742149295757
41,2020-03-10,14.88,15.42,15.53,14.67,1023785,32.0294,1.5879,0.04957632674979862
42,2020-03-11,15.37,14.9,15.45,14.88,716409,31.4594,1.5596,0.049575007787815414
43,2020-03-12,14.72,14.49,14.93,14.38,807311,31.8774,1.5803,0.049574306562015724
44,2020-03-13,13.6,14.3,14.56,13.45,782035,32.4093,1.6067,0.04957527623243945
45,2020-03-16,14.49,13.58,14.49,13.37,720342,32.0294,1.5879,0.04957632674979862
46,2020-03-17,13.71,13.6,13.97,13.19,566067,32.0674,1.5898,0.04957682880433088
47,2020-03-18,13.71,13.13,13.81,13.06,489949,30.2816,1.5012,0.04957465919898552
48,2020-03-19,13.11,13.24,13.42,12.82,599244,30.6616,1.5201,0.0495766691888225
49,2020-03-20,13.34,13.47,13.5,13.11,427068,30.8135,1.5276,0.049575673000470576
50,2020-03-23,13.03,13.0,13.29,12.95,346912,31.0035,1.537,0.049575047978454044
51,2020-03-24,13.24,13.34,13.39,13.0,381337,30.0536,1.4899,0.04957475976255756
52,2020-03-25,13.68,13.6,13.76,13.42,459420,30.5096,1.5125,0.04957456013844823
53,2020-03-26,13.5,13.39,13.58,13.34,239190,31.2695,1.5502,0.04957546490989623
54,2020-03-27,13.58,13.47,13.76,13.39,306707,31.6874,1.5709,0.04957490990109633
55,2020-03-30,13.21,13.19,13.37,13.08,274006,30.9275,1.5332,0.049574003718373616
56,2020-03-31,13.37,13.06,13.39,13.06,230796,32.0674,1.5898,0.04957682880433088
57,2020-04-01,13.03,13.0,13.26,12.95,217540,32.0294,1.5879,0.04957632674979862
58,2020-04-02,12.93,13.19,13.19,12.93,223840,32.1054,1.5916,0.0495742149295757
59,2020-04-03,13.13,12.9,13.16,12.82,268145,32.3333,1.6029,0.04957427791162671
60,2020-04-07,13.16,13.26,13.32,13.06,478107,31.2315,1.5483,0.049574948369434706
61,2020-04-08,13.16,13.19,13.29,13.11,223589,31.1175,1.6041,0.05154977102916366
62,2020-04-09,13.34,13.29,13.52,13.26,471769,30.3956,1.5669,0.051550224374580525
63,2020-04-10,13.29,13.0,13.34,12.98,329485,30.2056,1.5571,0.051550043700505865
64,2020-04-13,12.64,12.67,12.69,12.43,437261,30.7755,1.5865,0.05155074653539341
65,2020-04-14,12.72,12.98,13.06,12.67,470933,30.9655,1.5963,0.051550919571781505
66,2020-04-15,12.9,12.8,13.06,12.77,309000,31.6114,1.6296,0.051551022732305433
67,2020-04-16,12.72,12.8,12.98,12.69,266275,31.1935,1.608,0.05154920095532724
68,2020-04-17,12.95,12.72,12.98,12.69,350295,32.2573,1.6372,0.05075440287934824
69,2020-04-20,12.72,12.74,12.8,12.67,228439,33.0552,1.6777,0.05075449551053995
70,2020-04-21,12.67,12.48,12.69,12.38,371298,33.6251,1.7066,0.0507537524051973
71,2020-04-22,12.38,12.48,12.48,12.3,223156,30.8135,1.5639,0.05075372807373391
72,2020-04-23,12.48,12.33,12.51,12.33,218349,30.5856,1.5524,0.050755911278510146
73,2020-04-24,12.3,12.12,12.38,12.07,280417,30.5476,1.5504,0.05075357802249604
74,2020-04-27,12.12,12.12,12.33,12.07,272197,30.5856,1.5524,0.050755911278510146
75,2020-04-28,12.25,12.09,12.3,11.89,356947,31.6494,1.6063,0.05075293686452192
76,2020-04-29,12.12,12.2,12.25,12.07,196292,31.8774,1.6179,0.05075382559430819
77,2020-04-30,12.25,12.48,12.54,12.22,337176,33.3212,1.6912,0.050754474628764874
78,2020-05-06,12.28,12.51,12.54,12.22,343815,32.5233,1.6507,0.05075438224288434
79,2020-05-07,12.48,12.35,12.61,12.35,328636,33.1312,1.6816,0.05075578306852755
80,2020-05-08,12.48,12.67,12.77,12.43,450196,31.8394,1.616,0.05075472527748639
81,2020-05-11,12.67,12.51,12.74,12.43,300193,31.1175,1.5794,0.05075600546316381
82,2020-05-12,12.59,12.38,12.64,12.3,274639,30.6996,1.5581,0.050753104274974266
83,2020-05-13,12.33,12.35,12.46,12.3,222158,30.9655,1.5716,0.05075325765771585
84,2020-05-14,12.33,12.2,12.35,12.17,238961,29.8257,1.5138,0.05075488588700349
85,2020-05-15,12.3,12.22,12.33,12.2,173811,29.9017,1.5176,0.050752967222599386
86,2020-05-18,12.12,12.15,12.28,12.12,209894,29.9017,1.5176,0.050752967222599386
87,2020-05-19,12.3,12.25,12.33,12.2,192856,32.2573,1.6372,0.05075440287934824
88,2020-05-20,12.2,12.12,12.28,12.09,188643,32.5613,1.6526,0.05075350185649836
89,2020-05-21,12.17,11.94,12.2,11.89,264235,32.2953,1.6391,0.050753515217384575
90,2020-05-22,11.96,11.65,11.96,11.6,281367,32.7893,1.6642,0.050754361941243026
91,2020-05-25,11.55,11.52,11.68,11.47,200539,30.5856,1.5524,0.050755911278510146
92,2020-05-26,11.55,11.68,11.68,11.55,182870,32.1813,1.6333,0.050753077097569085
93,2020-05-27,11.65,11.44,11.68,11.42,176529,33.7771,1.7143,0.05075332103703397
94,2020-05-28,11.44,11.6,11.78,11.44,251775,35.1069,1.7818,0.05075355556884829
95,2020-05-29,11.5,11.6,11.6,11.42,195211,37.2346,1.8898,0.0507538687135084
96,2020-06-01,11.91,12.15,12.25,11.91,563832,37.7285,1.9149,0.05075473448454087
97,2020-06-02,12.15,12.09,12.28,12.04,290566,34.309,1.7413,0.05075344661750562
98,2020-06-03,12.15,11.96,12.22,11.96,225373,31.1935,1.5832,0.050754163527658006
99,2020-06-04,12.04,11.86,12.04,11.86,182420,30.0536,1.5254,0.05075598264434211
100,2020-06-05,11.91,12.02,12.04,11.83,202341,31.8394,1.616,0.05075472527748639
101,2020-06-08,12.07,11.96,12.15,11.94,184492,29.2178,1.4829,0.0507533079150381
102,2020-06-09,11.94,12.02,12.15,11.94,228341,27.47,1.3942,0.05075354932653805
103,2020-06-10,11.99,11.78,12.02,11.76,255062,25.9882,1.319,0.05075380364934855
104,2020-06-11,11.81,11.73,12.02,11.68,264260,26.0262,1.3209,0.05075270304539272
105,2020-06-12,11.57,11.65,11.7,11.5,283279,23.8605,1.211,0.05075333710525765
106,2020-06-15,11.65,11.6,11.89,11.6,262966,23.3666,1.186,0.05075620757833831
107,2020-06-16,11.7,11.73,11.76,11.65,189305,23.5186,1.1937,0.0507555721854192
108,2020-06-17,11.73,11.7,11.76,11.6,190299,23.3286,1.184,0.05075315278242157
109,2020-06-18,11.7,11.83,11.96,11.63,316560,22.4168,1.1377,0.050752114485564395
110,2020-06-19,11.86,12.15,12.3,11.81,703019,21.9608,1.1146,0.05075407088994937
111,2020-06-22,12.25,12.77,13.32,12.15,1339283,21.7708,1.105,0.050756058573869584
112,2020-06-23,12.69,12.9,12.93,12.51,693714,21.8088,1.1069,0.05075474120538498
113,2020-06-24,12.95,12.8,13.19,12.74,528031,21.6189,1.0973,0.05075651397619675
114,2020-06-29,12.77,13.13,13.81,12.33,1581977,21.6949,1.1011,0.05075386381131049
115,2020-06-30,13.19,14.62,14.77,12.87,2925207,21.8088,1.1069,0.05075474120538498
116,2020-07-01,14.36,14.59,14.67,13.89,2101910,21.8848,1.1108,0.0507566895744992
117,2020-07-02,14.36,15.6,15.94,14.25,2735705,22.2268,1.1281,0.05075404466679864
118,2020-07-03,15.68,16.8,17.09,15.42,3806000,22.1508,1.1243,0.050756631814652294
119,2020-07-06,17.61,18.59,18.78,17.27,4335155,22.2268,1.1281,0.05075404466679864
120,2020-07-07,18.44,17.37,18.44,17.24,3628548,21.9988,1.1165,0.05075276833281816
121,2020-07-08,17.32,18.15,18.85,17.29,3806504,22.1508,1.1243,0.050756631814652294
122,2020-07-09,18.33,20.28,20.28,18.1,2604394,22.3408,1.1339,0.050754673064527675
123,2020-07-10,22.62,22.62,22.62,22.62,984600,22.4168,1.1377,0.050752114485564395
124,2020-07-13,24.89,22.29,24.89,21.12,6942766,21.6189,1.0973,0.05075651397619675
125,2020-07-14,21.43,20.83,21.84,20.08,4419089,21.6189,1.0973,0.05075651397619675
126,2020-07-15,20.78,19.92,21.3,19.76,3131441,21.3909,1.0857,0.05075522769027952
127,2020-07-16,19.84,18.83,20.65,18.41,2890176,21.7329,1.103,0.05075254567959177
128,2020-07-17,18.91,17.74,19.09,17.22,2839023,21.5049,1.0915,0.05075587424261447
129,2020-07-20,18.15,19.24,19.56,18.0,2778205,21.6949,1.1011,0.05075386381131049
130,2020-07-21,19.19,18.91,19.24,18.54,1579497,22.1128,1.1223,0.050753409789805005
131,2020-07-22,18.83,19.09,19.89,18.7,2308888,22.3788,1.1358,0.05075339160276691
132,2020-07-23,18.52,18.88,19.09,18.2,1535091,22.5687,1.1455,0.050756135710076346
133,2020-07-24,18.62,17.27,18.8,17.06,1878264,22.4168,1.1377,0.050752114485564395
134,2020-07-27,17.32,17.27,17.48,16.49,1248364,22.5307,1.1435,0.05075297261070451
135,2020-07-28,17.37,17.22,17.5,16.9,827475,22.4927,1.1416,0.050754244710506075
136,2020-07-29,17.01,18.0,18.13,17.01,1457643,22.7207,1.1532,0.050755478484377684
137,2020-07-30,18.02,17.81,18.1,17.68,918014,22.7587,1.1551,0.05075421706863749
138,2020-07-31,17.76,18.1,18.59,17.68,1351166,22.9487,1.1647,0.05075233019735323
139,2020-08-03,18.33,18.59,18.7,18.1,1377557,23.1766,1.1763,0.05075377751697833
140,2020-08-04,18.78,19.48,20.52,18.39,2887736,22.7207,1.1532,0.050755478484377684
141,2020-08-05,19.17,19.06,19.17,18.57,1444588,22.9487,1.1647,0.05075233019735323
142,2020-08-06,19.09,19.61,19.74,18.39,1686674,22.9107,1.1628,0.05075357802249605
143,2020-08-07,19.06,18.62,19.37,18.36,1636864,22.4927,1.1416,0.050754244710506075
144,2020-08-10,18.41,18.46,18.88,18.13,1179288,22.3408,1.1339,0.050754673064527675
145,2020-08-11,18.52,17.74,18.85,17.66,1202801,22.3788,1.1358,0.05075339160276691
146,2020-08-12,17.63,17.71,17.89,17.32,874715,291.4219,1.1464,0.003933815543718575
147,2020-08-13,17.84,17.74,18.07,17.53,710314,295.3801,1.1619,0.003933575755441886
148,2020-08-14,17.61,17.89,17.94,17.5,580270,298.3488,1.1736,0.0039336508140807
149,2020-08-17,18.26,19.82,20.0,18.26,3241275,298.3488,1.1736,0.0039336508140807
150,2020-08-18,19.43,19.43,19.79,19.17,1593274,303.2965,1.1931,0.003933774375899491
151,2020-08-19,19.48,18.88,19.61,18.78,1261169,302.8017,1.1911,0.003933597466592823
152,2020-08-20,18.62,18.36,18.75,18.23,833637,304.2861,1.197,0.003933797830397117
153,2020-08-21,18.44,18.65,18.88,18.33,790956,304.2861,1.197,0.003933797830397117
154,2020-08-24,18.41,18.2,18.46,18.07,794476,307.7495,1.2106,0.003933718820014329
155,2020-08-25,18.2,18.07,18.49,18.0,692123,301.8122,1.1873,0.003933903268323812
156,2020-08-26,17.97,17.68,18.23,17.68,732919,308.2442,1.2126,0.003933893971078775
157,2020-08-27,17.74,17.81,17.92,17.53,421156,313.6868,1.234,0.003933860143302173
158,2020-08-28,17.74,18.31,18.41,17.68,732479,311.7077,1.2262,0.003933813633734425
159,2020-08-31,18.49,18.39,19.35,18.39,1509214,313.192,1.232,0.003933689238550154
160,2020-09-01,18.36,19.14,19.4,18.31,1636533,306.2652,1.2048,0.003933845569134202
161,2020-09-02,19.14,18.98,19.27,18.62,1201593,311.7077,1.2262,0.003933813633734425
162,2020-09-03,18.93,18.93,19.35,18.8,916701,308.2442,1.2126,0.003933893971078775
163,2020-09-04,18.57,18.96,18.98,18.49,629976,309.2338,1.2164,0.003933593287667778
164,2020-09-07,18.85,18.18,18.93,18.15,779617,311.7077,1.2262,0.003933813633734425
165,2020-09-08,18.2,18.7,18.91,18.18,738960,317.1502,1.2476,0.003933782794398364
166,2020-09-09,18.44,18.41,18.85,18.2,747888,315.6659,1.2417,0.003933589279044711
167,2020-09-10,18.65,17.89,18.72,17.79,822285,319.6241,1.2573,0.0039336833486586275
168,2020-09-11,17.81,17.58,18.05,17.22,930142,314.6763,1.2379,0.003933883803769142
169,2020-09-14,17.71,18.23,18.57,17.61,1118925,308.2442,1.2126,0.003933893971078775
170,2020-09-15,18.05,18.1,18.33,17.97,560090,317.1502,1.2476,0.003933782794398364
171,2020-09-16,18.15,18.0,18.39,17.87,494207,312.6972,1.2301,0.003933837591126495
172,2020-09-17,17.94,17.74,18.02,17.5,647025,310.7181,1.2223,0.003933790789786626
173,2020-09-18,17.66,18.96,19.06,17.61,1578247,319.6241,1.2573,0.0039336833486586275
174,2020-09-21,19.56,18.93,19.87,18.85,1538042,319.1293,1.2554,0.003933828702033941
175,2020-09-22,18.72,19.19,19.97,18.65,1827151,332.983,1.3099,0.003933834460017479
176,2020-09-23,19.19,18.83,19.37,18.78,950045,336.4464,1.3235,0.003933761811688281
177,2020-09-24,18.75,18.54,19.09,18.54,769825,344.3628,1.3546,0.003933642077483398
178,2020-09-25,18.65,18.93,19.09,18.41,943909,354.2582,1.3936,0.003933853895266221
179,2020-09-28,18.93,18.98,19.14,18.75,695137,346.3419,1.3624,0.00393368518218558
180,2020-09-29,19.17,18.96,19.45,18.96,747776,355.7426,1.3994,0.003933743105267685
181,2020-09-30,18.98,18.54,19.09,18.26,751221,367.6171,1.4461,0.0039337125503683045
182,2020-10-09,18.88,18.85,18.98,18.7,651671,360.6903,1.4189,0.003933845739683047
183,2020-10-12,19.06,19.87,20.1,18.96,1615819,353.7635,1.3916,0.003933701470049906
184,2020-10-13,19.63,19.5,19.63,19.19,943182,353.7635,1.3916,0.003933701470049906
185,2020-10-14,19.45,19.32,19.61,19.24,537541,341.8889,1.3449,0.003933734028802924
186,2020-10-15,19.37,19.27,19.76,19.19,648171,359.7008,1.415,0.003933825001223239
187,2020-10-16,19.3,19.4,19.69,19.24,622601,359.7008,1.415,0.003933825001223239
188,2020-10-19,19.63,19.17,20.02,19.14,813297,365.638,1.4383,0.003933672101915009
189,2020-10-20,19.01,19.09,19.11,18.72,565364,366.1328,1.4403,0.0039338185488981044
190,2020-10-21,19.01,18.88,19.06,18.62,437836,366.6276,1.4422,0.003933691844258316
191,2020-10-22,18.75,19.09,19.32,18.72,469698,361.1851,1.4208,0.003933717088550995
192,2020-10-23,18.98,18.67,19.3,18.67,483051,335.9516,1.3215,0.00393360234033712
193,2020-10-26,18.49,17.92,18.54,17.81,766112,335.4568,1.3196,0.0039337404995218464
194,2020-10-27,17.81,17.92,18.02,17.74,386575,338.9202,1.3332,0.003933669341632632
195,2020-10-28,17.84,17.89,18.05,17.79,517077,325.0666,1.2787,0.003933655441684873
196,2020-10-29,17.61,17.94,18.13,17.37,755370,321.1084,1.2632,0.003933874043780854
197,2020-10-30,17.89,17.16,18.1,17.03,662086,324.5718,1.2768,0.00393379831519559
198,2020-11-02,17.27,17.81,18.02,17.27,848820,319.6241,1.2573,0.0039336833486586275
199,2020-11-03,17.84,18.52,18.83,17.76,940810,320.1188,1.2593,0.003933852057423681
200,2020-11-04,18.54,18.46,18.65,18.2,494301,317.645,1.2495,0.003933636606903934
201,2020-11-05,18.85,18.91,19.09,18.59,764948,314.6763,1.2379,0.003933883803769142
202,2020-11-06,18.93,19.19,19.58,18.8,1223175,307.2547,1.2087,0.003933869848044636
203,2020-11-09,19.37,19.92,20.41,19.22,1854602,303.2965,1.1931,0.003933774375899491
204,2020-11-10,19.89,19.71,20.1,19.53,1177492,302.8017,1.1911,0.003933597466592823
205,2020-11-11,19.71,19.58,20.54,19.5,1573427,336.4464,1.3235,0.003933761811688281
206,2020-11-12,19.56,19.58,20.0,19.19,994420,349.3105,1.3741,0.003933749486488383
207,2020-11-13,19.43,19.58,19.69,19.19,775110,347.8262,1.3683,0.003933861221495104
208,2020-11-16,20.02,19.82,20.15,19.4,838963,354.753,1.3955,0.003933722900158702
209,2020-11-17,19.87,19.66,19.87,19.3,823677,351.7844,1.3838,0.0039336593663618965
210,2020-11-18,19.76,20.13,20.6,19.71,1628998,352.7739,1.3877,0.003933681034793106
211,2020-11-19,19.82,19.71,19.87,19.09,1418104,348.8157,1.3722,0.0039338825631988475
212,2020-11-20,19.58,19.37,19.63,19.24,764987,348.8157,1.3722,0.0039338825631988475
213,2020-11-23,19.22,20.88,21.58,19.17,3278853,352.2791,1.3858,0.0039338127070269
214,2020-11-24,20.91,20.67,21.3,20.49,1918613,348.8157,1.3722,0.0039338825631988475
215,2020-11-25,21.09,20.02,21.25,20.0,1475034,344.3628,1.3546,0.003933642077483398
216,2020-11-26,20.21,19.97,20.31,19.63,1205177,339.415,1.3352,0.003933827320536805
217,2020-11-27,19.87,20.67,20.67,19.71,1405171,349.8053,1.376,0.003933616786252238
218,2020-11-30,20.7,20.44,21.56,20.13,2985994,348.3209,1.3702,0.003933728926400914
219,2020-12-01,20.23,21.14,21.35,20.02,2282205,349.8053,1.376,0.003933616786252238
