,日期,开盘,收盘,最高,最低,成交量,pe,pb,roe
0,2020-01-03,8.78,8.81,8.84,8.77,1522130,6.244,0.7555,0.12099615631005765
1,2020-01-06,8.77,8.78,8.87,8.76,2265097,6.0728,0.7348,0.1209985509155579
2,2020-01-07,8.8,8.83,8.86,8.8,1168044,6.1527,0.7445,0.12100378695532044
3,2020-01-08,8.77,8.72,8.78,8.71,1585591,5.8103,0.703,0.12099203139252707
4,2020-01-09,8.76,8.72,8.77,8.69,1377134,5.7532,0.6961,0.1209935340332337
5,2020-01-10,8.72,8.72,8.74,8.67,978378,5.7646,0.6975,0.12099712035527184
6,2020-01-13,8.71,8.74,8.74,8.68,1089910,5.7874,0.7003,0.12100425061340153
7,2020-01-14,8.73,8.75,8.77,8.72,1367701,5.7418,0.6947,0.12098993347034032
8,2020-01-15,8.74,8.69,8.75,8.68,1288908,5.7532,0.6961,0.1209935340332337
9,2020-01-16,8.68,8.61,8.7,8.6,2690313,5.7418,0.6947,0.12098993347034032
10,2020-01-17,8.62,8.63,8.65,8.61,1039490,5.7075,0.6906,0.12099868593955322
11,2020-01-20,8.62,8.65,8.67,8.61,1033400,5.6847,0.6878,0.12099143314510878
12,2020-01-21,8.63,8.58,8.64,8.57,1432237,5.6619,0.6851,0.12100178385347675
13,2020-01-22,8.57,8.6,8.6,8.51,1283708,5.719,0.692,0.12100017485574399
14,2020-01-23,8.57,8.52,8.59,8.5,2000377,5.7874,0.7003,0.12100425061340153
15,2020-02-03,8.08,8.21,8.38,8.08,4680399,5.7304,0.6933,0.12098631858159989
16,2020-02-04,8.18,8.29,8.32,8.15,4013853,5.6847,0.6878,0.12099143314510878
17,2020-02-05,8.28,8.28,8.31,8.21,2508538,5.6619,0.6851,0.12100178385347675
18,2020-02-06,8.29,8.29,8.32,8.23,2809954,5.6505,0.6837,0.1209981417573666
19,2020-02-07,8.26,8.23,8.26,8.19,2373190,5.6505,0.6837,0.1209981417573666
20,2020-02-10,8.2,8.21,8.22,8.17,1902386,5.6505,0.6837,0.1209981417573666
21,2020-02-11,8.22,8.25,8.26,8.2,1984985,5.6391,0.6823,0.12099448493553937
22,2020-02-12,8.25,8.25,8.26,8.21,2039144,5.6162,0.6945,0.12366012606388661
23,2020-02-13,8.24,8.2,8.24,8.19,1995658,5.6619,0.7002,0.1236687331107932
24,2020-02-14,8.19,8.22,8.23,8.18,1415764,5.7075,0.7058,0.12366184844502848
25,2020-02-17,8.21,8.28,8.28,8.2,2141949,5.7418,0.7101,0.12367201922741998
26,2020-02-18,8.26,8.25,8.27,8.23,1845424,5.7304,0.7087,0.12367374005305039
27,2020-02-19,8.24,8.27,8.29,8.24,2040524,5.776,0.7143,0.12366689750692522
28,2020-02-20,8.27,8.3,8.31,8.23,2836681,5.776,0.7143,0.12366689750692522
29,2020-02-21,8.28,8.28,8.31,8.26,2237103,5.7646,0.7129,0.12366859799465704
30,2020-02-24,8.27,8.23,8.28,8.22,1933292,5.6847,0.703,0.12366527697152004
31,2020-02-25,8.19,8.2,8.21,8.18,2301333,5.7304,0.7087,0.12367374005305039
32,2020-02-26,8.17,8.2,8.23,8.15,2579688,5.6961,0.7044,0.12366355927740032
33,2020-02-27,8.19,8.19,8.21,8.18,2225556,5.6276,0.6959,0.12365839789608357
34,2020-02-28,8.16,8.08,8.17,8.06,4229372,5.6162,0.6945,0.12366012606388661
35,2020-03-02,8.08,8.15,8.15,8.07,2399023,5.6162,0.6945,0.12366012606388661
36,2020-03-03,8.16,8.17,8.19,8.14,2554032,5.6619,0.7002,0.1236687331107932
37,2020-03-04,8.16,8.18,8.18,8.15,1342816,5.6048,0.6931,0.12366186126177563
38,2020-03-05,8.19,8.25,8.25,8.17,3305398,5.6162,0.6945,0.12366012606388661
39,2020-03-06,8.21,8.2,8.22,8.18,1959499,5.6048,0.6931,0.12366186126177563
40,2020-03-09,8.13,8.1,8.14,8.08,2880620,5.6391,0.6974,0.1236722171977798
41,2020-03-10,8.07,8.15,8.16,8.07,2508208,5.582,0.6903,0.12366535292010034
42,2020-03-11,8.14,8.11,8.16,8.11,1694070,5.5934,0.6917,0.123663603532735
43,2020-03-12,8.08,8.07,8.11,8.05,2462965,5.6162,0.6945,0.12366012606388661
44,2020-03-13,7.94,8.0,8.05,7.91,2997241,5.6276,0.6959,0.12365839789608357
45,2020-03-16,8.0,7.95,8.07,7.92,3044663,5.6619,0.7002,0.1236687331107932
46,2020-03-17,7.94,7.95,8.01,7.9,2577129,5.6847,0.703,0.12366527697152004
47,2020-03-18,7.96,7.89,7.98,7.89,2025068,5.6391,0.6974,0.1236722171977798
48,2020-03-19,7.89,7.76,7.9,7.7,2898850,5.6391,0.6974,0.1236722171977798
49,2020-03-20,7.79,7.85,7.89,7.77,2125136,5.6162,0.6945,0.12366012606388661
50,2020-03-23,7.77,7.76,7.8,7.75,1399893,5.6276,0.6959,0.12365839789608357
51,2020-03-24,7.79,7.9,7.9,7.79,2303316,5.6276,0.6959,0.12365839789608357
52,2020-03-25,7.95,7.96,7.96,7.88,2321786,5.6048,0.6931,0.12366186126177563
53,2020-03-26,7.91,7.96,8.0,7.89,1556128,5.6391,0.6974,0.1236722171977798
54,2020-03-27,7.99,7.99,8.03,7.96,1727365,5.6505,0.6988,0.1236704716396779
55,2020-03-30,7.96,8.0,8.02,7.93,1953885,5.5934,0.6917,0.123663603532735
56,2020-03-31,8.0,7.93,8.02,7.9,1761032,5.5934,0.6917,0.123663603532735
57,2020-04-01,7.93,7.94,7.97,7.91,1018584,5.6048,0.6931,0.12366186126177563
58,2020-04-02,7.92,7.97,7.97,7.89,1228856,5.6162,0.6945,0.12366012606388661
59,2020-04-03,7.94,7.92,7.96,7.9,1096046,5.6619,0.7002,0.1236687331107932
60,2020-04-07,7.96,7.94,7.97,7.91,1703016,5.6619,0.7002,0.1236687331107932
61,2020-04-08,7.92,7.92,7.93,7.9,1034743,5.7075,0.7232,0.12671046868155936
62,2020-04-09,7.92,7.91,7.93,7.9,735821,5.6733,0.7189,0.12671637318668147
63,2020-04-10,7.91,7.89,7.92,7.88,978069,5.6847,0.7203,0.12670853343184338
64,2020-04-13,7.88,7.88,7.91,7.87,855087,5.7075,0.7232,0.12671046868155936
65,2020-04-14,7.89,7.9,7.91,7.88,883218,5.6961,0.7218,0.1267182809290567
66,2020-04-15,7.89,7.91,7.91,7.88,946035,5.719,0.7247,0.12671795768490995
67,2020-04-16,7.89,7.9,7.91,7.88,700632,5.7075,0.7232,0.12671046868155936
68,2020-04-17,7.91,7.93,7.95,7.89,1382449,5.7418,0.7275,0.12670242781009441
69,2020-04-20,7.92,7.9,7.93,7.9,1038087,5.7646,0.7304,0.12670436803941298
70,2020-04-21,7.89,7.85,7.9,7.84,1176049,5.8103,0.7362,0.12670602206426518
71,2020-04-22,7.84,7.87,7.88,7.82,876584,5.7304,0.7261,0.12671017730001394
72,2020-04-23,7.87,7.84,7.87,7.82,1033422,5.6847,0.7203,0.12670853343184338
73,2020-04-24,7.83,7.82,7.84,7.81,687952,5.6961,0.7218,0.1267182809290567
74,2020-04-27,7.82,7.87,7.89,7.82,1172997,5.6847,0.7203,0.12670853343184338
75,2020-04-28,7.87,7.89,7.9,7.81,1505136,5.6961,0.7218,0.1267182809290567
76,2020-04-29,7.88,7.93,7.93,7.85,1210796,5.6847,0.7203,0.12670853343184338
77,2020-04-30,7.93,7.95,7.96,7.92,1040639,5.7304,0.7261,0.12671017730001394
78,2020-05-06,7.9,7.89,7.9,7.85,1620612,5.7075,0.7232,0.12671046868155936
79,2020-05-07,7.88,7.88,7.89,7.87,788982,5.7646,0.7304,0.12670436803941298
80,2020-05-08,7.88,7.88,7.9,7.87,1148278,5.6847,0.7203,0.12670853343184338
81,2020-05-11,7.89,7.92,7.92,7.88,1130519,5.6619,0.7174,0.12670658259594836
82,2020-05-12,7.91,7.91,7.93,7.89,1016321,5.6847,0.7203,0.12670853343184338
83,2020-05-13,7.9,7.91,7.91,7.89,556280,5.7304,0.7261,0.12671017730001394
84,2020-05-14,7.9,7.88,7.91,7.87,811525,5.6847,0.7203,0.12670853343184338
85,2020-05-15,7.88,7.87,7.9,7.85,959061,5.6733,0.7189,0.12671637318668147
86,2020-05-18,7.87,7.88,7.88,7.84,936179,5.6847,0.6958,0.12239871936953577
87,2020-05-19,7.9,7.9,7.91,7.88,1361801,5.7418,0.7028,0.1224006409139991
88,2020-05-20,7.89,7.9,7.9,7.88,867649,5.8103,0.7112,0.12240331824518529
89,2020-05-21,7.9,7.88,7.91,7.88,810031,5.8217,0.7126,0.12240410876548088
90,2020-05-22,7.88,7.82,7.89,7.82,1433771,5.8559,0.7168,0.12240646185897983
91,2020-05-25,7.83,7.87,7.88,7.81,1055065,5.776,0.707,0.12240304709141274
92,2020-05-26,7.88,7.85,7.89,7.85,925221,5.776,0.707,0.12240304709141274
93,2020-05-27,7.85,7.9,7.91,7.85,1195940,5.7989,0.7098,0.12240252461673766
94,2020-05-28,7.9,7.95,7.96,7.9,1457287,5.8674,0.7182,0.12240515390121688
95,2020-05-29,7.92,7.9,7.93,7.88,1257614,5.9473,0.728,0.12240848788525885
96,2020-06-01,7.91,7.94,7.94,7.9,1050079,5.9587,0.7294,0.12240925033983922
97,2020-06-02,7.93,7.97,7.97,7.91,1528292,6.1413,0.7517,0.12240079462003159
98,2020-06-03,7.98,7.97,8.02,7.96,1345468,6.244,0.7643,0.12240550928891736
99,2020-06-04,7.98,7.96,7.99,7.95,763941,6.3468,0.7769,0.12240814268607803
100,2020-06-05,7.97,7.99,8.0,7.94,1098658,6.3924,0.7825,0.12241098804830736
101,2020-06-08,8.0,8.02,8.04,7.98,1709294,5.8902,0.721,0.12240670944959424
102,2020-06-09,8.02,8.04,8.06,8.01,1186765,5.776,0.707,0.12240304709141274
103,2020-06-10,8.05,8.05,8.06,8.03,1301162,5.6961,0.6972,0.12239953652499078
104,2020-06-11,8.05,8.05,8.08,8.02,2019545,5.6847,0.6958,0.12239871936953577
105,2020-06-12,8.01,8.0,8.11,7.98,3797260,5.9929,0.7316,0.12207779205393049
106,2020-06-15,8.02,8.02,8.1,8.01,2160776,5.9587,0.7274,0.12207360665917062
107,2020-06-16,8.05,8.08,8.1,8.04,1230380,5.8674,0.7162,0.12206428741861812
108,2020-06-17,8.06,8.04,8.08,8.03,879845,5.8902,0.719,0.12206716240535126
109,2020-06-18,7.98,7.97,8.0,7.94,2109655,5.9358,0.7246,0.12207284612015229
110,2020-06-19,7.96,7.98,7.99,7.93,1986051,5.9244,0.7232,0.12207143339409897
111,2020-06-22,7.98,7.94,8.0,7.94,1569840,6.0043,0.733,0.12207917659011043
112,2020-06-23,7.94,7.92,7.94,7.9,1798935,6.05,0.7385,0.12206611570247936
113,2020-06-24,7.93,8.0,8.02,7.92,1941728,5.9815,0.7302,0.12207640224024074
114,2020-06-29,8.06,8.03,8.1,7.98,3000963,5.9587,0.7274,0.12207360665917062
115,2020-06-30,8.05,8.02,8.08,8.0,2135599,6.0157,0.7343,0.12206393270941038
116,2020-07-01,8.02,8.04,8.04,7.96,1953424,6.0157,0.7343,0.12206393270941038
117,2020-07-02,8.02,8.11,8.12,8.0,3336395,6.0043,0.733,0.12207917659011043
118,2020-07-03,8.11,8.21,8.23,8.11,3494608,5.9815,0.7302,0.12207640224024074
119,2020-07-06,8.25,8.67,8.68,8.24,7463596,5.9473,0.726,0.12207220083062902
120,2020-07-07,8.75,8.63,8.93,8.63,6224565,5.913,0.7218,0.12207001522070014
121,2020-07-08,8.59,8.54,8.66,8.44,6130511,5.9244,0.7232,0.12207143339409897
122,2020-07-09,8.5,8.44,8.52,8.41,5693420,5.9244,0.7232,0.12207143339409897
123,2020-07-10,8.42,8.28,8.43,8.25,6260793,5.8902,0.719,0.12206716240535126
124,2020-07-13,8.25,8.27,8.31,8.21,6089284,5.8445,0.7134,0.12206347848404484
125,2020-07-14,8.24,8.19,8.25,8.18,4639220,5.9016,0.7204,0.12206859156838824
126,2020-07-15,8.21,8.13,8.23,8.12,4611494,5.8445,0.7134,0.12206347848404484
127,2020-07-16,8.13,8.11,8.18,8.1,4922858,5.7989,0.7079,0.12207487626963735
128,2020-07-17,8.11,8.11,8.13,8.08,2975298,5.8103,0.7093,0.12207631275493522
129,2020-07-20,8.12,8.18,8.19,8.1,3865924,5.7646,0.7037,0.12207265031398537
130,2020-07-21,8.18,8.15,8.19,8.14,2262538,5.8217,0.7107,0.12207774361440817
131,2020-07-22,8.15,8.14,8.19,8.12,2926611,5.8445,0.7134,0.12206347848404484
132,2020-07-23,8.12,8.08,8.13,8.07,3751366,5.8445,0.7134,0.12206347848404484
133,2020-07-24,8.08,8.02,8.08,8.0,3637610,5.8217,0.7107,0.12207774361440817
134,2020-07-27,8.02,8.01,8.05,7.99,2176345,5.8103,0.7093,0.12207631275493522
135,2020-07-28,8.04,8.02,8.05,8.0,1748446,5.8217,0.7107,0.12207774361440817
136,2020-07-29,8.01,8.07,8.07,7.97,2758567,5.8559,0.7148,0.12206492597209652
137,2020-07-30,8.07,8.02,8.07,8.02,1537829,5.8559,0.7148,0.12206492597209652
138,2020-07-31,8.02,8.0,8.06,7.99,2549673,5.8674,0.7162,0.12206428741861812
139,2020-08-03,8.02,8.02,8.05,8.0,2446868,5.8217,0.7107,0.12207774361440817
140,2020-08-04,8.04,8.1,8.12,8.01,4012205,5.8217,0.7107,0.12207774361440817
141,2020-08-05,8.07,8.05,8.08,8.04,2052320,5.8331,0.7121,0.12207916888104095
142,2020-08-06,8.06,8.07,8.08,8.02,2099271,5.9016,0.7204,0.12206859156838824
143,2020-08-07,8.06,8.02,8.06,8.01,1921433,5.8788,0.7176,0.12206572769953052
144,2020-08-10,8.01,8.04,8.05,8.0,2009869,5.8331,0.7373,0.12639934168795322
145,2020-08-11,8.02,8.02,8.07,8.01,2767246,5.8103,0.7344,0.12639622738929143
146,2020-08-12,8.01,8.04,8.04,8.0,2256124,5.7646,0.7287,0.1264094646636367
147,2020-08-13,8.02,8.02,8.05,8.01,1163829,5.7874,0.7316,0.1264125514047759
148,2020-08-14,8.02,8.07,8.07,8.01,2085845,5.8103,0.7344,0.12639622738929143
149,2020-08-17,8.07,8.14,8.16,8.07,5486933,5.7989,0.733,0.12640328338133094
150,2020-08-18,8.14,8.1,8.14,8.09,2371955,5.8445,0.7388,0.12640944477714092
151,2020-08-19,8.11,8.08,8.12,8.08,1630051,5.8788,0.7431,0.12640334762196367
152,2020-08-20,8.07,8.05,8.08,8.04,1642453,5.8445,0.7388,0.12640944477714092
153,2020-08-21,8.06,8.06,8.07,8.04,1301845,5.8559,0.7402,0.1264024317355146
154,2020-08-24,8.06,8.04,8.07,8.04,1200786,5.8445,0.7388,0.12640944477714092
155,2020-08-25,8.05,8.05,8.06,8.02,1548987,5.8217,0.7359,0.12640637614442518
156,2020-08-26,8.05,8.02,8.05,8.01,1514622,5.8331,0.7373,0.12639934168795322
157,2020-08-27,8.02,8.01,8.02,8.0,1416657,5.8559,0.7402,0.1264024317355146
158,2020-08-28,8.01,8.05,8.06,8.0,2103678,5.8674,0.7417,0.1264103350717524
159,2020-08-31,8.04,8.0,8.06,8.0,2631484,5.8902,0.7445,0.12639638721944926
160,2020-09-01,8.0,8.0,8.01,7.98,1566484,5.8674,0.7417,0.1264103350717524
161,2020-09-02,8.0,7.96,8.0,7.96,2729008,5.9244,0.7489,0.12640942542704747
162,2020-09-03,7.96,7.95,7.98,7.93,1839672,5.8902,0.7445,0.12639638721944926
163,2020-09-04,7.93,7.94,7.95,7.92,1409394,5.8788,0.7431,0.12640334762196367
164,2020-09-07,7.93,7.94,7.96,7.92,1525627,5.9587,0.7532,0.12640341013979559
165,2020-09-08,7.94,7.99,8.0,7.93,1995481,6.2379,0.7677,0.12307026403116435
166,2020-09-09,7.97,7.98,7.99,7.96,1613341,6.202,0.7632,0.12305707836181877
167,2020-09-10,7.98,7.95,7.99,7.94,1444378,6.202,0.7632,0.12305707836181877
168,2020-09-11,7.94,7.97,7.99,7.94,1494302,6.1302,0.7544,0.12306286907441844
169,2020-09-14,7.97,7.97,7.98,7.95,1027571,5.9745,0.7352,0.12305632270482886
170,2020-09-15,7.96,7.96,7.97,7.95,828081,6.0823,0.7485,0.12306199957253014
171,2020-09-16,7.96,7.98,7.98,7.94,1076156,5.9745,0.7352,0.12305632270482886
172,2020-09-17,7.98,7.98,7.99,7.96,1208864,6.1182,0.7529,0.12305906966101142
173,2020-09-18,7.99,8.02,8.02,7.97,2607344,6.19,0.7618,0.12306946688206785
174,2020-09-21,8.01,8.0,8.04,7.98,1217665,6.19,0.7618,0.12306946688206785
175,2020-09-22,7.99,7.97,8.0,7.96,1097050,6.2499,0.7691,0.12305796892750284
176,2020-09-23,7.97,7.96,7.98,7.95,1005836,6.3337,0.7794,0.12305603359805484
177,2020-09-24,7.95,7.94,7.96,7.92,1265965,6.3696,0.7839,0.12306895252449133
178,2020-09-25,7.94,7.93,7.95,7.92,1080018,6.4175,0.7898,0.12306973120373976
179,2020-09-28,7.94,7.98,7.98,7.92,1634647,6.3576,0.7824,0.12306530766326916
180,2020-09-29,7.98,7.95,7.99,7.95,1156134,6.4774,0.7971,0.12305863463735449
181,2020-09-30,7.96,7.96,7.99,7.95,1512343,6.5372,0.8045,0.12306492076118215
182,2020-10-09,7.98,7.95,7.98,7.95,1289984,6.4534,0.7942,0.12306691046580097
183,2020-10-12,7.96,8.0,8.01,7.95,2525438,6.4415,0.7927,0.12306139874252892
184,2020-10-13,7.99,7.96,8.0,7.95,1674337,6.4175,0.7898,0.12306973120373976
185,2020-10-14,7.96,7.96,7.97,7.95,1408489,6.3457,0.7809,0.12305970972469547
186,2020-10-15,7.96,7.97,7.99,7.94,2011509,6.4654,0.7957,0.12307049834503665
187,2020-10-16,7.96,8.04,8.07,7.96,5009558,6.4774,0.7971,0.12305863463735449
188,2020-10-19,8.04,8.07,8.13,8.02,3458163,6.4774,0.7971,0.12305863463735449
189,2020-10-20,8.06,8.02,8.06,7.99,2406896,6.5133,0.8015,0.12305590100256399
190,2020-10-21,8.02,8.1,8.12,7.99,3258762,6.5732,0.8089,0.12306030548286982
191,2020-10-22,8.1,8.11,8.12,8.07,1910635,6.5971,0.8119,0.1230692273877916
192,2020-10-23,8.1,8.11,8.13,8.08,2356156,6.5612,0.8074,0.12305675791013838
193,2020-10-26,8.11,8.07,8.12,8.06,1797836,6.5372,0.8045,0.12306492076118215
194,2020-10-27,8.06,8.08,8.09,8.05,1597959,6.5732,0.8089,0.12306030548286982
195,2020-10-28,8.07,8.05,8.08,8.02,1820639,6.5013,0.8001,0.12306769415347701
196,2020-10-29,8.02,8.0,8.04,7.99,1674462,6.4774,0.7971,0.12305863463735449
197,2020-10-30,8.0,7.96,8.02,7.95,2107643,6.5372,0.8045,0.12306492076118215
198,2020-11-02,7.96,7.98,7.99,7.95,1572267,6.5372,0.8045,0.12306492076118215
199,2020-11-03,7.99,7.99,8.02,7.98,1353574,6.4893,0.7986,0.12306412093754333
200,2020-11-04,8.01,7.99,8.02,7.97,1464985,6.5133,0.8015,0.12305590100256399
201,2020-11-05,8.01,7.99,8.04,7.98,1637350,6.5851,0.8104,0.12306570894899091
202,2020-11-06,7.99,8.0,8.02,7.97,1659587,6.5732,0.8089,0.12306030548286982
203,2020-11-09,8.01,8.02,8.04,8.0,2256021,6.5851,0.8104,0.12306570894899091
204,2020-11-10,8.06,8.07,8.1,8.05,2591684,6.4893,0.7986,0.12306412093754333
205,2020-11-11,8.06,8.12,8.13,8.05,3096115,6.8485,0.8428,0.12306344454990144
206,2020-11-12,8.11,8.06,8.11,8.06,1398752,6.9323,0.8531,0.12306161014381951
207,2020-11-13,8.06,8.0,8.06,7.99,1922654,6.9084,0.8502,0.12306756991488621
208,2020-11-16,8.01,8.02,8.04,8.0,1282416,6.9922,0.8605,0.12306570178198564
209,2020-11-17,8.02,8.05,8.05,8.01,1220333,6.9683,0.8575,0.12305727365354534
210,2020-11-18,8.05,8.08,8.1,8.02,1935618,6.9443,0.8546,0.12306495975116283
211,2020-11-19,8.07,8.09,8.1,8.07,1545694,7.0401,0.8664,0.12306643371543018
212,2020-11-20,8.1,8.08,8.11,8.06,1265721,7.1119,0.8752,0.12306134788171937
213,2020-11-23,8.06,8.12,8.13,8.06,2825800,7.1,0.8737,0.12305633802816902
214,2020-11-24,8.12,8.1,8.14,8.1,1893180,7.076,0.8708,0.12306387789711702
215,2020-11-25,8.13,8.09,8.16,8.09,2002930,7.076,0.8708,0.12306387789711702
216,2020-11-26,8.09,8.14,8.15,8.08,1973923,7.076,0.8708,0.12306387789711702
217,2020-11-27,8.16,8.45,8.45,8.16,9297495,7.1957,0.8855,0.12305960504190001
218,2020-11-30,8.53,8.38,8.71,8.37,12456636,7.1479,0.8796,0.1230571216720995
219,2020-12-01,8.37,8.54,8.57,8.34,5303736,7.1718,0.8826,0.12306533924537773
