,日期,开盘,收盘,最高,最低,成交量,pe,pb,roe
0,2020-01-03,9.75,9.74,9.75,9.72,792264,4.5933,0.4998,0.10881065900333094
1,2020-01-06,9.72,9.7,9.75,9.69,1102799,4.526,0.4925,0.1088157313300928
2,2020-01-07,9.71,9.74,9.78,9.7,1009756,4.5645,0.4967,0.10881805236060904
3,2020-01-08,9.71,9.67,9.71,9.66,884545,4.4492,0.4842,0.10882855344781084
4,2020-01-09,9.7,9.69,9.72,9.67,705748,4.43,0.4821,0.10882618510158014
5,2020-01-10,9.7,9.67,9.71,9.66,479807,4.4396,0.4831,0.10881610955941975
6,2020-01-13,9.69,9.69,9.7,9.65,488642,4.4588,0.4852,0.10881851619269758
7,2020-01-14,9.69,9.71,9.75,9.69,601794,4.4203,0.481,0.10881614370065379
8,2020-01-15,9.7,9.65,9.71,9.65,488394,4.43,0.4821,0.10882618510158014
9,2020-01-16,9.66,9.64,9.67,9.64,441677,4.4396,0.4831,0.10881610955941975
10,2020-01-17,9.66,9.64,9.69,9.62,428989,4.4107,0.48,0.1088262634049017
11,2020-01-20,9.64,9.65,9.66,9.62,505937,4.3819,0.4768,0.10881124626303658
12,2020-01-21,9.64,9.59,9.65,9.57,680068,4.3723,0.4758,0.10882144409121057
13,2020-01-22,9.59,9.55,9.59,9.51,757746,4.4107,0.48,0.1088262634049017
14,2020-01-23,9.53,9.46,9.53,9.45,1072207,4.4588,0.4852,0.10881851619269758
15,2020-02-03,8.93,9.0,9.18,8.93,1897131,4.43,0.4821,0.10882618510158014
16,2020-02-04,9.03,9.12,9.18,9.02,1293022,4.4203,0.481,0.10881614370065379
17,2020-02-05,9.13,9.12,9.17,9.07,926676,4.4011,0.4789,0.10881370566449297
18,2020-02-06,9.14,9.17,9.19,9.09,959284,4.3915,0.4779,0.10882386428327451
19,2020-02-07,9.14,9.18,9.21,9.12,668534,4.3723,0.4758,0.10882144409121057
20,2020-02-10,9.16,9.16,9.19,9.14,606223,4.3627,0.4748,0.10883168679945904
21,2020-02-11,9.17,9.19,9.23,9.16,670716,4.3339,0.4716,0.10881653937562012
22,2020-02-12,9.19,9.22,9.22,9.18,427802,4.3531,0.4788,0.1099905814247318
23,2020-02-13,9.21,9.17,9.23,9.17,518860,4.3819,0.4819,0.10997512494579977
24,2020-02-14,9.17,9.22,9.23,9.16,448306,4.4011,0.484,0.10997250687328168
25,2020-02-17,9.21,9.29,9.31,9.21,580857,4.4107,0.4851,0.10998254245357879
26,2020-02-18,9.28,9.26,9.32,9.24,563526,4.4492,0.4893,0.10997482693517935
27,2020-02-19,9.26,9.27,9.29,9.24,529791,4.4684,0.4914,0.10997224957479187
28,2020-02-20,9.26,9.31,9.33,9.23,798747,4.4107,0.4851,0.10998254245357879
29,2020-02-21,9.28,9.33,9.36,9.28,793929,4.4203,0.4862,0.10999253444336357
30,2020-02-24,9.32,9.26,9.35,9.26,717779,4.3915,0.483,0.10998519867926677
31,2020-02-25,9.22,9.22,9.26,9.19,788579,4.4203,0.4862,0.10999253444336357
32,2020-02-26,9.19,9.26,9.28,9.18,956367,4.43,0.4872,0.10997742663656886
33,2020-02-27,9.24,9.26,9.31,9.23,614065,4.4011,0.484,0.10997250687328168
34,2020-02-28,9.21,9.12,9.27,9.12,1040453,4.3819,0.4819,0.10997512494579977
35,2020-03-02,9.13,9.23,9.24,9.13,833041,4.4011,0.484,0.10997250687328168
36,2020-03-03,9.26,9.27,9.31,9.24,833901,4.4203,0.4862,0.10999253444336357
37,2020-03-04,9.27,9.29,9.32,9.26,522031,4.3723,0.4809,0.10998787823342406
38,2020-03-05,9.32,9.36,9.42,9.29,1258908,4.3627,0.4798,0.10997776606230086
39,2020-03-06,9.33,9.29,9.36,9.28,605610,4.3819,0.4819,0.10997512494579977
40,2020-03-09,9.24,9.22,9.26,9.13,2374700,4.4011,0.484,0.10997250687328168
41,2020-03-10,9.17,9.31,9.4,9.17,1369031,4.3915,0.483,0.10998519867926677
42,2020-03-11,9.32,9.22,9.32,9.22,759866,4.3915,0.483,0.10998519867926677
43,2020-03-12,9.21,9.22,9.23,9.17,725860,4.43,0.4872,0.10997742663656886
44,2020-03-13,9.09,9.18,9.23,9.05,1226986,4.43,0.4872,0.10997742663656886
45,2020-03-16,9.19,9.1,9.22,9.09,1032801,4.4684,0.4914,0.10997224957479187
46,2020-03-17,9.1,9.12,9.19,9.08,1123946,4.4972,0.4946,0.10997954282664768
47,2020-03-18,9.16,9.02,9.16,9.0,932206,4.4588,0.4904,0.10998474925989055
48,2020-03-19,9.0,8.89,9.05,8.86,1162075,4.4684,0.4914,0.10997224957479187
49,2020-03-20,8.95,8.98,9.03,8.91,911502,4.4396,0.4883,0.10998738625101359
50,2020-03-23,8.91,8.89,8.93,8.86,778657,4.4396,0.4883,0.10998738625101359
51,2020-03-24,8.95,8.98,9.0,8.93,655023,4.43,0.4872,0.10997742663656886
52,2020-03-25,9.05,9.02,9.07,9.0,590515,4.4396,0.4883,0.10998738625101359
53,2020-03-26,9.0,9.02,9.07,8.97,642911,4.4492,0.4893,0.10997482693517935
54,2020-03-27,9.05,9.07,9.1,9.02,540808,4.4684,0.4914,0.10997224957479187
55,2020-03-30,9.05,9.14,9.17,9.04,893071,4.4492,0.4893,0.10997482693517935
56,2020-03-31,9.17,9.07,9.18,9.07,585490,4.4684,0.4914,0.10997224957479187
57,2020-04-01,9.07,9.07,9.13,9.05,516419,4.4876,0.4936,0.10999197789464302
58,2020-04-02,9.05,9.13,9.13,9.04,422601,4.5068,0.4957,0.10998934942753172
59,2020-04-03,9.1,9.08,9.12,9.07,311673,4.5357,0.4988,0.10997199991181074
60,2020-04-07,9.14,9.13,9.16,9.12,642103,4.5453,0.4999,0.1099817393791389
61,2020-04-08,9.12,9.1,9.14,9.09,452342,4.5837,0.5156,0.11248554661081657
62,2020-04-09,9.13,9.08,9.14,9.08,453312,4.5645,0.5134,0.11247672253258845
63,2020-04-10,9.09,9.09,9.1,9.07,337706,4.5645,0.5134,0.11247672253258845
64,2020-04-13,9.08,9.08,9.1,9.08,277081,4.5837,0.5156,0.11248554661081657
65,2020-04-14,9.09,9.1,9.1,9.07,505399,4.5741,0.5145,0.11248114383157343
66,2020-04-15,9.09,9.09,9.1,9.07,467500,4.5837,0.5156,0.11248554661081657
67,2020-04-16,9.07,9.12,9.12,9.07,451567,4.5837,0.5156,0.11248554661081657
68,2020-04-17,9.12,9.1,9.14,9.09,538930,4.6029,0.5178,0.11249429707358405
69,2020-04-20,9.1,9.08,9.12,9.07,536614,4.6318,0.521,0.11248326784403472
70,2020-04-21,9.07,9.03,9.08,9.03,466489,4.6702,0.5253,0.1124791229497666
71,2020-04-22,9.04,9.04,9.05,9.0,394357,4.6029,0.5178,0.11249429707358405
72,2020-04-23,9.05,9.04,9.07,9.03,404149,4.5741,0.5145,0.11248114383157343
73,2020-04-24,9.04,9.04,9.05,9.02,313739,4.5837,0.5156,0.11248554661081657
74,2020-04-27,9.04,9.05,9.09,9.03,534189,4.5837,0.5156,0.11248554661081657
75,2020-04-28,9.07,9.05,9.08,9.0,474474,4.5933,0.5167,0.11248993098643677
76,2020-04-29,9.02,9.09,9.09,9.0,662080,4.5741,0.5145,0.11248114383157343
77,2020-04-30,9.08,9.09,9.13,9.08,585169,4.5933,0.5167,0.11248993098643677
78,2020-05-06,9.04,9.03,9.05,9.02,842361,4.5933,0.5167,0.11248993098643677
79,2020-05-07,9.03,9.02,9.04,9.02,453955,4.6318,0.521,0.11248326784403472
80,2020-05-08,9.04,9.04,9.05,9.02,440154,4.5837,0.5156,0.11248554661081657
81,2020-05-11,9.04,9.05,9.07,9.03,502885,4.5741,0.5145,0.11248114383157343
82,2020-05-12,9.05,9.03,9.07,9.03,456948,4.5837,0.5156,0.11248554661081657
83,2020-05-13,9.03,9.03,9.04,9.02,415254,4.6125,0.5188,0.1124769647696477
84,2020-05-14,9.03,9.02,9.04,9.0,377893,4.5741,0.5145,0.11248114383157343
85,2020-05-15,9.03,9.03,9.05,9.02,469418,4.5741,0.5145,0.11248114383157343
86,2020-05-18,9.04,9.04,9.07,9.03,394999,4.5837,0.5156,0.11248554661081657
87,2020-05-19,9.07,9.04,9.07,9.04,364028,4.6702,0.5253,0.1124791229497666
88,2020-05-20,9.04,9.05,9.07,9.04,293049,4.7182,0.5307,0.11247933533974819
89,2020-05-21,9.07,9.03,9.07,9.03,325909,4.7375,0.5329,0.11248548812664909
90,2020-05-22,9.03,8.95,9.05,8.95,598862,4.7663,0.5361,0.1124771835595745
91,2020-05-25,8.98,8.98,8.99,8.94,456243,4.699,0.5286,0.11249201957863375
92,2020-05-26,8.98,8.97,9.0,8.97,393459,4.7182,0.5307,0.11247933533974819
93,2020-05-27,8.97,9.0,9.02,8.97,468119,4.7663,0.5361,0.1124771835595745
94,2020-05-28,9.0,9.07,9.08,8.99,682879,4.8335,0.5437,0.11248577635253956
95,2020-05-29,9.04,9.0,9.05,9.0,597230,5.2275,0.5687,0.10879005260640841
96,2020-06-01,9.02,9.05,9.07,9.0,535302,5.2083,0.5666,0.10878789624253594
97,2020-06-02,9.04,9.09,9.1,9.04,667103,5.3621,0.5833,0.1087820070494769
98,2020-06-03,9.1,9.1,9.16,9.09,559932,5.4389,0.5916,0.10877199433709021
99,2020-06-04,9.13,9.07,9.14,9.07,345969,5.4293,0.5906,0.10878013740261176
100,2020-06-05,9.09,9.07,9.09,9.05,320854,5.4486,0.5927,0.10878023712513306
101,2020-06-08,9.07,9.04,9.08,9.03,504413,5.1411,0.5592,0.10877049658633367
102,2020-06-09,9.04,9.05,9.07,9.04,371464,5.0642,0.5509,0.10878322341139765
103,2020-06-10,9.07,9.03,9.07,9.03,449481,4.9585,0.5394,0.10878289805384693
104,2020-06-11,9.03,8.99,9.04,8.99,587020,4.9296,0.5362,0.10877150275884453
105,2020-06-12,8.98,8.99,9.02,8.97,632882,4.92,0.5352,0.10878048780487805
106,2020-06-15,8.98,8.95,9.0,8.95,617078,4.92,0.5352,0.10878048780487805
107,2020-06-16,8.98,8.99,9.0,8.98,362848,4.8912,0.5321,0.10878720968269545
108,2020-06-17,8.99,8.99,9.0,8.97,412001,4.92,0.5352,0.10878048780487805
109,2020-06-18,8.98,9.0,9.03,8.97,584619,4.9393,0.5373,0.1087805964407912
110,2020-06-19,9.0,9.04,9.04,8.99,867222,4.9104,0.5342,0.10878950798305637
111,2020-06-22,9.02,9.02,9.05,9.0,617439,4.9008,0.5331,0.10877815866797258
112,2020-06-23,9.0,8.98,9.02,8.98,441418,4.9008,0.5331,0.10877815866797258
113,2020-06-24,8.99,9.02,9.03,8.98,689967,4.872,0.53,0.1087848932676519
114,2020-06-29,9.04,9.02,9.05,8.99,767146,4.9008,0.5331,0.10877815866797258
115,2020-06-30,9.02,9.03,9.04,9.0,598773,4.9008,0.5331,0.10877815866797258
116,2020-07-01,9.03,9.07,9.08,9.0,775732,4.9296,0.5362,0.10877150275884453
117,2020-07-02,9.09,9.21,9.22,9.07,1551730,4.9489,0.5383,0.1087716462244135
118,2020-07-03,9.22,9.31,9.35,9.22,1467080,4.9393,0.5373,0.1087805964407912
119,2020-07-06,9.35,9.71,9.78,9.33,3963449,4.9585,0.5394,0.10878289805384693
120,2020-07-07,9.79,9.69,9.85,9.69,3600838,4.9585,0.5394,0.10878289805384693
121,2020-07-08,9.67,9.7,9.79,9.65,2613580,4.9873,0.5425,0.10877629178112405
122,2020-07-09,9.69,9.6,9.72,9.57,2390703,4.9777,0.5415,0.10878518191132451
123,2020-07-10,9.59,9.4,9.62,9.37,2385136,4.9489,0.5383,0.1087716462244135
124,2020-07-13,9.37,9.42,9.48,9.35,2939299,4.9104,0.5342,0.10878950798305637
125,2020-07-14,9.44,9.3,9.45,9.29,2764859,4.9585,0.5394,0.10878289805384693
126,2020-07-15,9.33,9.21,9.35,9.21,2149091,4.9104,0.5342,0.10878950798305637
127,2020-07-16,9.22,9.15,9.28,9.15,2183394,4.8816,0.531,0.10877581120943954
128,2020-07-17,9.16,9.12,9.19,9.09,1727492,4.8912,0.5321,0.10878720968269545
129,2020-07-20,9.12,9.21,9.25,9.1,1951789,4.872,0.53,0.1087848932676519
130,2020-07-21,9.22,9.17,9.24,9.15,1231157,4.9296,0.5362,0.10877150275884453
131,2020-07-22,9.17,9.15,9.24,9.15,1780688,4.9489,0.5383,0.1087716462244135
132,2020-07-23,9.14,9.09,9.19,9.06,1839751,4.9393,0.5373,0.1087805964407912
133,2020-07-24,9.09,8.97,9.09,8.96,2233518,4.9393,0.5373,0.1087805964407912
134,2020-07-27,9.01,8.96,9.01,8.93,1175908,4.9296,0.5362,0.10877150275884453
135,2020-07-28,8.98,8.96,9.0,8.93,1073323,4.92,0.5352,0.10878048780487805
136,2020-07-29,8.96,9.01,9.02,8.93,1445134,4.9296,0.5362,0.10877150275884453
137,2020-07-30,9.0,8.97,9.05,8.97,1290698,4.9296,0.5362,0.10877150275884453
138,2020-07-31,8.97,8.96,9.02,8.93,1893385,4.9489,0.5383,0.1087716462244135
139,2020-08-03,8.97,8.97,9.0,8.95,1972886,4.9393,0.5373,0.1087805964407912
140,2020-08-04,8.98,9.04,9.06,8.96,2542079,4.92,0.5352,0.10878048780487805
141,2020-08-05,9.02,8.98,9.04,8.97,1402764,4.9296,0.5362,0.10877150275884453
142,2020-08-06,9.0,8.98,9.02,8.96,1399092,4.9777,0.5415,0.10878518191132451
143,2020-08-07,8.98,8.96,8.98,8.95,1202550,4.9777,0.5415,0.10878518191132451
144,2020-08-10,8.96,8.98,9.01,8.95,1421101,4.9489,0.5516,0.11145911212592696
145,2020-08-11,8.98,8.97,9.02,8.96,2121975,4.9489,0.5516,0.11145911212592696
146,2020-08-12,8.97,8.97,8.98,8.95,1637256,4.9393,0.5505,0.11145303990443989
147,2020-08-13,8.98,8.96,8.98,8.96,812959,4.9393,0.5505,0.11145303990443989
148,2020-08-14,8.96,9.0,9.0,8.96,1033718,4.9393,0.5505,0.11145303990443989
149,2020-08-17,9.0,9.09,9.12,8.98,3227834,4.9296,0.5494,0.11144920480363518
150,2020-08-18,9.07,9.04,9.07,9.02,1500162,4.9681,0.5537,0.11145105774843501
151,2020-08-19,9.04,9.0,9.05,9.0,1037859,4.9873,0.5559,0.1114631163154412
152,2020-08-20,9.0,8.97,9.0,8.96,1047576,4.9969,0.5569,0.11144909844103343
153,2020-08-21,8.98,8.97,9.0,8.96,899124,4.9777,0.5548,0.1114570986600237
154,2020-08-24,8.98,8.96,8.98,8.96,943986,4.9873,0.5559,0.1114631163154412
155,2020-08-25,8.97,8.97,8.98,8.96,550274,4.9681,0.5537,0.11145105774843501
156,2020-08-26,8.97,8.95,8.97,8.95,893055,4.9777,0.5548,0.1114570986600237
157,2020-08-27,8.96,8.95,8.96,8.93,784498,4.9681,0.5537,0.11145105774843501
158,2020-08-28,8.95,8.97,8.98,8.92,1108361,4.9873,0.5559,0.1114631163154412
159,2020-08-31,8.96,8.92,8.98,8.92,1580511,5.0065,0.558,0.11145510835913314
160,2020-09-01,8.92,8.91,8.93,8.9,1171051,4.9681,0.5537,0.11145105774843501
161,2020-09-02,8.91,8.87,8.92,8.85,1458920,5.0065,0.558,0.11145510835913314
162,2020-09-03,8.86,8.85,8.88,8.83,1091040,4.9585,0.5527,0.11146516083492991
163,2020-09-04,8.82,8.82,8.83,8.81,924070,4.9585,0.5527,0.11146516083492991
164,2020-09-07,8.81,8.79,8.83,8.78,948709,5.0161,0.5591,0.11146109527322025
165,2020-09-08,8.79,8.82,8.83,8.78,995538,5.2043,0.5673,0.10900601425744097
166,2020-09-09,8.81,8.79,8.82,8.79,853354,5.164,0.5629,0.10900464756003098
167,2020-09-10,8.81,8.78,8.82,8.76,1097003,5.164,0.5629,0.10900464756003098
168,2020-09-11,8.77,8.77,8.78,8.74,720695,5.1337,0.5596,0.10900520092720649
169,2020-09-14,8.78,8.78,8.79,8.77,721051,5.0631,0.5519,0.10900436491477551
170,2020-09-15,8.78,8.78,8.81,8.77,624128,5.1337,0.5596,0.10900520092720649
171,2020-09-16,8.79,8.82,8.82,8.77,850613,5.0631,0.5519,0.10900436491477551
172,2020-09-17,8.82,8.81,8.83,8.79,642603,5.164,0.5629,0.10900464756003098
173,2020-09-18,8.83,8.86,8.86,8.81,1294550,5.2447,0.5717,0.1090052815222987
174,2020-09-21,8.86,8.82,8.87,8.81,818790,5.2346,0.5706,0.10900546364574179
175,2020-09-22,8.81,8.77,8.85,8.77,887958,5.2951,0.5772,0.1090064399161489
176,2020-09-23,8.78,8.77,8.79,8.77,543093,5.3254,0.5805,0.10900589627070267
177,2020-09-24,8.77,8.72,8.77,8.71,902894,5.3254,0.5805,0.10900589627070267
178,2020-09-25,8.71,8.72,8.73,8.71,486496,5.396,0.5882,0.10900667160859895
179,2020-09-28,8.72,8.73,8.74,8.71,588052,5.3254,0.5805,0.10900589627070267
180,2020-09-29,8.74,8.71,8.76,8.71,634371,5.3859,0.5871,0.10900685122263687
181,2020-09-30,8.72,8.68,8.74,8.67,731303,5.4363,0.5926,0.10900796497617865
182,2020-10-09,8.69,8.69,8.72,8.68,778413,5.3859,0.5871,0.10900685122263687
183,2020-10-12,8.69,8.76,8.77,8.69,1346871,5.3657,0.5849,0.10900721247926644
184,2020-10-13,8.74,8.73,8.76,8.72,642009,5.3355,0.5816,0.10900571642770125
185,2020-10-14,8.73,8.71,8.74,8.69,664489,5.2447,0.5717,0.1090052815222987
186,2020-10-15,8.71,8.73,8.76,8.69,922674,5.3556,0.5838,0.1090073941295093
187,2020-10-16,8.73,8.77,8.79,8.72,1366395,5.3556,0.5838,0.1090073941295093
188,2020-10-19,8.77,8.76,8.86,8.74,1694627,5.3254,0.5805,0.10900589627070267
189,2020-10-20,8.74,8.72,8.76,8.71,895300,5.3556,0.5838,0.1090073941295093
190,2020-10-21,8.73,8.76,8.76,8.69,1113462,5.4161,0.5904,0.10900832702498107
191,2020-10-22,8.74,8.74,8.78,8.72,1004249,5.396,0.5882,0.10900667160859895
192,2020-10-23,8.74,8.82,8.85,8.73,1908474,5.3657,0.5849,0.10900721247926644
193,2020-10-26,8.82,8.79,8.87,8.77,1845538,5.3556,0.5838,0.1090073941295093
194,2020-10-27,8.78,8.74,8.78,8.73,862291,5.3859,0.5871,0.10900685122263687
195,2020-10-28,8.73,8.73,8.74,8.69,926440,5.3254,0.5805,0.10900589627070267
196,2020-10-29,8.71,8.71,8.73,8.69,830568,5.285,0.5761,0.10900662251655628
197,2020-10-30,8.72,8.67,8.73,8.66,807066,5.3254,0.5805,0.10900589627070267
198,2020-11-02,8.67,8.64,8.69,8.64,876235,5.3052,0.5783,0.10900625801100808
199,2020-11-03,8.67,8.68,8.72,8.66,923515,5.2749,0.575,0.109006805816224
200,2020-11-04,8.71,8.69,8.72,8.67,804184,5.2951,0.5772,0.1090064399161489
201,2020-11-05,8.72,8.72,8.74,8.69,722081,5.285,0.5761,0.10900662251655628
202,2020-11-06,8.72,8.73,8.76,8.69,874231,5.2447,0.5717,0.1090052815222987
203,2020-11-09,8.74,8.76,8.78,8.74,1268257,5.2447,0.5717,0.1090052815222987
204,2020-11-10,8.78,8.77,8.81,8.76,1175403,5.1539,0.5618,0.10900483129280737
205,2020-11-11,8.77,8.81,8.82,8.76,1001862,5.517,0.6014,0.10900851912271162
206,2020-11-12,8.79,8.74,8.81,8.74,635434,5.5876,0.6091,0.10900923473405397
207,2020-11-13,8.73,8.69,8.74,8.68,1073640,5.6179,0.6124,0.10900870432011964
208,2020-11-16,8.71,8.71,8.73,8.69,845951,5.6683,0.6179,0.10900975601150256
209,2020-11-17,8.71,8.74,8.76,8.69,1139304,5.6582,0.6168,0.10900993248736347
210,2020-11-18,8.73,8.78,8.81,8.72,1495669,5.6582,0.6168,0.10900993248736347
211,2020-11-19,8.78,8.77,8.81,8.74,791073,5.6683,0.6179,0.10900975601150256
212,2020-11-20,8.78,8.76,8.78,8.73,591135,5.7187,0.6234,0.10901078916536974
213,2020-11-23,8.76,8.81,8.82,8.74,1274662,5.6986,0.6212,0.10900923033727582
214,2020-11-24,8.81,8.78,8.83,8.78,1059942,5.6885,0.6201,0.10900940493979079
215,2020-11-25,8.81,8.77,8.83,8.77,1005668,5.6986,0.6212,0.10900923033727582
216,2020-11-26,8.77,8.79,8.81,8.76,820987,5.6885,0.6201,0.10900940493979079
217,2020-11-27,8.81,8.95,8.95,8.78,2704020,5.7389,0.6256,0.10901043754029519
218,2020-11-30,8.98,8.9,9.09,8.86,4332668,5.7086,0.6223,0.10901096591108153
219,2020-12-01,8.87,8.98,9.0,8.85,2331594,5.7389,0.6256,0.10901043754029519
