,日期,开盘,收盘,最高,最低,成交量,pe,pb,roe
0,2020-01-03,10.92,10.91,11.06,10.87,420390,38.7612,1.4564,0.03757365613035716
1,2020-01-06,10.79,10.83,11.03,10.74,550296,37.8633,1.4227,0.037574643520242555
2,2020-01-07,10.9,10.96,11.0,10.79,470238,37.7136,1.4171,0.03757530439947393
3,2020-01-08,10.85,10.6,10.88,10.57,539379,37.0028,1.3904,0.03757553482439167
4,2020-01-09,10.8,10.72,10.84,10.67,336538,36.9653,1.389,0.03757578052930722
5,2020-01-10,10.73,10.58,10.82,10.51,515050,37.7136,1.4171,0.03757530439947393
6,2020-01-13,10.53,10.69,10.71,10.39,419780,38.0129,1.4283,0.037574086691623106
7,2020-01-14,10.7,10.57,10.73,10.57,298322,37.4143,1.4058,0.03757386881486491
8,2020-01-15,10.54,10.56,10.66,10.51,220141,37.5266,1.41,0.03757334797183864
9,2020-01-16,10.61,10.53,10.63,10.46,229194,37.3769,1.4044,0.037574009615564695
10,2020-01-17,10.56,10.59,10.74,10.55,312978,37.2272,1.3988,0.03757467658056474
11,2020-01-20,10.62,10.83,10.85,10.56,458686,37.1524,1.396,0.037574961509888996
12,2020-01-21,10.77,10.68,10.84,10.66,368118,36.8157,1.3833,0.037573643853030095
13,2020-01-22,10.6,10.72,10.83,10.46,403363,37.0028,1.3904,0.03757553482439167
14,2020-01-23,10.61,10.15,10.68,10.01,552982,37.2272,1.3988,0.03757467658056474
15,2020-02-03,9.24,9.24,9.24,9.24,103524,38.0504,1.4297,0.03757384942076824
16,2020-02-04,8.61,9.1,9.23,8.61,566544,38.4619,1.4452,0.03757484679644012
17,2020-02-05,9.1,9.2,9.45,9.1,408938,37.3395,1.403,0.03757415069832215
18,2020-02-06,9.22,9.38,9.47,9.12,451125,37.3021,1.4016,0.037574292063985666
19,2020-02-07,9.39,9.43,9.49,9.31,364821,36.8531,1.3847,0.037573501279403905
20,2020-02-10,9.36,9.57,9.61,9.33,333861,37.2647,1.4002,0.03757443371340706
21,2020-02-11,9.66,9.57,9.76,9.53,293573,36.2919,1.3637,0.03757587781295551
22,2020-02-12,9.51,9.71,9.78,9.49,385668,36.5538,1.3963,0.03819849099136068
23,2020-02-13,9.72,9.53,9.75,9.53,313826,37.6388,1.4378,0.038199942612410595
24,2020-02-14,9.51,9.63,9.75,9.46,383520,37.6762,1.4392,0.03819918144611187
25,2020-02-17,9.9,10.34,10.49,9.76,915448,37.5266,1.4335,0.03819957043803595
26,2020-02-18,10.2,10.27,10.46,10.18,547799,37.4143,1.4292,0.03819929812932489
27,2020-02-19,10.28,10.41,10.67,10.21,839752,38.9857,1.4892,0.03819862154584886
28,2020-02-20,10.53,11.09,11.13,10.37,1168941,39.2102,1.4978,0.038199244074245985
29,2020-02-21,11.11,10.99,11.44,10.85,1146396,39.098,1.4935,0.03819888485344519
30,2020-02-24,10.89,11.02,11.18,10.83,803260,38.8735,1.4849,0.038198258453702394
31,2020-02-25,10.81,11.08,11.15,10.54,936025,38.9483,1.4878,0.0381993565829574
32,2020-02-26,10.9,10.93,11.29,10.82,902367,39.6218,1.5135,0.0381986684098148
33,2020-02-27,11.01,10.94,11.18,10.87,615238,39.6218,1.5135,0.0381986684098148
34,2020-02-28,10.59,10.28,10.78,10.21,691905,39.734,1.5178,0.03819902350631701
35,2020-03-02,10.48,11.13,11.21,10.33,1241169,40.4075,1.5435,0.03819835426591599
36,2020-03-03,11.28,11.19,11.57,11.08,1227784,41.5299,1.5864,0.03819898434621803
37,2020-03-04,11.15,11.67,11.67,11.13,1099876,40.0707,1.5307,0.03819998153264105
38,2020-03-05,11.85,11.84,12.13,11.42,1387581,39.9211,1.525,0.03820035019075125
39,2020-03-06,11.57,11.3,11.66,11.3,882013,40.2952,1.5393,0.038200579721654186
40,2020-03-09,11.01,10.99,11.24,10.85,744015,39.734,1.5178,0.03819902350631701
41,2020-03-10,10.83,10.9,11.15,10.29,1560488,39.9959,1.5278,0.03819891538882736
42,2020-03-11,10.85,10.5,10.85,10.49,1010697,39.3599,1.5035,0.038198775911524166
43,2020-03-12,10.32,10.22,10.49,10.19,740882,40.183,1.535,0.038200233929771295
44,2020-03-23,9.39,9.12,9.46,9.09,553395,39.6592,1.515,0.03820046798725138
45,2020-03-24,9.3,9.4,9.42,9.03,418034,38.7986,1.4821,0.038199831952699326
46,2020-03-25,9.64,9.64,9.74,9.48,427627,38.2748,1.4621,0.03820006897488687
47,2020-03-26,9.55,9.66,9.81,9.52,310719,36.479,1.3935,0.03820006030867074
48,2020-03-27,9.79,9.65,9.95,9.61,312637,36.7034,1.4021,0.03820082063242097
49,2020-03-30,9.55,9.38,9.55,9.3,291340,36.8531,1.4078,0.038200314220513336
50,2020-03-31,9.53,9.26,9.55,9.26,220816,36.8531,1.4078,0.038200314220513336
51,2020-04-01,9.2,9.26,9.47,9.14,195960,36.8905,1.4092,0.038199536466027834
52,2020-04-02,9.13,9.42,9.43,9.08,395573,36.5538,1.3963,0.03819849099136068
53,2020-04-03,9.37,9.16,9.39,9.11,353665,37.751,1.4421,0.038200312574501336
54,2020-04-07,9.37,9.47,9.53,9.24,548958,38.8735,1.4849,0.038198258453702394
55,2020-04-08,9.38,9.44,9.52,9.34,357368,38.1626,1.4578,0.03819970337450803
56,2020-04-09,9.53,9.52,9.74,9.51,432755,39.5843,1.5121,0.03819948818092021
57,2020-04-10,9.46,9.27,9.52,9.24,356294,40.1456,1.5335,0.038198457614284004
58,2020-04-13,9.22,9.13,9.26,9.09,243076,40.4823,1.5464,0.038199410606610786
59,2020-04-14,9.22,9.38,9.43,9.12,350151,40.7068,1.555,0.03820000589582084
60,2020-04-15,9.33,9.22,9.43,9.22,304355,40.2578,1.5378,0.03819880867806984
61,2020-04-16,9.17,9.26,9.38,9.12,311077,40.2204,1.5364,0.038199520641266624
62,2020-04-17,9.35,9.26,9.37,9.24,280553,38.9857,1.4892,0.03819862154584886
63,2020-04-20,9.29,9.26,9.3,9.22,176301,38.7238,1.4792,0.038198730496490536
64,2020-04-21,9.21,9.07,9.24,9.01,273078,40.2204,1.5364,0.038199520641266624
65,2020-04-22,8.99,9.13,9.13,8.99,197795,39.2476,1.4992,0.03819851404926671
66,2020-04-23,9.14,9.05,9.14,9.03,185886,39.4347,1.5064,0.03819985951458994
67,2020-04-24,9.03,8.79,9.05,8.75,245258,38.7612,1.4807,0.03820057170572634
68,2020-04-27,8.78,8.65,8.88,8.65,208792,39.6966,1.5164,0.0381997450663281
69,2020-04-28,8.73,8.66,8.85,8.47,277420,40.2204,1.5364,0.038199520641266624
70,2020-04-29,8.6,8.74,8.83,8.59,189039,40.4075,1.5435,0.03819835426591599
71,2020-04-30,8.79,9.01,9.05,8.79,291177,38.7612,1.4807,0.03820057170572634
72,2020-05-06,8.86,9.11,9.11,8.82,238525,38.2748,1.4621,0.03820006897488687
73,2020-05-07,9.09,9.05,9.18,9.05,195432,38.1252,1.4564,0.038200455341873614
74,2020-05-08,9.14,9.27,9.39,9.09,444871,38.4619,1.4692,0.038198840930895255
75,2020-05-11,9.27,9.21,9.37,9.13,247266,39.734,1.5178,0.03819902350631701
76,2020-05-12,9.29,9.17,9.31,9.03,236108,39.8462,1.5221,0.03819937660303868
77,2020-05-13,9.09,9.14,9.21,9.07,146975,42.3904,1.6193,0.03819968672152185
78,2020-05-14,9.08,9.01,9.12,8.99,172198,41.3054,1.5778,0.038198395367191704
79,2020-05-15,9.08,9.0,9.12,8.99,137122,41.1557,1.5721,0.03819884001487036
80,2020-05-18,8.98,8.96,9.07,8.94,135783,42.6897,1.6307,0.03819890980728372
81,2020-05-19,9.08,9.01,9.09,8.96,169067,42.7271,1.6322,0.03820057995979133
82,2020-05-20,9.0,8.94,9.05,8.91,155138,40.6319,1.5521,0.038199050499730505
83,2020-05-21,8.98,8.88,9.01,8.86,156367,40.183,1.535,0.038200233929771295
84,2020-05-22,8.87,8.66,8.92,8.66,189123,38.4245,1.4678,0.03819958620151205
85,2020-05-25,8.66,8.62,8.74,8.57,129271,39.098,1.4935,0.03819888485344519
86,2020-05-26,8.68,8.78,8.79,8.66,122574,36.6286,1.4358,0.03919887737997084
87,2020-05-27,8.77,8.66,8.78,8.64,110147,39.6966,1.5561,0.03919983071598072
88,2020-05-28,8.68,8.78,8.98,8.66,233046,38.1252,1.4945,0.03919979436173449
89,2020-05-29,8.73,8.75,8.81,8.7,130428,37.7136,1.4784,0.03920071274023164
90,2020-06-01,9.09,9.21,9.3,9.01,518213,38.4993,1.5092,0.039200712740231645
91,2020-06-02,9.18,9.17,9.3,9.12,283863,36.3667,1.4256,0.039200697341249
92,2020-06-03,9.24,9.07,9.27,9.07,244922,37.2272,1.4593,0.03919983238062492
93,2020-06-04,9.13,9.05,9.17,9.04,191973,38.9109,1.5253,0.03919981290589527
94,2020-06-05,9.05,9.09,9.13,8.94,218729,40.37,1.5825,0.03919990091652217
95,2020-06-08,9.13,9.07,9.17,9.05,162760,41.1932,1.6147,0.039198217181476556
96,2020-06-09,9.07,9.13,9.24,9.01,251325,40.8564,1.6015,0.03919826514328232
97,2020-06-10,9.09,9.03,9.12,8.99,148851,42.3156,1.6587,0.0391983098431784
98,2020-06-11,9.03,8.98,9.18,8.96,233876,39.9959,1.5678,0.039199017899334686
99,2020-06-12,8.81,8.96,9.03,8.77,215390,38.0504,1.4916,0.03920063915228223
100,2020-06-15,9.01,8.9,9.17,8.9,261959,39.9211,1.5649,0.03919982164820107
101,2020-06-16,8.96,9.01,9.04,8.94,188738,36.2919,1.4226,0.039198829490878134
102,2020-06-17,9.01,8.99,9.07,8.92,174244,33.7851,1.3244,0.03920071274023164
103,2020-06-18,9.0,9.55,9.98,8.96,1220947,31.428,1.232,0.03920071274023164
104,2020-06-19,9.46,9.76,9.87,9.4,1101030,30.5301,1.1968,0.03920065771156989
105,2020-06-22,9.72,9.87,10.35,9.69,1186918,29.894,1.1718,0.03919850137151268
106,2020-06-23,9.85,10.04,10.11,9.74,724411,31.0165,1.2158,0.03919849112569116
107,2020-06-24,10.03,9.91,10.17,9.87,474281,31.3906,1.2305,0.039199633011156206
108,2020-06-29,9.72,9.52,9.73,9.43,638533,30.9042,1.2114,0.03919855553614072
109,2020-06-30,9.57,9.74,9.87,9.5,552205,30.5675,1.1982,0.03919849513372045
110,2020-07-01,9.73,10.05,10.05,9.68,723855,29.9689,1.1748,0.0392006379947212
111,2020-07-02,10.16,10.87,11.02,10.09,1482684,28.3601,1.1117,0.039199438647959634
112,2020-07-03,11.0,11.74,11.85,10.95,2067335,28.4349,1.1146,0.039198309120130545
113,2020-07-06,12.17,13.01,13.01,12.0,2218648,28.0982,1.1014,0.03919824045668406
114,2020-07-07,13.01,12.36,13.14,12.25,2031568,28.2852,1.1088,0.03920071274023164
115,2020-07-08,12.3,13.03,13.37,12.3,1748220,28.3226,1.1102,0.03919837867992346
116,2020-07-09,13.03,13.84,14.42,12.67,2381192,28.4723,1.1161,0.039199502674529284
117,2020-07-10,13.41,13.33,13.84,13.24,1439464,29.258,1.1255,0.03846811128580217
118,2020-07-13,13.08,13.45,13.79,13.03,1414241,29.0709,1.1183,0.038468021285890705
119,2020-07-14,13.37,13.16,13.5,12.85,1105179,29.1458,1.1211,0.0384652334127044
120,2020-07-15,13.38,12.65,13.43,12.55,1041777,29.0335,1.1168,0.03846591006940259
121,2020-07-16,12.68,12.07,13.03,12.0,1133648,29.0709,1.1183,0.038468021285890705
122,2020-07-17,12.25,11.77,12.3,11.51,994956,29.3702,1.1298,0.03846756235912591
123,2020-07-20,12.07,12.51,12.67,11.98,904165,29.4825,1.1341,0.038466887136436874
124,2020-07-21,12.47,12.24,12.55,12.11,654091,28.173,1.0837,0.038465907074149014
125,2020-07-22,12.26,12.38,12.88,12.17,958705,28.2478,1.0866,0.03846671245194316
126,2020-07-23,12.19,12.93,12.95,12.13,1275388,27.9111,1.0736,0.03846498346535966
127,2020-07-24,12.72,11.86,12.85,11.76,1192530,28.2478,0.8929,0.03160954127401072
128,2020-07-27,11.98,12.72,13.14,11.84,1457854,27.7988,0.8787,0.03160927809833518
129,2020-07-28,12.62,12.49,12.81,12.16,1058181,27.9111,0.8822,0.03160749665903529
130,2020-07-29,12.29,13.1,13.15,12.24,1494239,28.5471,0.9023,0.03160741371277643
131,2020-07-30,13.02,13.25,13.51,12.72,1312810,28.6968,0.907,0.03160631150511555
132,2020-07-31,13.11,13.98,14.08,13.07,1750837,28.9213,0.9141,0.031606463056639916
133,2020-08-03,14.72,13.97,14.97,13.77,1778289,28.7716,0.9094,0.03160755745248787
134,2020-08-04,13.85,13.43,13.93,13.28,1226801,28.8839,0.913,0.03160930483764312
135,2020-08-05,13.29,13.49,13.58,13.17,668602,28.9213,0.9141,0.031606463056639916
136,2020-08-06,13.54,13.86,13.93,13.19,976498,29.2954,0.926,0.031609058077377336
137,2020-08-07,13.42,12.98,13.53,12.77,1141913,29.3702,0.9283,0.03160686682419595
138,2020-08-10,12.88,12.94,13.24,12.72,608324,29.4825,0.9319,0.03160858136182481
139,2020-08-11,12.95,12.5,13.2,12.47,606677,29.6696,0.9378,0.031608110658721385
140,2020-08-12,12.45,12.38,12.63,12.11,558804,29.0335,0.9177,0.03160831453321163
141,2020-08-13,12.47,12.43,12.62,12.29,388599,29.1832,0.9224,0.03160722607527619
142,2020-08-14,12.41,12.6,12.63,12.26,434664,28.9213,0.9141,0.031606463056639916
143,2020-08-17,12.76,13.17,13.47,12.76,962932,28.1356,1.0886,0.03869119549609747
144,2020-08-18,13.17,13.11,13.37,13.01,535811,27.9111,1.0799,0.03869070011572457
145,2020-08-19,13.11,12.93,13.3,12.91,551474,27.8737,1.0785,0.03869238744766572
146,2020-08-20,12.82,12.6,12.9,12.59,409748,81.8521,1.1041,0.013488963630743747
147,2020-08-21,12.76,12.84,12.88,12.63,361689,84.0175,1.1333,0.013488856488231619
148,2020-08-24,12.89,12.77,13.01,12.76,393449,84.6672,1.1421,0.013489285106865468
149,2020-08-25,12.91,13.11,13.62,12.86,994254,84.1258,1.1348,0.013489321944040948
150,2020-08-26,13.12,12.59,13.17,12.58,726307,85.7499,1.1567,0.013489228558867125
151,2020-08-27,12.56,12.68,12.85,12.45,429032,85.7499,1.1567,0.013489228558867125
152,2020-08-28,12.67,13.11,13.15,12.62,574764,85.7499,1.1567,0.013489228558867125
153,2020-08-31,13.17,13.12,13.56,13.11,910653,85.4251,1.1523,0.013489009670459854
154,2020-09-01,13.11,13.28,13.28,13.02,420428,86.7243,1.1698,0.013488722307357915
155,2020-09-02,13.37,13.2,13.4,13.02,463368,84.6672,1.1421,0.013489285106865468
156,2020-09-03,13.12,13.08,13.42,13.04,385521,85.8581,1.1581,0.013488535152769512
157,2020-09-04,12.82,12.89,12.99,12.76,331876,87.9153,1.1859,0.013489119641291106
158,2020-09-07,12.85,12.39,12.94,12.37,447008,87.2656,1.1771,0.013488705744302451
159,2020-09-08,12.52,12.64,12.76,12.33,364182,87.4822,1.1801,0.013489601313181422
160,2020-09-09,12.2,12.25,12.51,12.2,383578,84.8837,1.145,0.013489044421956158
161,2020-09-10,12.36,11.84,12.43,11.8,443319,87.0491,1.1742,0.013488939001092487
162,2020-09-11,11.8,11.95,11.97,11.68,297340,85.7499,1.4833,0.01729797935624415
163,2020-09-14,12.0,11.94,12.06,11.82,217513,85.7499,1.4833,0.01729797935624415
164,2020-09-15,11.89,11.94,12.02,11.78,235072,86.7243,1.5002,0.017298496499827613
165,2020-09-16,11.95,11.89,12.08,11.82,237030,88.998,1.5395,0.017298141531270364
166,2020-09-17,11.82,11.81,11.94,11.69,215869,89.1062,1.5414,0.01729845959091511
167,2020-09-18,11.77,12.43,12.49,11.76,558157,88.8897,1.5376,0.017297842157190317
168,2020-09-21,12.78,12.62,12.9,12.52,693807,86.9408,1.5039,0.017297977474327358
169,2020-09-22,12.41,12.91,13.37,12.39,966092,84.5589,1.4627,0.01729800174789407
170,2020-09-23,12.91,13.1,13.16,12.78,536414,77.0902,1.3335,0.01729791854217527
171,2020-09-24,12.9,12.81,13.21,12.78,483585,79.4339,1.3741,0.017298659640279532
172,2020-09-25,12.99,13.03,13.19,12.8,578668,82.782,1.432,0.017298446522190813
173,2020-09-28,12.98,12.94,13.11,12.82,323774,83.5353,1.445,0.01729807638208039
174,2020-09-29,12.98,13.14,13.32,12.98,464657,86.1301,1.4899,0.017298249973005952
175,2020-09-30,13.19,13.01,13.3,12.88,411782,90.6501,1.5681,0.017298381358652668
176,2020-10-09,13.23,13.06,13.23,12.99,370837,89.2271,1.5435,0.017298556156145388
177,2020-10-12,13.14,13.56,13.56,13.08,661943,85.2094,1.474,0.01729856095688973
178,2020-10-13,13.3,13.17,13.38,12.98,589991,84.7072,1.4653,0.017298411469154926
179,2020-10-14,13.11,12.94,13.17,12.9,266323,77.5924,1.3422,0.017298085895010338
180,2020-10-15,12.94,12.9,13.14,12.89,227768,83.1168,1.4378,0.017298548548548547
181,2020-10-16,12.88,12.9,13.04,12.84,265468,83.0331,1.4363,0.017297920949597208
182,2020-10-19,12.98,12.67,13.1,12.67,342899,84.2887,1.458,0.017297692335983352
183,2020-10-20,12.56,12.64,12.65,12.45,252514,83.7864,1.4493,0.017297556644037697
184,2020-10-21,12.69,12.72,12.94,12.6,353132,83.5353,1.445,0.01729807638208039
185,2020-10-22,12.56,12.76,12.9,12.56,293695,84.3724,1.4595,0.017298310822022368
186,2020-10-23,12.71,12.68,13.11,12.68,367290,78.6806,1.361,0.017297783697633216
187,2020-10-26,12.55,12.13,12.55,12.03,438963,77.5087,1.3407,0.017297413064597908
188,2020-10-27,12.11,12.17,12.2,12.02,207489,78.0947,1.3509,0.017298228945114073
189,2020-10-28,12.2,12.23,12.28,12.11,198324,72.1518,1.2481,0.017298251741467298
190,2020-10-29,12.04,12.21,12.34,11.98,258989,71.3147,1.2336,0.017297976434031134
191,2020-10-30,12.16,11.84,12.32,11.76,313911,72.8214,1.2597,0.017298486433932884
192,2020-11-02,11.71,11.74,12.07,11.65,332279,71.6496,1.2394,0.0172980728433934
193,2020-11-03,11.8,12.08,12.24,11.67,361663,71.6496,1.2394,0.0172980728433934
194,2020-11-04,12.08,11.94,12.13,11.81,231209,70.4777,1.2191,0.017297670043148403
195,2020-11-05,12.11,12.1,12.25,11.98,293922,70.0592,1.2119,0.017298227784502247
196,2020-11-06,12.12,12.11,12.3,12.02,321177,68.5525,1.1858,0.01729769155027169
197,2020-11-09,12.24,12.5,12.65,12.17,572132,67.7155,1.1713,0.017297369140004872
198,2020-11-10,12.54,12.36,12.67,12.29,367271,68.8874,1.1916,0.017297793210369384
199,2020-11-11,12.28,12.07,12.38,12.06,261239,76.5043,1.3234,0.01729837407831978
200,2020-11-12,12.1,11.99,12.16,11.95,197800,81.2754,1.4059,0.017297977001651175
201,2020-11-13,11.93,11.93,11.99,11.81,205828,80.9406,1.4001,0.017297870290064563
202,2020-11-16,12.04,12.04,12.11,11.89,197052,82.1961,1.4218,0.017297657674755856
203,2020-11-17,12.02,12.07,12.1,11.9,164331,80.1872,1.3871,0.0172982720434184
204,2020-11-18,12.06,12.12,12.28,12.03,234311,79.685,1.3784,0.017298111313296102
205,2020-11-19,12.06,12.17,12.21,11.94,230719,79.9361,1.3827,0.017297566431186913
206,2020-11-20,12.12,12.13,12.2,12.06,153656,80.0198,1.3842,0.017298218690874008
207,2020-11-23,12.08,12.34,12.58,12.04,441966,81.0243,1.4016,0.017298514149458866
208,2020-11-24,12.32,12.24,12.43,12.21,230517,80.1035,1.3856,0.017297621202569176
209,2020-11-25,12.33,11.98,12.39,11.98,260572,81.2754,1.4059,0.017297977001651175
210,2020-11-26,12.0,11.99,12.07,11.9,181211,80.2709,1.3885,0.01729767574550678
211,2020-11-27,11.99,12.24,12.25,11.97,254324,83.2842,1.4407,0.01729859925412023
212,2020-11-30,12.3,12.29,12.64,12.21,641554,82.1961,1.4218,0.017297657674755856
213,2020-12-01,12.19,12.6,12.73,12.12,653512,82.8657,1.4334,0.017297868720109768
