,日期,开盘,收盘,最高,最低,成交量,pe,pb,roe
0,2020-01-03,22.7,22.85,22.97,22.58,1163393,19.9549,1.4134,0.07082972102090214
1,2020-01-06,22.67,23.06,23.52,22.59,1205684,19.4608,1.3784,0.07082956507440599
2,2020-01-07,23.15,23.1,23.24,22.85,790171,19.4608,1.3784,0.07082956507440599
3,2020-01-08,22.86,22.49,22.91,22.38,1000366,19.0777,1.3512,0.07082614780607725
4,2020-01-09,22.8,22.81,22.94,22.73,667773,19.1583,1.3569,0.07082569956624543
5,2020-01-10,23.3,22.89,23.5,22.77,796843,19.239,1.3627,0.07083008472373824
6,2020-01-13,22.78,23.14,23.15,22.56,727225,19.2188,1.3612,0.0708264824026474
7,2020-01-14,23.17,22.89,23.25,22.88,593240,18.9466,1.3419,0.07082537236232359
8,2020-01-15,22.88,22.65,22.93,22.54,553498,18.9768,1.3441,0.07082859070022343
9,2020-01-16,22.67,22.67,22.75,22.55,408381,18.8962,1.3384,0.07082905557731184
10,2020-01-17,22.67,22.54,22.86,22.51,556845,18.755,1.3284,0.07082911223673688
11,2020-01-20,22.47,22.73,22.76,22.31,609870,18.7953,1.3312,0.07082621719259602
12,2020-01-21,22.56,22.17,22.65,22.14,834985,18.8054,1.3319,0.07082540121454477
13,2020-01-22,22.1,22.26,22.45,21.6,855944,19.2793,1.3655,0.0708272603258417
14,2020-01-23,22.01,21.64,22.17,21.55,871618,19.4507,1.3777,0.07083035571984556
15,2020-02-03,19.75,19.75,19.96,19.75,875498,19.8238,1.4041,0.07082900352102019
16,2020-02-04,19.46,19.98,20.19,19.46,1604213,20.1263,1.4255,0.07082772292969895
17,2020-02-05,19.99,20.23,20.65,19.88,1117053,19.3802,1.3727,0.07083002239398975
18,2020-02-06,20.17,20.63,20.82,20.09,996383,19.5516,1.3848,0.07082796292886516
19,2020-02-07,20.47,20.64,20.76,20.4,786797,19.4003,1.3741,0.07082880161646984
20,2020-02-10,20.48,20.86,20.91,20.41,804468,19.8036,1.4026,0.07082550647357047
21,2020-02-11,21.02,20.96,21.55,20.94,817236,19.5415,1.3841,0.07082874907248676
22,2020-02-12,20.86,21.22,21.31,20.8,786598,20.5296,1.4777,0.07197899618112384
23,2020-02-13,21.23,21.14,21.41,20.99,713583,20.8624,1.5017,0.07198117186900836
24,2020-02-14,21.01,21.39,21.64,21.01,931832,20.7011,1.4901,0.07198168213283351
25,2020-02-17,22.1,22.45,22.48,21.91,1851719,20.57,1.4807,0.07198347107438016
26,2020-02-18,22.4,22.16,22.54,22.06,1046603,20.6809,1.4886,0.07197945930786377
27,2020-02-19,22.05,22.14,22.55,22.03,1038549,21.3363,1.5358,0.07198061519569934
28,2020-02-20,22.23,23.15,23.2,22.23,1894993,21.4573,1.5445,0.07198016525844352
29,2020-02-21,23.1,23.06,23.5,22.72,1678146,21.2556,1.53,0.07198103088127364
30,2020-02-24,22.88,22.92,23.18,22.65,1344386,21.3565,1.5373,0.0719827687121017
31,2020-02-25,22.48,22.69,22.75,21.98,1516267,21.3968,1.5402,0.07198272638899275
32,2020-02-26,22.3,22.42,22.94,22.3,1248746,21.5481,1.5511,0.07198314468561032
33,2020-02-27,22.5,22.52,22.82,22.43,994105,21.5581,1.5518,0.0719822247786215
34,2020-02-28,21.99,21.25,22.15,21.18,1558626,21.4674,1.5452,0.07197890755284757
35,2020-03-02,21.66,22.03,22.18,21.42,1016757,21.6287,1.5569,0.07198305954588118
36,2020-03-03,22.42,22.32,22.69,22.08,1053932,21.8001,1.5692,0.07198132118660006
37,2020-03-04,22.21,22.6,22.61,22.1,1180080,21.1447,1.522,0.071980212535529
38,2020-03-05,22.79,23.16,23.45,22.46,1831918,20.7011,1.4901,0.07198168213283351
39,2020-03-06,22.95,22.62,23.11,22.56,1008067,20.8926,1.5039,0.07198242439906952
40,2020-03-09,22.16,21.77,22.29,21.58,1599478,20.9834,1.5104,0.07198070856009989
41,2020-03-10,21.69,22.25,22.32,21.56,1166996,21.0439,1.5148,0.07198285488906524
42,2020-03-11,22.25,21.77,22.27,21.72,741835,20.7817,1.4959,0.07198159919544599
43,2020-03-12,21.51,21.47,21.7,21.36,755826,20.9531,1.5082,0.07197980251132291
44,2020-03-13,20.56,21.35,21.53,20.4,943899,20.9834,1.5104,0.07198070856009989
45,2020-03-16,21.38,20.35,21.42,20.35,924706,21.175,1.5242,0.07198110979929162
46,2020-03-17,20.5,20.42,20.82,20.01,741422,21.3464,1.5365,0.07197935014803433
47,2020-03-18,20.55,19.97,20.69,19.96,638186,20.5901,1.4821,0.0719811948460668
48,2020-03-19,19.98,20.1,20.2,19.53,914807,20.6103,1.4836,0.07198342576284673
49,2020-03-20,20.21,20.16,20.28,19.92,545969,20.6002,1.4828,0.0719798836904496
50,2020-03-23,19.63,19.72,19.91,19.6,540833,20.4389,1.4712,0.0719803903341178
51,2020-03-24,20.03,19.96,20.1,19.58,600029,20.4591,1.4727,0.07198263853248676
52,2020-03-25,20.35,20.23,20.39,20.08,671267,20.5095,1.4763,0.07198127696920939
53,2020-03-26,20.1,20.02,20.23,20.01,308556,20.8624,1.5017,0.07198117186900836
54,2020-03-27,20.21,19.97,20.37,19.91,618391,21.2556,1.53,0.07198103088127364
55,2020-03-30,19.71,19.9,19.9,19.62,485501,20.9027,1.5046,0.07198113162414425
56,2020-03-31,20.21,19.93,20.28,19.93,515348,21.4472,1.5438,0.07198142414860682
57,2020-04-01,19.92,20.02,20.29,19.9,497352,21.5481,1.5511,0.07198314468561032
58,2020-04-02,19.94,20.37,20.37,19.94,563641,21.78,1.5677,0.07197887970615244
59,2020-04-03,20.36,20.17,20.36,20.09,374464,22.022,1.5852,0.0719825628916538
60,2020-04-07,20.49,20.55,20.66,20.37,735909,21.5884,1.554,0.07198310203627875
61,2020-04-08,20.45,20.67,20.82,20.4,590744,21.8808,1.575,0.07198091477459691
62,2020-04-09,20.8,20.89,21.23,20.8,803584,21.1447,1.522,0.071980212535529
63,2020-04-10,20.87,20.73,21.07,20.71,510496,20.7817,1.5277,0.07351179162436182
64,2020-04-13,20.55,20.51,20.68,20.45,364089,21.3161,1.567,0.07351250932393824
65,2020-04-14,20.52,20.88,21.14,20.52,616712,21.4069,1.5737,0.07351368016854379
66,2020-04-15,20.81,20.71,21.0,20.66,415911,21.3968,1.5729,0.0735109922979137
67,2020-04-16,20.6,20.92,21.04,20.6,507114,21.0136,1.5448,0.07351429550386417
68,2020-04-17,20.99,20.85,21.04,20.8,479362,21.2355,1.5611,0.07351369169550988
69,2020-04-20,20.95,20.95,20.97,20.81,317005,21.6892,1.5944,0.07351124061745017
70,2020-04-21,20.81,20.55,20.89,20.5,473516,21.901,1.61,0.07351262499429251
71,2020-04-22,20.47,20.58,20.62,20.42,306984,21.0943,1.5507,0.07351274988978065
72,2020-04-23,20.58,20.41,20.59,20.4,277482,20.8019,1.5292,0.0735125156836635
73,2020-04-24,20.38,20.14,20.4,20.0,447942,20.8725,1.5344,0.07351299556833155
74,2020-04-27,20.1,20.14,20.27,20.1,320001,20.8221,1.5307,0.07351323833811191
75,2020-04-28,20.35,20.33,20.44,20.05,487471,21.2657,1.5633,0.0735127458771637
76,2020-04-29,20.25,20.34,20.43,20.24,285088,21.1044,1.5514,0.07351073709747731
77,2020-04-30,20.46,20.84,20.91,20.46,673086,22.0421,1.6204,0.07351386664609996
78,2020-05-06,20.55,20.87,20.88,20.5,635826,21.3464,1.5692,0.07351122437507027
79,2020-05-07,20.83,20.76,20.95,20.74,448923,21.5985,1.5878,0.07351436442345534
80,2020-05-08,20.89,21.02,21.17,20.77,614314,21.4976,1.5803,0.07351053140815719
81,2020-05-11,21.02,20.79,21.11,20.71,473349,20.9632,1.5411,0.07351453976492138
82,2020-05-12,20.8,20.72,20.91,20.61,340048,20.8019,1.5292,0.0735125156836635
83,2020-05-13,20.62,20.72,20.79,20.61,277924,21.175,1.5566,0.0735112160566706
84,2020-05-14,20.62,20.47,20.71,20.38,377585,20.5196,1.5084,0.07351020487728806
85,2020-05-15,20.51,20.45,20.59,20.45,259621,20.6204,1.5159,0.07351457779674497
86,2020-05-18,20.43,20.36,20.54,20.31,329554,20.7011,1.5218,0.07351300172454604
87,2020-05-19,20.55,20.49,20.63,20.44,289817,22.0119,1.6182,0.07351478064138034
88,2020-05-20,20.4,20.37,20.49,20.33,299758,22.0926,1.6241,0.07351330309696459
89,2020-05-21,20.45,20.28,20.47,20.22,306210,21.9312,1.6122,0.07351170934558984
90,2020-05-22,20.34,19.93,20.36,19.91,475434,22.2035,1.6322,0.07351093296101967
91,2020-05-25,19.95,20.05,20.14,19.88,277440,21.175,1.5566,0.0735112160566706
92,2020-05-26,20.06,20.17,20.22,20.06,220518,21.6388,1.5907,0.07351147013697618
93,2020-05-27,20.17,20.02,20.27,19.98,250982,23.2017,1.6688,0.07192576406039214
94,2020-05-28,20.0,20.19,20.38,19.99,344620,23.7966,1.7116,0.0719262415639209
95,2020-05-29,20.12,19.98,20.26,19.98,342076,23.6857,1.7036,0.07192525447844057
96,2020-06-01,20.42,20.59,20.75,20.26,937338,23.1513,1.6652,0.07192684644058865
97,2020-06-02,20.57,20.59,20.68,20.52,389872,23.8975,1.7188,0.07192384140600482
98,2020-06-03,20.7,20.48,20.75,20.47,447813,24.3411,1.7508,0.07192772717748992
99,2020-06-04,20.65,20.44,20.66,20.4,295547,23.4639,1.6877,0.07192751418135945
100,2020-06-05,20.44,20.6,20.62,20.33,360508,24.5226,1.7638,0.07192548914062946
101,2020-06-08,20.73,20.63,20.75,20.61,401398,22.2942,1.6035,0.07192453642651452
102,2020-06-09,20.69,20.9,21.02,20.63,661133,20.7011,1.4889,0.07192371419876238
103,2020-06-10,20.86,20.84,20.91,20.76,402346,19.4407,1.3983,0.07192642240248551
104,2020-06-11,20.88,20.7,21.03,20.68,574036,18.9567,1.3635,0.0719270759151118
105,2020-06-12,20.4,20.52,20.97,20.21,865003,18.7147,1.3461,0.07192741534729384
106,2020-06-15,20.7,20.83,21.25,20.66,910954,19.6221,1.4113,0.0719240040566504
107,2020-06-16,21.05,20.89,21.13,20.82,538649,19.5213,1.4041,0.07192656226788174
108,2020-06-17,20.95,20.83,20.95,20.71,358579,19.5415,1.4055,0.07192385436123122
109,2020-06-18,20.85,20.96,21.05,20.7,525320,18.9869,1.3656,0.07192327341482813
110,2020-06-19,20.97,21.53,21.7,20.92,1333792,18.4122,1.3243,0.07192513659421472
111,2020-06-22,21.65,22.08,22.6,21.57,1460657,18.2811,1.3149,0.07192674401430986
112,2020-06-23,22.0,22.06,22.13,21.78,686204,18.3416,1.3192,0.07192393248135386
113,2020-06-24,22.13,22.16,22.42,22.01,661241,18.2811,1.3149,0.07192674401430986
114,2020-06-29,21.93,21.26,21.93,21.1,1218496,17.9685,1.2924,0.07192587027297771
115,2020-06-30,21.31,21.5,21.87,21.11,925050,18.15,1.3055,0.0719283746556474
116,2020-07-01,21.49,21.98,22.02,21.35,889404,18.2912,1.3156,0.07192529741077677
117,2020-07-02,21.88,23.23,23.3,21.86,2017463,18.3517,1.32,0.0719279412806443
118,2020-07-03,23.58,24.81,24.9,23.23,2664572,18.0794,1.3004,0.07192716572452626
119,2020-07-06,25.45,27.02,27.02,25.45,3077254,18.0492,1.2982,0.07192562551248809
120,2020-07-07,27.44,25.97,27.48,25.64,3136895,17.8878,1.2866,0.07192611724191908
121,2020-07-08,25.85,26.84,27.7,25.85,2831831,17.9282,1.2895,0.0719257928849522
122,2020-07-09,26.7,26.4,26.86,25.99,2286748,18.0391,1.2975,0.07192709170634899
123,2020-07-10,26.09,25.66,26.3,25.5,1579851,18.0391,1.2975,0.07192709170634899
124,2020-07-13,25.47,26.19,26.68,25.46,1940999,17.424,1.2532,0.07192378328741966
125,2020-07-14,26.05,26.3,26.47,25.8,1432670,17.6357,1.2685,0.07192796429968756
126,2020-07-15,26.5,25.71,26.68,25.62,1286775,17.4643,1.2561,0.07192386754693861
127,2020-07-16,25.7,24.46,26.14,24.12,1553192,17.6156,1.267,0.07192488476123435
128,2020-07-17,24.64,24.0,24.78,23.71,1209796,17.4946,1.2583,0.07192505115864324
129,2020-07-20,24.58,25.02,25.46,24.36,1291758,17.3736,1.2496,0.07192521987383156
130,2020-07-21,25.18,24.75,25.2,24.6,848177,17.7265,1.275,0.0719262121682227
131,2020-07-22,24.81,24.91,25.61,24.74,1238733,17.8172,1.2815,0.07192488157510721
132,2020-07-23,24.55,24.83,25.0,24.22,940594,17.9382,1.2902,0.07192471931408949
133,2020-07-24,24.71,23.53,24.77,23.18,1269987,17.8072,1.2808,0.07192596253200952
134,2020-07-27,23.65,23.45,23.72,23.16,735526,17.8979,1.2873,0.07192463920348198
135,2020-07-28,23.62,23.35,23.74,23.1,701111,17.9181,1.2888,0.07192726907428801
136,2020-07-29,23.3,24.0,24.1,23.16,1016412,18.1702,1.3069,0.0719254603691759
137,2020-07-30,24.15,23.63,24.15,23.58,784623,18.1702,1.3069,0.0719254603691759
138,2020-07-31,23.53,23.79,24.15,23.5,882121,18.2407,1.312,0.07192706420257995
139,2020-08-03,24.3,24.32,24.39,23.91,890140,18.4727,1.3287,0.07192776367287944
140,2020-08-04,24.45,24.42,24.74,24.21,929536,18.2105,1.3098,0.07192553746464952
141,2020-08-05,24.38,24.17,24.39,23.96,680694,18.3214,1.3178,0.07192681781959893
142,2020-08-06,24.19,24.86,25.18,23.75,1154986,18.2912,1.3156,0.07192529741077677
143,2020-08-07,24.2,23.93,24.48,23.6,1268113,17.787,1.3066,0.07345814358801372
144,2020-08-10,23.8,24.09,24.42,23.69,1072525,17.7769,1.3059,0.0734605021122918
145,2020-08-11,24.03,23.65,24.34,23.58,836710,17.5853,1.2918,0.07345908230169516
146,2020-08-12,23.66,23.7,23.81,23.33,740679,17.5853,1.2918,0.07345908230169516
147,2020-08-13,23.71,23.63,23.9,23.51,526587,17.8576,1.3118,0.07345891945166204
148,2020-08-14,23.53,23.92,23.94,23.48,552730,18.029,1.3244,0.0734594264795607
149,2020-08-17,24.46,24.72,25.26,24.26,1853080,17.9987,1.3222,0.07346086106218783
150,2020-08-18,24.68,24.51,24.77,24.38,800984,18.4021,1.3518,0.07345900739589502
151,2020-08-19,24.41,24.06,24.48,24.0,760468,18.3012,1.3444,0.07345966384717942
152,2020-08-20,23.92,23.84,24.01,23.71,656995,18.3718,1.3496,0.07346041215340902
153,2020-08-21,23.93,24.22,24.23,23.87,674004,18.1601,1.334,0.07345774527673306
154,2020-08-24,24.19,24.23,24.42,24.12,531290,18.3315,1.3466,0.07345825491640073
155,2020-08-25,24.24,24.14,24.46,24.08,503930,17.9584,1.3192,0.07345866001425516
156,2020-08-26,24.09,23.61,24.21,23.59,694275,18.1802,1.3355,0.07345903785436904
157,2020-08-27,23.89,23.97,24.08,23.78,744563,18.3416,1.3474,0.07346142103197104
158,2020-08-28,23.98,24.7,24.84,23.96,1461808,18.1197,1.3311,0.07346148115035016
159,2020-08-31,25.0,24.41,25.38,24.4,1563792,17.9987,1.3222,0.07346086106218783
160,2020-09-01,24.36,24.84,24.84,24.32,903292,17.6156,1.294,0.07345761711210518
161,2020-09-02,24.93,24.6,25.02,24.42,963263,17.8172,1.3089,0.07346272141526165
162,2020-09-03,24.62,24.37,24.9,24.32,792879,17.4643,1.2829,0.07345842661887392
163,2020-09-04,24.06,24.27,24.3,24.0,550459,17.3736,1.2763,0.07346203435096929
164,2020-09-07,24.25,23.73,24.37,23.73,691682,31.0206,1.3016,0.0419592141995964
165,2020-09-08,23.75,24.08,24.19,23.64,576041,31.1468,1.3069,0.04195936661230046
166,2020-09-09,23.83,23.69,24.0,23.64,510326,31.237,1.3107,0.04195985529980472
167,2020-09-10,23.84,23.34,23.91,23.32,507831,31.6157,1.3265,0.04195700237540209
168,2020-09-11,23.22,23.29,23.39,23.05,418192,31.1288,1.3061,0.04195792963429365
169,2020-09-14,23.3,23.27,23.37,23.16,334797,30.6959,1.2879,0.041956743408728854
170,2020-09-15,23.31,23.43,23.45,23.2,312821,31.4895,1.3212,0.04195684275710951
171,2020-09-16,23.43,23.44,23.63,23.29,354900,31.3813,1.3167,0.041958108810023806
172,2020-09-17,23.35,23.42,23.57,23.24,397743,31.1468,1.3069,0.04195936661230046
173,2020-09-18,23.36,24.17,24.28,23.25,1024217,31.9584,1.3409,0.04195766997096225
174,2020-09-21,24.6,24.0,24.68,23.98,791010,31.8322,1.3356,0.041957514717801465
175,2020-09-22,23.81,23.81,24.41,23.72,620334,33.6357,1.4113,0.04195839539536861
176,2020-09-23,23.82,23.78,24.0,23.72,363744,33.8521,1.4204,0.04195899220432411
177,2020-09-24,23.73,23.61,23.85,23.61,458535,34.3932,1.4431,0.04195887559168673
178,2020-09-25,23.65,23.87,24.0,23.55,437374,35.2588,1.4794,0.04195831962517159
179,2020-09-28,23.87,23.81,23.97,23.76,372686,34.3932,1.4431,0.04195887559168673
180,2020-09-29,23.92,23.72,23.95,23.7,417544,35.9261,1.5074,0.04195835339766911
181,2020-09-30,23.72,23.53,23.83,23.43,410590,36.9,1.5483,0.04195934959349594
182,2020-10-09,23.79,23.97,24.07,23.76,426369,35.8901,1.5059,0.04195864597758157
183,2020-10-12,24.15,24.62,24.68,24.13,882917,35.3851,1.4847,0.04195833839666978
184,2020-10-13,24.48,24.45,24.55,24.3,489978,34.8621,1.4628,0.04195960656414847
185,2020-10-14,24.44,24.29,24.44,24.2,363700,33.4553,1.4037,0.04195747758950002
186,2020-10-15,24.29,24.38,24.55,24.21,411691,35.7458,1.4998,0.04195737681070223
187,2020-10-16,24.43,24.37,24.53,24.22,431246,35.5654,1.4923,0.04195932001327133
188,2020-10-19,24.44,24.22,24.68,24.19,501744,36.0524,1.5127,0.041958371703409485
189,2020-10-20,24.14,24.18,24.27,23.96,310220,36.4672,1.5301,0.0419582528957529
190,2020-10-21,24.19,24.08,24.22,24.0,282820,36.7197,1.5407,0.041958403799595305
191,2020-10-22,24.08,24.28,24.4,24.03,327414,36.882,1.5475,0.041958136760479374
192,2020-10-23,24.24,24.16,24.45,24.14,378562,35.0605,1.4711,0.04195889961637741
193,2020-10-26,24.08,23.51,24.13,23.29,543357,35.0965,1.4726,0.041958599860384936
194,2020-10-27,23.45,23.4,23.52,23.35,400046,35.6195,1.4945,0.041957354819691456
195,2020-10-28,23.4,23.53,23.6,23.21,397766,33.7078,1.4143,0.041957647784785716
196,2020-10-29,23.26,23.69,23.95,23.24,487595,33.2569,1.3954,0.04195821017593341
197,2020-10-30,23.68,23.36,23.87,23.26,502902,33.4012,1.4015,0.04195957031483898
198,2020-11-02,23.21,22.38,23.58,22.15,1182232,32.9323,1.3818,0.04195880639979595
199,2020-11-03,22.39,22.64,22.86,22.26,813940,32.7519,1.3742,0.041957871146406776
200,2020-11-04,22.54,22.24,22.56,22.12,695915,32.3552,1.3576,0.041959252299475815
201,2020-11-05,22.45,22.39,22.56,22.19,838106,32.3371,1.3568,0.04195799870736708
202,2020-11-06,22.41,22.22,22.5,22.13,910186,31.6157,1.3265,0.04195700237540209
203,2020-11-09,22.33,22.96,23.14,22.33,1127463,31.1648,1.3076,0.04195759318205155
204,2020-11-10,23.04,22.66,23.08,22.55,726328,30.75,1.2902,0.041957723577235775
205,2020-11-11,22.58,22.29,22.66,22.26,665564,34.1587,1.4332,0.04195710024093422
206,2020-11-12,22.27,22.12,22.34,22.1,621691,35.2769,1.4802,0.041959469227738265
207,2020-11-13,22.04,21.65,22.04,21.5,992316,35.1146,1.4733,0.04195690681369003
208,2020-11-16,21.73,21.64,21.77,21.48,772924,36.1245,1.5157,0.041957674154659584
209,2020-11-17,21.63,21.6,21.68,21.47,599766,35.7819,1.5013,0.04195696706994319
210,2020-11-18,21.67,21.74,21.94,21.61,825890,36.0163,1.5112,0.041958779774713115
211,2020-11-19,21.64,21.82,21.88,21.42,590930,35.9803,1.5097,0.04195907204775947
212,2020-11-20,21.82,21.79,21.87,21.66,505206,36.4131,1.5278,0.04195742740936641
213,2020-11-23,21.69,22.06,22.37,21.67,1245957,36.864,1.5467,0.041956922743055555
214,2020-11-24,22.06,22.08,22.31,22.01,647650,36.4131,1.5278,0.04195742740936641
215,2020-11-25,22.21,22.0,22.37,21.99,588325,36.2688,1.5218,0.04195892888653609
216,2020-11-26,21.91,21.92,22.05,21.8,505024,35.6917,1.4976,0.04195933508350681
217,2020-11-27,21.95,22.3,22.34,21.9,649219,36.7918,1.5437,0.041957718839524025
218,2020-11-30,22.45,22.3,22.87,22.27,1593917,36.7197,1.5407,0.041958403799595305
219,2020-12-01,22.24,22.79,22.89,22.15,1203075,36.341,1.5248,0.04195811892903332
