,日期,开盘,收盘,最高,最低,成交量,pe,pb,roe
0,2020-01-03,39.27,39.16,39.46,39.08,106162,20.9002,2.9179,0.13961110419995978
1,2020-01-06,38.92,38.83,39.46,38.58,144655,20.5656,2.8711,0.13960691640409228
2,2020-01-07,39.08,39.32,39.51,39.02,113473,20.7547,2.8975,0.13960693240567196
3,2020-01-08,38.93,38.31,39.04,38.21,118045,20.3571,2.842,0.13960731145398902
4,2020-01-09,38.68,38.79,39.0,38.63,94829,20.4637,2.8569,0.13960818424820537
5,2020-01-10,39.04,39.23,39.33,38.88,101518,20.3134,2.8359,0.1396073527819075
6,2020-01-13,39.47,39.45,39.48,38.78,100244,20.6771,2.8867,0.1396085524565824
7,2020-01-14,39.49,39.02,39.63,38.98,95764,20.6141,2.8779,0.13960832633973833
8,2020-01-15,38.98,38.98,39.23,38.64,61594,20.9535,2.9253,0.13960913451213403
9,2020-01-16,39.13,38.1,39.13,38.03,126870,20.7644,2.8989,0.13960913871819075
10,2020-01-17,38.24,37.23,38.62,37.1,220061,20.0855,2.8041,0.13960817505165418
11,2020-01-20,37.65,38.36,38.92,37.63,303378,20.0807,2.8034,0.13960668701788284
12,2020-01-21,38.08,37.61,38.08,37.27,181295,19.7364,2.7554,0.13961006059869074
13,2020-01-22,37.29,37.69,37.97,36.8,142602,20.3183,2.8366,0.13960813650748338
14,2020-01-23,37.38,36.44,37.48,36.18,169156,20.7402,2.8955,0.1396081040684275
15,2020-02-03,33.21,33.37,33.76,33.21,219789,20.682,2.8874,0.13960932211584953
16,2020-02-04,33.38,34.75,34.83,33.26,249081,20.6529,2.8833,0.139607512746394
17,2020-02-05,34.85,34.42,35.09,34.08,205872,20.0176,2.7946,0.13960714571177363
18,2020-02-06,34.48,34.62,34.83,34.12,202778,20.7256,2.8935,0.1396099509785
19,2020-02-07,34.28,34.17,34.31,33.8,232824,21.0602,2.9402,0.13960931045289218
20,2020-02-10,33.98,34.49,34.5,33.85,164074,22.1998,3.0993,0.1396093658501428
21,2020-02-11,34.7,34.7,35.09,34.29,191246,21.6664,3.0248,0.13960787209688735
22,2020-02-12,34.71,35.32,35.82,34.41,217466,22.3453,3.1196,0.13960877678974998
23,2020-02-13,34.95,34.81,35.22,34.76,164680,23.2763,3.2496,0.13960981771157788
24,2020-02-14,34.61,34.75,35.12,34.55,151400,23.7903,3.3977,0.14281871182792988
25,2020-02-17,34.89,35.62,35.73,34.65,258197,23.7758,3.3957,0.14282169264546304
26,2020-02-18,35.66,35.3,35.66,35.18,167242,23.2133,3.3153,0.14281898739084922
27,2020-02-19,35.47,35.37,35.82,35.26,158110,23.7612,3.3936,0.14282106964294733
28,2020-02-20,35.6,36.17,36.25,35.04,316178,24.5807,3.5106,0.142819366413487
29,2020-02-21,35.78,36.38,36.85,35.74,275764,25.1966,3.5986,0.14282085678226428
30,2020-02-24,35.98,35.82,36.27,35.51,196530,24.1928,3.4552,0.14281935121193085
31,2020-02-25,35.2,35.23,35.48,34.9,188243,24.2461,3.4628,0.14281884509261283
32,2020-02-26,34.89,35.11,35.7,34.86,165103,24.0667,3.4372,0.1428197467870543
33,2020-02-27,35.11,35.08,35.33,34.94,107154,23.2957,3.3271,0.14282034881973926
34,2020-02-28,34.48,33.63,34.8,33.63,182197,22.7962,3.2558,0.14282204928891656
35,2020-03-02,33.65,34.31,34.35,33.65,136752,22.7914,3.2551,0.1428214150951675
36,2020-03-03,34.54,34.08,34.77,33.98,167657,22.7235,3.2454,0.14282130833718396
37,2020-03-04,34.06,34.18,34.18,33.8,143631,21.7488,3.1062,0.14282167291988523
38,2020-03-05,34.37,35.16,35.28,34.14,264085,21.5451,3.0771,0.14282133756631438
39,2020-03-06,34.79,34.76,35.01,34.6,141246,22.0591,3.1505,0.14282087664501272
40,2020-03-09,34.17,33.33,34.17,33.23,216301,22.0979,3.156,0.14281900090053806
41,2020-03-10,33.23,33.73,34.03,33.18,154035,22.0155,3.1443,0.1428221026095251
42,2020-03-11,33.78,33.44,33.96,33.41,144889,22.1028,3.1567,0.14281900935628067
43,2020-03-12,33.19,32.71,33.23,32.37,150378,21.8894,3.1262,0.14281798496075726
44,2020-03-13,31.46,31.83,32.28,31.19,200985,22.1852,3.1685,0.14282043885112597
45,2020-03-16,31.78,31.2,31.84,31.18,152221,22.2677,3.1803,0.14282121638067694
46,2020-03-17,31.12,30.42,31.56,29.93,208341,22.9126,3.2724,0.14282098059582937
47,2020-03-18,30.37,29.98,30.94,29.94,159786,20.8274,2.9746,0.14282147555623842
48,2020-03-19,29.98,28.89,30.35,28.15,235946,21.196,3.0272,0.1428193998867711
49,2020-03-20,29.17,29.48,29.62,28.98,188520,21.4239,3.0598,0.14282180181946333
50,2020-03-23,28.66,28.51,28.91,28.18,128914,21.3803,3.0535,0.1428183888907078
51,2020-03-24,28.95,29.7,29.78,28.94,177267,21.6179,3.0875,0.14282145814348296
52,2020-03-25,30.43,31.18,31.28,30.26,221050,21.3706,3.0521,0.14281770282537692
53,2020-03-26,31.18,31.16,31.82,30.83,217526,20.7062,2.9573,0.1428219567086187
54,2020-03-27,31.48,31.01,31.68,30.96,133719,20.8953,2.9843,0.14282159145836626
55,2020-03-30,30.61,30.73,30.94,30.24,122884,19.7364,2.8187,0.14281733244158004
56,2020-03-31,30.96,30.52,31.1,30.39,84080,20.6092,2.9434,0.14281971158511733
57,2020-04-01,30.28,30.33,30.82,30.28,74322,21.0505,3.0064,0.1428184603691124
58,2020-04-02,30.29,30.8,30.8,30.19,65704,21.3754,3.0528,0.14281838000692385
59,2020-04-03,30.8,30.48,30.82,30.35,62671,21.3075,3.0431,0.14281825648245922
60,2020-04-07,31.27,31.01,31.32,30.83,113515,21.1814,3.0251,0.1428186994249672
61,2020-04-08,30.82,30.46,30.94,30.33,112997,21.71,3.1006,0.14281897742975586
62,2020-04-09,30.49,30.42,30.66,30.34,72147,20.9002,2.985,0.1428215997933034
63,2020-04-10,30.44,30.66,31.02,30.36,108663,20.8759,3.1581,0.15127970530611853
64,2020-04-13,30.39,30.96,31.11,30.39,118817,21.1572,3.2007,0.15128183313481935
65,2020-04-14,31.11,31.08,31.13,30.71,91798,21.1523,3.1999,0.1512790571238116
66,2020-04-15,31.12,30.79,31.12,30.74,77981,21.6761,3.2792,0.15128182652783478
67,2020-04-16,30.6,30.69,30.76,30.46,63917,21.3269,3.2263,0.15127843240227132
68,2020-04-17,30.94,32.24,32.43,30.77,334526,22.1901,3.3569,0.1512791740460836
69,2020-04-20,32.2,32.36,32.72,31.79,203679,23.9988,3.6306,0.1512825641282064
70,2020-04-21,32.33,32.0,32.33,31.84,118401,22.8447,3.456,0.15128235433163928
71,2020-04-22,31.91,32.11,32.28,31.84,96429,20.7693,3.142,0.15128097721155742
72,2020-04-23,32.17,32.27,32.58,31.98,105777,18.8829,2.8566,0.15127972927887134
73,2020-04-24,32.18,31.96,32.18,31.58,117128,19.0914,2.8882,0.1512827765381271
74,2020-04-27,32.22,32.07,32.58,31.98,111405,19.1739,2.9006,0.1512785609604723
75,2020-04-28,32.04,32.45,32.46,31.76,119691,19.5181,2.9527,0.15128009386159513
76,2020-04-29,32.29,32.93,33.08,32.29,116006,18.5338,2.8038,0.15128036344408594
77,2020-04-30,32.95,32.72,33.58,32.59,166445,19.1787,2.9014,0.15128241225943365
78,2020-05-06,31.98,32.08,32.25,31.88,210648,18.6695,2.8243,0.15127882374996654
79,2020-05-07,32.09,31.7,32.12,31.53,139010,19.0429,2.8808,0.1512794794910439
80,2020-05-08,31.85,32.12,32.18,31.82,146345,18.1507,2.7458,0.15127791214663897
81,2020-05-11,32.11,32.52,32.76,32.06,130418,17.6948,2.6769,0.15128173248638016
82,2020-05-12,32.36,31.97,32.5,31.76,104358,17.5251,2.6512,0.15128016387923607
83,2020-05-13,31.9,31.93,32.04,31.58,57777,17.9179,2.7106,0.15127888870905631
84,2020-05-14,31.82,31.43,31.93,31.41,75122,17.0256,2.5756,0.15127807536885632
85,2020-05-15,31.6,31.06,31.74,30.94,119787,17.1323,2.5918,0.1512814975222241
86,2020-05-18,30.84,30.98,31.24,30.78,72477,17.1663,2.5969,0.15127895935641344
87,2020-05-19,31.32,31.3,31.69,31.19,84479,18.3786,2.7803,0.151279205162526
88,2020-05-20,31.26,31.33,31.52,31.06,71929,18.718,2.8317,0.15128218826797735
89,2020-05-21,31.42,31.23,31.47,31.19,73263,19.0284,2.8786,0.15127914065291878
90,2020-05-22,31.01,30.49,31.21,30.49,96625,18.4125,2.7855,0.15128309572301424
91,2020-05-25,30.86,29.5,30.86,29.38,204364,16.7395,2.5324,0.15128289375429374
92,2020-05-26,29.71,29.74,29.83,29.48,107454,16.9578,2.5654,0.15128141622144384
93,2020-05-27,29.72,29.91,30.04,29.6,76616,19.1884,2.7553,0.14359196181026035
94,2020-05-28,29.96,30.29,30.51,29.9,122370,19.2175,2.7595,0.14359307922466502
95,2020-05-29,30.14,29.78,30.14,29.51,120722,19.5327,2.8047,0.14358997987989372
96,2020-06-01,29.95,30.35,30.35,29.95,127706,19.8333,2.8479,0.14359183796947558
97,2020-06-02,30.28,31.04,31.14,30.18,161858,21.3366,3.0637,0.14358895044196357
98,2020-06-03,31.08,32.17,32.47,31.07,402131,19.8915,2.8562,0.143588970163135
99,2020-06-04,32.33,31.99,32.38,31.83,136313,18.0828,2.5965,0.14358948835357355
100,2020-06-05,32.13,32.01,32.15,31.56,111252,17.6221,2.5304,0.14359242088059881
101,2020-06-08,32.11,33.08,33.47,32.11,206839,16.0219,2.3006,0.14359095987367293
102,2020-06-09,32.98,33.33,33.46,32.89,152826,14.5671,2.0917,0.1435906940983449
103,2020-06-10,33.19,33.1,33.33,32.86,95435,13.6409,1.9587,0.14359023231604953
104,2020-06-11,32.93,32.58,33.27,32.41,141777,13.1948,1.8946,0.14358686755388486
105,2020-06-12,31.74,32.32,32.4,31.49,140605,13.1899,1.894,0.14359472020257924
106,2020-06-15,32.03,31.58,32.25,31.46,116673,13.6894,1.9657,0.14359285286425993
107,2020-06-16,32.08,32.03,32.18,31.78,98851,13.4081,1.9253,0.14359230614330146
108,2020-06-17,32.04,31.8,32.06,31.6,77077,13.5875,1.951,0.14358785648574057
109,2020-06-18,31.81,31.78,31.81,31.36,144092,13.6603,1.9615,0.14359128276831404
110,2020-06-19,31.77,32.35,32.43,31.59,190005,13.3839,1.9218,0.14359043328177884
111,2020-06-22,32.06,32.2,32.93,31.91,190386,13.3936,1.9232,0.14359096882092942
112,2020-06-23,32.03,31.83,32.13,31.66,133009,13.5051,1.9392,0.14359019925805808
113,2020-06-24,31.98,32.41,32.7,31.89,205992,13.2869,1.9079,0.1435925610940099
114,2020-06-29,32.21,31.38,32.37,31.2,185729,13.6457,1.9594,0.14359102134738416
115,2020-06-30,31.57,31.39,31.75,31.08,169706,13.7718,1.9775,0.14359052556673782
116,2020-07-01,31.39,32.31,32.31,31.18,234134,14.024,2.0137,0.14358956075299487
117,2020-07-02,32.19,34.22,34.38,32.1,483347,14.1355,2.0297,0.14358883661702804
118,2020-07-03,34.56,37.22,37.22,34.56,616326,14.0143,2.0123,0.1435890483292066
119,2020-07-06,39.28,40.52,40.52,39.11,701123,13.4954,1.9378,0.14358966759043823
120,2020-07-07,42.18,41.47,42.99,40.55,663985,13.4857,1.9364,0.14358913515798216
121,2020-07-08,41.87,45.2,45.2,41.28,555820,13.573,1.949,0.1435938996537243
122,2020-07-09,45.2,48.18,49.3,44.3,776017,13.025,1.8703,0.14359309021113245
123,2020-07-10,46.17,45.08,46.86,44.47,665201,12.6904,1.8222,0.14358885456723192
124,2020-07-13,44.03,44.46,45.74,42.48,597291,12.414,1.7825,0.14358788464636701
125,2020-07-14,43.8,43.81,44.1,42.92,408295,12.6613,1.8181,0.14359504948149085
126,2020-07-15,44.28,43.75,44.58,42.84,373340,12.4771,1.7916,0.1435910588197578
127,2020-07-16,44.21,39.88,45.21,39.87,605012,12.3946,1.7798,0.14359479128007357
128,2020-07-17,40.12,39.43,40.78,38.96,400654,12.2782,1.763,0.14358782231923245
129,2020-07-20,40.71,42.88,42.88,40.6,494917,12.7583,1.832,0.14359279841358175
130,2020-07-21,45.91,44.15,45.91,43.17,768401,13.1172,1.8835,0.14359009544719908
131,2020-07-22,43.06,43.51,45.06,42.61,558572,13.1657,1.8905,0.1435928207387378
132,2020-07-23,42.52,42.81,43.49,41.51,422529,13.1511,1.8884,0.1435925511934363
133,2020-07-24,42.09,40.31,42.23,40.11,428681,12.9959,1.8661,0.14359144037734978
134,2020-07-27,40.51,40.24,40.8,39.82,206466,13.0347,1.8717,0.1435936385187231
135,2020-07-28,40.7,40.02,40.86,39.77,207403,13.2142,1.8974,0.14358795840837887
136,2020-07-29,39.77,41.86,42.46,39.72,344366,13.4566,1.9322,0.143587533255057
137,2020-07-30,41.81,41.05,41.86,40.81,231555,13.476,1.935,0.14358860195903828
138,2020-07-31,40.81,41.4,42.42,40.59,317010,13.7427,1.9733,0.14358895995692258
139,2020-08-03,41.65,42.34,42.44,41.42,306114,13.5487,1.9455,0.14359311225431223
140,2020-08-04,42.49,44.18,45.66,41.76,618223,13.3451,1.9162,0.1435882833399525
141,2020-08-05,43.07,43.41,43.88,42.44,323368,13.5294,1.9427,0.14359099442695167
142,2020-08-06,43.41,44.46,44.59,43.33,333759,13.8397,1.9873,0.14359415305245055
143,2020-08-07,44.0,43.13,44.4,42.61,278994,13.9415,2.0019,0.1435928702076534
144,2020-08-10,42.91,45.16,45.43,42.66,433148,13.7088,1.9685,0.14359389589169
145,2020-08-11,44.81,44.45,46.91,44.11,389821,13.5245,1.942,0.14359126030537173
146,2020-08-12,43.91,44.28,45.36,43.91,272046,13.4712,1.9343,0.143587802126017
147,2020-08-13,44.3,43.85,44.6,43.33,210223,13.6215,2.0051,0.14720111588297913
148,2020-08-14,43.58,47.74,47.74,43.4,442682,13.5439,1.9937,0.1472027997844048
149,2020-08-17,47.92,52.02,52.02,47.22,603207,13.4906,1.9858,0.14719879026877974
150,2020-08-18,53.47,54.4,55.79,51.96,844366,13.6651,2.0115,0.14719980095279214
151,2020-08-19,52.98,50.67,53.4,50.39,724919,13.6069,2.0029,0.14719737780096862
152,2020-08-20,49.91,48.89,50.46,48.2,503720,12.8553,1.8923,0.14719998755377162
153,2020-08-21,48.95,49.61,50.19,48.52,447085,12.9038,1.8994,0.14719694973573674
154,2020-08-24,49.35,48.53,50.02,48.46,321460,13.0444,1.9201,0.14719726472662598
155,2020-08-25,48.53,48.54,50.06,47.94,346082,12.9862,1.9116,0.14720241487117092
156,2020-08-26,48.52,47.96,49.86,47.13,459599,12.8408,1.8902,0.14720266650052957
157,2020-08-27,47.18,48.01,48.34,46.61,345381,12.7244,1.873,0.1471975102951809
158,2020-08-28,47.59,49.68,49.79,47.33,410379,12.7438,1.8759,0.14720099185486274
159,2020-08-31,49.86,48.59,50.4,48.59,392725,13.0105,1.9151,0.14719649513854194
160,2020-09-01,48.13,48.85,48.87,47.97,210569,12.7535,1.8773,0.14719880817030617
161,2020-09-02,48.73,48.99,49.31,48.38,240066,12.9086,1.9001,0.1471964426816231
162,2020-09-03,48.82,48.32,49.26,48.2,205649,12.6807,1.8666,0.14720007570559984
163,2020-09-04,46.92,47.41,47.7,46.92,192247,12.7729,1.8802,0.14720227982682085
164,2020-09-07,47.41,45.61,47.84,45.61,240502,12.8747,1.8951,0.14719566281156066
165,2020-09-08,45.91,48.0,48.41,45.75,348615,13.0105,1.9151,0.14719649513854194
166,2020-09-09,46.91,47.61,48.71,46.9,268836,13.0832,1.9258,0.14719640454934574
167,2020-09-10,48.36,48.98,50.51,47.63,480276,66.9721,2.0032,0.029910962923366598
168,2020-09-11,48.91,49.49,50.08,48.43,371245,63.301,1.8934,0.029911059856874297
169,2020-09-14,49.56,49.0,49.8,48.13,277990,60.3493,1.8051,0.02991086889160272
170,2020-09-15,48.5,49.09,49.59,48.21,255379,62.7553,1.8771,0.02991141784040551
171,2020-09-16,48.64,48.62,49.28,48.29,189725,61.2919,1.8333,0.02991096702826964
172,2020-09-17,48.62,47.86,49.41,47.06,268872,63.9956,1.9142,0.029911431410909496
173,2020-09-18,47.76,52.16,52.16,47.76,570232,65.087,1.9468,0.029910734862568563
174,2020-09-21,51.91,50.83,52.69,50.37,410564,67.0217,2.0047,0.02991120786252811
175,2020-09-22,50.23,50.66,51.24,49.39,308549,68.5844,2.0514,0.029910591913029787
176,2020-09-23,50.34,50.05,50.62,49.66,151324,70.7672,2.1167,0.029910749612814973
177,2020-09-24,49.61,50.49,51.85,49.44,340510,72.5779,2.1709,0.029911309089957136
178,2020-09-25,50.41,50.31,50.78,49.59,178109,73.2972,2.1924,0.02991110165190485
179,2020-09-28,50.35,50.48,51.27,50.11,164728,72.3051,2.1627,0.029910753183385406
180,2020-09-29,51.01,50.4,51.18,50.29,170684,75.8521,2.2688,0.029910839647155456
181,2020-09-30,50.51,49.34,50.87,48.91,197107,76.8443,2.2985,0.029911131990271237
182,2020-10-09,50.01,49.76,50.41,49.51,195940,74.4134,2.2258,0.029911279420104447
183,2020-10-12,49.78,51.77,52.3,49.76,330367,74.1654,2.2184,0.029911522084422115
184,2020-10-13,50.96,51.91,52.02,50.48,204258,74.7359,2.2354,0.02991065873295163
185,2020-10-14,51.51,51.92,52.28,51.1,179828,73.0492,2.185,0.029911347420642526
186,2020-10-15,52.38,52.95,54.41,52.09,349300,76.6458,2.2926,0.029911619423373496
187,2020-10-16,52.71,54.54,55.01,52.37,322602,76.7203,2.2948,0.029911249043603847
188,2020-10-19,54.31,54.91,57.07,54.01,340807,77.0179,2.3037,0.029911228428715925
189,2020-10-20,54.89,54.8,55.41,53.61,189278,78.4814,2.3475,0.029911545920434653
190,2020-10-21,54.71,56.87,57.05,54.38,274401,79.8704,2.389,0.029910955748312262
191,2020-10-22,55.89,55.6,56.61,53.71,304619,79.3495,2.3734,0.029910711472662083
192,2020-10-23,54.93,53.91,56.54,53.91,276397,77.3652,2.3141,0.029911381344583866
193,2020-10-26,53.74,52.78,54.2,51.62,255730,77.1915,2.3089,0.029911324433389685
194,2020-10-27,52.52,53.94,54.5,52.41,194481,77.9853,2.3326,0.02991076523396076
195,2020-10-28,53.91,53.97,54.29,52.62,237496,75.8273,2.2681,0.02991139075240712
196,2020-10-29,53.06,52.91,53.78,50.87,403961,75.9761,2.2725,0.029910721924394645
197,2020-10-30,53.12,50.99,53.12,50.81,297420,77.2412,2.3104,0.02991149800883466
198,2020-11-02,51.41,49.59,51.48,48.84,381587,75.7033,2.2644,0.029911509802082608
199,2020-11-03,49.91,50.69,50.89,49.46,259585,75.1824,2.2488,0.029911255825831578
200,2020-11-04,49.44,48.34,49.74,48.11,417168,74.3886,2.225,0.029910497038524723
201,2020-11-05,48.9,47.65,49.34,46.91,434357,75.5048,2.2584,0.02991068117523654
202,2020-11-06,47.67,46.19,47.76,45.96,396486,75.0087,2.2436,0.029911196967818396
203,2020-11-09,46.6,47.5,47.59,46.22,506751,75.8273,2.2681,0.02991139075240712
204,2020-11-10,47.59,47.56,48.52,47.02,395318,72.4043,2.1657,0.02991120693108006
205,2020-11-11,47.19,47.68,48.16,46.57,266927,80.0193,2.3935,0.029911533842460505
206,2020-11-12,47.56,46.81,47.63,46.61,194809,83.1198,2.4862,0.029911044059297547
207,2020-11-13,46.55,45.61,46.59,45.13,250454,82.9214,2.4803,0.029911458320771238
208,2020-11-16,46.06,46.32,46.49,45.65,216283,84.7817,2.5359,0.0299109359684932
209,2020-11-17,46.38,46.33,46.76,45.76,176090,81.9788,2.4521,0.02991139172566566
210,2020-11-18,46.33,47.73,47.95,46.32,375085,84.1368,2.5166,0.02991081191583231
211,2020-11-19,47.31,48.12,48.16,47.21,257773,86.3196,2.5819,0.029910935639182762
212,2020-11-20,47.95,47.42,47.97,47.1,200914,86.4188,2.5849,0.02991131559336626
213,2020-11-23,47.33,47.55,48.16,46.21,331114,87.4854,2.6168,0.029911276624442477
214,2020-11-24,47.23,46.8,47.59,46.76,171976,86.9397,2.6005,0.029911536386714007
215,2020-11-25,47.21,47.11,48.09,47.02,311851,85.8483,2.5678,0.02991090097299539
216,2020-11-26,47.05,46.89,47.66,46.19,279427,84.6577,2.5322,0.029911041759934417
217,2020-11-27,46.83,47.71,47.78,46.46,267173,87.1629,2.6071,0.029910661531454327
218,2020-11-30,48.01,47.32,49.31,47.32,488065,85.9475,2.5708,0.029911283050699556
219,2020-12-01,47.26,48.01,48.26,46.68,366466,86.7661,2.5953,0.029911451592269333
