,日期,开盘,收盘,最高,最低,成交量,pe,pb,roe
0,2020-01-03,45.75,45.97,46.43,45.61,317181,13.8196,1.8909,0.13682740455584821
1,2020-01-06,45.85,44.95,46.14,44.84,197728,13.4035,1.8339,0.13682247174245535
2,2020-01-07,45.3,45.44,45.95,45.28,161870,13.3445,1.8258,0.13682041290419275
3,2020-01-08,45.05,44.85,45.54,44.65,152664,13.1261,1.796,0.13682662786356953
4,2020-01-09,45.13,45.25,45.4,44.92,110816,12.4845,1.7082,0.13682566382314068
5,2020-01-10,45.27,44.8,45.42,44.55,138745,11.7736,1.6109,0.13682306176530543
6,2020-01-13,44.66,45.16,45.16,44.36,127075,11.8776,1.6251,0.13682056981208326
7,2020-01-14,45.2,45.22,45.76,44.97,173633,11.6799,1.5981,0.13682480158220534
8,2020-01-15,44.95,44.79,45.4,44.45,108430,11.8256,1.618,0.1368218103098363
9,2020-01-16,44.96,43.92,44.98,43.85,170861,11.4719,1.5696,0.1368212763360908
10,2020-01-17,44.05,44.08,44.43,43.88,96226,11.3401,1.5516,0.13682419026287249
11,2020-01-20,44.15,44.15,44.8,44.08,171139,11.2222,1.5355,0.13682700361782896
12,2020-01-21,43.95,43.14,44.03,42.88,207835,11.021,1.5079,0.13682061518918429
13,2020-01-22,43.08,43.33,43.54,42.45,181139,11.4233,1.563,0.1368256108129875
14,2020-01-23,42.95,42.31,43.23,42.22,201005,11.7216,1.6038,0.13682432432432431
15,2020-02-03,38.72,39.16,39.84,38.71,477988,11.6626,1.5957,0.13682197794659853
16,2020-02-04,39.35,40.11,40.31,39.27,290715,11.6002,1.5872,0.13682522715125603
17,2020-02-05,40.35,39.93,40.44,39.76,343036,11.1008,1.5189,0.13682797636206398
18,2020-02-06,40.14,39.95,40.28,39.74,415478,11.1944,1.5317,0.13682734224254986
19,2020-02-07,39.72,39.75,40.02,39.42,316867,11.0314,1.5094,0.13682760121108836
20,2020-02-10,39.53,39.51,39.59,39.28,333638,11.0731,1.5151,0.13682708545935646
21,2020-02-11,39.74,39.83,40.03,39.52,336801,10.8476,1.4842,0.13682289169954645
22,2020-02-12,39.84,39.75,39.85,39.37,328096,11.0661,1.5513,0.14018488898527934
23,2020-02-13,39.77,39.6,39.9,39.56,277253,11.3089,1.5853,0.1401816268602605
24,2020-02-14,39.51,39.95,40.09,39.47,261416,11.4823,1.6096,0.14018097419506545
25,2020-02-17,39.96,40.59,40.62,39.91,381431,11.888,1.6665,0.14018337819650067
26,2020-02-18,40.53,40.11,40.53,39.88,332492,11.9123,1.6699,0.14018283622810035
27,2020-02-19,40.13,40.21,40.53,40.02,271261,11.8048,1.6548,0.14018026565464894
28,2020-02-20,40.24,40.95,41.13,40.0,453645,11.5655,1.6213,0.1401841684319744
29,2020-02-21,40.8,40.87,41.34,40.75,495513,11.8533,1.6616,0.14018037171083156
30,2020-02-24,40.54,40.1,40.54,40.03,388245,11.6349,1.631,0.1401816947287901
31,2020-02-25,39.73,39.73,39.88,39.5,325466,11.725,1.6436,0.14017910447761195
32,2020-02-26,39.38,39.6,40.11,39.33,289422,11.5655,1.6213,0.1401841684319744
33,2020-02-27,39.58,39.47,39.85,39.38,237143,11.399,1.5979,0.14017896306693572
34,2020-02-28,39.05,38.24,39.3,38.04,504772,11.2603,1.5785,0.14018276600090582
35,2020-03-02,38.31,38.72,38.9,38.26,287055,11.3782,1.595,0.1401803448700146
36,2020-03-03,39.05,38.37,39.13,38.29,346757,11.5031,1.6125,0.14017960375898672
37,2020-03-04,38.28,38.56,38.58,38.17,261444,11.1043,1.5566,0.14017993029727221
38,2020-03-05,38.7,39.84,39.87,38.59,501961,10.8234,1.5172,0.14017776299499235
39,2020-03-06,39.37,39.03,39.59,38.94,299117,10.9066,1.5289,0.14018117470155686
40,2020-03-09,38.24,37.31,38.24,37.25,487873,10.9101,1.5294,0.14018203316193253
41,2020-03-10,37.39,38.0,38.0,36.93,336940,10.9309,1.5323,0.14018058897254573
42,2020-03-11,38.0,37.32,38.0,37.32,215095,10.7852,1.5119,0.14018284315543522
43,2020-03-12,36.96,36.81,36.96,36.35,295360,10.9031,1.5284,0.1401803156900331
44,2020-03-13,35.35,36.01,36.43,35.03,301293,10.9482,1.5347,0.14017829414880983
45,2020-03-16,36.03,34.56,36.09,34.55,277548,11.3193,1.5868,0.14018534715044217
46,2020-03-17,34.56,34.32,35.25,34.01,253742,11.2499,1.577,0.140179023813545
47,2020-03-18,34.34,34.1,34.87,33.97,358644,10.5147,1.474,0.14018469380961893
48,2020-03-19,33.96,33.05,34.43,32.36,420732,10.5771,1.4827,0.14018020062209868
49,2020-03-20,33.25,33.55,33.55,32.93,279935,10.5494,1.4788,0.14017858835573585
50,2020-03-23,32.35,32.72,33.03,32.35,236724,10.5633,1.4808,0.140183465394337
51,2020-03-24,33.29,34.14,34.31,33.12,364343,10.6534,1.4934,0.14018059962077836
52,2020-03-25,34.73,35.54,35.67,34.69,370014,10.6153,1.4881,0.14018445074562189
53,2020-03-26,35.23,34.93,35.45,34.75,239407,10.5182,1.4745,0.1401855830845582
54,2020-03-27,35.45,35.09,35.5,34.87,220983,10.7575,1.508,0.14018126888217522
55,2020-03-30,34.68,34.77,34.83,34.15,218427,10.4384,1.4633,0.14018431943592888
56,2020-03-31,34.98,34.57,35.09,34.38,170864,10.4662,1.4672,0.14018459421757656
57,2020-04-01,34.49,34.3,34.75,34.28,214552,10.5771,1.4827,0.14018020062209868
58,2020-04-02,33.97,34.6,34.6,33.93,129940,10.6326,1.4905,0.14018208152286363
59,2020-04-03,34.47,34.06,34.55,33.85,219080,10.702,1.5002,0.14017940571855728
60,2020-04-07,34.55,34.3,34.63,34.17,296995,10.6881,1.4983,0.14018394288975589
61,2020-04-08,34.12,33.86,34.13,33.67,217973,10.9343,1.5328,0.14018272774663215
62,2020-04-09,34.04,33.98,34.17,33.86,186311,10.6985,1.4997,0.1401785297004253
63,2020-04-10,34.14,34.31,34.9,33.83,346068,10.6153,1.4881,0.14018445074562189
64,2020-04-13,34.06,34.04,34.07,33.85,128006,10.8372,1.5192,0.14018381131657626
65,2020-04-14,34.25,34.69,34.69,34.06,202286,10.8893,1.2571,0.11544360059875292
66,2020-04-15,34.63,34.36,34.73,34.32,171365,11.191,1.2919,0.115440979358413
67,2020-04-16,34.06,34.22,34.3,34.06,100888,11.1077,1.2823,0.11544244082933461
68,2020-04-17,34.5,35.65,35.77,34.37,482884,11.0731,1.2783,0.11544192683169122
69,2020-04-20,35.5,35.62,35.82,35.08,287320,11.5378,1.332,0.11544661893948586
70,2020-04-21,35.4,35.02,35.46,34.82,183181,11.6903,1.3496,0.11544613910678082
71,2020-04-22,34.79,35.27,35.32,34.75,126621,11.1077,1.2823,0.11544244082933461
72,2020-04-23,35.33,35.56,35.85,35.28,190013,10.6742,1.2323,0.11544659084521555
73,2020-04-24,35.29,34.77,35.32,34.68,205052,10.8476,1.2523,0.11544489103580516
74,2020-04-27,35.35,35.65,36.11,35.25,360931,10.6812,1.2331,0.11544583005654796
75,2020-04-28,35.8,36.23,36.29,35.4,288871,10.5979,1.2235,0.11544739995659518
76,2020-04-29,36.27,37.1,37.25,36.1,292422,10.4003,1.2007,0.11544859282905302
77,2020-04-30,37.22,37.12,37.43,36.94,240261,10.5702,1.2203,0.11544720062061266
78,2020-05-06,36.36,36.77,36.86,36.28,251110,10.487,1.2107,0.11544769714885096
79,2020-05-07,36.7,36.73,36.8,36.48,142575,10.695,1.2347,0.11544647031323046
80,2020-05-08,37.03,36.04,37.14,35.85,466029,10.4246,1.2035,0.11544807474627324
81,2020-05-11,36.03,36.34,36.54,36.0,210703,10.2338,1.1814,0.11544098966170924
82,2020-05-12,36.19,35.83,36.23,35.71,187797,10.2199,1.1798,0.11544144267556433
83,2020-05-13,35.65,35.83,35.88,35.46,145505,10.4003,1.2007,0.11544859282905302
84,2020-05-14,35.65,35.23,35.66,35.2,193206,10.1957,1.177,0.11544082309208784
85,2020-05-15,35.4,35.03,35.52,35.01,165185,10.2338,1.1814,0.11544098966170924
86,2020-05-18,35.02,34.94,35.27,34.77,158632,10.1853,1.1758,0.11544088048461999
87,2020-05-19,35.31,35.35,35.58,35.16,179190,10.5217,1.2147,0.11544712356368267
88,2020-05-20,35.34,35.49,35.59,35.25,121958,10.7055,1.2359,0.11544533183877445
89,2020-05-21,35.63,35.17,35.67,35.13,160680,10.8511,1.2527,0.11544451714572715
90,2020-05-22,35.03,34.35,35.08,34.34,186243,10.9864,1.2683,0.11544272919245613
91,2020-05-25,34.64,33.84,34.64,33.69,218029,10.3274,1.1922,0.11544047872649456
92,2020-05-26,34.04,34.12,34.19,33.85,138352,10.4835,1.2103,0.11544808508608766
93,2020-05-27,34.13,34.14,34.48,33.98,136158,10.8026,1.2471,0.11544443004461889
94,2020-05-28,34.26,34.94,35.35,34.25,236201,10.9482,1.2639,0.11544363457006632
95,2020-05-29,34.71,34.63,34.89,34.4,157187,11.1181,1.2835,0.11544238673874134
96,2020-06-01,34.93,35.19,35.28,34.89,169199,10.9933,1.2691,0.11544304258048083
97,2020-06-02,35.11,35.82,35.94,35.07,266487,11.7216,1.3532,0.11544499044499043
98,2020-06-03,36.0,35.57,36.5,35.53,333856,11.7111,1.3582,0.11597544210193748
99,2020-06-04,35.79,35.48,35.82,35.36,186022,11.2882,1.3091,0.11597065962686699
100,2020-06-05,35.6,35.61,35.64,35.23,146093,11.6404,1.35,0.11597539603450055
101,2020-06-08,35.8,36.72,36.79,35.8,372499,10.5978,1.229,0.11596746494555475
102,2020-06-09,36.73,36.64,36.8,36.4,224731,10.1732,1.1798,0.11597137577163527
103,2020-06-10,36.6,36.25,36.61,36.11,226276,9.7659,1.1326,0.11597497414472809
104,2020-06-11,36.25,35.44,36.25,35.42,326100,9.4069,1.0909,0.1159680659941107
105,2020-06-12,35.02,35.3,35.55,34.87,154969,9.362,1.0857,0.11596881008331554
106,2020-06-15,35.07,34.95,35.27,34.86,227172,9.4966,1.1013,0.11596782006191689
107,2020-06-16,35.25,35.37,35.67,35.12,303151,9.4517,1.0961,0.11596855592115704
108,2020-06-17,35.38,35.07,35.38,34.85,276701,9.6244,1.1162,0.1159760608453514
109,2020-06-18,35.09,35.33,35.33,34.75,261266,9.1401,1.06,0.11597247294887364
110,2020-06-19,35.29,35.53,35.72,35.15,334665,9.0747,1.4381,0.15847355835454616
111,2020-06-22,35.37,35.43,36.05,35.19,275524,8.9898,1.4247,0.15847961022492157
112,2020-06-23,35.22,34.93,35.29,34.86,266578,9.0878,1.4402,0.15847619886001013
113,2020-06-24,35.02,35.06,35.36,34.8,274460,8.9506,1.4184,0.1584698232520725
114,2020-06-29,34.89,34.67,35.03,34.51,296313,9.0649,1.4366,0.15847940959083942
115,2020-06-30,34.75,34.8,34.88,34.66,195805,9.1107,1.4438,0.15847300426970487
116,2020-07-01,34.85,35.84,35.84,34.71,501955,9.7673,1.4573,0.14920192888515763
117,2020-07-02,35.72,37.02,37.33,35.67,778650,9.8947,1.4763,0.14920108745085753
118,2020-07-03,37.37,38.25,38.39,37.25,876160,9.9208,1.4802,0.14920167728408998
119,2020-07-06,39.05,41.27,41.32,39.05,1131293,9.5582,1.4261,0.1492017325437844
120,2020-07-07,42.54,40.25,42.55,40.05,870107,9.5157,1.4198,0.14920604895068149
121,2020-07-08,39.87,41.32,42.02,39.83,886666,9.5451,1.4242,0.14920744675278413
122,2020-07-09,41.0,41.35,41.95,40.67,715075,9.6268,1.4364,0.14920845971662441
123,2020-07-10,40.76,39.25,40.77,39.14,826352,9.421,1.4057,0.14920921345929308
124,2020-07-13,39.05,39.61,40.12,38.9,532250,9.2381,1.3784,0.14920817051125232
125,2020-07-14,39.45,39.12,39.97,38.83,504073,9.3393,1.3935,0.149208184767595
126,2020-07-15,39.51,38.7,39.74,38.47,368846,9.078,1.3545,0.14920687376074027
127,2020-07-16,39.07,37.78,39.55,37.75,539779,9.0715,1.3535,0.14920354957834978
128,2020-07-17,37.91,37.33,38.07,37.13,414629,8.98,1.3399,0.14920935412026726
129,2020-07-20,37.97,39.23,39.49,37.87,710169,9.1466,1.3647,0.1492029825290272
130,2020-07-21,40.84,38.84,40.84,38.7,668873,9.4145,1.4047,0.1492060120027617
131,2020-07-22,38.55,38.42,39.27,38.3,555342,9.519,1.4203,0.14920684945897678
132,2020-07-23,38.05,37.89,38.36,37.45,449592,9.4733,1.4135,0.14920882902473268
133,2020-07-24,37.62,36.92,37.79,36.62,455051,9.3393,1.3935,0.149208184767595
134,2020-07-27,37.08,37.06,37.21,36.72,247179,9.3687,1.3979,0.14920960218600232
135,2020-07-28,37.2,36.95,37.39,36.81,198849,9.4341,1.4076,0.1492034216300442
136,2020-07-29,36.9,37.54,37.75,36.75,338747,9.6301,1.4369,0.1492092501635497
137,2020-07-30,37.54,37.02,37.56,36.97,235674,9.6301,1.4369,0.1492092501635497
138,2020-07-31,36.85,37.06,37.52,36.71,290998,9.7967,1.4617,0.1492033031531026
139,2020-08-03,37.3,37.61,37.63,37.18,358512,9.6987,1.4471,0.14920556363223936
140,2020-08-04,37.74,38.39,38.87,37.61,626167,9.9241,1.4807,0.14920244656946222
141,2020-08-05,38.04,37.79,38.16,37.39,330421,9.9371,1.4827,0.14920852160086948
142,2020-08-06,37.72,38.03,38.13,37.39,334945,10.0515,1.4997,0.1492016116997463
143,2020-08-07,37.95,37.54,38.09,37.25,316930,10.0449,1.4988,0.1492100468894663
144,2020-08-10,37.45,38.11,38.43,37.29,452092,9.7607,1.4564,0.14921060989478213
145,2020-08-11,38.44,38.35,39.44,38.19,751240,9.5713,1.4281,0.14920648187811475
146,2020-08-12,38.36,38.83,38.97,38.15,513443,9.2838,1.4434,0.15547512871884359
147,2020-08-13,38.92,38.33,38.99,38.3,290777,9.5419,1.4835,0.15547218059296367
148,2020-08-14,38.23,39.58,39.88,38.17,552680,9.4471,1.4688,0.1554762837272814
149,2020-08-17,39.74,41.26,42.47,39.4,1423994,9.3655,1.4561,0.15547488121296246
150,2020-08-18,41.0,40.82,41.18,40.42,538640,9.5615,1.4866,0.1554776970140668
151,2020-08-19,40.5,39.48,40.64,39.44,525174,9.5713,1.4881,0.1554752228015003
152,2020-08-20,39.34,39.58,39.66,38.95,311721,9.1041,1.4155,0.15547939939148295
153,2020-08-21,39.56,39.82,39.94,39.35,325041,9.1499,1.4226,0.15547710903944306
154,2020-08-24,39.35,38.95,39.55,38.9,382900,9.2577,1.4393,0.1554705812458818
155,2020-08-25,39.06,38.8,39.35,38.62,287823,9.0453,1.4063,0.15547300808154513
156,2020-08-26,38.73,38.16,39.0,38.04,359794,9.1335,1.42,0.15547161548146932
157,2020-08-27,38.15,38.4,38.45,37.88,231523,9.0257,1.4033,0.15547824545464617
158,2020-08-28,38.25,39.08,39.13,38.2,348987,8.9865,1.3972,0.15547766093584822
159,2020-08-31,39.12,38.37,39.43,38.36,439304,9.1303,1.4195,0.15547134267220133
160,2020-09-01,38.22,38.41,38.47,38.12,230745,9.0519,1.4073,0.15547012229476684
161,2020-09-02,38.44,38.21,38.51,37.98,260206,9.2283,1.4348,0.15547825710044103
162,2020-09-03,38.35,38.05,38.51,38.0,237274,9.1303,1.4195,0.15547134267220133
163,2020-09-04,37.77,37.73,37.93,37.57,219912,9.2185,1.4332,0.155469978846884
164,2020-09-07,37.77,37.65,38.13,37.61,218764,9.2838,1.4434,0.15547512871884359
165,2020-09-08,37.94,38.57,38.73,37.83,338010,9.3883,1.4597,0.15548075796470076
166,2020-09-09,38.3,37.88,38.55,37.66,269854,9.3361,1.4515,0.1554717708679213
167,2020-09-10,38.13,38.16,38.64,37.95,319318,9.5353,1.4825,0.15547491950961165
168,2020-09-11,38.19,38.27,38.38,37.88,211390,9.078,1.4114,0.15547477417933467
169,2020-09-14,38.37,38.01,38.43,37.81,224794,8.6141,1.3393,0.1554776471134535
170,2020-09-15,37.85,37.97,38.28,37.71,225484,13.6792,1.4479,0.10584683314813732
171,2020-09-16,37.97,38.05,38.3,37.75,177109,13.4278,1.4213,0.10584756996678533
172,2020-09-17,37.93,37.87,38.24,37.8,204121,13.9559,1.4772,0.10584770598814838
173,2020-09-18,38.04,39.99,40.29,37.9,1032994,14.0665,1.4889,0.10584722567802936
174,2020-09-21,40.55,40.19,40.55,39.45,752244,14.1872,1.5017,0.10584893425059208
175,2020-09-22,39.75,39.12,40.04,39.06,439068,14.9164,1.5789,0.10584993698211365
176,2020-09-23,39.15,38.99,39.3,38.81,223185,15.3187,1.6215,0.10585101868957549
177,2020-09-24,38.75,38.65,39.11,38.53,281778,15.5752,1.6486,0.10584775797421542
178,2020-09-25,38.72,39.07,39.21,38.68,264268,15.9172,1.6848,0.10584776216922576
179,2020-09-28,39.0,39.01,39.23,38.82,180803,15.5702,1.6481,0.10584963584282796
180,2020-09-29,39.2,39.0,39.38,38.99,252769,16.4352,1.7397,0.10585207359813086
181,2020-09-30,39.11,38.76,39.27,38.62,192049,16.8426,1.7828,0.10585064063743127
182,2020-10-09,39.05,39.57,39.84,39.05,335394,16.1988,1.7146,0.10584734671704077
183,2020-10-12,39.75,40.72,41.05,39.72,456081,16.1033,1.7045,0.1058478696913055
184,2020-10-13,40.49,40.36,40.69,40.01,266238,16.2793,1.7231,0.10584607446266119
185,2020-10-14,40.31,40.02,40.34,39.83,241013,16.0379,1.6976,0.10584926954277056
186,2020-10-15,40.02,40.42,40.9,40.02,280307,16.6565,1.7631,0.10585056884699666
187,2020-10-16,40.4,40.9,41.11,40.31,357480,16.7219,1.77,0.10584921569917294
188,2020-10-19,40.79,41.36,42.14,40.79,560147,16.7873,1.7769,0.10584787309454172
189,2020-10-20,41.24,41.1,41.36,40.82,259846,16.9733,1.7966,0.10584859750313728
190,2020-10-21,41.23,41.73,41.88,40.89,316245,17.3606,1.8376,0.10584887619091504
191,2020-10-22,39.15,40.9,41.2,39.15,1379498,17.4008,1.8419,0.10585145510551239
192,2020-10-23,40.55,41.59,42.6,40.52,953892,17.0287,1.8025,0.10585071085872673
193,2020-10-26,41.95,41.9,42.4,41.22,616522,16.9784,1.7971,0.10584625170805258
194,2020-10-27,41.83,41.83,42.27,41.49,486848,17.2198,1.8227,0.10584908070941591
195,2020-10-28,41.6,40.66,41.75,40.63,470495,16.8979,1.7886,0.10584747217109819
196,2020-10-29,40.33,40.16,40.56,39.69,446539,16.7219,1.77,0.10584921569917294
197,2020-10-30,40.33,39.46,40.55,39.32,410118,16.7973,1.778,0.10585034499592197
198,2020-11-02,39.55,38.83,39.82,38.65,453263,16.8375,1.7822,0.10584706755753527
199,2020-11-03,39.09,39.48,39.67,38.89,421334,16.6766,1.7652,0.10584891404722785
200,2020-11-04,39.15,39.36,39.54,38.96,352459,16.7973,1.778,0.10585034499592197
201,2020-11-05,39.8,39.83,40.02,39.4,434034,16.8979,1.7886,0.10584747217109819
202,2020-11-06,39.86,39.56,40.17,39.5,383207,16.8878,1.7876,0.10585156148225347
203,2020-11-09,40.0,41.0,41.13,39.88,483193,16.9784,1.7971,0.10584625170805258
204,2020-11-10,41.2,41.18,42.15,40.98,494007,16.5006,1.7466,0.10585069633831498
205,2020-11-11,41.25,41.35,41.74,41.15,373759,18.0848,1.9143,0.10585132265770149
206,2020-11-12,41.22,40.49,41.33,40.25,360784,18.5977,1.9686,0.10585179887835593
207,2020-11-13,40.25,39.33,40.35,39.09,497124,18.5022,1.9584,0.1058468722638389
208,2020-11-16,39.54,39.91,40.14,39.54,359494,19.0101,2.0122,0.10584899605998915
209,2020-11-17,39.91,40.25,40.39,39.57,355166,18.9749,2.0085,0.10585036021270204
210,2020-11-18,40.22,40.63,41.22,40.18,413425,18.8945,2.0,0.10585090899468098
211,2020-11-19,40.45,41.65,41.68,40.35,490210,19.332,2.0463,0.10585040347610179
212,2020-11-20,41.44,41.23,41.83,40.89,285088,19.5483,2.0692,0.10585063662824899
213,2020-11-23,41.44,41.8,42.02,41.01,378653,19.5181,2.066,0.10585046700242338
214,2020-11-24,41.67,41.5,42.11,41.25,329509,19.337,2.0468,0.10584889072762063
215,2020-11-25,42.05,43.55,44.41,42.05,1093281,19.5633,2.0708,0.10585126231259552
216,2020-11-26,43.53,45.4,45.63,43.53,1057588,19.3622,2.0495,0.10585057483137246
217,2020-11-27,45.55,46.03,46.3,44.69,672185,19.6589,2.0809,0.10585027646511251
218,2020-11-30,46.49,46.2,48.41,46.16,881491,19.4125,2.0548,0.10584932388924662
219,2020-12-01,46.6,47.4,48.2,45.74,868568,19.9254,2.1091,0.1058498198279583
