,日期,开盘,收盘,最高,最低,成交量,pe,pb,roe
0,2020-01-03,5.93,5.98,6.01,5.85,1364281,7.5084,0.8643,0.11511107559533322
1,2020-01-06,5.94,5.91,5.97,5.87,884077,7.4655,0.8594,0.11511620119215057
2,2020-01-07,5.89,5.92,5.94,5.88,534211,7.3942,0.8512,0.1151172540639961
3,2020-01-08,5.88,5.85,5.89,5.81,921083,7.1943,0.8282,0.1151189135843654
4,2020-01-09,5.85,5.87,5.88,5.8,616592,7.1372,0.8216,0.11511517121560276
5,2020-01-10,5.85,5.9,5.92,5.82,694748,6.9945,0.8052,0.11511902208878404
6,2020-01-13,5.87,5.79,5.88,5.76,1734637,6.8946,0.7937,0.11511907869927189
7,2020-01-14,5.79,5.76,5.79,5.75,1074267,6.7804,0.7805,0.1151112028788862
8,2020-01-15,5.75,5.7,5.76,5.7,666910,6.8517,0.7887,0.11511011865668373
9,2020-01-16,5.72,5.64,5.73,5.64,819470,6.8375,0.7871,0.11511517367458866
10,2020-01-17,5.66,5.67,5.71,5.66,570036,6.7233,0.774,0.11512203828477087
11,2020-01-20,5.68,5.72,5.73,5.68,515145,6.7233,0.774,0.11512203828477087
12,2020-01-21,5.71,5.66,5.73,5.66,435683,6.6947,0.7707,0.11512091654592439
13,2020-01-22,5.65,5.71,5.73,5.6,673945,6.866,0.7904,0.11511797261870085
14,2020-01-23,5.68,5.67,5.69,5.57,648748,6.8946,0.7937,0.11511907869927189
15,2020-02-03,5.38,5.5,5.56,5.21,1769615,6.8232,0.7855,0.11512193692109274
16,2020-02-04,5.42,5.54,5.55,5.42,969111,6.7946,0.7822,0.11512083124834427
17,2020-02-05,5.51,5.5,5.54,5.46,855266,6.8232,0.7855,0.11512193692109274
18,2020-02-06,5.51,5.52,5.52,5.47,758456,6.7233,0.774,0.11512203828477087
19,2020-02-07,5.5,5.5,5.5,5.45,841064,6.7233,0.774,0.11512203828477087
20,2020-02-10,5.47,5.51,5.51,5.44,862795,6.6662,0.7674,0.11511805826407848
21,2020-02-11,5.49,5.51,5.53,5.47,451188,6.6947,0.7707,0.11512091654592439
22,2020-02-12,5.49,5.5,5.5,5.46,349541,6.5663,0.7559,0.11511810304128657
23,2020-02-13,5.5,5.5,5.51,5.46,476363,6.4521,0.7666,0.11881402954076967
24,2020-02-14,5.48,5.5,5.5,5.47,324975,6.4949,0.7717,0.11881630202158618
25,2020-02-17,5.49,5.56,5.56,5.48,721278,6.5663,0.7802,0.11881881729436669
26,2020-02-18,5.54,5.52,5.54,5.49,597866,6.6233,0.787,0.11882294324581402
27,2020-02-19,5.5,5.5,5.52,5.49,384438,6.6662,0.7921,0.11882331763223426
28,2020-02-20,5.5,5.56,5.58,5.48,923256,6.6519,0.7904,0.1188231933733219
29,2020-02-21,5.53,5.52,5.56,5.51,676597,6.6662,0.7921,0.11882331763223426
30,2020-02-24,5.5,5.5,5.52,5.49,549827,6.6233,0.787,0.11882294324581402
31,2020-02-25,5.48,5.5,5.5,5.46,817349,6.6662,0.7921,0.11882331763223426
32,2020-02-26,5.48,5.52,5.57,5.48,724116,6.6947,0.7954,0.11881040225850299
33,2020-02-27,5.51,5.52,5.55,5.49,534605,6.5948,0.7836,0.1188208891854188
34,2020-02-28,5.49,5.5,5.52,5.47,605961,6.5663,0.7802,0.11881881729436669
35,2020-03-02,5.49,5.53,5.53,5.48,636619,6.552,0.7785,0.11881868131868133
36,2020-03-03,5.53,5.52,5.56,5.5,622273,6.5234,0.7751,0.11881840757886993
37,2020-03-04,5.5,5.5,5.51,5.48,444542,6.4521,0.7666,0.11881402954076967
38,2020-03-05,5.5,5.62,5.7,5.5,1600006,6.4378,0.7649,0.11881388051818945
39,2020-03-06,5.56,5.51,5.56,5.5,686979,6.4663,0.7683,0.11881601534107603
40,2020-03-09,5.48,5.49,5.5,5.47,669294,6.4235,0.7632,0.11881373083210088
41,2020-03-10,5.46,5.5,5.5,5.42,552811,6.4092,0.7615,0.11881358047806277
42,2020-03-11,5.49,5.51,5.51,5.47,405264,6.4092,0.7615,0.11881358047806277
43,2020-03-12,5.5,5.51,5.54,5.48,396899,6.5092,0.7734,0.11881644441713267
44,2020-03-13,5.45,5.55,5.55,5.37,989407,6.5234,0.7751,0.11881840757886993
45,2020-03-16,5.52,5.44,5.52,5.43,660944,6.5663,0.7802,0.11881881729436669
46,2020-03-17,5.42,5.37,5.46,5.35,430857,6.5948,0.7836,0.1188208891854188
47,2020-03-18,5.38,5.3,5.4,5.3,306722,6.5234,0.7751,0.11881840757886993
48,2020-03-19,5.26,5.23,5.28,5.17,408257,6.5377,0.7768,0.11881854474815302
49,2020-03-20,5.23,5.26,5.26,5.21,232258,6.5377,0.7768,0.11881854474815302
50,2020-03-23,5.15,5.08,5.18,5.08,307553,6.552,0.7785,0.11881868131868133
51,2020-03-24,5.13,5.14,5.16,5.05,337141,6.5377,0.7768,0.11881854474815302
52,2020-03-25,5.21,5.17,5.26,5.13,564049,6.5234,0.7751,0.11881840757886993
53,2020-03-26,5.17,5.28,5.35,5.15,648459,6.552,0.7785,0.11881868131868133
54,2020-03-27,5.3,5.3,5.35,5.24,409419,6.5805,0.7819,0.11882075830104097
55,2020-03-30,5.25,5.26,5.27,5.18,293342,6.5234,0.7751,0.11881840757886993
56,2020-03-31,5.26,5.27,5.29,5.22,158236,6.5377,0.7768,0.11881854474815302
57,2020-04-01,5.26,5.26,5.27,5.22,149103,6.5948,0.7836,0.1188208891854188
58,2020-04-02,5.23,5.27,5.27,5.21,199794,6.5805,0.7819,0.11882075830104097
59,2020-04-03,5.25,5.26,5.27,5.23,112721,6.6091,0.7853,0.11882101950341196
60,2020-04-07,5.29,5.29,5.3,5.27,194741,6.5948,0.7836,0.1188208891854188
61,2020-04-08,5.28,5.27,5.29,5.25,121215,6.6804,0.8078,0.12092090293994372
62,2020-04-09,5.28,5.26,5.29,5.22,209371,6.6233,0.8009,0.1209215949753144
63,2020-04-10,5.26,5.24,5.26,5.23,147998,6.6091,0.7992,0.12092418029686343
64,2020-04-13,5.23,5.24,5.25,5.2,180451,6.6804,0.8078,0.12092090293994372
65,2020-04-14,5.23,5.26,5.26,5.22,150745,6.6947,0.8095,0.12091654592438794
66,2020-04-15,5.28,5.25,5.28,5.23,113637,6.7375,0.8147,0.12092022263450834
67,2020-04-16,5.24,5.24,5.25,5.2,269079,6.709,0.8113,0.12092711283350724
68,2020-04-17,5.24,5.26,5.26,5.21,296613,6.8089,0.8234,0.1209299593179515
69,2020-04-20,5.25,5.23,5.25,5.21,160136,6.8232,0.8251,0.12092566537694922
70,2020-04-21,5.2,5.19,5.23,5.18,129243,6.8946,0.8337,0.1209207205639196
71,2020-04-22,5.18,5.15,5.18,5.14,182080,6.6947,0.8095,0.12091654592438794
72,2020-04-23,5.16,5.1,5.16,5.1,178545,6.6233,0.8009,0.1209215949753144
73,2020-04-24,5.1,5.06,5.1,5.05,223644,6.6091,0.7992,0.12092418029686343
74,2020-04-27,5.07,5.07,5.13,5.06,290516,6.6376,0.8026,0.12091719898758588
75,2020-04-28,5.06,5.02,5.07,4.94,271695,6.6519,0.8044,0.12092785519926637
76,2020-04-29,5.02,5.13,5.13,5.02,378863,6.6091,0.7992,0.12092418029686343
77,2020-04-30,5.15,5.22,5.23,5.14,407504,6.6519,0.8044,0.12092785519926637
78,2020-05-06,5.16,5.16,5.17,5.11,460247,6.6662,0.8061,0.12092346464252499
79,2020-05-07,5.14,5.15,5.15,5.12,222132,6.7804,0.8199,0.1209220694944251
80,2020-05-08,5.14,5.17,5.18,5.14,206025,6.6804,0.8078,0.12092090293994372
81,2020-05-11,5.17,5.18,5.19,5.15,226009,6.6233,0.8009,0.1209215949753144
82,2020-05-12,5.18,5.16,5.22,5.15,201285,6.6091,0.7992,0.12092418029686343
83,2020-05-13,5.15,5.15,5.16,5.11,287740,6.6519,0.8044,0.12092785519926637
84,2020-05-14,5.14,5.1,5.14,5.06,397902,6.5805,0.7957,0.12091786338424132
85,2020-05-15,5.08,5.08,5.09,5.04,328175,6.552,0.7923,0.12092490842490844
86,2020-05-18,5.08,5.07,5.08,5.03,285676,6.5948,0.7975,0.12092861042033116
87,2020-05-19,5.07,5.1,5.1,5.06,191667,6.7233,0.813,0.12092276114408103
88,2020-05-20,5.09,5.1,5.11,5.07,144925,6.8375,0.8268,0.12092138939670931
89,2020-05-21,5.09,5.11,5.11,5.07,193840,6.8089,0.8234,0.1209299593179515
90,2020-05-22,5.1,5.08,5.1,5.05,199816,6.866,0.8303,0.1209292164287795
91,2020-05-25,5.07,5.09,5.09,5.04,206544,6.7375,0.8147,0.12092022263450834
92,2020-05-26,5.09,5.09,5.11,5.07,185723,6.8089,0.8234,0.1209299593179515
93,2020-05-27,5.09,5.08,5.09,5.04,238410,6.866,0.8303,0.1209292164287795
94,2020-05-28,5.08,5.1,5.11,5.05,386242,6.9659,0.8423,0.12091761294305114
95,2020-05-29,5.07,5.08,5.09,5.04,379783,7.0516,0.8527,0.12092291111237166
96,2020-06-01,5.09,5.1,5.11,5.08,507299,6.9945,0.8458,0.12092358281506897
97,2020-06-02,5.09,5.1,5.1,5.07,349831,7.3513,0.889,0.12093099179736917
98,2020-06-03,5.1,5.14,5.15,5.09,457866,7.4084,0.8959,0.12093029534042438
99,2020-06-04,5.15,5.14,5.16,5.1,356760,7.4084,0.8959,0.12093029534042438
100,2020-06-05,5.12,5.15,5.15,5.11,205517,7.4941,0.9062,0.12092179180955684
101,2020-06-08,5.15,5.22,5.22,5.14,512713,6.8089,0.8234,0.1209299593179515
102,2020-06-09,5.22,5.22,5.27,5.19,407397,6.6662,0.8061,0.12092346464252499
103,2020-06-10,5.09,5.06,5.1,4.92,4120247,6.5663,0.794,0.12092045748747393
104,2020-06-11,4.98,4.97,5.03,4.95,1662354,6.5234,0.7888,0.12091853941196308
105,2020-06-12,4.94,4.91,4.96,4.91,1740415,6.4949,0.7854,0.12092564935564827
106,2020-06-15,4.91,4.87,4.91,4.84,1162820,6.5377,0.7906,0.12092937883353472
107,2020-06-16,4.88,4.89,4.89,4.86,664963,6.5092,0.7871,0.12092115774595957
108,2020-06-17,4.87,4.85,4.88,4.81,714436,6.5805,0.7957,0.12091786338424132
109,2020-06-18,4.83,4.83,4.84,4.79,840956,6.5948,0.7975,0.12092861042033116
110,2020-06-19,4.82,4.83,4.83,4.79,892100,6.5948,0.7975,0.12092861042033116
111,2020-06-22,4.82,4.82,4.84,4.79,870847,6.6233,0.8009,0.1209215949753144
112,2020-06-23,4.8,4.77,4.81,4.76,745221,6.6804,0.8078,0.12092090293994372
113,2020-06-24,4.77,4.79,4.81,4.76,644975,6.6519,0.8044,0.12092785519926637
114,2020-06-29,4.81,4.76,4.83,4.75,682417,6.709,0.8113,0.12092711283350724
115,2020-06-30,4.77,4.78,4.78,4.74,613114,6.7946,0.7091,0.10436228769905513
116,2020-07-01,4.76,4.81,4.82,4.75,747078,6.9231,0.7225,0.10436076324190031
117,2020-07-02,4.79,4.88,4.88,4.79,1619225,7.4513,0.8695,0.11669104719981749
118,2020-07-03,4.88,4.98,5.0,4.87,1789480,7.4513,0.8695,0.11669104719981749
119,2020-07-06,5.03,5.46,5.46,5.03,3539269,7.3513,0.8578,0.11668684450369322
120,2020-07-07,5.7,5.4,5.71,5.33,3559934,7.3371,0.8562,0.11669460686102137
121,2020-07-08,5.33,5.4,5.47,5.31,2264112,7.3371,0.8562,0.11669460686102137
122,2020-07-09,5.39,5.36,5.42,5.33,1621734,7.28,0.8495,0.11668956043956044
123,2020-07-10,5.33,5.11,5.33,5.09,2174791,7.28,0.8495,0.11668956043956044
124,2020-07-13,5.07,5.15,5.17,5.05,1621416,7.2514,0.8462,0.11669470722894888
125,2020-07-14,5.11,5.09,5.15,5.05,1153490,7.28,0.8495,0.11668956043956044
126,2020-07-15,5.1,5.02,5.11,5.0,1127370,7.2514,0.8462,0.11669470722894888
127,2020-07-16,5.03,4.98,5.09,4.97,1306159,7.2657,0.8478,0.11668524712002973
128,2020-07-17,4.99,4.93,5.0,4.89,1077744,7.2657,0.8478,0.11668524712002973
129,2020-07-20,4.94,5.02,5.03,4.92,943554,7.2514,0.8462,0.11669470722894888
130,2020-07-21,5.04,4.98,5.05,4.96,716959,7.2942,0.8512,0.11669545666419895
131,2020-07-22,4.99,5.0,5.05,4.95,930671,7.28,0.8495,0.11668956043956044
132,2020-07-23,4.96,4.92,4.98,4.86,991445,7.28,0.8495,0.11668956043956044
133,2020-07-24,4.91,4.83,4.94,4.81,1071165,7.2372,0.8445,0.1166887746642348
134,2020-07-27,4.83,4.8,4.85,4.78,612457,7.2514,0.8462,0.11669470722894888
135,2020-07-28,4.81,4.82,4.85,4.8,547639,7.28,0.8495,0.11668956043956044
136,2020-07-29,4.81,4.87,4.87,4.79,603651,7.3513,0.8578,0.11668684450369322
137,2020-07-30,4.86,4.84,4.88,4.83,417348,7.3656,0.8595,0.11669110459433041
138,2020-07-31,4.84,4.85,4.87,4.83,482825,7.3942,0.8628,0.11668605122934192
139,2020-08-03,4.86,4.89,4.89,4.85,653823,7.3799,0.8612,0.11669534817544952
140,2020-08-04,4.89,4.96,4.97,4.86,1006849,7.3513,0.8578,0.11668684450369322
141,2020-08-05,4.93,4.88,4.93,4.87,688224,7.3656,0.8595,0.11669110459433041
142,2020-08-06,4.89,4.87,4.91,4.84,624656,7.4513,0.8695,0.11669104719981749
143,2020-08-07,4.86,4.84,4.88,4.82,539886,7.3228,0.8545,0.11669033702955155
144,2020-08-10,4.84,4.87,4.88,4.82,436661,7.1658,0.8803,0.12284741410589187
145,2020-08-11,4.86,4.86,4.93,4.85,690311,7.2372,0.8891,0.12285137898634832
146,2020-08-12,4.84,4.84,4.86,4.8,729817,7.2229,0.8873,0.12284539450913068
147,2020-08-13,4.87,4.85,4.88,4.84,541126,7.28,0.8943,0.12284340659340659
148,2020-08-14,4.86,4.9,4.9,4.84,568025,7.3513,0.9031,0.12284901990124196
149,2020-08-17,4.91,5.04,5.09,4.9,2160709,7.4084,0.9101,0.12284703849684142
150,2020-08-18,5.01,4.99,5.04,4.96,996483,7.4655,0.9171,0.12284508740204944
151,2020-08-19,4.98,4.98,5.03,4.95,671540,7.5084,0.9224,0.12284907570188056
152,2020-08-20,4.96,4.91,4.97,4.91,591346,7.4798,0.9189,0.1228508783657317
153,2020-08-21,4.93,4.93,4.94,4.91,329585,7.4941,0.9206,0.12284330339867361
154,2020-08-24,4.92,4.9,4.93,4.89,520515,7.5084,0.9224,0.12284907570188056
155,2020-08-25,4.91,4.89,4.93,4.87,406525,7.4798,0.9189,0.1228508783657317
156,2020-08-26,4.88,4.84,4.9,4.81,588124,7.4798,0.9189,0.1228508783657317
157,2020-08-27,4.84,4.85,4.85,4.82,308475,7.5084,0.9224,0.12284907570188056
158,2020-08-28,4.84,4.89,4.89,4.82,540592,7.5226,0.9242,0.12285645920293516
159,2020-08-31,4.89,4.83,4.9,4.83,1058969,7.5512,0.9277,0.12285464561923932
160,2020-09-01,4.82,4.84,4.86,4.81,460206,7.5084,0.9224,0.12284907570188056
161,2020-09-02,4.85,4.82,4.86,4.8,481814,7.5226,0.9242,0.12285645920293516
162,2020-09-03,4.82,4.83,4.83,4.8,382767,7.5084,0.9224,0.12284907570188056
163,2020-09-04,4.8,4.79,4.81,4.77,441527,7.5226,0.9242,0.12285645920293516
164,2020-09-07,4.79,4.78,4.81,4.77,370287,7.5084,0.9224,0.12284907570188056
165,2020-09-08,4.78,4.82,4.84,4.78,484776,7.5655,0.9294,0.12284713502081819
166,2020-09-09,4.8,4.8,4.82,4.79,480968,7.5369,0.9259,0.12284891666334964
167,2020-09-10,4.8,4.78,4.82,4.76,433954,8.5963,0.9085,0.1056850040133546
168,2020-09-11,4.77,4.79,4.79,4.76,310291,8.5464,0.9032,0.10568192455302818
169,2020-09-14,4.8,4.8,4.81,4.77,277850,8.4466,0.8927,0.1056874955603438
170,2020-09-15,4.8,4.79,4.8,4.78,222231,8.7459,0.9243,0.10568380612629917
171,2020-09-16,4.8,4.79,4.81,4.78,295859,8.696,0.919,0.10568077276908924
172,2020-09-17,4.79,4.78,4.79,4.77,233028,8.8124,0.9313,0.10568063183695701
173,2020-09-18,4.78,4.83,4.83,4.77,507563,8.9288,0.9436,0.10568049457933876
174,2020-09-21,4.83,4.81,4.84,4.8,298628,9.0452,0.9559,0.10568036085437581
175,2020-09-22,4.79,4.78,4.83,4.77,410976,9.2281,0.9753,0.10568806146444014
176,2020-09-23,4.79,4.77,4.79,4.76,372875,9.1616,0.9683,0.1056911456514146
177,2020-09-24,4.76,4.7,4.76,4.7,499912,9.1616,0.9683,0.1056911456514146
178,2020-09-25,4.7,4.7,4.72,4.69,220507,9.145,0.9665,0.105686167304538
179,2020-09-28,4.7,4.71,4.72,4.68,256967,9.1283,0.9647,0.10568232858254002
180,2020-09-29,4.71,4.74,4.75,4.7,311842,9.1616,0.9683,0.1056911456514146
181,2020-09-30,4.73,4.72,4.75,4.71,214265,9.3445,0.9876,0.10568783776553053
182,2020-10-09,4.73,4.73,4.75,4.72,242413,9.145,0.9665,0.105686167304538
183,2020-10-12,4.73,4.78,4.79,4.73,393980,9.1782,0.97,0.10568521060774443
184,2020-10-13,4.78,4.8,4.85,4.75,654317,9.1948,0.9718,0.10569017270631226
185,2020-10-14,4.81,4.81,4.85,4.78,398301,9.145,0.9665,0.105686167304538
186,2020-10-15,4.8,4.83,4.85,4.79,428798,9.1782,0.97,0.10568521060774443
187,2020-10-16,4.82,4.9,4.92,4.81,1038860,9.1782,0.97,0.10568521060774443
188,2020-10-19,4.91,4.88,4.98,4.86,1191456,9.145,0.9665,0.105686167304538
189,2020-10-20,4.86,4.85,4.88,4.81,568035,9.145,0.9665,0.105686167304538
190,2020-10-21,4.86,4.88,4.88,4.81,607423,9.1782,0.97,0.10568521060774443
191,2020-10-22,4.87,4.87,4.89,4.84,321526,9.2447,0.977,0.10568217465142189
192,2020-10-23,4.86,4.88,4.92,4.85,458374,9.145,0.9665,0.105686167304538
193,2020-10-26,4.87,4.85,4.91,4.83,383627,9.1782,0.97,0.10568521060774443
194,2020-10-27,4.82,4.81,4.84,4.79,370875,9.2447,0.977,0.10568217465142189
195,2020-10-28,4.79,4.76,4.81,4.73,339693,9.145,0.9665,0.105686167304538
196,2020-10-29,4.72,4.73,4.75,4.71,238213,9.145,0.9665,0.105686167304538
197,2020-10-30,4.8,4.81,4.94,4.79,1104235,9.145,0.9665,0.105686167304538
198,2020-11-02,4.87,4.9,4.92,4.82,849255,9.1616,0.9683,0.1056911456514146
199,2020-11-03,4.92,4.88,4.96,4.86,615644,9.1616,0.9683,0.1056911456514146
200,2020-11-04,4.94,4.92,4.95,4.88,524948,9.145,0.9665,0.105686167304538
201,2020-11-05,4.95,4.92,4.97,4.89,625183,9.1782,0.97,0.10568521060774443
202,2020-11-06,4.94,4.99,5.0,4.91,833849,9.145,0.9665,0.105686167304538
203,2020-11-09,4.99,4.97,5.0,4.93,693162,9.2115,0.9735,0.10568311349943008
204,2020-11-10,4.98,4.99,5.06,4.97,907805,9.145,0.9665,0.105686167304538
205,2020-11-11,4.99,5.04,5.07,4.96,826387,9.4276,0.9964,0.10568967711824855
206,2020-11-12,5.04,5.02,5.05,4.99,438097,9.4941,1.0034,0.10568668962829549
207,2020-11-13,5.01,4.9,5.07,4.87,849657,9.411,0.9946,0.10568483689299757
208,2020-11-16,4.9,4.92,4.96,4.87,665850,9.5108,1.0052,0.10569037304958574
209,2020-11-17,4.92,4.92,4.94,4.87,544673,9.4276,0.9964,0.10568967711824855
210,2020-11-18,4.91,5.0,5.04,4.89,966231,9.3777,0.9911,0.10568689550742719
211,2020-11-19,5.01,5.01,5.03,4.97,425830,9.4775,1.0016,0.1056818781324189
212,2020-11-20,4.98,4.96,5.01,4.94,394349,9.5773,1.0122,0.10568740668037965
213,2020-11-23,4.95,5.04,5.07,4.93,850270,9.6272,1.0175,0.10569012797074955
214,2020-11-24,5.04,5.11,5.12,5.02,1052464,9.81,1.0368,0.1056880733944954
215,2020-11-25,5.17,5.21,5.39,5.16,1659372,9.7602,1.0315,0.10568430974775109
216,2020-11-26,5.21,5.25,5.29,5.19,1004821,9.7269,1.028,0.10568629265233527
217,2020-11-27,5.27,5.39,5.39,5.27,1617872,9.8433,1.0403,0.1056861012058964
218,2020-11-30,5.49,5.44,5.78,5.29,3857522,9.8267,1.0385,0.10568145969654105
219,2020-12-01,5.32,5.47,5.54,5.32,2577492,9.9431,1.0508,0.10568132674920297
