,日期,开盘,收盘,最高,最低,成交量,pe,pb,roe
0,2020-01-03,33.49,33.25,33.67,32.98,167304,57.0325,4.7024,0.08245123394555735
1,2020-01-06,33.04,32.62,33.31,32.53,221849,56.91,4.6923,0.08245123879810227
2,2020-01-07,32.68,33.19,33.19,32.59,188681,55.7265,4.5947,0.08245089858505378
3,2020-01-08,33.13,32.68,33.13,32.5,156597,54.6247,4.5038,0.08244988073161043
4,2020-01-09,32.77,33.04,33.13,32.77,129982,56.6244,4.6687,0.0824503217694139
5,2020-01-10,32.89,33.13,33.25,32.47,181018,53.9717,4.45,0.08245061763850314
6,2020-01-13,33.31,32.98,33.88,32.77,251478,55.6449,4.588,0.08245140165585706
7,2020-01-14,32.95,32.56,33.22,32.53,231519,54.2778,4.4752,0.08244991506656497
8,2020-01-15,32.53,32.14,32.53,31.99,208629,50.8701,4.1943,0.0824511844875477
9,2020-01-16,32.32,31.78,32.32,31.78,183662,51.7475,4.2666,0.08245035992076913
10,2020-01-17,31.96,31.96,32.11,31.75,132604,51.6251,4.2565,0.08245020348628863
11,2020-01-20,32.17,32.32,32.56,32.14,160969,50.9109,4.1976,0.08244992722580038
12,2020-01-21,32.41,31.54,32.41,31.54,180336,52.8494,4.3575,0.08245126718562557
13,2020-01-22,31.54,31.84,32.05,30.94,137872,52.4005,4.3205,0.08245150332534995
14,2020-01-23,31.69,30.79,31.84,30.34,177227,50.4008,4.1556,0.08245107220520309
15,2020-02-03,28.3,28.3,28.6,28.3,209898,54.0737,4.4584,0.08245043338998441
16,2020-02-04,28.18,28.42,28.78,27.94,307222,56.5223,4.6603,0.08245064337438499
17,2020-02-05,28.42,28.66,29.44,28.42,310057,57.8691,4.7713,0.08244987393963273
18,2020-02-06,28.72,28.99,29.17,28.42,170290,58.5629,4.8285,0.08244981037482775
19,2020-02-07,28.9,28.9,29.08,28.39,228178,56.5632,4.6637,0.08245113430640416
20,2020-02-10,28.57,29.14,29.2,28.45,206303,52.4413,4.3238,0.0824502825063452
21,2020-02-11,29.14,29.2,29.47,29.02,166091,49.8907,4.1135,0.08245023621636899
22,2020-02-12,29.26,29.29,29.32,28.99,105251,48.4011,3.9907,0.08245060546144613
23,2020-02-13,29.2,29.68,29.86,29.2,215052,49.7478,4.1017,0.08244987718049844
24,2020-02-14,29.59,29.65,29.8,29.35,145353,50.258,4.1438,0.0824505551355008
25,2020-02-17,30.04,31.72,31.75,30.04,405020,47.4624,3.9133,0.08245052926105717
26,2020-02-18,31.72,31.87,32.05,31.27,293269,48.9112,4.0328,0.08245146305958553
27,2020-02-19,31.78,31.42,32.23,31.39,183934,50.9109,4.2974,0.08441021470844161
28,2020-02-20,31.57,31.54,31.6,31.12,203264,50.5436,4.2664,0.08441029131284673
29,2020-02-21,32.2,32.32,32.56,31.72,320335,50.1355,4.232,0.08441124552462827
30,2020-02-24,32.35,33.31,33.94,32.08,403121,51.421,4.3405,0.0844110382917485
31,2020-02-25,32.62,34.42,34.96,32.44,487848,46.7687,3.9478,0.08441115532396666
32,2020-02-26,33.82,33.43,34.78,33.4,384629,45.9525,3.8789,0.08441107665524182
33,2020-02-27,33.52,33.13,33.67,32.59,280787,46.3606,3.9133,0.0844100378338503
34,2020-02-28,32.44,32.29,33.13,31.0,438213,47.2992,3.9926,0.08441157567147013
35,2020-03-02,32.14,33.49,33.73,32.02,344061,49.1153,4.1458,0.08440954244400423
36,2020-03-03,33.91,32.86,34.09,32.62,272206,44.6465,3.7686,0.0844097521642234
37,2020-03-04,33.19,32.89,33.19,32.29,198339,40.5859,3.4259,0.0844110885800241
38,2020-03-05,33.13,33.28,33.58,32.74,320290,39.0147,3.2933,0.08441177299838266
39,2020-03-06,32.95,33.07,33.52,32.89,180212,36.7497,3.1021,0.0844115734278103
40,2020-03-09,32.74,31.81,32.86,31.48,277479,37.3619,3.1537,0.08440951878785609
41,2020-03-10,31.21,32.59,32.8,31.18,234506,35.3214,2.9815,0.0844105839519385
42,2020-03-11,32.62,33.22,33.79,32.5,314324,34.8929,2.9453,0.08440972232173308
43,2020-03-12,32.92,33.31,33.58,32.35,254322,36.1784,3.0538,0.08440948190080268
44,2020-03-13,32.14,33.55,33.58,31.84,285430,36.1172,3.0487,0.08441130541680973
45,2020-03-16,33.52,31.51,33.55,31.18,324768,37.1374,3.1348,0.0844108634422442
46,2020-03-17,31.39,30.37,31.96,30.07,207391,39.1779,3.307,0.08440983309467838
47,2020-03-18,30.46,30.01,31.3,29.89,337934,39.0759,3.2984,0.08441008396479673
48,2020-03-19,30.37,30.37,30.46,28.81,411778,37.1782,3.1382,0.08440968094205745
49,2020-03-20,30.52,30.91,31.18,30.16,232571,35.1581,2.9677,0.08441013592884712
50,2020-03-23,30.28,29.14,30.34,29.14,190346,34.7704,2.935,0.0844108782182546
51,2020-03-24,29.56,31.48,31.48,29.41,290152,35.2397,2.9746,0.08441048022542758
52,2020-03-25,32.23,32.92,33.37,31.72,434505,34.7728,2.935,0.08440505222472738
53,2020-03-26,32.74,32.44,32.83,31.99,228379,34.5891,2.9195,0.08440520279510019
54,2020-03-27,32.8,32.59,33.1,32.17,164748,34.2422,2.8903,0.08440754390780966
55,2020-03-30,32.5,32.83,33.01,31.27,176158,33.3647,2.8162,0.08440657341441703
56,2020-03-31,32.86,32.41,33.04,32.35,212503,32.426,2.737,0.08440757416887683
57,2020-04-01,32.41,31.18,33.34,31.03,373365,31.7322,2.6784,0.08440637585796132
58,2020-04-02,30.64,30.64,30.82,29.95,262590,32.5485,2.7473,0.08440634745072739
59,2020-04-03,30.79,30.22,30.94,30.16,152952,31.3241,2.644,0.08440785210109787
60,2020-04-07,30.64,30.7,30.85,30.25,199077,28.4671,2.4028,0.08440620927316095
61,2020-04-08,30.52,30.37,30.58,30.13,128157,27.9162,2.4399,0.08740086401444323
62,2020-04-09,30.52,30.55,30.76,30.37,162615,27.5488,2.4078,0.08740126611685445
63,2020-04-10,30.61,29.98,30.61,29.83,164066,27.5488,2.4078,0.08740126611685445
64,2020-04-13,29.98,29.98,30.07,29.5,102692,28.0794,2.4542,0.08740215246764532
65,2020-04-14,29.8,30.13,30.25,29.8,136273,28.2835,2.472,0.0874007813742995
66,2020-04-15,30.13,30.01,30.34,29.98,108510,28.2019,2.4649,0.08740191263709184
67,2020-04-16,29.92,29.8,30.16,29.65,148917,27.9774,2.4453,0.08740268931351734
68,2020-04-17,29.92,30.01,30.22,29.86,116380,28.9365,2.5291,0.08740172446564029
69,2020-04-20,30.16,30.07,30.16,29.86,78552,29.7732,2.6022,0.08740074966748619
70,2020-04-21,30.01,29.65,30.01,29.47,98439,29.9976,2.6218,0.08740032535936208
71,2020-04-22,29.5,29.86,29.92,29.26,72965,28.9365,2.5291,0.08740172446564029
72,2020-04-23,29.98,29.71,30.04,29.59,85437,29.263,2.5576,0.08740047158527833
73,2020-04-24,30.01,29.47,30.22,29.35,109674,28.6712,2.5059,0.087401294678981
74,2020-04-27,29.44,29.35,29.47,28.75,106778,30.018,2.6236,0.08740089279765474
75,2020-04-28,29.29,28.99,29.47,28.69,106602,31.3853,2.7431,0.08740078954160069
76,2020-04-29,28.99,29.2,29.44,28.84,92999,29.7936,2.604,0.08740132108909296
77,2020-04-30,29.32,29.92,30.19,29.29,148589,28.8345,2.5202,0.08740224383984463
78,2020-05-06,29.71,30.52,30.7,29.62,197061,28.7324,2.5113,0.08740307109743704
79,2020-05-07,30.49,30.31,30.49,30.04,106753,28.4876,2.4899,0.08740294022662491
80,2020-05-08,30.25,30.91,31.09,30.25,188310,28.7528,2.513,0.08740018363428953
81,2020-05-11,31.15,31.66,32.44,31.15,253295,27.2428,2.3811,0.08740291012671238
82,2020-05-12,31.66,31.57,31.9,31.27,101231,26.9367,2.3543,0.08740120356242598
83,2020-05-13,31.45,31.6,31.99,31.12,83936,27.8549,2.4346,0.08740293449267454
84,2020-05-14,31.45,30.94,31.57,30.79,132244,26.7326,2.3365,0.08740264695540276
85,2020-05-15,30.94,30.49,31.21,30.28,98092,28.7732,2.5148,0.08740077572185229
86,2020-05-18,30.58,30.31,30.61,30.07,63773,26.651,2.3293,0.08740009755731493
87,2020-05-19,30.91,30.4,31.0,30.34,78341,25.2225,2.2045,0.08740212112201406
88,2020-05-20,30.34,30.19,30.64,30.1,75488,24.243,2.1189,0.08740254918945675
89,2020-05-21,30.19,30.04,30.4,29.92,58082,24.4266,2.1349,0.08740062063488165
90,2020-05-22,30.04,29.8,30.34,29.65,84186,22.4268,1.9601,0.08739989655233917
91,2020-05-25,29.83,29.38,29.89,29.23,115568,21.7942,1.9048,0.0873993998403245
92,2020-05-26,29.47,29.59,29.83,29.47,94727,20.6106,1.8014,0.08740162828835646
93,2020-05-27,29.65,29.8,30.49,29.38,140064,21.3453,1.8656,0.08740097351641812
94,2020-05-28,29.86,29.74,30.04,29.47,90607,21.4677,1.8763,0.0874010723086311
95,2020-05-29,29.71,29.71,29.86,29.56,62330,21.2024,1.8531,0.08740048296419273
96,2020-06-01,29.89,30.22,30.46,29.8,115406,19.8964,1.739,0.08740274622544783
97,2020-06-02,30.34,30.04,30.37,29.89,80835,19.427,1.698,0.08740412827508107
98,2020-06-03,30.25,30.94,31.18,30.13,243326,18.672,1.632,0.08740359897172235
99,2020-06-04,30.94,30.49,31.09,30.37,157736,18.2231,1.5927,0.08740005816792973
100,2020-06-05,30.49,30.28,30.76,30.1,87624,18.2639,1.5963,0.08740192401403862
101,2020-06-08,30.4,31.39,31.39,30.22,268754,17.1823,1.5018,0.08740389819756376
102,2020-06-09,31.24,31.06,31.45,30.91,131214,16.4069,1.434,0.08740225149175042
103,2020-06-10,31.03,31.21,31.54,30.79,145782,16.2028,1.4161,0.08739847433776878
104,2020-06-11,31.33,30.82,31.6,30.73,136113,15.7539,1.3769,0.08740058017379823
105,2020-06-12,30.4,30.7,30.91,30.16,106023,16.162,1.3526,0.08369013735923772
106,2020-06-15,30.55,30.31,30.64,30.25,88863,16.6313,1.3919,0.08369159356153758
107,2020-06-16,30.55,30.46,30.82,30.28,129270,16.4681,1.3782,0.08368907159903086
108,2020-06-17,30.43,30.13,30.43,29.98,125118,16.6926,1.397,0.08368977870433605
109,2020-06-18,30.22,30.16,30.34,30.04,102780,16.8354,1.409,0.0836926951542583
110,2020-06-19,30.19,30.49,30.52,30.07,137293,16.6109,1.3902,0.08369203354423903
111,2020-06-22,30.82,30.28,30.88,30.19,128003,16.5905,1.3885,0.08369247460896297
112,2020-06-23,30.16,29.95,30.22,29.83,111245,16.815,1.4072,0.08368718406184954
113,2020-06-24,30.1,30.19,30.25,29.71,136198,16.713,1.3987,0.08368934362472327
114,2020-06-29,30.19,29.5,30.19,29.38,263306,16.9783,1.4209,0.08368917971763958
115,2020-06-30,29.86,29.65,29.86,29.5,112800,17.0599,1.4277,0.08368747765227229
116,2020-07-01,29.8,30.31,30.31,29.68,159543,17.3252,1.4499,0.08368734560062799
117,2020-07-02,30.4,30.61,30.73,30.19,243524,17.2231,1.4414,0.08368992806173105
118,2020-07-03,30.67,31.75,31.93,30.64,407710,17.4476,1.4602,0.0836905935486829
119,2020-07-06,32.17,33.34,33.67,32.14,421962,16.6926,1.397,0.08368977870433605
120,2020-07-07,33.64,33.28,34.24,33.1,280811,16.745,1.407,0.0840250821140639
121,2020-07-08,33.07,33.94,34.63,32.83,331267,17.0494,1.4326,0.08402641735193028
122,2020-07-09,33.97,35.05,35.44,33.94,312453,16.4405,1.3814,0.08402420850947355
123,2020-07-10,35.29,35.74,36.67,34.63,369317,16.5623,1.3917,0.08402818449128442
124,2020-07-13,35.41,37.66,38.41,35.41,312769,16.2172,1.3627,0.0840280689638162
125,2020-07-14,37.69,38.05,38.86,36.49,295097,16.2375,1.3644,0.08402771362586606
126,2020-07-15,37.78,37.87,38.89,36.67,338967,16.2781,1.3678,0.0840270056087627
127,2020-07-16,37.69,36.79,39.1,36.79,241250,16.136,1.3559,0.08402949925632128
128,2020-07-17,36.49,38.53,38.8,36.49,248883,15.994,1.3439,0.08402525947230212
129,2020-07-20,38.53,39.46,39.79,37.93,236255,16.2781,1.3678,0.0840270056087627
130,2020-07-21,39.94,42.4,42.76,39.55,319223,16.4405,1.3814,0.08402420850947355
131,2020-07-22,42.43,42.13,45.43,40.87,366307,16.542,1.39,0.08402853343005681
132,2020-07-23,42.07,43.57,43.63,41.59,334355,16.6841,1.4019,0.08402610869030992
133,2020-07-24,45.25,45.67,46.99,44.92,558754,16.6232,1.3968,0.08402714278839213
134,2020-07-27,45.85,48.79,49.06,45.13,428781,16.745,1.407,0.0840250821140639
135,2020-07-28,49.72,45.79,50.83,44.59,673584,17.0494,1.4326,0.08402641735193028
136,2020-07-29,44.74,47.44,47.68,43.54,436868,17.4959,1.4701,0.08402540023662687
137,2020-07-30,46.99,46.09,48.16,45.52,334510,17.4756,1.4684,0.08402572729977797
138,2020-07-31,45.52,46.54,47.59,45.1,322816,17.5365,1.4735,0.08402474838194622
139,2020-08-03,46.69,48.76,49.39,45.94,348248,17.0291,1.4309,0.08402675420309941
140,2020-08-04,48.49,48.37,49.66,47.14,261347,16.6232,1.3968,0.08402714278839213
141,2020-08-05,47.71,48.73,49.21,47.41,175905,16.7653,1.4087,0.08402474157933351
142,2020-08-06,48.73,48.88,49.33,48.13,177602,16.3593,1.3746,0.08402560011736443
143,2020-08-07,48.43,50.29,52.21,47.62,269333,15.8722,1.3337,0.08402741900933709
144,2020-08-10,50.23,52.63,52.63,49.69,327918,15.7301,1.3218,0.08402998073756683
145,2020-08-11,52.51,50.62,53.71,50.53,230745,15.9737,1.3422,0.08402561710812148
146,2020-08-12,50.38,48.64,50.83,46.99,298752,13.8645,1.3298,0.09591402502794909
147,2020-08-13,48.46,49.51,50.44,48.13,205513,14.0047,1.3433,0.09591779902461316
148,2020-08-14,49.48,49.03,50.11,47.89,150569,14.0923,1.3517,0.09591762877599823
149,2020-08-17,48.61,50.59,50.74,48.28,209827,13.9696,1.3399,0.09591541633260796
150,2020-08-18,50.29,50.26,51.64,49.69,164641,14.215,1.3634,0.09591276820260289
151,2020-08-19,50.17,49.03,50.26,49.03,111868,14.18,1.3601,0.09591678420310297
152,2020-08-20,48.88,47.62,48.88,46.69,229423,14.0573,1.3483,0.09591457819069096
153,2020-08-21,47.98,47.95,49.39,47.59,118854,14.18,1.3601,0.09591678420310297
154,2020-08-24,48.19,48.07,48.49,47.47,111041,14.2501,1.3668,0.09591511638514817
155,2020-08-25,48.43,47.77,48.43,47.32,105062,14.1625,1.3584,0.0959152691968226
156,2020-08-26,48.01,46.99,48.16,46.45,100216,14.1625,1.3584,0.0959152691968226
157,2020-08-27,47.71,46.99,47.71,46.18,96074,14.4955,1.3903,0.09591252457659274
158,2020-08-28,47.11,47.53,47.77,46.54,119009,14.3903,1.3802,0.0959118294962579
159,2020-08-31,48.55,48.34,50.05,47.38,289943,14.5831,1.3987,0.09591239174112501
160,2020-09-01,47.89,52.54,52.54,47.74,330910,14.3027,1.3718,0.09591196067875296
161,2020-09-02,54.49,54.34,55.24,51.94,600896,14.5481,1.3954,0.09591630522198775
162,2020-09-03,53.29,53.14,54.34,51.52,286292,14.8636,1.4256,0.09591216125299389
163,2020-09-04,52.09,54.16,55.78,51.79,339474,15.5822,1.4946,0.09591713621953253
164,2020-09-07,53.89,55.54,56.83,53.86,379110,15.8276,1.5181,0.0959147312289924
165,2020-09-08,55.69,56.83,60.46,55.42,483152,15.6874,1.5047,0.09591774290194678
166,2020-09-09,56.59,57.34,59.14,53.92,371489,15.5997,1.4962,0.09591210087373475
167,2020-09-10,58.09,57.61,58.99,56.59,245635,15.8802,1.5231,0.09591189027845996
168,2020-09-11,56.59,58.3,58.39,55.78,197485,15.0388,1.4424,0.09591190786498922
169,2020-09-14,58.42,57.61,59.86,56.5,214512,13.6717,1.3113,0.09591345626366875
170,2020-09-15,57.61,58.18,58.54,56.23,270595,14.7058,1.4105,0.09591453712140789
171,2020-09-16,58.06,61.15,61.81,57.22,305721,14.3903,1.3802,0.0959118294962579
172,2020-09-17,61.03,63.94,65.08,60.16,396765,14.18,1.3601,0.09591678420310297
173,2020-09-18,63.34,64.09,64.09,60.49,410144,14.3903,1.3802,0.0959118294962579
174,2020-09-21,62.53,61.09,63.31,60.49,339314,15.0564,1.4441,0.09591270157540979
175,2020-09-22,60.61,59.59,60.91,58.69,206682,16.2483,1.5584,0.09591157228756239
176,2020-09-23,59.08,59.68,61.09,59.08,229035,16.108,1.545,0.0959150732555252
177,2020-09-24,58.96,57.79,59.62,57.19,287876,16.0555,1.54,0.09591728691102738
178,2020-09-25,58.99,58.42,60.49,57.85,196194,15.6874,1.5047,0.09591774290194678
179,2020-09-28,59.35,61.42,61.48,59.17,316016,15.2316,1.4609,0.09591244517975787
180,2020-09-29,61.99,60.52,62.29,58.69,318179,15.9678,1.5316,0.09591803504552913
181,2020-09-30,60.49,63.85,65.29,59.65,348134,16.0905,1.5433,0.09591373791989062
182,2020-10-09,66.73,66.16,69.04,65.29,364961,15.8626,1.5215,0.09591744102480047
183,2020-10-12,68.47,72.13,72.13,66.79,379660,15.8451,1.5198,0.0959160876233031
184,2020-10-13,73.96,78.7,78.7,70.66,504164,16.2132,1.5551,0.09591567364863197
185,2020-10-14,78.61,76.03,78.61,74.62,426526,15.5121,1.4878,0.0959122233611181
186,2020-10-15,78.34,74.65,79.87,74.59,431802,16.0029,1.5349,0.09591386561185784
187,2020-10-16,75.49,74.05,76.09,72.7,320037,16.1781,1.5517,0.09591361161075776
188,2020-10-19,73.63,75.25,77.59,72.13,406057,16.7566,1.6072,0.09591444565126578
189,2020-10-20,75.25,82.09,82.12,73.54,579879,16.108,1.545,0.0959150732555252
190,2020-10-21,80.29,80.2,83.59,79.39,442468,15.5296,1.526,0.09826396043684318
191,2020-10-22,79.69,80.8,83.56,75.94,437283,15.0739,1.4813,0.09826919377201654
192,2020-10-23,80.8,81.34,83.56,78.13,400582,15.0038,1.4744,0.09826843866220557
193,2020-10-26,76.99,78.4,81.91,76.09,450456,15.2667,1.5002,0.09826616099091487
194,2020-10-27,76.96,76.27,77.83,75.19,345179,15.1791,1.4916,0.09826669565389252
195,2020-10-28,77.38,80.38,82.03,76.27,468167,13.9696,1.3728,0.09827053029435345
196,2020-10-29,78.49,79.63,83.08,77.83,523120,13.9872,1.3745,0.09826841683825212
197,2020-10-30,80.14,77.65,81.94,76.99,472998,13.7593,1.3521,0.09826808049828117
198,2020-11-02,77.68,79.84,81.1,77.23,442050,13.7067,1.3469,0.09826581161038032
199,2020-11-03,80.14,83.59,85.99,77.68,613562,13.6717,1.3435,0.09826868641061462
200,2020-11-04,83.59,89.65,91.03,82.06,746271,13.5315,1.3297,0.09826700661419652
201,2020-11-05,90.49,92.59,93.13,88.69,643158,13.584,1.3349,0.09827002355712604
202,2020-11-06,91.99,91.57,96.19,88.72,605427,13.3912,1.3159,0.09826602544954896
203,2020-11-09,90.52,89.59,91.48,87.55,493171,13.251,1.3021,0.09826428194098559
204,2020-11-10,88.57,85.99,88.57,81.64,577617,13.1809,1.2952,0.09826339627794764
205,2020-11-11,84.13,80.59,85.66,79.87,485317,14.6357,1.4382,0.09826656736609796
206,2020-11-12,81.04,83.53,84.52,80.74,367269,15.2492,1.4985,0.09826745009574273
207,2020-11-13,84.49,84.19,85.9,82.99,350464,15.0739,1.4813,0.09826919377201654
208,2020-11-16,83.74,81.34,83.74,78.79,426899,15.5296,1.526,0.09826396043684318
209,2020-11-17,82.6,82.39,84.97,81.64,415963,15.3193,1.5054,0.09826819763305113
210,2020-11-18,81.49,82.57,83.74,79.99,315276,15.2141,1.495,0.09826411026613471
211,2020-11-19,83.77,81.28,84.46,79.69,306083,15.4245,1.5157,0.09826574605335668
212,2020-11-20,81.94,86.29,87.46,81.34,561443,15.6698,1.5398,0.09826545329232025
213,2020-11-23,86.89,88.3,89.8,84.49,507277,15.9152,1.5639,0.09826455212626922
214,2020-11-24,90.46,85.84,91.0,85.54,434636,16.0029,1.5726,0.09826968861893781
215,2020-11-25,85.63,89.74,91.99,84.37,550579,15.9503,1.5674,0.09826774418036023
216,2020-11-26,87.37,86.8,88.12,84.76,353327,15.74,1.5467,0.09826556543837357
217,2020-11-27,87.19,88.42,90.4,85.6,362334,16.0379,1.576,0.0982672295001216
218,2020-11-30,88.39,90.16,90.58,85.99,433575,15.7049,1.5433,0.0982686932103993
219,2020-12-01,90.16,90.34,90.94,87.52,372757,16.073,1.5794,0.09826416972562682
