,日期,开盘,收盘,最高,最低,成交量,pe,pb,roe
0,2020-01-03,3.26,3.25,3.27,3.23,491399,8.855,0.7891,0.08911349520045173
1,2020-01-06,3.22,3.24,3.28,3.21,598627,8.7922,0.7835,0.08911307750051183
2,2020-01-07,3.25,3.25,3.27,3.23,452421,8.698,0.7751,0.08911243964129685
3,2020-01-08,3.24,3.19,3.25,3.18,625163,8.6352,0.7695,0.08911200667037243
4,2020-01-09,3.21,3.22,3.23,3.2,370170,8.6666,0.7723,0.08911222394018414
5,2020-01-10,3.22,3.2,3.23,3.19,266642,8.9806,0.8003,0.08911431307485022
6,2020-01-13,3.19,3.22,3.23,3.18,398470,8.9492,0.7975,0.08911411075850356
7,2020-01-14,3.22,3.23,3.25,3.22,328533,8.541,0.7611,0.08911134527572884
8,2020-01-15,3.24,3.2,3.24,3.19,289892,8.5096,0.7583,0.08911112155682992
9,2020-01-16,3.2,3.2,3.22,3.17,494417,8.5096,0.7583,0.08911112155682992
10,2020-01-17,3.2,3.2,3.21,3.18,274232,8.4782,0.7555,0.0891108961807931
11,2020-01-20,3.2,3.2,3.21,3.17,305209,8.541,0.7611,0.08911134527572884
12,2020-01-21,3.2,3.19,3.21,3.17,355074,8.2584,0.7359,0.08910927056088347
13,2020-01-22,3.18,3.18,3.19,3.15,329680,8.3212,0.7415,0.08910974378695381
14,2020-01-23,3.17,3.1,3.18,3.09,455918,8.4782,0.7555,0.0891108961807931
15,2020-02-03,2.83,2.83,2.83,2.83,403571,8.3212,0.7415,0.08910974378695381
16,2020-02-04,2.74,2.81,2.86,2.74,810240,8.384,0.7471,0.08911020992366411
17,2020-02-05,2.81,2.83,2.88,2.81,573847,8.2584,0.7359,0.08910927056088347
18,2020-02-06,2.84,2.86,2.87,2.81,521070,8.227,0.7331,0.08910903123860459
19,2020-02-07,2.84,2.87,2.89,2.81,577940,8.1328,0.7247,0.08910830218374977
20,2020-02-10,2.85,2.89,2.9,2.83,523477,8.1956,0.7303,0.08910879008248326
21,2020-02-11,2.89,2.9,2.94,2.87,557313,8.07,0.7191,0.08910780669144981
22,2020-02-12,2.89,2.97,2.99,2.88,740357,8.1328,0.7278,0.08948947471965375
23,2020-02-13,2.95,2.92,2.99,2.92,605082,8.1956,0.7334,0.08948704182732198
24,2020-02-14,2.92,2.93,2.96,2.91,395872,8.2584,0.739,0.08948464593625884
25,2020-02-17,2.93,2.97,2.98,2.92,565826,8.2898,0.7418,0.08948346160341625
26,2020-02-18,2.97,2.97,2.99,2.95,537559,8.3526,0.7474,0.08948111965136603
27,2020-02-19,2.96,2.95,2.99,2.95,586567,8.4154,0.7531,0.08949069562944126
28,2020-02-20,2.95,2.99,3.0,2.95,673343,8.3212,0.7446,0.08948228620871991
29,2020-02-21,2.98,2.98,3.01,2.97,601940,8.4154,0.7531,0.08949069562944126
30,2020-02-24,2.97,2.95,2.99,2.95,610442,8.3526,0.7474,0.08948111965136603
31,2020-02-25,2.91,2.89,2.92,2.85,797119,8.4154,0.7531,0.08949069562944126
32,2020-02-26,2.86,3.14,3.14,2.85,2750147,8.4468,0.7559,0.08948951082066582
33,2020-02-27,3.21,3.15,3.23,3.1,3283547,8.384,0.7502,0.08947996183206106
34,2020-02-28,3.07,3.13,3.27,3.05,2651147,8.4782,0.7587,0.08948833478804465
35,2020-03-02,3.15,3.4,3.4,3.15,4095564,8.541,0.7643,0.08948600866409084
36,2020-03-03,3.43,3.36,3.49,3.32,3936224,8.6038,0.7699,0.08948371649736164
37,2020-03-04,3.32,3.36,3.42,3.29,2007174,8.4468,0.7559,0.08948951082066582
38,2020-03-05,3.37,3.32,3.38,3.3,1884031,8.3212,0.7446,0.08948228620871991
39,2020-03-06,3.28,3.22,3.31,3.22,1324907,8.4154,0.7531,0.08949069562944126
40,2020-03-09,3.17,3.13,3.19,3.12,1238647,8.5096,0.7615,0.08948716743442699
41,2020-03-10,3.11,3.19,3.21,3.11,1099528,8.5096,0.7615,0.08948716743442699
42,2020-03-11,3.18,3.15,3.19,3.14,838767,8.5724,0.7671,0.08948485838271662
43,2020-03-12,3.13,3.1,3.16,3.07,787523,8.7294,0.7812,0.08949068664513025
44,2020-03-13,2.97,3.07,3.1,2.96,907719,8.7294,0.7812,0.08949068664513025
45,2020-03-16,3.11,3.06,3.16,3.05,928413,8.8864,0.7952,0.08948505581562838
46,2020-03-17,3.06,3.09,3.12,3.01,618647,8.9492,0.8008,0.0894828588030215
47,2020-03-18,3.1,3.03,3.14,3.03,667869,8.7294,0.7812,0.08949068664513025
48,2020-03-19,3.01,3.02,3.06,2.98,598384,8.7608,0.784,0.0894895443338508
49,2020-03-20,3.04,3.04,3.07,3.01,559781,8.7608,0.784,0.0894895443338508
50,2020-03-23,2.99,2.99,3.02,2.95,537160,8.7294,0.7812,0.08949068664513025
51,2020-03-24,3.02,3.02,3.04,2.97,439449,8.7294,0.7812,0.08949068664513025
52,2020-03-25,3.06,3.04,3.07,3.02,489576,8.7922,0.7868,0.08948841018175202
53,2020-03-26,3.03,2.99,3.03,2.98,427129,9.0434,0.8093,0.08949067828471592
54,2020-03-27,3.02,3.06,3.12,2.99,1027561,8.855,0.7924,0.08948616600790513
55,2020-03-30,3.03,3.05,3.09,3.02,552898,8.7294,0.7812,0.08949068664513025
56,2020-03-31,3.07,3.03,3.08,3.03,434497,8.7608,0.784,0.0894895443338508
57,2020-04-01,3.04,2.99,3.08,2.98,540595,8.8236,0.7896,0.08948728410172717
58,2020-04-02,2.97,3.02,3.02,2.96,341793,8.8864,0.7952,0.08948505581562838
59,2020-04-03,3.02,2.99,3.02,2.97,291578,8.9178,0.798,0.08948395344143176
60,2020-04-07,3.03,3.03,3.04,3.01,430722,8.855,0.7924,0.08948616600790513
61,2020-04-08,3.02,3.04,3.05,3.01,363821,8.855,0.6248,0.07055900621118012
62,2020-04-09,3.05,3.04,3.06,3.03,343233,8.7608,0.6182,0.07056433202447265
63,2020-04-10,3.04,3.01,3.04,2.99,255445,8.7608,0.6182,0.07056433202447265
64,2020-04-13,3.01,3.0,3.01,2.99,190180,8.8864,0.627,0.07055725603168887
65,2020-04-14,3.01,3.01,3.02,3.0,293496,9.012,0.6359,0.07056147359076786
66,2020-04-15,3.01,3.0,3.02,2.99,263173,9.0748,0.6403,0.07055802882708159
67,2020-04-16,2.98,2.98,2.99,2.97,296125,9.0434,0.6381,0.07055974522856448
68,2020-04-17,2.99,3.03,3.06,2.98,700491,9.0748,0.6403,0.07055802882708159
69,2020-04-20,3.03,3.02,3.05,3.01,411200,9.169,0.647,0.07056385647289781
70,2020-04-21,3.0,3.0,3.01,2.97,310384,9.2632,0.6536,0.07055877018740823
71,2020-04-22,2.98,2.99,3.0,2.98,243067,9.1062,0.6425,0.07055632426259033
72,2020-04-23,2.99,2.99,3.0,2.98,217310,9.0434,0.6381,0.07055974522856448
73,2020-04-24,2.98,2.95,2.99,2.94,272023,9.0434,0.6381,0.07055974522856448
74,2020-04-27,2.96,2.96,2.99,2.95,218239,8.8864,0.627,0.07055725603168887
75,2020-04-28,2.96,2.92,2.97,2.87,315359,9.012,0.6359,0.07056147359076786
76,2020-04-29,2.92,2.93,2.94,2.91,149890,8.7608,0.6182,0.07056433202447265
77,2020-04-30,2.95,2.98,3.0,2.94,384346,8.8236,0.6226,0.07056076884718256
78,2020-05-06,2.97,3.01,3.03,2.97,603969,8.855,0.6248,0.07055900621118012
79,2020-05-07,3.0,3.01,3.03,2.98,421505,8.9492,0.6315,0.07056496670093416
80,2020-05-08,3.01,3.01,3.03,3.0,436235,8.8864,0.627,0.07055725603168887
81,2020-05-11,3.01,3.03,3.06,3.01,705361,8.7922,0.6204,0.07056254407315575
82,2020-05-12,3.02,3.02,3.03,2.99,542318,8.855,0.6248,0.07055900621118012
83,2020-05-13,3.01,3.05,3.06,2.99,847434,8.8236,0.6226,0.07056076884718256
84,2020-05-14,3.03,3.01,3.03,3.01,282553,8.698,0.6137,0.07055644975856519
85,2020-05-15,3.01,3.0,3.03,3.0,250207,8.6666,0.6115,0.07055823506334664
86,2020-05-18,3.02,3.01,3.04,3.0,383033,8.7608,0.6182,0.07056433202447265
87,2020-05-19,3.03,3.01,3.04,3.01,306312,8.9806,0.6337,0.07056321403915106
88,2020-05-20,3.01,3.0,3.01,2.98,298090,9.0748,0.6403,0.07055802882708159
89,2020-05-21,3.0,2.96,3.01,2.96,447444,9.169,0.647,0.07056385647289781
90,2020-05-22,2.96,2.94,2.97,2.92,398548,9.012,0.6359,0.07056147359076786
91,2020-05-25,2.94,2.95,2.97,2.93,241075,8.5724,0.6049,0.07056366945079558
92,2020-05-26,2.96,2.95,2.97,2.94,249433,8.8864,0.7947,0.08942879006121714
93,2020-05-27,2.95,2.93,2.96,2.92,192134,9.1062,0.8144,0.08943357273066703
94,2020-05-28,2.93,2.93,2.95,2.92,185802,9.2632,0.8284,0.08942913895845929
95,2020-05-29,2.93,2.91,2.94,2.91,439225,9.3574,0.8368,0.0894265501100733
96,2020-06-01,2.92,2.95,2.96,2.91,462291,9.1376,0.8172,0.08943267378742777
97,2020-06-02,2.95,2.98,3.02,2.95,505826,9.4516,0.8452,0.08942401286554658
98,2020-06-03,2.97,2.97,3.01,2.96,335541,9.4516,0.8452,0.08942401286554658
99,2020-06-04,2.98,2.98,3.0,2.95,307764,9.326,0.834,0.08942740724855243
100,2020-06-05,2.98,2.96,2.98,2.95,203925,9.2632,0.8284,0.08942913895845929
101,2020-06-08,2.97,2.95,2.98,2.95,216252,8.5096,0.761,0.08942841026605246
102,2020-06-09,2.95,2.96,2.97,2.94,265008,8.2584,0.7385,0.08942410152087572
103,2020-06-10,2.96,2.93,2.96,2.93,264385,8.0386,0.7189,0.08943099544696836
104,2020-06-11,2.93,2.94,2.95,2.92,365109,7.8816,0.7048,0.08942346731628095
105,2020-06-12,2.91,2.92,2.93,2.9,517019,7.8502,0.702,0.08942447326182772
106,2020-06-15,2.91,2.89,2.92,2.88,446131,7.913,0.7076,0.08942246935422722
107,2020-06-16,2.9,2.93,2.95,2.9,552584,7.913,0.7076,0.08942246935422722
108,2020-06-17,2.93,2.93,2.95,2.91,338725,7.9444,0.7105,0.08943406676400988
109,2020-06-18,2.92,2.95,2.99,2.91,479033,8.0386,0.7189,0.08943099544696836
110,2020-06-19,2.95,2.97,2.97,2.94,434355,7.9758,0.7133,0.08943303493066528
111,2020-06-22,2.96,2.94,2.97,2.94,374519,7.913,0.7076,0.08942246935422722
112,2020-06-23,2.94,2.93,2.95,2.92,256123,7.913,0.7076,0.08942246935422722
113,2020-06-24,2.93,2.93,2.94,2.92,288583,7.7874,0.6964,0.08942650948968847
114,2020-06-29,2.92,2.91,2.93,2.9,270644,7.8816,0.7048,0.08942346731628095
115,2020-06-30,2.92,2.92,2.93,2.91,250361,7.9444,0.7105,0.08943406676400988
116,2020-07-01,2.92,2.97,2.98,2.91,748609,7.913,0.7076,0.08942246935422722
117,2020-07-02,2.96,3.04,3.04,2.95,1164241,8.0072,0.7161,0.08943201118992906
118,2020-07-03,3.05,3.12,3.16,3.05,1606619,7.9758,0.7133,0.08943303493066528
119,2020-07-06,3.17,3.36,3.39,3.17,3014784,8.0072,0.7161,0.08943201118992906
120,2020-07-07,3.44,3.38,3.56,3.32,3379387,8.07,0.7217,0.08942998760842627
121,2020-07-08,3.35,3.42,3.44,3.32,2640266,8.0386,0.7189,0.08943099544696836
122,2020-07-09,3.41,3.42,3.43,3.34,2132064,8.07,0.7217,0.08942998760842627
123,2020-07-10,3.39,3.32,3.42,3.31,1741808,7.9758,0.7133,0.08943303493066528
124,2020-07-13,3.32,3.39,3.42,3.31,1781104,7.8502,0.702,0.08942447326182772
125,2020-07-14,3.39,3.36,3.42,3.33,1444959,7.913,0.7076,0.08942246935422722
126,2020-07-15,3.39,3.31,3.4,3.3,1141625,7.913,0.7076,0.08942246935422722
127,2020-07-16,3.32,3.24,3.35,3.24,1255160,7.9758,0.7133,0.08943303493066528
128,2020-07-17,3.27,3.21,3.27,3.19,957604,7.9758,0.7133,0.08943303493066528
129,2020-07-20,3.23,3.35,3.36,3.23,1201558,7.9444,0.7105,0.08943406676400988
130,2020-07-21,3.37,3.4,3.48,3.36,1627791,8.0072,0.7161,0.08943201118992906
131,2020-07-22,3.43,3.37,3.44,3.35,1085826,8.1328,0.7273,0.08942799527837891
132,2020-07-23,3.35,3.34,3.37,3.27,1031443,8.1642,0.7301,0.08942701060728547
133,2020-07-24,3.34,3.27,3.39,3.25,892127,8.1642,0.7301,0.08942701060728547
134,2020-07-27,3.28,3.24,3.3,3.22,553070,8.1328,0.7273,0.08942799527837891
135,2020-07-28,3.27,3.25,3.29,3.24,524717,8.1642,0.7301,0.08942701060728547
136,2020-07-29,3.25,3.29,3.31,3.21,657658,8.2898,0.7413,0.08942314651740693
137,2020-07-30,3.3,3.3,3.32,3.27,665819,8.1956,0.7329,0.08942603348138024
138,2020-07-31,3.3,3.28,3.33,3.24,878168,8.227,0.7357,0.08942506381427008
139,2020-08-03,3.28,3.31,3.31,3.28,926636,8.1642,0.7301,0.08942701060728547
140,2020-08-04,3.31,3.33,3.37,3.27,1197797,8.1642,0.7301,0.08942701060728547
141,2020-08-05,3.32,3.3,3.33,3.27,819718,8.1642,0.7301,0.08942701060728547
142,2020-08-06,3.31,3.29,3.32,3.26,656647,8.07,0.7217,0.08942998760842627
143,2020-08-07,3.29,3.27,3.3,3.25,681148,7.913,0.7076,0.08942246935422722
144,2020-08-10,3.28,3.35,3.4,3.27,1553596,7.8816,0.7222,0.09163114088509947
145,2020-08-11,3.36,3.31,3.39,3.3,1047618,8.0072,0.7337,0.09163003297032672
146,2020-08-12,3.3,3.36,3.39,3.29,1367169,7.9758,0.7308,0.09162717219589259
147,2020-08-13,3.36,3.36,3.4,3.34,729147,8.1014,0.7423,0.0916261386920779
148,2020-08-14,3.36,3.38,3.38,3.32,638190,8.1014,0.7423,0.0916261386920779
149,2020-08-17,3.38,3.43,3.46,3.36,1647848,8.1328,0.7452,0.09162895927601811
150,2020-08-18,3.42,3.4,3.43,3.38,935120,8.1956,0.751,0.09163453560447068
151,2020-08-19,3.39,3.37,3.43,3.36,953157,8.227,0.7538,0.09162513674486447
152,2020-08-20,3.36,3.36,3.39,3.35,758551,8.07,0.7395,0.09163568773234201
153,2020-08-21,3.37,3.37,3.39,3.35,477008,8.1328,0.7452,0.09162895927601811
154,2020-08-24,3.37,3.35,3.38,3.34,512200,8.1642,0.7481,0.09163175816369026
155,2020-08-25,3.35,3.31,3.36,3.31,441080,8.1328,0.7452,0.09162895927601811
156,2020-08-26,3.32,3.27,3.33,3.25,617251,8.1642,0.7481,0.09163175816369026
157,2020-08-27,3.27,3.27,3.29,3.25,386674,8.2584,0.7567,0.09162791824082148
158,2020-08-28,3.26,3.3,3.31,3.25,569893,8.2584,0.7567,0.09162791824082148
159,2020-08-31,3.32,3.3,3.36,3.29,1013050,8.227,0.7538,0.09162513674486447
160,2020-09-01,3.3,3.32,3.33,3.29,716454,8.1014,0.7423,0.0916261386920779
161,2020-09-02,3.32,3.31,3.35,3.29,514900,8.1956,0.751,0.09163453560447068
162,2020-09-03,3.32,3.29,3.33,3.28,538241,8.1014,0.7423,0.0916261386920779
163,2020-09-04,3.27,3.27,3.28,3.25,358962,8.5216,0.7723,0.09062852046564027
164,2020-09-07,3.28,3.26,3.3,3.25,474921,8.5866,0.7782,0.09062958563342882
165,2020-09-08,3.27,3.3,3.3,3.25,552667,8.6191,0.7811,0.09062431112297108
166,2020-09-09,3.27,3.36,3.4,3.27,1454123,8.3915,0.7605,0.09062742060418279
167,2020-09-10,3.36,3.28,3.37,3.26,857507,8.5541,0.7752,0.09062320992272711
168,2020-09-11,3.26,3.26,3.28,3.24,505382,8.489,0.7693,0.09062315938273058
169,2020-09-14,3.27,3.26,3.28,3.24,407068,8.3915,0.7605,0.09062742060418279
170,2020-09-15,3.27,3.27,3.27,3.24,333412,8.5541,0.7752,0.09062320992272711
171,2020-09-16,3.26,3.27,3.3,3.24,459442,8.489,0.7693,0.09062315938273058
172,2020-09-17,3.26,3.26,3.28,3.25,394053,8.5216,0.7723,0.09062852046564027
173,2020-09-18,3.27,3.33,3.35,3.26,949402,8.7167,0.79,0.09063062856356191
174,2020-09-21,3.34,3.31,3.36,3.29,622756,8.6191,0.7811,0.09062431112297108
175,2020-09-22,3.29,3.26,3.31,3.25,490120,8.6517,0.7841,0.0906295872487488
176,2020-09-23,3.27,3.26,3.28,3.25,437072,8.7492,0.7929,0.09062542861061583
177,2020-09-24,3.25,3.21,3.26,3.2,577103,8.9119,0.8076,0.09062040642287279
178,2020-09-25,3.21,3.19,3.21,3.18,347028,9.042,0.8194,0.09062154390621545
179,2020-09-28,3.19,3.19,3.21,3.18,196247,8.8468,0.8017,0.09062033729710177
180,2020-09-29,3.19,3.16,3.2,3.14,408431,9.1395,0.8283,0.09062859018545873
181,2020-09-30,3.16,3.13,3.17,3.1,403425,9.4648,0.8577,0.09061998140478404
182,2020-10-09,3.15,3.17,3.18,3.15,323946,9.5949,0.8695,0.09062105910431584
183,2020-10-12,3.17,3.22,3.24,3.17,657090,9.5949,0.8695,0.09062105910431584
184,2020-10-13,3.22,3.2,3.23,3.19,347895,9.725,0.8813,0.09062210796915167
185,2020-10-14,3.2,3.18,3.21,3.16,343769,8.8468,0.8017,0.09062033729710177
186,2020-10-15,3.18,3.15,3.19,3.15,487515,8.9119,0.8076,0.09062040642287279
187,2020-10-16,3.15,3.17,3.18,3.14,403772,8.8793,0.8047,0.09062651335127768
188,2020-10-19,3.17,3.16,3.21,3.14,498981,8.0662,0.731,0.09062507748382137
189,2020-10-20,3.15,3.14,3.15,3.11,445822,8.2614,0.7487,0.09062628610162926
190,2020-10-21,3.15,3.16,3.16,3.12,330250,8.3589,0.7575,0.0906219717905466
191,2020-10-22,3.16,3.13,3.16,3.12,287797,8.3915,0.7605,0.09062742060418279
192,2020-10-23,3.13,3.16,3.18,3.13,494340,8.2614,0.7487,0.09062628610162926
193,2020-10-26,3.17,3.14,3.18,3.13,381542,8.3264,0.7546,0.09062740199846273
194,2020-10-27,3.13,3.12,3.14,3.11,291888,8.3264,0.7546,0.09062740199846273
195,2020-10-28,3.12,3.11,3.13,3.08,342167,8.1963,0.7428,0.09062625818967095
196,2020-10-29,3.09,3.09,3.11,3.08,292877,8.1638,0.7398,0.09061956441853058
197,2020-10-30,3.1,3.07,3.13,3.06,455708,8.3264,0.7546,0.09062740199846273
198,2020-11-02,3.06,3.05,3.09,3.03,525650,8.0987,0.7339,0.09061948213910875
199,2020-11-03,3.06,3.09,3.1,3.05,532777,8.0662,0.731,0.09062507748382137
200,2020-11-04,3.08,3.07,3.09,3.05,392839,8.0012,0.7251,0.09062390641403788
201,2020-11-05,3.09,3.1,3.11,3.07,597298,7.9686,0.7222,0.09063072559797203
202,2020-11-06,3.1,3.11,3.12,3.07,716665,7.8711,0.7133,0.09062265757009821
203,2020-11-09,3.12,3.15,3.17,3.11,844542,7.806,0.7074,0.09062259800153728
204,2020-11-10,3.15,3.13,3.19,3.12,679134,7.8711,0.7133,0.09062265757009821
205,2020-11-11,3.13,3.18,3.22,3.12,1131463,8.7492,0.7929,0.09062542861061583
206,2020-11-12,3.17,3.13,3.18,3.13,547123,9.0094,0.8165,0.09062756676360247
207,2020-11-13,3.13,3.11,3.13,3.09,517273,9.042,0.8194,0.09062154390621545
208,2020-11-16,3.12,3.2,3.2,3.11,1157478,9.0745,0.8224,0.09062758278693041
209,2020-11-17,3.2,3.18,3.22,3.17,819329,9.0745,0.8224,0.09062758278693041
210,2020-11-18,3.19,3.19,3.22,3.16,777197,9.0745,0.8224,0.09062758278693041
211,2020-11-19,3.19,3.19,3.21,3.16,579406,9.0745,0.8224,0.09062758278693041
212,2020-11-20,3.18,3.2,3.21,3.16,635576,9.1721,0.8312,0.090622649120703
213,2020-11-23,3.2,3.33,3.4,3.2,2570739,9.1395,0.8283,0.09062859018545873
214,2020-11-24,3.32,3.34,3.37,3.3,1315242,9.0745,0.8224,0.09062758278693041
215,2020-11-25,3.34,3.24,3.34,3.24,1310106,9.1395,0.8283,0.09062859018545873
216,2020-11-26,3.25,3.23,3.26,3.21,666110,9.042,0.8194,0.09062154390621545
217,2020-11-27,3.23,3.25,3.27,3.19,1127952,9.2371,0.8371,0.09062368059239372
218,2020-11-30,3.25,3.28,3.36,3.24,1744741,9.2046,0.8342,0.09062859874410623
219,2020-12-01,3.26,3.3,3.31,3.24,1056720,9.2371,0.8371,0.09062368059239372
