,日期,开盘,收盘,最高,最低,成交量,pe,pb,roe
0,2020-01-03,11.59,11.69,11.77,11.5,279061,174.7224,6.7766,0.03878495258764761
1,2020-01-06,12.0,11.77,12.48,11.69,426835,173.7367,6.7384,0.03878512714930121
2,2020-01-07,11.76,11.69,11.85,11.56,263778,170.5111,6.6133,0.03878515826828869
3,2020-01-08,11.76,12.2,12.21,11.72,558621,171.0487,6.6342,0.03878544531469692
4,2020-01-09,11.9,12.0,12.13,11.8,325777,168.0023,6.516,0.0387851832980858
5,2020-01-10,11.95,11.71,12.04,11.7,241426,169.9735,6.5925,0.03878545773311722
6,2020-01-13,11.72,11.66,11.83,11.42,194614,174.7224,6.7766,0.03878495258764761
7,2020-01-14,11.68,11.65,11.83,11.6,175795,170.3319,6.6064,0.03878545357622383
8,2020-01-15,11.59,11.49,11.7,11.41,162385,172.3927,6.6863,0.038785284991765895
9,2020-01-16,11.46,11.63,11.77,11.46,204300,170.2423,6.6029,0.03878530776428655
10,2020-01-17,11.6,11.47,11.69,11.4,157845,170.2423,6.6029,0.03878530776428655
11,2020-01-20,11.51,12.62,12.62,11.51,922748,159.0421,6.1685,0.038785327910031364
12,2020-01-21,12.59,12.62,12.83,12.15,633680,157.7877,6.1198,0.03878502570225689
13,2020-01-22,12.64,13.3,13.64,12.44,641252,155.9061,6.0468,0.038784883978240745
14,2020-01-23,13.01,13.7,14.6,12.98,857564,157.8773,6.1233,0.03878518317706219
15,2020-02-03,12.33,12.33,12.33,12.33,59140,163.1638,6.3283,0.038784951073706296
16,2020-02-04,11.31,12.97,13.37,11.31,678815,166.1206,6.443,0.038785075421109726
17,2020-02-05,12.9,14.27,14.27,12.73,774077,159.311,6.1789,0.03878514352430152
18,2020-02-06,14.99,15.7,15.7,14.51,699642,160.8342,6.238,0.03878528322956187
19,2020-02-07,17.23,17.27,17.27,16.58,1096796,158.6837,6.1546,0.038785332078846164
20,2020-02-10,19.0,18.39,19.0,16.41,1776818,159.4006,6.1824,0.03878529942798208
21,2020-02-11,18.1,16.7,18.3,16.55,1337199,150.1716,5.8244,0.03878496333527777
22,2020-02-12,16.7,18.37,18.37,16.7,1271413,155.0997,6.0262,0.03885371796334874
23,2020-02-13,18.57,19.31,20.21,17.85,1521925,159.2214,6.1863,0.0388534455795515
24,2020-02-14,20.01,19.75,20.88,19.5,1139939,160.207,6.2246,0.038853483305972894
25,2020-02-17,19.67,20.04,21.36,19.65,1195268,162.6262,6.3186,0.03885351806781441
26,2020-02-18,19.94,21.32,21.59,19.7,1272288,164.8662,6.4057,0.03885393124849121
27,2020-02-19,20.6,19.68,20.62,19.2,1111794,170.0631,6.6076,0.038853813672689724
28,2020-02-20,19.74,19.95,20.3,19.01,857231,170.1527,6.6111,0.038853923563951676
29,2020-02-21,19.64,20.13,21.2,19.27,1085374,171.5863,6.6668,0.0388539178244417
30,2020-02-24,19.5,19.26,19.79,18.86,873002,174.0952,6.7642,0.0388534548913468
31,2020-02-25,18.5,19.69,19.94,18.49,842021,176.2456,6.8478,0.038853735923052836
32,2020-02-26,19.06,18.24,19.45,17.91,666874,171.3175,6.6563,0.03885359055554745
33,2020-02-27,18.42,17.78,18.47,17.5,435218,173.4679,6.7399,0.03885387440558167
34,2020-02-28,16.9,16.71,17.24,16.26,509304,173.9159,6.7573,0.03885383682573014
35,2020-03-02,16.99,17.22,17.49,16.56,407604,179.1128,6.9592,0.03885372793010885
36,2020-03-03,17.54,17.62,18.5,17.4,523101,181.8905,7.0671,0.03885359598219808
37,2020-03-04,17.32,17.61,17.95,17.01,351716,176.0664,6.8408,0.03885352344342816
38,2020-03-05,17.9,17.93,18.29,17.55,434844,173.7367,6.7503,0.03885362160096283
39,2020-03-06,17.5,17.88,18.32,17.34,372313,173.6471,6.7468,0.03885351382199876
40,2020-03-09,17.55,16.55,17.59,16.43,409027,169.0775,6.5693,0.0388537800712691
41,2020-03-10,16.06,17.93,18.2,16.06,552199,174.0952,6.7642,0.0388534548913468
42,2020-03-11,17.95,18.89,19.72,17.68,1140518,171.9447,6.6807,0.03885377100893485
43,2020-03-12,18.23,17.48,18.3,17.2,562720,177.7688,6.907,0.0388538371187745
44,2020-03-13,16.2,17.27,17.65,16.2,367197,180.7256,7.0219,0.03885393104242011
45,2020-03-16,17.6,15.63,17.62,15.55,458640,186.1913,7.2342,0.03885358768105706
46,2020-03-17,15.68,15.43,16.02,14.63,329531,182.4281,7.088,0.03885366344329629
47,2020-03-18,15.49,15.5,16.29,15.32,363145,178.7544,6.9453,0.038853868771901556
48,2020-03-19,15.46,15.83,15.95,15.1,331905,178.844,6.9488,0.03885397329516227
49,2020-03-20,16.14,15.77,16.17,15.4,223780,181.3528,7.0462,0.03885354954541645
50,2020-03-23,15.2,14.72,15.47,14.56,220131,179.74,6.9836,0.03885390007789028
51,2020-03-24,15.08,15.06,15.25,14.51,204896,180.188,7.001,0.03885386374231359
52,2020-03-25,15.46,15.44,15.55,15.18,201760,179.0232,6.9557,0.038853623440984184
53,2020-03-26,15.34,15.12,15.58,15.1,159149,183.0553,7.1124,0.03885383269427326
54,2020-03-27,15.34,14.98,15.49,14.95,154207,188.7898,7.3352,0.03885379400793899
55,2020-03-30,14.63,14.45,14.79,13.91,198309,195.8682,7.6102,0.03885367813662453
56,2020-03-31,14.63,14.29,14.69,14.23,123691,201.6923,7.8365,0.03885373908671774
57,2020-04-01,14.2,14.44,14.68,14.11,160951,198.9147,7.7286,0.03885384036473925
58,2020-04-02,14.45,14.94,15.18,14.35,190850,201.6923,7.8365,0.03885373908671774
59,2020-04-03,14.97,14.84,15.13,14.69,180337,206.6204,8.028,0.03885385954145864
60,2020-04-07,15.3,16.32,16.32,15.24,457945,205.4556,7.9827,0.03885365013170729
61,2020-04-08,16.02,16.88,17.2,15.98,564695,206.9788,8.0948,0.03910931940855778
62,2020-04-09,16.69,16.95,17.62,16.68,411839,201.6027,7.8845,0.039109099233294
63,2020-04-10,16.72,16.52,17.27,16.41,328025,200.0795,7.825,0.03910945399203817
64,2020-04-13,16.31,17.14,17.28,16.11,366387,204.2908,7.9897,0.039109445946660354
65,2020-04-14,17.23,17.18,17.48,16.81,353790,211.9965,8.291,0.03910913623573974
66,2020-04-15,16.98,16.79,17.34,16.71,315299,209.6668,8.1999,0.03910919611497862
67,2020-04-16,16.5,16.65,16.9,16.42,244442,211.7277,8.2805,0.03910919544301478
68,2020-04-17,16.8,16.3,16.91,16.26,237115,228.8415,8.9498,0.03910916507713854
69,2020-04-20,16.37,17.93,17.93,16.37,414628,220.9566,8.6414,0.03910903770242663
70,2020-04-21,19.0,19.08,19.57,18.6,953378,220.9566,8.6414,0.03910903770242663
71,2020-04-22,18.87,19.33,19.73,18.7,816689,208.1436,8.1403,0.039109057400756014
72,2020-04-23,19.2,18.99,19.36,18.53,560105,203.1259,7.9441,0.039109242100588845
73,2020-04-24,19.0,17.1,19.09,17.09,742752,204.6492,8.0037,0.03910936373071578
74,2020-04-27,16.94,16.34,17.0,16.08,477209,214.5949,8.3926,0.03910903754003474
75,2020-04-28,16.03,15.79,16.34,15.0,437500,225.7054,8.8272,0.03910938772399774
76,2020-04-29,15.56,16.21,16.47,15.51,334951,224.6302,8.7851,0.03910916697754799
77,2020-04-30,16.22,17.02,17.3,16.22,387758,232.9631,9.111,0.039109197980281
78,2020-05-06,17.04,17.41,17.45,16.65,445867,226.7807,8.8692,0.03910914817707151
79,2020-05-07,17.32,17.4,17.85,17.16,394698,222.7486,8.7115,0.039109112245823315
80,2020-05-08,17.51,18.61,18.75,17.38,694864,227.4079,8.8937,0.03910901951955055
81,2020-05-11,18.35,18.5,18.52,17.88,520165,206.71,8.0843,0.03910938029122926
82,2020-05-12,18.33,18.29,18.78,18.16,380017,209.5772,8.1964,0.03910921607884827
83,2020-05-13,18.1,18.19,18.5,17.94,327989,205.2764,8.0282,0.03910922054361826
84,2020-05-14,18.15,18.6,18.77,17.81,540373,199.2731,7.7934,0.03910914217724319
85,2020-05-15,18.5,18.13,18.58,18.03,398708,193.449,7.5656,0.039109015812953285
86,2020-05-18,18.07,18.34,19.25,17.87,600147,195.0618,7.6287,0.03910914387132693
87,2020-05-19,18.54,18.36,18.58,18.05,331149,210.742,8.242,0.03910943238652002
88,2020-05-20,18.25,17.48,18.49,17.45,439824,205.6348,8.0422,0.039109139114585655
89,2020-05-21,17.51,17.2,17.6,16.81,309048,205.2764,8.0282,0.03910922054361826
90,2020-05-22,17.2,17.34,17.96,17.11,353424,216.8349,8.4802,0.03910901796712614
91,2020-05-25,17.0,16.69,17.12,16.5,243969,197.1227,7.7093,0.03910914369577933
92,2020-05-26,16.73,17.2,17.22,16.73,189749,187.2665,7.3238,0.03910897037110215
93,2020-05-27,17.21,17.25,17.82,17.11,283098,202.6779,7.9266,0.03910934541950553
94,2020-05-28,17.01,16.94,17.45,16.4,257937,217.3725,8.5013,0.03910936295989603
95,2020-05-29,17.0,18.63,18.63,17.0,488880,211.9965,8.291,0.03910913623573974
96,2020-06-01,19.0,19.05,19.14,18.26,810182,214.7741,8.3996,0.0391089987107384
97,2020-06-02,18.89,19.08,20.46,18.76,867403,207.6956,8.1228,0.03910915782520188
98,2020-06-03,18.9,19.69,20.13,18.9,843396,188.7898,7.3834,0.0391091044113612
99,2020-06-04,19.5,19.32,19.78,19.09,466867,171.5863,6.7106,0.039109182959245585
100,2020-06-05,19.09,19.15,19.5,18.9,345432,170.2423,6.658,0.03910896410586558
101,2020-06-08,19.37,18.99,19.88,18.96,385454,161.1926,6.3041,0.039109115430857246
102,2020-06-09,19.07,19.11,19.54,18.94,313858,161.8198,6.3286,0.039108934753349096
103,2020-06-10,18.97,19.26,19.6,18.68,359389,159.9382,6.2551,0.03910948103705056
104,2020-06-11,19.11,19.14,19.65,18.88,415341,161.3718,6.3111,0.039109063665398784
105,2020-06-12,18.5,19.44,19.44,18.4,409801,161.1926,6.3041,0.039109115430857246
106,2020-06-15,19.61,19.0,19.77,18.93,325143,159.6694,6.2445,0.03910893383453561
107,2020-06-16,18.79,19.0,19.2,18.61,307411,162.5366,6.3567,0.03910934521824623
108,2020-06-17,18.91,18.72,19.15,18.66,329714,165.4934,6.4723,0.03910911250841423
109,2020-06-18,18.61,17.97,18.62,17.67,399321,163.8806,6.4092,0.039108961036266654
110,2020-06-19,17.91,18.3,18.31,17.8,248746,160.9238,6.2936,0.03910919329521177
111,2020-06-22,18.37,18.48,18.51,18.12,239526,167.6439,6.5564,0.03910908777474158
112,2020-06-23,18.85,18.15,19.3,18.14,466415,170.1527,6.6545,0.03910898857320512
113,2020-06-24,17.81,17.83,17.98,17.64,315335,170.1527,6.6545,0.03910898857320512
114,2020-06-29,17.79,18.0,18.14,17.52,199340,174.1848,6.7837,0.03894541888844492
115,2020-06-30,18.09,18.02,18.17,17.61,203212,171.4967,6.679,0.03894535579984921
116,2020-07-01,18.1,17.86,18.16,17.72,204847,172.5719,6.7209,0.038945506191911894
117,2020-07-02,17.79,18.07,18.08,17.66,254966,171.2279,6.6685,0.03894517190247617
118,2020-07-03,18.24,18.0,18.24,17.86,247914,170.1527,6.6267,0.03894560591750821
119,2020-07-06,18.14,19.01,19.24,18.0,549672,171.5863,6.6825,0.03894541697093533
120,2020-07-07,19.16,19.16,19.86,18.77,624893,173.1095,6.7418,0.03894529185284459
121,2020-07-08,19.38,21.08,21.08,19.38,560720,176.4248,6.8709,0.03894520498251946
122,2020-07-09,23.19,23.19,23.19,23.19,143456,170.9591,6.6581,0.03894557236204449
123,2020-07-10,24.79,23.98,25.46,23.22,1473287,170.6903,6.6476,0.03894538822651316
124,2020-07-13,23.01,23.67,23.87,22.09,861165,166.9271,6.5011,0.038945743381392235
125,2020-07-14,23.49,24.27,24.89,23.12,785740,151.7845,5.9113,0.0389453468568925
126,2020-07-15,24.69,22.63,25.01,22.61,619145,154.5621,6.0195,0.03894551122170312
127,2020-07-16,22.1,20.91,23.1,20.51,492212,154.1141,6.002,0.03894517114267935
128,2020-07-17,20.9,22.01,22.46,20.57,477543,149.5444,5.8241,0.03894562417583005
129,2020-07-20,22.52,24.21,24.21,22.52,677858,155.3685,6.0509,0.03894547479057853
130,2020-07-21,24.1,22.92,24.11,22.69,563307,154.1141,6.002,0.03894517114267935
131,2020-07-22,22.96,22.96,23.82,22.67,434899,156.6229,6.0998,0.038945773574617766
132,2020-07-23,23.18,23.53,23.86,22.59,612446,164.5078,6.4068,0.03894526581718313
133,2020-07-24,23.76,21.78,23.76,21.77,522879,164.3286,6.3999,0.038945746510345734
134,2020-07-27,21.71,21.6,22.11,20.91,287396,162.447,6.3266,0.038945625342419375
135,2020-07-28,21.64,22.25,22.37,21.51,297829,166.6583,6.4906,0.038945555066864354
136,2020-07-29,22.11,22.92,23.04,21.87,377421,162.9846,6.3475,0.038945397295204576
137,2020-07-30,23.81,23.4,24.77,23.26,664843,163.8806,6.3824,0.038945427341613346
138,2020-07-31,23.4,23.08,23.92,22.75,493045,165.7622,6.4557,0.03894554970916168
139,2020-08-03,23.21,25.39,25.39,23.12,771904,166.7479,6.4941,0.0389456179058327
140,2020-08-04,26.01,24.87,27.31,24.49,1082969,155.9061,6.0718,0.038945236908626404
141,2020-08-05,24.17,25.32,26.01,24.16,637998,155.9957,6.0753,0.03894530426159183
142,2020-08-06,25.23,26.01,26.37,24.91,706270,152.5013,5.9392,0.03894524177826681
143,2020-08-07,25.52,25.08,25.76,24.69,461231,145.2436,5.7365,0.039495716162364476
144,2020-08-10,24.91,25.2,26.69,24.78,468334,141.4803,5.5879,0.03949595809451917
145,2020-08-11,24.81,23.96,25.0,23.87,445270,146.4084,5.7825,0.03949568467383019
146,2020-08-12,23.81,22.85,23.9,22.07,353964,153.2181,6.0514,0.0394953337758398
147,2020-08-13,22.83,22.68,23.18,22.54,182637,170.1527,6.7203,0.039495700038847455
148,2020-08-14,22.77,23.24,23.55,22.71,216750,173.1991,6.8406,0.03949558629346227
149,2020-08-17,24.21,24.67,25.26,23.57,450811,170.9591,6.7521,0.03949541147561025
150,2020-08-18,24.38,24.67,25.37,24.38,391207,160.655,6.3452,0.03949581401139087
151,2020-08-19,24.5,25.55,26.67,24.24,604137,146.05,5.7683,0.03949537829510441
152,2020-08-20,24.81,23.64,24.81,23.59,395047,159.2316,5.9447,0.03733366994993456
153,2020-08-21,23.82,23.41,24.15,23.01,206767,160.5705,5.9947,0.03733375682332682
154,2020-08-24,23.51,23.67,23.84,23.03,150976,164.3002,6.1339,0.037333490768727
155,2020-08-25,23.67,22.81,23.67,22.59,248639,163.9177,6.1196,0.03733336912365169
156,2020-08-26,22.51,22.34,22.98,22.01,186399,157.9883,5.8983,0.037333777248062035
157,2020-08-27,22.35,22.51,22.69,22.01,122619,162.1006,6.0518,0.037333606414781936
158,2020-08-28,22.51,23.11,23.19,22.51,168470,161.4312,6.0268,0.03733355138288014
159,2020-08-31,23.26,22.94,23.5,22.91,162493,156.0757,5.8269,0.037333806607947294
160,2020-09-01,22.88,23.07,23.2,22.76,116780,141.9217,5.2984,0.03733326193245994
161,2020-09-02,23.15,22.52,23.2,22.27,159692,142.8781,5.3341,0.0373332232161542
162,2020-09-03,22.59,22.21,22.61,22.01,133020,138.0964,5.1556,0.03733334105740628
163,2020-09-04,21.81,22.52,22.59,21.51,130599,136.6618,5.1021,0.03733376847077969
164,2020-09-07,22.53,21.87,22.53,21.71,150130,138.192,5.1592,0.037333564895218246
165,2020-09-08,21.87,21.08,22.11,20.01,193883,143.2606,5.3484,0.037333363115888106
166,2020-09-09,20.68,20.44,20.97,20.01,174376,144.5995,5.3984,0.037333462425527056
167,2020-09-10,20.48,19.99,20.75,19.91,128238,147.6598,5.5127,0.03733379023945583
168,2020-09-11,19.9,20.12,20.14,19.48,128531,144.0257,5.377,0.03733361476458715
169,2020-09-14,20.3,20.07,20.3,19.92,83882,140.7741,5.2556,0.037333572013601934
170,2020-09-15,20.16,20.25,20.25,19.95,100770,150.8158,5.6305,0.037333621543631366
171,2020-09-16,20.25,19.97,20.25,19.92,75449,151.3896,5.6519,0.03733347601156222
172,2020-09-17,19.96,19.96,20.12,19.64,81546,148.2336,5.5341,0.037333640955896634
173,2020-09-18,20.07,20.37,20.41,19.96,128604,147.5642,5.5091,0.037333580909190714
174,2020-09-21,20.49,20.79,21.21,20.45,161986,149.4769,5.5805,0.03733352778924369
175,2020-09-22,20.52,20.18,20.66,20.16,94581,165.1609,6.166,0.03733329135406746
176,2020-09-23,20.2,19.85,20.3,19.78,112282,167.1693,6.241,0.03733340990241629
177,2020-09-24,19.82,19.2,19.82,19.13,108587,180.6537,6.7444,0.03733330676316068
178,2020-09-25,19.57,19.44,19.86,19.31,89852,171.4728,6.4017,0.03733361792657494
179,2020-09-28,19.45,18.88,19.58,18.86,80321,158.2753,5.909,0.03733368377756984
180,2020-09-29,18.94,19.39,19.5,18.88,98342,170.9947,6.3838,0.03733332085731312
181,2020-09-30,19.41,19.4,19.61,19.22,62621,171.4728,6.4017,0.03733361792657494
182,2020-10-09,19.75,19.66,19.86,19.56,68850,168.4125,6.2874,0.037333333333333336
183,2020-10-12,19.71,20.31,20.42,19.61,150378,168.5082,6.291,0.0373334947498104
184,2020-10-13,20.3,20.0,20.3,19.73,124693,164.6828,6.1482,0.03733358917871205
185,2020-10-14,20.02,19.42,20.49,19.24,186568,159.8054,5.9661,0.03733353190818333
186,2020-10-15,19.34,19.37,19.77,19.14,116771,170.0383,6.3481,0.037333353720896995
187,2020-10-16,19.22,19.13,19.36,19.01,81910,174.4375,6.5124,0.037333715514152634
188,2020-10-19,19.51,19.68,19.88,19.28,146125,188.3045,7.0301,0.03733368028910621
189,2020-10-20,19.38,19.44,19.52,19.09,84076,184.1922,6.8765,0.037333285557151714
190,2020-10-21,19.45,19.16,19.5,19.04,59676,192.5124,7.1872,0.03733369902406286
191,2020-10-22,19.02,19.0,19.16,18.88,54419,190.791,7.1229,0.037333522021479
192,2020-10-23,19.0,18.99,19.25,18.92,48070,188.2089,7.0265,0.037333516108961906
193,2020-10-26,18.98,18.41,18.98,18.06,77298,203.893,7.612,0.037333307175822616
194,2020-10-27,18.2,18.16,18.51,18.02,78727,191.6517,7.155,0.03733335003028932
195,2020-10-28,18.23,17.89,18.31,17.62,100589,188.8783,7.0515,0.03733356346388124
196,2020-10-29,17.46,17.78,17.87,17.42,82555,184.6704,6.8944,0.0373335412713678
197,2020-10-30,17.82,17.32,18.09,17.25,90583,175.6807,6.5588,0.03733363995020512
198,2020-11-02,17.13,16.77,17.51,16.7,116148,159.7098,5.9625,0.037333338342418566
199,2020-11-03,16.91,17.8,17.89,16.76,155724,175.872,6.5659,0.03733340156477438
200,2020-11-04,18.01,17.72,18.03,17.58,98640,165.1609,6.166,0.03733329135406746
201,2020-11-05,17.93,17.96,18.01,17.51,107119,150.1463,5.6055,0.03733358730784575
202,2020-11-06,18.13,17.79,18.14,17.69,74977,136.4706,5.0949,0.037333315747127956
203,2020-11-09,17.87,18.55,18.79,17.87,170626,124.0381,4.6308,0.03733369021292651
204,2020-11-10,18.57,18.22,18.61,18.11,94868,117.9175,4.4023,0.03733372909025378
205,2020-11-11,18.22,17.63,18.22,17.59,92282,131.0194,4.8914,0.03733340253428118
206,2020-11-12,17.77,17.41,17.86,17.33,59278,127.194,4.7486,0.037333522021479
207,2020-11-13,17.42,17.62,17.85,17.2,65701,120.6909,4.5058,0.037333386361357815
208,2020-11-16,17.71,17.76,17.85,17.44,58345,120.6909,4.5058,0.037333386361357815
209,2020-11-17,17.75,19.01,19.12,17.75,354295,109.6929,4.0952,0.03733331874715684
210,2020-11-18,18.95,19.01,19.11,18.63,192019,111.223,4.1523,0.037333105562698365
211,2020-11-19,18.89,19.25,19.51,18.67,240893,109.8841,4.1024,0.037333881789995096
212,2020-11-20,19.29,19.02,19.49,18.87,158082,111.4143,4.1595,0.03733362773001312
213,2020-11-23,19.02,19.51,19.96,18.52,298876,111.5099,4.1631,0.03733390488198805
214,2020-11-24,19.31,18.98,19.4,18.83,188285,111.9881,4.1809,0.03733343096275408
215,2020-11-25,19.02,18.76,19.23,18.73,118775,114.7615,4.2844,0.03733307773077208
216,2020-11-26,18.92,19.1,19.4,18.92,139109,116.6742,4.3559,0.03733387501264204
217,2020-11-27,18.99,19.04,19.21,18.66,102212,111.7968,4.1738,0.037333805618765474
218,2020-11-30,19.06,19.4,19.64,18.8,213148,112.5619,4.2023,0.03733323620159219
219,2020-12-01,19.41,19.51,19.6,19.21,139968,111.7968,4.1738,0.037333805618765474
