,日期,开盘,收盘,最高,最低,成交量,pe,pb,roe
0,2020-01-03,28.28,28.3,28.46,28.06,100350,14.0816,1.2954,0.09199238722872402
1,2020-01-06,28.21,28.31,28.5,27.89,152333,14.005,1.2883,0.09198857550874687
2,2020-01-07,28.3,28.77,28.79,28.21,118790,14.1582,1.3024,0.09198909465892556
3,2020-01-08,28.65,28.14,28.67,28.11,105847,14.0886,1.296,0.09198926791874282
4,2020-01-09,28.4,28.5,28.5,28.19,88030,14.2418,1.3101,0.09198977657318598
5,2020-01-10,28.52,28.26,28.58,28.18,83599,14.2975,1.3152,0.09198810980940723
6,2020-01-13,28.3,28.4,28.4,28.01,79347,14.5622,1.3396,0.09199159467662853
7,2020-01-14,28.55,28.31,28.55,28.26,60370,14.4995,1.3338,0.09198937894410153
8,2020-01-15,28.36,28.3,28.46,28.06,59363,14.597,1.3428,0.09199150510378845
9,2020-01-16,28.3,28.52,28.57,28.03,114506,14.4716,1.3312,0.09198706431908012
10,2020-01-17,28.77,28.36,29.04,28.3,116043,14.4229,1.3267,0.0919856616907834
11,2020-01-20,28.94,29.29,29.46,28.55,231819,14.3463,1.3197,0.0919888751803601
12,2020-01-21,29.61,30.31,30.44,29.53,426153,14.1443,1.3011,0.09198758510495393
13,2020-01-22,30.32,29.29,30.44,29.02,225482,14.1582,1.3024,0.09198909465892556
14,2020-01-23,29.66,29.04,29.83,28.43,184463,14.1861,1.305,0.09199145642565609
15,2020-02-03,29.97,32.05,32.17,29.97,895052,14.4089,1.3255,0.09199175509580884
16,2020-02-04,31.56,30.88,31.73,29.53,555974,14.3811,1.3229,0.0919887908435377
17,2020-02-05,32.55,32.28,32.57,30.97,740671,14.1931,1.3056,0.09198836054138984
18,2020-02-06,32.72,33.92,34.84,31.78,873347,14.1373,1.3005,0.09199069129183084
19,2020-02-07,34.06,32.22,34.53,31.56,701300,13.7682,1.2665,0.09198733312996615
20,2020-02-10,31.73,30.83,31.73,30.21,523210,14.012,1.2889,0.09198544105052811
21,2020-02-11,30.56,30.37,30.73,29.83,327160,13.9006,1.2787,0.09198883501431591
22,2020-02-12,30.27,30.32,30.63,29.99,264623,13.8727,1.2761,0.09198641937041815
23,2020-02-13,30.34,32.25,33.42,29.39,589104,14.2209,1.3522,0.09508540247101098
24,2020-02-14,32.12,30.78,32.12,29.73,432624,14.0468,1.3356,0.09508215394253496
25,2020-02-17,31.56,31.15,31.73,31.07,356600,14.0259,1.3336,0.09508124255840979
26,2020-02-18,34.43,32.3,34.43,31.91,848503,13.9632,1.3277,0.09508565371834538
27,2020-02-19,32.35,30.97,32.35,30.93,470495,14.012,1.3323,0.09508278618327148
28,2020-02-20,31.15,30.93,31.17,30.54,334574,14.59,1.3873,0.09508567511994517
29,2020-02-21,30.88,31.07,31.64,30.56,389392,14.8129,1.4085,0.09508603987065328
30,2020-02-24,31.3,30.8,31.47,30.73,348520,14.7084,1.3985,0.09508172200919203
31,2020-02-25,30.21,30.58,31.17,30.0,384039,14.6806,1.3959,0.09508466956391427
32,2020-02-26,30.54,29.61,30.54,29.6,347575,15.0636,1.4323,0.09508351257335564
33,2020-02-27,29.55,29.5,29.87,29.28,195808,14.6945,1.3972,0.09508319439245977
34,2020-02-28,28.97,28.63,29.61,28.63,251432,14.7014,1.3979,0.0950861822683554
35,2020-03-02,28.72,29.34,29.5,28.72,200303,14.8756,1.4144,0.0950818790502568
36,2020-03-03,29.61,29.31,29.65,29.21,226379,14.785,1.4058,0.09508285424416638
37,2020-03-04,29.12,29.17,29.26,28.85,163052,14.4438,1.3734,0.09508578075021809
38,2020-03-05,29.31,29.45,29.61,29.23,222233,14.1443,1.3449,0.09508423888067985
39,2020-03-06,29.34,29.5,29.87,29.28,201449,14.2766,1.3575,0.09508566465404927
40,2020-03-09,29.6,29.12,30.05,28.9,288952,14.1582,1.3462,0.09508270825387408
41,2020-03-10,28.57,28.74,28.97,27.76,278007,14.3393,1.3634,0.09508134985668756
42,2020-03-11,28.77,28.43,28.9,28.41,166842,14.3393,1.3634,0.09508134985668756
43,2020-03-12,28.16,27.42,28.26,27.33,239909,14.5552,1.384,0.09508629218423656
44,2020-03-13,26.23,26.49,26.77,25.86,277219,14.3463,1.3641,0.095083749817026
45,2020-03-16,26.86,26.76,27.67,26.59,267770,14.4159,1.3707,0.09508251305849791
46,2020-03-17,26.76,27.23,27.38,25.85,237749,14.4089,1.3701,0.09508706424501524
47,2020-03-18,27.48,26.61,27.59,26.56,191461,14.0816,1.3389,0.09508152482672423
48,2020-03-19,26.56,26.39,27.13,25.95,154675,14.3254,1.3621,0.09508285981543273
49,2020-03-20,27.15,29.31,29.31,26.88,573797,14.5622,1.3846,0.09508178709260963
50,2020-03-23,29.28,28.94,30.29,28.48,620724,14.5204,1.3807,0.09508691220627531
51,2020-03-24,29.19,28.36,29.19,27.81,332981,14.6666,1.3946,0.09508679584907204
52,2020-03-25,28.67,28.87,29.5,28.3,373732,14.402,1.3694,0.09508401610887376
53,2020-03-26,28.53,29.68,30.15,28.36,440278,14.5622,1.3846,0.09508178709260963
54,2020-03-27,29.68,28.84,29.7,28.77,294228,15.0288,1.429,0.09508410518471203
55,2020-03-30,29.28,30.27,30.75,28.82,629961,14.9034,1.4171,0.09508568514567146
56,2020-03-31,30.09,30.05,30.53,29.87,331707,15.4814,1.472,0.09508184014365625
57,2020-04-01,29.99,28.99,29.99,28.94,301731,15.7739,1.4999,0.09508745459271328
58,2020-04-02,28.92,28.75,28.92,27.91,266407,15.182,1.4436,0.09508628639177974
59,2020-04-03,28.75,29.07,29.45,28.7,268368,15.572,1.4806,0.09508091446185461
60,2020-04-07,29.78,30.04,30.31,29.21,426558,15.4605,1.4701,0.09508748099996765
61,2020-04-08,29.9,30.41,31.19,29.39,532533,15.1959,1.4992,0.09865819069617464
62,2020-04-09,30.43,30.63,31.0,29.95,379316,14.8059,1.4607,0.09865661661905052
63,2020-04-10,31.05,30.46,31.46,30.21,348265,14.6945,1.4497,0.09865595971281772
64,2020-04-13,30.46,31.14,31.39,30.27,348107,14.7711,1.4573,0.09865886765372923
65,2020-04-14,30.9,30.68,31.0,30.1,393933,15.1402,1.4937,0.09865787770306865
66,2020-04-15,30.68,30.63,31.22,30.56,344877,15.1193,1.4916,0.09865536102861905
67,2020-04-16,30.63,30.75,31.3,30.15,368705,15.1889,1.4985,0.09865757230609194
68,2020-04-17,30.88,30.15,31.05,30.05,322740,15.5093,1.5301,0.09865693487133527
69,2020-04-20,30.44,30.44,31.0,30.39,282288,15.9689,1.5754,0.09865425921635178
70,2020-04-21,30.29,31.05,31.73,29.95,438221,15.9063,1.5692,0.09865273507981114
71,2020-04-22,30.92,30.53,30.92,30.29,275135,15.7321,1.5521,0.09865815752506023
72,2020-04-23,30.36,30.21,30.97,30.17,255998,15.6068,1.5397,0.09865571417587206
73,2020-04-24,30.39,29.19,30.46,29.07,275394,15.948,1.5734,0.09865813895159267
74,2020-04-27,29.02,28.74,29.14,28.41,186427,16.1361,1.5919,0.09865456956761548
75,2020-04-28,28.75,28.18,29.12,27.84,211644,17.0066,1.6778,0.09865581597732645
76,2020-04-29,27.87,27.97,28.45,27.87,147129,17.5498,1.7314,0.09865639494467172
77,2020-04-30,28.08,28.35,28.4,28.03,147223,16.8046,1.6579,0.09865751044356902
78,2020-05-06,27.99,28.6,28.65,27.97,192283,16.7629,1.6538,0.09865834670611888
79,2020-05-07,28.5,28.36,28.65,28.26,132633,17.0762,1.6847,0.09865778100514166
80,2020-05-08,28.38,28.4,28.48,28.26,151066,15.7043,1.5493,0.09865450863776162
81,2020-05-11,28.41,28.18,28.46,28.09,136641,14.2766,1.4085,0.09865794376812406
82,2020-05-12,28.08,27.77,28.3,27.62,173961,14.2766,1.4085,0.09865794376812406
83,2020-05-13,27.76,27.96,28.19,27.42,138327,14.3045,1.4112,0.0986542696354294
84,2020-05-14,27.97,27.48,27.99,27.42,129854,13.8588,1.3673,0.0986593355846105
85,2020-05-15,27.65,27.42,27.72,27.37,105867,13.9981,1.381,0.09865624620484208
86,2020-05-18,27.5,27.64,27.77,27.27,106599,13.232,1.3054,0.09865477629987908
87,2020-05-19,27.86,27.67,27.94,27.62,112616,13.9423,1.3755,0.09865660615536892
88,2020-05-20,27.59,27.42,27.72,27.35,89729,13.5454,1.3363,0.09865341739631166
89,2020-05-21,27.55,27.06,27.69,27.01,167267,13.629,1.3446,0.09865727492846138
90,2020-05-22,27.1,26.47,27.11,26.3,137933,13.3574,1.3178,0.09865692425172563
91,2020-05-25,26.45,26.89,26.96,26.39,94291,13.4409,1.2871,0.09575995655052862
92,2020-05-26,26.91,27.1,27.13,26.86,77370,13.4827,1.2911,0.09575975138510832
93,2020-05-27,27.16,26.83,27.18,26.74,70352,14.214,1.3611,0.09575770367243562
94,2020-05-28,26.84,26.77,27.15,26.52,76365,14.1373,1.3538,0.09576085957007349
95,2020-05-29,26.89,27.16,27.23,26.83,97143,14.0677,1.3471,0.09575836846108461
96,2020-06-01,27.21,27.57,27.64,27.21,123672,13.6707,1.3091,0.0957595441345359
97,2020-06-02,27.65,27.6,27.69,27.42,88814,13.7891,1.3205,0.0957640455142105
98,2020-06-03,27.59,27.5,27.89,27.45,137428,13.5106,1.2938,0.09576184625405237
99,2020-06-04,27.6,27.57,27.69,27.35,87735,13.4827,1.2911,0.09575975138510832
100,2020-06-05,27.6,27.57,27.62,27.42,76611,13.5593,1.2985,0.09576453061736225
101,2020-06-08,27.6,27.59,27.81,27.54,104318,13.239,1.2678,0.09576251982778156
102,2020-06-09,27.76,28.08,28.11,27.72,171335,13.1066,1.2551,0.09576091434849618
103,2020-06-10,28.13,27.82,28.18,27.62,116021,12.9256,1.2378,0.0957634461843164
104,2020-06-11,27.72,27.37,27.79,27.33,120964,12.8002,1.2258,0.0957641286854893
105,2020-06-12,26.96,27.43,27.57,26.86,107484,12.7793,1.2238,0.09576424373791992
106,2020-06-15,27.6,27.76,28.09,27.6,168099,12.8768,1.2331,0.09576136928429424
107,2020-06-16,27.91,27.86,27.92,27.65,122679,12.7515,1.2211,0.09576128298631534
108,2020-06-17,27.96,28.74,29.16,27.87,387081,12.7863,1.2244,0.09575874177830959
109,2020-06-18,28.65,28.33,28.67,28.14,193199,12.849,1.2304,0.09575842478013853
110,2020-06-19,28.35,28.26,28.55,28.11,154570,12.8768,1.2331,0.09576136928429424
111,2020-06-22,28.26,28.11,28.31,27.94,145262,13.044,1.2491,0.0957605029132168
112,2020-06-23,28.14,28.03,28.33,27.86,125411,12.6818,1.2144,0.09575927707423235
113,2020-06-24,28.18,28.33,28.41,28.01,154171,12.64,1.2104,0.09575949367088607
114,2020-06-29,28.3,28.09,28.52,27.84,178286,12.5077,1.1978,0.09576500875460717
115,2020-06-30,28.26,28.14,28.38,28.04,166701,12.4799,1.1951,0.09576198527231788
116,2020-07-01,28.19,28.45,28.5,28.08,214795,12.6679,1.2131,0.09576172846328121
117,2020-07-02,28.45,28.89,28.99,28.4,256267,12.7724,1.2231,0.09576117252826408
118,2020-07-03,28.9,29.21,29.34,28.74,295263,12.5704,1.2038,0.09576465347164768
119,2020-07-06,29.43,29.99,30.12,29.43,402758,12.5634,1.2031,0.09576229364662432
120,2020-07-07,30.07,29.8,30.46,29.73,407160,12.5634,1.2031,0.09576229364662432
121,2020-07-08,29.78,29.87,30.02,29.36,288070,12.5356,1.2004,0.09575927757745939
122,2020-07-09,29.95,30.54,30.85,29.85,401403,12.5774,1.2044,0.09575905990109242
123,2020-07-10,30.51,30.26,30.98,30.1,318724,12.5634,1.2031,0.09576229364662432
124,2020-07-13,30.34,31.22,31.25,30.32,364196,12.3963,1.1871,0.09576244524575882
125,2020-07-14,31.49,31.39,31.88,30.68,364568,12.2361,1.1717,0.09575763519422037
126,2020-07-15,31.49,31.57,32.01,31.19,407983,12.257,1.1737,0.09575752631149548
127,2020-07-16,31.69,29.8,31.73,29.61,369010,12.3684,1.1844,0.09576016299602212
128,2020-07-17,29.78,29.7,30.07,29.46,191186,12.2849,1.1764,0.09575983524489412
129,2020-07-20,30.12,30.24,30.32,29.53,171595,12.1108,1.1597,0.09575750569739407
130,2020-07-21,30.26,30.9,31.03,30.04,250770,12.3545,1.1831,0.09576267756687847
131,2020-07-22,30.78,30.7,31.1,30.51,199153,12.5008,1.1971,0.09576187124024063
132,2020-07-23,30.59,31.66,31.96,30.21,378802,12.6052,1.2071,0.09576206644876718
133,2020-07-24,31.44,29.94,31.79,29.92,317812,12.5913,1.2058,0.09576453583029551
134,2020-07-27,29.85,31.79,31.95,29.85,463575,12.5008,1.1971,0.09576187124024063
135,2020-07-28,32.05,31.46,32.13,30.98,327491,12.5286,1.1998,0.09576488993183595
136,2020-07-29,31.3,32.54,32.71,31.2,476693,12.7236,1.2184,0.09575906190071992
137,2020-07-30,32.55,32.47,33.32,32.22,468336,12.647,1.2111,0.09576184075274768
138,2020-07-31,32.47,32.47,32.54,31.66,346862,12.8141,1.2271,0.09576170000234117
139,2020-08-03,33.87,35.93,35.93,33.87,712907,12.9047,1.2358,0.09576355901338272
140,2020-08-04,36.7,39.26,39.75,36.22,1591655,12.8908,1.2344,0.09575821516120023
141,2020-08-05,37.79,38.5,39.15,36.1,852451,12.9882,1.2438,0.09576384718436734
142,2020-08-06,38.05,38.6,40.51,37.81,760419,12.8838,1.2338,0.09576367220850991
143,2020-08-07,39.62,40.41,41.73,37.07,796797,12.7306,1.2191,0.09576139380704758
144,2020-08-10,40.67,39.1,41.22,38.64,538655,12.8141,1.2553,0.0979624007928766
145,2020-08-11,39.11,36.98,39.57,36.78,543515,13.044,1.2778,0.0979607482367372
146,2020-08-12,37.37,36.53,37.66,35.38,368521,13.232,1.2962,0.09795949214026603
147,2020-08-13,36.48,35.7,36.61,35.33,270580,13.6498,1.3372,0.09796480534513326
148,2020-08-14,35.66,36.0,36.17,35.01,228577,13.7822,1.3501,0.09795968713267839
149,2020-08-17,35.88,36.42,36.64,35.66,263468,13.9981,1.3713,0.09796329501860966
150,2020-08-18,36.41,36.58,37.19,36.27,239907,13.7473,1.3467,0.09796105417063715
151,2020-08-19,36.66,35.46,36.78,35.34,288571,13.629,1.3351,0.09796023185853694
152,2020-08-20,35.07,34.68,35.31,34.41,213949,13.8727,1.359,0.09796218472251256
153,2020-08-21,35.01,34.52,35.43,34.26,181622,13.824,1.3542,0.09796006944444445
154,2020-08-24,34.5,34.57,34.87,34.26,147721,13.8448,1.3563,0.09796457875881198
155,2020-08-25,34.65,33.67,34.65,33.53,213295,14.0329,1.3747,0.09796264492727805
156,2020-08-26,33.5,33.48,34.23,33.35,167517,13.7543,1.3474,0.09796209185491082
157,2020-08-27,33.48,33.75,33.77,32.88,146063,13.824,1.3542,0.09796006944444445
158,2020-08-28,33.99,34.7,34.87,33.75,239183,13.7334,1.3453,0.09795826233853233
159,2020-08-31,34.94,35.34,36.1,34.48,327042,13.5802,1.3303,0.09795879294855746
160,2020-09-01,35.93,35.61,35.99,35.12,205578,13.1832,1.2915,0.09796559257236484
161,2020-09-02,35.73,34.67,35.8,34.6,225052,13.0509,1.2785,0.09796259261813361
162,2020-09-03,34.72,36.1,37.02,34.46,387565,13.1484,1.288,0.09795868698853093
163,2020-09-04,35.38,35.39,35.68,34.85,198780,13.5872,1.331,0.0979598445595855
164,2020-09-07,35.21,33.99,35.56,33.99,201149,13.6777,1.3399,0.09796237671538344
165,2020-09-08,33.97,34.3,34.4,33.74,110904,13.7599,1.3048,0.09482627053975683
166,2020-09-09,33.82,33.16,34.14,33.04,160905,14.126,1.3395,0.0948251451224692
167,2020-09-10,33.59,32.77,34.03,32.77,122847,13.7745,1.3062,0.09482739845366438
168,2020-09-11,32.74,33.42,33.42,32.69,93359,13.5548,1.2854,0.09482987576356716
169,2020-09-14,33.5,33.06,33.75,32.96,112826,13.8038,1.309,0.09482896014141033
170,2020-09-15,33.08,33.16,33.28,32.74,105197,13.9649,1.3243,0.09483061103194437
171,2020-09-16,33.16,32.59,33.16,32.47,109788,12.698,1.2041,0.0948259568435974
172,2020-09-17,32.57,32.0,32.59,31.71,146248,12.7932,1.2131,0.09482381265047056
173,2020-09-18,32.0,32.79,32.84,31.88,130560,13.0642,1.2388,0.09482402290228258
174,2020-09-21,32.72,32.81,33.28,32.44,107309,12.8591,1.2194,0.0948277873257071
175,2020-09-22,32.64,32.64,33.38,32.57,132623,12.742,1.2083,0.09482812745251921
176,2020-09-23,32.83,33.15,33.75,32.55,183505,13.1447,1.2465,0.094829094616081
177,2020-09-24,32.88,32.62,33.01,32.17,140153,13.5841,1.2881,0.09482409581790477
178,2020-09-25,32.61,32.62,33.42,32.42,138194,13.7159,1.3006,0.09482425506164378
179,2020-09-28,32.69,32.18,32.81,32.06,87090,13.8843,1.3166,0.09482653068573857
180,2020-09-29,32.37,32.47,32.77,32.0,91024,14.0454,1.3319,0.09482819998006464
181,2020-09-30,32.55,32.15,32.98,32.0,86209,14.0235,1.3298,0.09482654116304774
182,2020-10-09,32.32,32.88,33.01,32.32,126761,13.9063,1.3187,0.09482752421564326
183,2020-10-12,33.13,33.7,33.72,32.98,160358,13.9649,1.3243,0.09483061103194437
184,2020-10-13,33.69,33.92,34.24,33.5,167621,13.9795,1.3256,0.09482456454093494
185,2020-10-14,33.82,33.5,34.11,33.42,122452,13.672,1.2965,0.09482884727911059
186,2020-10-15,33.62,33.48,33.89,33.1,131903,14.0454,1.3319,0.09482819998006464
187,2020-10-16,33.32,34.38,34.4,33.26,198560,14.0967,1.3368,0.09483070505863074
188,2020-10-19,34.36,33.45,34.36,33.3,177322,14.5141,1.3763,0.09482503221005782
189,2020-10-20,33.47,33.52,33.7,33.03,96368,14.6093,1.3854,0.0948300055444135
190,2020-10-21,33.48,33.77,34.19,33.37,144073,14.7265,1.3965,0.09482904967235936
191,2020-10-22,33.74,33.23,33.74,33.1,98493,14.6679,1.3909,0.09482611689471568
192,2020-10-23,33.04,31.83,33.45,31.71,206139,14.6825,1.3923,0.09482717520858165
193,2020-10-26,31.68,31.71,32.01,31.32,91441,15.2611,1.4472,0.09482933733479237
194,2020-10-27,31.57,31.86,32.01,31.52,73445,14.7631,1.3999,0.09482425777783798
195,2020-10-28,32.03,31.91,32.03,31.59,77385,14.602,1.3847,0.0948294754143268
196,2020-10-29,31.64,32.34,32.5,31.59,107866,15.2391,1.4451,0.09482843475008366
197,2020-10-30,32.34,31.49,32.4,31.39,142474,14.4043,1.3659,0.09482585061405274
198,2020-11-02,31.51,31.56,31.71,31.32,94485,14.4262,1.368,0.09482746669254552
199,2020-11-03,31.57,31.83,31.93,31.41,94740,14.624,1.3867,0.09482357768052517
200,2020-11-04,31.83,31.24,31.88,30.85,166491,15.2244,1.4437,0.09482803920023121
201,2020-11-05,31.37,32.13,32.22,31.37,157358,15.9641,1.5138,0.0948252641865185
202,2020-11-06,32.13,32.27,32.27,31.76,122396,15.2537,1.4465,0.09482945121511502
203,2020-11-09,32.3,32.72,32.72,32.1,147887,14.6459,1.3888,0.09482517291528687
204,2020-11-10,33.33,32.79,34.24,32.74,180363,15.1512,1.4367,0.09482417234278474
205,2020-11-11,32.69,32.25,32.72,32.1,118725,13.8477,1.3131,0.0948244112740744
206,2020-11-12,32.44,32.18,32.62,32.12,78906,13.9576,1.3236,0.09483005674327966
207,2020-11-13,32.22,32.15,32.45,31.83,99854,14.397,1.3652,0.09482531082864486
208,2020-11-16,32.22,32.64,32.84,32.22,90428,13.9576,1.3236,0.09483005674327966
209,2020-11-17,32.83,32.83,32.84,32.25,109888,13.5548,1.2854,0.09482987576356716
210,2020-11-18,32.64,32.94,33.25,32.54,119079,13.6207,1.2916,0.09482625709398196
211,2020-11-19,32.94,33.25,33.28,32.83,95853,13.5255,1.2826,0.09482828730915678
212,2020-11-20,33.28,33.01,33.3,32.84,80492,13.5328,1.2833,0.09482886025065028
213,2020-11-23,33.06,33.16,33.48,32.98,167981,13.5695,1.2868,0.09483031799255684
214,2020-11-24,33.03,32.52,33.04,32.5,136471,13.5109,1.2812,0.0948271395687926
215,2020-11-25,32.59,32.39,32.84,32.05,143890,13.6134,1.2909,0.09482568645599189
216,2020-11-26,32.28,32.01,32.37,31.9,95969,13.4596,1.2763,0.0948245118725668
217,2020-11-27,32.1,32.18,32.22,31.76,78211,13.7306,1.302,0.09482469811952864
218,2020-11-30,32.18,31.81,32.28,31.81,130324,13.5328,1.2833,0.09482886025065028
219,2020-12-01,32.0,32.0,32.1,31.86,127622,13.5255,1.2826,0.09482828730915678
