,日期,开盘,收盘,最高,最低,成交量,pe,pb,roe
0,2020-01-03,4.0,3.98,4.02,3.96,622827,81.8129,1.3953,0.01705476764666697
1,2020-01-06,3.96,4.01,4.04,3.95,938189,82.6131,1.4089,0.017054196005234036
2,2020-01-07,4.01,3.99,4.05,3.97,782968,81.4129,1.3884,0.017053808425937414
3,2020-01-08,3.97,3.9,3.98,3.89,807582,81.4129,1.3884,0.017053808425937414
4,2020-01-09,3.93,3.92,3.95,3.89,559054,81.6129,1.3919,0.017054901859877545
5,2020-01-10,3.93,3.9,3.95,3.88,473823,82.413,1.4055,0.01705434822176113
6,2020-01-13,3.9,3.9,3.91,3.85,557019,77.4122,1.3202,0.017054159421899907
7,2020-01-14,3.9,3.94,3.96,3.89,772415,72.4115,1.2349,0.017053920993212405
8,2020-01-15,3.93,3.88,3.94,3.86,529189,67.6107,1.1531,0.01705499277481227
9,2020-01-16,3.89,3.87,3.9,3.86,418720,69.2109,1.1803,0.017053672181693923
10,2020-01-17,3.89,3.85,3.91,3.84,511093,67.0106,1.1428,0.017054018319489755
11,2020-01-20,3.85,3.84,3.85,3.8,457060,69.0109,1.1769,0.01705382772866315
12,2020-01-21,3.83,3.77,3.84,3.75,676547,66.2105,1.1292,0.01705469676259808
13,2020-01-22,3.76,3.76,3.77,3.71,475926,65.6104,1.1189,0.01705369880384817
14,2020-01-23,3.74,3.68,3.74,3.67,733096,66.6105,1.136,0.01705436830529721
15,2020-02-03,3.35,3.35,3.38,3.35,973562,65.6104,1.1189,0.01705369880384817
16,2020-02-04,3.29,3.36,3.39,3.29,1000479,65.8104,1.1224,0.017055055128064867
17,2020-02-05,3.36,3.41,3.44,3.36,690251,61.4097,1.0473,0.01705430900981441
18,2020-02-06,3.43,3.44,3.47,3.38,648657,60.6096,1.0337,0.017055053984847284
19,2020-02-07,3.42,3.42,3.43,3.37,690165,60.0095,1.0234,0.017053966455311244
20,2020-02-10,3.4,3.45,3.45,3.39,572157,60.4096,1.0302,0.01705358088780591
21,2020-02-11,3.44,3.46,3.5,3.42,624738,58.0092,0.9893,0.017054191404122104
22,2020-02-12,3.44,3.49,3.5,3.43,607701,57.4091,0.9791,0.01705478748142716
23,2020-02-13,3.48,3.45,3.5,3.45,562956,58.6093,0.9995,0.017053607533275436
24,2020-02-14,3.44,3.49,3.52,3.43,640217,59.0093,1.0064,0.01705493879778272
25,2020-02-17,3.49,3.55,3.56,3.48,658499,58.6093,1.0137,0.017295889901432028
26,2020-02-18,3.56,3.55,3.58,3.53,600330,58.6093,1.0137,0.017295889901432028
27,2020-02-19,3.54,3.56,3.65,3.53,711666,59.0093,1.0206,0.017295578832489115
28,2020-02-20,3.58,3.61,3.62,3.55,638006,59.2094,1.0241,0.01729624012403436
29,2020-02-21,3.6,3.61,3.65,3.59,681303,59.4094,1.0276,0.01729692607567153
30,2020-02-24,3.59,3.55,3.6,3.52,751474,59.8095,1.0345,0.01729658331870355
31,2020-02-25,3.48,3.49,3.5,3.44,835126,59.8095,1.0345,0.01729658331870355
32,2020-02-26,3.45,3.57,3.63,3.45,1193224,59.8095,1.0345,0.01729658331870355
33,2020-02-27,3.56,3.53,3.6,3.53,654415,59.4094,1.0276,0.01729692607567153
34,2020-02-28,3.47,3.44,3.5,3.42,870419,59.4094,1.0276,0.01729692607567153
35,2020-03-02,3.45,3.55,3.58,3.45,847783,60.4096,1.0449,0.017296919694882933
36,2020-03-03,3.58,3.55,3.6,3.53,785914,60.8096,1.0518,0.017296611061411355
37,2020-03-04,3.53,3.57,3.58,3.52,659722,59.8095,1.0345,0.01729658331870355
38,2020-03-05,3.59,3.62,3.66,3.56,1145115,58.2092,1.0068,0.01729623495942222
39,2020-03-06,3.58,3.56,3.59,3.54,835832,58.8093,1.0172,0.017296584043680167
40,2020-03-09,3.49,3.48,3.51,3.46,809142,58.8093,1.0172,0.017296584043680167
41,2020-03-10,3.45,3.51,3.52,3.44,673312,59.0093,1.0206,0.017295578832489115
42,2020-03-11,3.51,3.48,3.53,3.47,536036,59.2094,1.0241,0.01729624012403436
43,2020-03-12,3.45,3.46,3.49,3.44,534887,60.4096,1.0449,0.017296919694882933
44,2020-03-13,3.38,3.43,3.46,3.33,608671,61.0097,1.0552,0.01729561037015425
45,2020-03-16,3.47,3.39,3.47,3.37,579328,62.2098,1.076,0.01729631022764902
46,2020-03-17,3.39,3.39,3.42,3.33,547815,62.2098,1.076,0.01729631022764902
47,2020-03-18,3.38,3.35,3.41,3.34,428332,60.4096,1.0449,0.017296919694882933
48,2020-03-19,3.33,3.33,3.36,3.29,617192,61.0097,1.0552,0.01729561037015425
49,2020-03-20,3.35,3.34,3.37,3.3,476846,61.0097,1.0552,0.01729561037015425
50,2020-03-23,3.29,3.28,3.31,3.27,559957,61.2097,1.0587,0.017296278204271546
51,2020-03-24,3.32,3.32,3.33,3.29,379085,61.0097,1.0552,0.01729561037015425
52,2020-03-25,3.36,3.35,3.37,3.33,398388,60.8096,1.0518,0.017296611061411355
53,2020-03-26,3.34,3.3,3.34,3.3,289396,62.8099,1.0864,0.0172966363582811
54,2020-03-27,3.33,3.3,3.34,3.3,422942,62.4099,1.0794,0.01729533295198358
55,2020-03-30,3.27,3.26,3.29,3.25,434160,61.2097,1.0587,0.017296278204271546
56,2020-03-31,3.28,3.26,3.29,3.24,324672,61.2097,1.0587,0.017296278204271546
57,2020-04-01,3.25,3.26,3.29,3.25,269974,61.6097,1.0656,0.017295977743764377
58,2020-04-02,3.25,3.3,3.3,3.24,330974,62.2098,1.076,0.01729631022764902
59,2020-04-03,3.31,3.27,3.31,3.26,263731,63.41,1.0967,0.01729537927771645
60,2020-04-07,3.3,3.32,3.32,3.29,461787,63.21,1.0933,0.017296313874386963
61,2020-04-08,3.31,3.32,3.34,3.29,367453,64.0101,1.1071,0.017295708021077924
62,2020-04-09,3.34,3.31,3.35,3.31,230668,63.6101,1.1023,0.01732900907245862
63,2020-04-10,3.32,3.28,3.32,3.27,293273,63.8101,1.1058,0.017329545009332377
64,2020-04-13,3.27,3.28,3.29,3.26,261296,64.4102,1.1162,0.017329553393717143
65,2020-04-14,3.28,3.32,3.32,3.27,333674,65.4103,1.1335,0.017329075084505038
66,2020-04-15,3.33,3.29,3.33,3.29,345300,65.8104,1.1404,0.017328568129049513
67,2020-04-16,3.28,3.29,3.3,3.26,250474,65.2103,1.13,0.017328550857763265
68,2020-04-17,3.3,3.29,3.31,3.28,330435,66.2105,1.1474,0.017329577634967265
69,2020-04-20,3.29,3.28,3.3,3.27,184689,66.6105,1.1543,0.01732909976655332
70,2020-04-21,3.27,3.26,3.28,3.25,271818,66.2105,1.1474,0.017329577634967265
71,2020-04-22,3.24,3.27,3.28,3.24,234099,65.0103,1.1266,0.017329561623312
72,2020-04-23,3.27,3.26,3.28,3.25,294897,64.4102,1.1162,0.017329553393717143
73,2020-04-24,3.25,3.24,3.26,3.23,333392,64.6102,1.1196,0.01732853326564536
74,2020-04-27,3.24,3.23,3.25,3.22,237825,65.6104,1.137,0.01732956970236426
75,2020-04-28,3.22,3.15,3.23,3.12,457119,67.2106,1.1647,0.017329111777011366
76,2020-04-29,3.15,3.18,3.2,3.13,270353,67.4107,1.1681,0.01732810963244707
77,2020-04-30,3.19,3.23,3.24,3.18,328651,69.611,1.2063,0.01732915774805706
78,2020-05-06,3.19,3.24,3.25,3.19,339866,68.6109,1.1889,0.017328150483378005
79,2020-05-07,3.23,3.21,3.24,3.2,204997,68.0108,1.1785,0.01732813023813865
80,2020-05-08,3.21,3.22,3.23,3.21,221087,67.4107,1.1681,0.01732810963244707
81,2020-05-11,3.23,3.21,3.24,3.2,266665,65.8104,1.1404,0.017328568129049513
82,2020-05-12,3.21,3.17,3.21,3.17,244336,66.0104,1.1439,0.017329087537721326
83,2020-05-13,3.17,3.17,3.18,3.16,125499,65.8104,1.1404,0.017328568129049513
84,2020-05-14,3.17,3.14,3.17,3.14,212266,65.4103,1.1335,0.017329075084505038
85,2020-05-15,3.15,3.14,3.16,3.14,186396,65.2103,1.13,0.017328550857763265
86,2020-05-18,3.15,3.18,3.2,3.13,354961,64.6102,1.1196,0.01732853326564536
87,2020-05-19,3.2,3.22,3.24,3.2,406660,67.8107,1.1751,0.017329123574893048
88,2020-05-20,3.21,3.18,3.21,3.16,250612,68.0108,1.1785,0.01732813023813865
89,2020-05-21,3.19,3.19,3.22,3.18,247529,68.6109,1.1889,0.017328150483378005
90,2020-05-22,3.17,3.14,3.18,3.14,306799,69.411,1.2028,0.01732866548529772
91,2020-05-25,3.14,3.14,3.16,3.13,171611,63.01,1.0919,0.017328995397555946
92,2020-05-26,3.14,3.16,3.16,3.14,190282,64.4102,1.1162,0.017329553393717143
93,2020-05-27,3.15,3.16,3.16,3.12,269390,67.4107,1.1681,0.01732810963244707
94,2020-05-28,3.16,3.19,3.2,3.14,508571,68.4108,1.1855,0.01732913516579254
95,2020-05-29,3.18,3.18,3.18,3.15,349585,69.2109,1.1993,0.01732819541430613
96,2020-06-01,3.17,3.22,3.22,3.17,399659,67.4107,1.1681,0.01732810963244707
97,2020-06-02,3.21,3.21,3.22,3.19,304393,71.4113,1.2375,0.017329190198189924
98,2020-06-03,3.21,3.2,3.24,3.2,444985,68.2108,1.182,0.017328634175233244
99,2020-06-04,3.22,3.2,3.22,3.19,315547,65.6104,1.137,0.01732956970236426
100,2020-06-05,3.2,3.2,3.21,3.18,311095,65.8104,1.1404,0.017328568129049513
101,2020-06-08,3.22,3.23,3.27,3.21,581434,59.8095,1.0364,0.017328350847273428
102,2020-06-09,3.25,3.24,3.26,3.22,399578,57.6091,0.9983,0.017328859503099335
103,2020-06-10,3.23,3.2,3.25,3.19,381972,56.2089,0.974,0.01732821670589533
104,2020-06-11,3.2,3.18,3.22,3.17,391579,55.2087,0.9567,0.0173287905710513
105,2020-06-12,3.15,3.16,3.16,3.13,784283,55.0087,0.9532,0.01732816808977489
106,2020-06-15,3.15,3.13,3.15,3.13,439844,55.4088,0.9602,0.017329377283030856
107,2020-06-16,3.14,3.18,3.18,3.13,500641,55.6088,0.9636,0.017328192660154507
108,2020-06-17,3.17,3.17,3.19,3.15,456784,56.4089,0.9775,0.017328825770401478
109,2020-06-18,3.16,3.21,3.23,3.15,725711,56.4089,0.9775,0.017328825770401478
110,2020-06-19,3.21,3.2,3.22,3.18,493980,56.609,0.981,0.017329399918740836
111,2020-06-22,3.19,3.2,3.22,3.19,429090,55.8088,0.9671,0.017328808359971904
112,2020-06-23,3.19,3.16,3.2,3.16,359647,56.0089,0.9706,0.01732938872214952
113,2020-06-24,3.17,3.15,3.18,3.14,400430,55.0087,0.9532,0.01732816808977489
114,2020-06-29,3.15,3.13,3.15,3.12,377661,55.6088,0.9636,0.017328192660154507
115,2020-06-30,3.14,3.14,3.15,3.13,462842,56.0089,0.9706,0.01732938872214952
116,2020-07-01,3.14,3.19,3.19,3.12,631462,56.4089,0.9775,0.017328825770401478
117,2020-07-02,3.17,3.26,3.26,3.17,1209470,57.2091,0.9914,0.017329410880436852
118,2020-07-03,3.26,3.37,3.4,3.25,1568125,57.009,0.9879,0.01732884281429248
119,2020-07-06,3.41,3.67,3.67,3.41,2771259,56.4089,0.9775,0.017328825770401478
120,2020-07-07,3.8,3.66,3.86,3.64,3062419,56.4089,0.9775,0.017328825770401478
121,2020-07-08,3.63,3.79,3.83,3.6,2642281,56.4089,0.9775,0.017328825770401478
122,2020-07-09,3.79,3.95,3.99,3.76,2921431,56.609,0.981,0.017329399918740836
123,2020-07-10,3.88,3.75,3.89,3.73,1884367,56.809,0.9844,0.01732824024362337
124,2020-07-13,3.78,3.84,3.89,3.76,1706812,56.0089,0.9706,0.01732938872214952
125,2020-07-14,3.8,3.8,3.92,3.75,1541917,56.2089,0.974,0.01732821670589533
126,2020-07-15,3.88,3.75,3.89,3.74,1312178,55.6088,0.9636,0.017328192660154507
127,2020-07-16,3.74,3.6,3.81,3.57,1329676,55.6088,0.9636,0.017328192660154507
128,2020-07-17,3.59,3.53,3.62,3.48,1364164,55.2087,0.9567,0.0173287905710513
129,2020-07-20,3.54,3.85,3.85,3.54,2059160,55.2087,0.9567,0.0173287905710513
130,2020-07-21,3.95,3.81,3.95,3.77,1867859,56.2089,0.974,0.01732821670589533
131,2020-07-22,3.9,3.78,3.93,3.76,1574328,56.0089,0.9706,0.01732938872214952
132,2020-07-23,3.76,3.77,3.8,3.67,1330962,56.809,0.9844,0.01732824024362337
133,2020-07-24,3.74,3.61,3.78,3.59,1444893,56.0089,0.9706,0.01732938872214952
134,2020-07-27,3.63,3.64,3.73,3.61,1201059,55.2087,0.9567,0.0173287905710513
135,2020-07-28,3.72,3.65,3.81,3.61,1758608,55.2087,0.9567,0.0173287905710513
136,2020-07-29,3.64,3.67,3.69,3.57,1530676,55.8088,0.9671,0.017328808359971904
137,2020-07-30,3.7,3.68,3.76,3.64,1456195,55.8088,0.9671,0.017328808359971904
138,2020-07-31,3.66,3.67,3.72,3.62,1286013,56.609,0.981,0.017329399918740836
139,2020-08-03,3.68,3.75,3.75,3.65,1531587,56.809,0.9844,0.01732824024362337
140,2020-08-04,3.75,3.78,3.82,3.73,1750737,56.609,0.981,0.017329399918740836
141,2020-08-05,3.8,3.81,3.83,3.72,1526788,57.2091,0.9914,0.017329410880436852
142,2020-08-06,3.8,3.86,3.91,3.78,1891209,57.009,0.9879,0.01732884281429248
143,2020-08-07,3.84,3.75,3.84,3.71,1457972,56.0089,0.9706,0.01732938872214952
144,2020-08-10,3.71,3.74,3.84,3.66,1061064,55.4088,0.9589,0.017305915305871993
145,2020-08-11,3.75,3.66,3.79,3.65,1097442,57.009,0.9866,0.01730603939728815
146,2020-08-12,3.63,3.61,3.65,3.56,1005849,57.2091,0.9901,0.017306687222836927
147,2020-08-13,3.62,3.6,3.63,3.59,620450,57.6091,0.997,0.017306293623750416
148,2020-08-14,3.61,3.63,3.64,3.56,698446,57.8091,1.0005,0.01730696378251867
149,2020-08-17,3.63,3.69,3.71,3.62,975036,57.6091,0.997,0.017306293623750416
150,2020-08-18,3.7,3.71,3.75,3.68,818176,58.0092,1.0039,0.017305875619729284
151,2020-08-19,3.73,3.69,3.74,3.68,762070,58.2092,1.0074,0.01730654260838493
152,2020-08-20,3.68,3.64,3.68,3.63,607120,58.2092,1.0074,0.01730654260838493
153,2020-08-21,3.65,3.67,3.72,3.64,651418,58.2092,1.0074,0.01730654260838493
154,2020-08-24,3.67,3.65,3.67,3.64,444528,58.8093,1.0178,0.01730678651165717
155,2020-08-25,3.66,3.6,3.66,3.59,551820,58.0092,1.0039,0.017305875619729284
156,2020-08-26,3.59,3.57,3.64,3.56,635254,58.0092,1.0039,0.017305875619729284
157,2020-08-27,3.56,3.56,3.59,3.54,537553,58.6093,1.0143,0.01730612718459357
158,2020-08-28,3.54,3.58,3.58,3.49,804092,58.8093,1.0178,0.01730678651165717
159,2020-08-31,3.58,3.54,3.62,3.53,811215,58.8093,1.0178,0.01730678651165717
160,2020-09-01,3.54,3.55,3.56,3.53,495801,57.8091,1.0005,0.01730696378251867
161,2020-09-02,3.54,3.49,3.55,3.47,726941,58.4092,1.0109,0.017307205029344692
162,2020-09-03,3.49,3.46,3.52,3.44,574711,57.6091,0.997,0.017306293623750416
163,2020-09-04,3.41,3.44,3.45,3.4,453021,57.6091,0.997,0.017306293623750416
164,2020-09-07,3.45,3.44,3.51,3.43,596960,57.6091,0.997,0.017306293623750416
165,2020-09-08,3.44,3.5,3.51,3.43,491828,58.4092,1.0109,0.017307205029344692
166,2020-09-09,3.47,3.52,3.54,3.46,834144,57.1185,1.0114,0.017707047629051887
167,2020-09-10,3.53,3.42,3.54,3.42,741057,58.0965,1.0287,0.017706746533784307
168,2020-09-11,3.43,3.43,3.44,3.4,402874,57.5097,1.0183,0.017706578194634993
169,2020-09-14,3.44,3.44,3.47,3.43,328438,56.7272,1.0045,0.017707554753275324
170,2020-09-15,3.44,3.43,3.45,3.41,322207,57.9009,1.0252,0.017706115103564884
171,2020-09-16,3.42,3.43,3.45,3.41,327412,57.7053,1.0218,0.017707212335781982
172,2020-09-17,3.43,3.4,3.43,3.38,366442,58.0965,1.0287,0.017706746533784307
173,2020-09-18,3.4,3.49,3.5,3.4,674863,58.879,1.0426,0.01770750182577829
174,2020-09-21,3.5,3.49,3.53,3.48,430632,58.879,1.0426,0.01770750182577829
175,2020-09-22,3.45,3.43,3.47,3.41,459500,59.6614,1.0564,0.017706590861092768
176,2020-09-23,3.43,3.4,3.44,3.4,420288,60.2482,1.0668,0.017706753064821855
177,2020-09-24,3.38,3.34,3.38,3.33,547203,60.6395,1.0737,0.017706280559701186
178,2020-09-25,3.35,3.33,3.36,3.31,341386,61.2263,1.0841,0.017706443146164312
179,2020-09-28,3.33,3.32,3.35,3.31,266372,60.6395,1.0737,0.017706280559701186
180,2020-09-29,3.33,3.32,3.35,3.31,310321,62.2044,1.1014,0.017706142973808927
181,2020-09-30,3.32,3.29,3.33,3.26,450295,63.378,1.1222,0.017706459654769795
182,2020-10-09,3.33,3.37,3.39,3.33,457520,62.4,1.1049,0.01770673076923077
183,2020-10-12,3.38,3.42,3.43,3.37,513703,62.0087,1.098,0.017707192700379144
184,2020-10-13,3.42,3.4,3.42,3.39,282505,62.0087,1.098,0.017707192700379144
185,2020-10-14,3.4,3.35,3.4,3.35,397151,59.857,1.0599,0.0177072021651603
186,2020-10-15,3.35,3.35,3.39,3.34,300448,61.6175,1.0911,0.01770763176045766
187,2020-10-16,3.35,3.37,3.4,3.35,346773,62.4,1.1049,0.01770673076923077
188,2020-10-19,3.4,3.37,3.44,3.36,426659,60.8351,1.0772,0.01770688303298589
189,2020-10-20,3.36,3.37,3.38,3.34,262953,62.0087,1.098,0.017707192700379144
190,2020-10-21,3.37,3.35,3.37,3.33,240748,63.1824,1.1188,0.017707462837752284
191,2020-10-22,3.34,3.34,3.35,3.32,252999,63.1824,1.1188,0.017707462837752284
192,2020-10-23,3.33,3.33,3.36,3.31,272316,62.2044,1.1014,0.017706142973808927
193,2020-10-26,3.33,3.31,3.34,3.29,309797,62.0087,1.098,0.017707192700379144
194,2020-10-27,3.3,3.31,3.32,3.29,223768,62.0087,1.098,0.017707192700379144
195,2020-10-28,3.31,3.33,3.35,3.29,383351,60.8351,1.0772,0.01770688303298589
196,2020-10-29,3.29,3.31,3.32,3.28,347473,60.0526,1.0633,0.01770614428018104
197,2020-10-30,3.31,3.25,3.33,3.23,489060,60.8351,1.0772,0.01770688303298589
198,2020-11-02,3.25,3.28,3.31,3.25,415514,60.2482,1.0668,0.017706753064821855
199,2020-11-03,3.3,3.4,3.41,3.3,846935,60.0526,1.0633,0.01770614428018104
200,2020-11-04,3.41,3.38,3.43,3.37,499825,59.4658,1.053,0.01770765717437586
201,2020-11-05,3.4,3.41,3.42,3.38,478043,59.857,1.0599,0.0177072021651603
202,2020-11-06,3.41,3.45,3.46,3.4,744988,59.2702,1.0495,0.017707043337123883
203,2020-11-09,3.47,3.67,3.76,3.47,2513501,58.2921,1.0322,0.01770737372645693
204,2020-11-10,3.67,3.66,3.78,3.66,2143198,58.0965,1.0287,0.017706746533784307
205,2020-11-11,3.66,3.71,3.76,3.65,1671688,64.5517,1.143,0.017706737390339837
206,2020-11-12,3.69,3.66,3.73,3.64,1054041,66.1166,1.1707,0.01770659713294392
207,2020-11-13,3.67,3.69,3.74,3.62,1294355,66.3122,1.1742,0.0177071489107585
208,2020-11-16,3.68,3.83,3.9,3.67,2673617,67.6815,1.1984,0.017706463361479872
209,2020-11-17,3.8,3.73,3.84,3.7,1794540,67.8771,1.2019,0.0177070028035965
210,2020-11-18,3.73,3.84,3.9,3.73,2219530,68.2683,1.2088,0.017706607605579752
211,2020-11-19,3.83,3.76,3.9,3.71,1827855,68.4639,1.2123,0.017707142012067675
212,2020-11-20,3.75,4.0,4.05,3.72,3204644,69.6376,1.2331,0.01770738796282468
213,2020-11-23,3.99,4.25,4.36,3.97,5385631,68.8551,1.2192,0.017706749391112643
214,2020-11-24,4.23,4.5,4.51,4.14,5263214,68.8551,1.2192,0.017706749391112643
215,2020-11-25,4.51,4.46,4.7,4.45,4966138,69.2464,1.2261,0.017706335636220802
216,2020-11-26,4.43,4.45,4.49,4.35,3277165,68.8551,1.2192,0.017706749391112643
217,2020-11-27,4.47,4.45,4.47,4.26,3038757,70.6156,1.2504,0.0177071355337914
218,2020-11-30,4.45,4.51,4.67,4.42,3992805,71.0069,1.2573,0.01770672990934684
219,2020-12-01,4.44,4.47,4.52,4.38,2362193,70.42,1.2469,0.017706617438227774
