,日期,开盘,收盘,最高,最低,成交量,pe,pb,roe
0,2020-01-03,9.8,9.83,9.91,9.73,3465999,5.521,0.8264,0.1496830284368774
1,2020-01-06,9.79,9.98,10.14,9.79,3612816,5.4408,0.8144,0.14968387001911482
2,2020-01-07,10.01,9.88,10.07,9.84,2051067,5.511,0.8249,0.14968245327526764
3,2020-01-08,9.86,9.76,9.95,9.73,2002586,5.4108,0.8099,0.1496821172469875
4,2020-01-09,9.86,9.84,9.9,9.74,1669357,5.3807,0.8054,0.14968312673072276
5,2020-01-10,9.87,9.72,9.88,9.65,1861202,5.4509,0.8159,0.1496817039387991
6,2020-01-13,9.73,9.79,9.83,9.65,1548821,5.4308,0.8129,0.14968328791338292
7,2020-01-14,9.81,9.79,9.88,9.79,1394724,5.3406,0.7994,0.14968355615473916
8,2020-01-15,9.79,9.62,9.8,9.59,1513675,5.3206,0.7964,0.1496823666503778
9,2020-01-16,9.65,9.58,9.66,9.52,1236966,5.3206,0.7964,0.1496823666503778
10,2020-01-17,9.58,9.58,9.65,9.52,943103,5.3306,0.7979,0.14968296251829064
11,2020-01-20,9.58,9.6,9.62,9.52,1281669,5.3006,0.7934,0.14968116816964117
12,2020-01-21,9.55,9.37,9.56,9.37,1889220,5.2605,0.7874,0.14968158920254726
13,2020-01-22,9.34,9.38,9.42,9.25,1520553,5.3206,0.7964,0.1496823666503778
14,2020-01-23,9.3,9.11,9.34,9.03,2411726,5.3807,0.8054,0.14968312673072276
15,2020-02-03,8.36,8.46,8.58,8.36,4546399,5.2805,0.7904,0.14968279518984945
16,2020-02-04,8.46,8.75,8.76,8.46,2927232,5.3206,0.7964,0.1496823666503778
17,2020-02-05,8.78,8.74,8.88,8.69,1700362,5.3807,0.8054,0.14968312673072276
18,2020-02-06,8.76,8.9,8.97,8.68,2054075,5.2805,0.7904,0.14968279518984945
19,2020-02-07,8.82,8.83,8.88,8.78,1310475,5.2404,0.7844,0.14968323028776429
20,2020-02-10,8.78,8.93,8.97,8.74,1485121,5.1703,0.7739,0.14968183664390847
21,2020-02-11,8.95,8.99,9.09,8.9,1456550,5.1102,0.7649,0.14968103009666942
22,2020-02-12,9.0,9.02,9.06,8.96,1017795,5.1202,0.7664,0.14968165306042733
23,2020-02-13,9.06,9.03,9.21,8.99,1765488,5.1302,0.7679,0.14968227359557132
24,2020-02-14,8.97,9.16,9.16,8.97,1919520,5.1603,0.8071,0.15640563533127919
25,2020-02-17,9.16,9.21,9.21,9.1,2169428,5.1903,0.8118,0.15640714409571702
26,2020-02-18,9.18,9.06,9.18,9.03,2224315,5.2304,0.8181,0.15641251147139798
27,2020-02-19,9.03,8.99,9.11,8.97,2031654,5.1202,0.8008,0.15640014061950705
28,2020-02-20,9.02,9.06,9.07,8.89,2649554,5.0601,0.7914,0.15640007114483903
29,2020-02-21,9.04,9.0,9.09,8.97,2369755,5.1002,0.7977,0.15640563115171954
30,2020-02-24,8.99,8.86,9.0,8.85,2671350,5.0801,0.7946,0.15641424381409816
31,2020-02-25,8.74,8.78,8.82,8.68,2617631,5.1202,0.8008,0.15640014061950705
32,2020-02-26,8.69,9.09,9.18,8.67,6627253,5.1302,0.8024,0.1564071576156875
33,2020-02-27,9.09,9.0,9.14,8.95,3642944,5.1302,0.8024,0.1564071576156875
34,2020-02-28,8.88,8.97,9.14,8.85,4648770,5.1202,0.8008,0.15640014061950705
35,2020-03-02,9.06,9.62,9.66,9.02,7671669,5.1202,0.8008,0.15640014061950705
36,2020-03-03,9.83,9.52,9.88,9.38,6022395,5.1603,0.8071,0.15640563533127919
37,2020-03-04,9.46,9.62,9.72,9.41,3873942,5.1102,0.7993,0.15641266486634575
38,2020-03-05,9.63,9.6,9.66,9.51,3270577,5.0901,0.7961,0.15640164240388207
39,2020-03-06,9.53,9.41,9.58,9.37,2538881,5.0601,0.7914,0.15640007114483903
40,2020-03-09,9.27,9.13,9.3,9.1,3335591,5.0901,0.7961,0.15640164240388207
41,2020-03-10,9.09,9.3,9.32,9.09,2872146,5.1002,0.7977,0.15640563115171954
42,2020-03-11,9.32,9.16,9.32,9.16,1966372,5.0801,0.7946,0.15641424381409816
43,2020-03-12,9.09,8.97,9.16,8.96,2563195,5.1503,0.8055,0.15639865638894823
44,2020-03-13,8.68,8.95,9.04,8.62,3033451,5.1903,0.8118,0.15640714409571702
45,2020-03-16,8.97,8.81,9.16,8.81,2603839,5.2505,0.8212,0.1564041519855252
46,2020-03-17,8.89,8.81,8.99,8.67,1974944,5.2505,0.8212,0.1564041519855252
47,2020-03-18,8.85,8.67,8.95,8.67,1962270,5.0601,0.7914,0.15640007114483903
48,2020-03-19,8.67,8.55,8.74,8.43,2459237,5.0901,0.7961,0.15640164240388207
49,2020-03-20,8.61,8.76,8.81,8.61,1967581,5.0701,0.793,0.1564071714561843
50,2020-03-23,8.57,8.61,8.72,8.55,1291372,5.04,0.7883,0.15640873015873016
51,2020-03-24,8.74,8.69,8.78,8.57,1772335,5.03,0.7867,0.15640159045725643
52,2020-03-25,8.83,8.83,8.9,8.74,1925856,5.04,0.7883,0.15640873015873016
53,2020-03-26,8.78,8.72,8.79,8.69,1108462,5.0501,0.7899,0.15641274430209304
54,2020-03-27,8.82,8.92,9.04,8.75,2735115,5.1202,0.8008,0.15640014061950705
55,2020-03-30,8.85,8.96,8.99,8.83,1660198,5.02,0.7852,0.1564143426294821
56,2020-03-31,9.0,8.83,9.02,8.79,1523348,5.0601,0.7914,0.15640007114483903
57,2020-04-01,8.79,8.75,8.92,8.74,1038340,5.0801,0.7946,0.15641424381409816
58,2020-04-02,8.74,8.85,8.85,8.71,836890,5.1102,0.7993,0.15641266486634575
59,2020-04-03,8.82,8.79,8.85,8.76,759282,5.1703,0.8087,0.156412587277334
60,2020-04-07,8.89,8.95,8.97,8.85,1598325,5.1503,0.8055,0.15639865638894823
61,2020-04-08,8.9,8.89,8.95,8.86,956605,5.2104,0.8149,0.1563987409795793
62,2020-04-09,8.92,8.86,8.93,8.85,807537,5.1102,0.8384,0.16406402880513485
63,2020-04-10,8.88,8.81,8.9,8.79,923502,5.1102,0.8384,0.16406402880513485
64,2020-04-13,8.76,8.76,8.81,8.75,623853,5.1603,0.8467,0.16407960777474176
65,2020-04-14,8.76,8.85,8.85,8.75,1019591,5.1803,0.8499,0.16406385730556144
66,2020-04-15,8.86,8.78,8.86,8.78,677017,5.1903,0.8516,0.1640752942989808
67,2020-04-16,8.76,8.74,8.81,8.74,703899,5.1803,0.8499,0.16406385730556144
68,2020-04-17,8.79,8.83,8.9,8.76,1793253,5.2404,0.8598,0.1640714449278681
69,2020-04-20,8.88,8.81,8.93,8.78,1557124,5.2805,0.8664,0.1640753716504119
70,2020-04-21,8.78,8.74,8.83,8.69,1256367,5.3607,0.8795,0.1640643945753353
71,2020-04-22,8.71,8.74,8.74,8.67,866478,5.3106,0.8713,0.16406809023462507
72,2020-04-23,8.75,8.65,8.76,8.64,1174196,5.3006,0.8697,0.16407576500773496
73,2020-04-24,8.65,8.61,8.67,8.58,901749,5.3306,0.8746,0.1640715866881777
74,2020-04-27,8.64,8.65,8.71,8.64,1106349,5.1503,0.845,0.16406811253713377
75,2020-04-28,8.64,8.67,8.69,8.51,1627013,5.2304,0.8582,0.16407922912205566
76,2020-04-29,8.65,8.71,8.78,8.62,1428902,5.1202,0.8401,0.16407562204601384
77,2020-04-30,8.71,8.79,8.81,8.71,1570689,5.0701,0.8319,0.16407960395258475
78,2020-05-06,8.72,8.79,8.92,8.72,2160870,5.0801,0.8335,0.16407157339422454
79,2020-05-07,8.75,8.71,8.78,8.69,1457579,5.1503,0.845,0.16406811253713377
80,2020-05-08,8.72,8.72,8.76,8.69,1495588,5.0901,0.8351,0.1640635743895012
81,2020-05-11,8.75,8.78,8.83,8.74,1961783,5.04,0.8269,0.1640674603174603
82,2020-05-12,8.78,8.69,8.78,8.67,1387486,5.0501,0.8286,0.16407595889190316
83,2020-05-13,8.67,8.69,8.69,8.65,1022848,5.0901,0.8351,0.1640635743895012
84,2020-05-14,8.67,8.58,8.68,8.57,1480557,5.04,0.8269,0.1640674603174603
85,2020-05-15,8.61,8.6,8.64,8.58,835833,5.04,0.8269,0.1640674603174603
86,2020-05-18,8.65,8.61,8.68,8.61,985710,5.0701,0.8319,0.16407960395258475
87,2020-05-19,8.68,8.62,8.68,8.61,1171469,5.2004,0.8532,0.1640643027459426
88,2020-05-20,8.62,8.6,8.64,8.57,972433,5.1903,0.8516,0.1640752942989808
89,2020-05-21,8.62,8.53,8.62,8.53,950513,5.2304,0.8582,0.16407922912205566
90,2020-05-22,8.54,8.47,8.55,8.47,1173345,5.2304,0.8582,0.16407922912205566
91,2020-05-25,8.5,8.47,8.5,8.46,807979,5.0601,0.8302,0.16406790379636765
92,2020-05-26,8.48,8.47,8.5,8.43,994834,5.0601,0.8302,0.16406790379636765
93,2020-05-27,8.46,8.47,8.5,8.43,946367,5.1803,0.8499,0.16406385730556144
94,2020-05-28,8.46,8.47,8.54,8.44,919930,5.2905,0.868,0.16406766846233817
95,2020-05-29,8.46,8.46,8.47,8.41,1029721,5.3507,0.8779,0.1640719905806717
96,2020-06-01,8.46,8.54,8.54,8.44,1444660,5.2805,0.8664,0.1640753716504119
97,2020-06-02,8.53,8.62,8.65,8.51,1617523,5.4909,0.9009,0.16407146369447634
98,2020-06-03,8.65,8.55,8.67,8.54,1557136,5.4709,0.8976,0.16406806923906486
99,2020-06-04,8.58,8.51,8.58,8.5,953607,5.4108,0.8878,0.16407924890958825
100,2020-06-05,8.53,8.51,8.54,8.48,580013,5.4909,0.9009,0.16407146369447634
101,2020-06-08,8.53,8.54,8.6,8.51,1102614,5.0901,0.8351,0.1640635743895012
102,2020-06-09,8.55,8.58,8.61,8.53,949057,4.9899,0.8187,0.16407142427703963
103,2020-06-10,8.57,8.51,8.58,8.5,880435,4.8998,0.8039,0.16406792113963833
104,2020-06-11,8.51,8.47,8.53,8.46,1156986,4.7795,0.7842,0.16407574014018203
105,2020-06-12,8.43,8.47,8.48,8.4,1182053,4.7795,0.7842,0.16407574014018203
106,2020-06-15,8.46,8.41,8.47,8.41,1077563,4.8497,0.7957,0.16407200445388373
107,2020-06-16,8.46,8.5,8.53,8.44,1211797,5.01,0.7977,0.15922155688622755
108,2020-06-17,8.51,8.51,8.55,8.47,932132,5.01,0.7977,0.15922155688622755
109,2020-06-18,8.53,8.57,8.62,8.5,1714938,5.1202,0.8153,0.15923206124760753
110,2020-06-19,8.58,8.61,8.62,8.57,1569165,5.0901,0.8105,0.15923066344472606
111,2020-06-22,8.57,8.46,8.58,8.46,3114022,5.0501,0.8041,0.15922456981049882
112,2020-06-23,8.47,8.46,8.5,8.44,1436081,5.04,0.8025,0.15922619047619047
113,2020-06-24,8.51,8.49,8.55,8.46,1478487,4.9799,0.7929,0.15922006465993294
114,2020-06-29,8.48,8.39,8.48,8.38,1717404,5.02,0.7993,0.15922310756972113
115,2020-06-30,8.42,8.39,8.44,8.38,1325045,5.02,0.7993,0.15922310756972113
116,2020-07-01,8.41,8.56,8.62,8.38,3196182,5.0501,0.8041,0.15922456981049882
117,2020-07-02,8.53,8.69,8.72,8.52,3760210,5.1002,0.8121,0.15922904984118272
118,2020-07-03,8.76,8.83,8.88,8.73,4142076,5.0701,0.8073,0.1592276286463778
119,2020-07-06,9.0,9.39,9.42,8.97,9013732,5.0501,0.8041,0.15922456981049882
120,2020-07-07,9.57,9.28,9.7,9.26,6381963,5.0501,0.8041,0.15922456981049882
121,2020-07-08,9.25,9.36,9.4,9.19,4711025,5.0801,0.8089,0.15922914903249935
122,2020-07-09,9.39,9.39,9.4,9.26,3880207,5.1302,0.8169,0.15923355814588122
123,2020-07-10,9.35,9.09,9.39,9.08,3816820,5.0701,0.8073,0.1592276286463778
124,2020-07-13,9.11,9.19,9.28,9.04,3701817,5.01,0.7977,0.15922155688622755
125,2020-07-14,9.18,9.11,9.29,9.07,3080495,5.02,0.7993,0.15922310756972113
126,2020-07-15,9.15,8.95,9.19,8.94,2892476,5.02,0.7993,0.15922310756972113
127,2020-07-16,8.97,8.79,9.05,8.77,3487987,5.02,0.7993,0.15922310756972113
128,2020-07-17,8.81,8.79,8.86,8.76,2221597,5.02,0.7993,0.15922310756972113
129,2020-07-20,8.81,9.02,9.05,8.8,2835897,5.02,0.7993,0.15922310756972113
130,2020-07-21,9.07,9.02,9.14,9.02,2235391,5.0601,0.8057,0.15922610225094364
131,2020-07-22,9.02,8.97,9.11,8.93,2065945,5.1102,0.8137,0.1592305584908614
132,2020-07-23,8.91,8.98,9.01,8.8,2812546,5.1302,0.8169,0.15923355814588122
133,2020-07-24,8.94,8.8,9.0,8.79,2258979,5.1202,0.8153,0.15923206124760753
134,2020-07-27,8.81,8.76,8.86,8.73,1345431,5.1102,0.8137,0.1592305584908614
135,2020-07-28,8.79,8.76,8.81,8.73,1444934,5.1002,0.8121,0.15922904984118272
136,2020-07-29,8.76,8.83,8.83,8.72,1717587,5.1803,0.8249,0.15923788197594735
137,2020-07-30,8.83,8.77,8.87,8.77,1207258,5.1803,0.8249,0.15923788197594735
138,2020-07-31,8.79,8.76,8.84,8.72,1611314,5.2404,0.8344,0.15922448668040606
139,2020-08-03,8.77,8.83,8.83,8.76,1840962,5.2004,0.828,0.1592185216521806
140,2020-08-04,8.83,8.91,8.95,8.8,2617615,5.1903,0.8265,0.15923935032657072
141,2020-08-05,8.88,8.81,8.9,8.79,1666577,5.2505,0.836,0.15922293114941435
142,2020-08-06,8.81,8.8,8.86,8.73,1706295,5.2505,0.836,0.15922293114941435
143,2020-08-07,8.8,8.87,8.88,8.76,2534072,5.1903,0.8485,0.1634780263183246
144,2020-08-10,8.86,9.02,9.07,8.86,4119303,5.1603,0.8436,0.16347886750770305
145,2020-08-11,9.02,8.91,9.07,8.88,2508267,5.1503,0.842,0.16348562219676524
146,2020-08-12,8.87,9.16,9.18,8.87,5485693,5.6076,0.8799,0.15691204793494545
147,2020-08-13,9.18,9.12,9.21,9.07,1948515,5.6405,0.8851,0.15691871288006382
148,2020-08-14,9.14,9.14,9.15,9.02,2022136,5.7063,0.8954,0.15691428771708463
149,2020-08-17,9.18,9.21,9.25,9.09,2991336,5.7063,0.8954,0.15691428771708463
150,2020-08-18,9.21,9.09,9.22,9.07,1961641,5.7612,0.904,0.15691175449559122
151,2020-08-19,9.09,9.04,9.12,9.01,2248082,5.7832,0.9075,0.15692004426615022
152,2020-08-20,9.04,8.95,9.05,8.94,1598325,5.7063,0.8954,0.15691428771708463
153,2020-08-21,9.0,8.97,9.01,8.94,1055635,5.7393,0.9006,0.1569180910564006
154,2020-08-24,9.0,8.95,9.04,8.94,1646735,5.7956,0.9093,0.15689488577541583
155,2020-08-25,8.98,8.93,8.98,8.91,1034892,5.7297,0.899,0.15690175750911914
156,2020-08-26,8.93,8.86,8.94,8.84,1217412,5.7627,0.9041,0.1568882641817204
157,2020-08-27,8.86,8.86,8.88,8.8,1032531,5.8066,0.911,0.15689043502221608
158,2020-08-28,8.88,9.0,9.01,8.87,2015105,5.8285,0.9145,0.15690143261559578
159,2020-08-31,9.02,8.91,9.07,8.9,1931332,5.8724,0.9213,0.15688645187657518
160,2020-09-01,8.91,8.94,8.97,8.88,1221142,5.7517,0.9024,0.156892744753725
161,2020-09-02,8.94,8.86,8.95,8.83,2099650,5.7956,0.9093,0.15689488577541583
162,2020-09-03,8.88,8.81,8.91,8.79,2142774,5.7188,0.8972,0.15688606001259006
163,2020-09-04,8.79,8.79,8.81,8.76,1580777,5.7846,0.9076,0.15689935345572725
164,2020-09-07,8.8,8.73,8.86,8.73,2419676,5.8834,0.9231,0.1568990719651902
165,2020-09-08,8.76,8.87,8.88,8.73,1924114,5.8505,0.9179,0.15689257328433467
166,2020-09-09,8.83,8.77,8.88,8.76,1834296,5.6968,0.8938,0.15689509900294904
167,2020-09-10,8.81,8.76,8.87,8.72,2086560,5.7846,0.9076,0.15689935345572725
168,2020-09-11,8.76,8.74,8.77,8.72,1131915,5.6749,0.8904,0.15690144319723695
169,2020-09-14,8.77,8.76,8.77,8.73,971520,5.609,0.88,0.1568907113567481
170,2020-09-15,8.76,8.8,8.81,8.76,1204500,5.7297,0.899,0.15690175750911914
171,2020-09-16,8.8,8.83,8.86,8.76,1163719,5.5651,0.8731,0.1568884656160716
172,2020-09-17,8.81,8.79,8.84,8.79,975279,5.6529,0.8869,0.15689292221691523
173,2020-09-18,8.86,9.05,9.05,8.86,5960588,5.7627,0.9041,0.1568882641817204
174,2020-09-21,9.05,9.05,9.11,9.0,3596253,5.7627,0.9041,0.1568882641817204
175,2020-09-22,9.02,8.97,9.07,8.94,2174821,5.8724,0.9213,0.15688645187657518
176,2020-09-23,8.98,8.91,9.01,8.87,1672028,5.8944,0.9248,0.15689467969598261
177,2020-09-24,8.88,8.81,8.88,8.8,1624918,6.0371,0.9472,0.15689652316509584
178,2020-09-25,8.83,8.84,8.84,8.8,1149613,6.1468,0.9644,0.15689464436780115
179,2020-09-28,8.83,8.83,8.86,8.8,1072791,6.0151,0.9437,0.15688849728184068
180,2020-09-29,8.83,8.79,8.84,8.79,1184085,6.2347,0.9782,0.15689608160777582
181,2020-09-30,8.8,8.83,8.86,8.77,1500562,6.3883,1.0023,0.15689620086721037
182,2020-10-09,8.87,8.86,8.91,8.83,1397926,6.3993,1.004,0.15689216008000875
183,2020-10-12,8.86,8.93,8.95,8.83,3177847,6.3225,0.992,0.15689996045867932
184,2020-10-13,8.9,8.87,8.91,8.84,1475403,6.3993,1.004,0.15689216008000875
185,2020-10-14,8.87,8.87,8.9,8.83,1652265,5.8944,0.9248,0.15689467969598261
186,2020-10-15,8.87,8.88,8.9,8.84,1838798,5.9163,0.9282,0.15688859591298618
187,2020-10-16,8.87,8.88,8.91,8.86,1685578,5.9822,0.9386,0.1568987997726589
188,2020-10-19,8.88,8.87,9.0,8.84,2820018,5.7407,0.9007,0.15689724249655965
189,2020-10-20,8.86,8.81,8.86,8.79,1818912,5.8066,0.911,0.15689043502221608
190,2020-10-21,8.81,8.84,8.86,8.74,1953161,5.9163,0.9282,0.15688859591298618
191,2020-10-22,8.81,8.79,8.84,8.77,1166244,5.9602,0.9351,0.1568907083654911
192,2020-10-23,8.83,8.87,8.9,8.8,2845605,5.9054,0.9265,0.15689030378975174
193,2020-10-26,9.12,9.02,9.22,8.97,7221990,5.9602,0.9351,0.1568907083654911
194,2020-10-27,9.01,8.97,9.14,8.94,4456273,6.081,0.9541,0.1568985364249301
195,2020-10-28,8.95,8.93,8.97,8.87,3704439,6.0371,0.9472,0.15689652316509584
196,2020-10-29,8.9,8.88,8.98,8.87,3195035,5.9383,0.9317,0.15689675496354175
197,2020-10-30,8.88,8.87,8.97,8.86,4052304,5.9273,0.93,0.15690111855313552
198,2020-11-02,8.88,8.86,8.91,8.84,3118441,5.9054,0.9265,0.15689030378975174
199,2020-11-03,8.87,8.94,8.95,8.86,4477380,5.8615,0.9196,0.15688816855753646
200,2020-11-04,8.94,9.04,9.05,8.91,3234907,5.7846,0.9076,0.15689935345572725
201,2020-11-05,9.05,9.09,9.09,9.01,3217318,5.8395,0.9162,0.15689699460570256
202,2020-11-06,9.09,9.23,9.26,9.08,4646542,5.7078,0.8955,0.15689057079785557
203,2020-11-09,9.28,9.15,9.35,9.09,5334416,5.7188,0.8972,0.15688606001259006
204,2020-11-10,9.15,9.09,9.23,9.08,2899724,5.4883,0.8611,0.15689739992347357
205,2020-11-11,9.07,9.23,9.32,9.05,4175512,6.0042,0.942,0.15689017687618667
206,2020-11-12,9.21,9.15,9.28,9.11,2329359,6.2127,0.9747,0.15688830943068233
207,2020-11-13,9.12,9.07,9.12,9.02,2383350,6.2017,0.973,0.1568924649692826
208,2020-11-16,9.11,9.12,9.16,9.04,2234818,6.3883,1.0023,0.15689620086721037
209,2020-11-17,9.12,9.16,9.21,9.09,2529204,6.3664,0.9988,0.15688615229957276
210,2020-11-18,9.15,9.15,9.25,9.11,2899596,6.3664,0.9988,0.15688615229957276
211,2020-11-19,9.14,9.15,9.22,9.12,1990420,6.3993,1.004,0.15689216008000875
212,2020-11-20,9.14,9.18,9.22,9.08,2798852,6.531,1.0247,0.15689787168886848
213,2020-11-23,9.18,9.3,9.33,9.16,3716389,6.531,1.0247,0.15689787168886848
214,2020-11-24,9.3,9.33,9.36,9.26,2413950,6.4761,1.0161,0.15689998610274702
215,2020-11-25,9.36,9.23,9.46,9.23,3638515,6.5749,1.0316,0.15689972471064198
216,2020-11-26,9.25,9.28,9.29,9.18,2334712,6.5091,1.0212,0.15688804903903766
217,2020-11-27,9.28,9.42,9.42,9.25,2872128,6.6079,1.0367,0.1568879674329212
218,2020-11-30,9.47,9.32,9.57,9.32,4838211,6.6847,1.0488,0.15689559740900863
219,2020-12-01,9.33,9.43,9.44,9.29,2541994,6.564,1.0298,0.1568860450944546
