,日期,开盘,收盘,最高,最低,成交量,pe,pb,roe
0,2020-01-03,99.38,99.06,100.33,98.57,5780,67.2985,9.9997,0.14858726420351123
1,2020-01-06,98.47,99.98,102.33,98.47,10388,66.5434,9.8875,0.14858723780269717
2,2020-01-07,100.41,101.53,103.22,99.5,12522,67.4313,10.0194,0.1485867838822624
3,2020-01-08,101.96,104.27,104.8,100.86,14807,66.7741,9.9218,0.14858755116130354
4,2020-01-09,104.15,105.91,109.11,104.15,11578,67.8229,10.0776,0.1485869816831778
5,2020-01-10,106.17,104.87,107.87,103.99,12729,70.368,10.4558,0.148587426102774
6,2020-01-13,104.93,106.11,107.44,104.16,14339,69.6478,10.3488,0.14858760793592907
7,2020-01-14,107.26,106.24,108.8,105.77,10077,69.466,10.3218,0.14858779834739297
8,2020-01-15,106.37,106.91,108.65,105.5,8259,69.0955,10.2667,0.14858710046240348
9,2020-01-16,106.23,108.37,108.87,105.5,16533,67.8124,10.0761,0.14858786888533662
10,2020-01-17,108.37,107.72,108.55,105.47,9701,68.3123,10.1503,0.14858671132431495
11,2020-01-20,107.54,107.73,108.74,105.97,10490,68.4102,10.1649,0.14858749133901084
12,2020-01-21,107.67,107.57,107.95,104.92,10858,69.9205,10.3893,0.1485873241753134
13,2020-01-22,107.77,108.52,108.85,105.87,12425,69.7807,10.3685,0.14858693019703156
14,2020-01-23,108.54,104.87,109.51,104.37,11882,67.6061,10.0454,0.1485871837008791
15,2020-02-03,95.02,95.37,100.03,95.02,11635,67.4733,10.0257,0.14858766356469894
16,2020-02-04,97.4,103.35,103.91,96.54,19939,67.0573,9.9639,0.14858784949587892
17,2020-02-05,104.17,99.8,104.86,99.37,23444,68.2774,10.1451,0.14858650153637953
18,2020-02-06,99.69,99.8,100.14,97.65,22234,66.886,9.9384,0.14858714828215172
19,2020-02-07,98.39,99.82,100.58,94.37,30080,65.9001,9.7919,0.14858702794077705
20,2020-02-10,99.36,100.96,102.61,98.71,16717,61.537,9.1436,0.14858702894193737
21,2020-02-11,100.87,105.15,105.96,100.02,20422,62.4495,9.2792,0.14858725850487192
22,2020-02-12,104.2,103.45,104.37,101.75,13882,56.772,8.9683,0.15797047840484746
23,2020-02-13,102.47,100.43,103.31,100.05,11206,57.5935,9.0981,0.15797095158307797
24,2020-02-14,100.15,100.23,101.86,99.37,11037,57.0901,9.0185,0.1579695954289798
25,2020-02-17,101.51,104.37,104.95,99.17,20655,56.1811,8.8749,0.15796949507930602
26,2020-02-18,104.78,102.89,106.17,102.14,13483,53.678,8.4795,0.1579697455195797
27,2020-02-19,102.59,101.61,104.87,101.56,15604,52.5453,8.3006,0.1579703608124799
28,2020-02-20,102.26,103.45,103.57,100.95,10160,55.4994,8.7672,0.15796927534351723
29,2020-02-21,103.17,104.7,104.7,100.37,21251,55.856,8.8236,0.15797049556001147
30,2020-02-24,104.67,102.0,105.17,101.88,23424,55.412,8.7534,0.15796939291128273
31,2020-02-25,100.87,101.73,102.81,99.37,22552,54.8177,8.6596,0.15797087437086924
32,2020-02-26,101.22,99.69,102.57,99.39,15874,57.0202,9.0075,0.1579703333204724
33,2020-02-27,100.16,103.86,104.27,100.16,19202,56.3,8.8937,0.15796980461811724
34,2020-02-28,102.51,103.67,104.73,99.87,24027,57.8942,9.1455,0.15796919207796292
35,2020-03-02,103.67,106.47,106.47,102.28,32768,55.5868,8.781,0.157969158145459
36,2020-03-03,107.27,103.82,107.67,102.72,30805,55.0589,8.6977,0.15797082760461975
37,2020-03-04,102.4,104.64,104.96,101.61,15598,52.2761,8.2581,0.15797085092422733
38,2020-03-05,104.37,105.79,106.28,104.18,14303,52.346,8.2691,0.15797004546670235
39,2020-03-06,103.87,106.87,108.69,103.87,10575,52.5977,8.3089,0.1579707857948161
40,2020-03-09,106.37,103.58,106.37,103.03,13676,52.318,8.2647,0.15797048816850798
41,2020-03-10,103.37,109.47,110.55,102.87,21566,52.9124,8.3586,0.1579705324271815
42,2020-03-11,110.37,108.21,110.86,105.27,17643,52.9648,8.3668,0.1579690662477721
43,2020-03-12,106.27,105.35,107.12,103.97,14355,54.4121,8.5955,0.1579703779122658
44,2020-03-13,100.41,105.17,106.19,98.42,13860,54.094,8.5452,0.15796946056863975
45,2020-03-16,103.65,97.87,105.16,97.47,16017,54.1884,8.5601,0.15796923326763662
46,2020-03-17,96.87,93.57,99.34,91.2,32285,55.2687,8.7308,0.15797006262133903
47,2020-03-18,93.4,93.87,98.72,93.27,22567,56.3385,8.8998,0.15797012700018637
48,2020-03-19,94.75,91.4,94.97,88.37,35589,57.6809,9.1119,0.15797083609999152
49,2020-03-20,92.25,93.44,94.36,91.41,13379,56.6671,8.9517,0.15796996846494704
50,2020-03-23,92.37,86.02,92.37,85.37,26194,54.2234,8.5657,0.1579705440824441
51,2020-03-24,87.65,87.73,88.76,84.38,29506,54.9121,8.6745,0.15797064763503854
52,2020-03-25,89.97,91.69,94.48,88.58,27210,54.7128,8.643,0.15797034697547924
53,2020-03-26,91.11,90.97,92.37,89.49,20296,51.7167,8.1697,0.157970249455205
54,2020-03-27,91.74,92.31,93.37,91.37,14789,53.8388,8.5049,0.15796971700706552
55,2020-03-30,89.87,88.4,90.86,88.04,11174,54.7408,8.6474,0.15796992371320842
56,2020-03-31,89.37,90.13,92.16,88.62,11600,58.7332,9.2781,0.15797027916067916
57,2020-04-01,89.96,89.22,91.25,88.63,9458,59.1947,9.351,0.15797022368556646
58,2020-04-02,89.22,91.25,91.77,88.51,13440,60.4113,9.5432,0.15797044592650714
59,2020-04-03,91.76,89.8,92.06,89.03,9508,59.782,9.4438,0.1579706266100164
60,2020-04-07,92.37,92.45,93.72,90.76,9364,57.8942,9.1455,0.15796919207796292
61,2020-04-08,92.47,91.92,93.27,91.54,8515,58.908,9.3057,0.15797005500101854
62,2020-04-09,91.92,93.6,95.57,91.87,10209,57.9641,9.1566,0.1579701918946382
63,2020-04-10,94.38,93.67,94.73,92.73,4818,57.646,9.1063,0.15796933004891925
64,2020-04-13,92.27,88.72,94.25,87.74,15581,56.8873,8.9865,0.15797023237172442
65,2020-04-14,88.87,91.77,92.17,88.87,18501,57.3488,9.0594,0.1579701754875429
66,2020-04-15,93.09,92.17,95.67,91.52,19021,57.8208,9.1339,0.15796910454369364
67,2020-04-16,92.87,93.65,94.66,91.57,10823,57.3348,9.0572,0.15797037750197088
68,2020-04-17,93.65,96.7,97.37,93.4,16033,57.7019,9.1152,0.15797053476575293
69,2020-04-20,101.37,105.27,105.73,101.37,39739,57.7054,9.1157,0.15796961809466706
70,2020-04-21,104.88,105.37,106.1,103.09,21251,53.7968,8.9111,0.16564368140855962
71,2020-04-22,104.36,104.65,106.08,103.08,20274,54.9435,9.101,0.16564288769372174
72,2020-04-23,104.64,105.96,106.33,103.54,18394,53.0627,8.7895,0.16564366306275408
73,2020-04-24,105.35,106.25,107.27,104.4,11688,50.0246,8.2862,0.16564250388808704
74,2020-04-27,105.88,107.0,107.25,105.27,8279,51.3496,8.5057,0.16564296508638818
75,2020-04-28,106.85,105.55,107.06,104.87,9088,50.4477,8.3563,0.1656428340637928
76,2020-04-29,105.82,105.72,106.62,104.09,11003,50.4546,8.3574,0.165641983089748
77,2020-04-30,106.55,105.58,110.17,105.26,14467,50.5875,8.3795,0.16564368668149246
78,2020-05-06,105.73,108.61,110.85,104.4,21228,51.1608,8.4744,0.16564244499695077
79,2020-05-07,108.68,113.29,113.58,107.68,17541,50.9371,8.4374,0.16564350934780347
80,2020-05-08,113.29,114.58,116.65,110.39,13410,51.3461,8.5051,0.1656425707113101
81,2020-05-11,114.85,117.87,117.92,113.59,10674,52.0908,8.6285,0.1656434533545271
82,2020-05-12,117.37,116.52,119.76,115.92,11727,50.5525,8.3737,0.16564363780228475
83,2020-05-13,117.49,118.77,119.36,114.69,7753,50.9756,8.4437,0.16564199342430497
84,2020-05-14,118.68,116.48,118.68,115.79,11443,50.3113,8.3337,0.1656427084968983
85,2020-05-15,117.48,116.77,118.96,114.46,14120,48.42,8.0204,0.1656422965716646
86,2020-05-18,116.87,118.38,119.65,114.89,12241,47.2138,7.8206,0.16564224866458535
87,2020-05-19,118.95,117.57,119.54,116.87,8021,49.1192,8.1362,0.16564194856593756
88,2020-05-20,117.7,116.63,118.84,114.67,14945,47.2243,7.8224,0.16564353521386235
89,2020-05-21,116.69,116.59,118.84,115.87,13473,47.976,7.9469,0.16564323828580957
90,2020-05-22,118.37,116.07,118.37,114.96,7326,45.8574,7.5959,0.16564175029548123
91,2020-05-25,117.17,117.37,118.37,113.93,15831,45.277,7.4998,0.16564259999558273
92,2020-05-26,118.37,116.89,119.58,116.45,14799,43.7388,7.245,0.16564240445554063
93,2020-05-27,117.37,117.77,120.11,115.87,13959,46.2524,7.6614,0.1656432963478652
94,2020-05-28,118.27,115.32,119.27,114.17,19134,45.305,7.5044,0.1656417613949895
95,2020-05-29,116.04,115.29,123.15,114.99,22021,45.4309,7.5253,0.1656427673675846
96,2020-06-01,116.64,119.67,121.88,116.64,22011,45.4204,7.5236,0.16564363149597977
97,2020-06-02,120.18,114.12,121.73,111.46,31610,45.728,7.5745,0.16564249475157453
98,2020-06-03,114.12,117.06,120.23,113.87,25374,45.4623,7.5305,0.165642741348326
99,2020-06-04,118.88,120.37,121.67,118.37,18262,46.0776,7.6324,0.16564230775908467
100,2020-06-05,120.32,119.87,122.96,119.38,20309,44.1583,7.3145,0.16564269910752905
101,2020-06-08,121.37,119.67,123.21,118.59,13749,43.4556,7.1981,0.1656426329402885
102,2020-06-09,121.17,122.59,123.54,117.4,12497,43.4661,7.1998,0.16564172999187873
103,2020-06-10,121.79,123.6,125.36,120.37,9113,44.5289,7.3759,0.16564298691411644
104,2020-06-11,124.24,125.05,127.94,124.1,14721,44.3995,7.3545,0.16564375724951855
105,2020-06-12,124.93,126.12,126.81,123.97,11803,42.9207,7.1095,0.16564268523113557
106,2020-06-15,126.37,122.37,126.87,121.67,16905,42.6655,7.0672,0.16564202927423796
107,2020-06-16,123.84,125.55,127.15,123.84,11262,42.634,7.062,0.1656424449969508
108,2020-06-17,126.72,126.29,127.65,123.37,11280,42.627,7.0609,0.16564384075820487
109,2020-06-18,126.26,126.52,128.65,124.38,8676,41.8474,6.9317,0.16564230991650616
110,2020-06-19,126.66,127.07,128.37,124.87,15461,41.6551,6.8999,0.165643582658546
111,2020-06-22,126.78,129.3,131.77,126.3,16648,41.5747,6.8866,0.16564400945767496
112,2020-06-23,128.75,129.32,130.37,126.0,14293,41.316,6.8437,0.16564285022751477
113,2020-06-24,128.9,129.41,131.76,127.87,13692,40.2043,6.6596,0.1656439734058297
114,2020-06-29,129.42,130.14,130.5,127.88,8640,41.5153,6.8767,0.16564254624198788
115,2020-06-30,131.36,134.37,138.01,129.93,10922,41.1412,6.8147,0.16564174112568425
116,2020-07-01,135.13,134.74,135.87,131.53,10863,40.6343,6.7308,0.1656433111927608
117,2020-07-02,133.5,131.7,134.61,129.78,15354,40.2812,6.6723,0.16564302950259674
118,2020-07-03,131.97,131.67,133.65,130.33,13221,39.2604,6.5032,0.16564273415451702
119,2020-07-06,131.48,133.68,136.02,131.48,19043,39.6799,6.2129,0.15657549540195415
120,2020-07-07,134.86,139.17,146.03,133.75,26436,39.8547,6.2403,0.15657626327635135
121,2020-07-08,139.37,137.41,140.22,133.0,22595,38.6975,6.0591,0.15657600620195103
122,2020-07-09,136.41,138.17,140.25,135.94,18100,37.6697,5.8982,0.15657677125116473
123,2020-07-10,137.74,137.29,140.37,136.37,17345,39.61,6.202,0.15657662206513506
124,2020-07-13,136.37,137.32,138.37,135.87,24798,38.0787,5.9622,0.15657572343593665
125,2020-07-14,137.28,136.96,137.53,132.94,20779,38.0892,5.9638,0.15657456706888043
126,2020-07-15,135.59,139.67,143.34,135.59,19878,38.9457,6.098,0.15657697768944967
127,2020-07-16,139.47,132.48,142.17,132.37,19253,38.6381,6.0498,0.15657602211288857
128,2020-07-17,131.56,136.88,137.95,130.37,18548,38.8059,6.0761,0.1565767061194303
129,2020-07-20,138.55,138.54,141.47,133.87,24320,38.3514,6.0049,0.15657577037604886
130,2020-07-21,138.87,144.6,146.65,137.46,20619,38.5332,6.0334,0.15657666635524692
131,2020-07-22,143.87,142.45,149.56,141.67,19006,38.5472,6.0355,0.1565742777685539
132,2020-07-23,143.86,147.87,148.06,140.87,16486,38.8758,6.087,0.1565755560014199
133,2020-07-24,147.87,142.42,148.29,142.38,19711,39.159,6.1313,0.15657447840853955
134,2020-07-27,143.82,145.87,147.87,143.26,19582,38.5961,6.0432,0.15657540528706268
135,2020-07-28,147.29,151.28,152.56,145.86,15166,38.4947,6.0273,0.15657480120639986
136,2020-07-29,152.37,153.18,153.63,148.46,12373,39.2953,6.1527,0.15657597727972558
137,2020-07-30,153.18,151.97,154.07,149.93,11534,38.5087,6.0295,0.15657500772552696
138,2020-07-31,152.07,156.37,160.37,151.97,14048,38.9807,6.1034,0.15657492040933077
139,2020-08-03,156.37,154.24,157.85,152.37,16603,37.8305,5.9233,0.15657472145491072
140,2020-08-04,154.87,153.07,155.81,151.64,15388,37.3795,5.8527,0.15657512807822468
141,2020-08-05,152.37,153.71,154.87,151.45,9888,35.7434,5.5965,0.15657436058125415
142,2020-08-06,153.43,152.07,154.56,148.64,14838,34.6841,5.4307,0.15657606799657478
143,2020-08-07,152.14,151.69,154.13,149.07,8418,34.733,5.4383,0.15657443929404313
144,2020-08-10,151.67,151.67,152.92,148.89,9282,34.6736,5.429,0.15657445433990125
145,2020-08-11,151.59,154.25,156.29,149.87,16584,35.1805,5.5084,0.15657537556316709
146,2020-08-12,153.83,150.46,155.37,139.56,18490,34.9183,5.4674,0.15657692384795363
147,2020-08-13,152.37,159.15,159.32,151.03,24415,34.8169,5.4515,0.1565762603792986
148,2020-08-14,156.59,164.53,166.25,154.61,21028,34.3589,5.3798,0.15657660751653868
149,2020-08-17,164.39,161.25,164.53,160.54,14095,34.6107,5.4192,0.15657585659925977
150,2020-08-18,163.87,172.43,176.64,162.25,28128,34.5757,5.4137,0.15657528264069856
151,2020-08-19,175.24,172.42,177.23,169.03,20982,40.8577,5.391,0.13194575318728172
152,2020-08-20,174.25,171.37,175.17,169.57,23561,39.4781,5.2089,0.13194403986007433
153,2020-08-21,171.37,172.76,173.77,170.03,13279,38.8087,5.1206,0.13194464127888847
154,2020-08-24,172.38,171.41,174.17,170.37,12422,38.6278,5.0967,0.13194383319785233
155,2020-08-25,171.57,170.09,173.03,169.87,10625,37.2482,4.9147,0.13194463088149228
156,2020-08-26,171.86,172.26,175.85,170.4,14007,39.4872,5.2101,0.1319440223667416
157,2020-08-27,174.17,173.17,174.81,167.4,16914,39.4555,5.2059,0.13194358201011264
158,2020-08-28,173.16,175.87,178.15,172.37,13496,38.6956,5.1057,0.13194523408346168
159,2020-08-31,176.34,172.97,177.52,172.76,10662,38.9353,5.1373,0.13194453362372963
160,2020-09-01,173.18,178.37,180.37,173.18,12575,37.7367,4.9792,0.13194582462165477
161,2020-09-02,179.37,180.17,180.87,176.58,13328,38.3925,5.0657,0.13194504134922186
162,2020-09-03,179.86,176.69,182.21,174.91,12891,37.4743,4.9445,0.13194375878935696
163,2020-09-04,173.38,175.37,176.54,171.42,11579,37.886,4.9989,0.1319458375125376
164,2020-09-07,176.37,163.95,176.74,162.37,21664,37.1034,4.8956,0.13194478134079357
165,2020-09-08,165.77,161.37,169.1,157.68,28800,38.872,5.129,0.13194587363655072
166,2020-09-09,158.65,155.3,160.59,153.43,14969,38.2659,5.049,0.13194515221123768
167,2020-09-10,157.85,163.87,167.2,156.89,19738,38.5916,5.092,0.13194581204199876
168,2020-09-11,166.57,164.44,167.31,161.56,11444,36.8004,4.8556,0.13194421799763045
169,2020-09-14,164.44,162.47,166.15,157.98,17976,36.0269,4.7536,0.1319458515720198
170,2020-09-15,164.55,169.46,171.14,164.37,21128,39.3831,5.1964,0.1319449205369816
171,2020-09-16,169.91,172.36,174.02,169.87,13047,38.4604,5.0747,0.1319461056047259
172,2020-09-17,171.16,168.52,174.21,167.48,18909,39.5776,5.2221,0.131945848156533
173,2020-09-18,169.37,165.46,169.37,161.37,17087,39.4419,5.2042,0.1319459762333965
174,2020-09-21,165.37,162.37,166.21,160.7,13719,41.3869,5.4608,0.1319451323969662
175,2020-09-22,163.62,162.1,164.97,160.89,10930,44.6888,5.8965,0.13194581192603066
176,2020-09-23,163.6,163.01,164.85,161.55,9869,44.7702,5.9072,0.13194490978374007
177,2020-09-24,163.76,158.87,163.76,157.55,7957,46.0638,6.0779,0.13194525853273067
178,2020-09-25,158.37,158.72,160.95,157.87,7615,46.6337,6.1531,0.13194535282424513
179,2020-09-28,159.68,157.02,160.25,156.47,13553,43.9696,5.8016,0.13194570794367017
180,2020-09-29,158.17,157.82,160.25,156.43,12676,45.4577,5.9979,0.1319446430417729
181,2020-09-30,158.76,157.1,160.83,155.42,9644,44.9692,5.9335,0.13194586516993853
182,2020-10-09,159.82,156.9,161.25,152.82,20264,44.4491,5.8648,0.13194417884726575
183,2020-10-12,158.19,164.86,165.81,157.4,18838,44.0782,5.8159,0.13194504312789543
184,2020-10-13,165.17,166.37,168.0,161.37,10965,45.2768,5.974,0.13194395363629938
185,2020-10-14,166.05,172.97,173.01,165.11,13511,44.0103,5.8069,0.13194411308261927
186,2020-10-15,170.37,168.41,174.65,165.13,14331,44.0962,5.8183,0.13194560982578996
187,2020-10-16,168.18,170.47,171.1,165.56,15074,42.2101,5.5694,0.1319447241300068
188,2020-10-19,172.01,164.17,172.36,162.59,18417,43.1328,5.6912,0.13194599005860969
189,2020-10-20,166.57,165.87,167.22,162.12,13121,43.2549,5.7073,0.1319457448751471
190,2020-10-21,166.65,167.14,168.75,164.94,8516,44.4762,5.8684,0.1319447254936348
191,2020-10-22,166.06,166.12,167.47,163.4,9205,43.9108,5.7938,0.13194476074223196
192,2020-10-23,166.65,157.67,167.71,156.37,11111,43.0785,5.684,0.13194516986431748
193,2020-10-26,157.67,160.91,161.17,152.88,9692,43.6575,5.7604,0.131945255683445
194,2020-10-27,162.09,168.07,169.18,159.37,12097,44.3269,5.8487,0.13194471077381906
195,2020-10-28,167.97,170.67,172.25,167.37,9026,42.4543,5.6016,0.13194423179748577
196,2020-10-29,170.98,172.11,173.25,168.53,7900,42.5448,5.6136,0.13194561967620014
197,2020-10-30,173.34,169.76,173.34,168.63,14200,43.9108,5.7938,0.13194476074223196
198,2020-11-02,180.37,186.0,186.0,178.86,9296,44.6797,5.8953,0.13194582774727673
199,2020-11-03,195.62,183.39,197.31,180.03,33195,42.7845,5.6452,0.1319449800745597
200,2020-11-04,187.14,195.87,200.16,186.88,25052,42.2689,5.5772,0.13194570949326812
201,2020-11-05,195.87,198.69,201.37,193.64,21489,42.2598,5.576,0.13194572619842024
202,2020-11-06,198.67,202.67,204.88,194.87,22362,42.2598,5.576,0.13194572619842024
203,2020-11-09,200.72,199.18,204.86,196.87,22151,43.8656,5.7878,0.13194393784651298
204,2020-11-10,197.17,200.37,202.84,195.06,16413,40.2561,5.3116,0.13194522072431258
205,2020-11-11,201.91,200.75,205.85,198.63,12345,44.5531,5.8785,0.13194368068664133
206,2020-11-12,201.08,206.97,207.15,199.37,17042,46.204,6.0964,0.13194528612241363
207,2020-11-13,205.18,207.37,209.84,202.93,14738,45.7743,6.0397,0.13194521816827348
208,2020-11-16,205.33,203.05,208.37,200.54,18796,45.8467,6.0492,0.13194406576700177
209,2020-11-17,203.07,202.77,210.79,202.45,25251,45.8422,6.0486,0.13194392939256844
210,2020-11-18,202.37,201.34,206.71,198.37,18249,46.1362,6.0874,0.1319441132993181
211,2020-11-19,205.03,205.01,206.96,194.04,18852,45.4758,6.0003,0.13194490256356128
212,2020-11-20,207.77,206.07,208.95,204.37,12268,45.1728,5.9603,0.13194444444444445
213,2020-11-23,207.98,206.59,209.03,203.67,8675,45.114,5.9526,0.13194573746508845
214,2020-11-24,205.87,208.65,209.65,203.74,9793,44.5531,5.8785,0.13194368068664133
215,2020-11-25,208.65,201.37,208.65,200.37,15546,45.0235,5.9406,0.13194442902040046
216,2020-11-26,203.23,198.37,203.35,195.37,13673,44.2817,5.8427,0.13194389555956523
217,2020-11-27,200.12,200.25,203.17,197.46,13160,43.0424,5.6792,0.13194431537274873
218,2020-11-30,201.14,197.71,202.76,194.54,17094,42.3413,5.5867,0.13194446084555744
219,2020-12-01,196.66,199.87,201.05,194.74,14744,41.9251,5.5318,0.13194482541484695
