,日期,开盘,收盘,最高,最低,成交量,pe,pb,roe
0,2020-01-03,5.72,5.69,5.72,5.65,190355,23.3328,1.2596,0.05398409106493863
1,2020-01-06,5.67,5.73,5.79,5.65,288806,22.9432,1.2386,0.05398549461278287
2,2020-01-07,5.91,5.82,5.94,5.79,424808,23.0298,1.2432,0.05398223171716646
3,2020-01-08,5.77,5.76,5.85,5.73,304285,23.073,1.2456,0.05398517748017163
4,2020-01-09,5.8,5.79,5.83,5.75,171422,22.8999,1.2362,0.053982768483705174
5,2020-01-10,5.8,5.75,5.81,5.73,143794,23.3761,1.2619,0.05398248638566741
6,2020-01-13,5.75,5.78,5.78,5.71,130438,22.8133,1.2316,0.053986051995984795
7,2020-01-14,5.78,5.76,5.79,5.74,136378,22.5969,1.2199,0.05398528116688572
8,2020-01-15,5.77,5.71,5.78,5.69,136658,22.3371,1.2059,0.05398641721620085
9,2020-01-16,5.72,5.69,5.73,5.68,84791,22.5103,1.2152,0.0539841761327037
10,2020-01-17,5.7,5.68,5.72,5.66,93581,22.6834,1.2246,0.053986615763069026
11,2020-01-20,5.68,5.71,5.72,5.66,116609,22.5536,1.2175,0.05398251276958003
12,2020-01-21,5.7,5.66,5.71,5.65,113246,22.2506,1.2012,0.05398506107700467
13,2020-01-22,5.63,5.63,5.66,5.57,138948,22.2938,1.2035,0.05398361876396128
14,2020-01-23,5.6,5.52,5.65,5.48,192657,22.2938,1.2035,0.05398361876396128
15,2020-02-03,5.04,5.04,5.04,5.04,184077,22.4237,1.2105,0.05398306256327011
16,2020-02-04,4.89,5.01,5.1,4.89,339811,22.3804,1.2082,0.053984736644563984
17,2020-02-05,5.01,5.08,5.18,5.0,240709,21.9908,1.1872,0.05398621241610128
18,2020-02-06,5.11,5.15,5.16,5.06,230717,22.0341,1.1895,0.053984505834138906
19,2020-02-07,5.21,5.31,5.34,5.11,258843,21.6878,1.1708,0.053984267652781755
20,2020-02-10,5.27,5.37,5.45,5.24,224548,21.9042,1.1825,0.053985080486847276
21,2020-02-11,5.38,5.34,5.41,5.33,145275,21.8177,1.1778,0.05398369213986809
22,2020-02-12,5.32,5.35,5.36,5.31,115995,21.3848,1.1544,0.05398226777898321
23,2020-02-13,5.35,5.28,5.38,5.28,158021,21.9475,1.1848,0.05398336940426016
24,2020-02-14,5.27,5.28,5.31,5.24,130653,22.0341,1.1895,0.053984505834138906
25,2020-02-17,5.3,5.38,5.39,5.3,233202,21.9042,1.1825,0.053985080486847276
26,2020-02-18,5.45,5.43,5.47,5.39,278835,22.0774,1.189,0.05385597941786623
27,2020-02-19,5.42,5.38,5.43,5.38,174285,22.1207,1.1913,0.05385453444059184
28,2020-02-20,5.4,5.51,5.52,5.39,320892,22.164,1.1936,0.05385309510918607
29,2020-02-21,5.49,5.49,5.53,5.47,248651,22.2506,1.1983,0.053854727512965946
30,2020-02-24,5.49,5.45,5.5,5.43,236204,22.5969,1.217,0.05385694497917856
31,2020-02-25,5.37,5.35,5.39,5.23,334605,22.5536,1.2146,0.05385393019296254
32,2020-02-26,5.32,5.37,5.45,5.27,345881,22.77,1.2263,0.05385595081247255
33,2020-02-27,5.38,5.36,5.42,5.35,188766,22.77,1.2263,0.05385595081247255
34,2020-02-28,5.27,5.16,5.3,5.15,312310,23.2462,1.2519,0.05385396322839862
35,2020-03-02,5.2,5.33,5.37,5.18,232268,23.073,1.2426,0.053855155376413985
36,2020-03-03,5.4,5.39,5.46,5.35,243849,22.8999,1.2333,0.05385613037611518
37,2020-03-04,5.38,5.4,5.41,5.32,175300,22.3371,1.203,0.053856588366439695
38,2020-03-05,5.47,5.54,5.61,5.43,517243,21.7311,1.1703,0.053853693554398986
39,2020-03-06,5.51,5.69,5.76,5.47,708376,21.9042,1.1796,0.05385268578628756
40,2020-03-09,5.67,5.55,5.73,5.54,532882,21.8177,1.175,0.053855355972444396
41,2020-03-10,5.5,5.81,5.94,5.5,825313,22.2505,1.1983,0.05385496955124604
42,2020-03-11,5.83,5.69,5.86,5.67,507102,22.2073,1.196,0.05385616441440427
43,2020-03-12,5.64,5.6,5.65,5.54,339376,22.6834,1.2216,0.053854360457427024
44,2020-03-13,5.41,5.74,5.78,5.33,679731,22.77,1.2263,0.05385595081247255
45,2020-03-16,5.78,5.51,5.8,5.48,596700,23.2029,1.2496,0.053855337048386194
46,2020-03-17,5.57,5.64,5.75,5.38,595064,23.4193,1.2612,0.0538530186640933
47,2020-03-18,5.67,5.5,5.7,5.5,486975,22.9111,1.2335,0.05383853241441921
48,2020-03-19,5.48,5.47,5.57,5.4,384537,22.9544,1.2358,0.05383717282961001
49,2020-03-20,5.53,5.48,5.55,5.43,240621,23.2576,1.2521,0.05383616538249862
50,2020-03-23,5.39,5.28,5.43,5.27,274106,23.2143,1.2498,0.05383750533076595
51,2020-03-24,5.36,5.33,5.39,5.24,203233,22.9977,1.2381,0.05383581836444514
52,2020-03-25,5.41,5.38,5.43,5.35,214636,22.9544,1.2358,0.05383717282961001
53,2020-03-26,5.37,5.27,5.37,5.27,197454,23.5174,1.2661,0.05383673365252962
54,2020-03-27,5.32,5.3,5.36,5.28,146677,24.1238,1.2987,0.05383480214559895
55,2020-03-30,5.26,5.32,5.35,5.2,161742,23.6474,1.2731,0.05383678543941405
56,2020-03-31,5.35,5.27,5.36,5.27,96461,24.0805,1.2964,0.05383609144328398
57,2020-04-01,5.31,5.31,5.4,5.28,140353,24.4269,1.3151,0.05383818658937482
58,2020-04-02,5.31,5.36,5.36,5.29,127159,24.1671,1.3011,0.053837655324801066
59,2020-04-03,5.34,5.3,5.35,5.26,102142,24.1502,1.3013,0.05388361172992356
60,2020-04-07,5.35,5.39,5.41,5.35,214949,24.0637,1.2966,0.05388198822292498
61,2020-04-08,5.38,5.36,5.38,5.35,93644,24.0204,1.3244,0.05513646733609765
62,2020-04-09,5.38,5.36,5.39,5.36,99167,23.7607,1.31,0.055133055844314355
63,2020-04-10,5.36,5.28,5.37,5.27,119159,23.804,1.3124,0.0551335909931104
64,2020-04-13,5.26,5.29,5.3,5.25,84262,24.3233,1.3411,0.055136432967566075
65,2020-04-14,5.31,5.31,5.33,5.29,93232,24.7561,1.3649,0.055133886193705794
66,2020-04-15,5.32,5.27,5.32,5.27,85313,24.7561,1.3649,0.055133886193705794
67,2020-04-16,5.28,5.5,5.55,5.28,546814,24.7129,1.3625,0.055133149084081595
68,2020-04-17,5.55,5.43,5.55,5.42,279246,25.4486,1.4031,0.05513466359642574
69,2020-04-20,5.48,5.58,5.63,5.44,413973,26.2277,1.4461,0.05513636346305623
70,2020-04-21,5.58,5.59,5.63,5.53,283515,25.4919,1.4055,0.05513516058041966
71,2020-04-22,5.56,5.57,5.65,5.54,249277,25.4053,1.4007,0.05513416491834381
72,2020-04-23,5.57,5.59,5.63,5.52,260577,25.7949,1.4222,0.055134929772939614
73,2020-04-24,5.59,5.55,5.63,5.51,191380,25.3188,1.3959,0.05513294468932177
74,2020-04-27,5.55,5.5,5.62,5.5,193016,25.9247,1.4294,0.055136607173853505
75,2020-04-28,5.52,5.51,5.57,5.35,253338,24.8427,1.3697,0.05513490884646193
76,2020-04-29,5.55,5.54,5.57,5.51,154990,24.4965,1.3506,0.05513440695609577
77,2020-04-30,5.52,5.52,5.58,5.49,308077,24.583,1.3554,0.055135662856445514
78,2020-05-06,5.44,5.43,5.47,5.38,388095,25.4919,1.4055,0.05513516058041966
79,2020-05-07,5.44,5.4,5.44,5.37,184426,24.9293,1.3745,0.05513592439418676
80,2020-05-08,5.42,5.41,5.44,5.39,160798,26.0978,1.4389,0.05513491558675444
81,2020-05-11,5.41,5.36,5.42,5.35,189376,23.804,1.3124,0.0551335909931104
82,2020-05-12,5.37,5.3,5.38,5.29,180357,23.501,1.2957,0.05513382409259181
83,2020-05-13,5.3,5.32,5.33,5.29,131818,23.6741,1.3053,0.055136203699401455
84,2020-05-14,5.31,5.28,5.32,5.27,107113,23.0682,1.2719,0.05513650826679151
85,2020-05-15,5.29,5.26,5.31,5.26,116413,22.9817,1.2671,0.05513517276789793
86,2020-05-18,5.32,5.3,5.34,5.27,165801,23.2413,1.2814,0.05513460950979507
87,2020-05-19,5.32,5.33,5.38,5.32,156165,23.804,1.3124,0.0551335909931104
88,2020-05-20,5.32,5.29,5.32,5.28,107953,23.804,1.3124,0.0551335909931104
89,2020-05-21,5.31,5.29,5.37,5.28,181792,23.9338,1.3196,0.05513541518689051
90,2020-05-22,5.27,5.15,5.28,5.14,251573,24.0204,1.3244,0.05513646733609765
91,2020-05-25,5.17,5.03,5.18,5.01,207890,23.1115,1.2743,0.05513705298228155
92,2020-05-26,5.04,5.07,5.09,5.04,144545,23.2846,1.2838,0.055135153706741796
93,2020-05-27,5.07,5.1,5.14,5.03,134311,24.2801,1.3387,0.05513568725005251
94,2020-05-28,5.08,5.08,5.15,5.07,108641,25.2755,1.3936,0.05513639690609483
95,2020-05-29,5.09,5.03,5.09,5.01,192012,25.5352,1.4079,0.055135655878943576
96,2020-06-01,5.12,5.16,5.21,5.1,286497,25.0158,1.3792,0.05513315584550564
97,2020-06-02,5.17,5.15,5.18,5.14,167138,25.7083,1.4174,0.05513394506832423
98,2020-06-03,5.16,5.12,5.17,5.12,147514,25.8814,1.427,0.055136120920815726
99,2020-06-04,5.13,5.09,5.15,5.08,124309,24.8427,1.3697,0.05513490884646193
100,2020-06-05,5.11,5.53,5.53,5.07,872498,25.1889,1.3888,0.05513539694071595
101,2020-06-08,5.73,5.77,5.97,5.61,1797672,23.1548,1.2766,0.055133276901549566
102,2020-06-09,5.61,5.51,5.66,5.48,1009258,22.0728,1.217,0.05513573266644921
103,2020-06-10,5.51,5.46,5.57,5.41,506761,21.5967,1.1907,0.05513342316187196
104,2020-06-11,5.45,5.53,5.71,5.42,838418,21.8131,1.2027,0.05513659223127387
105,2020-06-12,5.4,5.45,5.52,5.39,633975,21.7265,1.1979,0.05513543368697212
106,2020-06-15,5.41,5.56,5.76,5.36,949158,21.8996,1.2074,0.055133427094558804
107,2020-06-16,5.6,5.6,5.7,5.54,438963,22.3324,1.2313,0.055135139975999004
108,2020-06-17,5.6,5.7,5.77,5.55,693600,22.116,1.2194,0.05513655272201121
109,2020-06-18,5.68,5.62,5.71,5.58,369143,22.4623,1.2385,0.055136829265035193
110,2020-06-19,5.64,5.86,5.92,5.61,1086496,21.4236,1.1812,0.05513545809294423
111,2020-06-22,5.93,5.78,5.94,5.78,603829,21.7698,1.2003,0.055136014111291785
112,2020-06-23,5.82,5.83,5.92,5.78,499953,21.337,1.1764,0.05513427379669119
113,2020-06-24,5.85,5.73,5.86,5.71,372759,21.1639,1.1669,0.05513634065555025
114,2020-06-29,5.68,5.69,5.78,5.64,288153,20.6878,1.1406,0.0551339436769497
115,2020-06-30,5.71,5.71,5.73,5.68,275708,21.034,1.1597,0.05513454407150328
116,2020-07-01,5.71,5.66,5.71,5.6,319225,20.7311,1.143,0.0551345562946491
117,2020-07-02,5.66,5.77,5.79,5.64,436930,20.9475,1.1549,0.055133070772168516
118,2020-07-03,5.77,6.02,6.1,5.75,939354,22.0728,1.217,0.05513573266644921
119,2020-07-06,5.97,6.49,6.55,5.95,1360762,21.034,1.1597,0.05513454407150328
120,2020-07-07,6.53,6.41,6.65,6.4,1034529,19.1297,1.0547,0.055134163107628455
121,2020-07-08,6.55,6.65,6.69,6.4,1001464,19.2596,1.0619,0.05513613989906333
122,2020-07-09,6.63,6.61,6.73,6.55,732389,19.3894,1.069,0.05513321711863183
123,2020-07-10,6.58,6.45,6.62,6.41,935519,19.4327,1.0714,0.05513387228743303
124,2020-07-13,6.52,6.57,6.61,6.44,593594,18.8701,1.0404,0.05513484295260756
125,2020-07-14,6.58,6.51,6.71,6.42,838143,19.0865,1.0523,0.05513320933644199
126,2020-07-15,6.52,6.28,6.56,6.16,824103,19.173,1.0571,0.05513482501434309
127,2020-07-16,6.29,6.05,6.38,6.04,570466,19.0432,1.0499,0.05513254074945388
128,2020-07-17,6.05,6.01,6.16,5.95,436338,18.8701,1.0404,0.05513484295260756
129,2020-07-20,6.07,6.22,6.23,6.07,410786,19.3894,1.069,0.05513321711863183
130,2020-07-21,6.25,6.2,6.33,6.17,295427,19.9953,1.1024,0.05513295624471751
131,2020-07-22,6.18,6.17,6.31,6.13,411182,19.9953,1.1024,0.05513295624471751
132,2020-07-23,6.18,6.17,6.22,6.03,365824,20.1685,1.112,0.05513548355108213
133,2020-07-24,6.14,6.04,6.26,6.0,459398,20.0386,1.1048,0.05513359216711747
134,2020-07-27,6.1,5.98,6.12,5.95,238936,19.8655,1.0953,0.0551357881754801
135,2020-07-28,6.01,6.0,6.07,5.95,231468,19.9521,1.1001,0.055137053242515825
136,2020-07-29,6.0,6.14,6.15,5.93,318698,20.1252,1.1096,0.05513485580267525
137,2020-07-30,6.14,6.1,6.19,6.05,311580,20.0386,1.1048,0.05513359216711747
138,2020-07-31,6.1,6.17,6.3,6.08,447745,20.2983,1.1191,0.05513269584152367
139,2020-08-03,6.23,6.7,6.72,6.23,1222461,20.5147,1.1311,0.05513607315729696
140,2020-08-04,6.65,6.43,6.66,6.41,1044167,20.4714,1.1287,0.055135457272096684
141,2020-08-05,6.57,6.56,6.63,6.4,854329,20.6012,1.1359,0.055137564802050364
142,2020-08-06,6.52,6.35,6.52,6.28,919638,20.9908,1.1573,0.055133677611143926
143,2020-08-07,6.32,6.33,6.41,6.21,553105,21.0773,1.1649,0.05526798973303032
144,2020-08-10,6.34,6.41,6.52,6.3,580327,20.9475,1.1577,0.055266738274257064
145,2020-08-11,6.39,6.66,6.9,6.34,1622163,20.9042,1.1553,0.055266405794050955
146,2020-08-12,6.63,6.52,6.69,6.37,1003750,21.1206,1.1673,0.05526831624101588
147,2020-08-13,6.56,6.63,6.74,6.51,1021789,21.2937,1.1769,0.055269868552670506
148,2020-08-14,6.6,6.54,6.61,6.37,738535,21.2072,1.1721,0.0552689652570825
149,2020-08-17,6.55,6.56,6.65,6.49,646366,21.2937,1.1769,0.055269868552670506
150,2020-08-18,6.58,6.73,6.81,6.54,1118839,21.2504,1.1745,0.05526954786733427
151,2020-08-19,6.73,6.55,6.73,6.52,807459,20.6012,1.1386,0.05526862512863329
152,2020-08-20,6.49,6.38,6.53,6.38,633246,20.9042,1.1553,0.055266405794050955
153,2020-08-21,6.4,6.39,6.47,6.36,435101,23.1065,1.1312,0.048955921493951914
154,2020-08-24,6.43,6.39,6.47,6.35,345379,23.3074,1.141,0.04895440932922591
155,2020-08-25,6.39,6.29,6.42,6.25,439464,23.207,1.1361,0.04895505666393761
156,2020-08-26,6.33,6.17,6.36,6.15,335045,23.1567,1.1336,0.04895343464310545
157,2020-08-27,6.22,6.16,6.25,6.13,285011,23.5586,1.1533,0.048954521915563744
158,2020-08-28,6.14,6.22,6.24,6.1,270672,23.5586,1.1533,0.048954521915563744
159,2020-08-31,6.25,6.23,6.4,6.19,452228,23.7093,1.1607,0.04895547316875657
160,2020-09-01,6.27,6.25,6.27,6.2,287628,23.2572,1.1386,0.04895688216982268
161,2020-09-02,6.25,6.25,6.32,6.23,324991,23.5586,1.1533,0.048954521915563744
162,2020-09-03,6.32,6.31,6.46,6.28,608994,23.3074,1.141,0.04895440932922591
163,2020-09-04,6.24,6.23,6.26,6.18,314581,23.1065,1.1312,0.048955921493951914
164,2020-09-07,6.2,6.13,6.29,6.13,343644,23.3577,1.1435,0.04895601878609623
165,2020-09-08,6.15,6.24,6.25,6.09,248504,23.2572,1.1386,0.04895688216982268
166,2020-09-09,6.19,6.1,6.22,6.07,283575,23.1065,1.1312,0.048955921493951914
167,2020-09-10,6.17,5.97,6.18,5.97,375488,23.659,1.1582,0.048953886470265016
168,2020-09-11,5.96,5.98,6.0,5.9,202882,23.4079,1.1459,0.0489535584140397
169,2020-09-14,6.03,6.03,6.08,5.99,184402,23.1567,1.1336,0.04895343464310545
170,2020-09-15,6.03,6.04,6.05,5.97,142625,24.1614,1.1828,0.04895411689719967
171,2020-09-16,6.0,5.97,6.04,5.93,302615,24.1111,1.1804,0.04895670458834312
172,2020-09-17,5.97,5.96,6.0,5.92,217932,24.2618,1.1877,0.04895349891599139
173,2020-09-18,5.99,6.08,6.08,5.95,277262,24.9651,1.2222,0.04895634305490464
174,2020-09-21,6.09,6.03,6.16,5.99,216874,24.3121,1.1902,0.04895504707532463
175,2020-09-22,5.99,5.93,6.02,5.92,214857,25.4674,1.2468,0.048956705435183795
176,2020-09-23,5.93,5.91,5.96,5.9,171806,24.7641,1.2123,0.04895392927665451
177,2020-09-24,5.88,5.8,5.89,5.76,245990,25.2162,1.2345,0.0489566231232303
178,2020-09-25,5.82,5.81,5.83,5.77,132694,25.819,1.264,0.048956195050156866
179,2020-09-28,5.84,5.71,5.85,5.7,177707,24.513,1.2,0.04895361644841512
180,2020-09-29,5.74,5.73,5.78,5.7,187356,25.2162,1.2345,0.0489566231232303
181,2020-09-30,5.74,5.69,5.77,5.66,166397,24.4627,1.1976,0.04895616591790767
182,2020-10-09,5.76,5.83,5.88,5.75,272612,23.7595,1.1632,0.048957259201582524
183,2020-10-12,5.85,5.96,5.97,5.85,286392,23.7093,1.1607,0.04895547316875657
184,2020-10-13,5.95,6.0,6.03,5.91,274341,23.4079,1.1459,0.0489535584140397
185,2020-10-14,6.01,6.04,6.09,5.93,526577,22.554,1.1041,0.04895362241730958
186,2020-10-15,6.02,5.93,6.08,5.91,293103,23.5586,1.1533,0.048954521915563744
187,2020-10-16,5.96,5.93,5.98,5.9,249611,23.6088,1.1558,0.04895632137169191
188,2020-10-19,5.96,5.88,6.0,5.87,184688,23.5083,1.1509,0.04895717682690795
189,2020-10-20,5.9,5.89,5.9,5.8,179062,24.0107,1.1755,0.04895733985264903
190,2020-10-21,5.91,5.81,5.91,5.79,178466,24.2116,1.1853,0.048955872391746105
191,2020-10-22,5.81,5.79,5.82,5.76,127079,24.3121,1.1902,0.04895504707532463
192,2020-10-23,5.79,5.78,5.83,5.76,136032,23.659,1.1582,0.048953886470265016
193,2020-10-26,5.78,5.77,5.81,5.71,171015,23.9102,1.1705,0.04895400289416233
194,2020-10-27,5.77,5.73,5.79,5.68,203623,23.659,1.1582,0.048953886470265016
195,2020-10-28,5.74,5.76,5.76,5.67,197859,23.1567,1.1336,0.04895343464310545
196,2020-10-29,5.7,5.74,5.75,5.69,179254,23.1567,1.1336,0.04895343464310545
197,2020-10-30,5.76,5.61,5.77,5.59,333117,23.5083,1.1509,0.04895717682690795
198,2020-11-02,5.61,5.71,5.72,5.59,223626,23.4581,1.1484,0.04895537149214983
199,2020-11-03,5.71,5.73,5.77,5.7,239698,23.6088,1.1558,0.04895632137169191
200,2020-11-04,5.72,5.68,5.74,5.65,179898,23.3074,1.141,0.04895440932922591
201,2020-11-05,5.71,5.76,5.76,5.69,195732,22.5037,1.1017,0.04895639383745784
202,2020-11-06,5.78,5.75,5.78,5.71,159778,22.1521,1.0845,0.04895698376226182
203,2020-11-09,5.77,5.84,5.87,5.76,357998,21.8005,1.0673,0.048957592715763394
204,2020-11-10,5.85,5.85,5.9,5.8,265856,21.9512,1.0746,0.048954043514705343
205,2020-11-11,5.85,5.82,5.85,5.79,178250,24.3623,1.1927,0.04895678979406706
206,2020-11-12,5.85,5.82,5.87,5.81,141963,24.9148,1.2197,0.048954838088204604
207,2020-11-13,5.81,5.81,5.86,5.8,213390,25.0655,1.2271,0.04895573597175401
208,2020-11-16,5.87,5.88,5.9,5.81,246995,25.3167,1.2394,0.04895582757626389
209,2020-11-17,5.88,5.91,5.95,5.83,264721,25.166,1.232,0.048954939203687514
210,2020-11-18,5.89,5.87,5.91,5.85,209975,25.2162,1.2345,0.0489566231232303
211,2020-11-19,5.85,5.83,5.89,5.82,233071,25.3167,1.2394,0.04895582757626389
212,2020-11-20,5.84,5.89,5.92,5.82,258850,25.5678,1.2517,0.048956108855670026
213,2020-11-23,5.88,5.94,6.02,5.85,369267,25.6683,1.2566,0.04895532621950032
214,2020-11-24,5.94,6.07,6.1,5.94,558881,25.5176,1.2492,0.04895444712668903
215,2020-11-25,6.08,5.96,6.15,5.95,491682,25.7185,1.2591,0.0489569764955188
216,2020-11-26,5.96,6.0,6.04,5.92,246234,25.5678,1.2517,0.048956108855670026
217,2020-11-27,5.99,5.99,6.0,5.92,199921,25.8692,1.2664,0.04895396842577274
218,2020-11-30,5.98,5.97,6.04,5.95,387613,25.4171,1.2443,0.048955230927210415
219,2020-12-01,5.99,6.06,6.12,5.93,366820,25.2162,1.2345,0.0489566231232303
