,日期,开盘,收盘,最高,最低,成交量,pe,pb,roe
0,2020-01-03,16.33,16.47,16.73,16.33,348167,161.7991,1.8196,0.011246045249942676
1,2020-01-06,16.36,16.84,17.23,16.29,539413,155.8727,1.753,0.011246356802698611
2,2020-01-07,16.78,16.86,16.91,16.53,353211,154.2491,1.7347,0.0112460947908286
3,2020-01-08,16.66,16.41,16.75,16.29,350574,151.2453,1.7009,0.011245969296235983
4,2020-01-09,16.59,16.57,16.75,16.47,230636,150.9205,1.6973,0.011246318425926232
5,2020-01-10,16.72,16.57,16.78,16.46,192457,154.7362,1.7402,0.011246237144249374
6,2020-01-13,16.34,16.5,16.53,16.08,327231,157.6588,1.773,0.011245804230401345
7,2020-01-14,16.48,16.18,16.56,16.16,276232,156.1975,1.7566,0.011246018662270523
8,2020-01-15,16.17,16.2,16.32,16.1,171849,154.1679,1.7338,0.011246180300827864
9,2020-01-16,16.22,16.21,16.39,16.1,198974,155.3044,1.7466,0.01124630081311283
10,2020-01-17,16.32,16.21,16.38,16.15,179608,149.2969,1.679,0.011246047305737762
11,2020-01-20,16.2,16.27,16.27,16.0,243586,149.7028,1.6836,0.01124628263466014
12,2020-01-21,16.21,15.84,16.21,15.77,351995,149.5404,1.6817,0.011245790435226869
13,2020-01-22,15.71,15.96,16.08,15.56,303332,150.5958,1.6936,0.011245997564341104
14,2020-01-23,15.73,15.48,15.83,15.42,268675,151.57,1.7046,0.011246288843438675
15,2020-02-03,14.24,14.24,14.24,14.24,87366,155.3044,1.7466,0.01124630081311283
16,2020-02-04,13.68,14.16,14.36,13.68,386724,160.2567,1.8023,0.011246331666632347
17,2020-02-05,14.2,14.26,14.61,14.16,323509,154.0055,1.732,0.01124635159133927
18,2020-02-06,14.22,14.53,14.6,14.08,392843,153.2749,1.7237,0.011245807369634559
19,2020-02-07,14.47,14.49,14.59,14.34,328039,150.4334,1.6918,0.011246172724940072
20,2020-02-10,14.41,14.59,14.64,14.35,291947,150.677,1.6945,0.011245910125632976
21,2020-02-11,14.63,14.61,14.84,14.58,243582,144.7506,1.6279,0.01124624008466977
22,2020-02-12,14.62,14.76,14.82,14.49,267692,146.0495,1.6425,0.011246187080407671
23,2020-02-13,14.73,14.54,14.81,14.51,246009,152.7878,1.7183,0.011246316787073312
24,2020-02-14,14.5,14.74,14.86,14.48,283144,151.0829,1.7386,0.011507589541900506
25,2020-02-17,15.03,15.31,15.4,14.89,404944,153.9243,1.7713,0.011507604712186446
26,2020-02-18,15.31,15.29,15.45,15.18,281544,155.2233,1.7863,0.011507937274880769
27,2020-02-19,15.29,15.42,15.72,15.26,377878,172.353,1.9834,0.011507777642396709
28,2020-02-20,15.48,16.16,16.18,15.38,566202,177.7923,2.046,0.011507809955774237
29,2020-02-21,16.08,16.08,16.53,15.91,562054,176.5746,2.032,0.011507883919884287
30,2020-02-24,16.04,16.07,16.27,15.9,374216,178.1983,2.0507,0.011507966125378301
31,2020-02-25,15.78,16.09,16.13,15.57,489909,180.2278,2.074,0.011507658640897795
32,2020-02-26,15.88,15.93,16.2,15.83,444207,184.1247,2.1189,0.011507961723766556
33,2020-02-27,15.96,15.88,16.21,15.79,338289,183.5564,2.1123,0.011507634710639345
34,2020-02-28,15.48,14.96,15.68,14.96,471311,181.608,2.0899,0.011507752962424563
35,2020-03-02,15.08,15.64,15.77,15.05,426125,181.3644,2.0871,0.011507771095099149
36,2020-03-03,15.86,15.76,16.13,15.63,394877,185.8295,2.1385,0.011507860700265566
37,2020-03-04,15.69,16.03,16.03,15.63,345100,178.6042,2.0553,0.01150756813109658
38,2020-03-05,16.27,16.34,16.56,15.98,620215,178.1983,2.0507,0.011507966125378301
39,2020-03-06,15.96,15.8,16.14,15.73,469379,181.5268,2.089,0.011507942628857005
40,2020-03-09,15.58,15.37,15.66,15.28,376712,182.4198,2.0992,0.011507522757946233
41,2020-03-10,15.35,15.76,15.77,15.19,395185,181.7703,2.0918,0.011507930613527074
42,2020-03-11,15.71,15.47,15.78,15.45,276784,177.7923,2.046,0.011507809955774237
43,2020-03-12,15.33,15.28,15.48,15.19,219031,179.9843,2.0712,0.011507670391250793
44,2020-03-13,14.49,15.05,15.28,14.38,334949,183.5564,2.1123,0.011507634710639345
45,2020-03-16,15.09,14.52,15.15,14.49,339110,183.8811,2.1161,0.011507979884827749
46,2020-03-17,14.65,14.52,14.76,14.3,249256,187.1285,2.1534,0.011507600392243833
47,2020-03-18,14.54,14.19,14.67,14.18,246996,173.1649,1.9927,0.011507528373244232
48,2020-03-19,14.18,14.33,14.44,14.01,274562,176.331,2.0292,0.011507902751076101
49,2020-03-20,14.41,14.41,14.45,14.24,166744,177.4676,2.0423,0.011508016111109859
50,2020-03-23,14.11,14.03,14.23,14.03,167408,178.9289,2.0591,0.011507922979462792
51,2020-03-24,14.21,14.37,14.38,14.12,199298,176.8181,2.0348,0.011507871648886626
52,2020-03-25,14.56,14.53,14.68,14.41,199123,179.5784,2.0665,0.01150750869815078
53,2020-03-26,14.45,14.33,14.49,14.32,132115,181.1209,2.0843,0.01150778292289846
54,2020-03-27,14.47,14.42,14.55,14.33,163537,189.6452,2.1824,0.01150780510131551
55,2020-03-30,14.28,14.15,14.28,14.08,155571,189.8075,2.1843,0.011507975185385192
56,2020-03-31,14.25,14.09,14.26,14.09,113721,196.0587,2.2562,0.01150777802770293
57,2020-04-01,14.09,13.99,14.24,13.97,145528,193.1361,2.2226,0.011507946986606853
58,2020-04-02,13.96,14.13,14.13,13.9,135163,186.0731,2.1413,0.01150784288540364
59,2020-04-03,14.13,13.98,14.16,13.97,112633,179.5784,2.0665,0.01150750869815078
60,2020-04-07,14.13,14.17,14.21,14.08,260084,177.9547,2.0479,0.011507984897280037
61,2020-04-08,14.1,14.12,14.17,14.07,132341,182.9069,2.1049,0.011508040429311306
62,2020-04-09,14.2,14.17,14.32,14.15,195229,180.0655,2.0722,0.011508034576306956
63,2020-04-10,14.24,14.35,14.62,14.16,355185,178.1983,2.0959,0.01176161613214043
64,2020-04-13,14.23,14.44,14.53,14.21,234197,174.7885,2.0558,0.011761643357543546
65,2020-04-14,14.47,14.54,14.66,14.31,301459,177.1429,2.0835,0.011761690702816765
66,2020-04-15,14.46,14.28,14.51,14.28,211646,179.2536,2.1083,0.01176154900096846
67,2020-04-16,14.25,14.32,14.41,14.21,156265,177.3864,2.0863,0.011761330068145021
68,2020-04-17,14.4,14.31,14.4,14.25,174216,180.8773,2.1274,0.011761564331179204
69,2020-04-20,14.28,14.27,14.33,14.22,107155,187.372,2.2038,0.011761629272249855
70,2020-04-21,14.27,14.06,14.27,14.0,161062,191.0253,2.2468,0.01176179280964354
71,2020-04-22,14.03,14.12,14.13,13.97,112384,182.0139,2.1408,0.01176173907597167
72,2020-04-23,14.11,14.0,14.13,14.0,105159,179.416,2.1102,0.01176149284344763
73,2020-04-24,13.99,13.81,14.06,13.77,145794,175.6816,2.0663,0.011761618746641651
74,2020-04-27,13.85,13.79,13.91,13.77,95219,181.0397,2.1293,0.011761508663569372
75,2020-04-28,13.89,13.85,13.96,13.65,132585,179.2536,2.1083,0.01176154900096846
76,2020-04-29,13.81,14.0,14.06,13.8,119224,185.0989,2.1771,0.011761820302551771
77,2020-04-30,14.08,14.26,14.27,14.08,195723,199.7119,2.3489,0.01176144235771629
78,2020-05-06,14.06,14.27,14.3,14.03,174919,196.1399,2.3069,0.011761502886460124
79,2020-05-07,14.28,14.26,14.36,14.21,168062,195.8963,2.304,0.011761324741712834
80,2020-05-08,14.33,14.42,14.58,14.28,246836,197.0329,2.3174,0.01176148754852616
81,2020-05-11,14.44,14.33,14.53,14.26,149950,194.9221,2.2926,0.011761621693999809
82,2020-05-12,14.38,14.24,14.38,14.17,102010,188.7521,2.22,0.011761458548010856
83,2020-05-13,14.21,14.34,14.39,14.21,129500,194.3538,2.2859,0.011761540036778286
84,2020-05-14,14.28,14.13,14.3,14.11,134915,189.8075,2.2324,0.011761389829169027
85,2020-05-15,14.18,14.13,14.21,14.12,73507,184.287,2.1675,0.011761545849680118
86,2020-05-18,14.14,14.06,14.21,14.05,110524,190.457,2.2401,0.011761709992281722
87,2020-05-19,14.17,14.21,14.26,14.14,123274,211.9707,2.4843,0.01172001602108216
88,2020-05-20,14.21,14.19,14.29,14.14,107323,200.605,2.3511,0.011720046858253784
89,2020-05-21,14.24,14.2,14.26,14.16,92643,200.6861,2.3521,0.011720293533034923
90,2020-05-22,14.16,13.98,14.21,13.98,140106,206.1255,2.4158,0.01172004434191791
91,2020-05-25,13.99,13.88,14.05,13.86,94989,201.7415,2.3644,0.011719948548018132
92,2020-05-26,13.94,13.99,14.02,13.91,80395,224.1482,2.6271,0.011720370719015365
93,2020-05-27,13.97,13.87,14.0,13.82,84842,230.7241,2.7041,0.011720058719483574
94,2020-05-28,13.89,14.04,14.17,13.89,146490,235.5951,2.7612,0.011720107930937444
95,2020-05-29,14.01,14.01,14.06,13.93,98201,241.7651,2.8335,0.011720053887016777
96,2020-06-01,14.28,14.39,14.48,14.2,337986,229.5064,2.6899,0.011720370325184831
97,2020-06-02,14.38,14.33,14.47,14.3,178316,243.7947,2.8573,0.011720107122919406
98,2020-06-03,14.39,14.2,14.43,14.2,158650,221.6315,2.5976,0.011720355635367717
99,2020-06-04,14.27,14.13,14.28,14.13,112194,201.498,2.3616,0.011720215585266357
100,2020-06-05,14.13,14.21,14.26,14.09,153681,187.7779,2.2008,0.011720229057839076
101,2020-06-08,14.26,14.17,14.32,14.16,133234,170.7294,2.001,0.011720301248642588
102,2020-06-09,14.18,14.26,14.32,14.17,146772,155.2233,1.8192,0.011719889990742369
103,2020-06-10,14.24,14.11,14.27,14.1,138241,141.0973,1.6537,0.011720280969231871
104,2020-06-11,14.11,14.04,14.26,14.02,179265,130.381,1.5281,0.01172026598967641
105,2020-06-12,13.98,13.98,14.01,13.89,167809,118.5282,1.3892,0.011720417588388248
106,2020-06-15,14.0,13.93,14.2,13.92,210273,120.0707,1.4072,0.011719761773688334
107,2020-06-16,14.03,14.04,14.07,13.96,134610,118.5282,1.3892,0.011720417588388248
108,2020-06-17,14.04,14.02,14.05,13.95,95832,107.7308,1.2626,0.011719953810795054
109,2020-06-18,14.0,14.12,14.24,13.93,184627,97.9076,1.1475,0.011720234179981942
110,2020-06-19,14.12,15.14,15.22,14.09,1080578,89.6268,1.0504,0.011719708837088906
111,2020-06-22,15.36,16.35,16.35,15.27,1291215,88.815,1.0409,0.011719867139559758
112,2020-06-23,16.64,17.68,17.68,16.46,2491369,88.9774,1.0428,0.011719829979298112
113,2020-06-24,18.13,17.87,18.33,17.33,2107166,88.0843,1.0324,0.011720590388979648
114,2020-06-29,18.28,17.68,18.73,17.43,2118982,88.4903,1.0371,0.01171992862494533
115,2020-06-30,17.77,19.14,19.14,17.54,2149465,88.9774,1.0428,0.011719829979298112
116,2020-07-01,19.31,20.46,20.46,18.89,2296391,89.5456,1.0495,0.011720285530500663
117,2020-07-02,20.23,22.2,22.2,20.03,3092481,90.7634,1.0638,0.011720583406968008
118,2020-07-03,22.2,24.11,24.11,22.01,2728036,90.0327,1.0552,0.011720186110157751
119,2020-07-06,26.21,26.21,26.21,25.68,782242,90.3575,1.059,0.011720111778214314
120,2020-07-07,28.48,27.9,28.52,27.57,3466322,89.708,1.0514,0.011720247915459043
121,2020-07-08,27.9,30.38,30.38,27.58,2940398,90.2763,1.0581,0.011720684166276198
122,2020-07-09,30.73,33.11,33.11,29.39,3248798,91.3317,1.0704,0.01171991761896472
123,2020-07-10,32.18,31.35,33.58,31.08,3198513,91.8188,1.0761,0.011719822084366166
124,2020-07-13,30.78,32.86,34.18,30.19,3802540,88.7338,1.04,0.01172044925383563
125,2020-07-14,31.96,32.1,32.98,30.96,2638514,88.9774,1.0428,0.011719829979298112
126,2020-07-15,32.58,31.5,33.84,31.32,2863232,87.5972,1.0267,0.01172069426876658
127,2020-07-16,31.5,30.69,33.29,29.78,3118453,88.5714,1.0381,0.01172048765177021
128,2020-07-17,30.58,27.93,30.58,27.93,2597433,87.6784,1.0276,0.011720104381466817
129,2020-07-20,27.61,28.47,29.08,26.89,2954698,88.4903,1.0371,0.01171992862494533
130,2020-07-21,28.1,27.8,28.48,27.13,1973946,90.2763,1.0581,0.011720684166276198
131,2020-07-22,27.98,27.79,29.21,27.61,2438525,90.1951,1.0571,0.011720148877267168
132,2020-07-23,27.38,29.19,30.18,27.21,3360051,90.3575,1.059,0.011720111778214314
133,2020-07-24,28.63,26.58,28.67,26.58,2791790,89.1397,1.0447,0.011719806102107141
134,2020-07-27,26.46,25.82,26.6,25.25,1618463,89.708,1.0514,0.011720247915459043
135,2020-07-28,26.17,26.5,26.52,25.41,1487419,89.708,1.0514,0.011720247915459043
136,2020-07-29,26.12,27.06,27.52,26.0,1936979,91.4129,1.0714,0.011720446457775653
137,2020-07-30,26.82,26.37,27.13,26.3,1365964,90.601,1.0619,0.011720621185196633
138,2020-07-31,26.33,27.13,27.32,26.08,1748994,91.3317,1.0704,0.01171991761896472
139,2020-08-03,27.5,27.39,27.56,26.77,1704158,92.0623,1.079,0.011720324171783673
140,2020-08-04,27.39,27.25,27.86,26.92,1564663,90.7634,1.0638,0.011720583406968008
141,2020-08-05,26.9,27.28,27.63,26.5,1216137,90.8446,1.0647,0.011720014178057915
142,2020-08-06,27.28,27.72,28.38,26.13,1901216,90.7634,1.0638,0.011720583406968008
143,2020-08-07,26.82,25.92,26.84,25.3,1809390,88.6526,1.039,0.011719904435966908
144,2020-08-10,25.0,25.2,25.99,24.56,1219886,87.4349,1.0467,0.011971192281343032
145,2020-08-11,25.12,25.42,26.83,25.03,1644355,86.9478,1.0408,0.011970400631183306
146,2020-08-12,25.12,24.76,25.35,24.13,1258749,87.1101,1.0428,0.01197105731711937
147,2020-08-13,24.78,25.22,25.77,24.46,1152882,88.6526,1.0612,0.011970320103414901
148,2020-08-14,25.0,25.54,25.54,24.76,865835,89.6268,1.0729,0.011970749820366229
149,2020-08-17,26.02,26.65,27.56,25.64,1915374,89.1397,1.0671,0.011971097053277046
150,2020-08-18,26.42,26.2,26.58,26.06,987144,90.8446,1.0875,0.011970992221882202
151,2020-08-19,26.04,25.4,26.29,25.35,764281,91.1693,1.0914,0.01197113502023159
152,2020-08-20,25.18,24.97,25.5,24.81,563052,91.2505,1.0923,0.011970345367970587
153,2020-08-21,25.19,25.2,25.49,24.79,548049,90.9258,1.0884,0.01197019987726256
154,2020-08-24,25.33,24.94,25.33,24.82,459500,93.0365,1.1137,0.01197057068999801
155,2020-08-25,25.06,24.65,25.49,24.65,579404,92.2247,1.104,0.011970762713242766
156,2020-08-26,24.46,25.07,25.5,24.32,1086476,91.494,1.0952,0.01197018383719151
157,2020-08-27,24.91,25.3,25.58,24.51,906809,90.0327,1.0778,0.011971206017369245
158,2020-08-28,25.3,25.65,25.82,25.05,959656,89.6268,1.0729,0.011970749820366229
159,2020-08-31,25.81,25.04,26.21,25.04,1057564,90.0327,1.0778,0.011971206017369245
160,2020-09-01,24.95,25.24,25.25,24.81,512383,88.4903,1.0593,0.011970803579601378
161,2020-09-02,25.24,26.04,26.56,25.0,1214571,89.708,1.0739,0.011971061666740983
162,2020-09-03,25.97,26.91,28.12,25.85,1958648,88.5714,1.0603,0.011971132893913838
163,2020-09-04,26.22,27.27,27.82,26.0,1615301,89.3833,1.07,0.01197091626735643
164,2020-09-07,26.84,26.5,27.5,26.29,1185072,89.8704,1.0758,0.011970570955509267
165,2020-09-08,26.51,26.48,27.09,25.65,1147851,506.0481,1.0623,0.002099207565446842
166,2020-09-09,25.86,25.43,26.42,25.26,857957,502.0318,1.0538,0.0020990702182610743
167,2020-09-10,25.78,25.24,26.04,25.18,733820,510.9568,1.0726,0.0020991989929481317
168,2020-09-11,24.77,24.9,25.3,24.46,720643,503.8168,1.0576,0.0020991757321312033
169,2020-09-14,24.99,25.16,25.39,24.7,536582,488.6443,1.0257,0.0020990728838953
170,2020-09-15,25.12,24.98,25.19,24.9,399292,505.6018,1.0613,0.0020990827168732387
171,2020-09-16,24.99,24.84,25.28,24.7,453501,502.0318,1.0538,0.0020990702182610743
172,2020-09-17,24.65,24.45,24.95,24.22,583580,495.7843,1.0407,0.002099098337724692
173,2020-09-18,24.27,26.17,26.46,24.22,1299248,510.5106,1.0716,0.0020990749261621602
174,2020-09-21,27.02,25.77,27.3,25.7,1106660,510.5106,1.0716,0.0020990749261621602
175,2020-09-22,25.5,25.73,26.59,25.34,831137,534.1618,1.1213,0.002099176691406986
176,2020-09-23,25.78,25.29,25.89,25.28,516625,544.4256,1.1428,0.0020990930624864078
177,2020-09-24,25.14,25.02,25.58,25.0,400535,552.9044,1.1606,0.00209909705909376
178,2020-09-25,25.17,25.51,25.82,25.07,562975,565.8456,1.1878,0.0020991592052673025
179,2020-09-28,25.4,25.59,25.78,25.24,392654,548.4418,1.1513,0.0020992200083946922
180,2020-09-29,25.73,25.48,26.02,25.43,534091,567.6306,1.1915,0.0020990764063811922
181,2020-09-30,25.42,25.07,25.56,24.92,488121,591.7281,1.2421,0.002099105991417342
182,2020-10-09,25.42,25.12,25.47,25.08,476499,577.8944,1.2131,0.0020991724439620805
183,2020-10-12,25.25,26.01,26.22,25.16,984420,565.8456,1.1878,0.0020991592052673025
184,2020-10-13,25.71,25.46,25.79,25.21,692399,560.4906,1.1766,0.002099232351086709
185,2020-10-14,25.41,25.49,25.87,25.32,512157,530.1456,1.1129,0.0020992346253557517
186,2020-10-15,25.57,25.73,25.95,25.42,556250,571.2006,1.199,0.00209908743093057
187,2020-10-16,25.85,25.8,26.0,25.62,520595,573.4319,1.2037,0.002099115867115171
188,2020-10-19,25.8,25.32,26.08,25.27,561163,580.5719,1.2187,0.002099137075011725
189,2020-10-20,24.77,25.07,25.17,24.77,442212,579.6794,1.2168,0.002099091325308438
190,2020-10-21,25.07,24.87,25.07,24.83,262280,580.1256,1.2178,0.002099200586907387
191,2020-10-22,24.87,25.02,25.29,24.77,306627,583.6956,1.2253,0.0020992106159443383
192,2020-10-23,24.99,24.35,25.12,24.32,379365,550.6731,1.1559,0.0020990674866812995
193,2020-10-26,24.1,22.24,24.1,22.23,1227495,544.8718,1.1438,0.0020992093920074407
194,2020-10-27,21.88,22.08,22.18,21.53,642515,545.7643,1.1456,0.0020990746371647977
195,2020-10-28,22.0,21.73,22.02,21.58,508821,520.3281,1.0922,0.0020990601891383537
196,2020-10-29,21.37,21.94,22.15,21.33,547976,511.4031,1.0735,0.002099126892269523
197,2020-10-30,21.78,21.11,21.94,21.09,580698,521.2206,1.0941,0.002099111201667778
198,2020-11-02,21.12,20.95,21.45,20.76,499110,514.5268,1.0801,0.0020992103812668265
199,2020-11-03,21.08,21.68,22.22,21.02,753120,513.6343,1.0782,0.0020991588762666355
200,2020-11-04,21.69,21.65,21.9,21.38,409566,509.1718,1.0688,0.0020990950402202165
201,2020-11-05,21.87,22.0,22.22,21.74,483296,510.9568,1.0726,0.0020991989929481317
202,2020-11-06,22.02,22.09,22.43,21.82,626662,498.908,1.0473,0.002099184619208351
203,2020-11-09,22.18,22.86,23.38,22.0,974909,494.4455,1.0379,0.0020991191142400935
204,2020-11-10,23.02,22.25,23.02,22.14,591620,498.0155,1.0454,0.0020991314527359093
205,2020-11-11,22.25,21.79,22.3,21.7,393358,553.3506,1.1616,0.0020992116029150414
206,2020-11-12,21.8,21.67,21.95,21.53,278303,574.7706,1.2065,0.0020990983185291663
207,2020-11-13,21.55,21.54,21.67,21.38,250613,569.4156,1.1953,0.002099169745261633
208,2020-11-16,21.72,21.56,21.79,21.37,279125,588.6044,1.2356,0.0020992027922319303
209,2020-11-17,21.56,21.51,21.58,21.17,286946,585.9269,1.23,0.002099237976614489
210,2020-11-18,21.68,22.25,22.87,21.67,919948,585.9269,1.23,0.002099237976614489
211,2020-11-19,21.92,22.11,22.37,21.48,539156,585.4806,1.229,0.0020991301846722166
212,2020-11-20,22.0,22.36,22.57,21.97,457520,584.5881,1.2271,0.0020990848086028437
213,2020-11-23,22.2,22.54,23.02,22.17,766089,598.8682,1.2571,0.0020991263186123424
214,2020-11-24,22.47,22.18,22.61,22.1,455807,601.9919,1.2637,0.002099197680234568
215,2020-11-25,22.37,21.71,22.5,21.69,417945,601.9919,1.2637,0.002099197680234568
216,2020-11-26,21.7,21.75,21.87,21.54,306191,594.8519,1.2487,0.0020991779634561137
217,2020-11-27,21.77,22.12,22.12,21.66,359499,614.9332,1.2908,0.0020990897873134837
218,2020-11-30,22.28,22.32,22.91,22.13,906510,614.0407,1.289,0.0020992093846547953
219,2020-12-01,22.12,23.05,23.23,22.04,1052227,597.5294,1.2543,0.002099143573521236
