,日期,开盘,收盘,最高,最低,成交量,pe,pb,roe
0,2020-01-03,8.55,8.5,8.58,8.46,784004,13.8933,1.185,0.08529291097147547
1,2020-01-06,8.44,8.44,8.5,8.4,800045,13.7716,1.1746,0.08529146940079585
2,2020-01-07,8.45,8.44,8.47,8.41,547209,13.723,1.1705,0.0852947606208555
3,2020-01-08,8.41,8.36,8.41,8.35,591324,13.5527,1.1559,0.08528927815121709
4,2020-01-09,8.4,8.4,8.44,8.38,519419,13.577,1.158,0.08529130146571406
5,2020-01-10,8.42,8.37,8.43,8.35,339139,13.723,1.1705,0.0852947606208555
6,2020-01-13,8.37,8.34,8.38,8.31,526966,13.7473,1.1725,0.08528947502418657
7,2020-01-14,8.35,8.41,8.49,8.34,890002,13.5527,1.1559,0.08528927815121709
8,2020-01-15,8.41,8.32,8.42,8.3,733394,13.5283,1.1539,0.08529526991565828
9,2020-01-16,8.32,8.22,8.34,8.2,842883,13.5527,1.1559,0.08528927815121709
10,2020-01-17,8.24,8.19,8.27,8.17,558679,13.5527,1.1559,0.08528927815121709
11,2020-01-20,8.19,8.26,8.29,8.16,617522,13.5283,1.1539,0.08529526991565828
12,2020-01-21,8.22,8.15,8.23,8.13,673203,13.4067,1.1435,0.08529317430836819
13,2020-01-22,8.13,8.12,8.15,8.05,584875,13.6013,1.1601,0.08529331755052826
14,2020-01-23,8.09,8.01,8.09,7.98,791014,13.8203,1.1788,0.08529481993878571
15,2020-02-03,7.33,7.33,7.39,7.33,1274582,13.504,1.1518,0.08529324644549763
16,2020-02-04,7.21,7.28,7.33,7.16,1120611,13.6257,1.1622,0.08529470045575639
17,2020-02-05,7.27,7.37,7.44,7.25,821529,13.5527,1.1559,0.08528927815121709
18,2020-02-06,7.43,7.45,7.46,7.33,722051,13.285,1.1331,0.08529168234851336
19,2020-02-07,7.4,7.43,7.46,7.37,536903,13.1147,1.1186,0.08529360183610758
20,2020-02-10,7.4,7.45,7.49,7.37,551189,13.139,1.1206,0.08528807367379558
21,2020-02-11,7.47,7.47,7.54,7.44,525561,12.9687,1.1061,0.08528996738300679
22,2020-02-12,7.46,7.52,7.55,7.43,587933,13.1147,1.1428,0.08713885944779523
23,2020-02-13,7.5,7.48,7.58,7.46,590878,13.285,1.1577,0.08714339480617236
24,2020-02-14,7.44,7.51,7.51,7.43,410975,13.3823,1.1661,0.08713748757687392
25,2020-02-17,7.51,7.68,7.68,7.5,839249,13.431,1.1704,0.08714168714168716
26,2020-02-18,7.65,7.65,7.69,7.61,564476,13.5283,1.1789,0.08714324785819356
27,2020-02-19,7.66,7.66,7.73,7.62,694347,13.5283,1.1789,0.08714324785819356
28,2020-02-20,7.64,7.72,7.73,7.6,761610,13.504,1.1767,0.08713714454976304
29,2020-02-21,7.7,7.74,7.8,7.68,698290,13.65,1.1895,0.08714285714285715
30,2020-02-24,7.72,7.64,7.73,7.63,787015,13.4797,1.1746,0.08713843779906082
31,2020-02-25,7.6,7.51,7.6,7.45,849192,13.5283,1.1789,0.08714324785819356
32,2020-02-26,7.44,7.9,8.13,7.44,2536331,13.577,1.1831,0.0871400162038742
33,2020-02-27,7.87,7.8,7.94,7.77,981191,13.504,1.1767,0.08713714454976304
34,2020-02-28,7.65,7.65,7.92,7.62,1094711,13.577,1.1831,0.0871400162038742
35,2020-03-02,7.72,7.97,8.1,7.69,1579346,13.6743,1.1916,0.08714157214628902
36,2020-03-03,8.03,7.9,8.06,7.86,1322525,13.7473,1.1979,0.08713711055989176
37,2020-03-04,7.89,7.87,7.96,7.81,799685,13.5283,1.1789,0.08714324785819356
38,2020-03-05,7.95,7.96,7.99,7.91,986992,13.358,1.164,0.08713879323251983
39,2020-03-06,7.89,7.91,8.0,7.86,747303,13.4067,1.1683,0.08714299566634592
40,2020-03-09,7.76,7.73,7.83,7.72,992942,13.358,1.164,0.08713879323251983
41,2020-03-10,7.66,7.81,7.83,7.65,893315,13.3823,1.1661,0.08713748757687392
42,2020-03-11,7.81,7.91,8.13,7.77,1374864,13.4067,1.1683,0.08714299566634592
43,2020-03-12,7.83,7.77,7.85,7.71,837114,13.577,1.1831,0.0871400162038742
44,2020-03-13,7.52,7.69,7.73,7.46,813191,13.6257,1.1873,0.08713680765024916
45,2020-03-16,7.76,7.64,7.89,7.61,885773,13.7473,1.1979,0.08713711055989176
46,2020-03-17,7.61,7.63,7.76,7.49,656655,13.869,1.2085,0.08713677986877208
47,2020-03-18,7.65,7.53,7.71,7.52,551742,13.577,1.1831,0.0871400162038742
48,2020-03-19,7.54,7.44,7.6,7.36,704964,13.723,1.1958,0.08713838082052029
49,2020-03-20,7.46,7.58,7.58,7.45,571387,13.6987,1.1937,0.08713965558775649
50,2020-03-23,7.46,7.42,7.5,7.4,483608,13.6257,1.1873,0.08713680765024916
51,2020-03-24,7.51,7.48,7.53,7.42,411374,13.6013,1.1852,0.08713872938616161
52,2020-03-25,7.59,7.61,7.67,7.53,543929,13.6257,1.1873,0.08713680765024916
53,2020-03-26,7.57,7.53,7.58,7.51,345778,13.7716,1.2001,0.08714310610241366
54,2020-03-27,7.6,7.84,7.98,7.59,1867549,13.8446,1.2064,0.08713866778382907
55,2020-03-30,7.78,7.91,7.95,7.77,975524,13.723,1.1958,0.08713838082052029
56,2020-03-31,7.91,7.81,7.91,7.73,993908,13.869,1.2085,0.08713677986877208
57,2020-04-01,7.76,7.76,7.87,7.74,548469,13.942,1.2149,0.08713957825276145
58,2020-04-02,7.73,7.77,7.77,7.66,423982,14.1123,1.2297,0.08713675304521588
59,2020-04-03,7.75,7.67,7.76,7.67,280847,14.2096,1.2382,0.08713827271703636
60,2020-04-07,7.74,7.76,7.78,7.71,515953,14.2583,1.2425,0.08714222593156266
61,2020-04-08,7.72,7.69,7.75,7.67,384023,14.2096,1.2675,0.08920025897984461
62,2020-04-09,7.71,7.67,7.73,7.66,337530,14.0393,1.2523,0.08919960396885884
63,2020-04-10,7.62,7.53,7.63,7.5,606484,14.0393,1.2523,0.08919960396885884
64,2020-04-13,7.5,7.52,7.57,7.48,184452,14.2339,1.2697,0.08920253760388931
65,2020-04-14,7.52,7.56,7.57,7.5,301709,14.3069,1.2762,0.08920171385834806
66,2020-04-15,7.55,7.51,7.56,7.49,261622,14.3313,1.2784,0.08920335210343792
67,2020-04-16,7.47,7.49,7.52,7.47,208130,14.2826,1.274,0.08919944547911444
68,2020-04-17,7.53,7.6,7.68,7.5,694676,14.5016,1.2936,0.08920394990897557
69,2020-04-20,7.64,7.57,7.66,7.54,384182,14.5503,1.2979,0.08920090994687395
70,2020-04-21,7.55,7.47,7.55,7.44,437353,14.5746,1.3001,0.08920313421980706
71,2020-04-22,7.45,7.48,7.49,7.43,229381,14.4043,1.2849,0.08920252980012913
72,2020-04-23,7.5,7.44,7.51,7.43,311120,14.7206,1.2717,0.08638914174693967
73,2020-04-24,7.42,7.42,7.46,7.4,230772,14.7449,1.2738,0.08638919219526753
74,2020-04-27,7.45,7.41,7.47,7.4,215817,14.6719,1.2675,0.0863896291550515
75,2020-04-28,7.4,7.35,7.43,7.26,283096,15.0126,1.2969,0.08638743455497382
76,2020-04-29,7.34,7.38,7.39,7.33,193239,14.4286,1.2465,0.08639091803778606
77,2020-04-30,7.38,7.44,7.46,7.38,261807,14.3069,1.236,0.08639188084071321
78,2020-05-06,7.42,7.46,7.49,7.4,327597,14.3313,1.2381,0.08639132528102823
79,2020-05-07,7.46,7.42,7.46,7.41,248643,14.5259,1.2549,0.08639051625028397
80,2020-05-08,7.43,7.45,7.47,7.43,355779,14.4286,1.2465,0.08639091803778606
81,2020-05-11,7.48,7.44,7.52,7.42,376199,14.2096,1.2276,0.0863922981646211
82,2020-05-12,7.44,7.41,7.46,7.39,280894,14.2339,1.2297,0.08639234503544356
83,2020-05-13,7.4,7.38,7.4,7.36,303838,14.2826,1.2339,0.08639183341968548
84,2020-05-14,7.36,7.35,7.37,7.34,270472,14.1123,1.2191,0.08638563522600852
85,2020-05-15,7.38,7.32,7.39,7.31,313916,14.1123,1.2191,0.08638563522600852
86,2020-05-18,7.33,7.31,7.38,7.3,245293,14.2583,1.2318,0.08639178583702124
87,2020-05-19,7.35,7.33,7.37,7.32,230298,14.5989,1.2612,0.08639007048476255
88,2020-05-20,7.34,7.35,7.37,7.3,331995,14.7449,1.2738,0.08638919219526753
89,2020-05-21,7.37,7.29,7.37,7.29,282688,14.7936,1.278,0.08638870863075924
90,2020-05-22,7.28,7.23,7.31,7.23,349630,14.8422,1.2822,0.08638881028418968
91,2020-05-25,7.27,7.19,7.27,7.17,304934,14.3556,1.2402,0.08639137340132073
92,2020-05-26,7.24,7.2,7.24,7.17,296315,14.3799,1.2423,0.08639142135898024
93,2020-05-27,7.2,7.18,7.21,7.16,241630,14.8179,1.2801,0.08638875954082563
94,2020-05-28,7.19,7.14,7.22,7.11,307800,15.1099,1.3053,0.08638707072846279
95,2020-05-29,7.12,7.09,7.13,7.07,453738,15.2072,1.3137,0.08638671155768321
96,2020-06-01,7.11,7.14,7.16,7.1,550103,15.0369,1.299,0.08638748678251501
97,2020-06-02,7.14,7.17,7.19,7.11,560642,15.4505,1.3348,0.0863920261480211
98,2020-06-03,7.16,7.17,7.23,7.16,407471,15.3289,1.3242,0.08638584634252947
99,2020-06-04,7.2,7.14,7.2,7.13,236680,15.1585,1.3095,0.08638717551208894
100,2020-06-05,7.14,7.13,7.15,7.09,364555,15.1829,1.3116,0.08638665867522015
101,2020-06-08,7.13,7.11,7.16,7.11,416560,14.3069,1.236,0.08639188084071321
102,2020-06-09,7.11,7.13,7.13,7.1,322160,14.1123,1.2191,0.08638563522600852
103,2020-06-10,7.14,7.09,7.14,7.08,330224,13.7473,1.1876,0.08638787252769635
104,2020-06-11,7.09,7.03,7.09,7.02,537460,13.5527,1.1708,0.08638869007651613
105,2020-06-12,6.98,6.97,6.98,6.9,1218360,13.5283,1.1687,0.08638927285763918
106,2020-06-15,6.92,6.85,6.93,6.85,800384,13.6013,1.175,0.08638880107048591
107,2020-06-16,6.88,6.87,6.89,6.85,563539,13.6743,1.1813,0.08638833432058679
108,2020-06-17,6.87,6.85,6.87,6.83,404405,13.869,1.1981,0.08638690604946282
109,2020-06-18,6.84,6.89,6.93,6.82,543457,13.7716,1.1897,0.08638792878096953
110,2020-06-19,6.91,6.91,6.93,6.87,537860,13.723,1.1855,0.08638781607520221
111,2020-06-22,7.0,6.95,7.07,6.95,852251,13.6257,1.1771,0.08638822225647123
112,2020-06-23,6.92,6.87,6.94,6.87,461607,13.6743,1.1813,0.08638833432058679
113,2020-06-24,6.88,6.84,6.89,6.83,457356,13.6257,1.1771,0.08638822225647123
114,2020-06-29,6.84,6.81,6.85,6.79,378604,13.9176,1.2023,0.08638702075070413
115,2020-06-30,6.83,6.82,6.86,6.82,355560,14.0636,1.2149,0.08638613157370802
116,2020-07-01,6.81,6.9,6.91,6.79,677848,14.2096,1.2276,0.0863922981646211
117,2020-07-02,6.89,7.05,7.07,6.89,1149705,14.3069,1.236,0.08639188084071321
118,2020-07-03,7.08,7.13,7.19,7.05,1263486,14.2583,1.2318,0.08639178583702124
119,2020-07-06,7.15,7.49,7.52,7.15,2410681,14.3069,1.236,0.08639188084071321
120,2020-07-07,7.66,7.48,7.73,7.48,2252884,14.3313,1.2381,0.08639132528102823
121,2020-07-08,7.45,7.55,7.57,7.39,1735867,14.4043,1.2444,0.08639086939316731
122,2020-07-09,7.56,7.6,7.67,7.48,1743540,14.4043,1.2444,0.08639086939316731
123,2020-07-10,7.57,7.43,7.58,7.42,1223259,14.3313,1.2381,0.08639132528102823
124,2020-07-13,7.42,7.5,7.54,7.4,1184563,14.2096,1.2276,0.0863922981646211
125,2020-07-14,7.5,7.46,7.57,7.42,1148024,14.3313,1.2381,0.08639132528102823
126,2020-07-15,7.5,7.34,7.52,7.32,926372,14.4286,1.2465,0.08639091803778606
127,2020-07-16,7.34,7.16,7.39,7.16,1015215,14.4773,1.2507,0.08639041810282304
128,2020-07-17,7.2,7.15,7.22,7.12,627109,14.4529,1.2486,0.08639096651883013
129,2020-07-20,7.16,7.35,7.36,7.16,859404,14.5503,1.257,0.0863899713407971
130,2020-07-21,7.37,7.33,7.42,7.3,607113,14.6962,1.2696,0.08638967896463032
131,2020-07-22,7.33,7.31,7.4,7.29,634940,14.8422,1.2822,0.08638881028418968
132,2020-07-23,7.26,7.25,7.3,7.17,767705,14.7936,1.278,0.08638870863075924
133,2020-07-24,7.23,7.11,7.29,7.09,785526,14.7449,1.2738,0.08638919219526753
134,2020-07-27,7.15,7.05,7.17,7.02,708626,14.7692,1.2759,0.0863892424775885
135,2020-07-28,7.08,7.05,7.1,7.03,382589,14.8422,1.2822,0.08638881028418968
136,2020-07-29,7.04,7.12,7.14,6.99,572038,14.9152,1.2885,0.08638838232139026
137,2020-07-30,7.13,7.1,7.17,7.1,384549,14.9882,1.2948,0.08638795852737487
138,2020-07-31,7.09,7.09,7.17,7.05,519372,15.0612,1.3011,0.08638753884152657
139,2020-08-03,7.13,7.18,7.19,7.1,692449,15.0855,1.3032,0.0863875907328229
140,2020-08-04,7.19,7.22,7.29,7.14,897256,15.0126,1.2969,0.08638743455497382
141,2020-08-05,7.2,7.14,7.21,7.11,767242,15.1099,1.3053,0.08638707072846279
142,2020-08-06,7.15,7.13,7.19,7.08,538748,15.0612,1.3011,0.08638753884152657
143,2020-08-07,7.14,7.18,7.28,7.1,919813,14.9152,1.2946,0.08679736108131302
144,2020-08-10,7.21,7.42,7.46,7.17,1715985,14.8422,1.2882,0.08679306302300198
145,2020-08-11,7.42,7.28,7.42,7.26,1050476,14.9882,1.3009,0.08679494535701418
146,2020-08-12,7.25,7.31,7.34,7.2,701294,15.0126,1.303,0.08679375990834365
147,2020-08-13,7.34,7.3,7.35,7.27,577890,15.0612,1.3072,0.08679255305022177
148,2020-08-14,7.35,7.32,7.36,7.25,647306,15.1585,1.3157,0.08679618695781245
149,2020-08-17,7.3,7.39,7.41,7.3,922004,15.1342,1.3136,0.08679679137318128
150,2020-08-18,7.4,7.38,7.44,7.34,608487,15.3775,1.3347,0.08679564298488052
151,2020-08-19,7.37,7.36,7.43,7.32,667469,15.4505,1.341,0.08679330765994628
152,2020-08-20,7.32,7.27,7.35,7.25,669471,15.1829,1.3178,0.08679501281046441
153,2020-08-21,7.29,7.29,7.3,7.25,356385,15.2315,1.322,0.0867938154482487
154,2020-08-24,7.3,7.28,7.31,7.27,330064,15.3532,1.3326,0.08679623791782821
155,2020-08-25,7.28,7.25,7.3,7.24,396782,15.2559,1.3241,0.08679265071218348
156,2020-08-26,7.25,7.17,7.26,7.16,468271,15.2802,1.3262,0.0867920576955799
157,2020-08-27,7.18,7.17,7.2,7.13,327568,15.6208,1.3558,0.0867945303697634
158,2020-08-28,7.16,7.24,7.25,7.15,359977,15.6695,1.36,0.08679281406554135
159,2020-08-31,7.26,7.26,7.33,7.23,557185,15.8398,1.3748,0.08679402517708557
160,2020-09-01,7.22,7.24,7.28,7.21,306440,15.6208,1.3558,0.0867945303697634
161,2020-09-02,7.26,7.2,7.27,7.17,385288,15.8642,1.3769,0.08679290477931444
162,2020-09-03,7.19,7.13,7.23,7.13,499086,15.8398,1.3748,0.08679402517708557
163,2020-09-04,7.09,7.1,7.12,7.07,351378,15.9615,1.3854,0.08679635372615356
164,2020-09-07,7.09,7.04,7.14,7.03,423651,16.907,1.4427,0.08533151948896907
165,2020-09-08,7.06,7.09,7.11,7.05,368251,16.7293,1.4276,0.0853353099053756
166,2020-09-09,7.05,7.06,7.13,7.05,473201,15.9423,1.3604,0.08533273116175208
167,2020-09-10,7.08,7.0,7.1,6.98,491603,16.1454,1.3777,0.08533080629776903
168,2020-09-11,6.98,6.99,7.01,6.97,288476,15.8154,1.3496,0.08533454733993448
169,2020-09-14,7.0,7.0,7.04,6.98,296762,15.6631,1.3366,0.08533432079218035
170,2020-09-15,7.0,7.03,7.03,6.98,288750,16.0693,1.3712,0.08533041265020878
171,2020-09-16,7.02,7.04,7.06,6.99,261853,15.7139,1.3409,0.08533209451504718
172,2020-09-17,7.02,6.98,7.03,6.98,335177,15.9423,1.3604,0.08533273116175208
173,2020-09-18,7.01,7.1,7.1,6.99,810733,16.1962,1.3821,0.0853348316271718
174,2020-09-21,7.09,7.05,7.13,7.05,387349,16.2216,1.3842,0.0853306702174878
175,2020-09-22,7.02,7.0,7.06,6.99,354639,16.3485,1.3951,0.08533504602868765
176,2020-09-23,7.05,6.98,7.05,6.97,320424,16.5516,1.4124,0.08533313999855
177,2020-09-24,6.97,6.91,6.98,6.9,431205,16.907,1.4427,0.08533151948896907
178,2020-09-25,6.89,6.9,6.94,6.89,228841,16.6531,1.4211,0.0853354630669365
179,2020-09-28,6.9,6.89,6.94,6.89,221635,16.4501,1.4037,0.08533078826268534
180,2020-09-29,6.91,6.91,6.94,6.9,196451,16.907,1.4427,0.08533151948896907
181,2020-09-30,6.92,6.89,6.94,6.88,227177,17.0339,1.4536,0.08533571290191912
182,2020-10-09,6.95,6.96,6.97,6.93,280436,16.8055,1.4341,0.08533515813275416
183,2020-10-12,6.96,7.05,7.06,6.96,414129,16.8816,1.4406,0.0853355132214956
184,2020-10-13,7.02,7.02,7.04,7.0,213187,17.0593,1.4557,0.08533175452685632
185,2020-10-14,7.02,6.98,7.02,6.97,250781,16.247,1.3864,0.08533267680187112
186,2020-10-15,6.97,6.95,6.99,6.94,182097,16.6278,1.4189,0.08533299654794982
187,2020-10-16,6.95,6.98,7.0,6.94,234857,16.8816,1.4406,0.0853355132214956
188,2020-10-19,6.99,6.96,7.05,6.96,274902,15.8916,1.3561,0.08533439049560775
189,2020-10-20,6.95,6.94,6.96,6.92,241481,16.2216,1.3842,0.0853306702174878
190,2020-10-21,6.95,7.01,7.03,6.91,422566,16.4754,1.4059,0.08533328477609041
191,2020-10-22,6.99,6.95,7.0,6.93,289051,16.4247,1.4016,0.085334891961497
192,2020-10-23,6.94,6.96,6.99,6.94,260693,16.2724,1.3886,0.08533467712199798
193,2020-10-26,6.95,6.96,6.98,6.93,200383,16.247,1.3864,0.08533267680187112
194,2020-10-27,6.93,6.92,6.95,6.9,216270,16.3231,1.3929,0.0853330556083097
195,2020-10-28,6.92,6.9,6.93,6.86,252716,15.8916,1.3561,0.08533439049560775
196,2020-10-29,6.86,6.86,6.88,6.84,269869,15.8154,1.3496,0.08533454733993448
197,2020-10-30,6.87,6.79,6.89,6.78,347465,15.917,1.3583,0.085336432744864
198,2020-11-02,6.8,6.73,6.81,6.7,438102,15.79,1.3474,0.0853324889170361
199,2020-11-03,6.74,6.8,6.81,6.73,240184,15.7393,1.3431,0.08533416352696753
200,2020-11-04,6.8,6.79,6.82,6.78,218179,15.6885,1.3388,0.08533639289925742
201,2020-11-05,6.82,6.86,6.86,6.81,286393,15.7393,1.3431,0.08533416352696753
202,2020-11-06,6.86,6.97,7.03,6.83,660655,15.5362,1.3258,0.08533618259291205
203,2020-11-09,6.97,7.0,7.07,6.96,716164,15.3077,1.3063,0.0853361380220412
204,2020-11-10,7.01,6.95,7.05,6.93,444822,15.4346,1.3171,0.08533424902491804
205,2020-11-11,6.96,7.08,7.15,6.96,1082979,17.1609,1.4644,0.08533351980373989
206,2020-11-12,7.08,6.99,7.09,6.98,513100,17.4401,1.4882,0.08533207951789266
207,2020-11-13,6.98,6.91,6.98,6.9,422866,17.5163,1.4947,0.08533194795704571
208,2020-11-16,6.93,6.96,6.98,6.93,358178,17.7955,1.5186,0.08533618049506897
209,2020-11-17,6.96,6.97,6.98,6.93,351140,17.6178,1.5034,0.08533415068850822
210,2020-11-18,6.96,6.97,7.0,6.94,404914,17.694,1.5099,0.08533401152933198
211,2020-11-19,6.96,6.96,6.97,6.94,316803,17.9478,1.5316,0.08533636434549081
212,2020-11-20,6.95,6.97,6.97,6.93,270110,18.1763,1.551,0.085330897927521
213,2020-11-23,6.96,7.05,7.07,6.96,666132,17.9986,1.5359,0.08533441489893659
214,2020-11-24,7.05,7.04,7.08,7.02,327107,18.0748,1.5424,0.08533427755770465
215,2020-11-25,7.07,6.98,7.12,6.98,577341,18.1509,1.5489,0.08533461150686743
216,2020-11-26,6.98,6.97,7.01,6.96,291310,18.0494,1.5402,0.08533247642580917
217,2020-11-27,6.98,7.04,7.04,6.94,459550,18.2525,1.5575,0.08533077660594439
218,2020-11-30,7.04,7.06,7.15,7.02,1055759,18.2525,1.5575,0.08533077660594439
219,2020-12-01,7.05,7.11,7.11,7.0,681837,18.4048,1.5705,0.08533100060853689
