,日期,开盘,收盘,最高,最低,成交量,pe,pb,roe
0,2020-01-03,5.74,5.69,5.75,5.68,911976,6.4079,0.7146,0.11151859423524088
1,2020-01-06,5.67,5.63,5.7,5.62,1263315,6.2777,0.7001,0.11152173566752153
2,2020-01-07,5.65,5.67,5.69,5.63,734665,6.5092,0.7259,0.11151908068579856
3,2020-01-08,5.64,5.6,5.66,5.59,703569,6.4368,0.7178,0.11151503852846135
4,2020-01-09,5.63,5.58,5.66,5.56,1224604,6.2777,0.7001,0.11152173566752153
5,2020-01-10,5.59,5.55,5.6,5.52,1063869,6.3356,0.7066,0.11152850558747396
6,2020-01-13,5.55,5.55,5.56,5.49,1043951,6.3645,0.7098,0.11152486448267736
7,2020-01-14,5.57,5.56,5.62,5.55,1090707,6.0608,0.6759,0.11151993136219639
8,2020-01-15,5.55,5.5,5.57,5.49,948769,6.2633,0.6985,0.11152267973751856
9,2020-01-16,5.51,5.45,5.51,5.43,1401372,6.1331,0.684,0.11152598196670527
10,2020-01-17,5.44,5.45,5.48,5.43,876977,5.8583,0.6533,0.11151699298431286
11,2020-01-20,5.45,5.47,5.48,5.43,833154,5.8004,0.6469,0.11152679125577547
12,2020-01-21,5.45,5.4,5.46,5.38,1050575,5.7859,0.6453,0.11152975336594134
13,2020-01-22,5.4,5.44,5.44,5.35,1243987,6.0029,0.6695,0.11152942744340234
14,2020-01-23,5.4,5.29,5.42,5.25,1783418,6.0463,0.6743,0.11152274945007691
15,2020-02-03,4.95,5.0,5.06,4.93,2548466,5.8872,0.6565,0.11151311319472754
16,2020-02-04,4.99,5.07,5.09,4.98,1581629,5.9016,0.6582,0.1115290768605124
17,2020-02-05,5.07,5.06,5.11,5.03,1139662,5.8727,0.6549,0.11151599775231155
18,2020-02-06,5.08,5.08,5.1,5.03,1367785,5.691,0.6459,0.11349499209277808
19,2020-02-07,5.06,5.06,5.07,5.01,1083899,5.6488,0.6411,0.11349313128452061
20,2020-02-10,5.04,5.05,5.07,5.02,1058001,5.5926,0.6347,0.11348925365661768
21,2020-02-11,5.06,5.15,5.16,5.06,1747713,5.4521,0.6187,0.11347920984574753
22,2020-02-12,5.14,5.16,5.16,5.12,687811,5.5083,0.6425,0.11664215819762902
23,2020-02-13,5.14,5.13,5.16,5.13,680761,5.4802,0.6392,0.11663807890222984
24,2020-02-14,5.13,5.16,5.16,5.12,697538,5.5224,0.6441,0.11663407214254672
25,2020-02-17,5.14,5.23,5.24,5.14,1132481,5.6348,0.6573,0.11665010293178107
26,2020-02-18,5.21,5.19,5.23,5.17,771702,5.6488,0.6589,0.11664424302506729
27,2020-02-19,5.18,5.17,5.22,5.15,891408,5.8456,0.6818,0.11663473381688791
28,2020-02-20,5.17,5.22,5.22,5.15,1354073,5.7894,0.6753,0.11664421183542337
29,2020-02-21,5.21,5.2,5.22,5.17,1133428,5.8175,0.6786,0.11664804469273743
30,2020-02-24,5.18,5.16,5.2,5.16,1282673,5.6488,0.6589,0.11664424302506729
31,2020-02-25,5.13,5.12,5.14,5.09,1337289,5.691,0.6638,0.11664030926023546
32,2020-02-26,5.09,5.13,5.17,5.08,1396920,5.7051,0.6654,0.11663248672240627
33,2020-02-27,5.13,5.15,5.18,5.13,869037,5.5926,0.6523,0.11663626935593463
34,2020-02-28,5.12,5.05,5.13,5.05,1183394,5.5786,0.6507,0.11664216828594988
35,2020-03-02,5.06,5.13,5.14,5.05,929801,5.5505,0.6474,0.1166381407080443
36,2020-03-03,5.15,5.14,5.17,5.13,998359,5.424,0.6327,0.11664823008849558
37,2020-03-04,5.13,5.14,5.16,5.11,718036,5.143,0.5999,0.11664398211160801
38,2020-03-05,5.15,5.24,5.26,5.13,2088123,5.1289,0.5982,0.11663319620191463
39,2020-03-06,5.21,5.17,5.23,5.17,988323,5.0587,0.5901,0.11665052286160475
40,2020-03-09,5.12,5.09,5.13,5.07,1336756,5.1008,0.595,0.11664836888331243
41,2020-03-10,5.07,5.14,5.15,5.07,1189063,5.0868,0.5933,0.11663521270739954
42,2020-03-11,5.14,5.09,5.15,5.09,975906,5.0868,0.5933,0.11663521270739954
43,2020-03-12,5.09,5.08,5.11,5.06,914876,5.1711,0.6032,0.11664829533368141
44,2020-03-13,4.99,5.04,5.06,4.96,1581095,5.2132,0.6081,0.1166462057853142
45,2020-03-16,5.04,4.94,5.05,4.93,1212554,5.2554,0.613,0.11664193020512235
46,2020-03-17,4.94,4.97,4.99,4.92,1138076,5.2976,0.6179,0.1166377227423739
47,2020-03-18,4.97,4.9,5.0,4.89,1068809,5.1711,0.6032,0.11664829533368141
48,2020-03-19,4.88,4.79,4.9,4.77,1871928,5.2132,0.6081,0.1166462057853142
49,2020-03-20,4.8,4.84,4.88,4.78,1217175,5.1992,0.6064,0.11663332820433914
50,2020-03-23,4.79,4.77,4.8,4.75,844222,5.2273,0.6097,0.11663765232529223
51,2020-03-24,4.8,4.84,4.85,4.79,1062802,5.2273,0.6097,0.11663765232529223
52,2020-03-25,4.88,4.91,4.93,4.86,1105194,5.2694,0.6146,0.11663567009526701
53,2020-03-26,4.88,4.94,4.97,4.88,871958,5.3116,0.6196,0.11665035017697116
54,2020-03-27,4.96,4.94,4.98,4.93,794787,5.3397,0.6228,0.11663576605427273
55,2020-03-30,4.92,4.96,4.98,4.91,937609,5.2694,0.6146,0.11663567009526701
56,2020-03-31,4.98,4.88,4.98,4.88,1048928,5.2976,0.6179,0.1166377227423739
57,2020-04-01,4.88,4.87,4.93,4.86,753208,5.3257,0.6212,0.11664194378203803
58,2020-04-02,4.86,4.89,4.89,4.84,623946,5.3538,0.6245,0.11664612051253317
59,2020-04-03,4.88,4.86,4.88,4.83,861552,5.3959,0.6294,0.11664411868270352
60,2020-04-07,4.89,4.89,4.91,4.87,932898,5.3959,0.6294,0.11664411868270352
61,2020-04-08,4.88,4.87,4.89,4.86,635216,5.4521,0.6449,0.11828469763944169
62,2020-04-09,4.89,4.86,4.89,4.86,625529,5.3819,0.6366,0.11828536390494064
63,2020-04-10,4.87,4.85,4.87,4.84,538949,5.3819,0.6366,0.11828536390494064
64,2020-04-13,4.84,4.89,4.9,4.83,850601,5.4381,0.6432,0.11827660396094224
65,2020-04-14,4.89,4.9,4.93,4.88,890199,5.424,0.6416,0.11828908554572269
66,2020-04-15,4.89,4.87,4.9,4.87,506763,5.4802,0.6482,0.11828035473157913
67,2020-04-16,4.86,4.88,4.89,4.86,454197,5.4802,0.6482,0.11828035473157913
68,2020-04-17,4.89,4.88,4.91,4.87,1093222,5.5505,0.6565,0.11827763264570758
69,2020-04-20,4.87,4.86,4.88,4.85,807406,5.6488,0.6682,0.11829061039512818
70,2020-04-21,4.85,4.83,4.86,4.83,749357,5.7613,0.6815,0.11828927499001961
71,2020-04-22,4.83,4.87,4.87,4.82,894572,5.5224,0.6532,0.11828190641749964
72,2020-04-23,4.87,4.83,4.88,4.82,932311,5.424,0.6416,0.11828908554572269
73,2020-04-24,4.83,4.81,4.84,4.8,463869,5.4381,0.6432,0.11827660396094224
74,2020-04-27,4.82,4.86,4.89,4.81,1300634,5.41,0.6399,0.11828096118299446
75,2020-04-28,4.87,4.9,4.92,4.84,1218947,5.41,0.6399,0.11828096118299446
76,2020-04-29,4.92,5.0,5.01,4.91,2039973,5.3678,0.6349,0.11827936957412721
77,2020-04-30,5.0,5.0,5.04,4.98,1186007,5.4662,0.6466,0.11829058578171307
78,2020-05-06,4.96,4.96,4.99,4.94,1156153,5.424,0.6416,0.11828908554572269
79,2020-05-07,4.96,4.93,4.97,4.91,1053770,5.5083,0.6515,0.1182760561334713
80,2020-05-08,4.94,4.96,4.98,4.92,959306,5.3678,0.6349,0.11827936957412721
81,2020-05-11,4.97,4.97,5.0,4.96,846389,5.3116,0.6283,0.11828827471948188
82,2020-05-12,4.97,4.97,4.99,4.95,647898,5.2976,0.6266,0.11827997583811538
83,2020-05-13,4.96,4.95,4.97,4.93,975563,5.3819,0.6366,0.11828536390494064
84,2020-05-14,4.94,4.92,4.94,4.91,538820,5.2976,0.6266,0.11827997583811538
85,2020-05-15,4.93,4.91,4.94,4.91,662396,5.2694,0.6233,0.11828671195961589
86,2020-05-18,4.92,4.93,4.96,4.9,743072,5.3116,0.6283,0.11828827471948188
87,2020-05-19,4.96,4.98,4.99,4.95,729815,5.4521,0.6449,0.11828469763944169
88,2020-05-20,4.98,4.97,5.0,4.95,660819,5.5645,0.6582,0.11828556024800073
89,2020-05-21,4.99,4.94,4.99,4.94,435549,5.5926,0.6615,0.11828130028966849
90,2020-05-22,4.94,4.91,4.95,4.9,768440,5.677,0.6715,0.11828430509071694
91,2020-05-25,4.92,4.96,4.99,4.9,1248705,5.4381,0.6432,0.11827660396094224
92,2020-05-26,4.97,4.96,4.99,4.96,631027,5.5083,0.6515,0.1182760561334713
93,2020-05-27,4.97,5.06,5.08,4.96,1744114,5.5786,0.6599,0.11829132757322627
94,2020-05-28,5.06,5.08,5.12,5.05,1135767,5.7191,0.6765,0.1182878424926999
95,2020-05-29,5.07,5.08,5.1,5.04,905818,5.8175,0.6881,0.11828104856037817
96,2020-06-01,5.09,5.11,5.13,5.09,811465,5.8456,0.6914,0.11827699466265225
97,2020-06-02,5.1,5.15,5.17,5.09,1020596,6.1688,0.7297,0.11828880819608352
98,2020-06-03,5.15,5.13,5.2,5.13,854000,6.2812,0.743,0.11828949882188117
99,2020-06-04,5.16,5.12,5.16,5.11,552419,6.239,0.738,0.11828818720948871
100,2020-06-05,5.13,5.12,5.14,5.1,456908,6.2109,0.7346,0.11827593424463445
101,2020-06-08,5.13,5.08,5.13,5.08,705597,5.6488,0.6682,0.11829061039512818
102,2020-06-09,5.09,5.1,5.13,5.08,693329,5.5083,0.6515,0.1182760561334713
103,2020-06-10,5.11,5.06,5.12,5.05,628653,5.3959,0.6382,0.11827498656387256
104,2020-06-11,5.06,5.03,5.07,5.03,663012,5.0306,0.595,0.11827614996223115
105,2020-06-12,5.0,5.02,5.05,5.0,807999,5.0306,0.595,0.11827614996223115
106,2020-06-15,5.01,4.97,5.02,4.97,653630,5.0446,0.5967,0.1182848987035642
107,2020-06-16,4.99,5.01,5.02,4.99,534557,5.3116,0.6067,0.11422170344152421
108,2020-06-17,5.02,5.04,5.05,5.0,562401,5.3538,0.6115,0.11421793866039076
109,2020-06-18,5.03,5.02,5.06,4.99,1078061,5.3538,0.6115,0.11421793866039076
110,2020-06-19,5.03,5.08,5.08,5.01,1085857,5.2694,0.6019,0.11422552852317151
111,2020-06-22,5.08,5.08,5.12,5.08,916921,5.2976,0.6051,0.11422153427967381
112,2020-06-23,5.08,5.05,5.09,5.03,881951,5.2554,0.6003,0.11422536819271606
113,2020-06-24,5.08,5.08,5.1,5.06,943488,5.1992,0.5939,0.11422911217110324
114,2020-06-29,5.12,5.07,5.15,5.05,1156241,5.2694,0.6019,0.11422552852317151
115,2020-06-30,5.07,5.07,5.09,5.03,1106169,5.2835,0.6035,0.11422352607173276
116,2020-07-01,5.07,5.33,5.43,5.06,4483752,5.3257,0.6083,0.11421972698424619
117,2020-07-02,5.27,5.41,5.42,5.26,4853433,5.3819,0.6147,0.1142161690109441
118,2020-07-03,5.42,5.51,5.52,5.36,4513626,5.3538,0.6115,0.11421793866039076
119,2020-07-06,5.58,5.91,5.91,5.54,6258398,5.41,0.6179,0.11421441774491682
120,2020-07-07,6.2,5.93,6.29,5.93,7311777,5.41,0.6179,0.11421441774491682
121,2020-07-08,5.84,5.96,6.05,5.82,5294170,5.424,0.6195,0.11421460176991151
122,2020-07-09,5.86,5.88,5.91,5.79,4077697,5.4521,0.6227,0.11421287210432679
123,2020-07-10,5.81,5.65,5.85,5.62,3983289,5.3959,0.6163,0.11421634945050871
124,2020-07-13,5.63,5.63,5.71,5.59,3989097,5.3538,0.6115,0.11421793866039076
125,2020-07-14,5.61,5.56,5.67,5.52,2865803,5.3538,0.6115,0.11421793866039076
126,2020-07-15,5.58,5.46,5.6,5.45,3242714,5.3257,0.6083,0.11421972698424619
127,2020-07-16,5.45,5.41,5.52,5.41,3417068,5.1851,0.5922,0.1142118763379684
128,2020-07-17,5.44,5.36,5.45,5.32,2331336,5.1851,0.5922,0.1142118763379684
129,2020-07-20,5.39,5.53,5.53,5.36,2901412,5.1149,0.5842,0.1142153316780387
130,2020-07-21,5.52,5.47,5.52,5.44,1765500,5.157,0.589,0.11421369012992048
131,2020-07-22,5.47,5.45,5.54,5.41,2318137,5.1992,0.5939,0.11422911217110324
132,2020-07-23,5.41,5.37,5.44,5.33,2229523,5.2132,0.5955,0.11422926417555437
133,2020-07-24,5.35,5.27,5.37,5.26,2245206,5.143,0.5874,0.11421349406960919
134,2020-07-27,5.31,5.24,5.31,5.22,1581464,5.1149,0.5842,0.1142153316780387
135,2020-07-28,5.26,5.26,5.29,5.24,1154151,5.1289,0.5858,0.11421552379652557
136,2020-07-29,5.25,5.32,5.34,5.23,1778153,5.1711,0.5906,0.11421167643248052
137,2020-07-30,5.32,5.26,5.33,5.26,1347447,5.1992,0.5939,0.11422911217110324
138,2020-07-31,5.26,5.27,5.3,5.23,1535821,5.1992,0.5939,0.11422911217110324
139,2020-08-03,5.29,5.31,5.32,5.26,1889525,5.1851,0.5923,0.11423116236909607
140,2020-08-04,5.31,5.41,5.45,5.28,3721190,5.143,0.5874,0.11421349406960919
141,2020-08-05,5.38,5.35,5.38,5.32,1827552,5.1851,0.5923,0.11423116236909607
142,2020-08-06,5.36,5.38,5.41,5.31,1675823,5.2413,0.5987,0.11422738633545114
143,2020-08-07,5.36,5.31,5.37,5.29,1450709,5.2413,0.5987,0.11422738633545114
144,2020-08-10,5.3,5.34,5.38,5.27,1741809,5.1008,0.605,0.11860884567126725
145,2020-08-11,5.35,5.34,5.43,5.34,2179789,5.0446,0.5984,0.11862189271696469
146,2020-08-12,5.34,5.36,5.4,5.32,1476401,4.9744,0.59,0.11860726921839819
147,2020-08-13,5.35,5.35,5.37,5.33,981253,5.0025,0.5934,0.11862068965517242
148,2020-08-14,5.35,5.42,5.43,5.34,1676190,5.0587,0.6,0.11860754739359915
149,2020-08-17,5.44,5.59,5.64,5.44,3672761,5.0025,0.5934,0.11862068965517242
150,2020-08-18,5.57,5.51,5.6,5.49,1836054,5.0446,0.5984,0.11862189271696469
151,2020-08-19,5.5,5.44,5.54,5.43,1821708,5.0727,0.6017,0.11861533305734619
152,2020-08-20,5.42,5.39,5.42,5.37,1332718,5.0727,0.6017,0.11861533305734619
153,2020-08-21,5.42,5.39,5.42,5.38,794046,5.0587,0.6,0.11860754739359915
154,2020-08-24,5.4,5.35,5.41,5.35,1146228,5.1008,0.605,0.11860884567126725
155,2020-08-25,5.36,5.36,5.38,5.34,901222,5.0868,0.6034,0.11862074388613668
156,2020-08-26,5.36,5.32,5.37,5.31,1106308,5.0306,0.5967,0.1186140818192661
157,2020-08-27,5.32,5.32,5.34,5.3,749066,5.0446,0.5984,0.11862189271696469
158,2020-08-28,5.33,5.37,5.38,5.3,1472895,5.0587,0.6,0.11860754739359915
159,2020-08-31,5.39,5.33,5.43,5.32,1991389,5.0868,0.6034,0.11862074388613668
160,2020-09-01,5.31,5.33,5.34,5.31,994880,5.0446,0.5984,0.11862189271696469
161,2020-09-02,5.33,5.3,5.34,5.29,1017183,5.0868,0.6034,0.11862074388613668
162,2020-09-03,5.3,5.28,5.33,5.27,1300934,5.0587,0.6,0.11860754739359915
163,2020-09-04,5.25,5.26,5.27,5.23,901293,5.0727,0.6017,0.11861533305734619
164,2020-09-07,5.26,5.24,5.28,5.23,960276,5.1851,0.615,0.11860909143507357
165,2020-09-08,5.25,5.29,5.31,5.24,1061322,5.7232,0.623,0.10885518590998043
166,2020-09-09,5.27,5.27,5.31,5.25,1088254,5.7232,0.623,0.10885518590998043
167,2020-09-10,5.28,5.24,5.29,5.22,1163251,5.6764,0.6179,0.10885420336833204
168,2020-09-11,5.23,5.21,5.24,5.2,1068150,5.5672,0.606,0.1088518465296738
169,2020-09-14,5.22,5.21,5.22,5.2,744095,5.4581,0.5942,0.10886572250416811
170,2020-09-15,5.21,5.19,5.23,5.18,1101123,5.5672,0.606,0.1088518465296738
171,2020-09-16,5.19,5.2,5.21,5.17,936921,5.4892,0.5975,0.10885010566202726
172,2020-09-17,5.19,5.17,5.2,5.17,589668,5.6608,0.6162,0.10885387224420576
173,2020-09-18,5.18,5.26,5.26,5.16,1380660,5.7699,0.6281,0.10885803913412712
174,2020-09-21,5.26,5.23,5.27,5.22,977010,5.7232,0.623,0.10885518590998043
175,2020-09-22,5.21,5.2,5.26,5.19,935131,5.8791,0.64,0.1088601996904288
176,2020-09-23,5.21,5.17,5.21,5.17,721735,5.9415,0.6468,0.10886139863670792
177,2020-09-24,5.16,5.11,5.17,5.1,1036939,5.9571,0.6485,0.10886169444864112
178,2020-09-25,5.11,5.11,5.13,5.09,579021,6.035,0.657,0.10886495443247722
179,2020-09-28,5.12,5.12,5.13,5.1,462622,5.9571,0.6485,0.10886169444864112
180,2020-09-29,5.13,5.09,5.13,5.08,716812,6.0818,0.6621,0.10886579631030287
181,2020-09-30,5.09,5.14,5.17,5.09,1308601,6.191,0.6739,0.10885155871426265
182,2020-10-09,5.17,5.15,5.19,5.15,966629,6.035,0.657,0.10886495443247722
183,2020-10-12,5.16,5.35,5.38,5.15,3124168,6.035,0.657,0.10886495443247722
184,2020-10-13,5.34,5.44,5.47,5.33,3365408,6.0195,0.6553,0.10886286236398372
185,2020-10-14,5.44,5.46,5.52,5.41,1966510,5.8947,0.6417,0.10886050180670773
186,2020-10-15,5.45,5.47,5.56,5.44,2227040,6.0506,0.6587,0.10886523650547052
187,2020-10-16,5.48,5.55,5.58,5.47,2314013,6.0195,0.6553,0.10886286236398372
188,2020-10-19,5.59,5.54,5.71,5.52,3203590,6.0039,0.6536,0.10886257266110361
189,2020-10-20,5.53,5.51,5.56,5.47,1709602,6.0662,0.6604,0.10886551712769113
190,2020-10-21,5.52,5.63,5.67,5.49,2440227,6.1286,0.6671,0.10885030839017068
191,2020-10-22,5.67,5.61,5.74,5.55,2332611,6.1598,0.6705,0.10885093671872463
192,2020-10-23,5.59,5.65,5.72,5.55,2368958,6.0818,0.6621,0.10886579631030287
193,2020-10-26,5.65,5.51,5.72,5.49,1725342,6.113,0.6654,0.10884999182070995
194,2020-10-27,5.52,5.5,5.54,5.47,1086293,6.1754,0.6722,0.10885124850212133
195,2020-10-28,5.5,5.42,5.52,5.39,1873816,6.0662,0.6604,0.10886551712769113
196,2020-10-29,5.39,5.39,5.44,5.34,1292808,6.0195,0.6553,0.10886286236398372
197,2020-10-30,5.39,5.41,5.49,5.39,1541920,6.0662,0.6604,0.10886551712769113
198,2020-11-02,5.44,5.37,5.46,5.35,1201390,6.0506,0.6587,0.10886523650547052
199,2020-11-03,5.4,5.47,5.53,5.39,1599408,5.8947,0.6417,0.10886050180670773
200,2020-11-04,5.51,5.51,5.55,5.45,1467359,5.9103,0.6434,0.108860802328139
201,2020-11-05,5.57,5.54,5.6,5.51,1542683,5.9415,0.6468,0.10886139863670792
202,2020-11-06,5.55,5.55,5.59,5.5,1384080,5.9103,0.6434,0.108860802328139
203,2020-11-09,5.55,5.57,5.59,5.53,1408985,5.9259,0.6451,0.10886110126731804
204,2020-11-10,5.59,5.56,5.71,5.56,1914889,5.8167,0.6332,0.10885897502020045
205,2020-11-11,5.57,5.67,5.69,5.55,1690482,6.269,0.6824,0.10885308661668527
206,2020-11-12,5.65,5.64,5.67,5.6,1107706,6.5029,0.7079,0.10885912439065647
207,2020-11-13,5.62,5.49,5.62,5.45,2009769,6.4405,0.7011,0.10885800791863985
208,2020-11-16,5.5,5.5,5.53,5.47,1496565,6.5497,0.713,0.10885994778386797
209,2020-11-17,5.49,5.54,5.56,5.46,1424203,6.5185,0.7096,0.10885940016875048
210,2020-11-18,5.54,5.73,5.79,5.54,3708529,6.5185,0.7096,0.10885940016875048
211,2020-11-19,5.74,5.82,5.87,5.74,2377557,6.5964,0.7181,0.10886240979928445
212,2020-11-20,5.72,5.68,5.75,5.65,2205775,6.69,0.7283,0.10886397608370701
213,2020-11-23,5.67,5.89,5.91,5.66,2961940,6.6744,0.7266,0.10886371808701906
214,2020-11-24,5.88,5.87,5.95,5.86,2304638,6.6744,0.7266,0.10886371808701906
215,2020-11-25,5.9,5.83,5.98,5.79,1588724,6.7212,0.7317,0.10886448848419926
216,2020-11-26,5.85,5.94,6.0,5.83,2202142,6.7524,0.735,0.10885018660031989
217,2020-11-27,5.94,5.99,6.01,5.85,2045149,6.8616,0.7469,0.1088521627608721
218,2020-11-30,6.04,5.83,6.2,5.79,4314926,6.7992,0.7401,0.10885104129897635
219,2020-12-01,5.83,5.92,5.94,5.78,2283704,6.8927,0.7503,0.10885429512382666
