,日期,开盘,收盘,最高,最低,成交量,pe,pb,roe
0,2020-01-03,8.63,8.71,8.75,8.62,1198568,17.2295,0.6501,0.0377317972082765
1,2020-01-06,8.79,8.99,9.04,8.78,3016461,17.2695,0.6516,0.03773126031442717
2,2020-01-07,8.93,8.87,8.93,8.83,1526818,17.2295,0.6501,0.0377317972082765
3,2020-01-08,9.02,8.99,9.06,8.91,2154513,17.1894,0.6486,0.037732556110160916
4,2020-01-09,8.8,8.82,8.84,8.76,1599837,17.2695,0.6516,0.03773126031442717
5,2020-01-10,8.8,8.75,8.8,8.72,921306,17.3497,0.6546,0.03772975901600604
6,2020-01-13,8.75,8.73,8.75,8.69,551184,17.2695,0.6516,0.03773126031442717
7,2020-01-14,8.71,8.71,8.74,8.7,444804,16.9891,0.641,0.03773007398861623
8,2020-01-15,8.71,8.63,8.73,8.62,720145,16.9891,0.641,0.03773007398861623
9,2020-01-16,8.64,8.59,8.65,8.57,578610,17.0692,0.6441,0.03773463314039323
10,2020-01-17,8.6,8.6,8.63,8.59,366676,17.1493,0.6471,0.03773331856110745
11,2020-01-20,8.61,8.61,8.62,8.57,534084,17.0291,0.6426,0.03773540586407972
12,2020-01-21,8.61,8.55,8.61,8.54,560285,16.7486,0.632,0.03773449721170725
13,2020-01-22,8.52,8.5,8.53,8.47,662397,16.9089,0.638,0.03773160879773374
14,2020-01-23,8.46,8.4,8.48,8.38,814444,17.1093,0.6456,0.037733864038856056
15,2020-02-03,7.9,7.89,8.05,7.84,2270937,16.8288,0.635,0.03773293401787412
16,2020-02-04,7.83,7.93,7.95,7.82,1064594,16.7486,0.632,0.03773449721170725
17,2020-02-05,7.93,7.97,8.03,7.89,1023187,16.5483,0.6244,0.03773197246847108
18,2020-02-06,8.01,8.03,8.05,7.97,866474,16.5082,0.6229,0.03773276311166572
19,2020-02-07,8.0,8.04,8.04,7.97,611283,16.4682,0.6214,0.037733328475486085
20,2020-02-10,8.0,8.04,8.05,7.98,561309,16.5082,0.6229,0.03773276311166572
21,2020-02-11,8.03,8.06,8.1,8.02,711717,16.2678,0.6138,0.037730977759746244
22,2020-02-12,8.05,8.07,8.08,8.04,545000,16.3079,0.6153,0.03773017985148302
23,2020-02-13,8.09,8.04,8.11,8.04,535686,16.2278,0.6385,0.03934606046414178
24,2020-02-14,8.02,8.04,8.06,8.01,479170,16.388,0.6448,0.03934586282645838
25,2020-02-17,8.05,8.14,8.14,8.03,843921,16.4281,0.6464,0.039347216050547536
26,2020-02-18,8.14,8.11,8.14,8.09,742019,16.4682,0.6479,0.03934249037539015
27,2020-02-19,8.11,8.09,8.12,8.08,741891,16.5082,0.6495,0.03934408354635878
28,2020-02-20,8.11,8.14,8.14,8.08,1056372,16.4281,0.6464,0.039347216050547536
29,2020-02-21,8.11,8.13,8.14,8.1,1138163,16.4682,0.6479,0.03934249037539015
30,2020-02-24,8.1,8.04,8.1,8.03,1381562,16.4281,0.6464,0.039347216050547536
31,2020-02-25,7.96,7.95,7.98,7.91,1504129,16.4682,0.6479,0.03934249037539015
32,2020-02-26,7.91,7.98,8.0,7.88,1602201,16.4682,0.6479,0.03934249037539015
33,2020-02-27,7.96,7.93,7.97,7.92,1362523,16.4682,0.6479,0.03934249037539015
34,2020-02-28,7.87,7.83,7.9,7.82,2091495,16.4682,0.6479,0.03934249037539015
35,2020-03-02,7.87,7.93,7.94,7.86,1391147,16.6284,0.6542,0.039342329989656255
36,2020-03-03,7.99,7.95,8.0,7.93,1250356,16.7486,0.659,0.039346572250815
37,2020-03-04,7.94,7.94,7.95,7.91,897004,16.5483,0.6511,0.03934543125275708
38,2020-03-05,7.96,8.01,8.01,7.94,1539805,16.4682,0.6479,0.03934249037539015
39,2020-03-06,7.96,7.96,7.98,7.93,1096336,16.388,0.6448,0.03934586282645838
40,2020-03-09,7.82,7.91,8.0,7.78,2266219,16.4281,0.6464,0.039347216050547536
41,2020-03-10,7.86,7.91,7.92,7.82,1353587,16.388,0.6448,0.03934586282645838
42,2020-03-11,7.91,7.88,7.93,7.87,858881,16.4281,0.6464,0.039347216050547536
43,2020-03-12,7.84,7.83,7.87,7.82,943174,16.4682,0.6479,0.03934249037539015
44,2020-03-13,7.76,7.8,7.84,7.68,1347495,16.5884,0.6527,0.03934677244339418
45,2020-03-16,7.81,7.79,7.89,7.78,1179616,17.0291,0.6542,0.03841659277354646
46,2020-03-17,7.77,7.77,7.82,7.71,954821,17.1093,0.6573,0.038417702652943135
47,2020-03-18,7.77,7.71,7.79,7.71,868400,16.949,0.6511,0.03841524573721163
48,2020-03-19,7.7,7.64,7.72,7.61,1306842,17.0291,0.6542,0.03841659277354646
49,2020-03-20,7.68,7.67,7.7,7.63,1032044,16.9891,0.6526,0.038412864719143444
50,2020-03-23,7.6,7.57,7.61,7.56,1067056,17.0692,0.6557,0.03841421976425374
51,2020-03-24,7.6,7.6,7.63,7.56,1051559,16.9891,0.6526,0.038412864719143444
52,2020-03-25,7.63,7.62,7.65,7.6,1516502,16.9891,0.6526,0.038412864719143444
53,2020-03-26,7.61,7.55,7.61,7.54,1558927,17.1493,0.6588,0.03841556215122483
54,2020-03-27,7.56,7.5,7.57,7.49,2090534,17.2695,0.6634,0.03841454587567677
55,2020-03-30,7.45,7.38,7.45,7.37,1460209,17.1493,0.6588,0.03841556215122483
56,2020-03-31,7.4,7.38,7.41,7.36,1835550,17.2695,0.6634,0.03841454587567677
57,2020-04-01,7.37,7.31,7.38,7.3,1864130,17.2695,0.6634,0.03841454587567677
58,2020-04-02,7.28,7.47,7.5,7.25,4125375,17.4298,0.6696,0.03841696405007516
59,2020-04-03,7.49,7.39,7.49,7.37,2798560,17.6702,0.6788,0.03841495851773041
60,2020-04-07,7.44,7.43,7.46,7.41,2498249,17.7504,0.6819,0.038416035694970256
61,2020-04-08,7.4,7.4,7.42,7.37,1938386,17.8305,0.685,0.03841731863941
62,2020-04-09,7.43,7.41,7.44,7.39,1322371,17.7504,0.6754,0.038049846764016584
63,2020-04-10,7.41,7.36,7.41,7.34,1647530,17.7504,0.6754,0.038049846764016584
64,2020-04-13,7.38,7.34,7.4,7.34,1136476,17.8305,0.6785,0.03805277473991195
65,2020-04-14,7.35,7.35,7.36,7.32,1283558,17.8706,0.68,0.038051324521840346
66,2020-04-15,7.33,7.31,7.33,7.31,1122972,17.8706,0.68,0.038051324521840346
67,2020-04-16,7.29,7.29,7.3,7.27,1166518,17.8706,0.68,0.038051324521840346
68,2020-04-17,7.3,7.31,7.34,7.3,1242971,18.111,0.6891,0.03804869968527414
69,2020-04-20,7.29,7.31,7.33,7.27,1024978,18.151,0.6907,0.03805299983471985
70,2020-04-21,7.28,7.27,7.29,7.26,1099610,18.1911,0.6922,0.03805157467113039
71,2020-04-22,7.23,7.22,7.23,7.19,1369972,17.9507,0.683,0.038048655484187247
72,2020-04-23,7.24,7.31,7.35,7.23,1850326,17.9106,0.6815,0.03805009324087412
73,2020-04-24,7.31,7.24,7.32,7.24,1067111,17.8706,0.68,0.038051324521840346
74,2020-04-27,7.23,7.21,7.26,7.21,757063,17.8305,0.6785,0.03805277473991195
75,2020-04-28,7.2,7.12,7.21,7.09,1285946,17.9106,0.6815,0.03805009324087412
76,2020-04-29,7.13,7.14,7.17,7.13,604152,17.8305,0.6785,0.03805277473991195
77,2020-04-30,7.14,7.2,7.22,7.13,859733,18.151,0.6907,0.03805299983471985
78,2020-05-06,7.2,7.23,7.25,7.18,881771,18.0308,0.6861,0.03805155622601327
79,2020-05-07,7.23,7.21,7.24,7.2,610561,18.151,0.6907,0.03805299983471985
80,2020-05-08,7.23,7.23,7.24,7.22,558704,17.9507,0.683,0.038048655484187247
81,2020-05-11,7.24,7.23,7.25,7.22,557307,17.8305,0.6785,0.03805277473991195
82,2020-05-12,7.23,7.19,7.23,7.18,522029,17.8706,0.68,0.038051324521840346
83,2020-05-13,7.19,7.19,7.19,7.16,441117,18.0308,0.6861,0.03805155622601327
84,2020-05-14,7.18,7.16,7.18,7.16,439273,17.9106,0.6815,0.03805009324087412
85,2020-05-15,7.18,7.18,7.19,7.17,410880,17.8706,0.68,0.038051324521840346
86,2020-05-18,7.21,7.2,7.22,7.19,619746,18.0308,0.6861,0.03805155622601327
87,2020-05-19,7.24,7.22,7.27,7.22,893224,18.1911,0.6922,0.03805157467113039
88,2020-05-20,7.22,7.19,7.22,7.18,599757,18.4716,0.7029,0.03805301110894563
89,2020-05-21,7.21,7.21,7.23,7.18,767498,17.9106,0.6815,0.03805009324087412
90,2020-05-22,7.2,7.13,7.2,7.12,939918,17.9908,0.6846,0.0380527825332948
91,2020-05-25,7.13,7.1,7.13,7.09,615144,17.5901,0.6693,0.03804981211022109
92,2020-05-26,7.1,7.11,7.12,7.09,642059,17.6702,0.6724,0.038052766805129534
93,2020-05-27,7.11,7.07,7.11,7.06,693918,17.9908,0.6846,0.0380527825332948
94,2020-05-28,7.06,7.05,7.09,7.04,889809,18.2712,0.6952,0.038048951355138146
95,2020-05-29,7.04,7.01,7.05,6.98,1398153,18.5517,0.7059,0.03805042125519494
96,2020-06-01,7.02,7.05,7.06,7.01,938768,18.4315,0.7013,0.03804899221441554
97,2020-06-02,7.05,7.07,7.07,7.04,674773,18.9925,0.7227,0.03805186257733316
98,2020-06-03,7.09,7.1,7.13,7.08,759729,18.712,0.712,0.03805044890979051
99,2020-06-04,7.1,7.08,7.11,7.06,573642,18.8322,0.7166,0.0380518473678062
100,2020-06-05,7.07,7.06,7.08,7.04,516732,18.9123,0.7196,0.03804931182352226
101,2020-06-08,7.11,7.1,7.12,7.09,808715,17.7103,0.6739,0.0380513034787666
102,2020-06-09,7.11,7.11,7.11,7.09,596929,17.3096,0.6587,0.0380540278227111
103,2020-06-10,7.1,7.08,7.11,7.07,507834,17.0291,0.648,0.03805251011503838
104,2020-06-11,7.07,7.04,7.08,7.03,624773,16.7887,0.6388,0.038049402276531245
105,2020-06-12,6.99,7.02,7.03,6.98,815797,16.9891,0.64,0.03767121271874319
106,2020-06-15,7.0,6.99,7.01,6.98,555190,17.0692,0.643,0.03767018958123404
107,2020-06-16,7.01,7.03,7.04,6.99,620214,17.0692,0.643,0.03767018958123404
108,2020-06-17,7.01,7.01,7.02,6.99,520096,17.1093,0.6445,0.03766957151958291
109,2020-06-18,7.0,7.05,7.08,6.99,798327,17.2295,0.6491,0.0376737572187237
110,2020-06-19,7.03,7.06,7.07,7.01,790357,17.1894,0.6476,0.03767438072300371
111,2020-06-22,7.06,7.03,7.07,7.03,607748,17.0291,0.6415,0.03767081055369925
112,2020-06-23,7.04,7.02,7.04,7.01,531159,17.1093,0.6445,0.03766957151958291
113,2020-06-24,7.02,7.02,7.03,7.01,527236,16.949,0.6385,0.037671839046551414
114,2020-06-29,7.02,7.0,7.03,6.99,548616,17.0692,0.643,0.03767018958123404
115,2020-06-30,7.03,7.02,7.03,7.01,479472,17.1493,0.6461,0.0376750071431487
116,2020-07-01,7.02,7.08,7.09,7.01,861660,17.3096,0.6521,0.03767273651615289
117,2020-07-02,7.07,7.15,7.16,7.06,1538576,17.4298,0.6566,0.037671114986976326
118,2020-07-03,7.16,7.25,7.28,7.15,2226165,17.3897,0.6551,0.037671725216651235
119,2020-07-06,7.27,7.55,7.57,7.27,4432752,17.2295,0.6491,0.0376737572187237
120,2020-07-07,7.6,7.53,7.71,7.49,3978933,17.3096,0.6521,0.03767273651615289
121,2020-07-08,7.5,7.5,7.52,7.41,2705326,17.3897,0.6551,0.037671725216651235
122,2020-07-09,7.51,7.57,7.6,7.46,2611689,17.2695,0.6506,0.037673354758389066
123,2020-07-10,7.53,7.43,7.53,7.42,2024486,17.1894,0.6476,0.03767438072300371
124,2020-07-13,7.42,7.46,7.49,7.4,1735517,17.0291,0.6415,0.03767081055369925
125,2020-07-14,7.45,7.39,7.45,7.35,1767579,17.1894,0.6476,0.03767438072300371
126,2020-07-15,7.41,7.32,7.43,7.31,1505457,17.2695,0.6506,0.037673354758389066
127,2020-07-16,7.33,7.24,7.35,7.23,1747478,17.4298,0.6566,0.037671114986976326
128,2020-07-17,7.23,7.22,7.26,7.19,1148247,17.3897,0.6551,0.037671725216651235
129,2020-07-20,7.23,7.32,7.33,7.21,1300341,17.5099,0.6596,0.03767011804750456
130,2020-07-21,7.33,7.3,7.35,7.28,848620,17.8305,0.6717,0.037671405737360136
131,2020-07-22,7.33,7.44,7.48,7.33,2831441,17.7504,0.6687,0.037672390481341266
132,2020-07-23,7.41,7.37,7.43,7.31,1773020,17.8706,0.6732,0.03767081127662194
133,2020-07-24,7.45,7.33,7.49,7.32,2161259,17.7904,0.6702,0.03767200287795665
134,2020-07-27,7.34,7.29,7.36,7.25,1042638,17.7103,0.6672,0.03767299255235654
135,2020-07-28,7.3,7.3,7.34,7.29,794141,17.6301,0.6642,0.0376742049109194
136,2020-07-29,7.28,7.33,7.34,7.25,908112,17.7504,0.6687,0.037672390481341266
137,2020-07-30,7.33,7.29,7.34,7.28,690254,17.7504,0.6687,0.037672390481341266
138,2020-07-31,7.27,7.28,7.34,7.25,996101,17.9106,0.6747,0.03767042980134669
139,2020-08-03,7.28,7.31,7.33,7.26,1240561,17.9106,0.6747,0.03767042980134669
140,2020-08-04,7.32,7.36,7.38,7.29,1386541,17.8305,0.6717,0.037671405737360136
141,2020-08-05,7.36,7.33,7.36,7.29,1077147,17.9106,0.6747,0.03767042980134669
142,2020-08-06,7.36,7.36,7.38,7.32,1415146,17.7904,0.6702,0.03767200287795665
143,2020-08-07,7.33,7.28,7.34,7.27,1159580,17.55,0.6515,0.03712250712250712
144,2020-08-10,7.28,7.3,7.31,7.26,791088,17.4699,0.6485,0.0371209909615968
145,2020-08-11,7.32,7.28,7.33,7.27,922876,17.8305,0.6619,0.03712178570427077
146,2020-08-12,7.26,7.29,7.3,7.24,981939,17.9507,0.6664,0.037123900460706266
147,2020-08-13,7.29,7.3,7.33,7.28,728937,18.2312,0.6768,0.037123173460880246
148,2020-08-14,7.3,7.31,7.32,7.27,636219,17.8706,0.6634,0.037122424540866006
149,2020-08-17,7.3,7.37,7.38,7.3,1582877,18.0709,0.6708,0.03712045332551228
150,2020-08-18,7.37,7.36,7.38,7.34,933255,18.2312,0.6768,0.037123173460880246
151,2020-08-19,7.36,7.35,7.39,7.33,978980,18.2312,0.6768,0.037123173460880246
152,2020-08-20,7.35,7.29,7.35,7.28,1012899,18.151,0.6738,0.03712192165720897
153,2020-08-21,7.3,7.29,7.31,7.28,572023,18.2312,0.6768,0.037123173460880246
154,2020-08-24,7.31,7.29,7.31,7.28,608090,18.3915,0.6827,0.037120408884539054
155,2020-08-25,7.3,7.28,7.3,7.26,558723,18.3514,0.6813,0.03712523295225432
156,2020-08-26,7.28,7.26,7.29,7.25,657489,18.4315,0.6842,0.03712123267232727
157,2020-08-27,7.25,7.26,7.27,7.24,474703,18.6319,0.6917,0.037124501526951084
158,2020-08-28,7.24,7.28,7.28,7.23,794148,18.5918,0.6902,0.03712389332931723
159,2020-08-31,7.27,7.26,7.29,7.25,639573,18.712,0.6946,0.03712056434373664
160,2020-09-01,7.25,7.24,7.26,7.22,710329,18.5517,0.6887,0.037123282502412175
161,2020-09-02,7.23,7.18,7.23,7.17,1079283,18.8723,0.7006,0.0371231911319765
162,2020-09-03,7.17,7.14,7.2,7.14,846400,18.2312,0.6768,0.037123173460880246
163,2020-09-04,7.12,7.14,7.14,7.1,721384,18.5117,0.6872,0.03712246849289909
164,2020-09-07,7.13,7.11,7.15,7.11,628055,18.5117,0.6872,0.03712246849289909
165,2020-09-08,7.12,7.14,7.14,7.11,682329,18.9925,0.7051,0.03712518099249704
166,2020-09-09,7.11,7.11,7.13,7.09,751949,16.6715,0.7153,0.04290555738835738
167,2020-09-10,7.13,7.07,7.13,7.06,809515,16.9151,0.7258,0.0429084072810684
168,2020-09-11,7.06,7.07,7.09,7.04,571734,16.8455,0.7228,0.04290760143658544
169,2020-09-14,7.08,7.09,7.1,7.07,386796,16.7411,0.7183,0.042906380106444625
170,2020-09-15,7.09,7.07,7.1,7.06,436195,17.0892,0.7333,0.04291014207803758
171,2020-09-16,7.08,7.08,7.12,7.07,700864,16.9847,0.7288,0.042909206521163167
172,2020-09-17,7.09,7.06,7.11,7.05,821489,17.2284,0.7392,0.04290589956118966
173,2020-09-18,7.08,7.1,7.11,7.06,901993,17.4372,0.7482,0.042908265088431624
174,2020-09-21,7.11,7.08,7.11,7.08,628603,17.5068,0.7512,0.04290904105833162
175,2020-09-22,7.08,7.06,7.1,7.05,809972,17.5416,0.7527,0.04290942673416336
176,2020-09-23,7.06,7.03,7.07,7.03,518651,17.646,0.7572,0.04291057463447807
177,2020-09-24,7.02,7.02,7.03,6.99,658931,17.8201,0.7646,0.04290660546237114
178,2020-09-25,7.02,7.01,7.03,7.0,359836,17.9245,0.7691,0.04290775195960836
179,2020-09-28,7.01,7.02,7.05,7.01,436868,17.9245,0.7691,0.04290775195960836
180,2020-09-29,7.03,7.01,7.03,7.01,375788,18.0985,0.7766,0.04290963339503273
181,2020-09-30,7.01,7.03,7.04,6.99,614084,18.2725,0.784,0.04290600629361062
182,2020-10-09,7.04,7.05,7.06,7.04,541006,18.0289,0.7736,0.04290888517879626
183,2020-10-12,7.05,7.1,7.11,7.04,930487,18.0637,0.7751,0.04290926000763963
184,2020-10-13,7.09,7.07,7.09,7.06,438171,17.9941,0.7721,0.04290850890013949
185,2020-10-14,7.06,7.03,7.07,7.02,651726,17.646,0.7572,0.04291057463447807
186,2020-10-15,7.02,7.03,7.04,7.01,509617,17.9941,0.7721,0.04290850890013949
187,2020-10-16,7.03,7.03,7.05,7.02,475264,18.1681,0.7796,0.0429103758786004
188,2020-10-19,7.03,7.03,7.07,7.02,742162,18.0637,0.7751,0.04290926000763963
189,2020-10-20,7.02,7.02,7.02,7.0,386084,18.3769,0.7885,0.042907127970441154
190,2020-10-21,7.02,7.03,7.03,7.0,505753,18.6902,0.802,0.042910188226985266
191,2020-10-22,7.02,7.02,7.03,7.0,354132,18.725,0.8034,0.04290520694259012
192,2020-10-23,7.02,7.04,7.07,7.02,810674,18.551,0.796,0.04290873807341923
193,2020-10-26,7.03,7.03,7.04,7.01,578199,18.6206,0.799,0.04290946586039118
194,2020-10-27,7.01,7.02,7.02,7.0,477974,18.725,0.8034,0.04290520694259012
195,2020-10-28,7.01,7.01,7.02,6.99,521600,18.3769,0.7885,0.042907127970441154
196,2020-10-29,6.99,6.97,6.99,6.96,635733,18.3769,0.7885,0.042907127970441154
197,2020-10-30,7.0,6.99,7.03,6.98,954924,18.4813,0.793,0.04290823697467169
198,2020-11-02,6.98,6.98,7.0,6.96,648195,18.4465,0.7915,0.042907868701379664
199,2020-11-03,6.99,7.04,7.06,6.98,956886,18.3769,0.7885,0.042907127970441154
200,2020-11-04,7.04,7.03,7.05,7.01,582960,18.3769,0.7885,0.042907127970441154
201,2020-11-05,7.04,7.04,7.06,7.02,770213,18.3421,0.787,0.042906755496916936
202,2020-11-06,7.04,7.05,7.07,7.02,1011921,18.1333,0.7781,0.04291000534927454
203,2020-11-09,7.07,7.1,7.11,7.06,1270646,17.9941,0.7721,0.04290850890013949
204,2020-11-10,7.15,7.12,7.2,7.11,1824029,17.8549,0.7661,0.0429069891178332
205,2020-11-11,7.12,7.19,7.19,7.12,1422545,19.6299,0.8423,0.04290903163031906
206,2020-11-12,7.18,7.14,7.19,7.14,764857,19.9779,0.8572,0.04290741269102358
207,2020-11-13,7.13,7.1,7.14,7.08,782199,20.152,0.8647,0.04290889241762604
208,2020-11-16,7.11,7.17,7.17,7.09,991827,20.3608,0.8736,0.04290597618954069
209,2020-11-17,7.18,7.2,7.24,7.16,1218672,20.326,0.8721,0.042905638098986516
210,2020-11-18,7.18,7.18,7.21,7.16,915986,20.2912,0.8706,0.04290529884876203
211,2020-11-19,7.17,7.16,7.18,7.14,724517,20.4304,0.8766,0.04290664891534185
212,2020-11-20,7.15,7.16,7.16,7.12,756790,20.7088,0.8886,0.04290929459939735
213,2020-11-23,7.16,7.23,7.26,7.15,1969083,20.7785,0.8916,0.04290973843155184
214,2020-11-24,7.23,7.25,7.26,7.2,1222292,20.8481,0.8945,0.04290558851885783
215,2020-11-25,7.3,7.23,7.36,7.23,2227867,21.0917,0.905,0.04290787371335644
216,2020-11-26,7.23,7.21,7.26,7.2,1051281,21.6834,0.9304,0.0429083999741738
217,2020-11-27,7.21,7.22,7.23,7.17,1251679,21.2657,0.9125,0.0429094739416055
218,2020-11-30,7.23,7.23,7.29,7.19,1902986,21.6834,0.9304,0.0429083999741738
219,2020-12-01,7.2,7.22,7.24,7.17,1038980,20.7088,0.8886,0.04290929459939735
