,日期,开盘,收盘,最高,最低,成交量,pe,pb,roe
0,2020-01-03,42.63,43.16,43.57,42.55,101776,18.9462,2.7354,0.14437723659625676
1,2020-01-06,42.91,43.7,44.39,42.9,132051,18.7633,2.709,0.1443775881641289
2,2020-01-07,43.69,43.91,44.17,43.35,83006,18.8376,2.7197,0.1443761413343526
3,2020-01-08,43.9,43.65,44.08,43.08,73490,18.889,2.7271,0.14437503308804067
4,2020-01-09,43.65,44.0,44.17,43.46,83287,18.1803,2.6248,0.14437605540062595
5,2020-01-10,43.8,43.81,44.15,43.63,67033,18.689,2.6982,0.14437369575686232
6,2020-01-13,43.9,44.26,44.51,43.61,74218,18.5232,2.6743,0.14437570182257928
7,2020-01-14,44.26,44.0,44.52,43.7,52402,17.9174,2.5868,0.14437362563764833
8,2020-01-15,44.04,43.56,44.04,42.77,77820,17.9689,2.5943,0.1443772295466055
9,2020-01-16,43.51,43.44,43.87,42.87,52558,17.6545,2.5489,0.14437678778781615
10,2020-01-17,43.63,43.56,43.77,43.34,31895,17.2773,2.4944,0.1443744103534696
11,2020-01-20,43.44,43.18,43.61,43.05,73598,17.706,2.5563,0.1443747882073873
12,2020-01-21,43.2,43.12,43.6,42.95,67372,17.8888,2.5827,0.144375251554045
13,2020-01-22,43.2,43.3,43.57,42.21,94077,18.4547,2.6644,0.1443751456268593
14,2020-01-23,43.31,42.42,43.8,42.29,90523,18.5347,2.676,0.1443778426411002
15,2020-02-03,38.95,39.53,39.75,38.95,187540,18.3461,2.6487,0.14437400864488908
16,2020-02-04,39.53,40.61,41.04,39.0,85361,18.4032,2.657,0.14437706485828553
17,2020-02-05,40.87,40.81,40.91,40.08,107616,18.4032,2.657,0.14437706485828553
18,2020-02-06,40.95,40.92,41.04,40.34,72493,17.7517,2.5629,0.14437490493868194
19,2020-02-07,40.52,41.68,42.86,40.39,74326,17.0601,2.4631,0.14437781724608884
20,2020-02-10,41.3,41.47,41.99,40.84,73107,17.2602,2.4919,0.14437260286671066
21,2020-02-11,41.46,42.21,42.37,41.12,78048,17.1801,2.4804,0.14437634239614439
22,2020-02-12,42.34,44.81,45.52,42.16,245054,16.7572,2.4193,0.1443737617263027
23,2020-02-13,45.46,44.67,45.77,44.03,181208,18.4204,2.7873,0.15131593233588847
24,2020-02-14,44.59,44.42,45.23,43.74,124108,17.7231,2.6818,0.15131664325089855
25,2020-02-17,44.46,44.52,44.86,43.94,134726,17.5459,2.655,0.15131740178617226
26,2020-02-18,44.42,44.6,45.28,44.17,109355,17.5516,2.6558,0.1513138403336448
27,2020-02-19,44.67,43.94,44.8,43.77,98742,17.5459,2.655,0.15131740178617226
28,2020-02-20,44.74,47.11,47.55,44.46,365937,17.4945,2.6472,0.15131612792591959
29,2020-02-21,47.02,45.72,47.06,45.2,314836,18.0203,2.7267,0.15131268624828667
30,2020-02-24,45.02,44.45,45.33,44.22,207800,18.1003,2.7388,0.15131240918658806
31,2020-02-25,43.85,44.16,44.72,43.64,158916,17.8774,2.7051,0.1513139494557374
32,2020-02-26,43.87,44.19,44.99,43.77,159537,18.2946,2.7682,0.15131240912619026
33,2020-02-27,44.11,44.2,44.48,43.93,72916,17.9517,2.7164,0.15131714545140573
34,2020-02-28,42.87,42.82,43.54,42.21,129572,18.2603,2.7631,0.15131733870746922
35,2020-03-02,42.86,43.55,43.64,42.72,171301,18.0774,2.7354,0.15131600783298482
36,2020-03-03,44.12,42.99,44.13,42.83,213218,18.3061,2.77,0.15131568165802656
37,2020-03-04,42.83,42.37,42.83,42.24,147879,18.1918,2.7527,0.15131542783012125
38,2020-03-05,42.99,43.42,43.72,42.74,223593,17.3002,2.6178,0.15131616975526294
39,2020-03-06,43.35,44.04,44.42,43.12,146668,17.1459,2.5944,0.15131314191730966
40,2020-03-09,43.51,41.95,43.73,41.56,185920,17.5516,2.6558,0.1513138403336448
41,2020-03-10,41.3,42.31,42.6,41.3,147030,17.3059,2.6186,0.1513125581449101
42,2020-03-11,42.44,41.82,42.68,41.79,67420,17.2602,2.6117,0.15131342626389033
43,2020-03-12,41.46,40.39,41.46,40.12,232800,17.8317,2.6982,0.1513147933175188
44,2020-03-13,39.02,40.09,40.39,38.76,146487,17.4716,2.6437,0.151314132649557
45,2020-03-16,40.06,37.91,40.08,37.89,135885,17.9003,2.7086,0.15131589973352402
46,2020-03-17,37.98,38.37,38.65,37.14,143506,18.2203,2.757,0.15131474234782083
47,2020-03-18,38.53,38.39,39.39,38.37,110813,17.946,2.7155,0.15131505627995095
48,2020-03-19,38.23,38.41,38.87,37.83,91203,17.3859,2.6307,0.151312270287992
49,2020-03-20,38.7,38.32,38.96,37.91,103877,17.4145,2.6351,0.15131643170920783
50,2020-03-23,37.28,37.14,37.57,37.01,113936,17.5345,2.6532,0.15131312555248225
51,2020-03-24,37.63,37.57,37.97,36.97,112319,17.0887,2.5858,0.15131636695594164
52,2020-03-25,38.19,38.89,39.04,38.19,116072,16.5515,2.5045,0.15131559073195783
53,2020-03-26,38.87,38.7,39.28,38.56,75641,16.6601,2.5209,0.15131361756532075
54,2020-03-27,39.04,38.93,39.21,38.45,72842,17.203,2.6031,0.15131663082020577
55,2020-03-30,38.47,38.44,38.75,37.91,49745,17.2316,2.6074,0.15131502588268067
56,2020-03-31,38.74,38.5,38.89,38.34,47275,18.3061,2.77,0.15131568165802656
57,2020-04-01,38.63,38.61,39.21,38.5,70747,18.8033,2.8452,0.15131386511942055
58,2020-04-02,38.47,38.89,38.91,38.31,52661,19.1862,2.9032,0.1513170924935631
59,2020-04-03,38.95,38.45,38.95,38.44,45860,19.6434,2.9723,0.1513129091705102
60,2020-04-07,38.95,39.32,39.34,38.8,68397,19.7006,2.981,0.15131518836989735
61,2020-04-08,39.28,39.04,39.28,38.83,47933,19.752,2.9888,0.15131632239773188
62,2020-04-09,39.05,38.99,39.27,38.91,44270,19.5063,3.1816,0.1631062784843871
63,2020-04-10,38.96,38.58,39.1,38.54,48217,18.7461,3.0576,0.16310592603261478
64,2020-04-13,38.6,38.73,38.78,38.34,29149,18.3632,2.9951,0.16310338067439226
65,2020-04-14,38.96,40.17,40.19,38.82,105796,18.6318,3.0389,0.16310286714112432
66,2020-04-15,40.26,39.78,40.43,39.74,64932,18.1746,2.9644,0.16310675338109226
67,2020-04-16,39.74,39.39,39.75,39.25,60399,18.0032,2.9364,0.16310433700675436
68,2020-04-17,39.58,40.19,40.36,39.52,88376,18.0717,2.9476,0.16310585058406238
69,2020-04-20,40.18,40.3,40.75,40.03,67217,18.6204,3.0371,0.16310605572382977
70,2020-04-21,40.23,39.95,40.23,39.56,49576,18.5518,3.0259,0.16310546685496824
71,2020-04-22,39.88,40.03,40.06,39.51,43236,17.8031,2.9038,0.16310642528548397
72,2020-04-23,40.06,39.51,40.19,39.47,46252,17.6945,2.8861,0.1631071801972364
73,2020-04-24,39.71,38.91,39.71,38.8,49230,17.0087,2.7742,0.16310476403252452
74,2020-04-27,39.27,39.25,39.43,38.83,35356,17.6602,2.8805,0.16310687308184507
75,2020-04-28,39.25,38.91,39.35,38.18,34374,17.9346,2.9252,0.16310372129849562
76,2020-04-29,38.45,39.57,40.23,38.44,57319,17.786,2.901,0.1631058135612279
77,2020-04-30,39.48,40.13,40.19,39.32,63082,18.0889,2.9504,0.16310555091796627
78,2020-05-06,40.12,40.86,41.0,39.78,117616,18.0146,2.9383,0.16310659132037345
79,2020-05-07,40.91,40.75,41.38,40.66,63872,17.7917,2.9019,0.1631041440671774
80,2020-05-08,41.17,40.87,41.17,40.66,37086,18.0032,2.9364,0.16310433700675436
81,2020-05-11,40.78,41.26,41.4,40.78,55663,18.1175,2.955,0.1631019732303022
82,2020-05-12,41.3,40.6,41.3,40.27,43513,17.7745,2.8991,0.16310444738248614
83,2020-05-13,40.65,40.47,40.75,40.19,50743,16.8887,2.7546,0.1631031399693286
84,2020-05-14,40.14,40.17,40.47,39.96,41133,15.8828,2.5906,0.16310726068451406
85,2020-05-15,40.21,40.0,40.49,39.96,33041,15.8713,2.5887,0.16310573172959997
86,2020-05-18,39.82,39.35,40.0,39.31,50390,15.5341,2.5337,0.16310568362505712
87,2020-05-19,39.56,39.83,39.92,39.56,31702,16.7172,2.7267,0.16310745818677772
88,2020-05-20,39.83,41.1,41.51,39.78,125583,16.9858,2.7705,0.1631068304112847
89,2020-05-21,41.22,40.36,41.36,40.31,45026,16.5686,2.7024,0.16310370218364859
90,2020-05-22,40.57,39.91,40.66,39.87,41735,16.5743,2.7033,0.16310191078959593
91,2020-05-25,39.93,39.6,40.1,39.38,39217,15.4256,2.516,0.16310548698267816
92,2020-05-26,39.67,40.34,40.38,39.54,41847,15.1284,2.4675,0.16310383120488617
93,2020-05-27,40.26,40.62,40.97,39.96,51671,15.5856,2.5421,0.16310568730109845
94,2020-05-28,40.62,40.25,40.86,39.91,35160,15.6313,2.5495,0.16310223717796984
95,2020-05-29,40.22,40.82,40.82,40.06,33510,15.8313,2.5822,0.1631072621957767
96,2020-06-01,40.66,41.3,41.42,40.64,59242,15.237,2.4852,0.16310297302618626
97,2020-06-02,41.3,40.66,41.3,40.55,56598,15.677,2.557,0.16310518594118772
98,2020-06-03,40.64,40.62,40.97,40.52,32996,15.4027,2.5122,0.16310127445188183
99,2020-06-04,40.74,40.31,40.79,40.26,46545,15.2655,2.4899,0.1631063509220137
100,2020-06-05,40.29,40.26,40.35,40.09,46536,15.4313,2.5169,0.16310356224038156
101,2020-06-08,40.44,40.61,40.83,40.32,42309,14.8998,2.4302,0.16310286044107974
102,2020-06-09,40.7,41.18,41.27,40.4,64946,15.0655,2.4572,0.16310112508711958
103,2020-06-10,41.18,40.82,41.27,40.61,36457,14.9112,2.4321,0.1631055850635764
104,2020-06-11,40.71,40.48,41.14,40.42,51144,15.0598,2.4563,0.1631030956586409
105,2020-06-12,39.93,40.16,40.22,39.86,53681,14.9683,2.4414,0.16310469458789575
106,2020-06-15,40.03,40.14,40.6,39.88,59830,14.9283,2.4349,0.16310631485165758
107,2020-06-16,40.4,40.38,40.57,40.14,39337,15.0141,2.3399,0.15584683730626545
108,2020-06-17,40.42,40.21,40.45,40.03,34128,14.974,2.3336,0.1558434620008014
109,2020-06-18,40.26,40.32,40.45,40.14,33766,14.5168,2.2624,0.1558470186266946
110,2020-06-19,40.48,40.78,40.95,40.29,80066,14.3168,2.2312,0.1558448815377738
111,2020-06-22,40.79,41.82,42.04,40.68,148042,14.2654,2.2232,0.1558456124609194
112,2020-06-23,41.82,41.91,42.01,41.26,78391,14.3397,2.2347,0.15584008033640873
113,2020-06-24,41.91,42.37,42.55,41.36,92939,14.2368,2.2187,0.15584260507979322
114,2020-06-29,42.09,42.46,43.22,41.98,101957,14.2425,2.2196,0.15584342636475337
115,2020-06-30,42.85,42.66,42.91,42.11,83365,14.3854,2.2419,0.15584551003100364
116,2020-07-01,42.82,42.33,42.94,42.12,88678,14.534,2.265,0.15584147516168984
117,2020-07-02,42.42,42.68,42.76,42.12,123051,14.694,2.29,0.155845923506193
118,2020-07-03,42.7,42.3,43.07,42.17,156073,14.4425,2.2508,0.15584559459927297
119,2020-07-06,42.48,43.51,43.81,42.46,199620,14.2882,2.2267,0.15584188351226888
120,2020-07-07,43.64,43.13,44.16,43.13,158094,14.3111,2.2303,0.15584406509632384
121,2020-07-08,43.42,43.44,43.8,42.94,120653,14.4482,2.2517,0.15584640301213992
122,2020-07-09,43.38,44.07,44.21,43.34,158057,14.4654,2.2543,0.15584083399007287
123,2020-07-10,43.77,43.07,43.96,42.86,156899,14.7454,2.298,0.15584521274431348
124,2020-07-13,42.99,44.42,44.6,42.79,204030,14.534,2.265,0.15584147516168984
125,2020-07-14,44.29,43.96,44.29,43.52,165815,14.2825,2.2258,0.15584106423945387
126,2020-07-15,44.02,43.86,44.72,43.2,170168,14.4482,2.2517,0.15584640301213992
127,2020-07-16,43.93,42.82,44.65,42.05,172887,14.3225,2.2321,0.15584569732937686
128,2020-07-17,42.96,43.5,43.69,42.48,87761,13.9967,2.1813,0.15584387748540726
129,2020-07-20,43.59,46.11,46.17,43.59,230573,14.1339,2.2027,0.155845166585302
130,2020-07-21,46.19,46.1,46.95,45.67,204708,14.3339,2.2339,0.15584732696614323
131,2020-07-22,46.5,47.05,47.54,45.94,213107,14.6597,2.2846,0.15584220686644337
132,2020-07-23,46.84,46.43,46.92,44.87,165328,14.0996,2.1973,0.15584130046242445
133,2020-07-24,46.53,43.74,46.53,43.57,160542,13.8881,2.1644,0.1558456520330355
134,2020-07-27,44.16,44.51,44.73,43.74,123444,14.1739,2.2089,0.15584278145041236
135,2020-07-28,45.04,44.54,45.2,44.07,99508,14.2482,2.2205,0.15584424699260258
136,2020-07-29,44.61,46.82,46.95,44.42,154998,14.3797,2.241,0.1558446977336106
137,2020-07-30,46.89,48.84,50.63,46.38,376019,14.4368,2.2499,0.15584478554804387
138,2020-07-31,48.85,49.62,51.62,48.61,362430,14.7283,2.2953,0.15584283318509265
139,2020-08-03,49.74,49.36,49.85,48.4,194200,14.5568,2.2686,0.1558446911409101
140,2020-08-04,49.1,48.88,49.49,48.58,122038,14.5054,2.2606,0.15584540929584845
141,2020-08-05,48.75,49.39,50.61,48.68,148645,14.5511,2.2677,0.15584388809093472
142,2020-08-06,49.36,49.55,49.88,48.59,119727,14.2311,2.2178,0.1558417831369325
143,2020-08-07,49.36,48.87,49.54,47.62,148292,13.9853,2.1795,0.15584220574460325
144,2020-08-10,48.84,49.2,49.68,47.84,152213,14.3429,2.2086,0.15398559566057074
145,2020-08-11,49.83,48.58,50.63,48.54,172956,14.4985,2.2325,0.15398144635651964
146,2020-08-12,48.31,47.1,48.97,46.73,154126,14.3429,2.2086,0.15398559566057074
147,2020-08-13,47.27,48.66,49.06,47.27,172230,14.6183,2.251,0.15398507350375898
148,2020-08-14,48.93,48.9,49.07,47.94,84996,14.8577,2.2878,0.1539807641828816
149,2020-08-17,50.01,50.61,50.89,49.55,169434,14.8218,2.2823,0.15398264718185378
150,2020-08-18,50.61,50.76,51.31,50.01,118695,14.9834,2.3072,0.153983742007822
151,2020-08-19,50.67,49.52,50.72,49.52,81332,14.9355,2.2998,0.15398212312945667
152,2020-08-20,49.32,49.36,50.07,49.0,79852,14.5644,2.2427,0.1539850594600533
153,2020-08-21,49.54,49.75,50.44,49.23,94125,14.744,2.2703,0.15398128052088986
154,2020-08-24,49.72,50.79,50.98,49.42,102560,14.9236,2.298,0.1539842933340481
155,2020-08-25,50.83,50.18,50.92,49.72,87254,14.2591,2.1957,0.15398587568640376
156,2020-08-26,50.09,51.05,51.93,49.93,154283,14.1932,2.1855,0.1539821886537215
157,2020-08-27,50.96,52.78,53.23,50.96,204804,14.3807,2.2141,0.1539632980313893
158,2020-08-28,52.27,53.34,53.49,51.44,165096,14.4046,2.2178,0.15396470571900642
159,2020-08-31,54.27,53.22,54.27,52.49,108115,14.5363,2.2381,0.15396627752591788
160,2020-09-01,52.86,53.09,53.51,52.56,98986,14.1352,2.1764,0.15397023034693533
161,2020-09-02,53.39,52.05,53.75,51.6,155192,14.3388,2.2077,0.1539668591513934
162,2020-09-03,52.14,51.18,52.38,50.85,134690,14.207,2.1874,0.1539663546139227
163,2020-09-04,50.66,50.05,51.04,49.89,125185,14.1591,2.18,0.15396458814472672
164,2020-09-07,50.48,47.6,50.49,47.41,176472,14.1292,2.1754,0.15396483877360356
165,2020-09-08,47.89,47.54,47.92,47.14,114012,14.3567,2.2105,0.1539699234503751
166,2020-09-09,47.27,46.3,47.27,45.47,123574,14.249,2.1939,0.15396869955786371
167,2020-09-10,46.6,46.06,47.08,45.75,123599,14.3388,2.2077,0.1539668591513934
168,2020-09-11,46.2,47.28,47.51,45.89,111567,13.7281,2.1137,0.15396886677690286
169,2020-09-14,47.53,48.29,48.38,46.9,135858,13.5305,2.0833,0.1539706588817856
170,2020-09-15,48.03,48.02,48.23,47.34,73662,14.0753,2.1671,0.15396474675495372
171,2020-09-16,48.15,47.96,48.51,47.63,72132,14.1172,2.1736,0.15396820899328478
172,2020-09-17,47.96,49.23,49.45,47.41,90563,14.1053,2.1717,0.1539634038269303
173,2020-09-18,49.23,49.85,49.94,48.58,86441,14.0993,2.1708,0.1539650904654841
174,2020-09-21,49.85,49.13,49.85,48.75,50957,13.8837,2.1376,0.15396472121984775
175,2020-09-22,48.72,48.15,49.13,47.98,68959,14.8896,2.2925,0.15396652697184612
176,2020-09-23,48.19,48.97,49.35,48.19,65431,15.0273,2.3137,0.1539664477317948
177,2020-09-24,48.84,47.67,48.84,47.41,55005,15.6858,2.4151,0.15396728251029593
178,2020-09-25,47.99,47.77,48.19,47.28,44693,15.9133,2.4501,0.1539655508285522
179,2020-09-28,47.6,48.33,48.77,47.49,77077,15.7457,2.4243,0.15396584464329946
180,2020-09-29,48.36,47.41,48.44,47.27,82724,16.7096,2.5727,0.15396538516780775
181,2020-09-30,47.41,47.76,48.28,47.03,55688,16.4222,2.5285,0.153968408617603
182,2020-10-09,49.16,49.79,50.84,49.1,143335,15.9373,2.4538,0.15396585368914434
183,2020-10-12,50.46,50.05,50.59,49.49,108843,16.2246,2.4981,0.15396989756295995
184,2020-10-13,50.05,49.53,50.06,49.13,110572,16.4821,2.5377,0.1539670309001887
185,2020-10-14,49.52,49.94,50.14,49.39,89994,16.1468,2.4861,0.15396858820323533
186,2020-10-15,49.76,49.24,50.2,49.23,61395,16.7814,2.5838,0.15396808371172846
187,2020-10-16,49.44,50.02,50.82,49.27,100592,16.7754,2.5829,0.1539695029626715
188,2020-10-19,50.26,49.07,50.33,48.85,84581,16.7635,2.581,0.15396546067348704
189,2020-10-20,49.1,49.58,49.58,49.03,64086,16.8952,2.6013,0.15396680714048963
190,2020-10-21,49.24,49.4,49.67,48.87,66390,17.4819,2.6916,0.15396495804231808
191,2020-10-22,48.68,48.2,49.09,47.89,77311,18.1309,2.7916,0.15396919071860746
192,2020-10-23,48.37,48.32,49.75,48.2,64848,16.6694,2.5665,0.15396474978103591
193,2020-10-26,48.15,48.33,48.57,47.28,60719,16.9748,2.6136,0.15396941348351675
194,2020-10-27,48.29,48.32,48.54,47.67,43233,16.9389,2.608,0.15396513350925975
195,2020-10-28,48.44,48.72,48.94,47.57,96153,16.891,2.6007,0.15396956959327454
196,2020-10-29,48.16,50.31,50.78,47.85,150888,17.0048,2.6182,0.1539682913059842
197,2020-10-30,50.59,46.53,50.69,46.23,277504,17.0707,2.6283,0.15396556673129982
198,2020-11-02,46.4,47.49,47.76,45.68,170165,15.8727,2.4439,0.15396876397840317
199,2020-11-03,47.42,47.67,48.27,47.15,107333,15.5313,2.3913,0.15396650634525122
200,2020-11-04,47.67,47.21,48.05,46.9,81129,15.6272,2.4061,0.15396872120405447
201,2020-11-05,47.54,48.79,49.01,47.16,124858,15.2797,2.3526,0.15396899153779195
202,2020-11-06,48.9,50.27,50.49,48.61,153743,15.2258,2.3443,0.15396892117327168
203,2020-11-09,50.27,50.27,51.28,49.89,113191,15.136,2.3304,0.15396405919661735
204,2020-11-10,50.46,50.14,50.92,49.5,123169,14.6389,2.2539,0.15396648655295136
205,2020-11-11,49.83,50.57,51.63,49.75,147930,15.9686,2.4586,0.15396465563668701
206,2020-11-12,50.63,50.39,50.78,49.92,64780,16.3759,2.5213,0.15396405693732862
207,2020-11-13,49.91,49.1,50.33,48.22,121526,16.292,2.5084,0.15396513626319663
208,2020-11-16,49.1,48.68,49.26,48.32,74909,16.322,2.513,0.15396397500306336
209,2020-11-17,48.46,47.71,48.64,47.41,77107,16.4957,2.5398,0.1539673975642137
210,2020-11-18,47.72,48.57,49.03,47.71,84237,16.4418,2.5315,0.15396732717828945
211,2020-11-19,48.66,49.28,49.46,48.18,83521,16.4957,2.5398,0.1539673975642137
212,2020-11-20,49.18,49.16,49.46,48.59,65283,16.6993,2.5711,0.15396453743570088
213,2020-11-23,49.26,50.54,51.01,49.26,148249,16.8191,2.5896,0.15396781040602647
214,2020-11-24,50.53,50.92,51.18,49.89,141114,16.6095,2.5573,0.15396610373581385
215,2020-11-25,50.79,49.76,52.02,49.57,130811,16.6993,2.5711,0.15396453743570088
216,2020-11-26,50.02,51.37,51.7,49.68,175467,16.5376,2.5462,0.1539642995356037
217,2020-11-27,51.35,51.26,51.71,50.44,125482,16.6574,2.5647,0.15396760598892986
218,2020-11-30,51.34,51.09,52.95,50.91,157411,16.5615,2.5499,0.1539655224466383
219,2020-12-01,50.96,51.5,51.86,50.53,106253,16.31,2.5112,0.1539668914776211
