,日期,开盘,收盘,最高,最低,成交量,pe,pb,roe
0,2020-01-03,85.65,85.95,87.45,84.6,2740999,55.6244,4.9708,0.08936366055184415
1,2020-01-06,88.05,86.85,89.25,83.7,5776023,55.032,4.9178,0.08936255269661288
2,2020-01-07,84.9,84.0,84.9,83.25,4024025,53.0179,4.7378,0.0893622719873854
3,2020-01-08,85.8,84.45,86.4,83.1,4403378,52.4848,4.6902,0.08936301557784349
4,2020-01-09,81.9,81.6,83.25,81.15,3875509,51.0631,4.5632,0.08936394382636385
5,2020-01-10,81.45,82.05,82.2,80.85,2357123,54.2027,4.8437,0.08936270702381985
6,2020-01-13,82.2,83.4,83.55,81.75,2039086,54.2619,4.849,0.0893628862977522
7,2020-01-14,83.4,85.05,87.15,83.25,3217512,53.1956,4.7537,0.0893626540540947
8,2020-01-15,84.9,82.95,85.05,82.5,1894354,49.6414,4.4361,0.08936291079623057
9,2020-01-16,82.95,81.75,83.25,81.3,1688681,49.8783,4.4573,0.0893635107852513
10,2020-01-17,81.75,83.25,83.85,81.3,1799161,48.6343,4.3461,0.0893628570782349
11,2020-01-20,82.95,82.05,83.1,81.15,1853567,48.5158,4.3355,0.08936264062429146
12,2020-01-21,81.75,79.35,81.75,79.35,2558503,45.2577,4.0444,0.08936379886737507
13,2020-01-22,78.9,80.4,81.0,77.1,1929378,45.4355,4.0603,0.08936404353424085
14,2020-01-23,78.6,78.3,81.9,77.25,2954110,44.6061,3.9861,0.08936221727521572
15,2020-02-03,71.85,71.85,74.7,71.85,4498318,45.6132,4.0761,0.08936228986346058
16,2020-02-04,71.85,73.65,74.4,71.85,2781596,48.1604,4.3038,0.08936387571531797
17,2020-02-05,73.35,74.4,75.75,72.9,3021993,46.7979,4.182,0.08936298423647215
18,2020-02-06,75.0,75.9,76.65,73.95,3025188,45.3762,4.055,0.08936402783838224
19,2020-02-07,75.3,75.45,76.65,74.4,2341591,45.4355,4.0603,0.08936404353424085
20,2020-02-10,74.85,76.95,77.4,74.1,2924428,45.317,4.0497,0.08936381490389919
21,2020-02-11,76.65,77.55,79.65,76.35,2621611,42.592,3.8062,0.08936419984973705
22,2020-02-12,77.4,78.45,78.75,77.25,1690841,41.4073,3.7003,0.0893634697263526
23,2020-02-13,78.45,78.75,79.2,77.85,1782126,41.5258,3.7109,0.08936372086750888
24,2020-02-14,78.9,82.05,82.8,78.15,3368064,42.4143,3.7903,0.08936372874242886
25,2020-02-17,82.2,83.1,83.4,81.15,2474189,41.8812,3.7426,0.08936229143386532
26,2020-02-18,83.55,82.5,83.55,82.2,1990425,41.7035,3.7268,0.08936420204539187
27,2020-02-19,83.55,82.8,84.0,81.9,2556138,40.9334,3.6579,0.08936223230906791
28,2020-02-20,82.5,82.8,82.95,81.45,2169791,41.2296,3.6844,0.08936298193530862
29,2020-02-21,83.4,84.45,85.5,82.65,3683692,41.2888,3.6897,0.08936321714363217
30,2020-02-24,86.4,84.75,86.85,83.85,3649727,39.9856,3.5732,0.08936217038133729
31,2020-02-25,82.5,82.5,84.3,81.9,3460983,39.5709,3.7402,0.09451895205820439
32,2020-02-26,81.45,79.35,81.45,79.2,3518142,39.0378,3.6898,0.09451864603025786
33,2020-02-27,79.35,80.1,80.55,78.6,1694575,38.8601,3.673,0.09451854215506393
34,2020-02-28,78.15,76.35,79.2,76.35,2603069,38.4454,3.6338,0.09451845994579325
35,2020-03-02,76.2,78.45,79.05,76.2,1904851,38.9785,3.6842,0.0945187731698244
36,2020-03-03,79.2,78.45,80.1,78.15,1709892,38.9785,3.6842,0.0945187731698244
37,2020-03-04,79.95,78.9,80.4,78.0,2469414,36.846,3.4826,0.09451772241220215
38,2020-03-05,78.45,79.2,79.5,78.45,1904916,36.4313,3.4434,0.09451762632681239
39,2020-03-06,79.95,79.65,80.25,79.2,2452603,36.6683,3.4658,0.09451760785201387
40,2020-03-09,79.65,75.15,79.65,74.85,4154428,36.6683,3.4658,0.09451760785201387
41,2020-03-10,73.35,74.55,75.0,72.75,3617265,36.7275,3.4714,0.09451773194472807
42,2020-03-11,74.7,74.25,75.6,74.25,2237410,35.6612,3.3706,0.09451729050060009
43,2020-03-12,72.6,72.75,73.2,71.85,2213174,38.2084,3.6114,0.09451848284670387
44,2020-03-13,68.55,71.55,72.3,67.2,3188142,38.8601,3.673,0.09451854215506393
45,2020-03-16,71.55,68.55,71.55,67.95,2534540,40.6964,3.8466,0.0945194169508851
46,2020-03-17,68.25,66.15,69.3,64.35,3407112,41.6442,3.9361,0.09451736376254077
47,2020-03-18,66.9,65.1,67.65,64.95,2422837,40.2818,3.8074,0.09451911284997196
48,2020-03-19,63.45,64.35,64.65,63.0,3068684,41.7035,3.9417,0.09451724675386958
49,2020-03-20,64.95,65.85,66.3,63.9,2250929,42.4736,4.0145,0.0945175355985836
50,2020-03-23,64.5,65.85,67.05,63.9,3153560,42.2959,3.9977,0.09451743549611191
51,2020-03-24,69.75,70.05,70.95,68.1,5420243,40.9334,3.8689,0.09451694704080287
52,2020-03-25,72.45,70.95,72.6,70.65,3671170,41.348,3.9081,0.09451726806617007
53,2020-03-26,69.9,70.5,71.7,69.3,2465703,39.8671,3.7682,0.09451903950876789
54,2020-03-27,70.8,70.8,71.4,70.5,2011007,41.7035,3.9417,0.09451724675386958
55,2020-03-30,69.6,69.3,70.65,69.0,1765987,41.9997,3.9697,0.0945173417905366
56,2020-03-31,69.3,69.3,69.9,68.85,1354209,41.4665,3.9193,0.09451726092146671
57,2020-04-01,68.55,69.9,69.9,67.95,1758529,41.822,3.9529,0.09451723973028549
58,2020-04-02,68.85,69.45,69.45,68.4,1688373,42.2366,3.9921,0.09451755112864198
59,2020-04-03,69.45,69.45,70.95,69.3,2104457,43.4806,4.1097,0.09451801493079671
60,2020-04-07,71.25,73.5,74.25,70.8,4265687,42.592,4.0257,0.09451774981217129
61,2020-04-08,72.45,73.2,73.8,72.15,1854353,39.3932,3.7234,0.0945188509692028
62,2020-04-09,73.2,73.2,73.65,72.6,1525690,38.3862,3.6282,0.09451834252934647
63,2020-04-10,75.3,73.5,75.45,73.2,2885641,38.6823,3.6562,0.09451868167094511
64,2020-04-13,73.35,73.95,74.7,73.05,1460930,39.097,3.6954,0.09451876103025807
65,2020-04-14,75.45,78.15,79.35,74.85,5037744,39.6894,4.0372,0.1017198546715244
66,2020-04-15,77.85,77.85,79.2,77.25,2716266,36.7275,3.7359,0.10171942005309373
67,2020-04-16,76.95,77.7,77.7,76.05,2733898,37.4383,3.8082,0.10171936225736745
68,2020-04-17,76.5,75.9,76.95,75.15,2729414,38.5046,3.9167,0.10172031393651666
69,2020-04-20,75.15,76.05,76.5,74.55,1718168,37.6753,3.8323,0.10171916348376787
70,2020-04-21,75.75,75.3,76.35,74.4,1599135,36.1944,3.6817,0.10172015560418186
71,2020-04-22,74.7,74.85,75.3,74.25,1564362,34.2395,3.4828,0.10171877509893544
72,2020-04-23,76.35,76.2,77.1,75.45,2649545,33.8841,3.4467,0.10172027588160819
73,2020-04-24,75.9,77.4,77.7,75.6,2966951,33.7656,3.4346,0.1017189091856801
74,2020-04-27,73.2,71.55,73.95,71.1,5885806,35.7204,3.6335,0.1017205854357734
75,2020-04-28,71.55,73.5,73.65,70.35,3920692,37.4976,3.8142,0.10171850998463902
76,2020-04-29,73.5,72.75,73.95,72.3,1398612,39.334,4.001,0.10171861493872986
77,2020-04-30,72.9,72.6,73.2,71.85,1820319,38.9193,3.9589,0.101720740095531
78,2020-05-06,72.75,73.35,73.65,72.45,1492178,35.7797,3.6395,0.10171969021540148
79,2020-05-07,72.9,73.2,74.4,72.6,1524424,34.2987,3.4889,0.10172105648319034
80,2020-05-08,74.4,74.1,74.7,73.5,1486404,34.5949,3.519,0.10172019575139687
81,2020-05-11,73.8,73.2,74.25,73.05,1292906,34.6542,3.525,0.10171927212285956
82,2020-05-12,72.9,72.15,73.05,71.85,1619324,33.4694,3.4045,0.10171977985861713
83,2020-05-13,72.15,72.15,72.45,71.7,1081109,34.0025,3.4587,0.10171899125064333
84,2020-05-14,72.3,71.4,72.45,70.95,1325397,34.121,3.4708,0.10172034817267958
85,2020-05-15,72.0,73.05,73.35,71.7,2114546,35.6612,3.6274,0.10171839422117035
86,2020-05-18,74.4,76.05,76.8,73.8,3706514,33.3509,3.3924,0.10171839440614795
87,2020-05-19,75.15,74.25,75.6,73.95,2085081,34.4765,3.5069,0.10171856191898829
88,2020-05-20,75.3,75.75,76.35,74.7,1878801,34.6542,3.525,0.10171927212285956
89,2020-05-21,75.6,74.4,76.2,74.1,1453820,33.6471,3.4226,0.10172050488749401
90,2020-05-22,74.25,72.75,74.25,72.15,1550834,33.2325,3.3804,0.10171970209884901
91,2020-05-25,72.3,71.55,72.3,71.1,1412230,31.6923,3.2237,0.10171871400939661
92,2020-05-26,72.0,72.15,72.75,71.7,1144313,32.2254,3.0917,0.09593984869078429
93,2020-05-27,71.4,70.95,71.55,70.65,1556997,33.4694,3.211,0.09593837953473919
94,2020-05-28,71.25,71.4,71.85,70.8,1423756,34.4765,3.3076,0.0959378127130074
95,2020-05-29,70.95,70.65,71.25,70.2,1484324,35.5427,3.4099,0.09593812512836672
96,2020-06-01,71.1,72.3,72.6,70.95,2041612,33.5286,3.2167,0.09593898940009425
97,2020-06-02,72.3,72.15,72.75,71.55,1409082,36.3721,3.4895,0.09593892021631964
98,2020-06-03,72.15,72.9,73.65,71.85,1813007,33.0547,3.1712,0.09593794528463426
99,2020-06-04,72.15,71.7,72.45,71.55,1539070,30.389,2.9155,0.09593932014873804
100,2020-06-05,72.0,71.25,72.0,71.1,1229564,30.2706,2.9041,0.09593797281851037
101,2020-06-08,72.0,74.1,74.4,72.0,3589206,28.138,2.6995,0.09593787760324117
102,2020-06-09,74.4,74.55,74.85,73.8,1765349,27.3679,2.6256,0.09593721111228849
103,2020-06-10,75.45,74.1,75.75,73.65,1341889,27.1902,2.6086,0.09593897801413745
104,2020-06-11,75.15,74.7,76.05,74.4,2049451,26.0647,2.5006,0.09593818459448987
105,2020-06-12,72.9,73.5,73.95,72.6,1566472,25.887,2.4836,0.09594004712790204
106,2020-06-15,73.5,72.6,73.95,72.6,1385817,25.9462,2.4892,0.09593697728376409
107,2020-06-16,72.9,73.95,74.25,72.75,1535382,25.1169,2.4097,0.09593938742440349
108,2020-06-17,73.65,74.4,74.4,73.05,1647852,25.1761,2.4154,0.095940197250567
109,2020-06-18,74.7,76.2,76.65,73.8,3151643,24.643,2.3642,0.09593799456235036
110,2020-06-19,76.2,76.35,76.95,75.6,2033063,24.5837,2.3585,0.09593755211786671
111,2020-06-22,77.1,77.7,79.05,76.95,2833327,23.8729,2.2903,0.09593723426982058
112,2020-06-23,78.15,77.55,78.6,77.1,1453615,23.6952,2.2733,0.09593926196022823
113,2020-06-24,78.9,79.65,80.1,78.75,2404471,23.162,2.2221,0.09593731111302997
114,2020-06-29,79.5,79.5,80.55,78.45,1917051,23.5174,2.2562,0.09593747608153964
115,2020-06-30,79.5,79.95,80.25,78.6,1599635,23.9913,2.3017,0.09593894453406027
116,2020-07-01,81.0,82.8,84.45,81.0,3362316,23.7544,2.279,0.09594012056713704
117,2020-07-02,81.6,83.25,83.7,81.6,2720794,23.9321,2.296,0.09593809151725088
118,2020-07-03,82.95,85.2,85.8,82.65,3301255,23.7544,2.279,0.09594012056713704
119,2020-07-06,85.5,90.6,90.9,85.5,5256662,22.6289,2.171,0.09593926350816874
120,2020-07-07,91.95,90.9,95.7,90.75,4632563,22.8066,2.188,0.09593714100304299
121,2020-07-08,91.35,97.65,97.95,91.05,5653148,23.2805,2.2335,0.09593866111123042
122,2020-07-09,98.7,106.05,106.05,98.7,6902308,22.9843,2.2051,0.09593940211361668
123,2020-07-10,103.95,98.85,103.95,98.55,6233832,23.0435,2.2108,0.09594028684878599
124,2020-07-13,101.4,103.95,105.0,101.1,5761557,22.3919,2.1482,0.09593647702964019
125,2020-07-14,100.65,101.25,103.2,99.45,4260615,22.6881,2.1767,0.095940162464023
126,2020-07-15,101.7,98.7,103.05,97.95,3681586,22.5104,2.1596,0.09593787760324117
127,2020-07-16,97.65,95.55,100.65,94.95,3080091,22.9843,2.2051,0.09593940211361668
128,2020-07-17,94.95,95.7,97.05,93.6,2431407,22.7474,2.1823,0.09593623886685952
129,2020-07-20,97.35,99.6,99.75,96.75,3805121,23.2213,2.2278,0.0959377812611697
130,2020-07-21,101.1,100.65,102.15,99.45,2985651,23.8729,2.2903,0.09593723426982058
131,2020-07-22,105.6,103.2,106.65,102.75,3839733,24.406,2.3415,0.09593952306809801
132,2020-07-23,104.4,102.75,104.7,99.75,3059066,23.8136,2.2846,0.09593677562401318
133,2020-07-24,102.15,99.9,103.5,98.55,3590669,24.5245,2.3528,0.0959367163448796
134,2020-07-27,102.0,105.75,106.05,100.8,5816874,23.3397,2.2392,0.09593953649789842
135,2020-07-28,108.9,101.85,109.95,100.95,6410761,22.6881,2.1767,0.095940162464023
136,2020-07-29,101.85,101.55,102.3,99.15,4196922,22.9843,2.2051,0.09593940211361668
137,2020-07-30,102.0,100.2,103.35,99.9,2941103,22.9843,2.2051,0.09593940211361668
138,2020-07-31,100.95,103.2,103.2,99.9,3499108,23.399,2.2449,0.09593999743578785
139,2020-08-03,102.45,103.05,103.65,101.1,3001286,23.7544,2.279,0.09594012056713704
140,2020-08-04,102.9,102.3,104.7,101.85,2850446,23.399,2.2449,0.09593999743578785
141,2020-08-05,105.0,106.05,106.2,102.75,4710204,23.4582,2.2505,0.09593660212633535
142,2020-08-06,106.8,114.0,114.45,106.65,7182687,23.162,2.2221,0.09593731111302997
143,2020-08-07,114.0,115.05,120.15,113.1,7282523,23.2213,2.2278,0.0959377812611697
144,2020-08-10,111.0,110.4,111.9,108.45,4085426,23.5174,2.1807,0.09272708717800437
145,2020-08-11,108.45,105.9,110.7,105.45,3980656,22.7474,2.1093,0.09272708089715749
146,2020-08-12,99.3,100.95,101.85,97.05,5965465,25.0576,2.3235,0.09272635847008492
147,2020-08-13,101.1,101.25,102.0,99.45,1977101,24.5837,2.2795,0.09272404072617223
148,2020-08-14,101.55,102.15,104.25,100.95,1812522,24.0506,2.2301,0.09272533741361963
149,2020-08-17,101.7,107.1,107.85,100.8,3170220,24.2283,2.2466,0.09272627464576548
150,2020-08-18,109.5,110.85,111.6,108.15,3051127,24.5245,2.274,0.09272360292768456
151,2020-08-19,110.85,112.95,113.25,109.65,4528177,24.4652,2.2686,0.0927276294491768
152,2020-08-20,108.3,110.25,113.7,106.95,3551961,25.1761,2.3345,0.09272683219402528
153,2020-08-21,110.4,108.45,111.45,107.85,2088460,25.2353,2.34,0.09272725111252887
154,2020-08-24,109.95,115.95,117.45,109.35,4921344,25.3538,2.3509,0.09272377316220844
155,2020-08-25,116.85,114.45,116.85,110.55,3681698,23.6952,2.1971,0.09272342077720382
156,2020-08-26,113.4,113.4,116.25,111.9,2641055,23.5174,2.1807,0.09272708717800437
157,2020-08-27,115.35,112.65,116.1,111.75,1868348,23.399,2.1697,0.09272618487969572
158,2020-08-28,112.2,115.2,115.8,109.8,2596369,23.399,2.1697,0.09272618487969572
159,2020-08-31,117.0,123.3,125.25,116.85,7462874,23.5174,2.1807,0.09272708717800437
160,2020-09-01,123.45,125.55,127.8,122.7,4448014,21.918,2.0324,0.09272743863491195
161,2020-09-02,124.2,122.4,125.1,120.75,3468975,21.918,2.0324,0.09272743863491195
162,2020-09-03,120.6,121.35,124.2,119.7,2701346,22.0957,2.0488,0.09272392365935453
163,2020-09-04,119.25,120.45,123.3,119.1,2235353,21.8588,2.0269,0.09272695664903838
164,2020-09-07,121.95,121.8,126.9,120.0,3507562,21.8588,2.0269,0.09272695664903838
165,2020-09-08,120.3,121.05,122.25,116.1,3058372,22.4512,2.0818,0.09272555587229189
166,2020-09-09,118.05,116.4,120.3,116.1,2330088,22.3327,2.0708,0.09272501757512527
167,2020-09-10,118.95,120.15,123.0,117.9,3434757,22.5104,2.0873,0.0927260288577724
168,2020-09-11,118.95,119.1,119.85,116.4,2142923,22.155,2.0543,0.09272399006996163
169,2020-09-14,120.45,122.55,124.05,118.2,2864992,20.4963,1.9005,0.09272405263389001
170,2020-09-15,123.45,123.0,124.65,122.1,2373181,21.4485,1.7742,0.08271907126372474
171,2020-09-16,121.2,121.05,122.55,119.25,1686208,20.8286,1.7229,0.08271799352812959
172,2020-09-17,120.15,117.45,120.3,116.55,2336311,21.1386,1.7485,0.08271597929853443
173,2020-09-18,118.35,120.9,121.2,117.75,2209225,21.5725,1.7844,0.08271642136979951
174,2020-09-21,120.75,118.5,122.1,117.9,1980037,22.5643,1.8665,0.08271916257096387
175,2020-09-22,114.45,113.85,117.0,113.1,2819165,23.8041,1.969,0.0827168428968119
176,2020-09-23,114.15,112.2,114.9,111.15,2568025,24.3,2.0101,0.0827201646090535
177,2020-09-24,109.65,105.75,109.95,105.45,3943618,24.9199,2.0613,0.0827170253492189
178,2020-09-25,107.4,108.45,109.05,106.95,2207188,25.0439,2.0716,0.0827187458822308
179,2020-09-28,108.75,108.3,109.65,106.8,1558395,25.2919,2.0921,0.08271818250111695
180,2020-09-29,110.25,108.3,111.75,107.85,2081151,27.1516,2.2459,0.08271704061639093
181,2020-09-30,109.2,107.7,109.8,106.5,1601177,26.9656,2.2305,0.08271649805678347
182,2020-10-09,109.2,108.75,109.65,107.7,2556389,26.8416,2.2203,0.08271861587982833
183,2020-10-12,109.05,114.15,114.3,109.05,2839801,26.6557,2.2049,0.08271776768195921
184,2020-10-13,113.55,114.15,114.45,111.75,1438547,26.6557,2.2049,0.08271776768195921
185,2020-10-14,111.6,112.8,113.55,111.0,1269641,25.7878,2.1331,0.08271740900736008
186,2020-10-15,113.1,113.85,115.5,112.8,1323630,27.3375,2.2613,0.08271787837219936
187,2020-10-16,115.95,114.3,117.75,113.85,1641057,27.0276,2.2357,0.0827191463540973
188,2020-10-19,114.45,115.65,116.1,112.65,1462373,28.3294,2.3434,0.08271971873742473
189,2020-10-20,116.1,116.7,117.75,114.0,1816486,29.2592,2.4203,0.08271928145677257
190,2020-10-21,118.65,120.0,121.05,118.65,2509752,29.1353,2.41,0.08271752822177908
191,2020-10-22,120.3,119.85,120.45,118.35,1322486,28.4534,2.3536,0.0827177068469849
192,2020-10-23,118.5,119.1,120.9,118.35,1230504,28.4534,2.3536,0.0827177068469849
193,2020-10-26,119.1,121.05,121.5,117.0,1871011,28.3294,2.3434,0.08271971873742473
194,2020-10-27,120.45,121.5,121.95,120.15,1258882,28.5773,2.3639,0.08271950114251521
195,2020-10-28,121.2,122.85,123.9,120.45,1656741,28.1434,2.328,0.0827192165836395
196,2020-10-29,119.7,120.6,121.65,118.65,1508365,26.7796,2.2152,0.08271968214611122
197,2020-10-30,121.05,120.3,124.65,119.7,1966059,26.6557,2.2049,0.08271776768195921
198,2020-11-02,121.5,123.3,123.75,120.45,2020344,26.2837,2.1741,0.08271666470093633
199,2020-11-03,124.35,130.2,133.8,123.75,4167177,26.0358,2.1536,0.08271687445747779
200,2020-11-04,130.2,130.5,131.4,128.1,1987353,25.4159,2.1024,0.08271987220598129
201,2020-11-05,131.55,130.35,132.45,128.1,2206846,25.6018,2.1177,0.08271684022217188
202,2020-11-06,133.2,133.95,135.9,131.85,3183440,24.9819,2.0665,0.08271988919978064
203,2020-11-09,135.75,137.4,138.0,134.7,2937043,24.672,2.0408,0.08271725032425421
204,2020-11-10,131.7,130.95,133.35,129.6,3895311,23.9281,1.9793,0.08271864460613254
205,2020-11-11,130.65,128.4,131.7,127.95,2231263,26.5937,2.1998,0.08271883942437495
206,2020-11-12,127.5,130.5,131.25,125.55,2480241,27.4615,2.2716,0.08271944358465487
207,2020-11-13,130.95,130.05,132.0,128.25,1555713,27.0276,2.2357,0.0827191463540973
208,2020-11-16,132.15,138.3,139.95,132.15,4026424,28.1434,2.328,0.0827192165836395
209,2020-11-17,138.3,138.6,141.6,137.1,2899422,28.6393,2.369,0.08271850219802859
210,2020-11-18,137.85,141.75,148.35,137.7,4670882,28.0194,2.3177,0.08271768845871075
211,2020-11-19,140.7,141.15,141.9,137.1,2331697,28.5154,2.3587,0.08271670746333559
212,2020-11-20,140.55,150.15,150.15,139.95,3415949,29.3832,2.4305,0.08271733507582564
213,2020-11-23,152.85,152.85,156.9,147.75,4908666,28.7013,2.3741,0.08271750756934354
214,2020-11-24,148.8,152.7,152.85,147.6,3680289,28.1434,2.328,0.0827192165836395
215,2020-11-25,152.25,144.75,156.45,144.45,5274695,27.9574,2.3126,0.08271870774821694
216,2020-11-26,144.75,148.35,148.35,144.15,2967231,29.1353,2.41,0.08271752822177908
217,2020-11-27,150.45,149.7,151.95,145.65,2584833,28.9493,2.3946,0.08271702597299417
218,2020-11-30,149.1,154.8,157.5,147.75,4303074,30.1271,2.4921,0.08271954486160302
219,2020-12-01,152.4,156.3,156.3,151.2,2607390,29.7551,2.4613,0.08271859277905301
