,日期,开盘,收盘,最高,最低,成交量,pe,pb,roe
0,2020-01-03,11.32,11.21,11.47,11.1,801281,62.9012,3.2458,0.05160155927072933
1,2020-01-06,11.05,11.18,11.46,10.91,788267,61.5939,3.1783,0.05160088904907791
2,2020-01-07,11.27,11.43,11.5,11.17,882505,61.6312,3.1803,0.05160211061929672
3,2020-01-08,11.22,10.96,11.28,10.88,796195,58.9419,3.0415,0.05160166197560649
4,2020-01-09,11.16,11.07,11.28,11.02,493336,58.4936,3.0184,0.051602226568376715
5,2020-01-10,11.24,11.0,11.29,10.94,438997,59.8757,3.0897,0.05160190194018609
6,2020-01-13,10.85,11.23,11.25,10.58,671570,61.1457,3.1552,0.051601339096616766
7,2020-01-14,11.24,11.0,11.28,10.98,534689,60.0624,3.0993,0.051601334612003516
8,2020-01-15,11.0,11.03,11.12,10.89,346085,60.0998,3.1012,0.05160083727400091
9,2020-01-16,11.04,10.93,11.08,10.9,297215,59.166,3.0531,0.05160227157489099
10,2020-01-17,11.02,11.05,11.34,10.99,584113,58.3069,3.0087,0.05160109695421983
11,2020-01-20,10.98,11.25,11.27,10.94,501219,56.8501,2.9336,0.051602371851588655
12,2020-01-21,11.19,11.21,11.54,11.1,696467,57.0369,2.9432,0.05160168241962659
13,2020-01-22,11.07,11.39,11.45,10.96,655104,58.1575,3.001,0.05160125521213945
14,2020-01-23,11.27,10.74,11.31,10.42,769814,57.7092,2.9779,0.05160182431917268
15,2020-02-03,9.68,9.68,9.68,9.68,64723,58.9419,3.0415,0.05160166197560649
16,2020-02-04,8.8,9.44,9.65,8.8,903880,60.8095,3.1379,0.05160213453489998
17,2020-02-05,9.48,9.79,10.27,9.47,761852,58.4936,3.0184,0.051602226568376715
18,2020-02-06,9.73,10.36,10.47,9.7,1008662,56.9248,2.9374,0.05160141098431615
19,2020-02-07,10.27,10.38,10.59,10.13,879386,55.9163,2.8854,0.05160212675016051
20,2020-02-10,10.31,10.55,10.7,10.27,673410,56.4766,2.9143,0.05160190238080904
21,2020-02-11,10.73,10.32,10.78,10.27,635149,55.4681,2.8622,0.05160083002662792
22,2020-02-12,10.24,10.66,10.67,10.2,823046,55.5055,2.8642,0.05160209348623109
23,2020-02-13,10.67,10.37,10.82,10.36,688086,57.7466,2.9798,0.05160130639725975
24,2020-02-14,10.34,10.65,10.83,10.29,801791,55.3561,2.9404,0.05311790389857667
25,2020-02-17,10.92,11.07,11.13,10.73,1018023,55.4681,2.9464,0.05311881964588656
26,2020-02-18,10.97,10.89,11.09,10.8,741336,55.2813,2.9364,0.05311741945287104
27,2020-02-19,10.9,10.77,11.15,10.73,858565,59.8383,3.1785,0.053118153423476276
28,2020-02-20,10.82,11.63,11.82,10.68,1529247,62.0048,3.2936,0.05311846824761954
29,2020-02-21,11.53,11.69,12.15,11.29,1437765,60.436,3.2102,0.05311734727645774
30,2020-02-24,11.44,11.83,12.14,11.44,1128807,61.183,3.2499,0.05311769609205171
31,2020-02-25,11.51,11.95,12.05,11.22,1350484,60.3986,3.2083,0.053118780898895004
32,2020-02-26,11.74,11.82,12.38,11.65,1523193,61.5939,3.2718,0.053118896514102856
33,2020-02-27,11.96,11.78,12.33,11.63,1067625,61.1083,3.246,0.053118807101490306
34,2020-02-28,11.17,10.71,11.48,10.68,1075067,61.2951,3.2559,0.053118438504872335
35,2020-03-02,10.88,11.21,11.36,10.8,796469,61.9301,3.2896,0.05311795072186223
36,2020-03-03,11.46,11.36,11.71,11.2,823667,67.0847,3.5634,0.05311792405719933
37,2020-03-04,11.3,11.85,11.87,11.23,970171,66.5617,3.5356,0.05311763371428314
38,2020-03-05,12.08,12.92,13.02,11.8,2561771,66.1509,3.5138,0.05311794699694184
39,2020-03-06,12.53,12.18,12.69,12.11,1588131,64.5447,3.4285,0.05311822659335313
40,2020-03-09,11.87,11.96,12.44,11.6,1235675,62.5277,3.3214,0.053118857722257495
41,2020-03-10,12.08,12.5,12.62,11.76,1347403,63.3121,3.363,0.05311780844419945
42,2020-03-11,12.47,12.03,12.57,11.99,971758,59.5022,3.1606,0.05311736372772771
43,2020-03-12,11.84,12.1,12.19,11.75,735951,58.7178,3.119,0.05311847514722964
44,2020-03-13,11.52,12.12,12.27,11.32,1006505,60.6601,3.2222,0.05311893650026953
45,2020-03-16,12.07,10.95,12.12,10.93,994198,60.0624,3.1904,0.053118090519193376
46,2020-03-17,11.19,10.99,11.33,10.6,674626,57.4851,3.0535,0.05311811234563391
47,2020-03-18,11.17,10.51,11.29,10.48,695862,52.2558,2.7757,0.05311754867402279
48,2020-03-19,10.48,10.74,10.94,10.33,657020,52.2558,2.7757,0.05311754867402279
49,2020-03-20,10.81,10.77,10.85,10.54,401961,52.7414,2.8015,0.053117664680876885
50,2020-03-23,10.35,10.15,10.62,10.03,426963,52.592,2.7936,0.05311834499543657
51,2020-03-24,10.41,10.36,10.46,10.03,430154,52.2558,2.7757,0.05311754867402279
52,2020-03-25,10.59,10.61,10.71,10.48,493974,52.1811,2.7718,0.053118849545141816
53,2020-03-26,10.5,10.36,10.61,10.32,339657,54.8705,2.9146,0.05311779553676384
54,2020-03-27,10.5,10.41,10.74,10.39,414862,57.2237,3.0396,0.0531178515195627
55,2020-03-30,10.18,10.27,10.38,10.08,296288,56.5513,3.0039,0.053118142288506184
56,2020-03-31,10.42,10.18,10.45,10.17,269410,56.4019,2.996,0.05311877791351001
57,2020-04-01,10.11,10.13,10.38,10.1,270144,57.1116,3.0337,0.053118805986874816
58,2020-04-02,10.08,10.35,10.35,10.06,318229,57.149,3.0356,0.05311728989133668
59,2020-04-03,10.32,10.13,10.34,10.09,252317,56.5887,3.0059,0.05311837875759648
60,2020-04-07,10.34,10.43,10.51,10.27,488878,55.5802,2.9523,0.05311783692753895
61,2020-04-08,10.31,10.32,10.4,10.29,277967,56.7381,3.0138,0.053117746276311675
62,2020-04-09,10.47,10.46,10.69,10.43,465278,55.6549,2.9563,0.05311841365270623
63,2020-04-10,10.55,10.28,10.55,10.22,320347,54.8259,2.9181,0.053224844462197614
64,2020-04-13,10.27,10.27,10.42,10.19,230760,53.5079,3.032,0.056664529910536575
65,2020-04-14,10.34,10.55,10.63,10.28,402138,54.5271,3.1516,0.05779878262368621
66,2020-04-15,10.48,10.34,10.59,10.32,349042,55.6191,3.2147,0.05779849008703845
67,2020-04-16,10.25,10.33,10.49,10.2,364339,54.3272,3.3009,0.060759619490789146
68,2020-04-17,10.38,10.28,10.45,10.27,306139,55.6845,3.3834,0.0607601756323573
69,2020-04-20,10.34,10.29,10.34,10.23,229538,57.5061,3.4941,0.06076051062409031
70,2020-04-21,10.23,10.01,10.24,9.93,363404,58.5062,3.5549,0.0607610817315088
71,2020-04-22,9.92,10.02,10.05,9.89,221808,55.2558,3.3574,0.06076104227972448
72,2020-04-23,10.08,9.88,10.08,9.87,188044,55.0058,3.3422,0.060760865217849756
73,2020-04-24,9.85,9.53,9.9,9.5,293761,54.0497,3.451,0.0638486430081943
74,2020-04-27,9.53,9.44,9.61,9.42,198100,55.9087,3.5697,0.06384873910500512
75,2020-04-28,9.6,9.56,9.68,9.35,302817,57.9781,3.7018,0.06384824614811455
76,2020-04-29,9.48,9.61,9.67,9.47,198253,58.6094,3.7422,0.06384982613710428
77,2020-04-30,9.69,9.99,10.02,9.68,462025,62.0818,3.9639,0.06384963064859589
78,2020-05-06,9.82,10.09,10.11,9.82,346286,57.2415,3.6548,0.06384878104172671
79,2020-05-07,10.11,10.09,10.28,10.01,377134,57.8027,3.6907,0.06384995856594934
80,2020-05-08,10.21,10.35,10.57,10.11,558234,58.9251,3.7623,0.06384885218692883
81,2020-05-11,10.37,10.27,10.49,10.2,323853,57.943,3.6996,0.06384895500750738
82,2020-05-12,10.29,10.22,10.35,10.08,209015,57.2064,3.6526,0.06384949935671533
83,2020-05-13,10.21,10.29,10.31,10.13,199737,58.5743,3.7399,0.06384882106999144
84,2020-05-14,10.19,10.1,10.22,10.08,202434,55.9437,3.572,0.06384990624502848
85,2020-05-15,10.15,10.11,10.22,10.08,167049,56.1191,3.5832,0.06384991918972328
86,2020-05-18,10.05,9.97,10.14,9.89,203095,55.0318,3.5137,0.06384853848138713
87,2020-05-19,10.12,10.17,10.26,10.09,223126,60.4333,3.8586,0.06384890449470738
88,2020-05-20,10.2,10.07,10.2,10.02,205518,59.0654,3.7713,0.06384956336535434
89,2020-05-21,10.13,9.9,10.13,9.88,179956,57.3467,3.6615,0.06384848648658074
90,2020-05-22,9.87,9.58,9.94,9.57,262324,58.7497,3.7511,0.06384883667491069
91,2020-05-25,9.58,9.48,9.6,9.43,192537,56.8907,3.6324,0.06384874856523122
92,2020-05-26,9.53,9.69,9.7,9.51,195473,59.9422,3.8273,0.06384984201447394
93,2020-05-27,9.75,9.63,9.85,9.57,190403,66.6064,4.2528,0.0638497201470129
94,2020-05-28,9.62,10.04,10.32,9.62,560447,69.5225,4.6688,0.06715523751303536
95,2020-05-29,9.96,10.02,10.02,9.84,273289,68.0411,4.5693,0.06715499896386155
96,2020-06-01,10.6,10.52,10.72,10.35,772562,69.6947,4.6803,0.06715431732972521
97,2020-06-02,10.46,10.34,10.61,10.3,525279,66.5597,4.4698,0.06715474979604776
98,2020-06-03,10.4,10.13,10.46,10.1,414252,60.4963,4.0626,0.06715452019379697
99,2020-06-04,10.2,10.14,10.29,10.1,241640,54.9841,3.6925,0.06715577776120733
100,2020-06-05,10.13,10.29,10.33,10.07,342322,49.9887,3.357,0.06715517707001782
101,2020-06-08,10.3,10.15,10.35,10.13,218353,45.4411,3.0516,0.06715506446806965
102,2020-06-09,10.19,10.26,10.39,10.16,322260,41.307,2.774,0.06715568789793497
103,2020-06-10,10.24,10.12,10.24,10.09,204822,37.5518,2.5218,0.06715523623368254
104,2020-06-11,10.13,10.08,10.31,10.04,235972,34.1411,2.2927,0.06715366523047002
105,2020-06-12,9.85,9.99,10.09,9.77,265656,33.4865,2.2488,0.06715542084123453
106,2020-06-15,10.01,9.87,10.2,9.86,279158,34.8301,2.339,0.06715455884421807
107,2020-06-16,9.96,9.97,10.01,9.87,227891,35.3125,2.3714,0.06715469026548672
108,2020-06-17,9.98,9.97,10.01,9.86,178261,35.1402,2.3598,0.06715385797462735
109,2020-06-18,9.92,10.0,10.09,9.85,298665,34.8301,2.339,0.06715455884421807
110,2020-06-19,9.97,10.37,10.45,9.9,740964,33.5554,2.2534,0.06715461594855075
111,2020-06-22,10.26,10.46,10.83,10.26,863296,33.4521,2.2465,0.06715572415483632
112,2020-06-23,10.42,10.51,10.52,10.33,455646,33.4521,2.2465,0.06715572415483632
113,2020-06-24,10.66,10.37,10.66,10.32,445222,33.1076,2.2233,0.06715376529860213
114,2020-06-29,10.17,9.98,10.21,9.96,432998,33.521,2.2511,0.06715491781271442
115,2020-06-30,10.06,10.17,10.32,9.89,528089,33.8311,2.2719,0.06715418653251003
116,2020-07-01,10.17,11.16,11.16,10.14,1518887,34.2789,2.255,0.06578390788502547
117,2020-07-02,11.41,12.25,12.25,11.35,2021537,34.7612,2.2868,0.06578599127763138
118,2020-07-03,13.45,13.45,13.45,13.45,340085,34.3823,2.2618,0.06578384808462494
119,2020-07-06,14.77,14.77,14.77,14.77,102282,34.8646,2.2936,0.06578592612564033
120,2020-07-07,16.22,16.22,16.22,16.22,366244,34.3478,2.2596,0.06578587274876412
121,2020-07-08,17.82,17.82,17.82,17.36,2101521,34.3134,2.2573,0.06578479544434535
122,2020-07-09,19.26,19.58,19.58,18.96,1154877,35.0368,2.3049,0.0657851173623162
123,2020-07-10,21.11,20.49,21.51,20.42,5062643,35.657,2.3457,0.06578511933140758
124,2020-07-13,19.76,20.01,21.11,18.78,4021862,33.9344,2.2324,0.06578575133198172
125,2020-07-14,19.36,20.44,20.65,19.14,3083060,34.0033,2.2369,0.06578479147612143
126,2020-07-15,20.36,19.25,20.93,19.12,2911884,32.5908,2.144,0.06578543638081913
127,2020-07-16,19.31,17.35,19.51,17.35,2437546,32.7975,2.1576,0.06578550194374572
128,2020-07-17,17.35,16.48,17.5,15.97,2160001,32.074,2.11,0.06578537132880215
129,2020-07-20,16.77,17.01,17.41,16.52,1951636,32.4185,2.1327,0.06578651078859292
130,2020-07-21,17.15,16.61,17.15,16.15,1620842,33.521,2.2052,0.06578562692043793
131,2020-07-22,16.8,17.1,18.06,16.67,2452067,34.1067,2.2437,0.06578472851375244
132,2020-07-23,16.56,17.49,17.89,16.49,1975235,34.4512,2.2664,0.06578580717072265
133,2020-07-24,17.16,15.95,17.22,15.85,1650097,33.7621,2.221,0.06578382268875456
134,2020-07-27,16.06,16.26,16.36,15.54,1078903,34.2445,2.2528,0.06578574661624495
135,2020-07-28,16.42,16.21,16.46,15.88,845981,34.21,2.2505,0.06578485822858814
136,2020-07-29,16.1,16.96,17.31,16.01,1497126,34.8646,2.2936,0.06578592612564033
137,2020-07-30,16.86,16.57,17.12,16.52,1056390,34.6234,2.2777,0.0657849893424678
138,2020-07-31,16.48,16.78,17.15,16.4,1149563,34.7957,2.289,0.06578399055055655
139,2020-08-03,17.11,17.06,17.19,16.67,1203735,35.0713,2.3072,0.06578598455147086
140,2020-08-04,17.08,16.74,17.21,16.67,1016844,34.1756,2.2482,0.06578377555917087
141,2020-08-05,16.48,16.58,16.71,16.21,862514,34.1756,2.2482,0.06578377555917087
142,2020-08-06,16.66,17.96,18.21,16.54,1791412,33.831,2.2256,0.065785817741125
143,2020-08-07,17.21,16.97,17.91,16.56,1694597,32.5219,2.1395,0.0657864392916773
144,2020-08-10,16.64,16.79,17.38,16.47,1125942,32.3496,2.1755,0.06724967232979696
145,2020-08-11,16.67,16.2,17.08,16.1,985513,31.9362,2.1477,0.06724970409754448
146,2020-08-12,16.01,15.67,16.13,15.32,903941,32.2463,2.1685,0.06724802535484692
147,2020-08-13,15.72,15.66,16.04,15.41,730516,33.4521,2.2496,0.06724839397227678
148,2020-08-14,15.46,15.73,15.83,15.38,577554,33.9344,2.282,0.06724739497383188
149,2020-08-17,16.12,16.64,17.11,15.97,1370662,33.8999,2.2797,0.06724798598225953
150,2020-08-18,16.46,16.36,16.63,16.26,849009,34.8646,2.3446,0.06724872793607269
151,2020-08-19,16.27,15.85,16.42,15.77,696356,34.8301,2.3423,0.06724930448089439
152,2020-08-20,15.57,15.47,15.71,15.39,545813,35.0024,2.3539,0.06724967430804744
153,2020-08-21,15.64,15.54,15.84,15.27,605862,35.0368,2.3562,0.06724929217280116
154,2020-08-24,15.53,15.24,15.63,15.0,699604,35.7603,2.4048,0.06724775798860747
155,2020-08-25,15.22,14.96,15.39,14.86,663677,34.7957,2.34,0.06724968889834089
156,2020-08-26,14.96,14.95,15.33,14.82,859518,34.8301,2.3423,0.06724930448089439
157,2020-08-27,14.89,15.16,15.16,14.67,639796,35.4503,2.384,0.06724907828706668
158,2020-08-28,15.11,15.45,15.53,14.96,849355,34.9679,2.3516,0.06725024951455477
159,2020-08-31,15.75,15.14,15.93,15.14,928717,35.3469,2.377,0.06724776430181996
160,2020-09-01,15.26,15.41,15.44,15.14,504262,34.3134,2.3075,0.0672477807503774
161,2020-09-02,15.38,15.56,15.81,15.25,696358,35.0713,2.3585,0.06724871903807386
162,2020-09-03,15.57,15.55,15.95,15.42,714237,34.3134,2.3075,0.0672477807503774
163,2020-09-04,15.21,15.36,15.54,15.14,446630,34.4856,2.3191,0.06724835873524022
164,2020-09-07,15.3,15.4,15.91,15.29,929100,34.7957,2.34,0.06724968889834089
165,2020-09-08,15.46,15.58,15.78,14.95,830974,35.278,2.3724,0.06724871024434491
166,2020-09-09,15.32,14.95,15.43,14.94,609683,35.1057,2.3608,0.06724833858889012
167,2020-09-10,15.14,14.23,15.16,14.18,613700,35.967,2.4187,0.06724775488642366
168,2020-09-11,14.11,14.25,14.29,13.87,491415,35.1057,2.3608,0.06724833858889012
169,2020-09-14,14.25,14.34,14.53,14.18,379295,34.3823,2.3122,0.06724971860521256
170,2020-09-15,14.33,14.38,14.47,14.21,304849,36.5182,2.4558,0.06724865957248714
171,2020-09-16,14.36,14.25,14.66,14.16,460414,36.4149,2.4489,0.06724994439089493
172,2020-09-17,14.18,14.25,14.41,13.99,423649,46.7691,2.4395,0.052160507685630034
173,2020-09-18,14.26,15.65,15.65,14.19,1280113,48.9402,2.5528,0.0521616176476598
174,2020-09-21,17.19,16.34,17.19,16.2,2867210,48.7592,2.5433,0.05216041280414773
175,2020-09-22,16.06,16.5,17.24,15.84,2343318,54.0513,2.8194,0.05216155763136132
176,2020-09-23,16.27,15.98,16.42,15.89,1179109,53.9608,2.8147,0.05216193977850588
177,2020-09-24,15.78,16.19,16.71,15.77,1214329,53.6442,2.7981,0.05216034538682653
178,2020-09-25,16.43,17.21,17.75,16.43,1974893,55.7701,2.909,0.05216056632496624
179,2020-09-28,16.77,17.0,17.24,16.72,999879,53.3276,2.7816,0.052160607265281024
180,2020-09-29,17.24,17.54,18.13,17.21,1416525,54.3227,2.8335,0.05216051484922509
181,2020-09-30,17.36,17.97,18.04,17.04,1324531,57.6698,3.0081,0.052160749647129
182,2020-10-09,18.65,18.08,18.76,17.42,1458359,52.83,2.7557,0.05216165057732349
183,2020-10-12,17.83,18.22,18.7,17.76,1580437,50.6137,2.6401,0.052161766478246004
184,2020-10-13,17.49,16.84,17.56,16.56,1613590,49.9352,2.6047,0.05216160143546035
185,2020-10-14,16.82,16.67,16.99,16.56,736137,47.6737,2.4867,0.052160835009659415
186,2020-10-15,16.62,16.62,16.99,16.61,575247,52.5134,2.7392,0.05216192438501411
187,2020-10-16,16.66,16.75,16.79,16.41,556655,52.6943,2.7486,0.05216123945094631
188,2020-10-19,16.75,16.43,16.91,16.41,547331,53.2824,2.7793,0.052161689413389785
189,2020-10-20,16.26,16.64,16.64,16.02,489354,52.7396,2.751,0.0521619428285387
190,2020-10-21,16.54,16.44,16.7,16.37,392169,52.1063,2.7179,0.05216067922688812
191,2020-10-22,16.41,16.86,17.03,16.32,710205,51.835,2.7038,0.05216166682743321
192,2020-10-23,16.79,16.28,16.92,16.26,549677,47.9451,2.5009,0.0521617433272639
193,2020-10-26,15.99,15.06,16.0,14.96,933339,48.4878,2.5292,0.05216157466414232
194,2020-10-27,14.96,15.11,15.15,14.78,503069,49.302,2.5717,0.05216218408989493
195,2020-10-28,15.11,15.08,15.2,14.91,400737,47.4023,2.4726,0.05216202589325834
196,2020-10-29,14.81,15.72,16.05,14.72,813326,46.1358,2.4065,0.05216122837362742
197,2020-10-30,15.56,15.12,15.73,15.08,538706,47.4475,2.4749,0.0521608093155593
198,2020-11-02,15.14,15.11,15.66,14.86,514255,45.9097,2.3947,0.0521610901399922
199,2020-11-03,15.07,15.38,15.64,15.02,546422,46.95,2.449,0.05216187433439829
200,2020-11-04,15.36,15.23,15.45,15.07,404994,46.1811,2.4089,0.05216203165364186
201,2020-11-05,15.46,15.5,15.77,15.39,526161,46.0906,2.4041,0.052160310345276475
202,2020-11-06,15.51,15.92,16.21,15.46,960623,43.5124,2.2697,0.05216214228587713
203,2020-11-09,16.14,16.54,16.91,15.46,1141480,41.9293,2.1871,0.05216161490890619
204,2020-11-10,16.53,16.04,16.53,15.99,701647,43.0149,2.2437,0.05216099537602087
205,2020-11-11,16.02,15.71,16.14,15.68,443514,47.8094,2.4938,0.052161290457525086
206,2020-11-12,15.81,15.83,16.02,15.6,373446,50.7494,2.6472,0.052162193050558234
207,2020-11-13,15.76,15.53,15.76,15.5,335848,49.9352,2.6047,0.05216160143546035
208,2020-11-16,15.67,15.48,15.77,15.34,318168,50.1162,2.6141,0.05216077835111202
209,2020-11-17,15.53,15.87,15.88,15.34,451337,49.2115,2.5669,0.05216057222397204
210,2020-11-18,15.91,16.1,16.56,15.91,778172,48.6688,2.5386,0.052160727200999416
211,2020-11-19,15.91,16.35,16.47,15.57,683813,49.1211,2.5622,0.052160884019291094
212,2020-11-20,16.26,16.34,16.65,16.2,523981,48.9854,2.5551,0.052160439641199215
213,2020-11-23,16.21,16.63,17.11,16.02,1096674,50.0257,2.6094,0.05216118914877753
214,2020-11-24,16.51,16.29,16.62,16.26,587911,48.9854,2.5551,0.052160439641199215
215,2020-11-25,16.47,15.92,16.6,15.9,560050,49.302,2.5717,0.05216218408989493
216,2020-11-26,15.91,16.04,16.14,15.73,407029,48.8045,2.5457,0.052161173662264755
217,2020-11-27,15.97,16.76,16.82,15.96,1066280,50.9303,2.6566,0.05216148343913152
218,2020-11-30,16.82,16.75,17.44,16.46,1528930,49.7995,2.5976,0.052161166276769845
219,2020-12-01,16.47,17.1,17.36,16.39,1200092,49.9352,2.6047,0.05216160143546035
