,日期,开盘,收盘,最高,最低,成交量,pe,pb,roe
0,2020-01-03,9.68,9.58,9.68,9.56,240443,7.6984,1.1208,0.1455886937545464
1,2020-01-06,9.53,9.54,9.61,9.48,198776,7.4055,1.0782,0.1455944905813247
2,2020-01-07,9.65,9.7,9.8,9.65,314361,7.3405,1.0687,0.1455895374974457
3,2020-01-08,9.64,9.51,9.67,9.49,252145,6.9891,1.0176,0.14559814568399365
4,2020-01-09,9.57,9.58,9.62,9.53,193229,6.8459,0.9967,0.14559079156867613
5,2020-01-10,9.6,9.6,9.7,9.57,173582,6.8914,1.0033,0.14558725367849784
6,2020-01-13,9.58,9.76,9.76,9.58,243685,6.8849,1.0024,0.14559398103095178
7,2020-01-14,9.76,9.69,9.8,9.67,173880,6.7157,0.9778,0.14559911848355347
8,2020-01-15,9.69,9.63,9.71,9.62,114397,6.7418,0.9816,0.14559909816369518
9,2020-01-16,9.65,9.6,9.68,9.58,111396,6.5921,0.9598,0.14559851943993568
10,2020-01-17,9.6,9.54,9.67,9.52,127711,6.5466,0.9531,0.14558702227110257
11,2020-01-20,9.55,9.65,9.67,9.53,150324,6.3904,0.9304,0.1455933900851277
12,2020-01-21,9.65,9.53,9.68,9.51,161861,6.3643,0.9266,0.14559338811809625
13,2020-01-22,9.51,9.56,9.59,9.45,138490,6.5466,0.9531,0.14558702227110257
14,2020-01-23,9.53,9.31,9.53,9.26,244428,6.6246,0.9645,0.1455936962231682
15,2020-02-03,8.52,8.56,8.8,8.44,366111,6.6507,0.9683,0.1455936969040853
16,2020-02-04,8.6,8.83,8.87,8.59,281670,6.7678,0.9853,0.14558645350039895
17,2020-02-05,8.86,8.78,8.98,8.76,224768,6.7483,0.9825,0.1455922232265904
18,2020-02-06,8.82,8.86,8.92,8.74,236008,6.8264,0.9939,0.1455965076760811
19,2020-02-07,8.83,8.89,9.07,8.75,171189,6.9045,1.0052,0.14558621189079587
20,2020-02-10,8.83,8.87,8.89,8.8,141805,6.7743,0.9863,0.1455943787550005
21,2020-02-11,8.89,8.91,8.99,8.87,157574,6.6246,0.9645,0.1455936962231682
22,2020-02-12,8.89,8.95,8.96,8.86,127613,6.7353,0.9806,0.1455911392217125
23,2020-02-13,8.93,8.86,8.94,8.83,137281,6.898,1.0043,0.145592925485648
24,2020-02-14,8.83,8.92,8.95,8.83,113944,6.9435,1.0467,0.15074530136098507
25,2020-02-17,8.92,9.11,9.11,8.89,276192,7.1387,1.0762,0.15075573984058724
26,2020-02-18,9.04,9.0,9.07,8.97,213108,7.2298,1.0899,0.15075105812055659
27,2020-02-19,8.98,8.94,9.05,8.93,201806,7.4446,1.1223,0.15075356634338985
28,2020-02-20,8.95,9.12,9.14,8.92,315818,7.2559,1.0938,0.1507462892266983
29,2020-02-21,9.1,9.11,9.2,9.06,251282,7.3925,1.1144,0.15074737910043964
30,2020-02-24,9.08,9.03,9.11,8.98,255532,6.9565,1.0487,0.1507510960971753
31,2020-02-25,8.91,8.89,8.95,8.82,245639,7.1843,1.083,0.15074537533232185
32,2020-02-26,8.83,8.93,9.05,8.79,267956,7.1452,1.0771,0.15074455578570228
33,2020-02-27,8.95,8.91,8.98,8.85,204532,6.7873,1.0232,0.15075214002622547
34,2020-02-28,8.78,8.8,8.86,8.66,254756,6.6246,0.9987,0.15075627207680464
35,2020-03-02,8.76,8.91,8.94,8.74,303284,6.5791,0.9918,0.15075010259761973
36,2020-03-03,8.95,8.88,8.96,8.85,292156,6.6442,1.0016,0.15074802083019778
37,2020-03-04,8.83,8.91,8.91,8.81,153068,6.4489,0.9722,0.15075439222192932
38,2020-03-05,8.96,9.12,9.17,8.91,480611,6.4294,0.9692,0.15074501508694432
39,2020-03-06,9.05,8.97,9.05,8.96,254758,6.3969,0.9643,0.15074489205709016
40,2020-03-09,8.86,8.73,8.86,8.71,288095,6.514,0.982,0.15075222597482346
41,2020-03-10,8.66,8.82,8.83,8.66,234446,6.527,0.9839,0.15074306725907768
42,2020-03-11,8.81,8.74,8.84,8.73,205707,6.6051,0.9957,0.15074714992959987
43,2020-03-12,8.71,8.69,8.78,8.66,205340,6.7613,1.0193,0.15075503231627055
44,2020-03-13,8.45,8.64,8.65,8.28,293473,6.8524,1.033,0.15075010215398982
45,2020-03-16,8.64,8.38,8.64,8.36,271909,6.9826,1.0526,0.15074614040615245
46,2020-03-17,8.39,8.38,8.46,8.28,187375,7.0476,1.0624,0.15074635336852263
47,2020-03-18,8.4,8.2,8.44,8.2,203633,6.7223,1.0134,0.15075197477053986
48,2020-03-19,8.18,8.08,8.23,7.99,210551,6.8134,1.0271,0.15074705726949833
49,2020-03-20,8.14,8.22,8.25,8.11,142727,6.898,1.0399,0.15075384169324443
50,2020-03-23,8.05,8.01,8.11,8.01,131818,6.8394,1.031,0.15074421732900545
51,2020-03-24,8.13,8.14,8.15,8.04,157602,6.5921,0.9937,0.1507410385157992
52,2020-03-25,8.28,8.24,8.3,8.19,159827,6.7223,1.0134,0.15075197477053986
53,2020-03-26,8.23,8.29,8.39,8.19,201855,6.514,0.982,0.15075222597482346
54,2020-03-27,8.35,8.29,8.4,8.28,124865,6.5335,0.9849,0.15074615443483586
55,2020-03-30,8.22,8.21,8.26,8.15,115332,6.3058,0.9506,0.1507501030797044
56,2020-03-31,8.28,8.16,8.29,8.13,126079,6.4229,0.9682,0.1507418767223528
57,2020-04-01,8.18,8.16,8.28,8.16,95647,6.501,0.98,0.15074603907091216
58,2020-04-02,8.11,8.21,8.21,8.09,94468,6.514,0.982,0.15075222597482346
59,2020-04-03,8.19,8.14,8.22,8.12,82308,6.6572,1.0036,0.15075407078050834
60,2020-04-07,8.23,8.25,8.29,8.22,164468,6.6116,0.9967,0.15075019662411518
61,2020-04-08,8.21,8.23,8.23,8.19,96343,6.6702,1.0055,0.15074510509430003
62,2020-04-09,8.25,8.23,8.26,8.21,86085,6.3904,0.9969,0.155999624436655
63,2020-04-10,8.24,8.22,8.28,8.2,104446,6.4034,0.9989,0.15599525252209762
64,2020-04-13,8.18,8.16,8.18,8.13,67427,6.5205,1.0172,0.15600030672494442
65,2020-04-14,8.17,8.19,8.21,8.15,92702,6.4685,1.0091,0.15600216433485353
66,2020-04-15,8.19,8.13,8.2,8.13,92682,6.5726,1.0253,0.15599610504214467
67,2020-04-16,8.11,8.11,8.15,8.07,113294,6.6962,1.0446,0.15599892476329857
68,2020-04-17,8.16,8.15,8.21,8.11,144322,7.1973,1.1228,0.15600294554902533
69,2020-04-20,8.18,8.15,8.19,8.11,93974,7.3795,1.1512,0.1559997289789281
70,2020-04-21,8.16,8.11,8.18,8.08,120686,7.2103,1.1248,0.15599905690470578
71,2020-04-22,8.09,8.09,8.11,8.04,95146,6.5531,1.0223,0.15600250263234194
72,2020-04-23,8.1,8.07,8.1,8.06,89172,6.3123,0.9847,0.15599702168781587
73,2020-04-24,8.07,8.03,8.08,8.0,80005,6.3253,0.9867,0.15599260114144783
74,2020-04-27,8.03,8.15,8.25,8.03,201261,6.3188,0.9857,0.15599480914097613
75,2020-04-28,8.16,8.23,8.23,8.06,162965,5.9348,0.9258,0.1559951472669677
76,2020-04-29,8.25,8.39,8.44,8.22,270005,5.9609,0.9299,0.1559999328960392
77,2020-04-30,8.42,8.38,8.51,8.37,240767,6.0194,0.939,0.15599561418081534
78,2020-05-06,8.3,8.39,8.42,8.28,150767,5.7722,0.9004,0.1559890509684349
79,2020-05-07,8.4,8.42,8.47,8.36,124902,6.0129,0.938,0.15599793776713397
80,2020-05-08,8.46,8.46,8.5,8.42,112158,5.4663,0.8527,0.15599217020653824
81,2020-05-11,8.45,8.45,8.52,8.43,119854,5.4077,0.8436,0.15599977809419902
82,2020-05-12,8.46,8.41,8.5,8.37,89245,5.3752,0.8385,0.1559941955648162
83,2020-05-13,8.4,8.49,8.51,8.37,110402,5.4728,0.8537,0.15598962140038006
84,2020-05-14,8.46,8.39,8.47,8.38,77055,5.3817,0.8395,0.15599160116691752
85,2020-05-15,8.43,8.37,8.44,8.37,80418,5.3036,0.8274,0.15600724036503508
86,2020-05-18,8.37,8.42,8.45,8.34,98065,5.3427,0.8334,0.15598854511763716
87,2020-05-19,8.46,8.44,8.5,8.42,103176,5.5119,0.8598,0.15598976759375172
88,2020-05-20,8.43,8.43,8.46,8.35,118748,5.5769,0.87,0.1560006455199125
89,2020-05-21,8.43,8.44,8.47,8.41,90685,5.6225,0.8771,0.15599822143174746
90,2020-05-22,8.42,8.36,8.44,8.35,119727,5.6941,0.8883,0.1560035826557314
91,2020-05-25,8.36,8.4,8.42,8.34,110317,5.4598,0.8517,0.1559947250815048
92,2020-05-26,8.43,8.47,8.48,8.41,93553,5.4403,0.8487,0.1560024263367829
93,2020-05-27,8.49,8.55,8.6,8.45,148516,5.4728,0.8537,0.15598962140038006
94,2020-05-28,8.6,8.59,8.66,8.55,137952,5.603,0.874,0.15598786364447617
95,2020-05-29,8.59,8.6,8.6,8.53,111357,5.8047,0.9055,0.15599428049683875
96,2020-06-01,8.61,8.63,8.66,8.6,125299,6.2017,0.9279,0.14962026541109696
97,2020-06-02,8.63,8.64,8.69,8.61,79384,6.3058,0.9435,0.14962415553934474
98,2020-06-03,8.67,8.6,8.75,8.6,130837,6.1886,0.9259,0.14961380603044305
99,2020-06-04,8.61,8.55,8.64,8.55,82882,5.9218,0.886,0.14961667060691006
100,2020-06-05,8.58,8.57,8.61,8.51,83557,6.0975,0.9123,0.14961869618696186
101,2020-06-08,8.61,8.57,8.62,8.55,81336,5.5444,0.8295,0.1496104177187793
102,2020-06-09,8.58,8.55,8.6,8.52,100949,5.4208,0.811,0.14960891381345928
103,2020-06-10,8.58,8.51,8.6,8.51,130593,5.2581,0.7867,0.14961678172723988
104,2020-06-11,8.52,8.44,8.54,8.42,132118,5.18,0.775,0.14961389961389962
105,2020-06-12,8.37,8.52,8.52,8.35,212166,5.1409,0.7692,0.149623606761462
106,2020-06-15,8.48,8.51,8.56,8.44,161956,5.1735,0.774,0.14960858219773848
107,2020-06-16,8.55,8.53,8.56,8.5,72451,5.1084,0.7643,0.14961631822096938
108,2020-06-17,8.53,8.55,8.57,8.49,86379,5.1344,0.7682,0.14961826114054222
109,2020-06-18,8.51,8.52,8.55,8.47,79017,5.1409,0.7692,0.149623606761462
110,2020-06-19,8.54,8.53,8.54,8.48,118067,5.1344,0.7682,0.14961826114054222
111,2020-06-22,8.5,8.52,8.6,8.49,152392,5.1539,0.7711,0.14961485477017403
112,2020-06-23,8.52,8.48,8.53,8.46,93472,5.1409,0.7692,0.149623606761462
113,2020-06-24,8.5,8.58,8.67,8.49,132147,5.1279,0.7672,0.14961290196766708
114,2020-06-29,8.63,8.53,8.66,8.53,95068,5.1344,0.7682,0.14961826114054222
115,2020-06-30,8.56,8.59,8.62,8.55,94899,5.0824,0.7604,0.149614355422635
116,2020-07-01,8.62,8.71,8.71,8.56,162222,5.1279,0.7672,0.14961290196766708
117,2020-07-02,8.7,8.96,8.98,8.68,341329,5.1539,0.7711,0.14961485477017403
118,2020-07-03,9.09,9.15,9.27,8.97,429945,5.167,0.7731,0.14962260499322624
119,2020-07-06,9.32,10.0,10.0,9.3,858282,5.167,0.7731,0.14962260499322624
120,2020-07-07,10.18,9.73,10.48,9.73,760113,5.1539,0.7711,0.14961485477017403
121,2020-07-08,9.69,10.14,10.3,9.66,590366,5.1865,0.776,0.14961920370191845
122,2020-07-09,10.16,10.32,10.47,10.05,575466,5.2125,0.7799,0.14962110311750598
123,2020-07-10,10.2,10.16,10.21,9.98,657590,5.206,0.7789,0.14961582789089511
124,2020-07-13,9.95,9.97,10.11,9.77,402204,5.1865,0.776,0.14961920370191845
125,2020-07-14,9.97,9.66,10.01,9.62,390619,5.18,0.775,0.14961389961389962
126,2020-07-15,9.74,9.46,9.77,9.39,354076,5.1539,0.7711,0.14961485477017403
127,2020-07-16,9.5,9.41,9.68,9.38,337011,5.1019,0.7633,0.14961092926164762
128,2020-07-17,9.48,9.44,9.54,9.31,220928,5.0563,0.7565,0.14961533136878744
129,2020-07-20,9.52,9.8,9.89,9.48,362000,5.0303,0.7526,0.14961334314056815
130,2020-07-21,9.83,9.69,9.84,9.58,226942,5.0824,0.7604,0.149614355422635
131,2020-07-22,9.65,9.62,9.8,9.56,212965,5.0759,0.7594,0.1496089363462637
132,2020-07-23,9.53,9.52,9.61,9.37,184958,5.0824,0.7604,0.149614355422635
133,2020-07-24,9.47,9.26,9.59,9.21,221522,5.0693,0.7585,0.1496261811295445
134,2020-07-27,9.31,9.2,9.33,9.15,129288,5.0368,0.7536,0.14961880559085133
135,2020-07-28,9.27,9.32,9.35,9.22,139696,5.0498,0.7555,0.14960988554002136
136,2020-07-29,9.3,9.46,9.48,9.25,179829,5.1149,0.7653,0.14962169348374357
137,2020-07-30,9.46,9.31,9.46,9.31,174879,5.0628,0.7575,0.14962076321403175
138,2020-07-31,9.32,9.36,9.43,9.29,164856,5.0889,0.7614,0.14961976065554441
139,2020-08-03,9.45,9.45,9.52,9.37,222008,5.0954,0.7624,0.14962515209797073
140,2020-08-04,9.51,10.29,10.29,9.44,1360982,5.0693,0.7585,0.1496261811295445
141,2020-08-05,10.05,9.92,10.08,9.86,999329,5.0498,0.7555,0.14960988554002136
142,2020-08-06,10.0,10.3,10.46,9.93,922243,5.0433,0.7546,0.14962425396070034
143,2020-08-07,10.15,10.21,10.54,10.01,669413,5.0498,0.7555,0.14960988554002136
144,2020-08-10,10.13,10.17,10.42,9.92,527305,5.905,0.7722,0.130770533446232
145,2020-08-11,10.36,10.76,11.08,10.35,1586927,5.8428,0.7641,0.13077634011090572
146,2020-08-12,10.51,10.77,11.25,10.47,1248966,5.7496,0.7519,0.13077431473493809
147,2020-08-13,10.88,10.75,11.01,10.43,727203,5.7807,0.756,0.13078000934142922
148,2020-08-14,10.65,11.12,11.55,10.61,910077,5.7962,0.758,0.13077533556468032
149,2020-08-17,11.24,12.13,12.13,11.12,907205,5.8118,0.76,0.13076843662892737
150,2020-08-18,12.35,12.39,12.72,11.8,1929458,5.8428,0.7641,0.13077634011090572
151,2020-08-19,12.15,12.11,12.55,11.86,1273450,5.8428,0.7641,0.13077634011090572
152,2020-08-20,11.68,11.34,11.85,11.23,1211221,5.8118,0.76,0.13076843662892737
153,2020-08-21,11.37,11.15,11.48,11.14,817512,5.8273,0.7621,0.13078097918418477
154,2020-08-24,11.23,10.99,11.29,10.84,602528,5.8739,0.7682,0.13078193363863871
155,2020-08-25,11.05,11.07,11.17,10.92,503380,5.8506,0.7651,0.13077291217994735
156,2020-08-26,10.98,10.89,11.07,10.75,422425,5.8972,0.7712,0.13077392660923828
157,2020-08-27,10.84,10.87,10.91,10.64,387723,5.905,0.7722,0.130770533446232
158,2020-08-28,10.95,11.3,11.41,10.9,807599,5.905,0.7722,0.130770533446232
159,2020-08-31,11.25,11.21,11.86,11.21,704013,5.9205,0.7742,0.1307659826028207
160,2020-09-01,11.25,11.28,11.4,11.15,372836,5.8351,0.7631,0.1307775359462563
161,2020-09-02,11.31,11.06,11.38,10.95,475970,5.8895,0.7702,0.13077510824348418
162,2020-09-03,11.04,11.04,11.25,10.95,309005,5.8506,0.7651,0.13077291217994735
163,2020-09-04,10.85,10.92,10.94,10.71,330748,5.8506,0.7651,0.13077291217994735
164,2020-09-07,10.92,10.74,10.99,10.69,271361,5.8895,0.7702,0.13077510824348418
165,2020-09-08,10.75,11.09,11.12,10.73,407270,5.9516,0.7783,0.13077155722830835
166,2020-09-09,10.97,11.06,11.37,10.95,419448,5.9516,0.7783,0.13077155722830835
167,2020-09-10,11.16,11.38,11.49,11.03,567754,5.9128,0.7732,0.13076714923555677
168,2020-09-11,11.39,11.18,11.39,10.97,378074,5.8351,0.7631,0.1307775359462563
169,2020-09-14,11.1,11.56,11.61,11.06,527164,5.7341,0.7499,0.1307790237351982
170,2020-09-15,11.5,11.65,11.71,11.39,402394,5.8972,0.7712,0.13077392660923828
171,2020-09-16,11.58,11.52,11.73,11.45,254581,5.7885,0.757,0.13077653969076616
172,2020-09-17,11.5,11.38,11.57,11.17,271942,5.8817,0.7692,0.1307785164153221
173,2020-09-18,11.37,11.88,12.02,11.27,536648,6.0215,0.7875,0.13078136676907748
174,2020-09-21,11.88,11.78,11.97,11.69,282226,6.0215,0.7875,0.13078136676907748
175,2020-09-22,11.7,11.58,12.0,11.55,274209,6.2236,0.8139,0.13077639951153672
176,2020-09-23,11.63,11.44,11.64,11.4,212941,6.2624,0.819,0.1307805314256515
177,2020-09-24,11.37,11.2,11.44,11.18,219466,6.3013,0.824,0.13076666719565802
178,2020-09-25,11.24,11.08,11.28,10.96,212711,6.3634,0.8322,0.1307791432253198
179,2020-09-28,11.12,11.06,11.14,10.98,152882,6.2935,0.823,0.13076984190037338
180,2020-09-29,11.13,10.88,11.15,10.83,289102,6.48,0.8474,0.1307716049382716
181,2020-09-30,10.82,10.93,11.02,10.82,202338,6.5965,0.8626,0.1307663154703252
182,2020-10-09,11.07,10.96,11.1,10.89,227932,6.4333,0.8413,0.1307726983041363
183,2020-10-12,10.95,11.26,11.3,10.91,312563,6.41,0.8383,0.13078003120124806
184,2020-10-13,11.23,11.16,11.23,11.0,240015,6.4333,0.8413,0.1307726983041363
185,2020-10-14,11.25,11.23,11.4,11.15,276651,6.3479,0.8301,0.13076765544510782
186,2020-10-15,11.24,11.48,11.75,11.21,379081,6.4333,0.8413,0.1307726983041363
187,2020-10-16,11.41,12.03,12.35,11.36,623195,6.4489,0.8433,0.130766487307913
188,2020-10-19,12.2,12.09,12.52,11.95,649643,6.4178,0.8393,0.13077690174203
189,2020-10-20,12.01,11.74,12.06,11.68,417597,6.5266,0.8535,0.1307725308736555
190,2020-10-21,11.78,12.41,12.71,11.65,840248,6.5887,0.8616,0.1307693475192375
191,2020-10-22,12.42,12.2,12.6,12.1,530479,6.5965,0.8626,0.1307663154703252
192,2020-10-23,12.14,12.49,12.82,12.13,654334,6.4567,0.8444,0.13077888085244785
193,2020-10-26,12.38,12.16,12.51,11.93,488292,6.5033,0.8505,0.1307797579690311
194,2020-10-27,12.05,12.02,12.21,11.92,287172,6.5887,0.8616,0.1307693475192375
195,2020-10-28,11.97,11.72,12.05,11.61,433740,6.4411,0.8423,0.1307695890453494
196,2020-10-29,11.45,11.65,11.77,11.16,412853,6.3945,0.8362,0.1307686292907968
197,2020-10-30,11.6,11.4,11.88,11.35,402443,6.4644,0.8454,0.13077779840356413
198,2020-11-02,11.39,11.23,11.6,11.09,454550,6.4333,0.8413,0.1307726983041363
199,2020-11-03,11.35,11.46,11.77,11.33,399160,6.4023,0.8372,0.1307655061462287
200,2020-11-04,11.71,11.66,11.87,11.47,477628,6.4178,0.8393,0.13077690174203
201,2020-11-05,11.76,11.54,11.78,11.31,482707,6.3945,0.8362,0.1307686292907968
202,2020-11-06,11.47,11.42,11.57,11.37,266981,6.3323,0.8281,0.13077396838431532
203,2020-11-09,11.47,11.45,11.59,11.31,450317,6.3712,0.8332,0.13077599196383727
204,2020-11-10,11.52,11.27,11.68,11.26,427762,6.1614,0.8057,0.13076573506021358
205,2020-11-11,11.2,11.23,11.35,11.01,382478,6.7441,0.882,0.13078097892973117
206,2020-11-12,11.21,11.11,11.22,11.09,175169,6.9384,0.9074,0.1307794304162343
207,2020-11-13,11.08,10.83,11.11,10.74,436834,6.9151,0.9043,0.13077178927275093
208,2020-11-16,10.8,10.87,10.91,10.77,182425,7.0083,0.9165,0.13077351140790205
209,2020-11-17,10.92,11.11,11.14,10.9,322854,6.9228,0.9053,0.13077078638701103
210,2020-11-18,11.07,11.18,11.3,10.98,346566,6.9695,0.9114,0.13076978262429156
211,2020-11-19,11.11,11.41,11.41,11.06,396839,6.9928,0.9145,0.1307773710101819
212,2020-11-20,11.37,11.37,11.59,11.24,317105,7.0394,0.9206,0.13077819132312413
213,2020-11-23,11.33,11.63,11.75,11.29,511203,7.0938,0.9277,0.13077617074064676
214,2020-11-24,11.66,11.64,11.73,11.51,408733,6.9695,0.9114,0.13076978262429156
215,2020-11-25,11.8,11.57,11.92,11.56,352554,6.9539,0.9094,0.13077553603014136
216,2020-11-26,11.55,11.79,11.86,11.51,369240,6.8995,0.9023,0.1307775925791724
217,2020-11-27,11.79,12.33,12.41,11.77,862878,7.0472,0.9216,0.13077534339879668
218,2020-11-30,12.56,12.43,13.03,12.42,1093324,6.9228,0.9479,0.13692436586352344
219,2020-12-01,12.54,12.88,13.0,12.27,762973,6.9539,0.9522,0.13693035562777722
