,日期,开盘,收盘,最高,最低,成交量,pe,pb,roe
0,2020-01-03,9.46,9.35,9.5,9.1,1326586,25.2393,1.47,0.058242502763547324
1,2020-01-06,9.39,9.28,9.56,9.19,990224,25.2393,1.47,0.058242502763547324
2,2020-01-07,9.17,8.99,9.26,8.89,1266424,24.9886,1.4554,0.05824255860672466
3,2020-01-08,9.17,8.85,9.17,8.85,864871,25.1557,1.4652,0.05824524859177046
4,2020-01-09,8.86,8.95,9.06,8.81,766479,25.0303,1.4579,0.058245406567240504
5,2020-01-10,9.01,8.73,9.05,8.7,792244,25.8661,1.5065,0.05824225530713946
6,2020-01-13,8.56,8.63,8.69,8.45,972792,25.9496,1.5114,0.05824367234947745
7,2020-01-14,8.67,8.57,8.73,8.52,843028,26.0332,1.5163,0.05824485656776731
8,2020-01-15,8.52,8.45,8.56,8.34,833270,24.6125,1.4335,0.05824276282376841
9,2020-01-16,8.42,8.36,8.73,8.35,994974,24.8214,1.4457,0.05824409582054195
10,2020-01-17,8.36,8.19,8.48,8.18,849852,25.3646,1.4773,0.0582425900664706
11,2020-01-20,8.24,8.55,8.6,8.2,866060,24.32,1.4165,0.05824424342105263
12,2020-01-21,8.49,8.08,8.58,8.05,1021965,23.8185,1.3873,0.05824464177005269
13,2020-01-22,7.96,8.09,8.18,7.93,623071,24.3617,1.4189,0.05824306185528925
14,2020-01-23,7.96,7.53,8.03,7.45,1165889,24.32,1.4165,0.05824424342105263
15,2020-02-03,6.84,6.84,6.84,6.84,56113,25.4064,1.4798,0.05824516657220228
16,2020-02-04,6.21,6.35,6.42,6.21,2270376,25.8661,1.5065,0.05824225530713946
17,2020-02-05,6.27,6.59,6.66,6.21,1560834,24.1946,1.4092,0.0582444016433419
18,2020-02-06,6.59,6.61,6.72,6.49,1027038,23.4007,1.3629,0.05824184746610144
19,2020-02-07,6.47,6.54,6.63,6.4,862454,22.941,1.3362,0.0582450634235648
20,2020-02-10,6.49,6.72,6.79,6.48,946798,23.2335,1.3532,0.058243484623496246
21,2020-02-11,6.71,6.69,6.87,6.63,950135,23.1081,1.3459,0.05824364616736123
22,2020-02-12,6.71,6.77,6.77,6.61,751031,24.1946,1.4176,0.058591586552371185
23,2020-02-13,6.75,6.57,6.82,6.54,711689,24.8632,1.4568,0.05859261881012903
24,2020-02-14,6.59,6.59,6.71,6.53,565004,24.5707,1.4396,0.05859010935789376
25,2020-02-17,6.54,6.81,6.82,6.54,759983,24.4453,1.4323,0.05859204018768434
26,2020-02-18,6.85,6.95,7.06,6.79,912326,24.8214,1.4543,0.058590571039506226
27,2020-02-19,6.92,6.81,6.92,6.8,580565,25.1139,1.4714,0.05858906820525685
28,2020-02-20,6.82,7.07,7.07,6.82,877348,25.4482,1.491,0.05858960555166967
29,2020-02-21,7.04,6.99,7.09,6.92,788565,24.5289,1.4372,0.05859210971547848
30,2020-02-24,6.86,6.63,6.86,6.53,1354274,24.8632,1.4568,0.05859261881012903
31,2020-02-25,6.46,6.55,6.58,6.37,1062806,25.0303,1.4666,0.0585929853018142
32,2020-02-26,6.44,6.54,6.63,6.41,756373,25.0303,1.4666,0.0585929853018142
33,2020-02-27,6.59,6.46,6.6,6.42,804632,24.905,1.4592,0.05859064444890584
34,2020-02-28,6.37,6.16,6.38,6.13,962513,25.1975,1.4763,0.05858914574858616
35,2020-03-02,6.2,6.57,6.62,6.2,987653,25.3646,1.4861,0.058589530290247036
36,2020-03-03,6.66,6.53,6.8,6.48,900753,25.4064,1.4886,0.05859153599093141
37,2020-03-04,6.46,6.66,6.72,6.42,841991,24.6543,1.4445,0.05859018507927623
38,2020-03-05,6.72,6.86,6.94,6.63,1016249,24.0692,1.4102,0.058589400561713724
39,2020-03-06,6.73,6.7,6.82,6.68,674407,24.0692,1.4102,0.058589400561713724
40,2020-03-09,7.31,7.31,7.31,7.08,2039538,23.9021,1.4004,0.05858899427246979
41,2020-03-10,7.56,7.32,7.96,7.26,3153747,24.32,1.4249,0.05858963815789474
42,2020-03-11,7.63,8.0,8.0,7.52,2536545,24.2782,1.4225,0.05859165836017498
43,2020-03-12,7.85,8.18,8.6,7.63,3077226,25.0303,1.4666,0.0585929853018142
44,2020-03-13,7.86,7.93,8.55,7.86,2371358,25.0303,1.4666,0.0585929853018142
45,2020-03-16,8.07,7.65,8.22,7.61,1503558,25.4482,1.491,0.05858960555166967
46,2020-03-17,7.74,7.97,8.05,7.46,1392829,25.6989,1.5057,0.05859005638373627
47,2020-03-18,7.98,8.03,8.28,7.73,1534689,25.1557,1.4739,0.05859109466244231
48,2020-03-19,8.02,7.57,8.18,7.34,1593105,25.1557,1.4739,0.05859109466244231
49,2020-03-20,7.52,7.29,7.71,7.26,1324277,25.1975,1.4763,0.05858914574858616
50,2020-03-23,7.06,6.62,7.14,6.62,1206157,25.1139,1.4714,0.05858906820525685
51,2020-03-24,6.71,6.49,6.71,6.27,1336582,25.1975,1.4763,0.05858914574858616
52,2020-03-25,6.62,6.58,6.62,6.47,995261,25.4064,1.4886,0.05859153599093141
53,2020-03-26,6.62,6.7,6.97,6.55,1262302,26.2839,1.54,0.05859100057449618
54,2020-03-27,6.86,6.71,6.94,6.65,867088,26.1168,1.5302,0.05859063897567849
55,2020-03-30,6.88,6.98,7.02,6.76,1148997,26.075,1.5278,0.05859252157238735
56,2020-03-31,7.19,7.62,7.62,7.04,1801159,25.9079,1.518,0.05859216686802095
57,2020-04-01,7.48,7.51,7.64,7.32,1155457,26.1586,1.5327,0.05859258523009641
58,2020-04-02,7.51,7.64,7.79,7.4,1392693,26.5765,1.5571,0.0585893552574643
59,2020-04-03,7.7,7.6,8.02,7.56,1618522,26.66,1.562,0.05858964741185296
60,2020-04-07,7.74,8.17,8.29,7.67,1679443,26.9943,1.5816,0.05859014680877074
61,2020-04-08,8.03,8.4,8.6,8.02,1623379,27.6211,1.6183,0.058589266901028565
62,2020-04-09,8.29,8.11,8.34,8.02,1016960,28.2897,1.7697,0.06255633675860826
63,2020-04-10,8.31,8.02,8.42,7.9,1165196,28.1226,1.7592,0.06255467133195367
64,2020-04-13,7.86,7.89,8.13,7.71,842392,27.5376,1.7226,0.06255447097786299
65,2020-04-14,7.9,7.92,8.04,7.78,643344,28.039,1.754,0.0625557259531367
66,2020-04-15,8.06,7.9,8.07,7.9,645110,28.1644,1.7619,0.06255769695076054
67,2020-04-16,7.87,7.83,7.98,7.76,597217,27.9136,1.7462,0.06255731972945087
68,2020-04-17,7.83,7.65,7.91,7.65,624209,27.4958,1.72,0.0625550084012831
69,2020-04-20,7.72,8.17,8.26,7.71,1012034,27.4122,1.7148,0.06255608816512356
70,2020-04-21,8.56,8.41,8.78,8.18,1305845,27.454,1.7174,0.06255554746120784
71,2020-04-22,8.74,8.3,8.74,8.22,1121470,26.8272,1.6782,0.06255591340132402
72,2020-04-23,8.25,8.97,9.06,8.22,1953898,26.9943,1.6887,0.06255765105966815
73,2020-04-24,8.79,8.51,8.81,8.47,1222482,27.5376,1.7226,0.06255447097786299
74,2020-04-27,8.52,8.55,8.6,8.25,612338,27.0361,1.6913,0.06255709958167043
75,2020-04-28,8.7,8.61,8.8,8.42,779755,26.5347,1.6599,0.06255582312971317
76,2020-04-29,8.57,8.38,8.6,8.31,620305,25.8243,1.6155,0.06255735876674294
77,2020-04-30,8.16,8.05,8.24,7.83,1102008,26.3675,1.6495,0.06255807338579691
78,2020-05-06,7.56,7.85,7.94,7.51,1104631,26.4511,1.6547,0.06255694470173263
79,2020-05-07,7.78,7.72,8.01,7.65,976785,26.7436,1.673,0.06255702298867767
80,2020-05-08,7.82,7.68,7.84,7.61,840004,27.1197,1.6965,0.06255600172568279
81,2020-05-11,7.68,7.81,7.91,7.63,954986,26.1168,1.6338,0.06255743429516632
82,2020-05-12,7.81,7.59,7.9,7.52,883704,26.075,1.6312,0.06255800575263662
83,2020-05-13,7.59,7.65,7.72,7.49,565299,26.2839,1.6442,0.06255540463934196
84,2020-05-14,7.61,7.38,7.62,7.36,829599,25.8661,1.6181,0.0625567828161184
85,2020-05-15,7.37,7.35,7.46,7.27,610503,25.5318,1.5972,0.06255728150776678
86,2020-05-18,7.34,7.3,7.39,7.21,499409,25.9079,1.6207,0.06255620872397995
87,2020-05-19,7.35,7.3,7.39,7.25,512701,27.1615,1.6991,0.06255545533199566
88,2020-05-20,7.25,7.17,7.32,7.12,628421,27.7883,1.7383,0.06255510412655686
89,2020-05-21,7.17,7.06,7.23,7.03,497562,27.9136,1.7462,0.06255731972945087
90,2020-05-22,7.01,7.14,7.23,7.01,604280,28.2897,1.7697,0.06255633675860826
91,2020-05-25,7.05,6.87,7.1,6.83,518035,26.869,1.6808,0.06255536119691839
92,2020-05-26,6.9,6.99,7.01,6.85,390137,26.7854,1.6756,0.06255646732921666
93,2020-05-27,6.97,6.86,6.97,6.8,356129,27.5793,1.7253,0.06255778790614701
94,2020-05-28,6.97,7.06,7.25,6.97,818863,28.9583,1.8115,0.06255546768974699
95,2020-05-29,6.99,7.1,7.1,6.88,445731,29.7105,1.8586,0.06255700846502078
96,2020-06-01,7.07,7.19,7.25,7.06,594559,28.7076,1.7958,0.06255486352046148
97,2020-06-02,7.19,7.18,7.25,7.12,430054,29.8776,1.869,0.06255522531930276
98,2020-06-03,7.19,7.08,7.2,7.06,428789,29.3344,1.835,0.0625545434711465
99,2020-06-04,7.13,6.97,7.16,6.92,443006,29.5433,1.8481,0.06255563867272783
100,2020-06-05,6.97,7.03,7.06,6.93,317211,26.869,1.6808,0.06255536119691839
101,2020-06-08,7.06,7.04,7.13,7.01,334527,25.7825,1.6129,0.06255793658489285
102,2020-06-09,7.1,7.34,7.4,7.08,958659,24.9468,1.5606,0.06255712155466833
103,2020-06-10,7.27,7.28,7.29,7.19,456978,24.4453,1.5292,0.06255599235844927
104,2020-06-11,7.25,7.12,7.26,7.09,534185,24.3617,1.524,0.06255721070368653
105,2020-06-12,6.97,7.05,7.13,6.95,573351,23.4007,1.4639,0.06255795766793301
106,2020-06-15,7.02,6.87,7.02,6.86,572080,23.7349,1.4848,0.06255766824380975
107,2020-06-16,6.92,6.93,6.95,6.86,422649,24.0275,1.4648,0.06096347934658205
108,2020-06-17,6.9,6.94,6.95,6.82,400208,24.3617,1.4852,0.06096454680913073
109,2020-06-18,6.93,7.07,7.1,6.88,524038,24.905,1.5183,0.06096366191527805
110,2020-06-19,7.12,7.15,7.28,7.08,706707,24.6125,1.5004,0.0609608938547486
111,2020-06-22,7.13,7.01,7.14,6.97,586945,24.111,1.4699,0.0609638754095641
112,2020-06-23,6.98,6.92,6.98,6.86,496560,24.0692,1.4673,0.06096172702042445
113,2020-06-24,6.96,6.95,7.08,6.9,420021,23.8603,1.4546,0.060963189901216665
114,2020-06-29,6.9,6.86,6.96,6.84,354309,24.5289,1.4953,0.06096074426492831
115,2020-06-30,6.91,7.12,7.12,6.83,662253,24.7796,1.5106,0.060961436019951895
116,2020-07-01,7.03,7.14,7.24,7.03,717547,25.4064,1.5488,0.06096101769632848
117,2020-07-02,7.17,7.27,7.34,7.15,896049,25.6154,1.5616,0.060963326748752704
118,2020-07-03,7.29,7.49,7.54,7.25,1197590,24.4871,1.4928,0.06096271097843353
119,2020-07-06,7.63,7.78,7.84,7.54,1499303,24.4453,1.4903,0.060964684417863554
120,2020-07-07,8.48,8.48,8.48,8.14,2324410,24.2364,1.4775,0.06096202406297965
121,2020-07-08,8.46,8.42,8.46,8.18,2369643,24.6543,1.503,0.06096299631301639
122,2020-07-09,8.29,8.57,8.71,8.24,2361081,25.0303,1.5259,0.060962113917931465
123,2020-07-10,8.52,8.26,8.52,8.26,1406115,25.0721,1.5285,0.06096417930687896
124,2020-07-13,8.29,8.52,8.62,8.29,1742799,24.7378,1.5081,0.06096338397108878
125,2020-07-14,8.57,8.33,8.57,8.2,1450106,24.5707,1.4979,0.060962854131139936
126,2020-07-15,8.37,7.96,8.44,7.94,1272463,23.8185,1.452,0.06096101769632848
127,2020-07-16,8.05,7.75,8.09,7.71,1049062,24.32,1.4826,0.060962171052631575
128,2020-07-17,7.85,7.78,7.95,7.68,769966,23.8603,1.4546,0.060963189901216665
129,2020-07-20,7.81,8.15,8.22,7.81,1178947,24.8632,1.5157,0.06096158177547541
130,2020-07-21,8.15,8.05,8.2,7.98,782549,24.5707,1.4979,0.060962854131139936
131,2020-07-22,8.04,8.02,8.14,7.96,810929,24.9886,1.5234,0.06096379949256861
132,2020-07-23,7.91,7.85,7.95,7.7,938422,25.49,1.5539,0.06096116123970185
133,2020-07-24,7.8,7.52,7.92,7.47,877700,25.49,1.5539,0.06096116123970185
134,2020-07-27,7.52,7.42,7.6,7.38,530184,25.6571,1.5641,0.06096168312085154
135,2020-07-28,7.47,7.51,7.59,7.42,479879,25.7825,1.5718,0.060963832056627566
136,2020-07-29,7.46,7.62,7.63,7.37,544840,26.8272,1.6355,0.06096424524363332
137,2020-07-30,7.62,7.57,7.69,7.53,529606,26.5765,1.6202,0.06096363328504506
138,2020-07-31,7.56,7.58,7.64,7.47,558536,27.4122,1.6711,0.0609619074718556
139,2020-08-03,7.64,7.84,7.85,7.63,861142,26.9107,1.6405,0.06096088173105865
140,2020-08-04,7.82,7.74,7.83,7.67,623274,27.0779,1.6507,0.06096115282204307
141,2020-08-05,7.7,7.67,7.74,7.6,501832,27.5793,1.6813,0.06096238845801018
142,2020-08-06,7.69,7.64,7.74,7.56,520069,28.3315,1.7272,0.06096394472583521
143,2020-08-07,7.6,7.5,7.61,7.43,540590,40.8914,1.9258,0.04709547728862304
144,2020-08-10,7.48,7.69,7.74,7.47,677476,42.1043,1.9829,0.047094952297033796
145,2020-08-11,7.73,7.82,8.05,7.71,1360447,41.7578,1.9666,0.047095392956525484
146,2020-08-12,7.83,7.95,8.02,7.7,1033434,41.5845,1.9585,0.04709687503757409
147,2020-08-13,7.98,7.81,8.02,7.79,654297,44.0103,2.0727,0.047095793484706994
148,2020-08-14,7.83,7.76,7.85,7.63,569348,40.4871,1.9068,0.04709648258334136
149,2020-08-17,7.8,7.93,7.98,7.73,846544,41.0647,1.934,0.04709641127294245
150,2020-08-18,7.92,7.92,7.94,7.85,535089,39.7941,1.8741,0.04709492110639517
151,2020-08-19,7.9,7.94,8.04,7.81,770385,37.0795,1.7463,0.04709610431640124
152,2020-08-20,7.9,8.05,8.16,7.8,1169808,38.0036,1.7898,0.04709553831742256
153,2020-08-21,8.04,8.12,8.13,7.96,864327,38.3502,1.8061,0.047094930404535044
154,2020-08-24,8.14,8.08,8.3,8.05,1129895,38.4657,1.8116,0.047096504158250084
155,2020-08-25,8.13,7.95,8.14,7.92,672383,38.2924,1.8034,0.047095507202473595
156,2020-08-26,7.94,8.11,8.14,7.9,692147,38.9855,1.836,0.04709443254543356
157,2020-08-27,8.08,8.15,8.16,7.95,702953,39.4475,1.8578,0.04709550668610178
158,2020-08-28,8.05,7.97,8.06,7.89,809359,41.0069,1.9313,0.04709695197637471
159,2020-08-31,7.97,7.81,8.01,7.81,783222,39.7941,1.8741,0.04709492110639517
160,2020-09-01,7.78,7.72,7.79,7.65,624714,36.7907,1.7327,0.047096141144365285
161,2020-09-02,7.71,7.7,7.75,7.64,416671,37.0218,1.7436,0.04709657553117353
162,2020-09-03,7.71,7.59,7.72,7.58,446280,36.3287,1.7109,0.04709499651790458
163,2020-09-04,7.5,7.52,7.56,7.43,306116,36.9062,1.7381,0.04709506803734874
164,2020-09-07,7.56,7.57,7.65,7.5,354145,33.5564,1.5804,0.04709682802684436
165,2020-09-08,7.57,7.58,7.6,7.49,351291,32.1125,1.5124,0.04709692487349163
166,2020-09-09,7.61,7.62,7.73,7.58,620069,32.0547,1.5096,0.047094497842750056
167,2020-09-10,7.62,7.39,7.63,7.32,577346,31.4194,1.4797,0.047095106844815625
168,2020-09-11,7.39,7.34,7.41,7.24,405834,30.9574,1.458,0.04709697842842099
169,2020-09-14,7.36,7.31,7.39,7.29,281996,31.6504,1.4906,0.04709577130146854
170,2020-09-15,7.32,7.34,7.35,7.29,231576,35.1736,1.6565,0.04709498032615371
171,2020-09-16,7.3,7.32,7.46,7.27,349891,36.6175,1.7245,0.04709496825288455
172,2020-09-17,7.29,7.32,7.37,7.28,244144,39.0432,1.8388,0.047096549463158756
173,2020-09-18,7.32,7.47,7.47,7.32,361161,38.7544,1.8252,0.04709658774229507
174,2020-09-21,7.52,7.4,7.54,7.37,320811,37.0795,1.7463,0.04709610431640124
175,2020-09-22,7.34,7.29,7.37,7.28,269063,38.5234,1.8143,0.04709605071203476
176,2020-09-23,7.3,7.29,7.31,7.25,204016,39.8518,1.8768,0.04709448506717388
177,2020-09-24,7.26,7.09,7.27,7.08,345398,38.87,1.8306,0.04709544635966041
178,2020-09-25,7.16,7.1,7.18,7.06,172882,35.3468,1.6647,0.04709620107053538
179,2020-09-28,7.09,6.99,7.15,6.99,195748,35.2891,1.662,0.047096695580221656
180,2020-09-29,7.02,7.04,7.09,7.01,180708,32.0547,1.5096,0.047094497842750056
181,2020-09-30,7.04,7.04,7.13,7.01,152209,32.9211,1.5504,0.047094416650719444
182,2020-10-09,7.12,7.19,7.21,7.1,237452,31.8815,1.5015,0.047096278405972115
183,2020-10-12,7.32,7.39,7.47,7.32,496777,31.1884,1.4688,0.04709443254543356
184,2020-10-13,7.39,7.38,7.4,7.31,251765,31.3616,1.477,0.047095811438191935
185,2020-10-14,7.34,7.34,7.37,7.29,234355,29.2247,1.3764,0.04709714727610549
186,2020-10-15,7.3,7.26,7.32,7.25,212576,30.7841,1.4498,0.04709574098316988
187,2020-10-16,7.25,7.29,7.32,7.2,190536,31.2461,1.4716,0.04709707771529887
188,2020-10-19,7.32,7.29,7.39,7.26,233449,31.3039,1.4743,0.04709636818415597
189,2020-10-20,7.28,7.25,7.28,7.19,176316,31.7082,1.4933,0.04709507319873093
190,2020-10-21,7.23,7.16,7.25,7.14,185247,33.6141,1.5831,0.0470963077994056
191,2020-10-22,7.25,7.4,7.4,7.24,568135,34.0184,1.6021,0.04709510147449616
192,2020-10-23,7.4,7.31,7.41,7.29,311939,32.6323,1.5368,0.04709444323568979
193,2020-10-26,7.31,7.24,7.32,7.21,205636,33.3831,1.5722,0.0470956861405921
194,2020-10-27,7.2,7.14,7.24,7.09,286367,32.6323,1.5368,0.04709444323568979
195,2020-10-28,7.15,7.17,7.17,7.06,241335,31.4772,1.4824,0.04709440483905811
196,2020-10-29,7.1,7.25,7.31,7.08,321995,31.3616,1.477,0.047095811438191935
197,2020-10-30,7.27,7.07,7.37,7.05,432253,32.459,1.5287,0.04709633691734187
198,2020-11-02,7.03,6.79,7.09,6.71,630233,31.997,1.5069,0.047095040160015
199,2020-11-03,6.8,6.82,6.87,6.75,320222,32.1702,1.5151,0.047096381122902556
200,2020-11-04,6.82,6.74,6.84,6.71,285245,31.2461,1.4716,0.04709707771529887
201,2020-11-05,6.76,6.86,6.91,6.59,485719,31.5927,1.4879,0.04709632288471704
202,2020-11-06,6.82,7.07,7.23,6.8,734947,31.4772,1.4824,0.04709440483905811
203,2020-11-09,7.14,7.51,7.51,7.05,1515138,30.2065,1.4226,0.04709582374654463
204,2020-11-10,7.63,7.39,7.67,7.34,967539,32.8056,1.545,0.04709561782134757
205,2020-11-11,7.35,7.1,7.36,7.09,684247,36.4442,1.7164,0.0470966573556286
206,2020-11-12,7.15,7.12,7.16,7.03,322948,39.3898,1.8551,0.04709594869737851
207,2020-11-13,7.04,6.97,7.08,6.91,459060,39.332,1.8524,0.047096511746160884
208,2020-11-16,7.08,7.1,7.23,7.07,426583,41.7578,1.9666,0.047095392956525484
209,2020-11-17,7.08,7.38,7.45,7.01,987642,39.9096,1.8796,0.04709643794976647
210,2020-11-18,7.37,7.24,7.37,7.2,668636,40.7759,1.9204,0.04709644667560986
211,2020-11-19,7.2,7.18,7.29,7.14,360342,41.238,1.9421,0.047094912459382125
212,2020-11-20,7.21,7.56,7.61,7.16,1450401,41.8733,1.9721,0.04709683736414374
213,2020-11-23,7.58,7.53,7.73,7.41,1434898,42.2198,1.9884,0.04709638605583162
214,2020-11-24,7.5,7.51,7.7,7.43,868263,42.7396,2.0129,0.04709683759323906
215,2020-11-25,7.56,7.29,7.64,7.29,826485,39.5086,2.1762,0.05508167841938211
216,2020-11-26,7.28,7.32,7.35,7.19,422688,39.0407,2.1504,0.05508097959309131
217,2020-11-27,7.29,7.28,7.34,7.17,389934,39.6645,2.1848,0.05508200027732608
218,2020-11-30,7.31,7.35,7.39,7.26,474931,41.0681,2.2621,0.05508168140235366
219,2020-12-01,7.29,7.35,7.39,7.24,371571,41.38,2.2793,0.05508216529724504
