,日期,开盘,收盘,最高,最低,成交量,pe,pb,roe
0,2020-01-03,12.67,12.37,12.75,12.3,1626158,25.5543,1.7958,0.07027388736924901
1,2020-01-06,12.23,12.25,12.47,12.16,862504,24.9921,1.7563,0.07027420664930117
2,2020-01-07,12.27,12.24,12.35,12.07,715492,25.1278,1.7658,0.07027276562213962
3,2020-01-08,12.08,11.77,12.14,11.7,745480,24.7206,1.7372,0.07027337524170126
4,2020-01-09,11.94,11.9,12.04,11.8,499069,24.5461,1.725,0.07027592978110576
5,2020-01-10,12.05,11.86,12.12,11.77,428354,24.8176,1.744,0.07027270968989749
6,2020-01-13,11.7,11.99,12.0,11.62,460693,24.5267,1.7236,0.0702744356150644
7,2020-01-14,12.04,11.82,12.05,11.8,388433,24.0808,1.6923,0.0702759044550015
8,2020-01-15,11.77,11.87,11.95,11.74,282119,24.1777,1.6991,0.07027550180538264
9,2020-01-16,11.88,11.72,11.89,11.7,264026,24.0808,1.6923,0.0702759044550015
10,2020-01-17,11.77,11.76,11.96,11.74,345359,23.9839,1.6855,0.07027631035819863
11,2020-01-20,11.8,11.88,11.94,11.64,445343,24.1196,1.695,0.07027479726031942
12,2020-01-21,11.81,11.56,11.91,11.52,404840,23.8287,1.6746,0.0702765992269826
13,2020-01-22,11.49,11.76,11.88,11.49,418775,24.042,1.6895,0.070272855835621
14,2020-01-23,11.79,11.59,12.12,11.45,757753,24.0226,1.6882,0.0702754905797041
15,2020-02-03,10.47,10.47,10.47,10.47,92696,24.5461,1.725,0.07027592978110576
16,2020-02-04,9.86,10.22,10.35,9.82,767124,24.9727,1.7549,0.07027273782971004
17,2020-02-05,10.25,10.33,10.75,10.17,546511,24.0032,1.6868,0.07027396347153714
18,2020-02-06,10.31,10.55,10.65,10.17,521831,23.9451,1.6827,0.07027325005951114
19,2020-02-07,10.53,10.54,10.66,10.38,422084,23.6542,1.6623,0.07027504629199044
20,2020-02-10,10.47,10.69,10.72,10.43,402957,24.0032,1.6868,0.07027396347153714
21,2020-02-11,10.73,10.67,10.89,10.65,371385,23.6542,1.6623,0.07027504629199044
22,2020-02-12,10.64,10.84,10.94,10.56,463149,22.7818,1.6357,0.07179854094057536
23,2020-02-13,10.83,10.64,10.91,10.64,308129,23.7124,1.7025,0.07179787790354414
24,2020-02-14,10.63,10.77,10.92,10.59,363382,23.6155,1.6956,0.07180030064999682
25,2020-02-17,10.99,11.21,11.27,10.89,746143,23.5379,1.69,0.07179909847522506
26,2020-02-18,11.17,11.09,11.26,10.99,545159,23.6542,1.6984,0.07180120232347743
27,2020-02-19,11.07,11.13,11.32,11.05,505023,24.5655,1.7638,0.07179988194826077
28,2020-02-20,11.19,11.84,12.05,11.1,1112550,25.0115,1.7958,0.07179897247266258
29,2020-02-21,11.72,11.72,12.13,11.62,917339,24.9339,1.7902,0.07179783347169917
30,2020-02-24,11.73,11.89,12.05,11.67,714088,25.1278,1.8042,0.07180095352557725
31,2020-02-25,11.66,11.99,12.04,11.45,953863,25.186,1.8083,0.07179782418804098
32,2020-02-26,11.77,11.8,12.22,11.73,793872,25.2635,1.8139,0.0717992360520118
33,2020-02-27,11.86,11.79,12.06,11.7,574267,25.2441,1.8125,0.07179895500334732
34,2020-02-28,11.43,10.9,11.59,10.86,834025,25.2053,1.8097,0.07179839160811417
35,2020-03-02,11.05,11.68,11.89,10.97,855218,25.5737,1.8362,0.07180032611628354
36,2020-03-03,11.82,11.72,12.0,11.58,641212,25.9615,1.864,0.07179862488685168
37,2020-03-04,11.68,12.09,12.11,11.64,783182,25.2247,1.8111,0.07179867352238084
38,2020-03-05,12.25,12.35,12.72,11.92,1329889,24.6043,1.7666,0.07180045764358263
39,2020-03-06,12.18,12.15,12.73,12.15,1237033,25.0696,1.8,0.07180010849794173
40,2020-03-09,11.87,11.82,12.35,11.62,966586,25.1278,1.8042,0.07180095352557725
41,2020-03-10,11.97,12.22,12.29,11.65,928308,24.9533,1.7916,0.0717981188860792
42,2020-03-11,12.14,11.72,12.17,11.68,749468,24.3135,1.7457,0.07179961749645258
43,2020-03-12,11.67,11.54,11.8,11.31,655289,24.7788,1.7791,0.0717992800297028
44,2020-03-13,10.92,11.29,11.47,10.9,662351,24.9533,1.7916,0.0717981188860792
45,2020-03-16,11.22,10.48,11.32,10.43,669770,24.9727,1.793,0.07179840385701186
46,2020-03-17,10.67,10.54,10.78,10.27,450330,24.9339,1.7902,0.07179783347169917
47,2020-03-18,10.59,10.25,10.7,10.2,443769,23.441,1.6831,0.07180154430271747
48,2020-03-19,10.21,10.24,10.34,9.84,862426,23.9451,1.7192,0.07179757027533817
49,2020-03-20,10.28,10.25,10.33,10.03,449409,23.9839,1.722,0.07179816460208724
50,2020-03-23,9.93,9.76,10.06,9.73,381499,23.9063,1.7165,0.07180115701718794
51,2020-03-24,9.98,9.93,9.99,9.68,386605,23.8675,1.7137,0.0718005656227087
52,2020-03-25,10.16,10.08,10.18,10.0,379340,23.693,1.7011,0.07179757734351919
53,2020-03-26,10.01,10.01,10.15,9.98,229293,24.1777,1.736,0.07180170156797379
54,2020-03-27,10.12,10.01,10.26,10.0,317552,24.5849,1.7652,0.07180017002306294
55,2020-03-30,9.86,10.0,10.06,9.78,243057,24.2553,1.7415,0.07179874089374282
56,2020-03-31,10.09,9.87,10.13,9.84,275560,25.438,1.8264,0.07179809733469612
57,2020-04-01,9.83,9.81,9.98,9.78,239909,25.8064,1.8529,0.0718000186000372
58,2020-04-02,9.8,9.99,10.0,9.75,249020,26.2136,1.8821,0.0717986083559679
59,2020-04-03,9.95,9.85,9.96,9.81,216063,26.0391,1.8696,0.07179971658006612
60,2020-04-07,10.04,10.07,10.12,9.98,443292,26.2717,1.8863,0.07179969320599733
61,2020-04-08,10.0,10.03,10.08,9.98,240950,26.2717,1.9306,0.07348591830753244
62,2020-04-09,10.12,10.06,10.25,10.06,354999,25.4574,1.8707,0.07348354505958975
63,2020-04-10,10.1,9.96,10.18,9.92,285185,25.3605,1.8636,0.07348435559235819
64,2020-04-13,9.87,9.91,9.97,9.83,205929,25.9033,1.9035,0.07348484556021818
65,2020-04-14,9.91,10.12,10.2,9.87,379186,26.2136,1.9263,0.07348475600451673
66,2020-04-15,10.04,9.97,10.18,9.95,326236,25.8064,1.8964,0.07348564697129395
67,2020-04-16,9.92,10.1,10.19,9.89,421118,25.4574,1.8707,0.07348354505958975
68,2020-04-17,10.2,10.1,10.29,10.08,350276,26.0391,1.9135,0.07348564274494894
69,2020-04-20,10.1,10.11,10.14,10.05,245009,26.5432,1.9505,0.07348398083124869
70,2020-04-21,10.05,9.89,10.07,9.83,308901,26.9309,1.979,0.07348436182971976
71,2020-04-22,9.83,9.97,9.98,9.79,194766,25.3992,1.8664,0.07348262937415352
72,2020-04-23,9.95,9.85,9.99,9.83,189416,24.9339,1.8323,0.07348629777130733
73,2020-04-24,9.82,9.62,9.86,9.6,255882,24.5267,1.8023,0.07348318363253108
74,2020-04-27,9.62,9.54,9.71,9.54,175230,24.6819,1.8137,0.07348299766225454
75,2020-04-28,9.77,9.71,9.87,9.57,369565,25.5931,1.8807,0.07348465015961334
76,2020-04-29,9.64,9.93,10.01,9.64,348000,25.4186,1.8679,0.07348555781986418
77,2020-04-30,10.02,10.3,10.47,9.97,614506,26.7564,1.9662,0.07348522222720545
78,2020-05-06,10.12,10.33,10.34,10.1,405686,25.9615,1.9078,0.07348573849739036
79,2020-05-07,10.32,10.22,10.4,10.21,284720,26.1942,1.9249,0.07348573348298479
80,2020-05-08,10.31,10.37,10.6,10.25,472616,26.3493,1.9363,0.07348582315279722
81,2020-05-11,10.38,10.4,10.49,10.32,299968,25.3411,1.8622,0.07348536567078777
82,2020-05-12,10.58,10.48,10.72,10.42,417586,25.1084,1.8451,0.07348536744675088
83,2020-05-13,10.38,10.62,10.69,10.38,380833,25.6319,1.8835,0.07348265247601621
84,2020-05-14,10.54,10.42,10.55,10.37,317976,24.8951,1.8294,0.07348434029186467
85,2020-05-15,10.46,10.33,10.5,10.32,230197,25.0308,1.8394,0.0734854659060038
86,2020-05-18,10.34,10.27,10.43,10.24,236482,24.7206,1.8166,0.07348527139308916
87,2020-05-19,10.4,10.37,10.48,10.32,231212,26.485,1.9462,0.07348310364357183
88,2020-05-20,10.36,10.35,10.43,10.27,218883,26.6401,1.9576,0.07348320764561694
89,2020-05-21,10.37,10.26,10.41,10.25,197686,26.6013,1.9548,0.07348513042595664
90,2020-05-22,10.25,9.98,10.27,9.97,260657,27.2218,2.0004,0.07348522140343401
91,2020-05-25,9.98,9.9,10.03,9.87,151131,26.0391,1.9135,0.07348564274494894
92,2020-05-26,9.96,10.09,10.09,9.94,150897,26.3687,1.9377,0.07348485135785988
93,2020-05-27,10.07,9.94,10.08,9.92,135980,27.7453,2.0388,0.07348271599153731
94,2020-05-28,10.02,10.15,10.3,9.99,288816,29.4515,2.116,0.07184693479109723
95,2020-05-29,10.11,10.17,10.17,10.02,256929,29.4515,2.116,0.07184693479109723
96,2020-06-01,10.51,10.63,10.69,10.37,601144,29.1413,2.0937,0.07184648591517881
97,2020-06-02,10.6,10.6,10.7,10.55,293918,31.2159,2.2428,0.07184800053818727
98,2020-06-03,10.63,10.39,10.68,10.37,394195,32.3792,2.3263,0.07184550575678213
99,2020-06-04,10.43,10.3,10.45,10.27,255389,30.1495,2.1661,0.07184530423390106
100,2020-06-05,10.32,10.38,10.43,10.24,233479,29.3351,2.1076,0.07184567293106212
101,2020-06-08,10.4,10.3,10.44,10.27,208946,26.6595,1.9154,0.07184680882987303
102,2020-06-09,10.3,10.39,10.45,10.28,263482,24.2359,1.7413,0.07184796108252633
103,2020-06-10,10.35,10.23,10.37,10.17,219280,23.1695,1.6646,0.07184445067869398
104,2020-06-11,10.22,10.19,10.38,10.17,230682,22.2389,1.5978,0.07184707876738508
105,2020-06-12,10.02,10.05,10.12,9.99,278263,21.8705,1.5713,0.07184563681671657
106,2020-06-15,10.05,10.0,10.23,9.99,255297,22.3746,1.6075,0.07184485979637624
107,2020-06-16,10.09,10.12,10.15,10.01,222246,22.1807,1.5936,0.07184624470823733
108,2020-06-17,10.11,10.08,10.13,10.04,146647,21.5409,1.5476,0.07184472329382709
109,2020-06-18,10.07,10.15,10.24,10.04,229146,20.3582,1.4627,0.07184819876020472
110,2020-06-19,10.14,10.87,10.92,10.12,1025557,18.9622,1.3624,0.07184820326755335
111,2020-06-22,10.95,11.48,11.92,10.85,1586472,18.8265,1.3526,0.07184553687621173
112,2020-06-23,11.45,11.81,11.9,11.35,974807,18.904,1.3582,0.07184722809987305
113,2020-06-24,11.79,11.91,12.02,11.58,713911,18.6713,1.3415,0.07184823766957844
114,2020-06-29,12.05,11.65,12.37,11.26,1052789,18.7683,1.3484,0.07184454638939063
115,2020-06-30,11.57,11.84,12.26,11.47,773412,19.0397,1.3679,0.07184461940051576
116,2020-07-01,11.72,12.32,12.53,11.72,1126893,19.1173,1.3735,0.07184591966438775
117,2020-07-02,12.14,12.87,13.11,12.08,1906613,19.4275,1.3958,0.0718466091880067
118,2020-07-03,13.08,14.12,14.12,13.07,2019635,19.253,1.3833,0.07184854308419467
119,2020-07-06,15.13,15.5,15.5,14.53,1493323,19.4081,1.3944,0.07184629098160046
120,2020-07-07,16.07,15.92,17.01,15.14,2524101,19.253,1.3833,0.07184854308419467
121,2020-07-08,15.72,17.07,17.47,15.67,1779015,19.4275,1.3958,0.0718466091880067
122,2020-07-09,16.57,16.47,17.04,16.04,1918385,19.8347,1.4251,0.07184883058478322
123,2020-07-10,16.05,15.4,16.07,15.37,1758967,19.8928,1.4292,0.07184508968068849
124,2020-07-13,15.4,15.56,15.9,14.97,1499620,19.001,1.3652,0.07184885006052312
125,2020-07-14,15.37,15.56,15.68,15.2,1007324,18.9622,1.3624,0.07184820326755335
126,2020-07-15,15.68,14.84,15.78,14.73,1001526,18.555,1.3331,0.07184586364861223
127,2020-07-16,14.84,14.13,15.34,14.12,957511,18.8458,1.354,0.07184624690912564
128,2020-07-17,14.38,13.96,14.48,13.73,925453,18.4775,1.3275,0.07184413475849005
129,2020-07-20,14.39,14.57,14.83,14.17,875170,18.6326,1.3387,0.07184719255498427
130,2020-07-21,14.57,14.25,14.6,14.06,640478,19.1755,1.3777,0.0718468879559855
131,2020-07-22,14.28,14.27,14.8,14.15,871299,19.35,1.3902,0.07184496124031008
132,2020-07-23,13.98,14.19,14.23,13.52,894207,19.3887,1.393,0.07184597213841051
133,2020-07-24,14.03,13.28,14.2,13.11,892084,19.1948,1.3791,0.071847583720591
134,2020-07-27,13.39,13.44,13.59,13.11,573183,19.3112,1.3874,0.07184431832304569
135,2020-07-28,13.57,13.37,13.6,13.23,444993,19.4857,1.4,0.07184756000554252
136,2020-07-29,13.33,13.75,13.85,13.28,730608,19.8734,1.4278,0.07184477744120281
137,2020-07-30,13.73,13.48,13.75,13.44,482036,19.602,1.4083,0.0718447097234976
138,2020-07-31,13.43,13.6,13.96,13.42,704773,19.4469,1.3972,0.07184692675953494
139,2020-08-03,13.84,14.12,14.15,13.62,734797,19.3887,1.393,0.07184597213841051
140,2020-08-04,14.2,14.04,14.32,13.97,611338,19.0979,1.3721,0.07184559558904383
141,2020-08-05,13.98,13.92,14.02,13.71,439167,19.3112,1.3874,0.07184431832304569
142,2020-08-06,13.92,14.33,14.49,13.68,704985,19.253,1.3833,0.07184854308419467
143,2020-08-07,13.99,13.64,14.0,13.26,977962,18.5356,1.3317,0.07184552968342002
144,2020-08-10,13.49,13.73,13.94,13.38,578342,18.1091,1.3011,0.0718478554980645
145,2020-08-11,13.64,13.26,13.86,13.23,520152,17.7795,1.3112,0.07374785567648134
146,2020-08-12,13.24,13.18,13.38,12.94,407633,17.9346,1.3226,0.07374572056248815
147,2020-08-13,13.25,13.39,13.63,13.16,413465,18.3805,1.3555,0.07374663366067298
148,2020-08-14,13.3,13.63,13.64,13.24,377307,18.6132,1.3727,0.07374873745513937
149,2020-08-17,13.91,14.42,14.7,13.79,1038224,18.4581,1.3613,0.07375081942345094
150,2020-08-18,14.32,14.22,14.47,14.1,588388,18.8846,1.3927,0.07374792158690151
151,2020-08-19,14.23,13.96,14.39,13.93,493190,18.8652,1.3913,0.0737495494349384
152,2020-08-20,13.84,13.66,13.96,13.57,457963,18.8652,1.3913,0.0737495494349384
153,2020-08-21,13.74,13.84,13.95,13.6,357347,18.6132,1.3727,0.07374873745513937
154,2020-08-24,13.85,14.05,14.21,13.83,554838,18.904,1.3941,0.07374629707998306
155,2020-08-25,14.15,13.89,14.3,13.84,417825,18.4968,1.3641,0.07374789152718308
156,2020-08-26,13.83,13.61,14.11,13.59,529284,18.5938,1.3713,0.07375038991491786
157,2020-08-27,13.64,13.66,13.73,13.43,302420,18.7877,1.3856,0.07375037923747983
158,2020-08-28,13.64,14.08,14.08,13.57,488886,18.7295,1.3813,0.07374996663018232
159,2020-08-31,14.21,14.08,14.43,13.88,652868,18.8071,1.387,0.07374874382547017
160,2020-09-01,13.94,13.96,14.06,13.82,331013,18.3805,1.3555,0.07374663366067298
161,2020-09-02,14.03,14.05,14.14,13.78,423087,18.652,1.3755,0.07374544284795195
162,2020-09-03,14.02,13.84,14.21,13.8,381042,18.303,1.3498,0.07374747309184287
163,2020-09-04,13.68,13.65,13.78,13.55,356753,18.4193,1.3584,0.0737487309506876
164,2020-09-07,13.59,13.04,13.68,13.03,495565,18.6713,1.377,0.07374955145062208
165,2020-09-08,13.08,13.21,13.39,12.97,406129,33.8479,1.381,0.04080016780952437
166,2020-09-09,13.03,13.0,13.2,12.94,326279,33.8479,1.381,0.04080016780952437
167,2020-09-10,13.1,12.75,13.16,12.71,281848,34.0937,1.391,0.04079932656179881
168,2020-09-11,12.72,12.84,12.88,12.61,222098,33.567,1.3696,0.04080197813328566
169,2020-09-14,12.9,12.86,12.93,12.76,173368,32.9701,1.3452,0.040800604183790765
170,2020-09-15,12.84,12.9,12.94,12.79,171293,34.6906,1.4154,0.0408006779934622
171,2020-09-16,12.89,12.88,13.05,12.79,215838,34.6555,1.414,0.040801604362943826
172,2020-09-17,12.81,12.62,12.83,12.49,359726,34.6906,1.4154,0.0408006779934622
173,2020-09-18,12.68,13.39,13.49,12.64,590553,35.7088,1.4569,0.0407994667981002
174,2020-09-21,13.73,13.41,13.83,13.39,559131,35.4982,1.4483,0.04079925179304866
175,2020-09-22,13.23,13.4,13.8,13.21,463255,38.3422,1.5644,0.04080099733452958
176,2020-09-23,13.48,13.31,13.51,13.28,214958,39.22,1.6002,0.04080061193268741
177,2020-09-24,13.23,13.07,13.38,13.06,246995,39.852,1.626,0.04080096356519121
178,2020-09-25,13.16,13.4,13.48,13.05,313853,41.6076,1.6976,0.04080023841798133
179,2020-09-28,13.29,13.49,13.62,13.26,311113,40.2032,1.6403,0.04080023480717953
180,2020-09-29,13.53,13.46,13.62,13.44,248744,41.3619,1.6876,0.04080083361741119
181,2020-09-30,13.43,13.22,13.53,13.16,223467,42.0641,1.7162,0.0407996367448727
182,2020-10-09,13.45,13.54,13.61,13.35,258841,41.1512,1.679,0.04080075429149089
183,2020-10-12,13.62,13.92,14.02,13.59,461557,39.852,1.626,0.04080096356519121
184,2020-10-13,13.78,13.72,13.84,13.6,318334,39.7116,1.6203,0.0408016801136192
185,2020-10-14,13.69,13.53,13.73,13.47,240470,36.9729,1.5085,0.0408001536260342
186,2020-10-15,13.51,13.55,13.78,13.48,236094,40.0978,1.636,0.04080024340487508
187,2020-10-16,13.56,13.56,13.66,13.51,179737,40.1329,1.6375,0.04080193556907176
188,2020-10-19,13.63,13.52,13.82,13.49,260862,40.8001,1.6647,0.04080137058487602
189,2020-10-20,13.43,13.49,13.49,13.29,183956,40.4489,1.6503,0.04079962619502632
190,2020-10-21,13.43,13.39,13.55,13.29,145985,39.852,1.626,0.04080096356519121
191,2020-10-22,13.38,13.43,13.55,13.27,179428,40.2734,1.6432,0.04080112431530489
192,2020-10-23,13.43,13.2,13.52,13.15,183321,37.7804,1.5415,0.04080157965505924
193,2020-10-26,13.11,12.73,13.11,12.63,308470,37.64,1.5357,0.04079968119022317
194,2020-10-27,12.66,12.67,12.76,12.57,215881,38.0613,1.5529,0.04079997267565742
195,2020-10-28,12.68,12.71,12.77,12.55,169339,36.5164,1.4899,0.04080084564743513
196,2020-10-29,12.56,12.76,12.87,12.5,239155,36.06,1.4713,0.040801442041042704
197,2020-10-30,12.75,12.28,12.82,12.27,235071,36.7622,1.4999,0.04080006093215314
198,2020-11-02,12.21,12.73,13.46,12.21,712583,36.1653,1.4756,0.040801541809414
199,2020-11-03,12.73,12.91,13.11,12.59,459932,36.2355,1.4784,0.04079976818313532
200,2020-11-04,12.88,12.73,12.89,12.58,268626,35.7088,1.4569,0.0407994667981002
201,2020-11-05,12.88,12.88,13.06,12.77,332262,35.7439,1.4584,0.040801367506063974
202,2020-11-06,12.97,12.91,13.11,12.82,399163,34.9715,1.4269,0.040801795747966205
203,2020-11-09,13.05,13.41,13.49,12.93,625571,34.5852,1.4111,0.04080068931219134
204,2020-11-10,13.45,13.19,13.49,13.12,396454,35.463,1.4469,0.040800270704678114
205,2020-11-11,13.17,12.92,13.22,12.9,274026,39.3956,1.6074,0.04080151082862045
206,2020-11-12,13.01,12.93,13.04,12.86,194225,39.9925,1.6615,0.04154528974182659
207,2020-11-13,12.88,12.82,12.92,12.73,178269,39.2902,1.6323,0.04154471089482874
208,2020-11-16,12.91,12.97,13.02,12.77,190510,40.4138,1.679,0.041545214753376324
209,2020-11-17,12.9,12.9,12.93,12.69,210981,39.9925,1.6615,0.04154528974182659
210,2020-11-18,12.89,12.95,13.15,12.87,237143,39.852,1.6557,0.041546221017765735
211,2020-11-19,12.88,13.0,13.03,12.75,183435,40.3787,1.6775,0.04154418047138714
212,2020-11-20,12.94,12.95,13.05,12.87,158102,40.2032,1.6702,0.04154395669996418
213,2020-11-23,12.91,13.18,13.39,12.84,408474,40.8001,1.695,0.041544015823490626
214,2020-11-24,13.19,13.33,13.61,13.15,508158,40.3436,1.6761,0.04154562309759168
215,2020-11-25,13.41,13.19,13.5,13.18,350238,40.4841,1.6819,0.04154470520525342
216,2020-11-26,13.16,13.28,13.31,13.06,218934,40.0276,1.663,0.04154633303020916
217,2020-11-27,13.22,13.49,13.5,13.18,338335,41.6779,1.7315,0.041544799522048856
218,2020-11-30,13.64,13.42,13.93,13.39,773888,41.713,1.733,0.04154580106921104
219,2020-12-01,13.41,13.71,13.87,13.27,625015,42.1343,1.7505,0.04154572403006576
