,日期,开盘,收盘,最高,最低,成交量,pe,pb,roe
0,2020-01-16,5.86,6.77,6.99,5.86,14147184,24.1064,1.579,0.06550127766900075
1,2020-01-17,6.85,6.65,6.86,6.5,7381173,23.8596,1.5628,0.06549984073496622
2,2020-01-20,6.73,7.32,7.32,6.72,6655448,23.5716,1.5439,0.06549831152743132
3,2020-01-21,7.5,7.68,7.96,7.11,9107936,23.4071,1.5332,0.06550149313669784
4,2020-01-22,7.3,7.32,7.55,7.24,5017494,23.5716,1.5439,0.06549831152743132
5,2020-01-23,7.17,7.05,7.17,6.73,4831745,23.6127,1.5466,0.06549865114959323
6,2020-02-03,6.35,6.35,6.35,6.35,1371978,23.8184,1.5601,0.06549978168138917
7,2020-02-04,6.0,6.81,6.95,6.0,4666170,23.7773,1.5574,0.06549944695150416
8,2020-02-05,6.67,7.3,7.38,6.63,4835193,23.9007,1.5655,0.06550017363508182
9,2020-02-06,7.28,7.36,7.43,7.11,3756775,24.1475,1.5817,0.06550160472098561
10,2020-02-07,7.28,7.73,7.96,7.22,4922261,24.1475,1.5817,0.06550160472098561
11,2020-02-10,7.58,7.78,8.22,7.53,4720688,23.9007,1.5655,0.06550017363508182
12,2020-02-11,7.79,7.57,7.88,7.54,3245464,23.5716,1.5439,0.06549831152743132
13,2020-02-12,7.51,7.63,7.73,7.4,2908651,23.8184,1.5601,0.06549978168138917
14,2020-02-13,7.64,7.46,7.72,7.4,2469617,23.6127,1.5466,0.06549865114959323
15,2020-02-14,7.4,7.3,7.45,7.21,2563961,23.7773,1.5574,0.06549944695150416
16,2020-02-17,7.23,7.3,7.36,7.22,2928309,23.5305,1.5412,0.06549797071885424
17,2020-02-18,7.31,7.71,7.8,7.22,5372119,23.4482,1.5359,0.06550182956474271
18,2020-02-19,7.62,7.45,7.67,7.4,3640792,23.2836,1.5251,0.06550103935817485
19,2020-02-20,7.45,7.6,7.6,7.4,2941456,23.1191,1.5143,0.06549995458300713
20,2020-02-21,7.6,7.53,7.75,7.51,3030056,23.1191,1.5143,0.06549995458300713
21,2020-02-24,7.42,7.3,7.42,7.28,3657548,22.79,1.4927,0.06549802544975866
22,2020-02-25,7.11,7.19,7.2,7.01,2719537,22.9545,1.5145,0.06597834847197717
23,2020-02-26,7.09,7.14,7.35,7.05,2468829,22.9957,1.5172,0.0659775523249999
24,2020-02-27,7.09,7.09,7.18,7.06,1622053,23.2425,1.5335,0.0659782725610412
25,2020-02-28,6.95,6.87,7.0,6.8,2320323,23.5305,1.5525,0.06597819850831899
26,2020-03-02,6.86,7.07,7.1,6.86,1685038,23.7362,1.566,0.06597517715556829
27,2020-03-03,7.13,7.02,7.17,7.0,1872890,22.8311,1.5063,0.06597579617276435
28,2020-03-04,6.97,6.96,6.97,6.88,1323756,22.7489,1.5009,0.06597681646145528
29,2020-03-05,7.04,7.17,7.22,6.94,2728289,22.8723,1.509,0.06597500032790755
30,2020-03-06,7.07,7.03,7.08,7.0,1555059,23.2836,1.5362,0.06597776976068993
31,2020-03-09,6.9,6.88,6.95,6.86,1393861,23.6127,1.5579,0.06597720718088147
32,2020-03-10,6.8,6.93,6.96,6.7,1511287,23.5716,1.5552,0.06597770198034923
33,2020-03-11,6.92,6.94,7.14,6.87,1668567,23.7773,1.5688,0.06597889583762664
34,2020-03-12,6.81,6.79,6.87,6.76,1172698,23.983,1.5823,0.06597589959554685
35,2020-03-13,6.53,6.69,6.79,6.45,1332648,24.1475,1.5932,0.06597784449735997
36,2020-03-16,6.75,6.5,6.77,6.44,1242217,24.3121,1.604,0.06597537851522493
37,2020-03-17,6.5,6.39,6.6,6.25,1096063,24.1064,1.5905,0.06597832940629875
38,2020-03-18,6.42,6.3,6.5,6.3,861073,24.0653,1.5878,0.06597881597154409
39,2020-03-19,6.25,6.23,6.3,6.11,1135911,23.983,1.5823,0.06597589959554685
40,2020-03-20,6.27,6.33,6.33,6.2,833350,24.0241,1.585,0.06597541635274579
41,2020-03-23,6.17,6.08,6.21,6.08,829580,24.5178,1.6176,0.06597655580843305
42,2020-03-24,6.18,6.24,6.27,6.08,983390,24.9703,1.6475,0.06597838231819401
43,2020-03-25,6.37,6.45,6.5,6.29,1476223,25.176,1.661,0.06597553225293931
44,2020-03-26,6.37,6.4,6.55,6.31,1053659,25.2171,1.6638,0.06597903803371521
45,2020-03-27,6.46,6.35,6.48,6.34,774680,25.4228,1.6773,0.06597621033088409
46,2020-03-30,6.25,6.22,6.26,6.2,581363,25.4639,1.68,0.06597575391043792
47,2020-03-31,6.27,6.2,6.28,6.19,425486,25.2994,1.6692,0.06597784927705796
48,2020-04-01,6.19,6.19,6.28,6.15,502901,25.4639,1.68,0.06597575391043792
49,2020-04-02,6.16,6.24,6.24,6.12,662513,25.3405,1.6719,0.06597738797577002
50,2020-04-03,6.22,6.18,6.23,6.17,408771,25.3405,1.6719,0.06597738797577002
51,2020-04-07,6.26,6.31,6.34,6.23,912634,25.2582,1.6665,0.06597857329500915
52,2020-04-08,6.27,6.39,6.43,6.24,939353,25.2582,1.6665,0.06597857329500915
53,2020-04-09,6.41,6.36,6.43,6.35,581202,25.2994,1.6692,0.06597784927705796
54,2020-04-10,6.36,6.25,6.36,6.23,592625,25.5462,1.6855,0.06597850169496833
55,2020-04-13,6.22,6.21,6.24,6.19,363111,25.5462,1.6855,0.06597850169496833
56,2020-04-14,6.23,6.27,6.27,6.22,358443,25.4639,1.68,0.06597575391043792
57,2020-04-15,6.27,6.23,6.29,6.22,363194,25.4228,1.6773,0.06597621033088409
58,2020-04-16,6.25,6.25,6.35,6.23,636225,25.5051,1.6828,0.065978961070531
59,2020-04-17,6.28,6.28,6.35,6.21,864206,25.5051,1.6828,0.065978961070531
60,2020-04-20,6.28,6.26,6.28,6.23,453888,25.6285,1.6909,0.0659773299256687
61,2020-04-21,6.23,6.18,6.24,6.15,586486,25.5873,1.6882,0.065978043795164
62,2020-04-22,6.16,6.17,6.18,6.13,333354,25.5462,1.6874,0.06605287674879239
63,2020-04-23,6.18,6.15,6.18,6.14,369153,25.4228,1.6792,0.06605094639457496
64,2020-04-24,6.16,6.11,6.16,6.08,479847,25.5873,1.6901,0.06605229938289699
65,2020-04-27,6.11,6.1,6.14,6.08,297588,25.6696,1.6955,0.06605089288496899
66,2020-04-28,6.09,6.03,6.1,5.93,523633,25.7519,1.701,0.06605337858565777
67,2020-04-29,6.05,6.35,6.45,6.04,1782794,25.7107,1.6983,0.06605421089274115
68,2020-04-30,6.53,6.5,6.64,6.41,1991210,25.8753,1.7091,0.06605140809961624
69,2020-05-06,6.35,6.4,6.41,6.28,1088737,26.1632,1.7037,0.06511818126223091
70,2020-05-07,6.37,6.36,6.37,6.3,553933,26.3278,1.7144,0.06511748038195367
71,2020-05-08,6.36,6.41,6.46,6.34,703842,25.9576,1.6903,0.0651177304527383
72,2020-05-11,6.45,6.36,6.45,6.33,615865,25.8753,1.685,0.06512001793215924
73,2020-05-12,6.35,6.31,6.35,6.28,475708,25.9164,1.6876,0.06511706872868145
74,2020-05-13,6.27,6.38,6.43,6.27,558545,25.5462,1.6635,0.06511731686121615
75,2020-05-14,6.33,6.27,6.36,6.27,523608,25.7107,1.6742,0.06511685796186023
76,2020-05-15,6.29,6.25,6.31,6.24,350172,25.5051,1.6608,0.06511638848700849
77,2020-05-18,6.25,6.23,6.25,6.2,353140,25.5873,1.6662,0.06511824225299269
78,2020-05-19,6.28,6.28,6.32,6.24,343790,25.6696,1.6716,0.06511983046093434
79,2020-05-20,6.26,6.22,6.27,6.2,331300,25.8342,1.6823,0.06511910568161584
80,2020-05-21,6.23,6.16,6.25,6.14,385620,25.793,1.6796,0.06511844298840772
81,2020-05-22,6.15,6.12,6.16,6.08,423194,25.5051,1.6608,0.06511638848700849
82,2020-05-25,6.12,6.23,6.26,6.05,489263,25.5051,1.6608,0.06511638848700849
83,2020-05-26,6.22,6.23,6.27,6.2,290827,25.6696,1.6716,0.06511983046093434
84,2020-05-27,6.24,6.2,6.25,6.17,273203,25.5051,1.6608,0.06511638848700849
85,2020-05-28,6.19,6.28,6.38,6.17,762801,25.5873,1.6662,0.06511824225299269
86,2020-05-29,6.25,6.21,6.25,6.13,432862,25.2994,1.6475,0.06512012142580456
87,2020-06-01,6.25,6.31,6.34,6.23,669680,25.6285,1.6689,0.06511891058782215
88,2020-06-02,6.35,6.32,6.38,6.29,551034,25.8342,1.6823,0.06511910568161584
89,2020-06-03,6.32,6.34,6.44,6.31,632903,25.9164,1.6876,0.06511706872868145
90,2020-06-04,6.38,6.37,6.41,6.31,484517,25.9987,1.693,0.065118640547412
91,2020-06-05,6.38,6.42,6.44,6.33,697041,25.5051,1.6608,0.06511638848700849
92,2020-06-08,6.44,6.66,6.74,6.43,1944168,25.7519,1.6769,0.06511752530881217
93,2020-06-09,6.66,6.57,6.66,6.51,981082,27.4796,1.7894,0.06511739617752806
94,2020-06-10,6.56,6.63,6.72,6.52,980832,28.3847,1.8484,0.06511958907439572
95,2020-06-11,6.6,6.49,6.66,6.46,892360,27.6853,1.8028,0.06511758947889312
96,2020-06-12,6.37,6.35,6.55,6.34,1063462,27.3974,1.7841,0.06511931789147875
97,2020-06-15,6.35,6.24,6.42,6.24,1181936,28.3847,1.8484,0.06511958907439572
98,2020-06-16,6.27,6.29,6.3,6.23,580985,27.8499,1.8135,0.06511693040190449
99,2020-06-17,6.26,6.23,6.26,6.18,558996,27.6442,1.8001,0.0651167333473206
100,2020-06-18,6.23,6.26,6.28,6.2,390057,28.3024,1.843,0.06511815252416757
101,2020-06-19,6.28,6.36,6.37,6.28,870611,26.9037,1.7519,0.06511743737850184
102,2020-06-22,6.33,6.32,6.34,6.29,405981,26.5335,1.7278,0.06511768142159911
103,2020-06-23,6.3,6.26,6.33,6.26,353288,25.9164,1.6876,0.06511706872868145
104,2020-06-24,6.28,6.28,6.29,6.25,291810,25.6285,1.6689,0.06511891058782215
105,2020-06-29,6.26,6.2,6.27,6.18,483248,25.5051,1.6608,0.06511638848700849
106,2020-06-30,6.21,6.23,6.26,6.21,270759,25.8342,1.6823,0.06511910568161584
107,2020-07-01,6.23,6.3,6.34,6.21,487143,25.7519,1.6769,0.06511752530881217
108,2020-07-02,6.29,6.45,6.47,6.28,1175691,25.9987,1.693,0.065118640547412
109,2020-07-03,6.46,6.54,6.57,6.41,1465125,26.1632,1.7037,0.06511818126223091
110,2020-07-06,6.63,6.88,6.93,6.57,3088899,25.7519,1.6769,0.06511752530881217
111,2020-07-07,6.88,6.72,7.04,6.72,2465448,25.6285,1.6689,0.06511891058782215
112,2020-07-08,6.71,6.77,6.8,6.63,1607330,25.8753,1.685,0.06512001793215924
113,2020-07-09,6.81,6.9,7.0,6.73,2094856,25.6696,1.6716,0.06511983046093434
114,2020-07-10,6.8,6.66,6.81,6.64,1597488,26.1221,1.701,0.06511727617611142
115,2020-07-13,6.66,6.73,6.79,6.66,1411114,26.698,1.7385,0.06511723724623567
116,2020-07-14,6.71,6.9,6.96,6.68,2160219,27.274,1.776,0.06511696120847693
117,2020-07-15,6.89,6.68,6.89,6.66,1462513,27.0271,1.76,0.06511982417647472
118,2020-07-16,6.5,6.26,6.51,6.24,5400283,27.3974,1.7841,0.06511931789147875
119,2020-07-17,6.27,6.2,6.27,6.15,1921251,26.4101,1.7198,0.06511902643306916
120,2020-07-20,6.23,6.32,6.34,6.19,1533674,26.2044,1.7064,0.06511883500480835
121,2020-07-21,6.31,6.3,6.32,6.24,976592,26.081,1.6984,0.06512020244622523
122,2020-07-22,6.28,6.28,6.36,6.25,1193140,25.9987,1.693,0.065118640547412
123,2020-07-23,6.24,6.23,6.28,6.18,1080266,25.9576,1.6903,0.0651177304527383
124,2020-07-24,6.21,6.15,6.23,6.12,1209325,25.5462,1.6635,0.06511731686121615
125,2020-07-27,6.16,6.22,6.27,6.12,801041,25.8342,1.6823,0.06511910568161584
126,2020-07-28,6.24,6.2,6.25,6.18,462531,25.5051,1.6608,0.06511638848700849
127,2020-07-29,6.2,6.24,6.25,6.18,727460,25.6285,1.6689,0.06511891058782215
128,2020-07-30,6.24,6.2,6.24,6.19,614200,25.6285,1.6689,0.06511891058782215
129,2020-07-31,6.18,6.2,6.22,6.17,635154,25.176,1.6394,0.06511757229107086
130,2020-08-03,6.21,6.27,6.28,6.2,1094565,25.3405,1.6501,0.06511710502949823
131,2020-08-04,6.28,6.28,6.31,6.22,1000936,25.5873,1.6662,0.06511824225299269
132,2020-08-05,6.26,6.24,6.27,6.2,678793,25.8342,1.6823,0.06511910568161584
133,2020-08-06,6.24,6.22,6.24,6.18,742051,25.6285,1.6689,0.06511891058782215
134,2020-08-07,6.2,6.2,6.24,6.17,690193,25.7107,1.6742,0.06511685796186023
135,2020-08-10,6.18,6.25,6.28,6.17,923579,25.793,1.6796,0.06511844298840772
136,2020-08-11,6.24,6.21,6.28,6.2,828513,26.2455,1.7091,0.06511973481168201
137,2020-08-12,6.19,6.3,6.38,6.18,1663945,25.9576,1.6903,0.0651177304527383
138,2020-08-13,6.36,6.29,6.4,6.27,1191337,26.1632,1.7037,0.06511818126223091
139,2020-08-14,6.31,6.31,6.32,6.26,668820,26.3689,1.7171,0.0651183780893401
140,2020-08-17,6.32,6.4,6.42,6.29,1433632,26.1632,1.7037,0.06511818126223091
141,2020-08-18,6.38,6.36,6.39,6.33,767993,26.3278,1.7144,0.06511748038195367
142,2020-08-19,6.36,6.34,6.4,6.32,709114,26.7392,1.7412,0.06511787936811872
143,2020-08-20,6.33,6.3,6.37,6.29,550277,26.1221,1.6463,0.06302326382641518
144,2020-08-21,6.31,6.31,6.33,6.28,587131,24.8057,1.5634,0.06302583680363787
145,2020-08-24,6.33,6.29,6.33,6.28,506281,25.0937,1.5815,0.06302378684689783
146,2020-08-25,6.29,6.27,6.31,6.25,564625,25.1348,1.5841,0.06302417365564875
147,2020-08-26,6.26,6.23,6.29,6.22,601655,25.2994,1.5945,0.06302521008403361
148,2020-08-27,6.23,6.26,6.27,6.22,421547,25.3816,1.5997,0.0630259715699562
149,2020-08-28,6.23,6.27,6.27,6.22,666983,25.4228,1.6022,0.06302216907657694
150,2020-08-31,6.27,6.28,6.32,6.26,984746,25.7519,1.623,0.06302447586391684
151,2020-09-01,6.27,6.25,6.29,6.24,420747,25.8342,1.6282,0.06302498238768764
152,2020-09-02,6.26,6.25,6.27,6.23,504724,25.7107,1.6204,0.06302434395018416
153,2020-09-03,6.24,6.23,6.25,6.22,435686,29.8531,1.6071,0.053833605220228384
154,2020-09-04,6.2,6.24,6.24,6.2,526589,30.0447,1.6174,0.05383312198158078
155,2020-09-07,6.23,6.26,6.3,6.22,676574,29.7572,1.6019,0.053832349817859206
156,2020-09-08,6.26,6.26,6.27,6.23,486318,29.9489,1.6122,0.05383169331761768
157,2020-09-09,6.23,6.2,6.25,6.19,710921,30.476,1.6406,0.05383252395327471
158,2020-09-10,6.22,6.19,6.23,6.17,520764,30.6198,1.6483,0.053831181131163496
159,2020-09-11,6.18,6.19,6.19,6.15,418820,30.2364,1.6277,0.05383246682806154
160,2020-09-14,6.19,6.21,6.23,6.18,362191,29.6135,1.5942,0.05383355564185254
161,2020-09-15,6.21,6.21,6.23,6.18,314354,29.901,1.6096,0.0538309755526571
162,2020-09-16,6.21,6.24,6.27,6.19,541801,29.6614,1.5968,0.053834276197347396
163,2020-09-17,6.24,6.2,6.24,6.18,376915,29.7093,1.5993,0.05383162847997092
164,2020-09-18,6.2,6.24,6.25,6.19,538578,29.8051,1.6045,0.05383306883721242
165,2020-09-21,6.25,6.23,6.27,6.22,308756,30.4281,1.638,0.05383181992960454
166,2020-09-22,6.21,6.18,6.25,6.17,446585,30.6677,1.6509,0.053831881751810536
167,2020-09-23,6.19,6.17,6.2,6.17,283583,30.9073,1.6638,0.053831942615498604
168,2020-09-24,6.16,6.12,6.18,6.12,476192,29.901,1.6096,0.0538309755526571
169,2020-09-25,6.13,6.01,6.14,6.0,805347,29.1343,1.5684,0.053833454038710385
170,2020-09-28,6.02,5.89,6.03,5.86,811717,30.3322,1.6329,0.053833879507585995
171,2020-09-29,5.91,5.88,5.92,5.86,451960,29.8531,1.6071,0.053833605220228384
172,2020-09-30,5.89,5.9,5.93,5.88,357855,30.1885,1.6251,0.053831757126057936
173,2020-10-09,5.95,5.91,5.99,5.89,602649,30.6198,1.6483,0.053831181131163496
174,2020-10-12,5.92,5.96,5.99,5.89,731842,31.1469,1.6767,0.05383200254278917
175,2020-10-13,5.95,5.92,5.95,5.9,375546,32.0573,1.7257,0.053831732553895686
176,2020-10-14,5.91,5.88,5.92,5.87,374507,32.5365,1.7515,0.05383185038341556
177,2020-10-15,5.87,5.83,5.88,5.83,508056,33.2553,1.7902,0.05383202076060057
178,2020-10-16,5.82,5.78,5.83,5.78,506677,33.2073,1.7876,0.05383153704155413
179,2020-10-19,5.78,5.79,5.82,5.77,329310,32.9677,1.7747,0.05383147747643906
180,2020-10-20,5.79,5.71,5.79,5.68,584372,33.6865,1.8134,0.05383165362979234
181,2020-10-21,5.71,5.61,5.72,5.59,781263,34.3574,1.8495,0.053831197936980095
182,2020-10-22,5.59,5.58,5.6,5.55,417213,33.3511,1.7954,0.05383330684745031
183,2020-10-23,5.57,5.6,5.62,5.57,374317,33.6386,1.8109,0.053833988334829636
184,2020-10-26,5.7,5.82,5.84,5.66,1322957,33.8782,1.8238,0.05383402896257771
185,2020-10-27,5.77,5.77,5.8,5.73,499265,32.9198,1.7722,0.05383386290317681
186,2020-10-28,5.77,5.7,5.77,5.65,405876,33.974,1.8289,0.05383234237946666
187,2020-10-29,5.64,5.64,5.66,5.61,337499,34.2136,1.8418,0.05383239413566535
188,2020-10-30,5.64,5.63,5.69,5.6,347004,34.4532,1.8547,0.053832445172001434
189,2020-11-02,5.62,5.59,5.64,5.56,368733,34.9803,1.8831,0.05383315752008988
190,2020-11-03,5.59,5.67,5.7,5.57,361066,36.0824,1.9424,0.05383233931224087
191,2020-11-04,5.65,5.67,5.68,5.63,291151,36.4179,1.9605,0.05383341708335735
192,2020-11-05,5.69,5.71,5.71,5.66,353696,35.6991,1.9218,0.0538332899148718
193,2020-11-06,5.71,5.75,5.78,5.68,452850,36.945,1.9888,0.05383137095682771
194,2020-11-09,5.79,5.77,5.79,5.75,469798,34.9803,1.8831,0.05383315752008988
195,2020-11-10,5.94,5.83,5.98,5.82,973150,34.9803,1.8831,0.05383315752008988
196,2020-11-11,5.78,5.79,5.83,5.71,506286,35.747,1.9244,0.05383388815844686
197,2020-11-12,5.79,5.84,5.87,5.75,364717,36.5616,1.9682,0.05383243621723338
198,2020-11-13,5.81,5.78,5.83,5.75,342669,36.2741,1.9527,0.05383179734300783
199,2020-11-16,5.79,5.86,5.88,5.76,408692,37.2804,2.0069,0.05383257690368129
200,2020-11-17,5.85,5.92,5.96,5.84,619037,37.0408,1.994,0.05383253061488953
201,2020-11-18,5.9,5.92,5.94,5.86,443398,35.2678,1.8986,0.05383380874338632
202,2020-11-19,5.92,5.86,5.93,5.85,390511,34.9803,1.8831,0.05383315752008988
203,2020-11-20,5.84,5.83,5.86,5.82,283796,32.6323,1.7567,0.05383316529941193
204,2020-11-23,5.8,5.84,5.84,5.76,480890,30.4281,1.638,0.05383181992960454
205,2020-11-24,5.82,5.79,5.83,5.78,267123,33.7824,1.8186,0.05383276499005399
206,2020-11-25,5.82,5.78,5.88,5.77,391024,35.0761,1.8882,0.053831526309937545
207,2020-11-26,5.78,5.74,5.78,5.71,280094,36.8012,1.9811,0.05383248372335685
208,2020-11-27,5.75,5.78,5.78,5.72,256798,35.0761,1.8882,0.053831526309937545
209,2020-11-30,5.8,5.85,5.88,5.8,720556,31.8656,1.7154,0.05383234585258084
210,2020-12-01,5.82,5.91,5.91,5.81,567489,32.4406,1.7464,0.05383377619402847
