,日期,开盘,收盘,最高,最低,成交量,pe,pb,roe
0,2020-01-03,10.98,10.92,11.1,10.85,868373,6.4076,0.6342,0.09897621574380422
1,2020-01-06,10.86,10.78,10.92,10.76,913894,6.3674,0.6302,0.09897289317460815
2,2020-01-07,10.8,10.79,10.82,10.73,549201,6.3031,0.6238,0.09896717488220083
3,2020-01-08,10.74,10.64,10.76,10.6,529010,6.2066,0.6143,0.0989752843746979
4,2020-01-09,10.73,10.71,10.74,10.64,406869,6.2066,0.6143,0.0989752843746979
5,2020-01-10,10.73,10.64,10.73,10.6,315185,6.3513,0.6286,0.09897186402783682
6,2020-01-13,10.65,10.68,10.7,10.59,418480,6.3433,0.6278,0.09897056737029622
7,2020-01-14,10.69,10.66,10.74,10.64,450248,6.2227,0.6159,0.0989763286033394
8,2020-01-15,10.67,10.44,10.68,10.44,576349,6.2468,0.6183,0.09897867708266632
9,2020-01-16,10.42,10.35,10.47,10.34,410332,6.2629,0.6199,0.09897970588704913
10,2020-01-17,10.36,10.36,10.43,10.33,256809,6.1905,0.6127,0.09897423471448187
11,2020-01-20,10.37,10.51,10.51,10.32,263926,6.2468,0.6183,0.09897867708266632
12,2020-01-21,10.51,10.31,10.52,10.28,348188,6.1101,0.6048,0.09898365002209457
13,2020-01-22,10.28,10.26,10.31,10.15,269847,6.2307,0.6167,0.09897764296146501
14,2020-01-23,10.2,9.98,10.24,9.93,430020,6.3915,0.6326,0.09897520143941173
15,2020-02-03,9.14,9.14,9.24,9.14,378916,6.0538,0.5992,0.09897915358948098
16,2020-02-04,8.89,9.07,9.19,8.89,435864,6.1423,0.6079,0.09896944141445388
17,2020-02-05,9.1,9.14,9.28,9.07,396407,6.078,0.6016,0.09897992760776571
18,2020-02-06,9.18,9.22,9.27,9.09,394522,6.0572,0.5995,0.09897312289506703
19,2020-02-07,9.17,9.18,9.19,9.09,349370,5.9848,0.5924,0.09898409303569042
20,2020-02-10,9.13,9.39,9.44,9.12,436493,6.017,0.5955,0.09896958617251121
21,2020-02-11,9.44,9.4,9.6,9.39,510644,5.9366,0.5876,0.09897921369133847
22,2020-02-12,9.38,9.46,9.48,9.35,301648,5.9446,0.5884,0.0989805874238805
23,2020-02-13,9.48,9.48,9.62,9.43,420531,6.0492,0.6155,0.10174899160219535
24,2020-02-14,9.47,9.54,9.55,9.42,326336,6.0572,0.6163,0.10174668163507891
25,2020-02-17,9.54,9.67,9.68,9.53,404177,6.0813,0.6187,0.10173811520563038
26,2020-02-18,9.68,9.58,9.72,9.55,507522,6.1135,0.622,0.10174204629099534
27,2020-02-19,9.57,9.58,9.73,9.52,548848,6.1537,0.6261,0.10174366641207729
28,2020-02-20,9.54,9.65,9.66,9.47,673803,6.0572,0.6163,0.10174668163507891
29,2020-02-21,9.64,9.61,9.68,9.58,530202,6.0813,0.6187,0.10173811520563038
30,2020-02-24,9.63,9.54,9.64,9.49,504284,6.0492,0.6155,0.10174899160219535
31,2020-02-25,9.38,9.33,9.42,9.21,607781,6.0492,0.6155,0.10174899160219535
32,2020-02-26,9.23,10.1,10.11,9.21,2496097,6.0572,0.6163,0.10174668163507891
33,2020-02-27,10.08,9.96,10.12,9.82,1670601,6.0653,0.6171,0.1017427002786342
34,2020-02-28,9.78,10.31,10.56,9.69,2222989,6.0733,0.6179,0.10174040472230914
35,2020-03-02,10.54,11.18,11.18,10.53,1837826,6.1296,0.6236,0.10173583920647351
36,2020-03-03,11.81,11.63,11.83,11.11,3297439,6.1698,0.6277,0.10173749554280527
37,2020-03-04,11.43,11.88,11.95,11.38,2092325,6.0492,0.6155,0.10174899160219535
38,2020-03-05,11.84,11.59,11.84,11.54,1643191,5.9768,0.6081,0.10174340784366216
39,2020-03-06,11.41,11.07,11.48,11.03,1683516,6.017,0.6122,0.10174505567558582
40,2020-03-09,10.8,10.79,10.93,10.63,1202027,6.0331,0.6138,0.10173874127728696
41,2020-03-10,10.73,11.09,11.12,10.7,1244179,6.025,0.613,0.10174273858921161
42,2020-03-11,10.98,10.76,11.07,10.74,918139,6.025,0.613,0.10174273858921161
43,2020-03-12,10.61,10.74,10.89,10.47,826010,6.1216,0.6228,0.10173810768426556
44,2020-03-13,10.29,10.57,10.73,10.29,781512,6.1296,0.6236,0.10173583920647351
45,2020-03-16,10.59,10.38,10.86,10.38,905734,6.2181,0.6326,0.10173525675045433
46,2020-03-17,10.63,10.51,10.68,10.16,708422,6.2824,0.6392,0.10174455622055266
47,2020-03-18,10.56,10.34,10.83,10.29,860797,6.1537,0.6261,0.10174366641207729
48,2020-03-19,10.38,10.04,10.43,9.77,952048,6.1779,0.6285,0.10173359879570727
49,2020-03-20,10.11,10.16,10.22,9.96,709730,6.1377,0.6245,0.10174821187089628
50,2020-03-23,9.83,9.69,9.95,9.64,676143,6.1135,0.622,0.10174204629099534
51,2020-03-24,9.83,9.77,9.87,9.58,662502,6.1135,0.622,0.10174204629099534
52,2020-03-25,9.94,9.95,9.97,9.76,1030843,6.1055,0.6212,0.1017443288837933
53,2020-03-26,9.83,9.73,9.85,9.7,559307,6.2664,0.6376,0.10174901059619558
54,2020-03-27,9.84,9.97,10.21,9.73,1542829,6.3066,0.6416,0.10173469064155011
55,2020-03-30,9.85,10.01,10.12,9.81,1255898,6.2422,0.6351,0.1017429752330909
56,2020-03-31,10.06,9.84,10.06,9.78,947037,6.2824,0.6392,0.10174455622055266
57,2020-04-01,9.78,9.68,9.9,9.66,666206,6.3227,0.6433,0.10174450788428993
58,2020-04-02,9.6,9.77,9.77,9.58,645251,6.3388,0.6449,0.10173849940051745
59,2020-04-03,9.72,9.59,9.73,9.56,632093,6.3629,0.6474,0.10174605918684876
60,2020-04-07,9.74,9.83,9.86,9.64,904214,6.3951,0.6506,0.10173414020109145
61,2020-04-08,9.78,9.82,9.82,9.72,443958,6.4675,0.6141,0.0949516814843448
62,2020-04-09,9.85,9.78,9.97,9.78,608860,6.3951,0.6072,0.09494769432847022
63,2020-04-10,9.83,9.69,9.83,9.65,459495,6.4192,0.6095,0.0949495264207378
64,2020-04-13,9.63,9.68,9.77,9.61,351504,6.5399,0.6209,0.09494028960687471
65,2020-04-14,9.7,9.76,9.76,9.65,353354,6.5801,0.6248,0.09495296424066504
66,2020-04-15,9.75,9.66,9.77,9.66,386044,6.5881,0.6255,0.0949439140268059
67,2020-04-16,9.66,9.65,9.69,9.6,321387,6.5801,0.6248,0.09495296424066504
68,2020-04-17,9.68,9.93,10.08,9.67,1284086,6.6686,0.6332,0.0949524637855022
69,2020-04-20,9.97,9.91,10.12,9.84,899815,6.7088,0.637,0.0949499165275459
70,2020-04-21,9.84,9.87,9.9,9.7,674329,6.8294,0.6484,0.09494245468123115
71,2020-04-22,9.77,9.8,9.82,9.7,415993,6.6444,0.6309,0.09495214014809464
72,2020-04-23,9.81,9.7,9.82,9.7,392307,6.6364,0.6301,0.09494605509010909
73,2020-04-24,9.68,9.65,9.72,9.62,330358,6.6927,0.6355,0.09495420383402811
74,2020-04-27,9.66,9.66,9.73,9.64,236598,6.5962,0.6263,0.09494860677359691
75,2020-04-28,9.65,9.48,9.65,9.32,489749,6.8053,0.6461,0.09494070797760569
76,2020-04-29,9.43,9.47,9.51,9.38,233593,6.379,0.6057,0.0949521868631447
77,2020-04-30,9.5,9.64,9.68,9.49,371585,6.4112,0.6087,0.0949432243573746
78,2020-05-06,9.88,9.97,10.13,9.88,1319099,6.4514,0.6125,0.09494063304089036
79,2020-05-07,9.9,9.79,9.93,9.78,578245,6.564,0.6232,0.09494210847044485
80,2020-05-08,9.81,9.78,9.84,9.73,509484,6.4272,0.6103,0.09495581279561861
81,2020-05-11,9.8,9.84,9.96,9.75,669531,6.3548,0.6034,0.09495184742242085
82,2020-05-12,9.82,9.74,9.82,9.68,411066,6.3709,0.6049,0.09494733868056318
83,2020-05-13,9.69,9.72,9.77,9.66,223339,6.3951,0.6072,0.09494769432847022
84,2020-05-14,9.69,9.61,9.69,9.6,355229,6.3227,0.6003,0.09494361586031283
85,2020-05-15,9.63,9.6,9.64,9.59,280530,6.3146,0.5996,0.09495454977354068
86,2020-05-18,9.73,9.65,9.75,9.64,342713,6.387,0.6064,0.0949428526694849
87,2020-05-19,9.72,9.7,9.76,9.66,305566,6.5962,0.6263,0.09494860677359691
88,2020-05-20,9.67,9.61,9.69,9.6,295310,6.6123,0.6278,0.09494427052614067
89,2020-05-21,9.65,9.52,9.66,9.5,362573,6.6525,0.6316,0.09494175122134536
90,2020-05-22,9.52,9.35,9.55,9.33,450941,6.7168,0.6377,0.09494104335397809
91,2020-05-25,9.35,9.26,9.35,9.24,281466,6.4675,0.6141,0.0949516814843448
92,2020-05-26,9.28,9.33,9.34,9.27,216546,6.4514,0.6125,0.09494063304089036
93,2020-05-27,9.33,9.26,9.33,9.23,263445,6.5962,0.6263,0.09494860677359691
94,2020-05-28,9.28,9.28,9.33,9.21,212661,6.8294,0.6484,0.09494245468123115
95,2020-05-29,9.29,9.25,9.29,9.19,310371,6.9421,0.6591,0.0949424525719883
96,2020-06-01,9.25,9.36,9.37,9.23,460696,6.7892,0.6446,0.0949449125081011
97,2020-06-02,9.36,9.42,9.44,9.33,395252,7.0547,0.6698,0.09494379633435865
98,2020-06-03,9.44,9.35,9.45,9.34,339083,6.9903,0.6637,0.09494585353990528
99,2020-06-04,9.35,9.26,9.38,9.25,274364,6.8938,0.6545,0.09494038121210363
100,2020-06-05,9.27,9.31,9.32,9.21,193513,7.0386,0.6683,0.09494785894922286
101,2020-06-08,9.33,9.31,9.36,9.29,218381,6.4192,0.6095,0.0949495264207378
102,2020-06-09,9.32,9.35,9.36,9.29,216477,6.2905,0.5973,0.09495270646212543
103,2020-06-10,9.34,9.28,9.35,9.25,235159,6.0813,0.5774,0.09494680413727329
104,2020-06-11,9.29,9.23,9.3,9.23,257349,5.9044,0.5606,0.09494614186030757
105,2020-06-12,9.14,9.23,9.31,9.09,503292,5.8963,0.5598,0.09494089513762867
106,2020-06-15,9.21,9.24,9.31,9.2,288534,6.0009,0.5698,0.09495242380309621
107,2020-06-16,9.28,9.36,9.42,9.23,388425,6.0331,0.5728,0.09494289834413484
108,2020-06-17,9.35,9.35,9.41,9.31,214131,6.2664,0.6313,0.10074364866590067
109,2020-06-18,9.36,9.41,9.51,9.31,378197,6.2985,0.6346,0.10075414781297136
110,2020-06-19,9.41,9.41,9.43,9.36,278418,6.2985,0.6346,0.10075414781297136
111,2020-06-22,9.41,9.37,9.43,9.36,272923,6.2503,0.6297,0.10074716413612148
112,2020-06-23,9.38,9.31,9.38,9.3,216619,6.2583,0.6305,0.1007462090344023
113,2020-06-24,9.34,9.27,9.35,9.26,182389,6.1618,0.6208,0.10074978090817618
114,2020-06-29,9.21,9.14,9.24,9.12,283615,6.1537,0.62,0.10075239286933065
115,2020-06-30,9.17,9.15,9.2,9.14,255902,6.1537,0.62,0.10075239286933065
116,2020-07-01,9.17,9.37,9.38,9.13,606458,6.194,0.624,0.10074265418146594
117,2020-07-02,9.34,9.63,9.65,9.32,1030592,6.2503,0.6297,0.10074716413612148
118,2020-07-03,9.67,9.79,9.96,9.65,1215381,6.2181,0.6265,0.10075424969041989
119,2020-07-06,9.99,10.56,10.59,9.91,2094605,6.2181,0.6265,0.10075424969041989
120,2020-07-07,10.71,10.38,11.0,10.36,1915648,6.1779,0.6224,0.1007462082584697
121,2020-07-08,10.29,10.5,10.57,10.23,1643703,6.2503,0.6297,0.10074716413612148
122,2020-07-09,10.51,10.58,10.64,10.36,1388166,6.3066,0.6354,0.10075159356864236
123,2020-07-10,10.51,10.25,10.68,10.24,1251610,6.2583,0.6305,0.1007462090344023
124,2020-07-13,10.21,10.44,10.56,10.16,1197185,6.1698,0.6216,0.10074880871341048
125,2020-07-14,10.44,10.3,10.51,10.2,884825,6.194,0.624,0.10074265418146594
126,2020-07-15,10.34,10.01,10.38,9.99,896482,6.1779,0.6224,0.1007462082584697
127,2020-07-16,10.01,9.83,10.2,9.82,879447,6.2342,0.6281,0.10075069776394725
128,2020-07-17,9.89,9.85,9.92,9.8,529636,6.1779,0.6224,0.1007462082584697
129,2020-07-20,9.92,10.16,10.19,9.88,760215,6.2503,0.6297,0.10074716413612148
130,2020-07-21,10.15,10.08,10.21,10.05,512966,6.387,0.6435,0.10075152653828089
131,2020-07-22,10.08,10.03,10.18,10.01,562295,6.4594,0.6508,0.10075239186302135
132,2020-07-23,9.97,10.01,10.03,9.8,616471,6.5318,0.6581,0.10075323800483788
133,2020-07-24,9.96,9.75,10.04,9.71,537427,6.4916,0.654,0.10074557890196562
134,2020-07-27,9.78,9.66,9.8,9.62,314514,6.4514,0.65,0.10075332485972038
135,2020-07-28,9.71,9.67,9.74,9.63,242654,6.4594,0.6508,0.10075239186302135
136,2020-07-29,9.64,9.76,9.77,9.58,356474,6.5479,0.6597,0.10074985873333434
137,2020-07-30,9.77,9.73,9.88,9.71,293141,6.564,0.6613,0.10074649603900061
138,2020-07-31,9.71,9.71,9.82,9.66,343480,6.6444,0.6694,0.10074649328758052
139,2020-08-03,9.75,9.8,9.82,9.7,526674,6.5962,0.6645,0.10073981989630394
140,2020-08-04,9.83,9.97,10.06,9.75,880352,6.6042,0.6654,0.1007540655946216
141,2020-08-05,9.91,9.83,9.92,9.78,492725,6.749,0.6799,0.10074085049636983
142,2020-08-06,9.83,9.78,9.87,9.71,407604,6.4836,0.6532,0.10074649885865877
143,2020-08-07,9.76,9.74,9.82,9.68,354039,6.3468,0.6394,0.1007436818554232
144,2020-08-10,9.79,10.27,10.38,9.76,1757947,6.3548,0.6398,0.1006798010952351
145,2020-08-11,10.27,10.01,10.27,9.99,995938,6.4996,0.6543,0.1006677333989784
146,2020-08-12,10.01,10.13,10.26,9.98,943250,6.4916,0.6535,0.10066855628812618
147,2020-08-13,10.17,10.06,10.2,10.02,440587,6.5318,0.6576,0.10067668942711044
148,2020-08-14,10.06,10.07,10.1,9.91,561975,6.6123,0.6657,0.1006760128850778
149,2020-08-17,10.09,10.3,10.34,10.01,1154049,6.6686,0.6713,0.10066580691599437
150,2020-08-18,10.27,10.15,10.28,10.1,877765,6.7007,0.6746,0.10067604877102392
151,2020-08-19,10.11,10.1,10.24,10.01,676989,6.7168,0.6762,0.10067293949499762
152,2020-08-20,10.06,9.99,10.14,9.97,397854,6.4916,0.6535,0.10066855628812618
153,2020-08-21,10.02,10.0,10.06,9.95,276207,6.4996,0.6543,0.1006677333989784
154,2020-08-24,10.01,9.99,10.07,9.97,269216,6.5801,0.6624,0.1006671631130226
155,2020-08-25,10.01,9.94,10.04,9.92,266902,6.5157,0.656,0.10067989625059473
156,2020-08-26,9.92,9.79,9.92,9.76,384182,6.5238,0.6568,0.10067751923725438
157,2020-08-27,9.73,9.76,9.8,9.71,231445,6.5962,0.6641,0.10067917892119706
158,2020-08-28,9.78,9.85,9.85,9.75,274449,6.6283,0.6673,0.10067438106301767
159,2020-08-31,9.86,9.76,9.93,9.76,443978,6.6364,0.6681,0.1006720511120487
160,2020-09-01,9.75,9.72,9.77,9.69,263794,6.4433,0.6487,0.10067822389148419
161,2020-09-02,9.71,9.69,9.73,9.62,288788,6.5881,0.6633,0.10068153185288627
162,2020-09-03,9.7,9.67,9.74,9.63,203660,6.5157,0.656,0.10067989625059473
163,2020-09-04,9.6,9.62,9.63,9.57,197777,6.7886,0.7073,0.10418937630733878
164,2020-09-07,9.61,9.57,9.68,9.55,246304,6.9284,0.7219,0.10419433058137521
165,2020-09-08,9.57,9.65,9.66,9.57,208249,6.8955,0.7185,0.10419839025451381
166,2020-09-09,9.59,9.6,9.68,9.58,238149,6.6982,0.6979,0.10419217103102325
167,2020-09-10,9.64,9.4,9.68,9.36,296313,6.879,0.7168,0.10420119203372584
168,2020-09-11,9.41,9.41,9.44,9.35,180879,6.7311,0.7013,0.10418802276002438
169,2020-09-14,9.46,9.41,9.48,9.38,148314,6.6654,0.6945,0.10419479701143217
170,2020-09-15,9.42,9.44,9.44,9.37,126450,7.0516,0.7347,0.104189120199671
171,2020-09-16,9.43,9.49,9.54,9.39,206408,6.953,0.7245,0.10419962606069323
172,2020-09-17,9.47,9.46,9.5,9.43,123031,7.1996,0.7501,0.10418634368576031
173,2020-09-18,9.48,9.62,9.65,9.45,295623,7.3393,0.7647,0.10419249792214517
174,2020-09-21,9.63,9.54,9.64,9.53,182201,7.2325,0.7536,0.10419633598340823
175,2020-09-22,9.48,9.43,9.53,9.42,180753,7.3886,0.7698,0.1041875321441139
176,2020-09-23,9.46,9.42,9.48,9.4,97178,7.5283,0.7844,0.1041935098229348
177,2020-09-24,9.39,9.3,9.41,9.3,182392,7.5448,0.7861,0.10419096596331248
178,2020-09-25,9.34,9.3,9.35,9.27,103898,7.816,0.8144,0.10419651995905835
179,2020-09-28,9.34,9.31,9.34,9.28,100964,7.5694,0.7887,0.10419584114989298
180,2020-09-29,9.32,9.29,9.35,9.27,102351,7.7995,0.8127,0.10419898711455862
181,2020-09-30,9.33,9.24,9.33,9.23,116521,8.2269,0.8572,0.10419477567492007
182,2020-10-09,9.31,9.33,9.35,9.3,149273,8.4653,0.882,0.10419004642481662
183,2020-10-12,9.33,9.48,9.5,9.33,251352,8.2598,0.8606,0.10419138477929248
184,2020-10-13,9.46,9.43,9.48,9.39,134479,7.8899,0.8221,0.10419650439169065
185,2020-10-14,9.43,9.36,9.45,9.34,147081,7.1749,0.7476,0.1041965741682811
186,2020-10-15,9.36,9.35,9.39,9.32,113358,6.8873,0.7176,0.10419177326383344
187,2020-10-16,9.34,9.34,9.39,9.33,101329,7.0023,0.7296,0.10419433614669465
188,2020-10-19,9.38,9.33,9.46,9.33,162432,6.3695,0.6637,0.1041997017034304
189,2020-10-20,9.31,9.33,9.34,9.26,131958,6.5421,0.6816,0.10418672903196222
190,2020-10-21,9.34,9.37,9.37,9.27,131523,6.5996,0.6876,0.10418813261409783
191,2020-10-22,9.4,9.34,9.4,9.31,125945,6.6325,0.6911,0.1041990199773841
192,2020-10-23,9.34,9.46,9.58,9.32,378930,6.575,0.6851,0.10419771863117872
193,2020-10-26,9.56,9.41,9.6,9.37,263822,6.575,0.6851,0.10419771863117872
194,2020-10-27,9.37,9.37,9.48,9.29,185978,6.6489,0.6928,0.10419768683541637
195,2020-10-28,9.32,9.34,9.35,9.29,117083,6.5421,0.6816,0.10418672903196222
196,2020-10-29,9.28,9.33,9.33,9.26,117284,6.4928,0.6765,0.10419233612617053
197,2020-10-30,9.34,9.2,9.36,9.19,195820,6.4763,0.6748,0.1041952966971882
198,2020-11-02,9.24,9.19,9.24,9.16,110149,6.427,0.6697,0.104201026917691
199,2020-11-03,9.21,9.29,9.3,9.2,127458,6.4188,0.6688,0.10419393032965663
200,2020-11-04,9.29,9.25,9.3,9.21,119691,6.2462,0.6508,0.1041913483397906
201,2020-11-05,9.27,9.34,9.34,9.26,186562,6.2791,0.6542,0.10418690576675002
202,2020-11-06,9.34,9.37,9.42,9.26,254510,6.2133,0.6474,0.10419583796050406
203,2020-11-09,9.41,9.45,9.47,9.38,310069,6.1558,0.6414,0.10419441827219857
204,2020-11-10,9.45,9.34,9.51,9.32,325786,6.2133,0.6474,0.10419583796050406
205,2020-11-11,9.34,9.76,9.85,9.31,1224752,6.9037,0.7193,0.10419050653997133
206,2020-11-12,9.65,9.56,9.65,9.49,610678,7.1338,0.7433,0.10419411814180381
207,2020-11-13,9.49,9.41,9.5,9.36,353912,7.1749,0.7476,0.1041965741682811
208,2020-11-16,9.42,9.58,9.6,9.38,500618,7.3393,0.7647,0.10419249792214517
209,2020-11-17,9.56,9.51,9.58,9.46,328325,7.216,0.7519,0.1041990022172949
210,2020-11-18,9.5,9.6,9.72,9.43,554839,7.2078,0.751,0.1041926801520575
211,2020-11-19,9.56,9.58,9.73,9.53,311127,7.2818,0.7587,0.10419127138894231
212,2020-11-20,9.53,9.55,9.58,9.47,244122,7.4626,0.7775,0.1041862085600193
213,2020-11-23,9.55,9.7,9.76,9.54,585107,7.479,0.7793,0.10419842224896377
214,2020-11-24,9.7,9.71,9.74,9.63,347984,7.4461,0.7758,0.10418876996011335
215,2020-11-25,9.81,9.53,9.84,9.53,490216,7.5037,0.7818,0.10418860029052335
216,2020-11-26,9.51,9.53,9.57,9.49,229834,7.4461,0.7758,0.10418876996011335
217,2020-11-27,9.54,9.65,9.65,9.46,327691,7.5694,0.7887,0.10419584114989298
218,2020-11-30,9.67,9.73,9.9,9.67,888577,7.5612,0.7878,0.1041898111410887
219,2020-12-01,9.67,9.78,9.79,9.62,517638,7.6763,0.7998,0.1041908210987064
