,日期,开盘,收盘,最高,最低,成交量,pe,pb,roe
0,2020-01-03,9.0,9.08,9.1,8.95,828377,199.2825,1.1739,0.005890632644612547
1,2020-01-06,9.14,9.03,9.21,8.98,952634,197.4626,1.1632,0.005890735764646065
2,2020-01-07,9.0,9.03,9.08,8.98,641338,198.8275,1.1712,0.005890533251185073
3,2020-01-08,9.08,9.38,9.45,9.03,2060491,198.3725,1.1685,0.005890433401807207
4,2020-01-09,9.16,9.18,9.21,9.11,1148358,193.3677,1.139,0.005890332253008129
5,2020-01-10,9.21,9.1,9.22,9.06,533687,197.9175,1.1658,0.005890333093334344
6,2020-01-13,9.11,9.05,9.14,8.98,485468,197.9175,1.1658,0.005890333093334344
7,2020-01-14,9.05,9.05,9.06,9.02,439136,195.1876,1.1498,0.005890743059497631
8,2020-01-15,9.0,8.95,9.05,8.95,428637,196.5526,1.1578,0.0058905351544573815
9,2020-01-16,8.95,8.97,9.05,8.95,400707,194.7327,1.1471,0.005890638808993045
10,2020-01-17,8.97,8.89,9.0,8.87,401382,193.8227,1.1417,0.005890434918097829
11,2020-01-20,8.87,8.89,8.92,8.82,387453,194.7327,1.1471,0.005890638808993045
12,2020-01-21,8.87,8.76,8.87,8.76,524107,192.0028,1.131,0.005890539096304845
13,2020-01-22,8.74,8.78,8.82,8.66,528689,193.3677,1.139,0.005890332253008129
14,2020-01-23,8.76,8.55,8.86,8.5,778066,195.6426,1.1524,0.005890332678056825
15,2020-02-03,7.75,7.75,7.75,7.75,381587,194.2777,1.1444,0.005890537102302529
16,2020-02-04,7.03,7.4,7.58,7.03,1504415,197.0076,1.1605,0.005890635691211913
17,2020-02-05,7.43,7.46,7.62,7.38,934514,194.7327,1.1471,0.005890638808993045
18,2020-02-06,7.48,7.54,7.56,7.37,921231,194.7327,1.1471,0.005890638808993045
19,2020-02-07,7.53,7.53,7.54,7.4,797080,192.4577,1.1337,0.0058906450612264405
20,2020-02-10,7.48,7.62,7.66,7.45,715313,188.8179,1.1122,0.005890331372184523
21,2020-02-11,7.62,7.64,7.72,7.56,666734,184.2681,1.0854,0.0058903304478637375
22,2020-02-12,7.59,7.67,7.67,7.56,576404,189.2729,1.1132,0.005881454767164238
23,2020-02-13,7.64,7.53,7.7,7.53,694387,191.5478,1.1266,0.005881560633951421
24,2020-02-14,7.53,7.51,7.58,7.46,567403,193.8227,1.1399,0.005881148080178431
25,2020-02-17,7.56,7.85,7.86,7.54,1488060,194.7327,1.1453,0.005881395369139338
26,2020-02-18,7.85,8.09,8.39,7.85,1747766,193.3677,1.1373,0.005881540712331997
27,2020-02-19,8.02,7.91,8.09,7.86,987592,194.7327,1.1453,0.005881395369139338
28,2020-02-20,7.94,7.96,7.99,7.82,829244,194.2777,1.1426,0.005881272014235293
29,2020-02-21,7.98,8.02,8.12,7.94,820003,195.1876,1.148,0.005881521162204976
30,2020-02-24,8.02,7.91,8.04,7.88,851321,197.0076,1.1587,0.005881498987856306
31,2020-02-25,7.72,7.75,7.78,7.54,1304465,197.0076,1.1587,0.005881498987856306
32,2020-02-26,7.72,8.02,8.34,7.69,2585689,197.9175,1.164,0.005881238394785706
33,2020-02-27,7.99,7.83,8.02,7.78,1235730,197.9175,1.164,0.005881238394785706
34,2020-02-28,7.69,7.54,7.75,7.54,1115783,200.1925,1.1774,0.005881339211009404
35,2020-03-02,7.56,7.82,7.93,7.56,1203450,202.9223,1.1935,0.005881561563219025
36,2020-03-03,7.88,7.83,8.04,7.77,1246414,204.2873,1.2015,0.005881422878465769
37,2020-03-04,7.85,7.9,7.93,7.78,896165,200.1925,1.1774,0.005881339211009404
38,2020-03-05,7.96,8.02,8.09,7.88,1524248,197.4626,1.1613,0.005881113689377128
39,2020-03-06,7.93,7.9,7.98,7.86,1043204,197.9175,1.164,0.005881238394785706
40,2020-03-09,7.78,7.61,7.82,7.61,1161180,195.6426,1.1506,0.005881132227848128
41,2020-03-10,7.5,7.69,7.75,7.45,1005838,197.0076,1.1587,0.005881498987856306
42,2020-03-11,7.7,7.67,7.85,7.67,934559,197.0076,1.1587,0.005881498987856306
43,2020-03-12,7.61,7.54,7.62,7.5,806639,202.0124,1.1881,0.005881322136660917
44,2020-03-13,7.26,7.4,7.5,7.13,1079735,202.9223,1.1935,0.005881561563219025
45,2020-03-16,7.46,7.19,7.5,7.18,872583,207.0172,1.2175,0.0058811538364928135
46,2020-03-17,7.21,7.26,7.32,7.03,978678,204.7423,1.2042,0.005881539867433353
47,2020-03-18,7.26,7.08,7.34,7.06,766214,201.1024,1.1828,0.005881580727032597
48,2020-03-19,7.08,7.08,7.13,6.97,891697,203.3773,1.1961,0.005881187330149432
49,2020-03-20,7.13,7.21,7.22,7.1,624667,204.2873,1.2015,0.005881422878465769
50,2020-03-23,7.1,7.05,7.13,7.02,522028,203.8323,1.1988,0.005881305367206277
51,2020-03-24,7.11,7.16,7.18,7.06,497002,204.2873,1.2015,0.005881422878465769
52,2020-03-25,7.27,7.22,7.3,7.18,615628,205.6522,1.2095,0.005881288894551092
53,2020-03-26,7.19,7.11,7.21,7.1,397511,213.387,1.255,0.00588133297717293
54,2020-03-27,7.18,7.18,7.26,7.13,567454,212.022,1.247,0.005881465130976975
55,2020-03-30,7.13,7.29,7.38,7.05,1035416,210.6571,1.2389,0.005881121500295978
56,2020-03-31,7.27,7.22,7.37,7.22,642708,214.7519,1.263,0.00588120524195595
57,2020-04-01,7.21,7.14,7.26,7.13,427719,217.4818,1.2791,0.0058814116859433755
58,2020-04-02,7.1,7.21,7.21,7.08,415569,219.3017,1.2898,0.005881395356260348
59,2020-04-03,7.19,7.13,7.21,7.11,385975,223.3966,1.3139,0.005881468204977158
60,2020-04-07,7.21,7.27,7.3,7.18,679632,220.6667,1.2978,0.005881267993766165
61,2020-04-08,7.21,7.38,7.43,7.21,1138322,222.0316,1.3058,0.0058811448460489415
62,2020-04-09,7.37,7.32,7.42,7.3,567761,219.3017,1.2852,0.005860419686669095
63,2020-04-10,7.32,7.27,7.35,7.26,543383,217.4818,1.2745,0.005860260490762905
64,2020-04-13,7.24,7.29,7.35,7.22,457446,222.0316,1.3012,0.005860427074344372
65,2020-04-14,7.29,7.32,7.32,7.26,431608,228.8564,1.3412,0.005860443492076254
66,2020-04-15,7.32,7.3,7.37,7.27,500984,230.2213,1.3492,0.005860448186158274
67,2020-04-16,7.27,7.29,7.37,7.26,386539,229.7663,1.3465,0.005860302402919837
68,2020-04-17,7.3,7.27,7.32,7.26,474168,236.1361,1.3838,0.00586017978614875
69,2020-04-20,7.27,7.26,7.29,7.22,449824,232.4962,1.3625,0.005860310835187845
70,2020-04-21,7.22,7.24,7.3,7.18,561259,234.7711,1.3758,0.005860176146041825
71,2020-04-22,7.21,7.27,7.34,7.14,771140,230.2213,1.3492,0.005860448186158274
72,2020-04-23,7.29,7.35,7.45,7.26,1151531,226.5815,1.3278,0.0058601430390389335
73,2020-04-24,7.32,7.3,7.42,7.19,955603,226.5815,1.3278,0.0058601430390389335
74,2020-04-27,7.27,7.32,7.4,7.24,834761,236.1361,1.3838,0.00586017978614875
75,2020-04-28,7.3,7.13,7.3,7.08,766006,230.2213,1.3492,0.005860448186158274
76,2020-04-29,7.06,7.1,7.21,7.03,452519,231.1313,1.3545,0.005860305376208241
77,2020-04-30,7.14,7.16,7.21,7.13,513024,226.1265,1.3252,0.005860436525573075
78,2020-05-06,7.13,7.19,7.22,7.1,513064,224.3065,1.3145,0.005860284922639335
79,2020-05-07,7.21,7.21,7.27,7.16,582016,222.9416,1.3065,0.005860279104482968
80,2020-05-08,7.22,7.21,7.26,7.19,490343,228.4014,1.3385,0.0058602968283031544
81,2020-05-11,7.21,7.26,7.32,7.21,705582,217.9368,1.2772,0.005860414578905443
82,2020-05-12,7.27,7.24,7.3,7.22,592203,220.6667,1.2932,0.005860422075464943
83,2020-05-13,7.22,7.14,7.22,7.13,645922,225.2165,1.3198,0.005860139021785705
84,2020-05-14,7.13,7.14,7.21,7.1,502422,225.2165,1.3198,0.005860139021785705
85,2020-05-15,7.16,7.11,7.18,7.11,424473,222.9416,1.3065,0.005860279104482968
86,2020-05-18,7.13,7.27,7.35,7.11,1209165,230.2213,1.3492,0.005860448186158274
87,2020-05-19,7.29,7.22,7.29,7.18,626826,235.6811,1.3812,0.005860461445572004
88,2020-05-20,7.21,7.16,7.24,7.13,468561,223.3966,1.3092,0.005860429388808961
89,2020-05-21,7.16,7.1,7.18,7.1,407952,222.0316,1.3012,0.005860427074344372
90,2020-05-22,7.1,7.03,7.14,7.02,443081,230.6763,1.3518,0.005860159886386248
91,2020-05-25,7.03,7.03,7.06,7.02,274727,209.7471,1.2292,0.005860390918396488
92,2020-05-26,7.03,7.05,7.06,7.02,364979,207.0172,1.2132,0.005860382615550786
93,2020-05-27,7.05,7.0,7.06,6.98,280407,217.0268,1.2718,0.005860105756524079
94,2020-05-28,7.0,7.0,7.05,6.97,330217,226.5815,1.3278,0.0058601430390389335
95,2020-05-29,6.98,6.98,7.0,6.97,367324,220.6667,1.2932,0.005860422075464943
96,2020-06-01,6.98,7.06,7.08,6.98,515458,218.8467,1.2825,0.0058602665701607565
97,2020-06-02,7.05,7.1,7.14,7.03,522625,229.7663,1.3465,0.005860302402919837
98,2020-06-03,7.11,7.06,7.14,7.05,422780,220.2117,1.2905,0.005860269912997356
99,2020-06-04,7.08,7.05,7.1,7.03,308208,200.1925,1.1732,0.005860359404073579
100,2020-06-05,7.05,7.05,7.06,7.02,294590,202.4674,1.1865,0.005860202679542485
101,2020-06-08,7.05,7.03,7.06,7.02,355151,191.5478,1.1225,0.005860156055042136
102,2020-06-09,7.03,7.03,7.05,7.0,298278,186.543,1.0932,0.00586031102748428
103,2020-06-10,7.02,6.98,7.03,6.98,442902,182.9031,1.0719,0.005860480221494333
104,2020-06-11,6.97,6.97,7.02,6.97,466147,181.9931,1.0665,0.005860112278982006
105,2020-06-12,6.92,7.02,7.02,6.89,793548,182.4481,1.0692,0.005860296709036706
106,2020-06-15,6.98,6.94,6.98,6.92,575616,182.4481,1.0692,0.005860296709036706
107,2020-06-16,6.94,6.95,6.97,6.94,496544,183.3581,1.0745,0.005860117442316429
108,2020-06-17,6.98,7.0,7.06,6.97,714054,184.723,1.0825,0.005860125701726369
109,2020-06-18,6.98,6.98,7.0,6.92,504301,184.2681,1.0799,0.005860482633727705
110,2020-06-19,6.95,6.97,7.0,6.95,564645,184.723,1.0825,0.005860125701726369
111,2020-06-22,6.98,6.98,7.0,6.95,523191,185.178,1.0852,0.005860307379926341
112,2020-06-23,6.98,6.94,6.98,6.94,391776,183.8131,1.0772,0.005860300490008601
113,2020-06-24,6.94,6.9,6.95,6.89,450553,183.3581,1.0745,0.005860117442316429
114,2020-06-29,6.89,6.9,6.94,6.89,448520,185.633,1.0879,0.00586048816751332
115,2020-06-30,6.92,6.89,6.92,6.89,407343,184.2681,1.0799,0.005860482633727705
116,2020-07-01,6.9,6.92,6.94,6.86,554576,184.723,1.0825,0.005860125701726369
117,2020-07-02,6.92,7.05,7.06,6.89,1215275,186.088,1.0905,0.005860130690855939
118,2020-07-03,7.08,7.22,7.22,7.06,1670672,186.088,1.0905,0.005860130690855939
119,2020-07-06,7.37,7.61,7.64,7.32,2712394,186.543,1.0932,0.00586031102748428
120,2020-07-07,7.74,7.53,7.9,7.48,2455582,186.543,1.0932,0.00586031102748428
121,2020-07-08,7.48,8.23,8.23,7.46,4142287,186.9979,1.0959,0.005860493620516595
122,2020-07-09,8.52,8.57,8.81,8.49,5091840,187.9079,1.1012,0.005860317740765555
123,2020-07-10,8.47,8.18,8.47,8.09,2840948,186.9979,1.0959,0.005860493620516595
124,2020-07-13,8.1,8.25,8.33,8.07,2143694,184.723,1.0825,0.005860125701726369
125,2020-07-14,8.23,8.46,8.71,8.14,3075680,185.178,1.0852,0.005860307379926341
126,2020-07-15,8.39,8.12,8.44,8.09,2069813,185.178,1.0852,0.005860307379926341
127,2020-07-16,8.07,7.77,8.23,7.7,1867402,186.543,1.0932,0.00586031102748428
128,2020-07-17,7.8,7.86,8.07,7.74,1482771,186.088,1.0905,0.005860130690855939
129,2020-07-20,8.01,8.6,8.6,7.96,3359503,186.088,1.0905,0.005860130690855939
130,2020-07-21,8.66,8.3,8.7,8.18,2877159,187.9079,1.1012,0.005860317740765555
131,2020-07-22,8.18,8.34,8.54,8.15,2002698,189.7278,1.1119,0.005860501202248696
132,2020-07-23,8.47,8.78,8.94,8.34,5164991,191.5478,1.1225,0.005860156055042136
133,2020-07-24,8.73,8.58,9.19,8.5,5448795,192.9127,1.1305,0.005860163690622753
134,2020-07-27,8.5,8.33,8.54,8.17,2522288,188.3629,1.1039,0.005860495883212672
135,2020-07-28,8.25,8.41,8.57,8.23,1949861,189.2729,1.1092,0.005860321260994047
136,2020-07-29,8.33,8.41,8.41,8.23,1650462,189.2729,1.1092,0.005860321260994047
137,2020-07-30,8.38,8.25,8.5,8.25,1613153,192.0028,1.1252,0.005860331203503282
138,2020-07-31,8.2,8.15,8.3,8.07,1648896,192.4577,1.1279,0.005860508568895919
139,2020-08-03,8.2,8.52,8.6,8.2,2725266,191.0928,1.1199,0.005860503378463238
140,2020-08-04,8.46,8.33,8.46,8.26,1873883,191.0928,1.1199,0.005860503378463238
141,2020-08-05,8.26,8.38,8.49,8.26,1650379,190.6378,1.1172,0.005860327804873954
142,2020-08-06,8.34,8.44,8.55,8.33,2435346,189.7278,1.1119,0.005860501202248696
143,2020-08-07,8.38,8.62,8.76,8.26,3904087,187.9079,1.1012,0.005860317740765555
144,2020-08-10,8.52,8.58,8.9,8.49,2900780,140.6585,1.129,0.008026532346072224
145,2020-08-11,8.5,8.79,9.05,8.44,5143634,144.7257,1.1617,0.008026908835127418
146,2020-08-12,8.62,8.46,8.71,8.33,3023732,144.3868,1.159,0.008027049564087577
147,2020-08-13,8.47,8.46,8.57,8.38,1417356,145.4036,1.1671,0.008026623824994705
148,2020-08-14,8.46,8.58,8.68,8.41,1616446,143.7089,1.1535,0.008026642747943933
149,2020-08-17,8.57,8.74,8.78,8.49,2493535,143.031,1.1481,0.00802693122469954
150,2020-08-18,8.74,8.66,8.86,8.62,1752607,143.37,1.1508,0.008026783845992886
151,2020-08-19,8.7,8.79,9.05,8.58,3256268,143.7089,1.1535,0.008026642747943933
152,2020-08-20,8.66,8.57,8.74,8.5,2219753,144.0478,1.1563,0.008027196527819238
153,2020-08-21,8.55,8.58,8.66,8.5,997275,144.3868,1.159,0.008027049564087577
154,2020-08-24,8.57,8.54,8.65,8.5,796166,144.7257,1.1617,0.008026908835127418
155,2020-08-25,8.5,8.3,8.57,8.25,1638578,144.0478,1.1563,0.008027196527819238
156,2020-08-26,8.26,8.14,8.39,8.14,1126951,143.7089,1.1535,0.008026642747943933
157,2020-08-27,8.1,8.2,8.23,8.02,850794,144.7257,1.1617,0.008026908835127418
158,2020-08-28,8.15,8.3,8.38,8.12,902964,146.0815,1.1726,0.008027026009453627
159,2020-08-31,8.3,8.25,8.38,8.25,916997,143.7089,1.1535,0.008026642747943933
160,2020-09-01,8.33,8.34,8.44,8.3,971408,140.6585,1.129,0.008026532346072224
161,2020-09-02,8.31,8.2,8.31,8.15,932388,142.3532,1.1426,0.008026514331957415
162,2020-09-03,8.18,8.14,8.2,8.09,790278,140.9974,1.1318,0.008027098372026718
163,2020-09-04,8.07,8.04,8.09,8.01,728782,142.6921,1.1454,0.008027073678220448
164,2020-09-07,8.04,7.9,8.12,7.88,773376,144.0478,1.1563,0.008027196527819238
165,2020-09-08,7.96,7.94,7.98,7.86,587906,141.6753,1.1372,0.008026804954709818
166,2020-09-09,7.86,7.99,8.09,7.85,1038143,140.3195,1.1263,0.00802668196508682
167,2020-09-10,8.01,7.72,8.04,7.69,929164,142.6921,1.1454,0.008027073678220448
168,2020-09-11,7.72,7.67,7.74,7.61,570250,141.3364,1.1345,0.008026948471872781
169,2020-09-14,7.64,7.66,7.7,7.62,396986,138.9638,1.1154,0.00802655079956075
170,2020-09-15,7.66,7.67,7.74,7.62,419962,142.3532,1.1426,0.008026514331957415
171,2020-09-16,7.69,7.64,7.7,7.61,391643,139.6417,1.1209,0.008026971885905142
172,2020-09-17,7.64,7.56,7.66,7.46,607689,139.6417,1.1209,0.008026971885905142
173,2020-09-18,7.54,7.69,7.69,7.53,610066,143.37,1.1508,0.008026783845992886
174,2020-09-21,7.72,7.77,7.93,7.72,950010,142.0142,1.1399,0.008026662122520142
175,2020-09-22,7.7,7.62,7.74,7.61,546983,146.4204,1.1753,0.008026886963838372
176,2020-09-23,7.64,7.59,7.67,7.56,374185,149.4708,1.1998,0.008026985872825998
177,2020-09-24,7.54,7.42,7.56,7.37,651088,152.1823,1.2215,0.00802655762200992
178,2020-09-25,7.43,7.42,7.51,7.37,445899,152.5212,1.2243,0.008027080825485243
179,2020-09-28,7.43,7.37,7.46,7.34,269182,150.8266,1.2107,0.008027098668272042
180,2020-09-29,7.38,7.45,7.53,7.38,570219,156.9274,1.2596,0.008026641618990693
181,2020-09-30,7.45,7.43,7.51,7.37,497455,159.6389,1.2814,0.008026865632374064
182,2020-10-09,7.46,7.53,7.58,7.46,634861,156.9274,1.2596,0.008026641618990693
183,2020-10-12,7.54,7.67,7.72,7.54,820771,155.5717,1.2488,0.008027166894750137
184,2020-10-13,7.67,7.62,7.67,7.58,434504,155.2327,1.246,0.008026659331442408
185,2020-10-14,7.62,7.53,7.7,7.5,610655,149.4708,1.1998,0.008026985872825998
186,2020-10-15,7.51,7.45,7.53,7.43,476592,155.5717,1.2488,0.008027166894750137
187,2020-10-16,7.45,7.45,7.5,7.42,353668,159.6389,1.2814,0.008026865632374064
188,2020-10-19,7.46,7.42,7.53,7.4,479427,153.877,1.2351,0.008026540678593942
189,2020-10-20,7.4,7.42,7.43,7.32,425262,157.2664,1.2624,0.008027143750985588
190,2020-10-21,7.4,7.35,7.42,7.3,391581,159.6389,1.2814,0.008026865632374064
191,2020-10-22,7.32,7.32,7.34,7.27,326669,158.2832,1.2705,0.00802675204949104
192,2020-10-23,7.34,7.34,7.38,7.32,373797,157.2664,1.2624,0.008027143750985588
193,2020-10-26,7.32,7.29,7.35,7.27,251604,160.9946,1.2923,0.008026977302344303
194,2020-10-27,7.29,7.34,7.38,7.26,362735,155.9106,1.2515,0.00802703600653195
195,2020-10-28,7.32,7.3,7.34,7.22,384737,148.7929,1.1943,0.008026592666719984
196,2020-10-29,7.24,7.22,7.26,7.18,381759,149.1319,1.1971,0.008027122299119102
197,2020-10-30,7.22,7.14,7.32,7.13,529126,152.1823,1.2215,0.00802655762200992
198,2020-11-02,7.1,6.97,7.11,6.94,654415,151.5044,1.2161,0.008026829583827269
199,2020-11-03,6.98,7.13,7.13,6.98,592045,151.1655,1.2134,0.008026963824417609
200,2020-11-04,7.13,7.26,7.29,7.06,804793,149.1319,1.1971,0.008027122299119102
201,2020-11-05,7.32,7.34,7.38,7.3,598655,149.4708,1.1998,0.008026985872825998
202,2020-11-06,7.35,7.34,7.4,7.24,478065,147.7761,1.1862,0.008027008426937779
203,2020-11-09,7.34,7.42,7.43,7.32,599618,146.4204,1.1753,0.008026886963838372
204,2020-11-10,7.45,7.32,7.48,7.29,559384,153.877,1.2351,0.008026540678593942
205,2020-11-11,7.32,7.37,7.45,7.27,549677,170.8238,1.3712,0.008026984530258664
206,2020-11-12,7.38,7.29,7.4,7.27,412363,175.5689,1.4093,0.008027048070586533
207,2020-11-13,7.29,7.24,7.34,7.19,549414,175.23,1.4065,0.008026593619813959
208,2020-11-16,7.26,7.34,7.35,7.24,493312,177.9415,1.4283,0.008026795323182057
209,2020-11-17,7.34,7.3,7.35,7.26,371126,177.9415,1.4283,0.008026795323182057
210,2020-11-18,7.3,7.34,7.38,7.27,509017,179.6361,1.4419,0.008026783035258504
211,2020-11-19,7.35,7.4,7.43,7.3,711397,179.2972,1.4392,0.00802689612553905
212,2020-11-20,7.4,7.35,7.43,7.29,716211,181.3308,1.4555,0.008026766550415043
213,2020-11-23,7.35,7.45,7.46,7.32,997381,181.3308,1.4555,0.008026766550415043
214,2020-11-24,7.43,7.45,7.5,7.42,667530,182.3476,1.4637,0.00802697704823096
215,2020-11-25,7.45,7.29,7.5,7.27,872601,184.0423,1.4773,0.008026959019747091
216,2020-11-26,7.29,7.46,7.5,7.26,1271756,188.4485,1.5127,0.008027126774689105
217,2020-11-27,7.45,7.48,7.51,7.38,876741,180.9919,1.4528,0.008026878550918578
218,2020-11-30,7.43,7.43,7.59,7.42,1068322,180.9919,1.4528,0.008026878550918578
219,2020-12-01,7.45,7.5,7.53,7.38,833179,182.0087,1.461,0.008027088814985218
