,日期,开盘,收盘,最高,最低,成交量,pe,pb,roe
0,2020-01-03,67.12,67.36,68.08,66.88,824886,47.8331,3.5677,0.07458642655399712
1,2020-01-06,67.2,70.48,71.12,66.64,1843045,47.5897,3.5495,0.07458546702332648
2,2020-01-07,70.64,70.8,71.2,70.0,1043059,46.9812,3.5041,0.07458515321022026
3,2020-01-08,70.24,70.16,70.72,69.84,724157,47.1029,3.5132,0.07458564122378877
4,2020-01-09,70.48,70.56,71.52,70.16,915401,47.4071,3.5359,0.07458587426777845
5,2020-01-10,70.8,71.04,71.52,70.8,798183,47.5289,3.545,0.07458619913357978
6,2020-01-13,71.04,70.72,71.04,69.2,877569,47.7114,3.5586,0.07458594801242471
7,2020-01-14,71.04,69.92,71.2,69.6,887065,47.894,3.5722,0.07458554307428907
8,2020-01-15,69.92,70.0,70.32,69.52,493132,47.7723,3.5631,0.07458506289209436
9,2020-01-16,70.0,69.12,70.16,68.8,615518,48.746,3.6358,0.07458663274935379
10,2020-01-17,69.28,69.68,69.84,68.96,412992,48.9894,3.6539,0.0745855225824362
11,2020-01-20,69.6,69.12,69.6,68.64,614874,48.746,3.6358,0.07458663274935379
12,2020-01-21,68.72,66.24,68.72,66.08,1243760,48.0157,3.5813,0.07458602082235602
13,2020-01-22,65.68,67.68,68.0,65.28,995921,48.9894,3.6539,0.0745855225824362
14,2020-01-23,66.56,65.68,67.36,64.96,937230,48.8677,3.6448,0.0745850531127923
15,2020-02-03,61.76,66.72,68.32,61.52,1988366,49.172,3.6675,0.07458512974863744
16,2020-02-04,67.52,72.56,72.88,67.52,2216370,49.2937,3.6766,0.07458559613094574
17,2020-02-05,72.56,73.6,74.56,71.52,1831964,49.1111,3.663,0.07458598972533703
18,2020-02-06,74.32,76.64,77.68,73.28,2169561,49.4154,3.6857,0.07458606021604601
19,2020-02-07,76.08,77.28,77.52,75.04,1443919,47.3463,3.5314,0.07458660972451914
20,2020-02-10,76.88,80.24,82.32,76.72,1776086,47.2854,3.5268,0.07458538999352865
21,2020-02-11,81.12,78.24,81.76,77.28,1405378,47.1637,3.5177,0.0745849032200612
22,2020-02-12,78.24,77.84,78.88,76.64,1082319,47.5289,3.6192,0.0761473545569117
23,2020-02-13,78.4,77.76,78.56,76.72,929306,47.042,3.5821,0.07614684749798052
24,2020-02-14,77.52,76.32,77.52,75.92,939822,47.4071,3.6099,0.07614682188954819
25,2020-02-17,77.04,77.92,78.08,76.48,1019779,47.8331,3.6423,0.07614601604328383
26,2020-02-18,78.32,79.12,79.92,77.52,971663,48.32,3.6794,0.07614652317880795
27,2020-02-19,78.64,78.48,79.68,78.16,718211,48.5026,3.6933,0.07614643338707615
28,2020-02-20,78.24,78.4,79.12,77.36,840923,48.5026,3.6933,0.07614643338707615
29,2020-02-21,78.24,77.44,78.24,76.56,896261,48.9286,3.7258,0.07614769276047137
30,2020-02-24,77.12,75.04,77.28,74.88,1187310,49.5371,3.7721,0.07614696863562864
31,2020-02-25,73.76,74.64,76.16,73.2,965101,49.7805,3.7906,0.07614628217876478
32,2020-02-26,73.76,77.04,77.44,73.52,1556500,49.4154,3.7628,0.07614630256964428
33,2020-02-27,77.76,76.8,78.48,76.16,919362,49.2937,3.7536,0.0761476618715982
34,2020-02-28,76.88,73.92,76.88,73.68,912490,49.7805,3.7906,0.07614628217876478
35,2020-03-02,73.92,75.6,76.16,73.92,770186,49.598,3.7767,0.0761462155732086
36,2020-03-03,76.8,77.76,77.92,75.92,1018752,49.6588,3.7814,0.07614763143692559
37,2020-03-04,77.52,84.8,85.04,76.96,2515404,47.894,3.647,0.07614732534346683
38,2020-03-05,83.36,84.48,86.32,83.28,1484980,47.6506,3.6284,0.07614594569638158
39,2020-03-06,83.6,84.24,87.84,83.2,1308353,47.9549,3.6516,0.0761465460255365
40,2020-03-09,82.8,83.44,86.08,82.32,1148623,47.9549,3.6516,0.0761465460255365
41,2020-03-10,83.44,84.72,85.52,81.28,1143670,48.9286,3.7258,0.07614769276047137
42,2020-03-11,84.72,85.2,86.24,83.52,844579,48.5634,3.698,0.0761478809144335
43,2020-03-12,84.08,84.16,84.96,82.24,930627,49.8414,3.7953,0.07614753999687007
44,2020-03-13,80.72,82.4,82.8,79.68,1040209,50.3283,3.8323,0.07614602519854635
45,2020-03-16,82.16,78.4,82.64,76.96,1015904,50.024,3.8092,0.0761474492243723
46,2020-03-17,78.48,78.0,79.6,75.36,835822,50.3283,3.8323,0.07614602519854635
47,2020-03-18,78.4,77.2,80.96,77.12,667380,49.598,3.7767,0.0761462155732086
48,2020-03-19,79.2,81.12,81.84,78.32,1316577,50.5717,3.8509,0.07614733141262801
49,2020-03-20,80.4,81.2,82.24,79.04,812473,50.8151,3.8694,0.07614665719441663
50,2020-03-23,78.56,79.6,80.48,77.84,577099,50.8151,3.8694,0.07614665719441663
51,2020-03-24,81.12,79.6,81.44,77.76,576080,51.6671,3.9343,0.07614710328235957
52,2020-03-25,80.56,80.4,81.76,79.36,589809,51.3628,3.9111,0.07614654964293223
53,2020-03-26,80.24,82.88,83.76,79.44,700205,52.2148,3.976,0.0761469928066372
54,2020-03-27,84.24,83.52,84.72,82.32,832816,53.5536,4.0779,0.07614614143586984
55,2020-03-30,82.48,86.88,87.2,82.24,1308933,53.3711,4.064,0.07614607905776723
56,2020-03-31,86.24,87.04,88.0,85.36,738490,54.4056,4.1428,0.07614657314688195
57,2020-04-01,86.48,84.0,87.04,83.52,721749,54.8925,4.1799,0.07614701461948353
58,2020-04-02,83.84,83.52,83.84,82.08,511298,55.7445,4.2448,0.07614742261568405
59,2020-04-03,83.28,85.36,86.24,83.28,631488,53.3102,4.0594,0.07614677866524605
60,2020-04-07,86.56,87.76,87.84,84.64,827787,54.0405,4.115,0.07614659375838492
61,2020-04-08,86.96,87.76,88.96,86.32,606335,55.1359,4.2608,0.0772781436414387
62,2020-04-09,88.32,88.88,89.92,87.04,545764,52.6408,4.068,0.07727846081366543
63,2020-04-10,88.72,87.6,90.64,86.72,564489,52.9451,4.0915,0.07727816171845932
64,2020-04-13,86.8,87.92,88.64,86.24,393480,53.7971,4.1574,0.07727925854739381
65,2020-04-14,88.32,90.4,90.4,87.76,607705,54.2231,4.1903,0.07727887191990129
66,2020-04-15,90.16,88.72,90.96,88.4,439908,54.2231,4.1903,0.07727887191990129
67,2020-04-16,88.32,88.88,89.04,86.72,489895,54.0405,4.1762,0.07727907772874047
68,2020-04-17,88.48,87.84,88.8,85.76,630633,54.7708,4.2326,0.07727840382101411
69,2020-04-20,87.68,88.72,89.28,86.8,425855,55.1359,4.2608,0.0772781436414387
70,2020-04-21,89.04,88.72,89.76,87.84,339559,56.0488,4.3314,0.07727908536846463
71,2020-04-22,88.32,91.36,91.76,87.92,503117,55.5011,4.289,0.0772777476482448
72,2020-04-23,91.2,91.52,92.08,90.24,395050,55.1968,4.2655,0.07727803061047017
73,2020-04-24,91.36,90.32,91.36,89.6,355509,55.2576,4.2702,0.07727805767894372
74,2020-04-27,90.72,92.0,93.6,90.4,497592,55.1968,4.2655,0.07727803061047017
75,2020-04-28,92.0,94.72,94.72,90.72,648977,55.5011,4.289,0.0772777476482448
76,2020-04-29,92.96,89.28,93.04,88.56,1314234,55.3793,4.2796,0.07727797209426628
77,2020-04-30,89.12,86.4,89.12,85.76,1304621,56.779,4.3878,0.0772785713027704
78,2020-05-06,85.84,86.48,86.72,84.64,719601,56.9616,4.4019,0.0772783770118817
79,2020-05-07,86.08,84.48,86.16,84.4,748401,57.7527,4.463,0.07727777229462865
80,2020-05-08,84.72,85.04,86.16,84.24,702724,56.2922,4.3502,0.07727891253139867
81,2020-05-11,85.04,84.56,85.6,83.44,834010,54.7099,4.2279,0.0772785181475382
82,2020-05-12,84.56,86.32,86.72,83.76,868590,54.8925,4.242,0.07727831670993306
83,2020-05-13,85.92,86.16,86.4,85.04,678405,55.5011,4.289,0.0772777476482448
84,2020-05-14,85.84,84.16,85.84,84.08,570700,54.7708,4.2326,0.07727840382101411
85,2020-05-15,84.24,82.0,84.64,80.24,1523676,55.0142,4.2514,0.07727822998425861
86,2020-05-18,82.24,83.2,83.76,81.52,740679,56.4748,4.3643,0.07727871546247175
87,2020-05-19,83.92,83.44,84.32,83.04,538901,59.3959,4.59,0.07727806128032406
88,2020-05-20,83.76,80.16,83.76,79.92,1104711,58.8482,4.5477,0.077278489401545
89,2020-05-21,80.16,78.4,80.48,78.32,847559,59.3959,4.59,0.07727806128032406
90,2020-05-22,78.16,77.76,79.76,77.44,834623,58.8482,4.5477,0.077278489401545
91,2020-05-25,78.16,78.08,78.88,77.2,442543,57.9962,4.4819,0.07727920105110335
92,2020-05-26,78.56,79.44,79.52,77.68,677397,57.8745,4.4724,0.0772775574734987
93,2020-05-27,79.04,78.32,79.36,78.0,478607,62.3045,4.7613,0.07641984126347215
94,2020-05-28,78.32,77.6,78.88,76.72,529866,60.7745,4.6443,0.07641856370681782
95,2020-05-29,77.68,79.68,80.08,77.12,718596,62.3657,4.7659,0.07641860830552692
96,2020-06-01,79.92,79.92,80.64,79.12,781136,61.2641,4.6818,0.07641995883396639
97,2020-06-02,79.92,79.44,81.28,79.36,743653,61.2029,4.6771,0.0764195814250632
98,2020-06-03,79.68,78.8,79.92,78.56,618289,59.122,4.5181,0.07641994519806501
99,2020-06-04,78.8,77.44,78.96,76.96,946680,59.428,4.5414,0.0764185232550313
100,2020-06-05,77.52,77.92,78.32,76.96,561492,59.6728,4.5602,0.07642007748924133
101,2020-06-08,78.32,76.96,78.32,76.72,596397,57.5919,4.4011,0.07641873249536826
102,2020-06-09,76.96,77.2,77.36,76.48,446741,57.4083,4.3871,0.07641926341661398
103,2020-06-10,77.2,76.8,77.92,76.72,439216,57.2247,4.3731,0.07641979774468019
104,2020-06-11,76.8,76.4,77.28,76.32,723799,57.4083,4.3871,0.07641926341661398
105,2020-06-12,75.36,78.0,78.08,74.96,847633,57.7143,4.4105,0.07641953553971892
106,2020-06-15,79.68,80.64,82.32,79.68,2106690,57.6531,4.4058,0.07641913444376798
107,2020-06-16,81.12,80.64,81.84,79.84,832742,58.6324,4.4806,0.07641849898690826
108,2020-06-17,80.8,81.92,81.92,80.32,606542,57.1635,4.3684,0.07641939349410026
109,2020-06-18,81.92,80.48,81.92,80.24,600484,57.2247,4.3731,0.07641979774468019
110,2020-06-19,80.4,80.96,81.68,80.0,791466,56.8575,4.345,0.0764191179703645
111,2020-06-22,81.6,80.88,81.76,80.24,501703,58.7548,4.234,0.07206219747152573
112,2020-06-23,80.88,82.8,83.36,80.4,743506,57.7755,4.1635,0.07206341788474353
113,2020-06-24,82.88,81.52,83.36,81.36,557589,57.7755,4.1635,0.07206341788474353
114,2020-06-29,81.2,81.6,82.08,79.92,543533,55.7558,4.0179,0.07206245807611046
115,2020-06-30,82.16,81.2,82.48,80.72,546152,54.5318,3.9297,0.0720625396557605
116,2020-07-01,81.36,80.96,81.6,79.68,568560,54.8378,3.9518,0.07206343069926219
117,2020-07-02,80.88,81.2,81.76,80.4,758355,55.1438,3.9738,0.07206249841323957
118,2020-07-03,80.96,81.44,82.8,80.64,1211564,54.9602,3.9606,0.07206305653909556
119,2020-07-06,81.84,84.16,84.24,81.84,1689255,55.6946,4.0135,0.07206264162055208
120,2020-07-07,85.04,83.84,85.52,83.36,1903240,55.3274,3.987,0.07206194399158465
121,2020-07-08,83.76,83.44,83.76,82.16,1426949,56.3678,4.062,0.07206241861488297
122,2020-07-09,83.68,86.16,86.8,83.12,2169488,56.8575,4.0973,0.07206261267203094
123,2020-07-10,85.6,86.24,88.08,83.84,2116654,57.2247,4.1238,0.0720632873566834
124,2020-07-13,86.0,87.68,88.56,85.36,1742388,57.0411,4.1105,0.07206207453923574
125,2020-07-14,87.6,85.6,87.6,84.64,1402761,55.4498,3.9959,0.07206337984988223
126,2020-07-15,85.68,87.6,89.04,84.88,1716590,56.0006,4.0355,0.0720617279100581
127,2020-07-16,86.96,82.24,87.28,82.16,1416399,56.8575,4.0973,0.07206261267203094
128,2020-07-17,82.4,82.4,84.0,81.36,873220,55.817,4.0223,0.07206227493415986
129,2020-07-20,82.56,83.52,83.52,80.72,911412,55.5722,4.0047,0.07206300992222729
130,2020-07-21,83.6,84.24,84.48,82.8,762775,56.0618,4.04,0.07206333011069926
131,2020-07-22,84.16,83.52,85.6,82.96,1181044,57.4083,4.137,0.07206275050820177
132,2020-07-23,83.04,84.24,85.2,82.64,865053,59.9176,4.3178,0.07206229889047626
133,2020-07-24,83.76,80.4,83.76,79.84,1124764,59.734,4.3046,0.07206281179897545
134,2020-07-27,80.08,78.48,80.64,78.24,889819,58.816,4.2384,0.0720620239390642
135,2020-07-28,78.88,78.16,79.12,77.84,883666,60.4684,4.3575,0.07206243260942906
136,2020-07-29,78.24,79.12,79.36,78.08,921351,61.9985,4.4678,0.07206303378307541
137,2020-07-30,79.12,78.32,79.28,78.16,786451,62.1209,4.4766,0.07206270353455924
138,2020-07-31,78.56,78.08,78.88,77.52,955974,60.7745,4.3796,0.07206311857769294
139,2020-08-03,78.32,80.16,80.48,78.16,1228274,61.1417,4.406,0.07206211145584764
140,2020-08-04,80.16,82.08,82.56,79.92,1361398,60.7133,4.3752,0.07206328761572836
141,2020-08-05,82.0,81.04,82.08,80.4,823192,62.2433,4.4854,0.07206237458489509
142,2020-08-06,81.2,80.8,81.44,79.44,712708,62.1821,4.481,0.07206253889785003
143,2020-08-07,80.56,78.96,80.56,78.48,631830,64.3854,4.6398,0.07206292109701888
144,2020-08-10,78.64,79.12,79.84,78.16,670297,72.4078,5.2273,0.07219249859821732
145,2020-08-11,79.52,78.72,80.16,78.48,566746,70.2097,5.0686,0.07219230391242236
146,2020-08-12,78.64,78.8,78.88,77.52,617205,68.8521,4.9706,0.07219242405097304
147,2020-08-13,78.88,78.72,79.28,78.48,471792,69.8218,5.0406,0.07219235253173079
148,2020-08-14,78.56,79.12,79.28,77.68,630532,69.6925,5.0313,0.07219284714998027
149,2020-08-17,79.12,79.84,80.24,78.8,832108,67.5591,4.8773,0.07219308723769263
150,2020-08-18,79.6,78.64,79.68,78.24,1119615,67.5591,4.8773,0.07219308723769263
151,2020-08-19,78.64,78.16,78.88,78.16,636022,66.8479,4.8259,0.07219224538093194
152,2020-08-20,77.76,77.2,78.0,76.96,885133,67.6884,4.8866,0.0721925765714657
153,2020-08-21,77.36,77.44,77.6,76.96,439177,67.5591,4.8773,0.07219308723769263
154,2020-08-24,77.28,77.44,77.76,76.72,482855,68.9167,4.9753,0.07219295178091811
155,2020-08-25,77.44,76.88,77.68,76.8,446533,66.9126,4.8306,0.07219268119905668
156,2020-08-26,76.96,75.76,77.04,75.44,562717,66.654,4.8119,0.07219221652113901
157,2020-08-27,75.76,75.36,75.92,74.32,535454,67.6884,4.8866,0.0721925765714657
158,2020-08-28,75.36,78.64,78.88,75.04,1277955,66.7833,4.8212,0.07219170061976572
159,2020-08-31,78.88,77.2,79.76,77.2,1276424,66.7833,4.8212,0.07219170061976572
160,2020-09-01,76.96,76.24,77.12,75.52,965873,64.8438,4.6812,0.07219194433392244
161,2020-09-02,76.8,79.44,79.6,76.64,1922667,63.3569,4.5739,0.07219261043390696
162,2020-09-03,79.76,78.32,80.08,78.08,1162514,63.7448,4.6019,0.07219255531431583
163,2020-09-04,77.28,77.68,77.92,76.56,692609,66.2014,4.7792,0.07219182675895071
164,2020-09-07,77.68,76.32,78.16,75.6,879706,66.0721,4.7699,0.07219234745073941
165,2020-09-08,76.4,76.56,76.72,75.44,526146,63.3569,4.5739,0.07219261043390696
166,2020-09-09,75.76,74.8,76.08,74.4,779809,62.8397,4.5365,0.07219162408477443
167,2020-09-10,75.36,73.68,75.6,73.6,557941,60.8355,4.3919,0.07219304517921278
168,2020-09-11,73.36,74.08,74.32,73.12,417451,60.189,4.3452,0.07219259333100733
169,2020-09-14,74.0,72.96,74.4,72.48,884191,60.189,4.3452,0.07219259333100733
170,2020-09-15,72.88,72.96,73.28,72.48,733985,61.482,4.4385,0.07219186103249732
171,2020-09-16,73.04,72.64,73.68,72.32,550338,61.4174,4.4339,0.07219289647559161
172,2020-09-17,72.64,71.36,72.64,70.96,594016,58.2495,4.2052,0.07219289435960824
173,2020-09-18,71.44,72.32,72.32,71.2,525436,58.896,4.2518,0.07219165987503397
174,2020-09-21,72.72,71.92,72.96,71.6,561122,59.2193,4.2752,0.07219268042682031
175,2020-09-22,71.44,72.32,72.56,71.2,518228,62.4518,4.5085,0.07219167421915781
176,2020-09-23,72.0,71.68,72.32,71.44,423052,63.8741,4.6112,0.07219201522996019
177,2020-09-24,71.44,70.0,71.52,69.84,713153,64.7145,4.6719,0.07219247618385369
178,2020-09-25,70.0,70.48,70.8,69.76,347502,64.3266,4.6439,0.07219252999536739
179,2020-09-28,70.48,69.2,70.8,69.04,552407,63.2922,4.5692,0.072192150059565
180,2020-09-29,69.12,69.2,69.76,68.24,470859,63.9387,4.6159,0.07219258445980291
181,2020-09-30,69.36,68.8,69.76,68.56,486905,64.1327,4.6299,0.072192500861495
182,2020-10-09,68.72,69.12,69.6,68.24,733316,64.3913,4.6486,0.07219298259236885
183,2020-10-12,69.36,71.44,71.52,69.28,949655,58.7021,4.2378,0.07219162517184223
184,2020-10-13,71.52,71.36,71.6,71.04,409522,56.9565,4.1118,0.07219193595112058
185,2020-10-14,71.6,71.6,72.64,71.2,651733,55.5989,4.0138,0.07219207574250569
186,2020-10-15,71.6,70.96,71.6,70.64,424766,57.9263,4.1818,0.0721917332886789
187,2020-10-16,71.12,71.12,71.52,70.72,387110,58.1202,4.1958,0.07219176809439748
188,2020-10-19,71.28,71.6,72.4,71.28,438184,56.1807,4.0558,0.0721920517188287
189,2020-10-20,71.44,71.28,71.52,70.8,351288,56.504,4.0792,0.0721931190712162
190,2020-10-21,71.52,70.48,71.52,70.32,403358,58.4435,4.2192,0.07219280159470258
191,2020-10-22,70.4,69.92,70.4,69.68,344401,59.2193,4.2752,0.07219268042682031
192,2020-10-23,69.92,69.92,70.64,69.76,307801,59.2839,4.2798,0.07219160682748604
193,2020-10-26,69.44,69.68,70.32,68.64,358852,59.8011,4.3172,0.07219265197462922
194,2020-10-27,69.28,69.04,69.76,68.88,291483,58.8314,4.2472,0.0721927406113062
195,2020-10-28,69.2,68.48,69.28,68.24,387253,57.5384,4.1538,0.07219178844041545
196,2020-10-29,67.68,68.0,68.16,67.44,401028,58.7021,4.2378,0.07219162517184223
197,2020-10-30,68.08,68.64,69.28,67.6,656806,58.7667,4.2425,0.07219224492782476
198,2020-11-02,67.76,68.16,70.24,67.76,739111,59.09,4.2658,0.0721915721780335
199,2020-11-03,68.32,68.32,68.8,67.92,808125,60.7062,4.3825,0.07219196721257466
200,2020-11-04,68.64,68.4,68.8,67.92,590901,58.3142,4.2098,0.07219167887066959
201,2020-11-05,68.56,71.12,71.28,68.56,1240198,57.797,4.1725,0.07219232832153918
202,2020-11-06,71.2,70.72,71.44,70.24,809035,55.3403,3.9951,0.07219151323718881
203,2020-11-09,71.36,70.96,71.44,70.48,907897,54.4998,3.9345,0.0721929254786256
204,2020-11-10,70.96,70.8,71.44,70.56,681364,49.7804,3.5938,0.07219307197210147
205,2020-11-11,70.96,70.4,70.96,70.08,576847,48.9399,3.5331,0.07219262810099734
206,2020-11-12,70.48,70.56,70.56,70.0,314788,50.5562,3.6498,0.07219292589237325
207,2020-11-13,70.32,69.28,70.32,69.28,535821,49.3925,3.5658,0.07219314673280357
208,2020-11-16,69.36,70.24,70.4,69.2,462375,51.7199,3.7338,0.0721927149897815
209,2020-11-17,70.48,70.56,71.28,70.24,644973,52.1724,3.7665,0.0721933436069646
210,2020-11-18,70.48,70.24,70.48,69.76,497443,51.7199,3.7338,0.0721927149897815
211,2020-11-19,70.16,68.96,70.16,68.72,870120,52.431,3.7851,0.07219202380271214
212,2020-11-20,68.96,69.12,69.28,68.64,486872,52.3664,3.7805,0.07219323841241712
213,2020-11-23,68.96,68.88,69.52,68.72,600080,53.0129,3.8271,0.0721918627352965
214,2020-11-24,68.96,68.64,69.04,68.4,578303,53.2715,3.8458,0.0721924481195386
215,2020-11-25,68.56,68.48,69.12,68.4,483387,52.8836,3.8178,0.07219251336898395
216,2020-11-26,68.32,68.08,68.48,67.6,655740,52.5603,3.7945,0.07219327134738578
217,2020-11-27,68.0,67.92,68.4,67.52,669950,53.0775,3.8318,0.07219254863171777
218,2020-11-30,67.92,68.72,69.52,67.52,972585,52.8189,3.8131,0.07219196158950679
219,2020-12-01,68.48,69.04,69.28,68.4,682334,50.2976,3.6311,0.0721923113627688
