,日期,开盘,收盘,最高,最低,成交量,pe,pb,roe
0,2020-01-03,4.8,4.78,4.81,4.75,1113903,7.0431,0.8024,0.11392710596186338
1,2020-01-06,4.75,4.75,4.78,4.74,1096596,6.7798,0.7724,0.11392666450337768
2,2020-01-07,4.75,4.77,4.78,4.75,848858,6.8291,0.778,0.11392423599010118
3,2020-01-08,4.75,4.68,4.76,4.68,1418617,6.6646,0.7593,0.11393031839870359
4,2020-01-09,4.7,4.7,4.73,4.69,614010,6.6152,0.7536,0.11391945821743864
5,2020-01-10,4.72,4.7,4.72,4.68,471112,6.6481,0.7574,0.11392728749567545
6,2020-01-13,4.69,4.7,4.7,4.66,471244,6.714,0.7649,0.11392612451593684
7,2020-01-14,4.71,4.7,4.72,4.68,501329,6.681,0.7611,0.1139200718455321
8,2020-01-15,4.69,4.67,4.7,4.66,481829,6.714,0.7649,0.11392612451593684
9,2020-01-16,4.67,4.64,4.68,4.63,498321,6.6975,0.763,0.11392310563643152
10,2020-01-17,4.65,4.63,4.66,4.62,411679,6.6481,0.7574,0.11392728749567545
11,2020-01-20,4.63,4.66,4.66,4.62,428478,6.6317,0.7555,0.11392252363647329
12,2020-01-21,4.65,4.61,4.65,4.61,474292,6.6152,0.7536,0.11391945821743864
13,2020-01-22,4.6,4.61,4.62,4.57,497834,6.6481,0.7574,0.11392728749567545
14,2020-01-23,4.59,4.56,4.61,4.53,815277,6.6646,0.7593,0.11393031839870359
15,2020-02-03,4.1,4.1,4.23,4.1,1592775,6.681,0.7611,0.1139200718455321
16,2020-02-04,4.09,4.17,4.18,4.09,988839,6.6975,0.763,0.11392310563643152
17,2020-02-05,4.16,4.22,4.26,4.14,831131,6.5988,0.7518,0.11392980541916713
18,2020-02-06,4.22,4.24,4.26,4.17,836277,6.5988,0.7518,0.11392980541916713
19,2020-02-07,4.22,4.21,4.23,4.18,708677,6.5823,0.7499,0.11392674293180195
20,2020-02-10,4.21,4.23,4.23,4.18,513131,6.5988,0.7518,0.11392980541916713
21,2020-02-11,4.24,4.26,4.28,4.21,796159,6.5329,0.7443,0.11393102603744126
22,2020-02-12,4.25,4.27,4.27,4.23,481559,6.5494,0.7461,0.1139188322594436
23,2020-02-13,4.26,4.22,4.27,4.22,493222,6.681,0.9388,0.14051788654393055
24,2020-02-14,4.21,4.23,4.25,4.21,342724,6.714,0.9434,0.14051236222817992
25,2020-02-17,4.23,4.33,4.34,4.23,1038304,6.7469,0.948,0.1405089744919889
26,2020-02-18,4.3,4.3,4.32,4.28,649615,6.8127,0.9573,0.14051697564842133
27,2020-02-19,4.3,4.29,4.32,4.28,553636,6.9443,0.9758,0.14051812277695375
28,2020-02-20,4.29,4.39,4.41,4.28,1249518,6.9443,0.9758,0.14051812277695375
29,2020-02-21,4.37,4.38,4.41,4.36,810818,6.9937,0.9827,0.14051217524343337
30,2020-02-24,4.37,4.33,4.37,4.32,786636,6.9443,0.9758,0.14051812277695375
31,2020-02-25,4.28,4.25,4.28,4.2,1036490,6.9937,0.9827,0.14051217524343337
32,2020-02-26,4.22,4.27,4.33,4.2,827693,6.9937,0.9827,0.14051217524343337
33,2020-02-27,4.27,4.29,4.3,4.25,569690,6.9443,0.9758,0.14051812277695375
34,2020-02-28,4.24,4.19,4.25,4.18,892388,6.9114,0.9711,0.14050698845385884
35,2020-03-02,4.2,4.26,4.27,4.2,604596,6.9772,0.9804,0.14051481969844637
36,2020-03-03,4.28,4.25,4.3,4.24,675893,7.0431,0.9896,0.1405063111414008
37,2020-03-04,4.23,4.26,4.27,4.21,421491,6.9772,0.9804,0.14051481969844637
38,2020-03-05,4.28,4.38,4.39,4.26,1872453,6.9443,0.9758,0.14051812277695375
39,2020-03-06,4.33,4.31,4.34,4.3,873871,6.9443,0.9758,0.14051812277695375
40,2020-03-09,4.25,4.22,4.26,4.22,706044,6.9114,0.9711,0.14050698845385884
41,2020-03-10,4.19,4.25,4.25,4.19,592506,6.895,0.9688,0.140507614213198
42,2020-03-11,4.24,4.22,4.26,4.22,423636,6.8456,0.9619,0.14051361458455067
43,2020-03-12,4.23,4.24,4.26,4.21,596860,6.9114,0.9711,0.14050698845385884
44,2020-03-13,4.14,4.23,4.23,4.11,795177,6.9772,0.9804,0.14051481969844637
45,2020-03-16,4.25,4.14,4.25,4.13,775555,6.9772,0.9804,0.14051481969844637
46,2020-03-17,4.13,4.12,4.16,4.08,456322,7.1089,0.9989,0.14051400357298596
47,2020-03-18,4.14,4.07,4.15,4.06,426591,6.9937,0.9827,0.14051217524343337
48,2020-03-19,4.06,4.03,4.08,3.98,543966,6.9608,0.9781,0.1405154579933341
49,2020-03-20,4.04,4.06,4.06,4.02,303450,6.9608,0.9781,0.1405154579933341
50,2020-03-23,4.0,3.97,4.01,3.96,356109,6.895,0.9688,0.140507614213198
51,2020-03-24,4.0,4.01,4.02,3.97,268098,6.8291,0.9596,0.14051631986645385
52,2020-03-25,4.05,4.06,4.07,4.02,412935,6.8456,0.9619,0.14051361458455067
53,2020-03-26,4.04,4.05,4.09,4.03,334600,6.895,0.9688,0.140507614213198
54,2020-03-27,4.06,4.04,4.08,4.04,277186,6.8621,0.9642,0.14051092231241163
55,2020-03-30,4.05,4.04,4.06,4.02,344666,6.8127,0.9573,0.14051697564842133
56,2020-03-31,4.07,4.04,4.07,4.04,207172,6.8291,0.9596,0.14051631986645385
57,2020-04-01,4.06,4.05,4.07,4.04,243557,6.7798,0.9526,0.1405056196347975
58,2020-04-02,4.03,4.07,4.07,4.02,261588,6.8127,0.9573,0.14051697564842133
59,2020-04-03,4.06,4.04,4.06,4.03,196722,6.8291,0.9596,0.14051631986645385
60,2020-04-07,4.07,4.08,4.09,4.06,372197,6.8621,0.9642,0.14051092231241163
61,2020-04-08,4.07,4.06,4.07,4.05,221606,6.8456,0.7976,0.11651279654084375
62,2020-04-09,4.07,4.07,4.08,4.06,199100,6.7798,0.79,0.11652261128646864
63,2020-04-10,4.07,4.06,4.08,4.04,239720,6.7633,0.7881,0.11652595626395398
64,2020-04-13,4.05,4.04,4.05,4.04,163022,6.8621,0.7996,0.11652409612217834
65,2020-04-14,4.05,4.06,4.06,4.04,140197,6.895,0.8034,0.11651921682378535
66,2020-04-15,4.06,4.05,4.06,4.04,156520,6.9443,0.8091,0.11651282346672812
67,2020-04-16,4.04,4.05,4.06,4.03,209827,6.895,0.8034,0.11651921682378535
68,2020-04-17,4.05,4.06,4.07,4.04,222414,6.9772,0.813,0.116522387204036
69,2020-04-20,4.06,4.05,4.06,4.04,146511,7.0266,0.8187,0.11651438818205105
70,2020-04-21,4.05,4.03,4.05,4.02,216820,7.1418,0.8322,0.116525245736369
71,2020-04-22,4.03,4.04,4.04,4.02,140153,6.8785,0.8015,0.11652249763756634
72,2020-04-23,4.04,4.03,4.04,4.02,147669,6.7962,0.7919,0.11652099702775082
73,2020-04-24,4.03,4.0,4.03,4.0,225205,6.8127,0.7938,0.11651768021489275
74,2020-04-27,4.0,4.05,4.07,4.0,356332,6.8291,0.7957,0.11651608557496594
75,2020-04-28,4.03,4.02,4.04,3.97,285231,6.8456,0.7976,0.11651279654084375
76,2020-04-29,4.02,4.07,4.08,4.01,443610,6.8291,0.7957,0.11651608557496594
77,2020-04-30,4.06,4.08,4.1,4.06,451851,6.9114,0.8053,0.11651763752640565
78,2020-05-06,4.06,4.07,4.07,4.04,262700,6.8785,0.8015,0.11652249763756634
79,2020-05-07,4.07,4.07,4.08,4.06,200101,6.9937,0.8149,0.11651915295194247
80,2020-05-08,4.08,4.1,4.1,4.07,332434,6.8456,0.7976,0.11651279654084375
81,2020-05-11,4.1,4.08,4.11,4.07,283094,6.7798,0.79,0.11652261128646864
82,2020-05-12,4.08,4.07,4.09,4.06,152510,6.7798,0.79,0.11652261128646864
83,2020-05-13,4.07,4.07,4.07,4.05,135816,6.8456,0.7976,0.11651279654084375
84,2020-05-14,4.06,4.04,4.06,4.04,177730,6.7304,0.7842,0.11651610602638773
85,2020-05-15,4.06,4.05,4.06,4.04,134584,6.714,0.7823,0.11651772415847482
86,2020-05-18,4.05,4.05,4.07,4.04,161239,6.7469,0.7861,0.11651276882716508
87,2020-05-19,4.06,4.06,4.08,4.06,147371,6.9443,0.8091,0.11651282346672812
88,2020-05-20,4.06,4.06,4.08,4.05,195037,7.076,0.8245,0.11652063312605992
89,2020-05-21,4.06,4.05,4.07,4.05,170908,7.0924,0.8264,0.11651909085781965
90,2020-05-22,4.05,4.01,4.05,4.01,235836,7.1912,0.8379,0.11651741016798309
91,2020-05-25,4.04,4.03,4.05,4.02,173617,6.9608,0.8111,0.11652396276290082
92,2020-05-26,3.9,3.9,3.95,3.82,2806035,7.076,0.8245,0.11652063312605992
93,2020-05-27,3.88,3.86,3.89,3.85,785386,7.0266,0.8187,0.11651438818205105
94,2020-05-28,3.86,3.87,3.89,3.86,645866,7.2405,0.8437,0.11652510185760652
95,2020-05-29,3.86,3.86,3.87,3.85,370642,7.3886,0.8609,0.11651733751996318
96,2020-06-01,3.87,3.89,3.9,3.86,647585,7.4216,0.8647,0.11651126441737632
97,2020-06-02,3.89,3.95,3.96,3.87,895869,8.2937,0.9239,0.11139780797472781
98,2020-06-03,3.95,3.94,3.98,3.94,606207,8.4254,0.9385,0.11138937023761483
99,2020-06-04,3.96,3.93,3.97,3.92,447413,7.8494,0.8744,0.11139704945600937
100,2020-06-05,3.94,3.94,3.94,3.92,295016,7.619,0.8487,0.11139257120357003
101,2020-06-08,3.95,3.95,3.96,3.94,337650,6.9279,0.7717,0.11139017595519567
102,2020-06-09,3.95,3.96,3.97,3.95,283363,6.7304,0.7497,0.11139011054320694
103,2020-06-10,3.96,3.94,3.96,3.93,306843,6.5494,0.7296,0.11139951751305463
104,2020-06-11,3.94,3.94,3.97,3.93,425810,6.4836,0.7222,0.1113887346535875
105,2020-06-12,3.91,3.9,3.96,3.9,605974,6.4671,0.7204,0.11139459726925516
106,2020-06-15,3.92,3.9,3.93,3.9,301622,6.5165,0.7259,0.11139415330315354
107,2020-06-16,3.92,3.92,3.93,3.91,256920,6.4507,0.7186,0.11139876292495388
108,2020-06-17,3.92,3.91,3.93,3.9,263822,6.4836,0.7222,0.1113887346535875
109,2020-06-18,3.9,3.92,3.93,3.9,300142,6.4836,0.7222,0.1113887346535875
110,2020-06-19,3.93,3.94,3.96,3.92,618752,6.4507,0.7186,0.11139876292495388
111,2020-06-22,3.94,3.94,3.96,3.93,373864,6.4342,0.7167,0.11138913928693545
112,2020-06-23,3.94,3.92,3.94,3.91,280494,6.4507,0.7186,0.11139876292495388
113,2020-06-24,3.93,3.96,3.98,3.92,531282,6.4178,0.7149,0.11139331235002649
114,2020-06-29,3.97,3.93,3.98,3.92,332248,6.4178,0.7149,0.11139331235002649
115,2020-06-30,3.93,3.94,3.95,3.93,251026,6.4836,0.7222,0.1113887346535875
116,2020-07-01,3.94,3.98,3.99,3.92,690458,6.4836,0.7222,0.1113887346535875
117,2020-07-02,3.97,4.09,4.11,3.95,1519959,6.5165,0.7259,0.11139415330315354
118,2020-07-03,4.11,4.21,4.22,4.1,2325094,6.5,0.7241,0.1114
119,2020-07-06,4.35,4.63,4.63,4.32,4474639,6.4836,0.7222,0.1113887346535875
120,2020-07-07,4.96,4.77,5.05,4.71,6222124,6.4671,0.7204,0.11139459726925516
121,2020-07-08,4.64,5.12,5.24,4.61,5724269,6.4836,0.7222,0.1113887346535875
122,2020-07-09,5.1,5.04,5.17,4.9,4809434,6.5,0.7241,0.1114
123,2020-07-10,5.02,4.75,5.02,4.74,3143624,6.4013,0.7131,0.11139924702794744
124,2020-07-13,4.66,4.73,4.81,4.59,2678918,6.3519,0.7076,0.11139973866087313
125,2020-07-14,4.69,4.64,4.72,4.57,1958297,6.3684,0.7094,0.11139375667357578
126,2020-07-15,4.63,4.51,4.67,4.5,1746608,6.3519,0.7076,0.11139973866087313
127,2020-07-16,4.51,4.54,4.67,4.5,2017614,6.4178,0.7149,0.11139331235002649
128,2020-07-17,4.54,4.47,4.58,4.42,1316043,6.6317,0.7387,0.1113892365456821
129,2020-07-20,4.52,4.61,4.62,4.46,1439507,6.5988,0.7351,0.11139904225010608
130,2020-07-21,4.64,4.55,4.65,4.53,1038487,6.6646,0.7424,0.11139453230501455
131,2020-07-22,4.55,4.54,4.62,4.51,1019119,6.681,0.7442,0.11139051040263433
132,2020-07-23,4.5,4.46,4.52,4.41,1175335,6.681,0.7442,0.11139051040263433
133,2020-07-24,4.44,4.34,4.47,4.33,1059853,6.6646,0.7424,0.11139453230501455
134,2020-07-27,4.36,4.32,4.38,4.3,511837,6.6646,0.7424,0.11139453230501455
135,2020-07-28,4.34,4.33,4.35,4.31,399202,6.6481,0.7406,0.11140024969540169
136,2020-07-29,4.32,4.4,4.4,4.3,628852,6.6975,0.7461,0.11139977603583427
137,2020-07-30,4.4,4.36,4.41,4.35,504118,6.6975,0.7461,0.11139977603583427
138,2020-07-31,4.35,4.36,4.39,4.33,539849,6.714,0.7479,0.1113941018766756
139,2020-08-03,4.38,4.4,4.4,4.36,795068,6.7469,0.7516,0.11139930931242498
140,2020-08-04,4.39,4.49,4.52,4.36,1724309,6.6975,0.7461,0.11139977603583427
141,2020-08-05,4.44,4.42,4.45,4.39,895355,6.6975,0.7461,0.11139977603583427
142,2020-08-06,4.42,4.44,4.44,4.38,645006,6.714,0.7479,0.1113941018766756
143,2020-08-07,4.41,4.39,4.44,4.38,594001,6.6975,0.7461,0.11139977603583427
144,2020-08-10,4.39,4.4,4.42,4.35,551436,6.6152,0.7369,0.1113949691619301
145,2020-08-11,4.39,4.39,4.49,4.38,942132,6.6646,0.7424,0.11139453230501455
146,2020-08-12,4.39,4.38,4.41,4.35,638866,6.5823,0.7645,0.11614481260349725
147,2020-08-13,4.39,4.37,4.4,4.37,426549,6.6317,0.7702,0.1161391498409156
148,2020-08-14,4.37,4.42,4.42,4.35,567065,6.6481,0.7721,0.11613844557091499
149,2020-08-17,4.42,4.58,4.62,4.41,2296229,6.6317,0.7702,0.1161391498409156
150,2020-08-18,4.57,4.51,4.57,4.48,1227800,6.6646,0.774,0.11613600216066981
151,2020-08-19,4.5,4.48,4.55,4.48,880045,6.681,0.7759,0.11613530908546625
152,2020-08-20,4.47,4.43,4.48,4.42,537369,6.6646,0.774,0.11613600216066981
153,2020-08-21,4.45,4.46,4.47,4.44,386109,6.6646,0.774,0.11613600216066981
154,2020-08-24,4.46,4.43,4.47,4.43,352416,6.681,0.7759,0.11613530908546625
155,2020-08-25,4.44,4.41,4.45,4.4,352804,6.6481,0.7721,0.11613844557091499
156,2020-08-26,4.41,4.35,4.41,4.35,469664,6.681,0.7759,0.11613530908546625
157,2020-08-27,4.36,4.36,4.37,4.35,296670,6.6975,0.7778,0.11613288540500187
158,2020-08-28,4.35,4.4,4.41,4.34,444277,6.681,0.7759,0.11613530908546625
159,2020-08-31,4.41,4.41,4.45,4.39,614452,6.714,0.7797,0.11613047363717603
160,2020-09-01,4.39,4.39,4.4,4.37,327782,6.6481,0.7721,0.11613844557091499
161,2020-09-02,4.39,4.38,4.4,4.36,328572,6.6975,0.7778,0.11613288540500187
162,2020-09-03,4.37,4.36,4.4,4.35,302880,6.6646,0.774,0.11613600216066981
163,2020-09-04,4.36,4.39,4.39,4.34,335247,6.6481,0.7721,0.11613844557091499
164,2020-09-07,4.37,4.38,4.4,4.36,370834,6.6481,0.7721,0.11613844557091499
165,2020-09-08,4.38,4.41,4.41,4.38,373923,7.478,0.7817,0.10453329767317464
166,2020-09-09,4.39,4.43,4.44,4.38,672283,7.4965,0.7836,0.10452878009737877
167,2020-09-10,4.45,4.4,4.46,4.39,508583,7.515,0.7855,0.10452428476380572
168,2020-09-11,4.39,4.39,4.4,4.36,421266,7.4225,0.7759,0.10453351296732907
169,2020-09-14,4.39,4.43,4.44,4.38,454298,7.3484,0.7681,0.10452615535354635
170,2020-09-15,4.42,4.47,4.48,4.42,651745,7.515,0.7855,0.10452428476380572
171,2020-09-16,4.46,4.47,4.49,4.43,458037,7.4595,0.7797,0.10452443193243514
172,2020-09-17,4.47,4.49,4.49,4.45,459253,7.5335,0.7875,0.10453308555120462
173,2020-09-18,4.49,4.56,4.56,4.47,872160,7.6261,0.7971,0.10452262624408282
174,2020-09-21,4.59,4.48,4.61,4.47,728696,7.6631,0.801,0.10452688859599901
175,2020-09-22,4.45,4.48,4.55,4.44,551921,7.8297,0.8184,0.10452507758917967
176,2020-09-23,4.48,4.44,4.48,4.44,362888,7.8482,0.8204,0.10453352361050941
177,2020-09-24,4.42,4.4,4.44,4.4,370092,7.8112,0.8165,0.1045293936911102
178,2020-09-25,4.4,4.43,4.45,4.39,348842,7.8667,0.8223,0.1045292180965335
179,2020-09-28,4.43,4.44,4.46,4.41,236895,7.8112,0.8165,0.1045293936911102
180,2020-09-29,4.46,4.46,4.47,4.44,283147,7.9778,0.8339,0.10452756399007244
181,2020-09-30,4.45,4.46,4.48,4.44,268539,8.1074,0.8474,0.10452179490342157
182,2020-10-09,4.47,4.48,4.49,4.43,441011,7.8852,0.8242,0.10452493278547152
183,2020-10-12,4.47,4.52,4.53,4.46,582400,7.8667,0.8223,0.1045292180965335
184,2020-10-13,4.5,4.48,4.51,4.47,327375,7.8852,0.8242,0.10452493278547152
185,2020-10-14,4.48,4.44,4.49,4.44,236392,7.7557,0.8107,0.10452957179880604
186,2020-10-15,4.45,4.46,4.5,4.44,311953,7.9408,0.83,0.1045234737054201
187,2020-10-16,4.44,4.49,4.51,4.44,478778,7.9037,0.8262,0.10453331983754445
188,2020-10-19,4.5,4.49,4.57,4.49,764770,7.8667,0.8223,0.1045292180965335
189,2020-10-20,4.49,4.46,4.5,4.44,360084,8.0148,0.8378,0.10453161650945751
190,2020-10-21,4.47,4.49,4.49,4.44,310357,8.1074,0.8474,0.10452179490342157
191,2020-10-22,4.48,4.46,4.51,4.46,268181,8.1259,0.8494,0.1045299597583037
192,2020-10-23,4.46,4.46,4.49,4.45,310280,7.9408,0.83,0.1045234737054201
193,2020-10-26,4.46,4.38,4.47,4.37,454558,7.9593,0.832,0.10453180556079052
194,2020-10-27,4.36,4.34,4.38,4.34,285170,8.0148,0.8378,0.10453161650945751
195,2020-10-28,4.34,4.32,4.36,4.3,278436,7.8297,0.8184,0.10452507758917967
196,2020-10-29,4.31,4.3,4.31,4.28,233254,7.8112,0.8165,0.1045293936911102
197,2020-10-30,4.31,4.22,4.32,4.22,504433,7.9037,0.8262,0.10453331983754445
198,2020-11-02,4.22,4.21,4.24,4.2,267259,7.8852,0.8242,0.10452493278547152
199,2020-11-03,4.21,4.25,4.26,4.21,204340,7.8297,0.8184,0.10452507758917967
200,2020-11-04,4.27,4.24,4.29,4.22,194982,7.7927,0.8146,0.10453373028603694
201,2020-11-05,4.26,4.25,4.26,4.23,221700,7.8482,0.8204,0.10453352361050941
202,2020-11-06,4.26,4.25,4.26,4.23,204252,7.8112,0.8165,0.1045293936911102
203,2020-11-09,4.27,4.31,4.31,4.26,381217,7.7186,0.8068,0.1045267276449097
204,2020-11-10,4.33,4.3,4.35,4.28,267815,7.5891,0.7933,0.10453149912374327
205,2020-11-11,4.29,4.29,4.32,4.27,252280,8.4405,0.8823,0.10453172205438066
206,2020-11-12,4.28,4.28,4.3,4.27,152657,8.5331,0.892,0.10453410835452533
207,2020-11-13,4.28,4.26,4.28,4.23,186702,8.5331,0.892,0.10453410835452533
208,2020-11-16,4.26,4.27,4.28,4.25,175599,8.6256,0.9016,0.10452606195511036
209,2020-11-17,4.28,4.28,4.28,4.26,206314,8.5701,0.8958,0.104526201561242
210,2020-11-18,4.27,4.31,4.33,4.26,419465,8.5886,0.8978,0.10453391705283749
211,2020-11-19,4.3,4.32,4.33,4.28,367603,8.6441,0.9036,0.10453372820767923
212,2020-11-20,4.31,4.3,4.32,4.29,151445,8.6997,0.9094,0.10453234019563892
213,2020-11-23,4.29,4.32,4.33,4.28,388826,8.6997,0.9094,0.10453234019563892
214,2020-11-24,4.31,4.28,4.32,4.28,310055,8.6997,0.9094,0.10453234019563892
215,2020-11-25,4.3,4.26,4.32,4.26,349172,8.6997,0.9094,0.10453234019563892
216,2020-11-26,4.28,4.29,4.31,4.27,288700,8.6627,0.9055,0.10452861117203643
217,2020-11-27,4.3,4.39,4.39,4.29,695783,8.8292,0.9229,0.1045281565713768
218,2020-11-30,4.43,4.36,4.53,4.36,1815921,8.7922,0.919,0.1045244648665863
219,2020-12-01,4.37,4.52,4.53,4.36,1370777,8.8478,0.9248,0.10452315829923824
