,日期,开盘,收盘,最高,最低,成交量,pe,pb,roe
0,2020-11-02,34.54,37.7,41.44,34.54,1282299,77.4644,5.0774,0.06554494709827999
1,2020-11-03,38.41,41.47,41.47,38.41,889291,74.2415,4.8662,0.06554555066910017
2,2020-11-04,41.55,44.3,45.38,40.66,1075063,71.6905,4.699,0.06554564412300096
3,2020-11-05,44.37,47.2,48.18,43.02,1037435,70.8363,4.643,0.0655454900947678
4,2020-11-06,48.15,51.92,51.92,47.38,816658,68.5359,4.4922,0.06554521061224848
5,2020-11-09,54.0,57.11,57.11,51.36,601692,71.4627,4.684,0.06554468275058177
6,2020-11-10,59.0,60.11,62.82,58.5,940857,70.6086,4.6281,0.06554584002515275
7,2020-11-11,58.8,59.6,61.19,55.16,954390,66.4632,4.3563,0.06554454194200701
8,2020-11-12,58.17,56.22,58.17,54.88,669922,65.0624,4.2645,0.06554476932913635
9,2020-11-13,55.01,57.2,59.5,54.54,671538,68.3309,4.4788,0.06554574870227085
10,2020-11-16,56.8,60.38,60.6,55.71,737015,67.1123,4.3989,0.06554536202752699
11,2020-11-17,59.33,58.93,61.57,58.38,650704,68.7636,4.5071,0.06554485221832482
12,2020-11-18,58.58,60.0,61.5,58.58,620281,65.1421,4.2698,0.06554593726637613
13,2020-11-19,58.8,57.13,59.0,55.55,631038,64.026,4.1966,0.06554524724330742
14,2020-11-20,56.55,58.36,59.31,55.68,488221,67.8753,4.4489,0.0655451983269319
15,2020-11-23,58.3,62.0,64.2,57.7,857731,68.4562,4.487,0.06554556051898879
16,2020-11-24,61.18,62.75,63.08,60.8,609199,65.0396,4.263,0.06554468354663928
17,2020-11-25,63.1,60.18,63.78,60.18,463833,59.129,3.8756,0.06554482572003585
18,2020-11-26,59.56,62.2,62.79,59.18,492693,53.7536,3.5233,0.06554537742588404
19,2020-11-27,61.49,62.95,62.96,59.5,541340,50.451,3.3068,0.06554478603000931
20,2020-11-30,63.88,65.19,69.25,62.96,983326,47.228,3.0956,0.0655458626238672
21,2020-12-01,63.9,68.02,71.4,63.3,770506,42.9346,2.8142,0.06554620282941963
