,日期,开盘,收盘,最高,最低,成交量,pe,pb,roe
0,2020-01-03,5.92,5.82,5.95,5.79,387667,17.5625,3.0468,0.17348327402135233
1,2020-01-06,5.8,5.69,5.8,5.65,551831,17.9794,3.1191,0.173481873699901
2,2020-01-07,5.69,5.7,5.74,5.64,469090,18.1425,3.1474,0.1734821551605347
3,2020-01-08,5.65,5.53,5.65,5.53,457629,18.4688,3.204,0.17348176383955644
4,2020-01-09,5.6,5.59,5.61,5.53,295098,18.4688,3.204,0.17348176383955644
5,2020-01-10,5.61,5.59,5.62,5.54,239260,19.0306,3.3015,0.1734837577375385
6,2020-01-13,5.57,5.63,5.63,5.54,266193,19.3387,3.355,0.17348632534761904
7,2020-01-14,5.64,5.64,5.67,5.62,217777,18.4144,3.1946,0.1734837952906421
8,2020-01-15,5.64,5.53,5.64,5.51,290383,16.7469,2.9053,0.1734828535430438
9,2020-01-16,5.57,5.55,5.59,5.51,259401,16.8557,2.9242,0.17348434060881482
10,2020-01-17,5.56,5.46,5.56,5.43,334899,16.0945,2.7921,0.17348162415732082
11,2020-01-20,5.45,5.4,5.45,5.37,289910,14.6264,2.5374,0.17348082918558222
12,2020-01-21,5.38,5.29,5.38,5.27,296110,14.1008,2.4463,0.17348661068875526
13,2020-01-22,5.27,5.29,5.32,5.2,207789,13.5933,2.3582,0.17348252447897128
14,2020-01-23,5.38,5.31,5.42,5.23,438359,13.5208,2.3456,0.1734808591207621
15,2020-02-03,4.84,4.84,4.84,4.84,89048,14.9164,2.5877,0.17348019629401196
16,2020-02-04,4.41,4.62,4.67,4.41,610981,14.9707,2.5972,0.1734855417582344
17,2020-02-05,4.63,4.74,4.78,4.6,400118,13.6114,2.3614,0.17348693007332092
18,2020-02-06,4.76,4.76,4.79,4.67,318847,13.2489,2.2985,0.17348610073289103
19,2020-02-07,4.71,4.72,4.75,4.67,249136,12.4333,2.157,0.1734857198008574
20,2020-02-10,4.7,4.81,4.81,4.66,267121,12.2702,2.1287,0.17348535476194354
21,2020-02-11,4.79,4.89,4.99,4.79,385990,11.5815,2.0092,0.17348357293960193
22,2020-02-12,4.89,4.91,4.96,4.86,176870,11.8534,2.1722,0.1832554372585081
23,2020-02-13,4.9,4.84,4.95,4.83,182042,11.6177,2.129,0.18325486111708858
24,2020-02-14,4.83,4.87,4.87,4.81,141916,11.4184,2.0925,0.18325684859524977
25,2020-02-17,4.86,5.0,5.0,4.85,218996,11.0196,2.0194,0.18325529057316056
26,2020-02-18,5.0,4.99,5.02,4.96,172670,11.1284,2.0393,0.18325186010567557
27,2020-02-19,5.0,4.95,5.01,4.93,226530,11.1828,2.0493,0.1832546410559073
28,2020-02-20,4.96,5.04,5.05,4.94,296015,10.9834,2.0128,0.18325837172460258
29,2020-02-21,5.03,5.02,5.06,5.0,237715,10.8928,1.9961,0.18324948589894244
30,2020-02-24,4.98,4.9,4.99,4.85,470005,10.8021,1.9795,0.18325140481943328
31,2020-02-25,4.77,4.81,4.84,4.72,303921,10.8021,1.9795,0.18325140481943328
32,2020-02-26,4.74,4.86,4.89,4.72,378043,10.8928,1.9961,0.18324948589894244
33,2020-02-27,4.84,4.8,4.92,4.8,279517,10.9109,1.9995,0.18325710986261445
34,2020-02-28,4.72,4.6,4.75,4.58,393584,11.1646,2.046,0.1832577969654085
35,2020-03-02,4.62,4.73,4.75,4.62,329831,10.9471,2.0061,0.18325401247819056
36,2020-03-03,4.78,4.83,4.9,4.76,346403,10.9834,2.0128,0.18325837172460258
37,2020-03-04,4.8,4.84,4.87,4.77,259163,10.929,2.0028,0.18325555860554488
38,2020-03-05,4.89,4.91,4.92,4.85,334560,10.3853,1.9032,0.1832590295899011
39,2020-03-06,4.87,4.83,4.88,4.82,255971,10.6753,1.9563,0.18325480314370557
40,2020-03-09,4.94,4.87,5.0,4.83,535195,10.3128,1.8899,0.18325769916996354
41,2020-03-10,4.81,4.86,4.88,4.72,392259,10.0047,1.8334,0.18325387068078003
42,2020-03-11,4.92,5.0,5.15,4.92,684153,10.494,1.9231,0.18325709929483516
43,2020-03-12,4.92,4.96,5.06,4.83,489618,10.7115,1.9629,0.18325164542781125
44,2020-03-13,4.76,4.8,4.88,4.72,413871,10.3853,1.9032,0.1832590295899011
45,2020-03-16,4.85,4.66,4.86,4.66,346414,10.5665,1.9364,0.18325841101594662
46,2020-03-17,4.69,4.7,4.74,4.53,265138,10.5484,1.933,0.18325054036631147
47,2020-03-18,4.76,4.64,4.78,4.64,252134,10.1497,1.86,0.18325664797974325
48,2020-03-19,4.61,4.59,4.68,4.56,260397,10.1859,1.8666,0.18325332076694253
49,2020-03-20,4.64,4.62,4.66,4.57,173941,10.3672,1.8998,0.18325102245543637
50,2020-03-23,4.52,4.52,4.59,4.49,249271,10.2222,1.8733,0.18325800708262407
51,2020-03-24,4.56,4.56,4.59,4.51,173216,10.5121,1.9264,0.18325548653456492
52,2020-03-25,4.64,4.61,4.66,4.57,245257,10.8565,1.9895,0.18325427163450467
53,2020-03-26,4.59,4.55,4.61,4.54,185381,11.0015,2.0161,0.18325682861427986
54,2020-03-27,4.59,4.59,4.61,4.55,189337,10.9471,2.0061,0.18325401247819056
55,2020-03-30,4.57,4.52,4.57,4.47,254365,10.5121,1.9264,0.18325548653456492
56,2020-03-31,4.57,4.67,4.67,4.51,482031,10.1134,1.8533,0.18325192319101388
57,2020-04-01,4.65,4.57,4.66,4.56,266810,10.1315,1.8567,0.1832601292997088
58,2020-04-02,4.56,4.6,4.6,4.53,188513,9.7328,1.7836,0.18325661680092062
59,2020-04-03,4.59,4.52,4.59,4.5,231317,10.1134,1.8533,0.18325192319101388
60,2020-04-07,4.55,4.56,4.58,4.53,331669,9.8597,1.8068,0.18325101169406777
61,2020-04-08,4.53,4.53,4.56,4.48,449686,9.7147,1.8332,0.1887037170473612
62,2020-04-09,4.54,4.49,4.54,4.48,310066,9.4791,1.7887,0.1886993490943233
63,2020-04-10,4.49,4.44,4.5,4.41,242897,9.4791,1.7887,0.1886993490943233
64,2020-04-13,4.41,4.33,4.42,4.33,252208,9.4609,1.7853,0.1887029775179951
65,2020-04-14,4.34,4.36,4.38,4.33,272792,9.4066,1.7751,0.18870792847575107
66,2020-04-15,4.37,4.3,4.38,4.28,325628,9.5878,1.8093,0.18870856713740378
67,2020-04-16,4.28,4.24,4.29,4.22,312534,9.3884,1.7716,0.1887009501086447
68,2020-04-17,4.26,4.25,4.29,4.23,283453,9.7509,1.84,0.18870053020746805
69,2020-04-20,4.25,4.29,4.33,4.24,278222,9.6784,1.8264,0.1887088775004133
70,2020-04-21,4.32,4.32,4.39,4.3,370899,9.8234,1.8537,0.18870248590101188
71,2020-04-22,4.29,4.28,4.3,4.24,273232,9.4428,1.7819,0.1887046215105689
72,2020-04-23,4.27,4.35,4.39,4.25,403540,9.2616,1.7477,0.1887038956551784
73,2020-04-24,4.31,4.26,4.33,4.24,267183,9.4428,1.7819,0.1887046215105689
74,2020-04-27,4.24,4.2,4.25,4.2,203368,9.4066,1.7751,0.18870792847575107
75,2020-04-28,4.2,4.08,4.21,4.01,316309,9.0984,1.7169,0.18870350830915328
76,2020-04-29,4.08,4.11,4.12,4.07,128267,8.5728,1.6177,0.18870147443075772
77,2020-04-30,4.12,4.16,4.2,4.12,208764,8.7178,1.6451,0.1887058661588933
78,2020-05-06,4.11,4.12,4.13,4.07,315519,8.6635,1.6348,0.18869971720436313
79,2020-05-07,4.1,4.09,4.12,4.08,229016,8.6091,1.6246,0.1887072980915543
80,2020-05-08,4.1,4.13,4.13,4.09,201571,8.6272,1.628,0.1887054896142433
81,2020-05-11,4.14,4.1,4.18,4.08,292299,7.8479,1.4809,0.18870016182673072
82,2020-05-12,4.1,4.02,4.1,4.01,353354,7.9204,1.4946,0.18870259077824353
83,2020-05-13,4.02,3.98,4.02,3.95,282051,7.9566,1.5015,0.18871125857778448
84,2020-05-14,3.96,3.91,3.97,3.9,304613,7.5397,1.4228,0.18870777351884027
85,2020-05-15,3.92,3.93,3.95,3.89,239916,7.3766,1.392,0.1887048233603557
86,2020-05-18,3.92,3.88,3.93,3.88,247188,7.4129,1.3988,0.18869808037340313
87,2020-05-19,3.9,3.92,3.98,3.9,349187,7.721,1.457,0.1887061261494625
88,2020-05-20,3.92,3.89,3.92,3.87,206437,7.9022,1.4912,0.18870694237047914
89,2020-05-21,3.91,3.82,3.91,3.81,276860,7.9022,1.4912,0.18870694237047914
90,2020-05-22,3.83,3.7,3.83,3.7,348317,7.7754,1.4673,0.18871054865344547
91,2020-05-25,3.72,3.73,3.75,3.7,210781,7.2679,1.3715,0.18870650394199148
92,2020-05-26,3.76,3.75,3.77,3.72,202293,7.1591,1.351,0.18871087147825844
93,2020-05-27,3.75,3.73,3.76,3.7,177521,7.5216,1.4194,0.18870984896830462
94,2020-05-28,3.75,3.75,3.79,3.72,193909,7.6666,1.4467,0.1887016408838338
95,2020-05-29,3.74,3.72,3.77,3.71,348231,7.8479,1.4809,0.18870016182673072
96,2020-06-01,3.75,3.88,3.89,3.74,504250,7.6122,1.4365,0.18871022831770057
97,2020-06-02,3.88,3.95,3.96,3.87,326148,7.8479,1.4809,0.18870016182673072
98,2020-06-03,3.98,3.91,3.99,3.91,267684,7.7572,1.4638,0.1887021090084051
99,2020-06-04,3.93,3.92,3.95,3.89,184586,7.5579,1.4262,0.18870321120946293
100,2020-06-05,3.93,3.96,3.96,3.89,208915,7.9204,1.4946,0.18870259077824353
101,2020-06-08,3.98,4.04,4.09,3.97,396425,7.2679,1.3715,0.18870650394199148
102,2020-06-09,4.06,4.08,4.11,4.04,300686,6.6154,1.2484,0.1887111890437464
103,2020-06-10,4.06,4.03,4.07,4.01,215674,6.3617,1.2005,0.18870742097238158
104,2020-06-11,4.04,3.99,4.05,3.97,207613,6.2892,1.1868,0.18870444571646633
105,2020-06-12,3.94,3.93,3.97,3.91,324536,6.1804,1.1663,0.18870946864280627
106,2020-06-15,3.94,3.99,4.05,3.93,301577,6.2348,1.1765,0.18869891576313597
107,2020-06-16,4.0,4.03,4.05,3.98,188465,6.1985,1.1697,0.18870694522868434
108,2020-06-17,4.04,3.98,4.04,3.96,176992,6.2892,1.1868,0.18870444571646633
109,2020-06-18,4.01,4.08,4.15,4.0,445372,6.4704,1.221,0.18870548961424335
110,2020-06-19,4.22,4.13,4.29,4.1,523946,6.3798,1.2039,0.18870497507758863
111,2020-06-22,4.1,4.03,4.11,4.03,342022,6.1985,1.1697,0.18870694522868434
112,2020-06-23,4.02,3.98,4.04,3.98,191059,6.2892,1.1868,0.18870444571646633
113,2020-06-24,4.03,4.0,4.06,4.0,158750,6.2167,1.1731,0.18870140106487365
114,2020-06-29,3.99,3.97,4.03,3.94,170421,6.1079,1.1526,0.18870642937834609
115,2020-06-30,3.98,4.03,4.03,3.98,155709,6.2167,1.1731,0.18870140106487365
116,2020-07-01,4.03,4.07,4.08,4.0,211161,6.2892,1.1868,0.18870444571646633
117,2020-07-02,4.06,4.21,4.23,4.04,558661,6.3798,1.2039,0.18870497507758863
118,2020-07-03,4.25,4.57,4.58,4.24,1291524,6.3073,1.1902,0.1887019802451128
119,2020-07-06,4.66,4.93,4.94,4.66,1308779,6.1623,1.1629,0.18871200688054784
120,2020-07-07,4.96,4.73,5.13,4.73,1473765,6.0898,1.1492,0.18870898880094583
121,2020-07-08,4.73,4.84,4.85,4.67,893172,6.0717,1.1458,0.18871156348304427
122,2020-07-09,4.82,4.89,4.96,4.8,925361,6.1442,1.1594,0.18869828456104945
123,2020-07-10,4.84,4.76,4.86,4.75,670771,6.0173,1.1355,0.18870589799411697
124,2020-07-13,4.84,4.89,4.92,4.77,760698,5.7273,1.0808,0.18871021249105163
125,2020-07-14,4.91,4.79,4.91,4.73,535746,5.7817,1.091,0.18869882560492587
126,2020-07-15,4.83,4.71,4.87,4.65,532304,5.7454,1.0842,0.1887074877293139
127,2020-07-16,4.71,4.51,4.75,4.46,702516,5.7817,1.091,0.18869882560492587
128,2020-07-17,4.51,4.57,4.63,4.45,507627,5.7454,1.0842,0.1887074877293139
129,2020-07-20,4.6,4.85,4.89,4.51,875569,5.6911,1.0739,0.18869814271406232
130,2020-07-21,4.87,4.92,4.95,4.82,792183,5.9086,1.115,0.18870798497105915
131,2020-07-22,4.9,4.92,4.99,4.85,743602,6.0354,1.1389,0.18870331709580143
132,2020-07-23,4.86,4.82,4.88,4.68,588540,6.0898,1.1492,0.18870898880094583
133,2020-07-24,4.78,4.65,4.85,4.64,438608,6.0173,1.1355,0.18870589799411697
134,2020-07-27,4.64,4.63,4.73,4.58,298892,6.1079,1.1526,0.18870642937834609
135,2020-07-28,4.65,4.72,4.75,4.65,418981,6.0717,1.1458,0.18871156348304427
136,2020-07-29,4.7,4.95,5.0,4.67,759258,6.1985,1.1697,0.18870694522868434
137,2020-07-30,4.99,4.93,5.08,4.91,576059,6.271,1.1834,0.1887099346196779
138,2020-07-31,4.96,4.89,4.98,4.84,441882,6.416,1.2107,0.18870012468827932
139,2020-08-03,5.1,5.32,5.32,5.1,1198812,6.4704,1.221,0.18870548961424335
140,2020-08-04,5.38,5.31,5.5,5.23,1314791,6.3979,1.2073,0.18870254302192907
141,2020-08-05,5.32,5.34,5.4,5.26,672659,6.4523,1.2176,0.1887079026083722
142,2020-08-06,5.36,5.37,5.4,5.28,585431,6.5248,1.2313,0.18871076508092202
143,2020-08-07,5.35,5.29,5.4,5.21,732047,6.4342,1.2308,0.19129029249945603
144,2020-08-10,5.33,5.58,5.68,5.31,1083418,6.3798,1.2204,0.19129126304899838
145,2020-08-11,5.68,5.75,5.96,5.68,1659542,6.5973,1.262,0.19129037636608917
146,2020-08-12,5.74,5.77,5.84,5.61,1000152,6.706,1.2828,0.19129138085296746
147,2020-08-13,5.86,5.67,5.88,5.63,617136,6.8691,1.314,0.19129143555924358
148,2020-08-14,5.67,5.77,5.83,5.59,526933,6.7423,1.2898,0.19129970484849385
149,2020-08-17,5.83,5.98,6.21,5.82,1166147,6.8148,1.3036,0.19128954628162237
150,2020-08-18,5.95,5.9,5.98,5.86,775957,6.7604,1.2932,0.1912904561860245
151,2020-08-19,5.93,5.94,6.04,5.74,642296,6.6879,1.2794,0.191300707247417
152,2020-08-20,5.86,5.74,5.9,5.69,699083,6.6698,1.2759,0.19129509130708566
153,2020-08-21,5.76,5.85,5.86,5.72,404611,6.7785,1.2967,0.19129600944161687
154,2020-08-24,5.87,5.75,5.89,5.74,481744,6.8873,1.3175,0.19129412106340654
155,2020-08-25,5.77,5.78,5.97,5.73,525725,6.8329,1.3071,0.19129505773536856
156,2020-08-26,5.8,5.79,5.85,5.73,443226,7.0323,1.3452,0.19128876754404675
157,2020-08-27,5.81,5.79,5.83,5.66,407296,7.1229,1.3626,0.1912984879754033
158,2020-08-28,5.76,5.92,5.94,5.72,471952,7.1954,1.3764,0.19128887900603164
159,2020-08-31,5.93,6.0,6.11,5.93,643531,7.2498,1.3868,0.1912880355320147
160,2020-09-01,5.99,6.14,6.18,5.99,765696,7.1773,1.373,0.19129756315048835
161,2020-09-02,6.16,5.93,6.25,5.91,735501,7.3223,1.4007,0.1912923534954864
162,2020-09-03,6.03,6.15,6.17,5.96,796963,7.2679,1.3903,0.19129322087535602
163,2020-09-04,6.05,6.14,6.15,5.99,402179,7.4491,1.425,0.1912982776442792
164,2020-09-07,6.21,6.36,6.55,6.21,1131089,39.4689,1.576,0.03993017287028522
165,2020-09-08,6.45,6.6,6.73,6.38,962688,40.1665,1.6038,0.03992879638504724
166,2020-09-09,6.56,6.63,6.76,6.44,853320,39.7679,1.5879,0.039929189119868036
167,2020-09-10,6.75,6.55,6.77,6.47,689457,40.3659,1.6118,0.039929742678845255
168,2020-09-11,6.5,6.36,6.59,6.24,811240,39.8675,1.5919,0.03992976735436132
169,2020-09-14,6.36,6.2,6.41,6.14,965187,39.4689,1.576,0.03993017287028522
170,2020-09-15,6.16,6.28,6.3,6.04,781023,40.4655,1.6158,0.039930311005671494
171,2020-09-16,6.24,6.18,6.33,6.14,481060,40.1665,1.6038,0.03992879638504724
172,2020-09-17,6.19,6.16,6.24,6.09,364589,40.6649,1.6237,0.039928783791427
173,2020-09-18,6.22,6.38,6.39,6.13,507061,41.2629,1.6476,0.039929331190973
174,2020-09-21,6.4,6.39,6.45,6.3,511012,40.8642,1.6317,0.0399298163184401
175,2020-09-22,6.27,6.29,6.44,6.16,514856,42.2596,1.6874,0.03992938882526101
176,2020-09-23,6.33,6.47,6.6,6.33,622698,43.8543,1.7511,0.03992994985668452
177,2020-09-24,6.42,6.35,6.44,6.19,514651,44.253,1.767,0.03992949630533523
178,2020-09-25,6.37,6.08,6.38,6.07,450281,42.8576,1.7113,0.03992990741432092
179,2020-09-28,6.1,6.25,6.3,6.07,592156,42.9573,1.7153,0.03993034944002533
180,2020-09-29,6.26,6.45,6.5,6.26,511143,42.5586,1.6994,0.03993082479216892
181,2020-09-30,6.46,6.29,6.49,6.21,349540,43.3559,1.7312,0.039929974928441116
182,2020-10-09,6.57,6.59,6.7,6.47,787271,42.6583,1.7033,0.03992892356235481
183,2020-10-12,6.71,6.62,6.74,6.58,525407,42.5586,1.6994,0.03993082479216892
184,2020-10-13,6.66,6.6,6.66,6.51,439746,41.5619,1.6596,0.03993080200857035
185,2020-10-14,6.66,6.72,6.81,6.61,564742,40.2662,1.6078,0.03992927070346842
186,2020-10-15,6.69,6.58,6.69,6.57,380044,42.2596,1.6874,0.03992938882526101
187,2020-10-16,6.58,6.57,6.67,6.52,333646,42.8576,1.7113,0.03992990741432092
188,2020-10-19,6.63,6.52,6.69,6.52,395834,42.3593,1.6914,0.03992983831177569
189,2020-10-20,6.5,6.52,6.58,6.42,277047,43.2563,1.7272,0.03992944380356156
190,2020-10-21,6.53,6.57,6.61,6.46,296417,44.4523,1.775,0.03993044229432448
191,2020-10-22,6.57,6.62,6.76,6.56,529662,44.6516,1.7829,0.03992914027716812
192,2020-10-23,6.61,6.73,6.82,6.57,639312,43.7546,1.7471,0.03992951598231957
193,2020-10-26,6.76,6.7,6.85,6.62,520836,44.1533,1.763,0.03992906532467561
194,2020-10-27,6.66,6.64,6.67,6.56,344271,44.253,1.767,0.03992949630533523
195,2020-10-28,6.67,6.86,6.86,6.64,778569,42.9573,1.7153,0.03993034944002533
196,2020-10-29,6.78,6.97,7.06,6.76,843566,42.6583,1.7033,0.03992892356235481
197,2020-10-30,7.03,7.1,7.2,7.0,1093458,43.3559,1.7312,0.039929974928441116
198,2020-11-02,7.35,6.95,7.36,6.92,1279801,43.1566,1.7232,0.03992900274813123
199,2020-11-03,7.04,7.33,7.55,6.98,1404298,42.3593,1.6914,0.03992983831177569
200,2020-11-04,7.33,7.42,7.44,7.25,944755,41.4622,1.6556,0.03993034619484735
201,2020-11-05,7.54,7.87,8.0,7.46,1363663,41.8609,1.6715,0.039929862950868235
202,2020-11-06,7.92,8.07,8.55,7.74,2277233,41.6616,1.6635,0.03992885534881042
203,2020-11-09,8.27,8.82,8.82,8.17,2270751,40.4655,1.6158,0.039930311005671494
204,2020-11-10,9.12,8.79,9.15,8.52,2644023,42.6583,1.7033,0.03992892356235481
205,2020-11-11,8.66,8.02,8.66,8.01,2919605,47.3427,1.8904,0.03993012650313565
206,2020-11-12,8.13,8.06,8.26,7.97,1380439,47.1434,1.8824,0.03992923717848098
207,2020-11-13,8.24,8.34,8.49,8.09,1620954,47.1434,1.8824,0.03992923717848098
208,2020-11-16,8.66,8.63,8.78,8.11,2071818,48.2397,1.9262,0.03992976739075906
209,2020-11-17,8.52,9.44,9.44,8.46,2042933,48.8377,1.9501,0.039930217844001664
210,2020-11-18,9.76,9.86,10.02,9.27,2776153,49.7347,1.9859,0.0399298678789658
211,2020-11-19,9.88,9.8,10.11,9.48,1929465,49.5354,1.9779,0.03992902045809663
212,2020-11-20,9.9,10.72,10.72,9.72,2677506,50.6318,2.0217,0.03992945145145936
213,2020-11-23,10.94,11.23,11.52,10.74,3089923,50.5321,2.0177,0.03992907478612605
214,2020-11-24,11.06,11.06,11.28,10.84,1866954,50.1334,2.0018,0.03992946817889869
215,2020-11-25,11.21,10.75,11.44,10.26,2434305,50.1334,2.0018,0.03992946817889869
216,2020-11-26,10.74,10.75,10.88,10.32,1535994,49.5354,1.9779,0.03992902045809663
217,2020-11-27,10.74,10.57,10.75,10.31,1267507,51.2298,2.0456,0.03992988455937755
218,2020-11-30,10.7,10.48,11.09,10.12,2238166,51.1301,2.0416,0.0399295131439211
219,2020-12-01,10.28,10.25,10.31,9.84,1806060,52.4258,2.0934,0.03993072113348771
