,日期,开盘,收盘,最高,最低,成交量,pe,pb,roe
0,2020-01-03,5.52,5.52,5.55,5.51,209971,16.6029,1.4678,0.08840624228297465
1,2020-01-06,5.52,5.56,5.58,5.5,315489,16.5692,1.4648,0.08840499239552907
2,2020-01-07,5.57,5.57,5.6,5.55,211463,16.3667,1.4469,0.08840511526453103
3,2020-01-08,5.55,5.5,5.56,5.48,223041,16.1643,1.429,0.08840469429545356
4,2020-01-09,5.52,5.55,5.58,5.51,259560,15.8268,1.3992,0.0884070058381985
5,2020-01-10,5.55,5.51,5.55,5.49,172648,15.9618,1.4111,0.0884048164993923
6,2020-01-13,5.5,5.49,5.5,5.45,176432,15.9618,1.4111,0.0884048164993923
7,2020-01-14,5.49,5.5,5.52,5.48,197297,15.793,1.3962,0.08840625593617427
8,2020-01-15,5.5,5.46,5.5,5.45,129369,15.793,1.3962,0.08840625593617427
9,2020-01-16,5.46,5.43,5.47,5.42,162169,15.8605,1.4022,0.08840830995239746
10,2020-01-17,5.44,5.42,5.45,5.41,140233,15.8943,1.4052,0.08840905230176856
11,2020-01-20,5.42,5.43,5.43,5.39,189487,15.9618,1.4111,0.0884048164993923
12,2020-01-21,5.43,5.37,5.43,5.37,192296,15.4218,1.3634,0.08840731950874736
13,2020-01-22,5.37,5.35,5.37,5.3,195816,15.5906,1.3783,0.08840583428476133
14,2020-01-23,5.33,5.28,5.34,5.25,262895,15.7593,1.3932,0.08840494184386362
15,2020-02-03,4.81,4.86,4.98,4.8,809232,15.7593,1.3932,0.08840494184386362
16,2020-02-04,4.82,4.96,4.99,4.82,450234,15.8605,1.4022,0.08840830995239746
17,2020-02-05,4.95,4.98,5.04,4.92,338571,15.7256,1.3902,0.0884036221193468
18,2020-02-06,4.98,5.01,5.02,4.92,301544,15.6581,1.3843,0.08840791666932771
19,2020-02-07,4.98,5.03,5.07,4.94,249187,15.5231,1.3723,0.08840373379028674
20,2020-02-10,5.0,5.04,5.04,4.97,241246,15.5568,1.3753,0.08840507045150672
21,2020-02-11,5.04,5.04,5.08,5.01,216347,15.5568,1.3753,0.08840507045150672
22,2020-02-12,5.02,5.05,5.05,5.01,175151,14.9494,1.3216,0.08840488581481531
23,2020-02-13,5.05,5.02,5.05,5.0,212638,15.1856,1.3425,0.08840612158887366
24,2020-02-14,5.0,5.01,5.03,4.98,163762,15.0169,1.38,0.09189646331799506
25,2020-02-17,5.0,5.11,5.12,4.99,325070,14.9831,1.3769,0.09189687047406744
26,2020-02-18,5.11,5.23,5.26,5.11,437386,15.0506,1.3831,0.09189666857135265
27,2020-02-19,5.21,5.19,5.22,5.18,224628,15.0844,1.3862,0.09189626368963963
28,2020-02-20,5.2,5.23,5.23,5.16,237022,15.1519,1.3924,0.09189606583992767
29,2020-02-21,5.24,5.21,5.24,5.19,280311,15.2869,1.4048,0.09189567538218998
30,2020-02-24,5.21,5.15,5.21,5.12,303956,15.3206,1.4079,0.09189587875148492
31,2020-02-25,5.11,5.07,5.11,5.01,372559,15.1856,1.3955,0.09189627015066905
32,2020-02-26,5.03,5.14,5.22,5.0,536049,15.4893,1.4234,0.09189569573834841
33,2020-02-27,5.13,5.11,5.16,5.09,326144,15.3881,1.4141,0.09189568562720543
34,2020-02-28,5.02,5.02,5.07,5.01,469548,15.5231,1.4265,0.0918953044172878
35,2020-03-02,5.0,5.2,5.22,5.0,554028,15.2531,1.4017,0.09189607358504173
36,2020-03-03,5.23,5.2,5.26,5.16,483358,15.3544,1.411,0.09189548272807795
37,2020-03-04,5.21,5.23,5.27,5.19,416083,15.0506,1.3831,0.09189666857135265
38,2020-03-05,5.28,5.33,5.39,5.23,702398,14.8144,1.3614,0.0918970731180473
39,2020-03-06,5.3,5.24,5.31,5.23,443021,14.9157,1.3707,0.09189645809449104
40,2020-03-09,5.18,5.12,5.2,5.12,363521,14.8819,1.3676,0.09189686800744529
41,2020-03-10,5.08,5.17,5.17,5.05,361368,14.7807,1.3583,0.09189686550704636
42,2020-03-11,5.17,5.11,5.2,5.11,283707,14.8144,1.3614,0.0918970731180473
43,2020-03-12,5.08,5.05,5.1,5.05,243928,15.0506,1.3831,0.09189666857135265
44,2020-03-13,4.98,4.98,5.01,4.9,428707,15.2194,1.3986,0.09189586974519363
45,2020-03-16,5.01,4.91,5.03,4.89,349485,15.4556,1.4203,0.09189549418980822
46,2020-03-17,4.9,4.95,4.96,4.87,304404,15.5568,1.4296,0.09189550550241694
47,2020-03-18,4.94,4.9,4.97,4.9,333919,15.2869,1.4048,0.09189567538218998
48,2020-03-19,4.88,4.86,4.91,4.8,422429,15.3881,1.4141,0.09189568562720543
49,2020-03-20,4.88,4.87,4.91,4.83,296094,15.3544,1.411,0.09189548272807795
50,2020-03-23,4.83,4.77,4.83,4.76,281344,15.4218,1.4172,0.09189588763957515
51,2020-03-24,4.79,4.83,4.83,4.75,254464,15.3206,1.4079,0.09189587875148492
52,2020-03-25,4.88,4.89,4.9,4.85,219439,15.4218,1.4172,0.09189588763957515
53,2020-03-26,4.87,4.86,4.89,4.85,162693,15.6918,1.442,0.09189512994047846
54,2020-03-27,4.89,4.89,4.92,4.87,171595,15.793,1.4513,0.09189514341796999
55,2020-03-30,4.85,4.81,4.86,4.8,191289,15.6243,1.4358,0.09189531691019757
56,2020-03-31,4.85,4.83,4.87,4.81,129030,15.9618,1.4668,0.0918943978749264
57,2020-04-01,4.82,4.8,4.87,4.8,132435,16.2992,1.4978,0.09189408069107687
58,2020-04-02,4.78,4.84,4.84,4.78,127466,15.7256,1.4451,0.09189474487459938
59,2020-04-03,4.85,4.82,4.85,4.81,83411,15.7593,1.4482,0.09189494457241121
60,2020-04-07,4.86,4.91,4.92,4.86,245174,15.7256,1.4451,0.09189474487459938
61,2020-04-08,4.91,4.92,4.93,4.88,180703,15.5568,1.4296,0.09189550550241694
62,2020-04-09,4.92,4.9,4.95,4.9,120691,15.5231,1.4265,0.0918953044172878
63,2020-04-10,4.92,4.87,4.92,4.86,120810,15.4218,1.4172,0.09189588763957515
64,2020-04-13,4.85,4.88,4.9,4.84,104782,15.6581,1.4389,0.09189492978075246
65,2020-04-14,4.87,4.9,4.91,4.86,139147,15.9955,1.4699,0.09189459535494358
66,2020-04-15,4.91,4.88,4.94,4.88,192524,15.8605,1.4575,0.09189495917530974
67,2020-04-16,4.88,4.9,4.91,4.86,118437,15.2869,1.4656,0.0958729369590957
68,2020-04-17,4.9,4.88,4.91,4.88,135926,15.5906,1.4948,0.09587828563365104
69,2020-04-20,4.88,4.91,4.92,4.86,188356,15.5568,1.4915,0.0958744728993109
70,2020-04-21,4.91,4.92,4.93,4.86,228623,15.4556,1.4818,0.09587463443670902
71,2020-04-22,4.91,4.89,4.92,4.88,135642,15.3206,1.4689,0.09587744605302664
72,2020-04-23,4.89,4.84,4.91,4.82,228820,15.4556,1.4818,0.09587463443670902
73,2020-04-24,4.83,4.77,4.84,4.75,237979,15.793,1.5142,0.09587792059773317
74,2020-04-27,4.77,4.77,4.79,4.75,177480,15.4556,1.4818,0.09587463443670902
75,2020-04-28,4.76,4.68,4.78,4.65,231829,15.0506,1.443,0.09587657634911566
76,2020-04-29,4.68,4.69,4.71,4.66,113441,14.6119,1.4009,0.09587391099035718
77,2020-04-30,4.7,4.76,4.77,4.69,193334,14.7807,1.4171,0.09587502621662032
78,2020-05-06,4.74,4.78,4.79,4.71,213281,14.7807,1.4171,0.09587502621662032
79,2020-05-07,4.78,4.74,4.78,4.73,173012,14.9157,1.43,0.09587213473051885
80,2020-05-08,4.75,4.77,4.79,4.71,298087,14.9157,1.43,0.09587213473051885
81,2020-05-11,4.77,4.75,4.79,4.74,226476,14.6457,1.4042,0.09587797100855541
82,2020-05-12,4.75,4.73,4.77,4.72,166997,14.6794,1.4074,0.09587585323650831
83,2020-05-13,4.71,4.72,4.73,4.7,172049,14.6794,1.4074,0.09587585323650831
84,2020-05-14,4.7,4.67,4.71,4.66,172141,14.477,1.388,0.09587621744836637
85,2020-05-15,4.68,4.67,4.71,4.67,108491,14.5445,1.3945,0.09587816700470969
86,2020-05-18,4.67,4.67,4.7,4.65,151268,14.5445,1.3945,0.09587816700470969
87,2020-05-19,4.68,4.68,4.7,4.67,114044,14.9157,1.43,0.09587213473051885
88,2020-05-20,4.68,4.66,4.68,4.65,114206,14.9831,1.4365,0.09587468547897299
89,2020-05-21,4.67,4.61,4.67,4.61,207945,14.9831,1.4365,0.09587468547897299
90,2020-05-22,4.61,4.53,4.62,4.51,295223,15.1181,1.4495,0.09587845033436741
91,2020-05-25,4.53,4.52,4.55,4.51,128346,14.5445,1.3945,0.09587816700470969
92,2020-05-26,4.52,4.53,4.54,4.51,195465,15.0169,1.3851,0.09223608068243112
93,2020-05-27,4.52,4.5,4.53,4.5,155898,15.4218,1.4224,0.09223307266337263
94,2020-05-28,4.51,4.51,4.53,4.49,171751,15.7256,1.4504,0.09223177494022484
95,2020-05-29,4.51,4.46,4.51,4.46,309311,15.5568,1.4349,0.09223619253316877
96,2020-06-01,4.46,4.54,4.54,4.45,302954,15.2869,1.41,0.09223583591179375
97,2020-06-02,4.53,4.59,4.61,4.52,318440,15.6918,1.4473,0.0922328859659185
98,2020-06-03,4.59,4.56,4.6,4.55,194675,15.3543,1.4162,0.09223474857206124
99,2020-06-04,4.57,4.52,4.57,4.51,168633,15.0844,1.3913,0.09223436132693379
100,2020-06-05,4.53,4.55,4.56,4.5,160048,15.2869,1.41,0.09223583591179375
101,2020-06-08,4.55,4.55,4.57,4.54,157218,14.6119,1.3477,0.0922330429307619
102,2020-06-09,4.56,4.57,4.57,4.54,145819,14.2407,1.3135,0.09223563448425989
103,2020-06-10,4.57,4.54,4.57,4.52,180822,14.0045,1.2917,0.09223463886607876
104,2020-06-11,4.54,4.51,4.57,4.5,201038,13.802,1.273,0.09223300970873786
105,2020-06-12,4.47,4.5,4.51,4.46,294886,13.802,1.273,0.09223300970873786
106,2020-06-15,4.48,4.47,4.51,4.47,234263,13.9033,1.2824,0.09223709479044544
107,2020-06-16,4.49,4.51,4.51,4.48,139472,13.802,1.273,0.09223300970873786
108,2020-06-17,4.51,4.52,4.53,4.49,165906,13.9033,1.2824,0.09223709479044544
109,2020-06-18,4.52,4.57,4.59,4.52,290957,13.9708,1.2886,0.09223523348698714
110,2020-06-19,4.57,4.57,4.59,4.55,253975,13.9708,1.2886,0.09223523348698714
111,2020-06-22,4.57,4.55,4.59,4.55,204986,13.802,1.273,0.09223300970873786
112,2020-06-23,4.55,4.52,4.56,4.52,166075,13.7683,1.2699,0.09223360908754168
113,2020-06-24,4.53,4.55,4.55,4.52,148073,13.6333,1.2575,0.09223738933347025
114,2020-06-29,4.54,4.52,4.55,4.5,160427,13.7345,1.2668,0.09223488295897192
115,2020-06-30,4.52,4.52,4.54,4.51,173431,13.7683,1.2699,0.09223360908754168
116,2020-07-01,4.52,4.58,4.58,4.51,319758,13.8695,1.2793,0.09223836475720106
117,2020-07-02,4.57,4.65,4.67,4.56,533538,13.9708,1.2886,0.09223523348698714
118,2020-07-03,4.68,4.76,4.8,4.68,741314,13.9033,1.2824,0.09223709479044544
119,2020-07-06,4.78,4.96,4.98,4.76,1365698,13.9033,1.2824,0.09223709479044544
120,2020-07-07,5.01,4.9,5.09,4.9,1119188,13.802,1.273,0.09223300970873786
121,2020-07-08,4.88,4.98,5.0,4.86,941797,13.937,1.2855,0.09223649278897898
122,2020-07-09,4.98,5.08,5.11,4.96,961926,14.0383,1.2948,0.09223339008284479
123,2020-07-10,5.08,4.96,5.09,4.96,764675,13.8695,1.2793,0.09223836475720106
124,2020-07-13,4.96,5.04,5.06,4.96,666425,13.5996,1.2544,0.09223800700020589
125,2020-07-14,5.04,5.09,5.11,5.0,884401,13.7683,1.2699,0.09223360908754168
126,2020-07-15,5.08,5.0,5.1,4.97,591279,13.7345,1.2668,0.09223488295897192
127,2020-07-16,4.99,4.88,5.07,4.88,665772,13.8358,1.2761,0.09223174662831206
128,2020-07-17,4.9,4.86,4.92,4.83,439740,13.802,1.273,0.09223300970873786
129,2020-07-20,4.87,5.03,5.04,4.87,567172,13.8358,1.2761,0.09223174662831206
130,2020-07-21,5.05,4.99,5.06,4.97,381893,14.1057,1.301,0.09223221818130259
131,2020-07-22,5.0,4.99,5.04,4.95,377763,14.2745,1.3166,0.09223440400714561
132,2020-07-23,4.97,4.97,5.0,4.88,498454,14.342,1.3228,0.09223260354204434
133,2020-07-24,4.95,4.86,4.97,4.83,452338,14.3082,1.3197,0.09223382396108526
134,2020-07-27,4.84,4.86,4.92,4.83,296795,14.3082,1.3197,0.09223382396108526
135,2020-07-28,4.87,4.84,4.9,4.83,232028,14.3082,1.3197,0.09223382396108526
136,2020-07-29,4.85,4.9,4.91,4.82,301386,14.4769,1.3353,0.09223659761413008
137,2020-07-30,4.91,4.9,4.93,4.88,233045,14.5107,1.3384,0.09223538492285004
138,2020-07-31,4.9,4.89,4.94,4.87,320466,14.5782,1.3446,0.09223360908754166
139,2020-08-03,4.91,4.97,4.98,4.89,455637,14.6457,1.3508,0.09223184962139058
140,2020-08-04,4.99,4.97,5.0,4.94,377722,14.5444,1.3415,0.09223481202387172
141,2020-08-05,4.97,4.93,4.98,4.92,329685,14.6794,1.354,0.09223810237475648
142,2020-08-06,4.93,4.93,4.95,4.86,418511,14.6119,1.3477,0.0922330429307619
143,2020-08-07,4.92,4.88,4.92,4.85,317773,14.3757,1.3259,0.09223203044025682
144,2020-08-10,4.88,5.01,5.05,4.86,725641,14.342,1.3228,0.09223260354204434
145,2020-08-11,5.04,5.13,5.34,5.01,1576767,14.6457,1.3508,0.09223184962139058
146,2020-08-12,5.11,5.23,5.28,5.06,1286801,14.6457,1.3508,0.09223184962139058
147,2020-08-13,5.21,5.13,5.21,5.09,740824,14.4914,1.4286,0.0985826076155513
148,2020-08-14,5.1,5.09,5.1,5.03,530498,14.6557,1.4448,0.09858280396023392
149,2020-08-17,5.1,5.13,5.14,5.06,466840,14.7543,1.4545,0.09858143049822762
150,2020-08-18,5.14,5.16,5.22,5.11,531640,14.7214,1.4512,0.09857758093659572
151,2020-08-19,5.15,5.17,5.25,5.09,746395,14.6228,1.4415,0.09857893153158082
152,2020-08-20,5.14,5.08,5.17,5.06,435904,14.6885,1.448,0.09858052217721347
153,2020-08-21,5.22,5.25,5.3,5.18,1125826,14.6228,1.4415,0.09857893153158082
154,2020-08-24,5.23,5.29,5.37,5.21,717195,14.6885,1.448,0.09858052217721347
155,2020-08-25,5.33,5.19,5.33,5.18,501947,14.6228,1.4415,0.09857893153158082
156,2020-08-26,5.19,5.12,5.21,5.1,415154,14.59,1.4383,0.09858122001370802
157,2020-08-27,5.13,5.15,5.18,5.08,291579,14.6885,1.448,0.09858052217721347
158,2020-08-28,5.15,5.16,5.17,5.09,353401,14.7543,1.4545,0.09858143049822762
159,2020-08-31,5.15,5.21,5.27,5.14,519099,14.7214,1.4512,0.09857758093659572
160,2020-09-01,5.2,5.22,5.26,5.16,327368,14.4257,1.4221,0.09858100473460558
161,2020-09-02,5.23,5.21,5.26,5.15,346679,14.4914,1.4286,0.0985826076155513
162,2020-09-03,5.28,5.38,5.52,5.28,1548118,14.3599,1.4156,0.0985800736773933
163,2020-09-04,5.25,5.28,5.32,5.2,747159,14.4585,1.4253,0.09857869073555348
164,2020-09-07,5.32,5.18,5.34,5.18,599948,14.3928,1.4188,0.09857706631093326
165,2020-09-08,5.2,5.23,5.24,5.13,426313,14.6557,1.4448,0.09858280396023392
166,2020-09-09,5.18,5.2,5.28,5.16,414914,14.5571,1.435,0.09857732652794857
167,2020-09-10,5.23,5.12,5.24,5.11,441553,14.6557,1.4448,0.09858280396023392
168,2020-09-11,5.1,5.09,5.12,5.03,308635,14.4585,1.4253,0.09857869073555348
169,2020-09-14,5.1,5.12,5.14,5.09,221837,14.2613,1.4059,0.09858147574204315
170,2020-09-15,5.13,5.1,5.14,5.07,180065,14.5899,1.4383,0.09858189569496706
171,2020-09-16,5.08,5.11,5.15,5.04,244021,14.5571,1.435,0.09857732652794857
172,2020-09-17,5.11,5.08,5.12,5.06,171891,14.6885,1.448,0.09858052217721347
173,2020-09-18,5.08,5.16,5.16,5.07,274065,14.8528,1.4642,0.09858073898524183
174,2020-09-21,5.16,5.13,5.17,5.12,194282,14.7214,1.4512,0.09857758093659572
175,2020-09-22,5.1,5.06,5.12,5.06,236859,14.9514,1.4739,0.09857939724708055
176,2020-09-23,5.08,5.01,5.09,4.99,283500,15.1814,1.4966,0.09858115852292937
177,2020-09-24,5.0,4.94,5.01,4.92,301413,15.3786,1.516,0.09857854421078642
178,2020-09-25,4.95,4.93,4.96,4.91,189483,15.5758,1.5355,0.09858241631248477
179,2020-09-28,4.93,4.96,4.98,4.92,210865,15.4115,1.5193,0.09858222755734354
180,2020-09-29,4.97,4.97,4.99,4.96,152744,15.8058,1.5581,0.09857773728631262
181,2020-09-30,4.98,4.94,4.99,4.9,178944,16.1015,1.5873,0.09858087755799148
182,2020-10-09,4.98,5.01,5.03,4.97,189338,15.7729,1.5549,0.09858047664031344
183,2020-10-12,5.03,5.1,5.11,5.02,268390,15.6743,1.5452,0.0985817548471064
184,2020-10-13,5.1,5.07,5.1,5.05,172405,15.6743,1.5452,0.0985817548471064
185,2020-10-14,5.08,5.15,5.18,5.03,433094,15.0829,1.4869,0.09858183771025467
186,2020-10-15,5.13,5.11,5.14,5.1,202979,15.3786,1.516,0.09857854421078642
187,2020-10-16,5.11,5.14,5.15,5.1,259987,15.4772,1.5257,0.09857726203706098
188,2020-10-19,5.12,5.05,5.16,5.05,378336,15.2472,1.5031,0.0985820347342463
189,2020-10-20,5.04,5.09,5.1,5.04,180608,15.51,1.529,0.09858156028368793
190,2020-10-21,5.08,5.08,5.09,5.04,151040,15.7072,1.5484,0.09857899561984312
191,2020-10-22,5.07,5.04,5.07,5.02,159283,15.7729,1.5549,0.09858047664031344
192,2020-10-23,5.04,5.02,5.06,5.0,196114,15.6415,1.5419,0.09857750215772144
193,2020-10-26,5.03,5.01,5.03,4.99,142359,15.7729,1.5549,0.09858047664031344
194,2020-10-27,5.0,4.99,5.03,4.97,173707,15.3786,1.516,0.09857854421078642
195,2020-10-28,4.99,5.0,5.0,4.94,180169,15.05,1.4836,0.098578073089701
196,2020-10-29,4.99,5.05,5.08,4.98,431887,15.0829,1.4869,0.09858183771025467
197,2020-10-30,5.05,4.98,5.09,4.96,345035,15.1814,1.4966,0.09858115852292937
198,2020-11-02,5.0,5.16,5.16,4.99,783912,15.1486,1.4933,0.09857676616981108
199,2020-11-03,5.17,5.16,5.18,5.12,389338,15.1486,1.4933,0.09857676616981108
200,2020-11-04,5.16,5.15,5.17,5.12,235012,15.1157,1.4901,0.09857962251169314
201,2020-11-05,5.16,5.19,5.19,5.12,364460,15.05,1.4836,0.098578073089701
202,2020-11-06,5.17,5.21,5.21,5.14,369257,14.9514,1.4739,0.09857939724708055
203,2020-11-09,5.21,5.25,5.26,5.2,458176,14.8857,1.4674,0.0985778297292032
204,2020-11-10,5.26,5.22,5.3,5.18,335476,14.5571,1.435,0.09857732652794857
205,2020-11-11,5.21,5.22,5.27,5.19,328813,15.9372,1.5711,0.09858067916572547
206,2020-11-12,5.21,5.17,5.25,5.16,255623,16.1672,1.5938,0.09858231481023307
207,2020-11-13,5.15,5.12,5.17,5.09,240301,16.233,1.6002,0.09857697283311773
208,2020-11-16,5.14,5.28,5.28,5.13,480583,16.4301,1.6197,0.09858126243906001
209,2020-11-17,5.27,5.26,5.27,5.22,273841,16.3973,1.6164,0.09857720478371439
210,2020-11-18,5.25,5.25,5.27,5.22,291169,16.4301,1.6197,0.09858126243906001
211,2020-11-19,5.23,5.23,5.26,5.21,221686,16.5287,1.6294,0.09858004561762268
212,2020-11-20,5.22,5.23,5.27,5.2,290144,16.6601,1.6424,0.09858284163960601
213,2020-11-23,5.22,5.28,5.31,5.19,548053,16.6273,1.6391,0.09857884322770383
214,2020-11-24,5.27,5.28,5.32,5.26,367314,16.693,1.6456,0.09858024321571915
215,2020-11-25,5.29,5.24,5.31,5.23,406598,16.8244,1.6586,0.09858301038967214
216,2020-11-26,5.24,5.34,5.36,5.23,654928,16.6601,1.6424,0.09858284163960601
217,2020-11-27,5.35,5.4,5.51,5.32,961624,16.8902,1.665,0.09857787355981575
218,2020-11-30,5.4,5.46,5.58,5.37,1196870,16.8573,1.6618,0.09858043696202833
219,2020-12-01,5.45,5.47,5.47,5.38,613301,16.7259,1.6488,0.09857765501407996
