,日期,开盘,收盘,最高,最低,成交量,pe,pb,roe
0,2020-01-03,8.67,8.82,8.98,8.66,1056619,75.4095,1.9031,0.02523687333823988
1,2020-01-06,8.64,8.72,8.93,8.58,986533,73.6938,1.8598,0.025236858460277525
2,2020-01-07,8.72,8.86,8.88,8.64,903605,74.3474,1.8763,0.02523692825841926
3,2020-01-08,8.73,8.47,8.78,8.46,854051,72.8768,1.8392,0.02523711249670677
4,2020-01-09,8.68,8.63,8.77,8.58,605102,73.367,1.8515,0.02523614158954298
5,2020-01-10,8.82,8.65,8.88,8.61,629089,74.6742,1.8845,0.025236293123997312
6,2020-01-13,8.59,8.78,8.79,8.46,645246,75.4095,1.9031,0.02523687333823988
7,2020-01-14,8.78,8.65,8.84,8.63,485439,74.0206,1.868,0.02523621802579282
8,2020-01-15,8.63,8.65,8.75,8.55,413166,73.6121,1.8577,0.0252363402212408
9,2020-01-16,8.6,8.64,8.7,8.55,318314,73.1219,1.8453,0.0252359416262433
10,2020-01-17,8.68,8.77,9.03,8.63,785997,73.0402,1.8433,0.02523678741295889
11,2020-01-20,8.73,8.9,8.97,8.71,582207,73.367,1.8515,0.02523614158954298
12,2020-01-21,8.92,8.78,8.97,8.77,518583,73.5304,1.8556,0.025235820830568037
13,2020-01-22,8.67,8.69,8.81,8.36,789655,72.4683,1.8288,0.025235861749206206
14,2020-01-23,8.41,8.27,8.58,8.13,701352,73.1219,1.8453,0.0252359416262433
15,2020-02-03,7.47,7.47,7.47,7.47,133501,74.8376,1.8886,0.025235977636909792
16,2020-02-04,6.89,7.39,7.47,6.89,859433,77.8605,1.9649,0.025236159541744532
17,2020-02-05,7.4,7.62,7.96,7.35,715730,75.9814,1.9175,0.02523643944439034
18,2020-02-06,7.57,7.86,7.94,7.57,779355,74.3474,1.8763,0.02523692825841926
19,2020-02-07,7.87,7.89,7.98,7.77,649636,73.6938,1.8598,0.025236858460277525
20,2020-02-10,7.81,7.94,8.06,7.8,527261,76.3082,1.9257,0.02523582000361691
21,2020-02-11,8.01,7.93,8.2,7.91,544684,74.9193,1.8907,0.025236487794199892
22,2020-02-12,7.86,8.04,8.15,7.86,559530,75.8997,1.9154,0.02523593637392506
23,2020-02-13,7.99,7.88,8.1,7.85,435391,78.6775,1.9855,0.025235931492485146
24,2020-02-14,7.85,7.98,8.13,7.83,579864,74.9193,1.8907,0.025236487794199892
25,2020-02-17,8.23,8.29,8.35,8.05,865086,73.2853,1.8495,0.025236984770479205
26,2020-02-18,8.3,8.22,8.35,8.16,543456,70.9977,1.7917,0.025236028772763062
27,2020-02-19,8.13,8.2,8.44,8.11,689809,71.1611,1.7959,0.02523710285535215
28,2020-02-20,8.17,8.66,8.81,8.11,1233353,73.1219,1.8453,0.0252359416262433
29,2020-02-21,8.54,8.53,8.83,8.45,1128964,68.3833,1.7258,0.025237155855303853
30,2020-02-24,8.43,8.32,8.46,8.29,1418563,68.1382,1.7578,0.025797570232263256
31,2020-02-25,8.02,8.26,8.29,7.92,1145174,67.9748,1.7536,0.025797795653683425
32,2020-02-26,8.07,8.06,8.31,8.02,799955,69.6088,1.7958,0.025798462263391986
33,2020-02-27,8.16,8.07,8.26,8.04,522574,69.6088,1.7958,0.025798462263391986
34,2020-02-28,7.84,7.55,7.98,7.53,714657,70.099,1.8084,0.025797800253926587
35,2020-03-02,7.64,7.82,7.92,7.56,600243,70.7526,1.8253,0.02579834521982231
36,2020-03-03,7.93,7.89,8.09,7.84,626228,71.4879,1.8443,0.02579877154035858
37,2020-03-04,7.86,8.07,8.11,7.86,613613,69.6905,1.7979,0.025798351281738546
38,2020-03-05,8.18,8.31,8.38,7.99,1170874,68.6284,1.7705,0.025798357531284424
39,2020-03-06,8.26,8.47,8.78,8.22,1663444,69.1186,1.7831,0.025797686874444795
40,2020-03-09,8.18,8.23,8.59,8.13,1177689,69.282,1.7874,0.025798908807482465
41,2020-03-10,8.38,8.57,8.6,8.23,1379652,68.5467,1.7684,0.025798470239996964
42,2020-03-11,8.42,8.19,8.45,8.19,1207129,67.648,1.7452,0.025798249763481555
43,2020-03-12,8.07,7.94,8.16,7.85,638629,69.0369,1.781,0.025797797989191285
44,2020-03-13,7.45,7.78,7.94,7.45,619211,69.5271,1.7937,0.02579857350587037
45,2020-03-16,7.89,7.56,8.0,7.51,669763,69.1186,1.7831,0.025797686874444795
46,2020-03-17,7.73,7.65,7.81,7.48,509343,69.282,1.7874,0.025798908807482465
47,2020-03-18,7.67,7.41,7.75,7.41,440934,66.6676,1.7199,0.025798138826056437
48,2020-03-19,7.43,7.46,7.58,7.24,469914,67.1578,1.7326,0.025798939214804535
49,2020-03-20,7.56,7.52,7.6,7.39,311865,67.5663,1.7431,0.025798363977308215
50,2020-03-23,7.3,7.23,7.47,7.21,287265,66.831,1.7241,0.025797908156394486
51,2020-03-24,7.38,7.34,7.4,7.18,285902,67.0761,1.7304,0.02579756425910272
52,2020-03-25,7.49,7.49,7.54,7.41,328844,67.4029,1.7389,0.02579859323560262
53,2020-03-26,7.42,7.38,7.48,7.36,187689,69.8539,1.8021,0.025798130097245825
54,2020-03-27,7.46,7.39,7.55,7.38,248852,70.6709,1.8232,0.02579845452654487
55,2020-03-30,7.31,7.5,7.58,7.26,421810,69.7722,1.8,0.02579824055999381
56,2020-03-31,7.53,7.41,7.54,7.39,272152,71.4062,1.8422,0.025798880209281547
57,2020-04-01,7.35,7.34,7.51,7.33,244437,71.5696,1.8464,0.02579866311953679
58,2020-04-02,7.29,7.47,7.47,7.29,223617,72.8768,1.8801,0.02579833362606481
59,2020-04-03,7.42,7.35,7.44,7.34,174980,71.4062,1.8422,0.025798880209281547
60,2020-04-07,7.48,7.49,7.55,7.41,363579,71.6513,1.8485,0.025798554945967483
61,2020-04-08,7.42,7.44,7.48,7.41,194332,72.2232,1.8632,0.02579780458356871
62,2020-04-09,7.51,7.5,7.58,7.47,288826,70.5892,1.8211,0.025798564086290818
63,2020-04-10,7.46,7.32,7.48,7.31,271092,70.3441,1.8148,0.025798894292485084
64,2020-04-13,7.28,7.21,7.32,7.18,207576,72.3866,1.8675,0.025798973843225124
65,2020-04-14,7.26,7.35,7.41,7.23,255129,73.1219,1.8864,0.02579801673643601
66,2020-04-15,7.35,7.31,7.44,7.3,227529,72.9585,1.8822,0.02579822775961677
67,2020-04-16,7.27,7.32,7.4,7.25,235488,72.3866,1.8675,0.025798973843225124
68,2020-04-17,7.35,7.29,7.38,7.28,206741,73.6121,1.8991,0.02579874776021877
69,2020-04-20,7.53,7.61,7.69,7.49,746787,75.0827,1.9539,0.026023304969054122
70,2020-04-21,7.47,7.44,7.51,7.36,391104,75.3278,1.9603,0.02602359288337108
71,2020-04-22,7.4,7.44,7.5,7.35,276555,71.3245,1.8561,0.026023315971370288
72,2020-04-23,7.43,7.33,7.45,7.31,245898,70.5892,1.8369,0.026022394360610403
73,2020-04-24,7.3,7.26,7.39,7.25,222202,70.3441,1.8306,0.02602350445879612
74,2020-04-27,7.27,7.22,7.31,7.21,161559,71.2428,1.854,0.026023682393168154
75,2020-04-28,7.3,7.23,7.33,7.08,239916,73.9389,1.9241,0.026022837775514646
76,2020-04-29,7.19,7.2,7.26,7.17,130827,72.7951,1.8943,0.026022355900328455
77,2020-04-30,7.31,7.35,7.37,7.26,286013,75.5729,1.9666,0.02602255570449195
78,2020-05-06,7.24,7.36,7.38,7.22,219960,74.0206,1.9262,0.026022485632378013
79,2020-05-07,7.36,7.35,7.45,7.33,246545,74.7559,1.9454,0.026023364042169247
80,2020-05-08,7.42,7.47,7.56,7.35,403877,71.8147,1.8688,0.02602252742126612
81,2020-05-11,7.48,7.42,7.51,7.38,250763,70.099,1.8242,0.026023195765988102
82,2020-05-12,7.45,7.39,7.47,7.35,156164,69.3637,1.8051,0.02602369827445768
83,2020-05-13,7.37,7.43,7.45,7.37,165054,69.9356,1.8199,0.02602251213973999
84,2020-05-14,7.41,7.36,7.42,7.33,143992,67.8931,1.7668,0.026023263041457818
85,2020-05-15,7.38,7.37,7.42,7.34,119268,68.6284,1.7859,0.026022754428195908
86,2020-05-18,7.37,7.3,7.39,7.3,138295,68.3016,1.7774,0.02602281644939504
87,2020-05-19,7.35,7.34,7.39,7.3,128367,72.2232,1.8795,0.02602349383577576
88,2020-05-20,7.34,7.31,7.36,7.27,135788,73.2853,1.9071,0.026022954125861527
89,2020-05-21,7.33,7.23,7.34,7.23,164448,74.0206,1.9262,0.026022485632378013
90,2020-05-22,7.23,7.13,7.26,7.13,179613,76.3899,1.9879,0.026023073730951345
91,2020-05-25,7.13,7.15,7.17,7.09,102089,69.4454,1.8072,0.02602332191909039
92,2020-05-26,7.17,7.19,7.2,7.16,103597,68.3016,1.7774,0.02602281644939504
93,2020-05-27,7.19,7.12,7.21,7.12,92118,70.4258,1.8327,0.02602313356752781
94,2020-05-28,7.14,7.22,7.29,7.13,186740,73.7755,1.9199,0.026023544401596738
95,2020-05-29,7.2,7.15,7.21,7.15,119560,75.0827,1.9539,0.026023304969054122
96,2020-06-01,7.28,7.37,7.41,7.28,427360,73.2036,1.905,0.026023310329000217
97,2020-06-02,7.38,7.36,7.4,7.32,235155,73.2853,1.9071,0.026022954125861527
98,2020-06-03,7.36,7.27,7.38,7.24,235247,74.6742,1.9432,0.026022374528284202
99,2020-06-04,7.28,7.22,7.29,7.21,164194,69.6905,1.8136,0.026023633063330012
100,2020-06-05,7.24,7.29,7.3,7.21,188287,73.367,1.9092,0.026022598716043996
101,2020-06-08,7.33,7.25,7.34,7.23,131020,66.831,1.7391,0.026022354895183373
102,2020-06-09,7.26,7.28,7.32,7.22,170697,62.6642,1.6307,0.026022832813632026
103,2020-06-10,7.26,7.21,7.26,7.2,159310,58.7426,1.5287,0.02602370341115306
104,2020-06-11,7.21,7.18,7.29,7.18,190441,57.8439,1.5053,0.026023487351302388
105,2020-06-12,7.09,7.12,7.16,7.07,201858,56.6184,1.4734,0.026023342235033133
106,2020-06-15,7.16,7.08,7.21,7.08,195829,58.2524,1.5159,0.026022962144049
107,2020-06-16,7.13,7.15,7.16,7.1,143299,58.7426,1.5287,0.02602370341115306
108,2020-06-17,7.15,7.14,7.17,7.08,143438,58.5792,1.5244,0.026022888670381297
109,2020-06-18,7.14,7.16,7.28,7.11,211254,57.5171,1.4968,0.026023565165837637
110,2020-06-19,7.16,7.27,7.37,7.13,504243,56.6184,1.4734,0.026023342235033133
111,2020-06-22,7.27,7.4,7.61,7.26,755114,56.455,1.4691,0.026022495793109557
112,2020-06-23,7.36,7.42,7.43,7.31,387547,56.5367,1.4713,0.026023804006954775
113,2020-06-24,7.45,7.36,7.53,7.34,304172,55.9648,1.4564,0.026023500486019785
114,2020-06-29,7.31,7.16,7.32,7.14,346072,56.2916,1.4649,0.026023420901164652
115,2020-06-30,7.21,7.31,7.38,7.16,343751,56.7818,1.4776,0.02602242267768898
116,2020-07-01,7.33,7.42,7.43,7.28,414555,57.0269,1.484,0.026022806780659654
117,2020-07-02,7.42,7.9,8.03,7.39,1201718,57.5988,1.4989,0.026023111592602625
118,2020-07-03,8.0,8.41,8.57,7.78,1714749,57.3537,1.4925,0.02602273262230684
119,2020-07-06,8.59,9.21,9.22,8.49,1969933,57.6805,1.501,0.02602265930427094
120,2020-07-07,9.23,8.76,9.28,8.58,1737586,57.1086,1.4861,0.026022350399064236
121,2020-07-08,8.71,9.37,9.61,8.68,1951993,57.5171,1.4968,0.026023565165837637
122,2020-07-09,9.17,9.2,9.41,9.02,1596356,58.2524,1.5159,0.026022962144049
123,2020-07-10,9.03,9.19,9.45,8.94,1434618,58.3341,1.518,0.026022515132658255
124,2020-07-13,9.23,9.42,9.63,9.05,1567815,56.5367,1.4713,0.026023804006954775
125,2020-07-14,9.33,9.26,9.38,9.08,1091329,57.1086,1.4861,0.026022350399064236
126,2020-07-15,9.31,8.85,9.4,8.82,965359,56.2916,1.4649,0.026023420901164652
127,2020-07-16,8.85,8.59,9.28,8.55,1171541,56.8635,1.4798,0.026023723478153824
128,2020-07-17,8.64,8.73,8.93,8.28,1084907,56.5367,1.4713,0.026023804006954775
129,2020-07-20,9.11,9.58,9.58,9.03,1116865,56.3733,1.467,0.026022957676772516
130,2020-07-21,10.52,9.29,10.52,9.25,2881949,57.1903,1.4883,0.0260236438696772
131,2020-07-22,8.95,9.2,9.58,8.93,1907452,57.8439,1.5053,0.026023487351302388
132,2020-07-23,8.99,9.07,9.18,8.79,1121910,58.089,1.5116,0.026022138442734426
133,2020-07-24,8.98,8.59,9.06,8.47,1000486,57.7622,1.5031,0.02602220829539041
134,2020-07-27,8.55,8.63,8.66,8.41,616147,58.3341,1.518,0.026022515132658255
135,2020-07-28,8.67,8.54,8.7,8.49,442945,58.2524,1.5159,0.026022962144049
136,2020-07-29,8.51,8.79,8.87,8.45,749453,58.8243,1.5308,0.02602325909530585
137,2020-07-30,8.79,8.72,8.9,8.69,560960,58.4975,1.5223,0.026023334330526945
138,2020-07-31,8.68,8.81,9.02,8.68,653347,58.7426,1.5287,0.02602370341115306
139,2020-08-03,9.16,9.02,9.27,8.88,752395,59.1511,1.5393,0.02602318469140895
140,2020-08-04,9.06,9.38,9.81,8.96,1294002,58.1707,1.5138,0.026023410411083244
141,2020-08-05,9.24,9.29,9.32,9.07,650291,58.2524,1.5159,0.026022962144049
142,2020-08-06,9.34,9.48,9.58,9.09,858136,58.1707,1.5138,0.026023410411083244
143,2020-08-07,9.22,9.14,9.37,9.04,755856,56.9452,1.4819,0.026023264471807982
144,2020-08-10,9.05,9.28,9.44,9.02,840311,57.1903,1.4883,0.0260236438696772
145,2020-08-11,9.34,8.95,9.36,8.91,637115,57.1086,1.4861,0.026022350399064236
146,2020-08-12,8.88,8.84,9.04,8.69,477845,87.5033,1.4946,0.01708049867833556
147,2020-08-13,8.94,8.87,9.08,8.79,326319,88.3746,1.5095,0.017080699658046542
148,2020-08-14,8.83,8.96,8.98,8.82,289132,89.7437,1.5329,0.017080864729223332
149,2020-08-17,9.13,9.45,9.83,9.11,1375439,89.7437,1.5329,0.017080864729223332
150,2020-08-18,9.44,9.42,9.55,9.35,614286,91.8598,1.5691,0.0170814654506106
151,2020-08-19,9.32,9.24,9.43,9.21,503985,87.8767,1.501,0.01708075064266182
152,2020-08-20,9.2,9.09,9.27,9.03,432083,88.2501,1.5074,0.017081000474786997
153,2020-08-21,9.14,9.16,9.26,9.03,342396,88.1256,1.5053,0.017081302141488966
154,2020-08-24,9.17,9.18,9.25,9.11,332847,88.6235,1.5162,0.01710832905493464
155,2020-08-25,9.18,9.09,9.3,9.07,326900,86.8809,1.4864,0.017108478388230323
156,2020-08-26,9.08,8.84,9.1,8.78,471703,88.2501,1.5098,0.017108195911392735
157,2020-08-27,8.86,8.87,8.91,8.79,214769,90.4906,1.5482,0.017108959383626585
158,2020-08-28,8.85,9.07,9.13,8.83,363610,89.7437,1.5354,0.017108721837856028
159,2020-08-31,9.09,9.0,9.25,8.99,441243,90.3661,1.546,0.017108185481059822
160,2020-09-01,9.02,8.97,9.04,8.89,237292,88.6235,1.5162,0.01710832905493464
161,2020-09-02,9.09,9.15,9.31,9.0,618241,90.1172,1.5418,0.0171088316103918
162,2020-09-03,9.08,8.99,9.22,8.96,386959,88.499,1.5141,0.01710866789455248
163,2020-09-04,8.85,8.97,9.07,8.82,278881,89.3703,1.529,0.017108592004278826
164,2020-09-07,8.91,8.77,9.01,8.74,263482,90.4906,1.5482,0.017108959383626585
165,2020-09-08,8.77,8.88,8.97,8.75,294406,89.1214,1.5248,0.017109246488497713
166,2020-09-09,8.78,8.78,8.93,8.77,273414,88.9969,1.5226,0.01710846108122867
167,2020-09-10,8.85,8.48,8.88,8.45,320745,90.3661,1.546,0.017108185481059822
168,2020-09-11,8.5,8.44,8.55,8.35,193093,88.499,1.5141,0.01710866789455248
169,2020-09-14,8.48,8.41,8.52,8.38,172599,87.1298,1.4907,0.017108956981423118
170,2020-09-15,8.44,8.5,8.63,8.41,217453,90.7395,1.5524,0.01710831556268218
171,2020-09-16,8.45,8.45,8.56,8.42,154272,89.9927,1.5397,0.01710916552120339
172,2020-09-17,8.42,8.39,8.47,8.37,143949,89.3703,1.529,0.017108592004278826
173,2020-09-18,8.39,8.71,8.75,8.37,384666,92.3576,1.5801,0.017108500004330993
174,2020-09-21,8.98,8.69,9.0,8.67,454934,91.2374,1.561,0.01710921179253245
175,2020-09-22,8.61,8.74,8.97,8.58,431048,93.9758,1.6078,0.01710865988903526
176,2020-09-23,8.69,8.68,8.81,8.65,186506,95.9673,1.6419,0.017108952737026048
177,2020-09-24,8.63,8.51,8.77,8.46,285021,99.0791,1.6951,0.01710855266145938
178,2020-09-25,8.55,8.62,8.72,8.51,234849,103.809,1.776,0.01710834320723637
179,2020-09-28,8.58,8.71,8.75,8.55,199717,99.577,1.7036,0.017108368398324914
180,2020-09-29,8.72,8.69,8.78,8.68,149769,102.5643,1.7547,0.01710829206653777
181,2020-09-30,8.66,8.63,8.74,8.6,164400,100.5727,1.7207,0.017109016661579136
182,2020-10-09,8.68,8.76,8.79,8.68,179141,97.5854,1.6696,0.017109116732625985
183,2020-10-12,8.79,8.98,9.01,8.78,369744,95.3449,1.6312,0.01710841376937833
184,2020-10-13,8.91,8.89,8.93,8.86,199998,94.4736,1.6163,0.01710848321647529
185,2020-10-14,8.89,8.81,8.92,8.75,162509,91.1129,1.5588,0.017108444578100356
186,2020-10-15,8.83,8.75,8.92,8.74,145679,97.5854,1.6696,0.017109116732625985
187,2020-10-16,8.74,8.75,8.81,8.71,125273,97.461,1.6674,0.01710838181426417
188,2020-10-19,8.83,8.55,8.87,8.53,240884,99.9504,1.71,0.017108485808961245
189,2020-10-20,8.55,8.57,8.59,8.47,152495,100.6972,1.7228,0.017108718017978655
190,2020-10-21,8.56,8.6,8.67,8.52,137878,103.3111,1.7675,0.017108519800873287
191,2020-10-22,8.6,9.18,9.44,8.55,1000372,104.9292,1.7952,0.017108678994979473
192,2020-10-23,9.16,8.94,9.16,8.93,678916,99.2036,1.6972,0.01710825010382688
193,2020-10-26,8.85,8.92,9.16,8.77,606788,99.4525,1.7015,0.01710866996807521
194,2020-10-27,8.83,9.2,9.38,8.78,818504,100.3238,1.7164,0.01710860234560493
195,2020-10-28,9.11,9.4,9.71,9.08,1146875,96.4652,1.6504,0.017108760464913775
196,2020-10-29,9.28,9.86,10.21,9.26,1512259,95.2205,1.6291,0.01710871083432664
197,2020-10-30,9.74,9.52,9.99,9.52,1223971,97.212,1.6632,0.017108998889026044
198,2020-11-02,9.65,9.4,9.83,9.19,957131,95.8428,1.6397,0.017108223048575375
199,2020-11-03,9.42,9.57,9.76,9.34,842950,95.9673,1.6419,0.017108952737026048
200,2020-11-04,9.45,9.25,9.45,9.1,784408,95.3449,1.6312,0.01710841376937833
201,2020-11-05,9.36,9.33,9.51,9.25,589556,94.9715,1.6248,0.017108290381851396
202,2020-11-06,9.38,9.53,9.56,9.29,738065,91.9842,1.5737,0.01710837295970395
203,2020-11-09,9.71,9.76,10.0,9.5,1029820,89.1214,1.5248,0.017109246488497713
204,2020-11-10,9.73,9.39,9.73,9.35,651052,90.1172,1.5418,0.0171088316103918
205,2020-11-11,9.34,9.18,9.42,9.16,436950,100.0749,1.7122,0.017109185220270016
206,2020-11-12,9.18,9.1,9.28,9.07,331279,105.3026,1.8016,0.017108789336635562
207,2020-11-13,9.06,9.23,9.28,8.98,381264,106.4229,1.8208,0.01710909963926937
208,2020-11-16,9.3,9.21,9.33,9.06,342743,107.9165,1.8463,0.01710859785111637
209,2020-11-17,9.18,9.17,9.19,9.06,256465,106.2984,1.8186,0.017108441895644713
210,2020-11-18,9.15,9.18,9.3,9.14,298200,104.6803,1.7909,0.017108281118796944
211,2020-11-19,9.14,9.24,9.24,9.01,321735,104.8048,1.7931,0.0171089492084332
212,2020-11-20,9.2,9.29,9.31,9.18,289156,104.8048,1.7931,0.0171089492084332
213,2020-11-23,9.26,9.46,9.63,9.25,735623,106.4229,1.8208,0.01710909963926937
214,2020-11-24,9.39,9.37,9.5,9.35,338478,104.8048,1.7931,0.0171089492084332
215,2020-11-25,9.45,9.21,9.51,9.21,337575,104.5558,1.7888,0.01710856786519734
216,2020-11-26,9.18,9.15,9.28,9.11,250151,102.5643,1.7547,0.01710829206653777
217,2020-11-27,9.13,9.33,9.33,9.11,255354,107.4187,1.8378,0.017108752945250688
218,2020-11-30,9.36,9.25,9.63,9.25,829574,105.6761,1.808,0.017108882708578382
219,2020-12-01,9.21,9.46,9.55,9.16,668146,106.9208,1.8293,0.01710892548503191
