,日期,开盘,收盘,最高,最低,成交量,pe,pb,roe
0,2020-01-03,10.66,10.66,10.7,10.64,705831,6.8423,0.8286,0.12109963024129314
1,2020-01-06,10.64,10.58,10.67,10.56,828713,6.7018,0.8115,0.12108687218359246
2,2020-01-07,10.6,10.57,10.64,10.56,1106436,6.5893,0.7979,0.12109025237885665
3,2020-01-08,10.55,10.48,10.55,10.48,971101,6.3175,0.765,0.12109220419469727
4,2020-01-09,10.53,10.5,10.54,10.47,848503,6.205,0.7514,0.12109589041095889
5,2020-01-10,10.51,10.5,10.52,10.48,530992,6.2237,0.7537,0.12110159551392259
6,2020-01-13,10.5,10.51,10.51,10.46,735764,6.2893,0.7616,0.12109455742292466
7,2020-01-14,10.52,10.5,10.54,10.5,546323,6.1581,0.7457,0.12109254477842192
8,2020-01-15,10.51,10.48,10.51,10.47,439992,6.2331,0.7548,0.1210954420753718
9,2020-01-16,10.49,10.42,10.49,10.41,941076,6.1581,0.7457,0.12109254477842192
10,2020-01-17,10.42,10.41,10.47,10.4,553205,6.0738,0.7355,0.1210938786262307
11,2020-01-20,10.42,10.43,10.44,10.4,739731,6.0175,0.7287,0.12109680099709182
12,2020-01-21,10.42,10.37,10.42,10.36,894649,5.9988,0.7264,0.1210908848436354
13,2020-01-22,10.35,10.38,10.39,10.32,870633,6.1206,0.7412,0.12109923863673497
14,2020-01-23,10.35,10.29,10.36,10.24,1255990,6.1675,0.7468,0.12108633968382651
15,2020-02-03,9.71,9.73,9.96,9.61,1936615,6.0456,0.7321,0.12109633452428212
16,2020-02-04,9.72,9.98,10.05,9.7,1654195,5.9988,0.7264,0.1210908848436354
17,2020-02-05,9.98,10.02,10.08,9.91,1036252,5.9894,0.7253,0.12109727184692957
18,2020-02-06,10.05,9.99,10.05,9.93,1439352,5.9613,0.7219,0.12109774713569188
19,2020-02-07,9.95,9.93,9.95,9.87,1082384,5.9519,0.7207,0.12108738386061593
20,2020-02-10,9.9,9.92,9.93,9.86,698717,5.8769,0.7117,0.1211012608688254
21,2020-02-11,9.93,9.99,9.99,9.9,948842,5.8488,0.7083,0.12110176446450555
22,2020-02-12,9.98,9.99,9.99,9.94,631234,5.8957,0.7139,0.12108825075902777
23,2020-02-13,9.99,9.92,9.99,9.9,919536,5.8957,0.7555,0.12814424071781128
24,2020-02-14,9.9,9.95,9.97,9.88,688549,5.8957,0.7555,0.12814424071781128
25,2020-02-17,9.94,10.05,10.05,9.92,909928,5.9894,0.7675,0.12814305272648346
26,2020-02-18,10.04,10.01,10.05,9.98,844002,6.0363,0.7735,0.1281414111293342
27,2020-02-19,9.99,10.02,10.05,9.98,909092,6.0644,0.7771,0.12814128355649362
28,2020-02-20,10.02,10.07,10.08,9.94,1227634,6.0644,0.7771,0.12814128355649362
29,2020-02-21,10.04,10.08,10.13,10.01,925764,6.0269,0.7723,0.1281421626375085
30,2020-02-24,10.08,10.02,10.08,10.01,880498,5.9519,0.7627,0.12814395403148574
31,2020-02-25,9.95,9.94,9.98,9.91,889276,6.1112,0.7831,0.12814177248330932
32,2020-02-26,9.89,9.95,9.99,9.85,838203,5.9988,0.7687,0.1281422951256918
33,2020-02-27,9.95,9.97,9.97,9.92,725983,5.8394,0.7483,0.12814672740350033
34,2020-02-28,9.91,9.79,9.94,9.79,1279464,5.7832,0.7411,0.12814704661778945
35,2020-03-02,9.8,9.89,9.91,9.8,804392,5.7832,0.7411,0.12814704661778945
36,2020-03-03,9.93,9.9,9.97,9.89,901535,5.8394,0.7483,0.12814672740350033
37,2020-03-04,9.9,9.9,9.93,9.87,879905,5.7551,0.7375,0.12814720856283993
38,2020-03-05,9.92,10.02,10.03,9.88,1666223,5.7644,0.7387,0.12814863645826105
39,2020-03-06,9.96,9.93,10.01,9.92,835120,5.7551,0.7375,0.12814720856283993
40,2020-03-09,9.87,9.77,9.87,9.76,1639688,5.8019,0.7435,0.12814767576138852
41,2020-03-10,9.74,9.82,9.85,9.74,1227945,5.7551,0.7375,0.12814720856283993
42,2020-03-11,9.83,9.81,9.89,9.8,777638,5.7457,0.7363,0.12814800633517237
43,2020-03-12,9.78,9.83,9.85,9.74,1020851,5.7832,0.7411,0.12814704661778945
44,2020-03-13,9.65,9.78,9.82,9.62,1153689,5.8019,0.7435,0.12814767576138852
45,2020-03-16,9.78,9.71,9.83,9.66,1386621,5.8207,0.7459,0.12814609926641124
46,2020-03-17,9.67,9.74,9.76,9.59,1212003,5.8488,0.7495,0.12814594446724115
47,2020-03-18,9.73,9.67,9.78,9.66,882964,5.7644,0.7387,0.12814863645826105
48,2020-03-19,9.63,9.48,9.67,9.43,1563421,5.7457,0.7363,0.12814800633517237
49,2020-03-20,9.53,9.6,9.67,9.46,1204484,5.7363,0.7351,0.1281488067221031
50,2020-03-23,9.46,9.44,9.5,9.4,952815,5.7457,0.7363,0.12814800633517237
51,2020-03-24,9.5,9.65,9.66,9.5,1048876,5.7644,0.7387,0.12814863645826105
52,2020-03-25,9.72,9.66,9.74,9.64,1129855,5.7551,0.7375,0.12814720856283993
53,2020-03-26,9.6,9.68,9.74,9.6,1015230,5.7926,0.7423,0.1281462555674481
54,2020-03-27,9.72,9.76,9.79,9.72,759302,5.8301,0.7471,0.12814531483164954
55,2020-03-30,9.71,9.76,9.78,9.68,768983,5.727,0.7339,0.128147372097084
56,2020-03-31,9.78,9.62,9.8,9.6,989833,5.727,0.7339,0.128147372097084
57,2020-04-01,9.61,9.66,9.68,9.6,432432,5.7457,0.7363,0.12814800633517237
58,2020-04-02,9.63,9.72,9.72,9.62,366280,5.7832,0.7411,0.12814704661778945
59,2020-04-03,9.68,9.68,9.73,9.65,407487,5.8113,0.7447,0.12814688623887943
60,2020-04-07,9.76,9.71,9.77,9.67,925805,5.8113,0.7324,0.1260303202381567
61,2020-04-08,9.68,9.65,9.7,9.63,527125,5.8207,0.7336,0.12603295136323808
62,2020-04-09,9.67,9.68,9.68,9.64,358558,5.7644,0.7265,0.12603219762681286
63,2020-04-10,9.68,9.65,9.68,9.63,433716,5.7738,0.7277,0.126034847067789
64,2020-04-13,9.62,9.6,9.64,9.59,391994,5.8207,0.7336,0.12603295136323808
65,2020-04-14,9.59,9.64,9.64,9.59,452827,5.8301,0.7348,0.12603557400387644
66,2020-04-15,9.62,9.62,9.65,9.61,342076,5.8301,0.7348,0.12603557400387644
67,2020-04-16,9.61,9.62,9.64,9.6,348280,5.8113,0.7324,0.1260303202381567
68,2020-04-17,9.64,9.63,9.65,9.6,837998,5.8769,0.7407,0.12603583521924824
69,2020-04-20,9.62,9.59,9.63,9.59,490513,5.9238,0.7466,0.1260339646848307
70,2020-04-21,9.6,9.52,9.6,9.5,483937,5.9707,0.7525,0.12603212353660373
71,2020-04-22,9.5,9.53,9.53,9.47,381644,5.8394,0.7359,0.12602322156385928
72,2020-04-23,9.53,9.48,9.53,9.47,482795,5.8113,0.7324,0.1260303202381567
73,2020-04-24,9.49,9.47,9.49,9.45,307280,5.8207,0.7336,0.12603295136323808
74,2020-04-27,9.47,9.53,9.58,9.47,685709,5.8113,0.7324,0.1260303202381567
75,2020-04-28,9.53,9.55,9.58,9.47,647167,5.8207,0.7336,0.12603295136323808
76,2020-04-29,9.56,9.71,9.71,9.56,1031207,5.7926,0.73,0.12602285674826502
77,2020-04-30,9.71,9.72,9.76,9.7,510898,5.8019,0.7312,0.12602768058739378
78,2020-05-06,9.64,9.62,9.65,9.59,685852,5.8207,0.7336,0.12603295136323808
79,2020-05-07,9.6,9.59,9.62,9.58,534243,5.8582,0.7383,0.12602847290976749
80,2020-05-08,9.61,9.63,9.64,9.6,615141,5.7644,0.7265,0.12603219762681286
81,2020-05-11,9.64,9.67,9.68,9.63,580235,5.7363,0.723,0.12603943308404372
82,2020-05-12,9.67,9.63,9.72,9.61,486629,5.7363,0.723,0.12603943308404372
83,2020-05-13,9.62,9.66,9.67,9.6,356542,5.7551,0.7253,0.12602734965508852
84,2020-05-14,9.65,9.6,9.65,9.6,329527,5.6988,0.7182,0.1260265319014529
85,2020-05-15,9.63,9.59,9.63,9.59,370461,5.6801,0.7159,0.12603651344166475
86,2020-05-18,9.61,9.6,9.63,9.57,468427,5.7363,0.723,0.12603943308404372
87,2020-05-19,9.64,9.67,9.7,9.62,905669,5.8769,0.7407,0.12603583521924824
88,2020-05-20,9.68,9.7,9.73,9.65,561380,5.9425,0.7489,0.12602440050483804
89,2020-05-21,9.68,9.72,9.75,9.68,582498,5.9707,0.7525,0.12603212353660373
90,2020-05-22,9.72,9.6,9.75,9.59,910668,5.9988,0.756,0.1260252050410082
91,2020-05-25,9.6,9.61,9.64,9.58,441702,5.8957,0.743,0.12602405142731143
92,2020-05-26,9.63,9.62,9.65,9.61,412207,5.905,0.7442,0.12602878916172733
93,2020-05-27,9.63,9.65,9.7,9.62,456330,5.9144,0.7454,0.12603138103611525
94,2020-05-28,9.68,9.71,9.79,9.67,765035,6.0175,0.7584,0.126032405484005
95,2020-05-29,9.7,9.65,9.72,9.64,475965,6.0925,0.7678,0.12602379975379566
96,2020-06-01,9.68,9.68,9.73,9.66,542272,6.1394,0.7737,0.12602208684887775
97,2020-06-02,9.67,9.7,9.71,9.66,871349,6.7205,0.8161,0.12143441708206235
98,2020-06-03,9.72,9.72,9.76,9.7,761675,6.7767,0.823,0.12144554134018032
99,2020-06-04,9.74,9.68,9.74,9.68,428134,6.7955,0.8252,0.12143330144948865
100,2020-06-05,9.7,9.72,9.73,9.67,465149,6.7955,0.8252,0.12143330144948865
101,2020-06-08,9.71,9.68,9.73,9.67,916960,6.2612,0.7604,0.12144636810834984
102,2020-06-09,9.68,9.72,9.72,9.66,727648,6.0738,0.7376,0.12143962593434093
103,2020-06-10,9.72,9.68,9.72,9.67,537316,5.9613,0.7239,0.12143324442655126
104,2020-06-11,9.68,9.63,9.71,9.62,898946,5.9144,0.7182,0.12143243608819153
105,2020-06-12,9.59,9.66,9.66,9.58,895596,5.8863,0.7148,0.12143451743879856
106,2020-06-15,9.61,9.55,9.62,9.53,937620,5.9238,0.7194,0.12144231743137851
107,2020-06-16,9.59,9.59,9.62,9.56,517173,5.8769,0.7137,0.12144157634126836
108,2020-06-17,9.58,9.59,9.63,9.57,418317,5.905,0.7171,0.12143945808636747
109,2020-06-18,9.56,9.56,9.58,9.52,857071,5.8863,0.7148,0.12143451743879856
110,2020-06-19,9.56,9.56,9.58,9.52,718036,5.8863,0.7148,0.12143451743879856
111,2020-06-22,9.56,9.58,9.62,9.55,777327,5.9144,0.7182,0.12143243608819153
112,2020-06-23,9.57,9.55,9.59,9.53,548727,5.9144,0.7182,0.12143243608819153
113,2020-06-24,9.55,9.6,9.61,9.55,680153,5.8769,0.7137,0.12144157634126836
114,2020-06-29,9.66,9.56,9.68,9.52,1131831,5.98,0.7262,0.12143812709030098
115,2020-06-30,9.58,9.59,9.61,9.56,726096,5.9519,0.7228,0.12144021236915942
116,2020-07-01,9.59,9.64,9.65,9.56,961277,5.9988,0.7285,0.1214409548576382
117,2020-07-02,9.64,9.77,9.83,9.63,2159931,6.0269,0.7319,0.12143888234415702
118,2020-07-03,9.78,9.98,9.99,9.78,2028626,5.9988,0.7285,0.1214409548576382
119,2020-07-06,10.05,10.59,10.63,10.05,3831752,6.0269,0.7319,0.12143888234415702
120,2020-07-07,10.65,10.59,10.93,10.39,3221484,5.9988,0.7285,0.1214409548576382
121,2020-07-08,10.52,10.57,10.64,10.41,2052587,6.0269,0.7319,0.12143888234415702
122,2020-07-09,10.52,10.51,10.56,10.41,1678540,6.0081,0.7296,0.12143606131722176
123,2020-07-10,10.51,10.19,10.52,10.16,2312000,5.9988,0.7285,0.1214409548576382
124,2020-07-13,10.14,10.13,10.19,10.1,2591244,5.9707,0.7251,0.12144304687892542
125,2020-07-14,10.11,10.05,10.14,9.99,1700162,6.0175,0.7308,0.12144578313253011
126,2020-07-15,10.06,9.93,10.09,9.92,1371337,5.9707,0.7251,0.12144304687892542
127,2020-07-16,9.96,9.92,10.02,9.9,1589368,5.9425,0.7217,0.12144720235591082
128,2020-07-17,9.96,9.91,9.97,9.88,1029948,5.9332,0.7205,0.12143531315310456
129,2020-07-20,9.93,10.03,10.05,9.91,1293219,5.9238,0.7194,0.12144231743137851
130,2020-07-21,10.05,9.99,10.07,9.95,927177,6.0269,0.7319,0.12143888234415702
131,2020-07-22,9.98,9.96,10.06,9.95,1042185,6.0081,0.7296,0.12143606131722176
132,2020-07-23,9.93,9.89,9.96,9.87,1347029,5.9894,0.7274,0.1214478912745851
133,2020-07-24,9.88,9.73,9.88,9.68,1884913,5.9238,0.7194,0.12144231743137851
134,2020-07-27,9.75,9.66,9.75,9.64,1379497,5.9144,0.7182,0.12143243608819153
135,2020-07-28,9.7,9.68,9.72,9.64,1001372,5.9238,0.7194,0.12144231743137851
136,2020-07-29,9.67,9.75,9.75,9.65,905185,5.98,0.7262,0.12143812709030098
137,2020-07-30,9.75,9.73,9.77,9.71,740575,5.9519,0.7228,0.12144021236915942
138,2020-07-31,9.72,9.73,9.79,9.7,852677,5.9894,0.7274,0.1214478912745851
139,2020-08-03,9.73,9.76,9.77,9.72,1039074,5.9519,0.7228,0.12144021236915942
140,2020-08-04,9.77,9.87,9.89,9.74,1617802,5.9144,0.7182,0.12143243608819153
141,2020-08-05,9.83,9.82,9.86,9.78,842266,5.9425,0.7217,0.12144720235591082
142,2020-08-06,9.82,9.8,9.87,9.76,744818,6.0269,0.7319,0.12143888234415702
143,2020-08-07,9.8,9.79,9.83,9.76,651436,6.0175,0.7308,0.12144578313253011
144,2020-08-10,9.78,9.82,9.86,9.75,744668,5.8769,0.7477,0.12722693937279858
145,2020-08-11,9.82,9.81,9.89,9.8,914684,5.8675,0.7465,0.1272262462718364
146,2020-08-12,9.77,9.82,9.83,9.77,823678,5.8113,0.7393,0.12721766214100114
147,2020-08-13,9.82,9.81,9.86,9.8,437976,5.8207,0.7405,0.12721837579672549
148,2020-08-14,9.82,9.85,9.86,9.79,663806,5.8675,0.7465,0.1272262462718364
149,2020-08-17,9.85,9.99,10.05,9.85,2181706,5.8582,0.7453,0.12722337919497456
150,2020-08-18,9.99,9.94,9.99,9.92,987546,5.9144,0.7524,0.12721493304477208
151,2020-08-19,9.95,9.89,9.95,9.89,651401,5.9519,0.7572,0.12721987936625279
152,2020-08-20,9.9,9.81,9.9,9.8,840197,5.9425,0.756,0.12721918384518302
153,2020-08-21,9.85,9.83,9.86,9.81,446700,5.9425,0.756,0.12721918384518302
154,2020-08-24,9.85,9.83,9.88,9.82,489656,5.9613,0.7584,0.1272205726938755
155,2020-08-25,9.85,9.82,9.87,9.81,426094,5.9238,0.7536,0.12721563861035148
156,2020-08-26,9.82,9.77,9.83,9.76,579029,5.9707,0.7596,0.12722126383841093
157,2020-08-27,9.78,9.76,9.79,9.74,599138,5.9988,0.7632,0.12722544508901779
158,2020-08-28,9.76,9.82,9.82,9.74,628304,5.9707,0.7596,0.12722126383841093
159,2020-08-31,9.83,9.81,9.88,9.79,1236511,6.0175,0.7655,0.12721229746572496
160,2020-09-01,9.79,9.81,9.82,9.77,661147,5.9988,0.7632,0.12722544508901779
161,2020-09-02,9.79,9.78,9.8,9.75,745848,6.0269,0.7667,0.12721299507209344
162,2020-09-03,9.77,9.74,9.79,9.71,797267,5.98,0.7608,0.12722408026755852
163,2020-09-04,9.71,9.72,9.75,9.7,586056,5.9425,0.756,0.12721918384518302
164,2020-09-07,9.72,9.72,9.76,9.7,561114,6.0644,0.7715,0.12721786161862672
165,2020-09-08,9.75,9.83,9.85,9.73,935537,6.352,0.7866,0.12383501259445842
166,2020-09-09,9.8,9.79,9.87,9.77,653872,6.2833,0.7781,0.12383620072255026
167,2020-09-10,9.81,9.75,9.83,9.73,662097,6.2637,0.7757,0.12384054153295974
168,2020-09-11,9.76,9.76,9.81,9.72,566624,6.2538,0.7744,0.12382871214301704
169,2020-09-14,9.76,9.74,9.77,9.72,529978,6.0575,0.7501,0.12382996285596368
170,2020-09-15,9.74,9.73,9.76,9.72,344164,6.2047,0.7684,0.12384160394539623
171,2020-09-16,9.73,9.74,9.78,9.72,493987,6.0968,0.755,0.12383545466474216
172,2020-09-17,9.74,9.76,9.77,9.72,524185,6.2735,0.7769,0.12383836773730772
173,2020-09-18,9.75,9.86,9.87,9.73,1081662,6.3324,0.7842,0.12383930263407239
174,2020-09-21,9.86,9.82,9.88,9.79,560743,6.3029,0.7805,0.12383188690920052
175,2020-09-22,9.79,9.8,9.86,9.78,535037,6.3716,0.789,0.12383074894845879
176,2020-09-23,9.8,9.78,9.81,9.78,399036,6.4207,0.7951,0.12383384989175636
177,2020-09-24,9.78,9.74,9.78,9.72,490899,6.4011,0.7927,0.12383809032822483
178,2020-09-25,9.73,9.75,9.78,9.73,471553,6.4109,0.7939,0.12383596686892637
179,2020-09-28,9.75,9.8,9.82,9.72,730869,6.3618,0.7878,0.12383287748750353
180,2020-09-29,9.8,9.75,9.81,9.75,436193,6.5091,0.8061,0.12384200580725446
181,2020-09-30,9.75,9.76,9.81,9.73,583989,6.5876,0.8158,0.12383872730584734
182,2020-10-09,9.81,9.75,9.81,9.74,684612,6.4796,0.8024,0.12383480461756899
183,2020-10-12,9.74,9.85,9.86,9.74,1216081,6.4796,0.8024,0.12383480461756899
184,2020-10-13,9.81,9.78,9.85,9.76,1030460,6.4698,0.8012,0.12383690376827723
185,2020-10-14,9.78,9.78,9.79,9.75,624998,6.3815,0.7903,0.1238423568126616
186,2020-10-15,9.78,9.85,9.86,9.76,1190919,6.5484,0.8109,0.12383177570093458
187,2020-10-16,9.85,10.03,10.07,9.82,3167931,6.5287,0.8085,0.12383782376277054
188,2020-10-19,10.06,10.16,10.28,10.05,2490650,6.5189,0.8073,0.12383991164153461
189,2020-10-20,10.14,9.97,10.14,9.93,1715249,6.5876,0.8158,0.12383872730584734
190,2020-10-21,9.97,10.06,10.1,9.93,1078576,6.6465,0.8231,0.12383961483487552
191,2020-10-22,10.07,10.1,10.14,10.03,984893,6.6367,0.8219,0.12384166829900402
192,2020-10-23,10.07,10.1,10.19,10.05,1097301,6.5876,0.8158,0.12383872730584734
193,2020-10-26,10.11,10.07,10.14,10.02,888519,6.5778,0.8146,0.12384079783514244
194,2020-10-27,10.05,10.02,10.07,9.99,776861,6.6171,0.8194,0.12383068111408321
195,2020-10-28,10.01,9.91,10.02,9.88,786916,6.5287,0.8085,0.12383782376277054
196,2020-10-29,9.87,9.91,9.95,9.85,725254,6.4993,0.8048,0.12382872001600172
197,2020-10-30,9.89,9.91,10.02,9.87,835925,6.568,0.8134,0.12384287454323996
198,2020-11-02,9.88,9.86,9.93,9.82,913138,6.568,0.8134,0.12384287454323996
199,2020-11-03,9.89,9.89,10.01,9.87,812079,6.4993,0.8048,0.12382872001600172
200,2020-11-04,9.95,9.97,10.01,9.91,724488,6.5091,0.8061,0.12384200580725446
201,2020-11-05,10.05,9.98,10.05,9.94,882807,6.568,0.8134,0.12384287454323996
202,2020-11-06,9.98,10.02,10.04,9.92,924253,6.5876,0.8158,0.12383872730584734
203,2020-11-09,10.05,10.03,10.06,9.98,950504,6.5582,0.8121,0.12382970937147388
204,2020-11-10,10.07,10.08,10.21,10.06,1309527,6.3226,0.783,0.12384145762819093
205,2020-11-11,10.08,10.22,10.27,10.06,1710228,6.8429,0.8474,0.12383638515833931
206,2020-11-12,10.22,10.17,10.24,10.13,660538,6.9214,0.8571,0.12383332851735197
207,2020-11-13,10.13,10.03,10.16,10.01,790075,6.9116,0.8559,0.1238352913941779
208,2020-11-16,10.03,10.05,10.06,9.99,679809,6.9705,0.8632,0.12383616670253209
209,2020-11-17,10.05,10.11,10.16,10.04,646556,6.9509,0.8608,0.12384007826324649
210,2020-11-18,10.11,10.21,10.26,10.1,1244214,6.9607,0.862,0.12383811972933756
211,2020-11-19,10.2,10.29,10.31,10.18,1404951,7.0098,0.8681,0.12384090844246626
212,2020-11-20,10.26,10.21,10.27,10.17,648838,7.0294,0.8705,0.12383702734230519
213,2020-11-23,10.18,10.36,10.38,10.17,1201710,7.0392,0.8717,0.1238350948971474
214,2020-11-24,10.34,10.28,10.41,10.27,942736,7.0294,0.8705,0.12383702734230519
215,2020-11-25,10.34,10.26,10.41,10.26,962443,7.0294,0.8705,0.12383702734230519
216,2020-11-26,10.29,10.39,10.4,10.24,1085966,7.0098,0.8681,0.12384090844246626
217,2020-11-27,10.39,10.7,10.7,10.39,3146832,7.0981,0.879,0.12383595610092843
218,2020-11-30,10.85,10.83,11.26,10.83,5441024,7.108,0.8802,0.12383230163196399
219,2020-12-01,10.86,10.99,11.06,10.74,2425326,7.1767,0.8887,0.12383128736048601
