,日期,开盘,收盘,最高,最低,成交量,pe,pb,roe
0,2020-01-03,8.85,8.82,8.86,8.8,187600,5.4933,0.5784,0.10529190104308886
1,2020-01-06,8.8,8.74,8.85,8.7,327195,5.3404,0.5623,0.10529173844655831
2,2020-01-07,8.76,8.8,8.81,8.75,184873,5.5646,0.586,0.1053085576681163
3,2020-01-08,8.76,8.7,8.78,8.68,171084,5.3608,0.5645,0.1053014475451425
4,2020-01-09,8.72,8.69,8.74,8.63,376705,5.2894,0.557,0.1053049495216849
5,2020-01-10,8.69,8.68,8.7,8.63,172896,5.2894,0.557,0.1053049495216849
6,2020-01-13,8.69,8.69,8.7,8.63,198221,5.3302,0.5613,0.1053056170500169
7,2020-01-14,8.7,8.68,8.74,8.66,188873,5.2487,0.5527,0.10530226532284183
8,2020-01-15,8.68,8.62,8.68,8.6,177417,5.2792,0.5559,0.10530004546143354
9,2020-01-16,8.62,8.57,8.63,8.57,140864,5.2792,0.5559,0.10530004546143354
10,2020-01-17,8.58,8.56,8.62,8.55,148178,5.1875,0.5462,0.10529156626506024
11,2020-01-20,8.56,8.6,8.6,8.55,139318,5.1671,0.5441,0.10530084573551897
12,2020-01-21,8.58,8.48,8.58,8.46,238061,5.1569,0.543,0.10529581725455216
13,2020-01-22,8.44,8.49,8.49,8.39,216182,5.2079,0.5484,0.10530156108988267
14,2020-01-23,8.43,8.37,8.45,8.32,232353,5.269,0.5548,0.10529512241412031
15,2020-02-03,7.78,7.86,7.97,7.72,412604,5.2385,0.5516,0.10529731793452324
16,2020-02-04,7.88,8.0,8.02,7.88,283218,5.2487,0.5527,0.10530226532284183
17,2020-02-05,8.01,8.0,8.06,7.94,191908,5.2079,0.5484,0.10530156108988267
18,2020-02-06,8.06,8.08,8.1,8.0,140888,5.2079,0.5484,0.10530156108988267
19,2020-02-07,8.03,8.08,8.09,7.98,203084,5.1875,0.5462,0.10529156626506024
20,2020-02-10,8.03,8.03,8.04,7.98,219759,5.2181,0.5495,0.10530652919645082
21,2020-02-11,8.04,8.08,8.09,8.01,223621,5.1467,0.542,0.1053101987681427
22,2020-02-12,8.07,8.08,8.08,8.02,144255,5.1467,0.542,0.1053101987681427
23,2020-02-13,8.06,8.02,8.08,8.02,150640,5.1875,0.5501,0.10604337349397591
24,2020-02-14,8.02,8.06,8.06,7.98,155564,5.2079,0.5523,0.10605042339522648
25,2020-02-17,8.04,8.18,8.18,8.03,308464,5.2589,0.5577,0.1060487934739204
26,2020-02-18,8.15,8.13,8.18,8.1,177987,5.3098,0.5631,0.1060491920599646
27,2020-02-19,8.12,8.12,8.18,8.1,185049,5.3812,0.5706,0.10603582843975322
28,2020-02-20,8.13,8.24,8.24,8.09,245173,5.3608,0.5685,0.10604760483509923
29,2020-02-21,8.24,8.21,8.26,8.18,249269,5.3506,0.5674,0.10604418196090158
30,2020-02-24,8.2,8.15,8.2,8.12,214258,5.2487,0.5566,0.10604530645683692
31,2020-02-25,8.07,8.04,8.09,8.01,222647,5.3506,0.5674,0.10604418196090158
32,2020-02-26,7.98,8.06,8.14,7.97,266363,5.3812,0.5706,0.10603582843975322
33,2020-02-27,8.07,8.06,8.12,8.02,212765,5.3098,0.5631,0.1060491920599646
34,2020-02-28,8.01,7.9,8.03,7.9,292486,5.2589,0.5577,0.1060487934739204
35,2020-03-02,7.94,8.02,8.03,7.91,269246,5.2487,0.5566,0.10604530645683692
36,2020-03-03,8.06,8.04,8.08,8.02,210537,5.269,0.5587,0.10603530081609412
37,2020-03-04,8.02,8.04,8.04,8.0,168736,5.1671,0.5479,0.1060362679259159
38,2020-03-05,8.07,8.18,8.2,8.04,456410,5.1467,0.5458,0.106048535955078
39,2020-03-06,8.13,8.06,8.14,8.06,251183,5.1366,0.5447,0.10604290775999689
40,2020-03-09,7.98,7.95,8.01,7.92,282318,5.1569,0.5468,0.1060326940603851
41,2020-03-10,7.9,8.01,8.02,7.9,228730,5.1264,0.5436,0.10603932584269662
42,2020-03-11,8.02,7.94,8.03,7.92,211046,5.1467,0.5458,0.106048535955078
43,2020-03-12,7.91,7.9,7.95,7.85,241378,5.1977,0.5512,0.10604690536198703
44,2020-03-13,7.74,7.85,7.88,7.72,257290,5.2079,0.5523,0.10605042339522648
45,2020-03-16,7.88,7.78,7.88,7.77,265808,5.2487,0.5566,0.10604530645683692
46,2020-03-17,7.77,7.73,7.84,7.67,231458,5.2792,0.5598,0.10603879375662978
47,2020-03-18,7.77,7.65,7.78,7.65,166387,5.1875,0.5501,0.10604337349397591
48,2020-03-19,7.62,7.56,7.67,7.47,238136,5.2181,0.5533,0.10603476361127614
49,2020-03-20,7.64,7.66,7.67,7.53,266276,5.1977,0.5512,0.10604690536198703
50,2020-03-23,7.54,7.56,7.6,7.5,207491,5.1875,0.5501,0.10604337349397591
51,2020-03-24,7.62,7.65,7.67,7.6,124913,5.1977,0.5512,0.10604690536198703
52,2020-03-25,7.72,7.7,7.73,7.67,131027,5.1977,0.5512,0.10604690536198703
53,2020-03-26,7.68,7.72,7.76,7.64,168406,5.2385,0.5555,0.10604180586045624
54,2020-03-27,7.76,7.73,7.78,7.71,125848,5.269,0.5587,0.10603530081609412
55,2020-03-30,7.66,7.71,7.72,7.65,125239,5.2079,0.5523,0.10605042339522648
56,2020-03-31,7.73,7.6,7.74,7.56,156358,5.2487,0.5566,0.10604530645683692
57,2020-04-01,7.6,7.56,7.65,7.55,142463,5.269,0.5587,0.10603530081609412
58,2020-04-02,7.53,7.6,7.6,7.5,188056,5.2792,0.5598,0.10603879375662978
59,2020-04-03,7.55,7.54,7.59,7.53,113444,5.3098,0.5631,0.1060491920599646
60,2020-04-07,7.6,7.6,7.61,7.58,190621,5.32,0.5641,0.10603383458646617
61,2020-04-08,7.59,7.58,7.59,7.55,111373,5.3404,0.5734,0.10737023443936784
62,2020-04-09,7.6,7.58,7.61,7.56,104251,5.2996,0.569,0.1073665937051853
63,2020-04-10,7.59,7.55,7.59,7.54,75081,5.2894,0.5679,0.10736567474571786
64,2020-04-13,7.54,7.52,7.55,7.49,88245,5.3506,0.5745,0.10737113594737038
65,2020-04-14,7.53,7.55,7.55,7.49,131023,5.3608,0.5756,0.10737203402477241
66,2020-04-15,7.52,7.5,7.54,7.5,101435,5.3811,0.5778,0.10737581535373808
67,2020-04-16,7.49,7.53,7.53,7.49,92702,5.3608,0.5756,0.10737203402477241
68,2020-04-17,7.53,7.54,7.58,7.52,143860,5.4423,0.5843,0.10736269591900484
69,2020-04-20,7.53,7.53,7.54,7.5,125874,5.4933,0.5898,0.1073671563541041
70,2020-04-21,7.5,7.48,7.52,7.47,132925,5.5544,0.5964,0.10737433386144318
71,2020-04-22,7.46,7.46,7.47,7.43,154981,5.3811,0.5778,0.10737581535373808
72,2020-04-23,7.46,7.44,7.47,7.43,113237,5.32,0.5712,0.10736842105263159
73,2020-04-24,7.46,7.47,7.49,7.43,131937,5.3608,0.5756,0.10737203402477241
74,2020-04-27,7.47,7.53,7.56,7.46,241339,5.2996,0.569,0.1073665937051853
75,2020-04-28,7.54,7.54,7.55,7.44,167774,5.32,0.5712,0.10736842105263159
76,2020-04-29,7.54,7.64,7.65,7.52,280830,5.2894,0.5679,0.10736567474571786
77,2020-04-30,7.67,7.62,7.67,7.6,265584,5.3506,0.5745,0.10737113594737038
78,2020-05-06,7.54,7.56,7.58,7.5,277089,5.3098,0.5701,0.10736750913405402
79,2020-05-07,7.55,7.52,7.55,7.5,132713,5.371,0.5767,0.10737292869111896
80,2020-05-08,7.53,7.56,7.58,7.52,195532,5.2894,0.5679,0.10736567474571786
81,2020-05-11,7.56,7.54,7.59,7.53,180373,5.2589,0.5646,0.1073608549316397
82,2020-05-12,7.54,7.5,7.55,7.49,115659,5.2589,0.5646,0.1073608549316397
83,2020-05-13,7.49,7.53,7.53,7.48,116751,5.2996,0.569,0.1073665937051853
84,2020-05-14,7.49,7.47,7.5,7.44,155634,5.2283,0.5614,0.10737715892355068
85,2020-05-15,7.48,7.48,7.49,7.46,103009,5.2181,0.5603,0.10737624805963858
86,2020-05-18,7.48,7.48,7.52,7.44,133602,5.2181,0.5603,0.10737624805963858
87,2020-05-19,7.52,7.49,7.52,7.48,89193,5.3506,0.5745,0.10737113594737038
88,2020-05-20,7.49,7.5,7.52,7.47,117553,5.4525,0.5854,0.10736359468133885
89,2020-05-21,7.52,7.48,7.52,7.48,79006,5.4423,0.5843,0.10736269591900484
90,2020-05-22,7.48,7.38,7.48,7.38,168920,5.4831,0.5887,0.10736627090514489
91,2020-05-25,7.4,7.38,7.41,7.35,97658,5.32,0.5712,0.10736842105263159
92,2020-05-26,7.4,7.4,7.41,7.37,74961,5.4015,0.58,0.10737758030176801
93,2020-05-27,7.41,7.44,7.47,7.4,95810,5.4729,0.5876,0.10736538215571269
94,2020-05-28,7.44,7.47,7.52,7.43,130213,5.799,0.6068,0.10463873081565786
95,2020-05-29,7.46,7.41,7.49,7.41,123809,5.8703,0.6142,0.10462838355791015
96,2020-06-01,7.44,7.47,7.49,7.43,173869,5.8296,0.61,0.10463839714560175
97,2020-06-02,7.46,7.52,7.53,7.46,170934,6.0334,0.6313,0.10463420293698411
98,2020-06-03,7.53,7.5,7.58,7.5,162263,6.1048,0.6388,0.10463897261171538
99,2020-06-04,7.53,7.47,7.53,7.47,103344,6.013,0.6292,0.10463994678197239
100,2020-06-05,7.49,7.52,7.53,7.46,105647,6.2576,0.6548,0.10464075683968295
101,2020-06-08,7.5,7.48,7.52,7.48,103233,5.6971,0.5961,0.10463218128521529
102,2020-06-09,7.49,7.52,7.53,7.47,100759,5.5952,0.5854,0.10462539319416643
103,2020-06-10,7.53,7.48,7.53,7.47,74425,5.4117,0.5662,0.10462516399652606
104,2020-06-11,7.48,7.43,7.49,7.43,101050,5.2487,0.5492,0.10463543353592318
105,2020-06-12,7.41,7.43,7.46,7.38,115569,5.3404,0.5588,0.10463635682720396
106,2020-06-15,7.41,7.4,7.44,7.38,128352,5.1671,0.5407,0.10464283640726907
107,2020-06-16,7.43,7.43,7.44,7.4,95036,5.1162,0.5353,0.1046284351667253
108,2020-06-17,7.42,7.42,7.44,7.4,118306,5.1569,0.5396,0.10463650642828054
109,2020-06-18,7.42,7.46,7.49,7.38,187038,5.1569,0.5396,0.10463650642828054
110,2020-06-19,7.44,7.46,7.5,7.43,181905,5.1569,0.5396,0.10463650642828054
111,2020-06-22,7.46,7.46,7.52,7.44,186072,5.1264,0.5364,0.10463483146067415
112,2020-06-23,7.44,7.41,7.47,7.41,122989,5.1366,0.5375,0.10464120235175019
113,2020-06-24,7.43,7.47,7.47,7.41,131315,5.106,0.5343,0.10464159811985899
114,2020-06-29,7.54,7.67,7.77,7.53,1308632,5.1366,0.5375,0.10464120235175019
115,2020-06-30,7.64,7.56,7.64,7.55,636902,5.1366,0.5375,0.10464120235175019
116,2020-07-01,7.56,7.76,7.84,7.5,991087,5.1773,0.5417,0.10462982635736774
117,2020-07-02,7.7,7.97,8.01,7.66,1175511,5.2079,0.5449,0.10462950517483055
118,2020-07-03,8.01,8.09,8.15,7.89,1112287,5.1773,0.5417,0.10462982635736774
119,2020-07-06,8.18,8.75,8.76,8.13,2037571,5.2079,0.5449,0.10462950517483055
120,2020-07-07,8.76,8.46,8.94,8.45,1798128,5.1671,0.5407,0.10464283640726907
121,2020-07-08,8.46,8.57,8.66,8.36,1126737,5.1977,0.5439,0.10464243800142371
122,2020-07-09,8.5,8.49,8.57,8.38,860630,5.2079,0.5449,0.10462950517483055
123,2020-07-10,8.44,8.25,8.45,8.21,731468,5.1671,0.5407,0.10464283640726907
124,2020-07-13,8.2,8.3,8.38,8.19,583509,5.1162,0.5353,0.1046284351667253
125,2020-07-14,8.3,8.21,8.33,8.14,510411,5.1671,0.5407,0.10464283640726907
126,2020-07-15,8.22,8.12,8.27,8.09,438008,5.1467,0.5385,0.10463015135912332
127,2020-07-16,8.12,8.03,8.2,8.01,448332,5.106,0.5343,0.10464159811985899
128,2020-07-17,8.09,7.94,8.09,7.88,423785,5.0958,0.5332,0.10463518976411948
129,2020-07-20,7.97,8.13,8.14,7.96,485309,5.0958,0.5332,0.10463518976411948
130,2020-07-21,8.15,8.08,8.15,8.04,256466,5.1773,0.5417,0.10462982635736774
131,2020-07-22,8.09,8.09,8.2,8.02,356958,5.1977,0.5439,0.10464243800142371
132,2020-07-23,8.02,7.97,8.06,7.91,326766,5.1875,0.5428,0.10463614457831324
133,2020-07-24,7.94,7.82,7.97,7.79,399109,5.1773,0.5417,0.10462982635736774
134,2020-07-27,7.86,7.82,7.86,7.78,155484,5.1773,0.5417,0.10462982635736774
135,2020-07-28,7.85,7.83,7.88,7.8,165039,5.1671,0.5407,0.10464283640726907
136,2020-07-29,7.83,7.91,7.92,7.79,253594,5.2181,0.546,0.1046357869722696
137,2020-07-30,7.89,7.86,7.94,7.86,153478,5.1977,0.5439,0.10464243800142371
138,2020-07-31,7.85,7.86,7.94,7.83,244559,5.2283,0.5471,0.10464204425912821
139,2020-08-03,7.88,7.9,7.94,7.86,311583,5.2487,0.5492,0.10463543353592318
140,2020-08-04,7.9,8.0,8.02,7.88,560244,5.2079,0.5449,0.10462950517483055
141,2020-08-05,7.95,7.92,7.96,7.89,306343,5.2487,0.5492,0.10463543353592318
142,2020-08-06,7.92,7.97,7.98,7.88,310254,5.2996,0.5545,0.10463053815382294
143,2020-08-07,7.94,7.9,7.97,7.85,265470,5.3098,0.5556,0.10463670948058307
144,2020-08-10,7.88,7.94,7.96,7.86,264497,5.2283,0.5471,0.10464204425912821
145,2020-08-11,7.95,7.91,8.06,7.91,442383,5.2181,0.546,0.1046357869722696
146,2020-08-12,7.89,7.98,7.98,7.89,362588,5.1671,0.5407,0.10464283640726907
147,2020-08-13,8.0,7.94,8.02,7.92,199080,5.1467,0.5626,0.10931276351837099
148,2020-08-14,7.94,8.01,8.02,7.92,252445,5.1569,0.5637,0.10930985669685275
149,2020-08-17,8.03,8.21,8.36,8.01,800804,5.1773,0.566,0.10932339250188322
150,2020-08-18,8.24,8.14,8.26,8.1,391490,5.2181,0.5704,0.10931181847799008
151,2020-08-19,8.12,8.08,8.16,8.06,240227,5.2283,0.5715,0.1093089531970239
152,2020-08-20,8.06,7.98,8.09,7.95,272853,5.2181,0.5704,0.10931181847799008
153,2020-08-21,8.03,8.01,8.03,7.97,189661,5.1977,0.5682,0.10931758277699752
154,2020-08-24,8.03,7.98,8.04,7.96,158326,5.2385,0.5727,0.10932518850816073
155,2020-08-25,7.98,7.97,8.02,7.96,165982,5.2079,0.5693,0.10931469498262256
156,2020-08-26,7.97,7.9,7.98,7.89,194628,5.2385,0.5727,0.10932518850816073
157,2020-08-27,7.91,7.91,7.92,7.86,146566,5.2588,0.5749,0.10932151821708375
158,2020-08-28,7.91,7.96,7.97,7.86,192861,5.2588,0.5749,0.10932151821708375
159,2020-08-31,7.96,7.94,8.03,7.91,255798,5.2792,0.5771,0.10931580542506439
160,2020-09-01,7.9,7.92,7.94,7.89,142504,5.2283,0.5715,0.1093089531970239
161,2020-09-02,7.92,7.89,7.94,7.86,167221,5.2792,0.5771,0.10931580542506439
162,2020-09-03,7.9,7.88,7.94,7.86,126889,5.2487,0.5738,0.10932230838112293
163,2020-09-04,7.86,7.85,7.88,7.83,131615,5.2792,0.5771,0.10931580542506439
164,2020-09-07,7.84,7.8,7.89,7.8,138909,5.371,0.5871,0.10930925339787748
165,2020-09-08,7.84,7.88,7.89,7.8,162477,5.3913,0.5982,0.11095654109398474
166,2020-09-09,7.85,7.84,7.9,7.84,164572,5.8045,0.5971,0.10286846412266344
167,2020-09-10,7.88,7.79,7.88,7.77,199139,5.7825,0.5948,0.10286208387375703
168,2020-09-11,7.79,7.79,7.82,7.76,123219,5.7385,0.5903,0.10286660277075892
169,2020-09-14,7.78,7.78,7.8,7.76,113350,5.6616,0.5824,0.10286844708209694
170,2020-09-15,7.79,7.79,7.83,7.77,85602,5.7495,0.5914,0.10286111835811809
171,2020-09-16,7.8,7.82,7.85,7.77,102332,5.6616,0.5824,0.10286844708209694
172,2020-09-17,7.79,7.78,7.82,7.77,75703,5.7385,0.5903,0.10286660277075892
173,2020-09-18,7.8,7.89,7.89,7.78,210966,5.8155,0.5982,0.10286303843177713
174,2020-09-21,7.91,7.85,7.92,7.83,155477,5.8595,0.6028,0.10287567198566432
175,2020-09-22,7.83,7.8,7.88,7.79,174656,5.9254,0.6095,0.10286225402504473
176,2020-09-23,7.83,7.79,7.83,7.78,112991,5.9694,0.6141,0.10287466076992662
177,2020-09-24,7.79,7.73,7.79,7.7,181962,6.0024,0.6175,0.10287551646008265
178,2020-09-25,7.72,7.71,7.76,7.7,91379,6.0683,0.6242,0.10286241616268148
179,2020-09-28,7.73,7.74,7.76,7.71,86188,6.0134,0.6186,0.10287025642731235
180,2020-09-29,7.76,7.72,7.77,7.72,76027,6.1123,0.6288,0.10287453168201822
181,2020-09-30,7.74,7.73,7.77,7.7,114003,6.2223,0.6401,0.10287192838660945
182,2020-10-09,7.78,7.76,7.79,7.74,107641,6.1013,0.6276,0.10286332420959468
183,2020-10-12,7.78,7.88,7.9,7.76,242503,6.1013,0.6276,0.10286332420959468
184,2020-10-13,7.88,7.85,7.9,7.83,122497,6.0793,0.6254,0.10287368611517773
185,2020-10-14,7.88,7.86,7.9,7.83,107315,5.9694,0.6141,0.10287466076992662
186,2020-10-15,7.86,7.92,7.98,7.85,295692,6.1123,0.6288,0.10287453168201822
187,2020-10-16,7.9,8.01,8.09,7.9,422047,6.1123,0.6288,0.10287453168201822
188,2020-10-19,8.03,7.97,8.13,7.96,348820,6.1013,0.6276,0.10286332420959468
189,2020-10-20,7.96,7.85,7.96,7.82,231729,6.2003,0.6378,0.10286599035530539
190,2020-10-21,7.86,7.97,7.97,7.84,242732,6.2552,0.6435,0.10287440849213453
191,2020-10-22,7.94,7.98,8.04,7.92,182853,6.2772,0.6457,0.1028643344166189
192,2020-10-23,7.96,8.01,8.09,7.95,314439,6.1673,0.6344,0.10286511115074667
193,2020-10-26,8.01,7.92,8.06,7.89,247468,6.1783,0.6355,0.10286001003512292
194,2020-10-27,7.92,7.86,7.94,7.86,151149,6.2223,0.6401,0.10287192838660945
195,2020-10-28,7.86,7.8,7.89,7.79,183646,6.1123,0.6288,0.10287453168201822
196,2020-10-29,7.77,7.78,7.8,7.76,145005,6.0793,0.6254,0.10287368611517773
197,2020-10-30,7.78,7.73,7.84,7.72,252285,6.1343,0.631,0.1028642224866733
198,2020-11-02,7.76,7.73,7.77,7.72,189598,6.1343,0.631,0.1028642224866733
199,2020-11-03,7.77,7.82,7.86,7.74,207766,6.0903,0.6265,0.10286849580480435
200,2020-11-04,7.85,7.78,7.86,7.77,141259,6.1343,0.631,0.1028642224866733
201,2020-11-05,7.82,7.8,7.84,7.77,144580,6.1343,0.631,0.1028642224866733
202,2020-11-06,7.8,7.8,7.84,7.78,131338,6.0573,0.6095,0.10062238951347961
203,2020-11-09,7.83,7.85,7.86,7.82,227284,6.0573,0.6095,0.10062238951347961
204,2020-11-10,7.89,7.84,7.92,7.82,222453,5.9364,0.5974,0.10063338049996631
205,2020-11-11,7.85,7.88,7.9,7.8,206186,6.3981,0.6438,0.10062362263797064
206,2020-11-12,7.85,7.8,7.88,7.8,142240,6.5081,0.6549,0.10062844762680354
207,2020-11-13,7.79,7.74,7.8,7.72,280765,6.4971,0.6538,0.10062951162826493
208,2020-11-16,7.73,7.76,7.78,7.73,121875,6.607,0.6648,0.10062055395792341
209,2020-11-17,7.77,7.78,7.79,7.74,132393,6.574,0.6615,0.10062366899908731
210,2020-11-18,7.77,7.89,7.91,7.76,377711,6.585,0.6626,0.10062262718299164
211,2020-11-19,7.89,7.89,7.91,7.83,215684,6.629,0.6671,0.1006335797254488
212,2020-11-20,7.86,7.85,7.88,7.8,176571,6.684,0.6726,0.10062836624775583
213,2020-11-23,7.83,7.95,7.97,7.82,430882,6.695,0.6737,0.10062733383121732
214,2020-11-24,7.94,7.9,7.98,7.89,206034,6.684,0.6726,0.10062836624775583
215,2020-11-25,7.97,7.9,8.02,7.9,247344,6.695,0.6737,0.10062733383121732
216,2020-11-26,7.89,7.98,8.0,7.88,236984,6.706,0.6898,0.1028631076647778
217,2020-11-27,8.02,8.22,8.22,7.98,820430,6.7939,0.6989,0.10287169372525354
218,2020-11-30,8.28,7.96,8.43,7.96,1444877,6.7389,0.6932,0.10286545281870929
219,2020-12-01,8.0,8.14,8.19,7.95,744197,6.8159,0.7011,0.10286242462477442
