,日期,开盘,收盘,最高,最低,成交量,pe,pb,roe
0,2020-01-03,100.48,100.88,100.99,99.42,214781,87.0731,4.7106,0.05409937167736075
1,2020-01-06,100.12,101.44,102.39,99.64,287570,86.4133,4.6749,0.054099311101416095
2,2020-01-07,101.49,102.36,102.39,100.65,245224,85.3136,4.6155,0.05410040134281053
3,2020-01-08,101.69,102.7,105.66,101.41,421721,84.9959,4.5983,0.0541002566006125
4,2020-01-09,103.03,107.26,108.35,102.81,544426,85.729,4.6379,0.054099546244561356
5,2020-01-10,107.26,106.42,107.71,105.16,334869,87.8551,4.7529,0.05409930669932651
6,2020-01-13,109.28,116.98,116.98,109.22,1040992,88.4661,4.786,0.05409981902672323
7,2020-01-14,119.86,119.16,122.46,117.42,912669,88.686,4.7979,0.05409985792571544
8,2020-01-15,120.14,121.51,122.46,119.19,574789,86.7065,4.6908,0.054099750307070406
9,2020-01-16,120.7,119.64,123.98,118.32,566565,85.9978,4.6525,0.054100221168448495
10,2020-01-17,121.18,122.38,123.53,120.14,530219,86.2911,4.6683,0.05409943783310214
11,2020-01-20,123.84,122.3,124.09,118.04,513342,87.7329,4.7463,0.054099431342176076
12,2020-01-21,120.22,118.71,122.1,118.18,439992,88.5394,4.79,0.05410020849474923
13,2020-01-22,119.3,126.58,127.67,118.74,664112,88.1239,4.7675,0.05409996607049847
14,2020-01-23,123.5,117.48,124.62,114.4,651341,87.8551,4.7529,0.05409930669932651
15,2020-02-03,105.83,105.83,105.83,105.83,132496,89.7369,4.8548,0.05410037565371659
16,2020-02-04,102.53,112.08,113.42,102.53,552354,90.9832,4.9222,0.05410009760043613
17,2020-02-05,112.3,112.83,116.64,111.68,423931,88.7838,4.8032,0.05409995967732852
18,2020-02-06,112.86,118.57,120.56,110.51,546481,78.5662,7.4963,0.095413803900405
19,2020-02-07,121.2,130.33,130.33,121.2,866127,76.5044,7.2995,0.09541281285782255
20,2020-02-10,135.18,132.52,136.58,129.55,803073,75.8464,7.2368,0.09541388912328073
21,2020-02-11,132.24,128.68,134.7,127.31,522056,72.666,6.9333,0.09541326067211627
22,2020-02-12,129.46,135.82,137.67,129.1,682802,78.4784,7.4879,0.0954135150563722
23,2020-02-13,135.09,131.06,136.13,130.22,560167,78.2152,7.4628,0.09541367918256298
24,2020-02-14,129.8,135.04,141.28,129.52,670170,79.1584,7.5528,0.0954137526781744
25,2020-02-17,136.94,137.84,140.3,135.62,455402,83.3038,8.1837,0.09823921597814265
26,2020-02-18,137.72,142.01,142.85,135.76,539046,82.3168,8.0867,0.09823875563675945
27,2020-02-19,141.39,136.8,141.39,136.52,483305,83.3696,8.1902,0.09823964610601467
28,2020-02-20,136.63,137.95,139.54,134.7,373501,84.554,8.3065,0.09823899519833479
29,2020-02-21,138.84,147.33,151.61,138.84,623191,84.8172,8.3324,0.09823950802431582
30,2020-02-24,147.16,150.74,152.37,145.28,481607,86.6596,8.5134,0.09823954876320685
31,2020-02-25,145.96,148.92,150.35,140.3,546901,85.7604,8.425,0.09823881418463534
32,2020-02-26,146.46,138.82,148.2,136.86,605761,84.9927,8.3496,0.09823902523393187
33,2020-02-27,140.33,137.72,143.66,135.26,480691,85.6946,8.4186,0.09823956235282037
34,2020-02-28,129.66,127.36,133.55,126.24,557023,86.9887,8.5457,0.09823919658530361
35,2020-03-02,131.06,135.29,137.7,128.6,449408,88.524,8.6965,0.09823889566671186
36,2020-03-03,138.0,137.98,144.11,135.82,533601,88.3705,8.6814,0.09823866561805127
37,2020-03-04,136.63,136.86,142.54,131.9,424314,85.2998,8.3798,0.09823938625881888
38,2020-03-05,141.76,136.27,142.26,134.03,409077,82.7335,8.1277,0.09823952812343247
39,2020-03-06,132.46,131.76,135.15,131.34,320144,84.2031,8.272,0.09823866342213053
40,2020-03-09,128.6,122.49,129.38,122.24,434762,83.5012,8.2031,0.09823930674050192
41,2020-03-10,121.68,127.81,127.92,120.0,488798,84.576,8.3087,0.09823945327279607
42,2020-03-11,128.43,123.64,129.55,123.64,334136,84.3347,8.285,0.09823951469561165
43,2020-03-12,121.26,121.76,125.12,120.31,241987,87.4273,8.5888,0.09823933714068718
44,2020-03-13,115.69,132.54,133.86,115.69,921289,86.7693,8.5241,0.09823866275284
45,2020-03-16,133.24,133.3,140.78,131.9,897886,88.5459,8.6987,0.09823944417528084
46,2020-03-17,136.86,137.64,139.46,128.26,729853,88.6337,8.7073,0.09823915734083086
47,2020-03-18,138.59,138.06,145.45,135.29,806204,87.4493,8.5909,0.0982386365585545
48,2020-03-19,138.03,137.81,140.72,131.9,569171,86.6158,8.5091,0.09823958215475699
49,2020-03-20,138.62,135.4,140.27,132.68,384503,88.2169,8.6664,0.09823967969856116
50,2020-03-23,129.74,121.96,130.72,121.96,536103,86.4842,8.4961,0.098238753437044
51,2020-03-24,124.79,122.1,125.46,115.94,370126,86.0455,8.453,0.0982387225363325
52,2020-03-25,125.99,123.81,127.28,122.38,318690,85.4314,8.3927,0.09823905496105648
53,2020-03-26,122.1,121.96,125.71,120.73,288213,86.879,8.5349,0.09823893000610044
54,2020-03-27,124.4,126.92,130.64,123.53,554065,91.1999,8.9594,0.09823914280607765
55,2020-03-30,127.11,121.48,128.09,119.22,426822,91.836,9.0219,0.09823925258068732
56,2020-03-31,123.05,123.14,125.46,122.04,268539,94.0293,9.2374,0.09823959127633619
57,2020-04-01,122.66,123.14,126.3,121.4,250132,95.2796,9.3602,0.09823928731858657
58,2020-04-02,122.1,131.9,132.12,121.96,405254,97.6045,9.5886,0.09823932298203464
59,2020-04-03,131.06,131.9,134.7,130.39,348350,98.7231,9.6985,0.09823941914303744
60,2020-04-07,135.26,134.42,137.98,133.38,355399,99.1179,9.7373,0.0982395712580674
61,2020-04-08,133.86,134.7,137.11,133.36,233181,99.6882,9.7933,0.09823931016910728
62,2020-04-09,135.82,132.4,136.24,131.79,233003,97.8677,9.6144,0.09823874475439803
63,2020-04-10,131.9,126.86,132.91,126.75,243226,99.1399,9.7394,0.09823895323678963
64,2020-04-13,124.98,123.14,126.86,122.38,211164,99.4689,9.7717,0.09823874597989923
65,2020-04-14,124.62,128.2,128.2,124.17,232680,100.7191,9.8946,0.09823955932886613
66,2020-04-15,128.51,127.87,131.51,127.64,225761,98.8767,9.7136,0.09823952457960267
67,2020-04-16,126.72,129.46,130.25,124.62,200191,97.5606,9.5843,0.09823945322189492
68,2020-04-17,131.14,129.72,133.58,128.43,320355,96.9246,9.5218,0.09823924989115251
69,2020-04-20,129.72,134.14,134.7,128.12,310769,100.5656,9.8795,0.09823935819007693
70,2020-04-21,133.47,135.71,136.04,131.56,318160,100.3462,9.8579,0.09823889693879789
71,2020-04-22,134.14,133.55,135.15,131.62,216570,97.2536,11.0871,0.11400194954222773
72,2020-04-23,131.65,129.66,132.12,129.41,249559,95.8718,10.9296,0.11400224049199036
73,2020-04-24,130.11,125.26,131.9,124.23,284727,97.6703,11.1346,0.11400190231830967
74,2020-04-27,125.32,125.66,127.17,124.06,143852,97.3852,11.1021,0.11400192226334187
75,2020-04-28,126.16,130.47,131.7,122.94,280746,101.5964,11.5822,0.11400207093952149
76,2020-04-29,130.05,131.06,132.07,129.66,166465,101.9912,11.6272,0.11400199232874993
77,2020-04-30,132.49,136.16,137.67,132.49,371272,105.1935,11.9923,0.11400229101607989
78,2020-05-06,135.82,146.46,148.95,135.29,509245,104.0969,11.8673,0.11400243427037693
79,2020-05-07,146.46,146.77,149.2,143.88,349817,100.3462,11.4397,0.11400232395446963
80,2020-05-08,154.92,161.31,161.31,154.92,772825,102.2544,11.6572,0.11400194025880549
81,2020-05-11,165.23,154.64,165.23,152.88,984087,97.3413,11.0971,0.1140019703866704
82,2020-05-12,154.13,156.09,156.95,151.82,563497,95.477,10.8846,0.11400232516731779
83,2020-05-13,154.13,155.54,157.15,153.54,382722,97.1658,11.0771,0.11400204598737415
84,2020-05-14,154.45,154.05,157.03,153.7,323368,93.0643,10.6095,0.11400182454496514
85,2020-05-15,156.09,158.84,162.52,155.97,732009,93.1081,10.6145,0.11400189672004907
86,2020-05-18,159.58,155.39,163.07,153.78,733184,92.0114,10.4895,0.11400217799098808
87,2020-05-19,158.05,162.83,162.83,155.9,643311,97.8458,11.1546,0.11400182736509896
88,2020-05-20,162.76,156.01,162.76,154.92,628573,101.0481,11.5197,0.11400214353362409
89,2020-05-21,156.09,150.92,156.88,150.21,504809,100.8946,11.5022,0.11400213688344074
90,2020-05-22,151.39,149.58,153.07,146.92,374672,100.8726,11.4997,0.11400221665744711
91,2020-05-25,149.82,143.43,150.92,140.84,493573,98.6135,11.2422,0.11400264669644623
92,2020-05-26,146.17,153.27,155.11,145.31,643615,97.0123,11.0596,0.11400203891671469
93,2020-05-27,152.76,149.27,153.9,148.29,393702,103.3731,11.7848,0.11400257900749809
94,2020-05-28,148.84,148.64,151.07,145.12,333479,112.5632,12.8325,0.11400262252672276
95,2020-05-29,148.72,147.15,149.94,146.33,256772,115.9629,13.22,0.11400197821889588
96,2020-06-01,149.82,153.47,154.33,148.64,502737,110.7427,12.6249,0.11400209675220127
97,2020-06-02,153.43,154.13,154.92,151.39,331773,111.9491,12.7624,0.11400180975103863
98,2020-06-03,157.31,152.68,157.7,151.94,387205,101.7719,11.6022,0.1140019985870363
99,2020-06-04,152.68,150.21,152.88,149.23,254407,98.9205,11.2772,0.11400265870067378
100,2020-06-05,150.17,151.0,152.29,149.23,209387,95.2796,10.8621,0.11400236776812665
101,2020-06-08,152.09,146.92,152.41,145.98,371376,90.4761,10.3145,0.11400248242353506
102,2020-06-09,146.68,147.23,148.06,145.19,189090,92.8669,10.587,0.11400186718841697
103,2020-06-10,147.12,149.66,150.72,145.94,258820,84.4224,9.6243,0.11400173413691153
104,2020-06-11,150.56,151.0,152.76,149.04,322843,84.225,9.6018,0.11400178094390029
105,2020-06-12,148.06,157.58,157.86,147.08,700962,83.3696,9.5043,0.11400198633554677
106,2020-06-15,156.09,157.97,159.62,154.37,490901,86.9887,9.9169,0.11400216349939706
107,2020-06-16,160.01,158.4,160.8,156.13,341277,86.8571,9.9019,0.11400219440897749
108,2020-06-17,157.27,154.13,158.21,152.56,388787,89.3794,10.1895,0.11400277916387892
109,2020-06-18,154.09,156.25,157.5,153.35,278232,86.6377,9.8769,0.11400233385696988
110,2020-06-19,156.05,156.09,157.97,154.72,297257,86.7254,9.8869,0.11400235686430966
111,2020-06-22,156.88,160.99,161.34,154.96,548067,85.541,9.7519,0.11400264200792602
112,2020-06-23,160.01,156.48,160.01,155.27,551118,87.9318,10.0244,0.11400198790426218
113,2020-06-24,156.88,156.72,158.68,155.7,342648,87.6905,9.9969,0.11400208688512439
114,2020-06-29,154.37,150.25,154.8,150.13,538510,87.4712,9.9719,0.11400209440364371
115,2020-06-30,151.31,151.78,153.43,150.68,323661,83.7863,9.5518,0.11400193110329493
116,2020-07-01,153.27,152.13,153.94,144.33,698291,83.0406,9.4668,0.11400206645905737
117,2020-07-02,152.41,167.22,167.22,149.62,866067,81.6807,9.3118,0.11400245100739832
118,2020-07-03,171.81,162.95,171.85,160.01,1067848,81.5053,9.2918,0.11400240229776468
119,2020-07-06,163.97,171.54,175.18,163.97,872895,83.7863,9.5518,0.11400193110329493
120,2020-07-07,175.69,178.04,184.71,175.69,883764,83.3477,9.5018,0.11400194606449847
121,2020-07-08,181.57,183.14,185.49,176.87,676651,84.7295,9.6593,0.11400161691028508
122,2020-07-09,183.45,201.33,201.33,183.41,970757,85.541,9.7519,0.11400264200792602
123,2020-07-10,206.86,199.17,212.85,195.88,1097641,85.1682,9.7094,0.1140026441794003
124,2020-07-13,195.61,208.5,209.44,194.19,754129,81.6369,9.3068,0.1140023690267514
125,2020-07-14,206.15,202.43,206.27,197.02,694625,82.4703,9.4018,0.11400225293226775
126,2020-07-15,197.57,186.0,199.02,185.49,1029388,82.8213,9.4418,0.11400207434560918
127,2020-07-16,185.53,174.63,189.37,173.77,660357,85.0585,9.6969,0.11400271577796457
128,2020-07-17,177.69,177.5,179.57,172.87,456323,79.5532,9.0692,0.11400169949166093
129,2020-07-20,180.79,181.53,181.73,175.69,408372,82.9967,9.4618,0.11400212297597374
130,2020-07-21,182.47,181.57,185.88,180.87,343754,83.7425,9.5468,0.11400185091202196
131,2020-07-22,181.38,181.85,185.96,179.38,376468,86.5938,9.8719,0.11400238816173906
132,2020-07-23,179.65,176.12,180.71,170.01,640930,90.4103,10.307,0.11400249750304998
133,2020-07-24,173.34,165.7,174.99,164.4,537239,86.2429,9.8319,0.11400242802595922
134,2020-07-27,167.54,167.66,170.56,164.99,291717,88.1731,10.0519,0.11400188946515433
135,2020-07-28,169.93,167.58,170.4,165.5,242021,85.4972,9.7469,0.11400256382665162
136,2020-07-29,167.54,174.91,174.95,166.4,425298,86.3306,9.8419,0.11400245104285155
137,2020-07-30,175.77,171.89,176.2,170.91,317248,86.6377,9.8769,0.11400233385696988
138,2020-07-31,171.81,175.22,177.06,171.77,376402,85.8262,9.7844,0.1140024840899399
139,2020-08-03,176.08,184.0,185.49,174.52,566524,89.5549,10.2095,0.11400269555323048
140,2020-08-04,184.67,180.59,184.67,178.04,394790,81.64,9.0801,0.11122121509064184
141,2020-08-05,185.53,187.3,189.73,182.4,586652,81.4677,9.0609,0.11122076602138026
142,2020-08-06,185.37,189.26,191.69,182.59,577780,75.7022,8.4197,0.11122133834947993
143,2020-08-07,186.51,183.53,187.84,179.22,492686,72.8509,8.1026,0.11122168703475181
144,2020-08-10,182.55,182.83,187.49,180.91,341106,72.5219,8.066,0.11122157582743972
145,2020-08-11,182.75,175.3,184.08,175.18,372060,69.8272,7.8995,0.11312926767792493
146,2020-08-12,174.2,175.81,176.4,169.11,367612,69.6078,7.8747,0.1131295630662081
147,2020-08-13,175.5,172.6,176.87,172.56,186462,72.0675,8.153,0.11313005168765394
148,2020-08-14,172.16,175.06,175.77,171.38,194222,74.2452,8.3993,0.11312919892464429
149,2020-08-17,176.01,180.59,182.08,173.73,372275,75.4516,8.5358,0.11312947637955988
150,2020-08-18,180.59,180.98,183.88,179.89,281376,74.5742,8.4366,0.11313027830000187
151,2020-08-19,181.57,174.48,181.57,174.12,272430,72.0989,8.1565,0.11312932652231864
152,2020-08-20,173.07,175.61,179.38,171.77,230367,71.9579,8.1406,0.11313003853642199
153,2020-08-21,176.67,177.97,181.14,176.32,240367,71.0649,8.0396,0.1131303920782271
154,2020-08-24,177.97,181.26,183.3,174.95,288496,71.2529,8.0608,0.1131294305214244
155,2020-08-25,180.79,179.02,182.59,178.2,221152,68.4172,7.74,0.11312944698116849
156,2020-08-26,178.28,178.44,182.59,178.12,311778,70.5009,7.9757,0.11312905225323364
157,2020-08-27,177.77,176.16,178.44,173.07,294894,73.6029,8.3267,0.11313005329953031
158,2020-08-28,174.91,179.42,179.61,174.05,247962,74.8876,8.472,0.11312954347582242
159,2020-08-31,180.47,178.4,182.67,178.4,279464,74.7309,8.4543,0.11312991011750159
160,2020-09-01,178.4,177.69,178.4,175.5,187535,73.3209,8.2948,0.1131300897834042
161,2020-09-02,178.55,175.69,179.81,174.16,194538,73.3209,8.2948,0.1131300897834042
162,2020-09-03,175.34,171.54,176.79,170.91,312217,68.4172,7.74,0.11312944698116849
163,2020-09-04,168.44,169.3,171.85,167.7,246954,66.2303,9.4479,0.14265223017259474
164,2020-09-07,169.3,165.38,171.38,164.44,233876,65.3355,9.3202,0.1426513916630316
165,2020-09-08,166.21,164.25,167.54,162.32,193296,94.1279,10.5908,0.11251499289796119
166,2020-09-09,161.97,156.52,162.76,156.48,302563,90.4272,10.1744,0.11251481855017074
167,2020-09-10,158.84,153.94,159.89,153.74,198769,91.8071,10.3297,0.11251526298074986
168,2020-09-11,153.31,155.03,155.9,153.31,157348,90.5317,10.1862,0.11251528470138084
169,2020-09-14,156.37,155.82,159.46,154.13,177689,90.4272,10.1744,0.11251481855017074
170,2020-09-15,156.09,158.91,159.35,154.96,180716,100.463,11.3036,0.11251505529398884
171,2020-09-16,158.37,156.05,158.44,155.62,128703,102.2611,11.5059,0.11251492503014343
172,2020-09-17,157.9,157.54,159.54,154.8,174826,102.4493,11.5271,0.11251516603822576
173,2020-09-18,156.95,159.66,159.82,156.88,159498,102.1357,11.4918,0.11251501678649091
174,2020-09-21,159.97,159.5,162.8,158.84,182634,98.8949,11.1271,0.11251439659679113
175,2020-09-22,157.93,156.33,158.84,155.66,128891,98.3304,11.0636,0.11251454280670067
176,2020-09-23,157.07,157.5,158.33,156.09,99398,90.2808,10.1579,0.11251451028347112
177,2020-09-24,156.13,151.98,156.72,151.74,179844,91.6817,10.3155,0.11251427493163847
178,2020-09-25,153.0,152.41,153.5,151.7,91548,94.797,10.6661,0.11251516398198255
179,2020-09-28,152.41,150.49,153.58,150.33,90384,90.8244,10.2191,0.11251491889844578
180,2020-09-29,151.78,151.74,153.7,150.25,126273,97.745,10.9977,0.11251419509949358
181,2020-09-30,152.37,149.11,152.84,148.25,144029,101.1112,11.3765,0.11251473625078132
182,2020-10-09,152.05,153.7,154.88,151.58,145595,101.5502,11.4259,0.11251479563801942
183,2020-10-12,155.5,159.19,159.35,154.96,219919,102.3866,11.52,0.11251472360640943
184,2020-10-13,159.35,159.46,160.8,157.74,166863,100.3794,11.2942,0.11251511764365996
185,2020-10-14,159.35,156.72,159.38,156.37,139972,94.4624,10.6284,0.11251460898727958
186,2020-10-15,156.48,154.41,158.13,154.33,133679,102.1984,11.4988,0.11251448163572031
187,2020-10-16,154.52,153.15,155.5,152.17,128327,103.0138,11.5906,0.11251502225915362
188,2020-10-19,159.93,154.52,161.03,154.09,265363,110.5616,12.4398,0.11251465246523205
189,2020-10-20,153.15,156.13,156.6,152.96,141093,111.9206,12.5927,0.1125145862334548
190,2020-10-21,156.13,152.84,156.29,151.39,167815,109.3698,12.3057,0.11251460640871612
191,2020-10-22,151.51,152.37,153.74,151.43,79615,102.3657,11.5176,0.11251425037878898
192,2020-10-23,152.6,150.25,153.23,150.06,119122,101.5084,11.4212,0.11251482635919788
193,2020-10-26,150.6,148.37,151.07,147.74,127703,105.3973,11.8587,0.11251426744328366
194,2020-10-27,147.39,150.13,150.13,147.08,96580,102.282,11.5082,0.11251442091472597
195,2020-10-28,149.82,142.72,150.02,140.61,390569,100.1912,11.273,0.11251487156556664
196,2020-10-29,141.2,141.04,142.65,140.49,191416,97.2223,10.9389,0.11251430998855201
197,2020-10-30,141.43,141.51,144.57,141.2,197537,100.7767,11.3389,0.11251509525515323
198,2020-11-02,141.51,131.12,142.22,127.67,545484,95.4451,10.739,0.1125149431453265
199,2020-11-03,131.0,136.81,137.67,130.46,306165,98.3095,11.0613,0.11251506721120542
200,2020-11-04,137.67,137.98,139.24,136.41,170553,96.6787,10.8778,0.11251495934471606
201,2020-11-05,140.37,141.67,142.06,138.45,199596,87.8973,9.8897,0.1125142638056004
202,2020-11-06,146.29,143.67,150.6,141.98,475279,83.6112,9.4075,0.11251483054901737
203,2020-11-09,144.8,147.19,149.74,144.41,398881,83.0467,9.344,0.11251500661675899
204,2020-11-10,147.66,145.19,147.78,143.16,246368,78.3842,8.8194,0.11251502216007817
205,2020-11-11,143.94,142.18,144.72,141.16,159253,87.0819,9.798,0.11251477057804204
206,2020-11-12,142.33,142.61,144.25,142.33,109543,93.877,10.5625,0.11251424736623454
207,2020-11-13,141.78,143.27,144.25,140.02,121241,88.0019,9.9015,0.1125146161616965
208,2020-11-16,143.27,141.98,143.94,141.0,114465,90.6781,10.2026,0.11251448806271856
209,2020-11-17,141.98,139.67,142.76,138.22,158418,90.7408,10.2097,0.11251498774531413
210,2020-11-18,140.26,139.2,141.39,138.45,110338,88.6918,9.9791,0.11251434743685437
211,2020-11-19,138.3,140.33,141.0,136.88,105570,90.0927,10.1367,0.1125141104662198
212,2020-11-20,140.02,143.51,144.18,139.47,184440,88.3364,9.9391,0.11251420705394378
213,2020-11-23,143.51,143.16,144.49,141.51,158681,86.7056,9.7557,0.1125152239301729
214,2020-11-24,143.16,142.18,144.45,141.98,128674,78.8232,8.8688,0.11251509707801764
215,2020-11-25,142.76,138.77,143.08,138.77,169100,79.4505,8.9393,0.11251408109451795
216,2020-11-26,138.77,137.59,139.24,136.92,98842,76.0425,8.5559,0.11251471216753788
217,2020-11-27,137.67,138.1,138.57,136.57,85450,75.7916,8.5277,0.11251510721504757
218,2020-11-30,137.2,139.86,140.61,135.71,167411,75.1016,8.45,0.11251424736623453
219,2020-12-01,139.55,140.92,141.2,138.53,137282,74.6834,8.403,0.1125149631645051
