,日期,开盘,收盘,最高,最低,成交量,pe,pb,roe
0,2020-06-29,91.18,91.18,91.18,91.18,1099,52.773,7.3366,0.13902184829363498
1,2020-06-30,100.3,100.3,100.3,100.3,258,52.114,7.245,0.1390221437617531
2,2020-07-01,110.33,110.33,110.33,110.33,315,50.767,7.0577,0.13902141154687098
3,2020-07-02,121.36,121.36,121.36,121.36,446,51.2721,7.1279,0.13902102703029523
4,2020-07-03,133.5,133.5,133.5,133.5,1380,52.8596,7.3486,0.1390211049648503
5,2020-07-06,146.85,146.85,146.85,146.85,1807,55.2698,7.6837,0.13902167187143794
6,2020-07-07,161.54,161.54,161.54,161.54,823,57.2085,7.9532,0.13902129928244927
7,2020-07-08,177.69,177.69,177.69,177.69,980,58.2524,8.0983,0.13902088154307804
8,2020-07-09,195.46,195.46,195.46,195.46,1245,58.161,8.0856,0.13902099344921853
9,2020-07-10,215.01,215.01,215.01,215.01,3933,57.8627,8.0442,0.13902220255881598
10,2020-07-13,236.51,236.51,236.51,236.51,2302,57.6318,8.0121,0.1390222064901669
11,2020-07-14,260.16,260.16,260.16,260.16,2888,58.6709,8.1565,0.1390212183552664
12,2020-07-15,286.18,286.18,286.18,286.18,5564,59.5224,8.2749,0.13902161203177293
13,2020-07-16,266.0,257.56,268.0,257.56,36349,59.3588,8.2521,0.13902066753371026
14,2020-07-17,231.8,231.8,231.8,231.8,8197,59.1712,8.2261,0.13902202422800283
15,2020-07-20,208.62,215.22,230.0,208.62,177747,60.5182,8.4133,0.13902098872735805
16,2020-07-21,207.0,212.52,218.06,204.0,95758,61.4563,8.5437,0.1390207350588955
17,2020-07-22,209.8,219.98,225.99,205.0,102603,60.2825,8.3806,0.13902210425911332
18,2020-07-23,215.99,219.6,224.13,212.6,68407,62.1634,8.642,0.13902070993542823
19,2020-07-24,218.0,213.0,232.65,212.68,80516,62.0576,8.6273,0.13902084515031196
20,2020-07-27,214.98,194.89,216.0,191.7,75982,61.6198,8.5665,0.1390218728395743
21,2020-07-28,197.88,196.04,201.0,193.21,41351,57.17,7.9478,0.13902046527899248
22,2020-07-29,194.2,212.01,215.0,193.69,66860,57.5981,8.0074,0.1390219469044986
23,2020-07-30,211.0,217.55,229.28,209.12,71591,59.4983,8.2715,0.13902077874493893
24,2020-07-31,214.24,220.3,224.5,214.2,46421,59.4743,8.2682,0.1390213924333704
25,2020-08-03,220.5,221.88,225.5,218.01,44579,60.6625,8.8292,0.14554626004533278
26,2020-08-04,222.0,208.5,222.0,207.5,58151,59.3155,8.6331,0.14554543078959126
27,2020-08-05,204.0,208.25,211.88,203.0,30113,59.0269,8.5911,0.14554550552375276
28,2020-08-06,206.5,203.77,210.1,200.01,33923,61.0378,8.8838,0.14554587485132167
29,2020-08-07,203.66,207.1,208.5,198.25,32670,62.4617,9.091,0.14554519009248867
30,2020-08-10,205.0,206.1,206.38,201.61,18361,62.25,9.0602,0.1455453815261044
31,2020-08-11,205.41,207.9,215.11,204.5,33689,61.2302,8.9118,0.14554582542601524
32,2020-08-12,208.5,210.0,215.1,202.0,35402,64.0781,9.3263,0.14554582610907624
33,2020-08-13,212.0,203.7,212.11,203.0,23608,63.1929,9.1975,0.14554641423324455
34,2020-08-14,207.0,203.6,207.99,200.58,19018,62.9813,9.1666,0.14554478869124646
35,2020-08-17,201.77,205.81,206.14,200.77,18590,62.5387,9.1022,0.14554507848740061
36,2020-08-18,204.9,213.95,215.04,203.61,33567,59.9505,8.7255,0.14554507468661645
37,2020-08-19,212.0,209.17,214.0,208.53,21524,58.2235,8.4742,0.14554604240555788
38,2020-08-20,210.5,224.04,230.04,210.5,50194,56.5735,8.234,0.1455451757448275
39,2020-08-21,217.92,216.74,220.85,213.47,40319,56.28,8.1913,0.145545486851457
40,2020-08-24,215.92,201.54,215.93,196.5,45374,56.5494,8.2305,0.14554531082557903
41,2020-08-25,203.36,202.66,204.61,199.86,24464,59.4117,8.6471,0.14554540603955113
42,2020-08-26,200.8,196.29,204.69,196.22,29356,60.3739,8.7872,0.14554633707612066
43,2020-08-27,194.12,185.3,196.08,182.39,53374,58.6901,8.5421,0.14554584163257517
44,2020-08-28,185.37,189.51,190.13,182.57,29316,57.4923,8.3677,0.14554470772607808
45,2020-08-31,187.89,186.53,190.9,186.43,22361,57.4875,8.367,0.14554468362687542
46,2020-09-01,183.94,185.73,186.38,183.94,14205,58.5939,8.5281,0.14554586740257947
47,2020-09-02,186.07,190.68,191.98,186.07,24826,58.0503,8.449,0.14554619011443523
48,2020-09-03,190.68,186.34,190.68,186.0,19972,56.7996,8.2669,0.14554503904957078
49,2020-09-04,182.54,185.54,186.21,181.27,15391,57.7857,8.4105,0.14554638950466986
50,2020-09-07,182.89,175.61,185.02,175.23,32191,57.4153,8.3565,0.1455448286432362
51,2020-09-08,175.61,168.92,176.89,167.37,26897,58.9692,8.5827,0.1455454711951324
52,2020-09-09,165.7,169.07,173.39,160.81,29300,58.7046,8.5442,0.14554566422392795
53,2020-09-10,170.04,171.34,176.34,169.62,23050,57.9252,8.4308,0.14554632526085365
54,2020-09-11,172.7,172.11,176.24,171.69,16567,57.8723,8.4231,0.14554631490367584
55,2020-09-14,174.1,167.59,174.1,165.71,22413,60.1718,8.7577,0.14554492303703728
56,2020-09-15,167.58,168.67,170.6,162.91,19062,63.5826,9.2542,0.1455461085265466
57,2020-09-16,167.23,165.8,170.32,165.0,13677,63.8568,9.2941,0.1455459716114807
58,2020-09-17,164.92,169.44,170.12,162.91,20020,65.3481,9.5111,0.14554516504687973
59,2020-09-18,172.21,171.02,175.26,168.54,19465,63.6499,9.264,0.14554618310476528
60,2020-09-21,169.9,167.8,170.59,166.96,14912,63.9242,9.3039,0.14554581832858293
61,2020-09-22,166.82,167.81,171.44,165.0,16420,64.9488,9.453,0.1455454142339812
62,2020-09-23,167.9,171.3,172.85,166.53,21994,63.5008,9.2423,0.1455461978431768
63,2020-09-24,170.28,176.2,177.24,169.9,35393,67.2772,9.7919,0.14554559345513787
64,2020-09-25,176.35,173.4,178.22,172.25,21902,69.466,10.1105,0.1455460225146115
65,2020-09-28,172.14,165.07,172.71,165.07,20283,69.0812,10.2911,0.1489710659340023
66,2020-09-29,165.14,164.29,166.54,162.2,14401,74.3056,11.0694,0.14897127538166707
67,2020-09-30,164.31,165.14,166.82,163.88,9973,76.8119,11.4428,0.14897170881074417
68,2020-10-09,167.1,169.94,170.15,167.1,12719,71.8748,10.4401,0.14525396940234964
69,2020-10-12,169.94,174.97,175.54,169.94,17817,73.5173,10.6787,0.14525424627944714
70,2020-10-13,174.38,182.5,184.32,174.1,30798,70.7203,10.2724,0.14525390870796645
71,2020-10-14,182.64,183.79,189.5,179.88,32949,69.9609,10.1621,0.14525399187260316
72,2020-10-15,182.5,184.4,186.31,180.4,18844,69.9952,10.1671,0.14525424600544037
73,2020-10-16,183.66,186.98,189.5,183.34,19585,72.16,10.4815,0.14525360310421287
74,2020-10-19,188.1,178.69,189.74,178.41,26246,71.4384,10.3767,0.14525381307532081
75,2020-10-20,177.75,181.66,182.01,177.29,12609,70.8199,10.2869,0.14525437059357607
76,2020-10-21,181.73,182.28,187.2,180.4,16089,71.1635,10.3368,0.14525423847899555
77,2020-10-22,182.29,178.13,182.29,177.71,12138,70.0193,10.1706,0.14525423704607157
78,2020-10-23,178.09,172.28,180.04,171.31,17804,71.5587,10.3942,0.14525417594226836
79,2020-10-26,170.05,173.12,173.33,166.61,11209,71.6446,10.4066,0.14525309653484003
80,2020-10-27,171.17,177.04,177.57,171.17,12379,76.2422,11.0745,0.1452542030529025
81,2020-10-28,174.1,173.58,175.47,171.64,15565,75.6993,10.9956,0.14525365492151182
82,2020-10-29,169.2,173.65,174.95,169.2,13321,74.7543,10.8583,0.14525318276005528
83,2020-10-30,172.95,168.12,172.97,168.12,18347,72.8507,10.5818,0.14525323709998667
84,2020-11-02,167.14,166.88,169.73,165.49,12882,67.3631,9.7847,0.14525311335137486
85,2020-11-03,166.86,179.83,182.08,165.98,25936,66.9679,9.7273,0.14525317353538036
86,2020-11-04,179.7,181.1,182.53,177.67,17658,73.1909,10.6312,0.14525303008980625
87,2020-11-05,182.71,181.41,184.39,179.39,15078,75.4588,10.9607,0.14525409892550636
88,2020-11-06,180.65,175.93,180.65,174.52,17297,75.5893,10.9796,0.14525336257909519
89,2020-11-09,175.93,179.35,180.27,173.44,22918,73.0259,10.6073,0.14525394414858292
90,2020-11-10,179.55,176.62,181.51,176.45,16033,73.9537,10.7421,0.14525439565566026
91,2020-11-11,176.91,172.7,177.5,171.15,12926,79.6509,11.5696,0.14525385149445896
92,2020-11-12,172.53,173.25,174.52,171.34,7372,88.5025,12.8553,0.14525352391175392
93,2020-11-13,172.14,173.72,174.24,170.39,6957,98.3369,14.2838,0.14525371452628666
94,2020-11-16,174.31,171.24,175.35,170.61,10900,89.3959,12.9851,0.14525386511014488
95,2020-11-17,170.88,168.22,171.24,167.21,11183,81.2694,11.8047,0.1452539332147155
96,2020-11-18,168.33,168.89,171.26,168.33,8149,73.8815,10.7316,0.14525422467058735
97,2020-11-19,168.89,169.76,170.18,167.38,7611,67.1638,9.7558,0.14525384209946432
98,2020-11-20,168.92,170.03,172.28,168.92,8316,61.0577,8.8689,0.1452544068970826
99,2020-11-23,169.03,166.99,170.03,165.74,15094,55.5082,8.0628,0.14525421469260397
100,2020-11-24,160.24,161.35,166.4,160.24,23674,50.4605,7.3296,0.14525420873752737
101,2020-11-25,160.51,154.33,161.49,148.9,37575,45.8732,6.6632,0.14525256576824813
102,2020-11-26,154.33,149.71,154.33,148.93,16050,41.7016,6.0573,0.14525341953306348
103,2020-11-27,149.04,148.24,150.99,146.1,12833,37.9115,5.5068,0.14525407857774028
104,2020-11-30,148.26,152.16,152.93,148.2,12739,34.465,5.0062,0.14525460612215288
105,2020-12-01,152.16,154.08,157.13,151.18,11191,31.3312,4.551,0.14525457052395058
