,日期,开盘,收盘,最高,最低,成交量,pe,pb,roe
0,2020-01-03,218.4,217.32,222.16,214.53,34525,33.2187,10.3432,0.31136679039215864
1,2020-01-06,214.2,214.1,219.46,211.5,29263,32.9659,10.2645,0.3113672006527958
2,2020-01-07,215.05,216.58,217.62,211.6,30838,33.2246,10.345,0.3113656748312997
3,2020-01-08,214.43,210.69,214.5,208.5,25725,32.954,10.2608,0.3113673605632093
4,2020-01-09,212.5,216.6,218.0,210.36,33447,32.9244,10.2516,0.3113678609177388
5,2020-01-10,217.52,238.11,238.11,217.52,77615,33.5742,10.4539,0.31136706161278604
6,2020-01-13,244.38,261.77,261.77,242.52,75842,33.7065,10.4951,0.3113672437067035
7,2020-01-14,270.6,267.5,279.46,261.8,87893,34.613,10.7773,0.3113656718573946
8,2020-01-15,266.05,269.7,273.46,254.93,53898,34.8796,10.8603,0.31136538263053476
9,2020-01-16,268.03,274.46,280.4,267.5,49836,35.0376,10.9095,0.31136550448660866
10,2020-01-17,278.5,278.3,280.36,267.88,32897,35.1739,10.952,0.31136723536485855
11,2020-01-20,279.27,290.98,298.5,278.61,42373,35.245,10.9741,0.3113661512271244
12,2020-01-21,286.46,290.75,296.49,281.68,41107,35.2489,10.9753,0.3113657447466446
13,2020-01-22,291.5,319.68,319.68,291.5,57831,35.3576,11.0092,0.3113672873724461
14,2020-01-23,326.5,339.56,347.5,317.5,69932,35.3102,10.9944,0.311366120837605
15,2020-02-03,305.75,305.75,308.83,305.75,44292,36.5445,11.3787,0.31136559537002834
16,2020-02-04,310.75,336.18,336.18,309.5,82514,38.0474,11.8467,0.31136687395196516
17,2020-02-05,337.5,330.93,342.4,326.5,65594,35.7466,11.1303,0.3113666754320691
18,2020-02-06,322.36,330.5,332.35,316.5,47131,35.4622,11.0417,0.3113653411237881
19,2020-02-07,326.51,329.8,341.5,321.5,50019,34.7414,10.8173,0.3113662661838613
20,2020-02-10,323.44,303.1,324.5,296.97,75343,35.1818,10.9544,0.31136553558942404
21,2020-02-11,301.5,310.35,315.7,301.5,51530,34.9586,10.8849,0.3113654436962579
22,2020-02-12,308.18,313.0,315.74,306.66,41143,33.9297,10.5646,0.3113673271499601
23,2020-02-13,311.5,319.5,330.16,309.5,64842,33.2009,11.0714,0.3334668638500764
24,2020-02-14,315.36,315.5,324.08,309.51,57342,33.9692,11.3276,0.33346678756049597
25,2020-02-17,315.49,325.98,329.98,313.58,51528,34.1054,11.373,0.3334662546107068
26,2020-02-18,326.5,334.77,338.38,324.7,58412,34.1469,11.3869,0.33346804541554287
27,2020-02-19,333.46,351.46,363.02,328.09,70422,34.4017,11.4718,0.3334660787112265
28,2020-02-20,348.46,360.5,363.5,337.8,64248,34.927,11.647,0.3334669453431443
29,2020-02-21,360.6,365.39,375.48,351.5,52484,33.5149,11.1761,0.33346660738954914
30,2020-02-24,362.5,373.19,373.19,355.52,59896,33.1397,11.051,0.33346711044457256
31,2020-02-25,361.5,374.78,389.5,347.52,75868,32.6065,10.8732,0.3334672534617331
32,2020-02-26,366.47,341.5,369.33,337.45,76214,32.8237,10.9456,0.333466367289489
33,2020-02-27,346.52,330.38,349.5,325.5,66468,33.0212,11.0115,0.3334675905176069
34,2020-02-28,313.81,311.36,322.5,304.55,65502,33.3095,11.1076,0.3334664284963749
35,2020-03-02,316.07,308.5,318.38,296.5,64857,34.0936,11.3691,0.33346727831616485
36,2020-03-03,320.5,321.7,331.5,315.2,60504,33.6556,11.3326,0.3367225662296913
37,2020-03-04,320.5,311.58,320.5,301.27,50084,32.2419,10.8565,0.3367202305075073
38,2020-03-05,317.8,313.14,320.83,304.5,39823,31.0135,10.4429,0.33672110532510036
39,2020-03-06,306.92,316.4,320.69,306.5,31174,31.7056,10.6759,0.3367196962050868
40,2020-03-09,308.16,288.39,313.59,287.39,56993,31.5478,10.6228,0.3367207856015316
41,2020-03-10,287.66,305.1,308.0,287.66,56300,32.3208,10.8831,0.33672124452365043
42,2020-03-11,309.5,295.8,310.5,295.35,40665,32.2794,10.8691,0.3367193937929453
43,2020-03-12,287.5,283.1,289.49,274.5,77435,32.6914,11.0079,0.3367215842698691
44,2020-03-13,266.49,280.51,285.4,263.11,67280,32.1177,10.8147,0.3367208735370217
45,2020-03-16,280.5,253.0,280.5,252.69,66314,32.6954,11.0092,0.3367201502352013
46,2020-03-17,255.52,263.85,272.1,250.55,79288,32.7131,11.0152,0.336721374617508
47,2020-03-18,270.0,258.4,271.18,256.5,52670,32.4884,10.9395,0.3367201832038513
48,2020-03-19,260.97,267.0,269.48,256.5,55489,32.1985,10.8419,0.336720654688883
49,2020-03-20,273.04,268.5,275.19,259.7,48374,32.2379,10.8552,0.33672168472512165
50,2020-03-23,259.0,251.5,264.3,251.5,42477,31.9028,10.7423,0.336719660970197
51,2020-03-24,258.5,259.8,266.4,251.62,41846,31.9323,10.7523,0.3367217519564829
52,2020-03-25,269.7,271.51,278.28,266.5,47811,30.7355,10.3493,0.33672138081371705
53,2020-03-26,267.84,260.88,267.84,259.55,38268,30.9543,10.423,0.3367222001466678
54,2020-03-27,268.16,266.35,273.85,265.65,36151,32.8512,11.0617,0.3367213374245081
55,2020-03-30,258.31,263.0,263.46,252.5,39569,34.3122,11.5536,0.3367198838896952
56,2020-03-31,265.5,262.28,269.8,258.18,31245,35.2784,11.879,0.3367216200281192
57,2020-04-01,257.51,260.81,268.0,256.01,30699,34.9097,11.7548,0.3367201666012598
58,2020-04-02,257.95,281.81,284.4,257.95,48947,34.9589,11.7714,0.3367211210879061
59,2020-04-03,279.5,278.7,284.83,276.1,32472,35.4637,11.9414,0.3367217746597224
60,2020-04-07,289.5,283.84,292.1,279.5,35563,35.2843,11.881,0.3367219981691574
61,2020-04-08,280.5,278.01,287.96,276.58,32295,35.304,11.8876,0.33672105143893044
62,2020-04-09,279.49,272.26,280.3,271.5,24029,36.3727,13.0987,0.3601244889711239
63,2020-04-10,273.8,261.5,273.9,259.71,28966,35.1246,12.6493,0.3601265210137624
64,2020-04-13,256.5,251.38,256.5,248.06,29116,36.8617,13.2748,0.3601244652308494
65,2020-04-14,253.98,257.5,258.61,250.11,28549,36.9405,13.3032,0.36012506598448857
66,2020-04-15,258.5,260.38,266.1,254.88,35552,37.1929,13.3941,0.36012518518319353
67,2020-04-16,254.9,260.08,262.12,251.5,38593,37.4828,13.4985,0.36012517741470756
68,2020-04-17,269.22,267.9,275.08,266.08,51743,40.2038,14.4784,0.3601251622980912
69,2020-04-20,268.5,264.96,273.38,263.5,32566,40.7894,14.6893,0.36012542474270276
70,2020-04-21,261.81,255.71,261.85,252.18,45511,41.097,14.8001,0.36012604326349856
71,2020-04-22,253.11,255.23,257.99,251.52,24008,40.6474,14.6382,0.3601263549452118
72,2020-04-23,256.5,264.38,270.38,254.52,42350,40.7204,14.6645,0.36012661958134007
73,2020-04-24,264.5,252.1,268.15,250.87,47281,40.9491,14.7468,0.3601251309552591
74,2020-04-27,249.39,239.2,249.39,227.18,81285,40.3063,14.5153,0.3601248440070163
75,2020-04-28,236.84,252.39,253.44,235.98,56858,40.8742,14.7198,0.3601244795005162
76,2020-04-29,228.01,227.3,234.5,227.3,81660,40.744,14.673,0.3601266444139014
77,2020-04-30,227.2,237.75,243.27,219.71,94175,42.2544,15.2169,0.36012580938316485
78,2020-05-06,233.92,243.5,245.3,233.0,86464,43.5695,15.6905,0.36012577605894036
79,2020-05-07,246.5,237.48,248.49,236.51,70140,43.3566,15.6138,0.3601251020605859
80,2020-05-08,239.61,242.63,246.4,239.5,68277,42.8656,15.437,0.3601256018812288
81,2020-05-11,245.35,244.89,252.99,241.51,75171,41.0418,14.7802,0.360125530556652
82,2020-05-12,243.5,239.5,243.5,233.82,64249,40.8939,14.7269,0.3601246151626526
83,2020-05-13,238.38,240.46,242.95,236.42,45863,41.6846,15.0117,0.36012580185488163
84,2020-05-14,240.04,235.5,240.04,235.45,45581,40.4128,14.5537,0.3601259996832687
85,2020-05-15,237.48,241.86,246.29,233.01,87962,40.2387,14.5522,0.36164687228961173
86,2020-05-18,245.55,225.68,246.5,224.0,118933,40.619,14.6897,0.3616460277210173
87,2020-05-19,227.5,228.8,229.3,223.44,71517,41.1098,14.8672,0.36164612817381747
88,2020-05-20,228.5,232.96,239.58,225.8,77459,41.9099,15.1565,0.36164486195385814
89,2020-05-21,233.49,222.55,234.5,221.2,61696,41.7581,15.1017,0.3616472013812889
90,2020-05-22,221.5,220.29,224.5,215.5,53576,42.4085,15.3369,0.3616468396665763
91,2020-05-25,217.7,214.85,223.5,214.03,42884,41.4369,14.9855,0.36164626214798884
92,2020-05-26,216.76,218.8,220.0,216.76,38837,42.4814,15.3632,0.36164533183934616
93,2020-05-27,219.5,212.93,220.26,211.5,41716,46.7855,16.9198,0.36164623654764827
94,2020-05-28,212.93,214.5,215.5,209.48,44581,50.2126,18.1592,0.3616462800173661
95,2020-05-29,213.5,218.0,218.28,211.75,42337,50.8787,18.4001,0.36164642571449346
96,2020-06-01,220.7,225.65,227.8,219.18,69666,51.1349,18.4927,0.3616453733164629
97,2020-06-02,225.86,228.58,229.4,223.39,58883,53.2428,19.1942,0.36050320418911097
98,2020-06-03,229.48,227.13,233.18,226.0,63025,50.9112,18.3537,0.3605041719700184
99,2020-06-04,230.39,227.84,235.0,227.33,58844,50.7179,18.284,0.3605038852160677
100,2020-06-05,230.07,233.75,234.73,226.3,63274,48.3783,17.4406,0.3605046064041109
101,2020-06-08,237.32,231.0,238.28,228.56,52379,44.8217,16.1584,0.3605039523266632
102,2020-06-09,231.25,232.48,234.58,227.3,42116,44.089,16.1227,0.3656853183333711
103,2020-06-10,232.3,226.8,232.5,225.6,61279,44.1874,16.1586,0.36568343011808796
104,2020-06-11,225.3,212.59,225.41,210.3,153942,43.8666,16.0413,0.3656836864493715
105,2020-06-12,206.3,207.8,212.6,205.09,76340,43.5911,15.9406,0.3656847383984346
106,2020-06-15,209.7,210.18,213.7,208.31,46416,44.5318,16.2846,0.3656847466304978
107,2020-06-16,207.3,207.1,210.3,205.86,62312,41.9655,15.3461,0.36568371638607905
108,2020-06-17,208.5,205.28,208.5,203.58,51931,42.3788,15.4973,0.3656852010911116
109,2020-06-18,204.32,205.52,206.8,204.31,43414,41.135,15.0424,0.36568372432235324
110,2020-06-19,206.3,211.32,214.14,206.3,84878,39.9936,14.625,0.36568350936149785
111,2020-06-22,215.3,217.64,220.37,214.32,79939,39.9463,14.6078,0.3656859333655432
112,2020-06-23,217.4,215.54,217.4,213.04,51151,40.3045,14.7387,0.3656837325856914
113,2020-06-24,216.25,228.58,230.46,215.55,118459,40.9107,14.9604,0.36568428308486534
114,2020-06-29,228.28,223.8,228.28,221.31,75375,40.4423,14.7891,0.36568394972590573
115,2020-06-30,225.3,225.2,227.53,224.11,55122,41.3849,15.1338,0.36568410217253156
116,2020-07-01,225.25,226.83,233.8,223.53,82762,44.1815,16.1565,0.36568473229745485
117,2020-07-02,227.41,226.33,228.28,221.33,75626,45.2993,16.5652,0.36568335493042936
118,2020-07-03,227.85,229.52,232.48,225.39,78787,45.008,16.4587,0.36568387842161393
119,2020-07-06,236.6,247.55,247.55,235.1,142298,45.5492,16.6566,0.36568370026257324
120,2020-07-07,253.3,259.41,266.29,253.3,140783,44.3861,16.2313,0.3656843020675392
121,2020-07-08,258.82,260.39,263.06,252.64,96329,44.2464,16.1802,0.36568398784985895
122,2020-07-09,260.39,272.21,274.16,257.39,89682,44.6892,15.4525,0.34577705575396295
123,2020-07-10,263.98,261.77,268.3,260.31,118517,44.1126,15.2531,0.34577649016380807
124,2020-07-13,263.28,260.47,266.27,254.3,99993,42.6071,14.7325,0.3457757040493251
125,2020-07-14,260.1,257.09,266.29,251.65,98076,41.9183,14.4944,0.3457773812392201
126,2020-07-15,256.3,239.7,258.48,239.33,109584,41.6093,14.3875,0.34577606448558373
127,2020-07-16,240.31,217.86,242.28,216.3,115007,42.7645,14.787,0.34577745559985507
128,2020-07-17,217.29,212.56,221.49,210.9,88063,41.9872,14.5182,0.345776808170109
129,2020-07-20,215.4,217.49,217.56,208.39,74868,43.0577,14.8884,0.3457778748052033
130,2020-07-21,217.2,214.19,218.77,212.59,61722,43.5025,15.0422,0.3457778288604103
131,2020-07-22,215.3,214.96,218.12,212.85,65676,45.5512,15.7506,0.3457779377930768
132,2020-07-23,212.28,210.9,214.8,208.1,60450,44.7325,15.4675,0.34577767842172913
133,2020-07-24,210.3,208.41,217.31,206.18,72763,44.1185,15.2552,0.34577784829493297
134,2020-07-27,209.95,206.48,211.5,204.3,43013,47.3027,16.3562,0.34577730235271986
135,2020-07-28,208.34,207.26,209.8,205.43,34134,46.0511,15.9234,0.3457767566898511
136,2020-07-29,207.41,213.71,213.71,206.45,55543,47.0272,16.2609,0.345776486799129
137,2020-07-30,214.19,209.7,214.8,209.35,42745,46.8383,16.1956,0.3457768535578789
138,2020-07-31,209.53,210.45,213.3,208.18,55935,47.899,16.5624,0.3457775736445437
139,2020-08-03,212.4,219.7,220.8,210.64,80355,47.4542,16.4086,0.3457776129404773
140,2020-08-04,225.8,222.19,231.3,221.0,109386,46.4407,16.0581,0.34577644178489986
141,2020-08-05,232.4,223.27,234.4,223.1,89782,47.6255,16.4678,0.3457769472236512
142,2020-08-06,220.3,216.6,220.3,214.56,65658,46.4939,16.0765,0.3457765427292613
143,2020-08-07,214.8,208.94,215.91,207.3,75070,44.4373,15.3654,0.3457770836661993
144,2020-08-10,210.17,209.6,210.19,205.36,49607,154.1006,19.9352,0.12936484348535957
145,2020-08-11,209.59,206.72,211.5,206.31,41553,145.9991,18.8871,0.1293644960825101
146,2020-08-12,205.8,209.98,209.98,205.31,48583,153.9225,19.9121,0.1293644528902532
147,2020-08-13,211.34,208.82,212.77,208.2,32557,161.4651,20.8879,0.1293647977178969
148,2020-08-14,206.48,208.45,209.3,206.1,31155,155.845,20.1608,0.12936443260932334
149,2020-08-17,207.89,210.73,211.2,206.65,40942,156.1398,20.199,0.1293648384332502
150,2020-08-18,211.18,209.17,211.28,207.62,37938,161.8213,20.9339,0.1293643049462586
151,2020-08-19,209.04,206.2,209.05,206.06,37494,163.6271,21.1675,0.1293642678993883
152,2020-08-20,205.3,192.4,205.3,189.9,117106,158.8239,20.5462,0.12936466111208703
153,2020-08-21,192.3,190.93,194.3,188.38,55497,159.0082,20.57,0.12936439755937115
154,2020-08-24,191.59,189.65,192.09,183.41,54246,157.2393,20.3412,0.12936460541353212
155,2020-08-25,189.8,189.25,191.45,188.56,32375,153.4803,19.8549,0.1293644852140633
156,2020-08-26,189.31,180.44,189.35,180.34,68211,159.6961,20.659,0.12936446162429766
157,2020-08-27,180.44,186.77,187.11,177.47,55057,166.3051,21.514,0.12936464365795156
158,2020-08-28,182.3,181.35,184.27,177.6,78197,169.8368,21.9709,0.1293647784225798
159,2020-08-31,182.89,181.25,187.11,181.2,52604,173.4177,22.4341,0.12936453430070866
160,2020-09-01,180.3,182.16,182.29,178.87,32016,170.2606,22.0257,0.12936463280406624
161,2020-09-02,183.8,179.6,183.8,179.2,36871,172.1708,22.2728,0.12936456123802642
162,2020-09-03,179.45,179.35,181.29,176.2,42937,159.2723,20.6042,0.12936461644617425
163,2020-09-04,177.3,181.22,182.8,176.33,49416,160.1752,20.721,0.12936459576763445
164,2020-09-07,181.3,176.32,184.5,176.3,55815,160.6174,20.7782,0.1293645644867866
165,2020-09-08,176.3,168.91,177.3,168.3,63649,162.6751,21.0444,0.129364604662914
166,2020-09-09,166.19,159.29,166.19,159.2,67717,159.3153,20.6098,0.12936485070799852
167,2020-09-10,161.3,158.18,162.63,158.08,45405,165.8444,21.4544,0.12936463335512083
168,2020-09-11,159.5,164.25,164.85,158.8,49451,158.652,20.5239,0.1293642689660389
169,2020-09-14,165.3,164.1,166.05,162.8,36697,153.554,19.8644,0.12936426273493365
170,2020-09-15,164.55,165.8,166.74,162.54,46267,163.9956,21.2152,0.1293644463631951
171,2020-09-16,166.3,165.6,167.25,164.88,34175,163.0743,21.096,0.12936434496422797
172,2020-09-17,165.85,167.07,169.27,164.4,57925,157.7921,20.4127,0.12936452458646536
173,2020-09-18,165.4,168.21,168.68,161.3,60762,161.1395,20.8457,0.12936430856493908
174,2020-09-21,168.68,168.12,171.89,167.8,45776,154.4753,19.9836,0.12936437087353123
175,2020-09-22,166.3,165.19,168.67,164.41,28232,171.3724,22.1695,0.12936447175857957
176,2020-09-23,166.62,168.1,168.96,164.96,33719,172.9632,22.3753,0.12936451221994041
177,2020-09-24,166.82,166.01,167.8,165.07,30513,180.7637,23.3844,0.12936446864055118
178,2020-09-25,167.26,166.22,167.57,165.13,25049,186.4759,24.1234,0.1293647061094758
179,2020-09-28,165.8,162.3,166.2,161.3,29150,176.2124,22.7956,0.12936433531351937
180,2020-09-29,164.38,163.1,165.05,162.92,19970,193.4166,25.0212,0.12936428414107168
181,2020-09-30,164.18,159.59,164.3,159.31,30139,191.4142,24.7622,0.12936448811007753
182,2020-10-09,161.31,165.82,167.18,160.9,39738,190.4561,24.6383,0.129364719743815
183,2020-10-12,168.19,172.99,173.66,166.88,49443,196.6719,25.4424,0.12936469317680868
184,2020-10-13,173.01,174.93,174.98,170.56,37791,188.5643,24.3935,0.12936436006179325
185,2020-10-14,173.3,170.96,173.3,170.5,28290,190.3209,24.6208,0.12936466777952396
186,2020-10-15,171.97,169.5,173.66,169.26,28466,202.0033,26.1321,0.1293647182991565
187,2020-10-16,170.77,168.5,171.0,166.3,25909,208.8334,27.0156,0.12936436412949268
188,2020-10-19,170.27,167.4,170.98,167.3,19124,229.2745,29.66,0.12936458262911926
189,2020-10-20,167.31,170.1,170.3,165.25,20524,228.2979,29.5337,0.12936474667528697
190,2020-10-21,170.19,172.0,173.5,168.55,37377,223.507,28.9139,0.1293646284009002
191,2020-10-22,173.2,179.15,181.78,171.32,71780,220.5035,28.5253,0.12936438650633664
192,2020-10-23,178.8,176.49,181.7,175.18,40875,214.951,27.807,0.12936436676265753
193,2020-10-26,178.28,175.2,180.18,174.3,27521,204.6997,26.4809,0.12936462535118518
194,2020-10-27,174.28,174.99,176.26,170.39,27735,199.16,25.9076,0.13008435428800963
195,2020-10-28,174.99,174.3,175.9,172.2,21613,192.7275,25.0708,0.13008418622147852
196,2020-10-29,171.48,170.41,172.95,169.1,33958,195.1827,25.3902,0.13008427488706734
197,2020-10-30,171.24,174.1,180.8,171.17,55230,191.1931,24.8712,0.1300841923688669
198,2020-11-02,175.77,179.31,179.99,169.45,56630,189.5666,24.6596,0.13008409709305332
199,2020-11-03,180.3,180.44,184.25,178.49,48539,185.1166,24.0808,0.13008449809471437
200,2020-11-04,180.3,178.21,181.19,177.4,29567,201.5046,26.2126,0.1300843752450316
201,2020-11-05,181.23,181.86,182.2,178.48,37862,201.9343,26.2685,0.1300843888333978
202,2020-11-06,183.03,183.3,184.04,180.3,44416,202.1982,26.3028,0.13008424407338937
203,2020-11-09,185.8,194.95,197.89,185.8,97990,205.4206,26.722,0.13008432455167593
204,2020-11-10,193.3,187.34,193.3,186.76,61798,186.7432,24.2924,0.1300845224886368
205,2020-11-11,186.26,181.09,186.26,179.05,47850,207.4951,26.9919,0.13008451765848927
206,2020-11-12,181.84,181.33,184.8,179.8,24175,195.2932,25.4046,0.13008440642070485
207,2020-11-13,180.2,180.78,183.29,178.98,30542,177.5364,23.0947,0.13008430947118452
208,2020-11-16,179.49,180.76,182.04,179.31,20023,177.6776,23.1131,0.13008449011017706
209,2020-11-17,180.64,180.4,180.72,174.91,38234,169.8949,22.1006,0.13008395190202884
210,2020-11-18,178.31,179.71,181.55,178.1,26528,167.5379,21.7941,0.13008459578399872
211,2020-11-19,179.18,178.91,181.71,177.43,25536,164.6163,21.414,0.13008432336287476
212,2020-11-20,177.91,177.56,180.6,177.3,19936,163.266,21.2383,0.13008403464285276
213,2020-11-23,176.59,172.97,176.63,172.07,44468,159.749,20.7808,0.1300840693838459
214,2020-11-24,172.98,172.3,175.18,172.2,32339,145.227,18.8917,0.13008393755982015
215,2020-11-25,172.3,169.01,173.75,168.63,31383,132.0245,17.1743,0.13008418891948084
216,2020-11-26,168.91,169.16,170.28,167.94,18234,128.3971,16.7024,0.1300839349175332
217,2020-11-27,169.21,170.53,170.58,168.32,17496,132.0122,17.1727,0.13008418918857498
218,2020-11-30,170.27,169.22,172.26,169.22,29024,130.4901,16.9747,0.13008419795831253
219,2020-12-01,169.26,170.5,170.53,168.4,22296,132.4664,17.2318,0.1300843081717326
