,日期,开盘,收盘,最高,最低,成交量,pe,pb,roe
0,2020-02-06,71.34,85.61,85.61,71.34,9238,48.8136,13.4195,0.27491313896127306
1,2020-02-07,94.17,94.17,94.17,94.17,2603,48.7484,13.4016,0.2749136381912022
2,2020-02-10,103.59,103.59,103.59,103.59,2439,48.0523,13.2102,0.27491295942129723
3,2020-02-11,113.95,113.95,113.95,113.95,2729,48.5268,13.3406,0.2749120073856096
4,2020-02-12,125.35,125.35,125.35,125.35,9874,48.1774,13.2446,0.27491313354394387
5,2020-02-13,137.89,137.89,137.89,137.89,9374,49.6218,13.6417,0.2749134453002511
6,2020-02-14,151.68,151.68,151.68,151.68,16871,49.5749,13.6288,0.2749133129870156
7,2020-02-17,151.0,166.85,166.85,143.01,354988,50.3231,13.8345,0.27491350890545296
8,2020-02-18,183.54,183.54,183.54,177.62,160419,49.3194,13.5585,0.2749121035535712
9,2020-02-19,181.88,179.9,185.5,173.77,209361,48.9909,13.4682,0.27491227962744097
10,2020-02-20,183.94,183.2,193.99,180.1,211999,51.1782,14.0696,0.2749139281959897
11,2020-02-21,183.8,184.98,188.0,178.99,168871,51.5615,14.1749,0.2749124831511884
12,2020-02-24,178.92,174.59,182.3,174.59,140598,51.6736,14.2057,0.27491214082239285
13,2020-02-25,170.0,179.88,180.3,168.7,107704,51.6215,14.1914,0.2749125848725822
14,2020-02-26,177.0,171.3,178.62,168.0,89718,50.8341,13.975,0.2749138865446619
15,2020-02-27,171.0,175.94,179.2,170.0,74426,51.8691,14.2595,0.27491319494650956
16,2020-02-28,168.0,171.85,176.66,168.0,71502,54.3668,14.9461,0.2749122626308703
17,2020-03-02,175.48,181.1,185.8,168.7,91414,53.0945,14.5964,0.2749135974535969
18,2020-03-03,181.0,178.64,188.22,177.79,83581,54.6901,15.035,0.27491264415314653
19,2020-03-04,176.44,173.84,176.5,170.01,55622,54.2286,14.9081,0.2749121312370225
20,2020-03-05,175.0,183.23,183.4,173.5,78455,54.0982,14.8723,0.27491302852959987
21,2020-03-06,180.0,176.0,180.98,175.28,54076,52.534,14.4423,0.27491338942399207
22,2020-03-09,171.0,161.98,175.5,160.1,82525,51.7649,14.2308,0.27491215089761595
23,2020-03-10,162.3,166.28,168.19,162.3,52790,52.1429,14.3348,0.27491374664623563
24,2020-03-11,166.57,160.1,166.6,159.51,47846,48.0705,14.597,0.3036581687313425
25,2020-03-12,156.0,164.13,165.88,154.0,58130,46.6757,14.1734,0.3036569349790148
26,2020-03-13,156.13,159.5,163.4,155.68,30893,45.3122,13.7594,0.303657734561553
27,2020-03-16,157.99,156.22,164.59,155.98,33925,44.7125,13.5773,0.3036578138104557
28,2020-03-17,160.0,159.46,161.0,154.0,32368,45.2626,13.7444,0.30365909161205945
29,2020-03-18,160.09,154.26,162.61,154.2,32607,45.9118,13.9415,0.30365831877643656
30,2020-03-19,153.45,150.65,155.6,145.51,44072,46.4541,14.1061,0.30365672782380887
31,2020-03-20,151.23,152.7,153.89,149.06,26588,43.143,13.1007,0.3036576037827689
32,2020-03-23,148.1,142.0,149.42,141.01,39087,43.5393,13.2211,0.30365899313953143
33,2020-03-24,145.0,143.31,145.3,136.01,40482,43.5732,13.2313,0.3036568349352354
34,2020-03-25,146.0,152.34,154.91,145.3,37183,43.8026,13.301,0.3036577737394584
35,2020-03-26,150.0,157.61,160.87,150.0,35421,42.5382,12.917,0.3036564781772618
36,2020-03-27,159.0,154.81,161.98,154.1,20605,40.6715,12.3502,0.30365735219994344
37,2020-03-30,152.16,150.61,152.79,146.25,18360,39.6781,12.0486,0.30365869333461026
38,2020-03-31,152.83,154.97,155.88,150.94,13691,39.3679,11.9544,0.3036585644649575
39,2020-04-01,153.5,151.68,157.5,150.5,16916,39.4461,11.9781,0.30365739578817674
40,2020-04-02,150.0,153.79,153.96,149.1,12758,39.3679,11.9544,0.3036585644649575
41,2020-04-03,154.87,150.53,157.69,150.33,16740,39.7798,12.0794,0.3036566297467559
42,2020-04-07,153.43,154.0,154.48,151.11,17814,40.1005,12.1768,0.303657061632648
43,2020-04-08,152.1,152.2,153.99,151.3,13585,41.1199,12.4864,0.3036583260173298
44,2020-04-09,153.07,157.3,159.75,151.8,32256,41.8473,12.7073,0.3036587784636046
45,2020-04-10,156.48,159.38,163.6,156.28,34469,41.9203,12.7294,0.3036571780259206
46,2020-04-13,157.01,160.67,165.4,156.71,23971,39.7329,12.0652,0.3036576741189292
47,2020-04-14,160.67,161.4,162.3,158.76,20635,39.2871,11.9298,0.3036569255557168
48,2020-04-15,161.4,156.62,162.8,156.43,23182,39.1593,11.891,0.3036571133804741
49,2020-04-16,154.0,151.28,156.0,150.15,37641,39.7329,12.0652,0.3036576741189292
50,2020-04-17,151.26,151.19,152.8,150.18,17813,39.7355,12.066,0.30365793811579067
51,2020-04-20,151.31,151.88,152.53,150.18,13827,39.3522,11.9496,0.3036577370515498
52,2020-04-21,152.0,147.63,152.59,146.2,16116,39.3444,11.9472,0.3036569372007198
53,2020-04-22,146.5,150.21,151.18,143.6,21030,39.9388,12.1277,0.3036570953558945
54,2020-04-23,151.02,160.91,161.0,150.55,42981,41.7013,12.6629,0.30365720013524755
55,2020-04-24,158.94,159.99,162.49,157.9,24268,43.1326,13.0975,0.30365663094735773
56,2020-04-27,155.98,153.95,159.2,148.51,43983,42.9866,13.0532,0.30365741882354036
57,2020-04-28,154.83,152.4,157.99,151.62,27194,43.7609,13.2883,0.3036569174765601
58,2020-04-29,152.42,147.8,152.99,147.51,26341,43.9252,13.3382,0.3036571262054584
59,2020-04-30,148.89,150.27,152.54,147.3,19887,41.6674,12.6526,0.3036570556358208
60,2020-05-06,149.3,150.19,150.19,147.97,20538,41.683,12.6574,0.30365856584218986
61,2020-05-07,150.2,156.5,158.0,150.2,30827,42.2331,12.8244,0.3036575576976353
62,2020-05-08,155.11,156.69,158.6,154.55,24526,42.2357,12.8252,0.3036578060740085
63,2020-05-11,158.0,158.69,162.69,157.2,30607,41.975,12.746,0.3036569386539607
64,2020-05-12,158.12,170.61,172.8,158.12,47736,42.0689,12.7745,0.3036566204488351
65,2020-05-13,169.48,167.5,171.07,166.6,37785,42.752,12.982,0.3036583083832335
66,2020-05-14,167.1,169.56,170.75,166.0,25320,43.3933,13.1767,0.3036574770759541
67,2020-05-15,169.8,166.1,171.18,166.1,24942,43.0335,13.0675,0.3036587774640687
68,2020-05-18,164.0,167.9,167.9,162.81,19591,43.7609,13.2883,0.3036569174765601
69,2020-05-19,167.62,168.2,169.37,164.0,21918,43.8,13.3002,0.3036575342465754
70,2020-05-20,167.2,171.31,175.29,167.1,34346,42.1758,13.8968,0.3294970101337734
71,2020-05-21,170.5,177.83,181.6,170.3,44507,41.0104,13.5128,0.3294969081013597
72,2020-05-22,175.66,174.12,179.93,169.28,33663,41.2763,13.6004,0.32949658763018974
73,2020-05-25,171.3,171.02,173.0,167.0,26108,41.4562,13.6597,0.32949715603456176
74,2020-05-26,172.55,179.7,180.08,171.51,25725,41.245,13.5901,0.329496908716208
75,2020-05-27,180.0,180.13,184.97,177.5,31347,41.8681,13.7954,0.3294966812441931
76,2020-05-28,179.03,180.4,184.55,176.0,19676,40.9322,13.487,0.32949609354004916
77,2020-05-29,180.0,182.41,185.2,179.96,24792,41.4562,13.6597,0.32949715603456176
78,2020-06-01,183.7,181.65,183.8,178.9,25779,40.3586,13.298,0.32949606775259793
79,2020-06-02,182.8,175.26,182.8,173.9,31214,39.5295,13.0248,0.3294956930899708
80,2020-06-03,174.5,174.58,178.1,173.88,22402,40.1135,13.2173,0.32949755069988906
81,2020-06-04,175.1,175.24,176.43,172.51,14618,39.4774,13.0077,0.3294973833129841
82,2020-06-05,175.3,176.7,176.97,173.1,16892,39.055,12.8685,0.32949686339777234
83,2020-06-08,177.08,170.42,177.54,170.26,19553,39.3522,12.9664,0.3294961908101707
84,2020-06-09,169.4,170.89,172.66,169.4,13681,38.6874,12.7474,0.32949745912105755
85,2020-06-10,170.9,172.06,173.2,170.3,9190,37.6863,12.4175,0.3294963952417722
86,2020-06-11,170.3,169.4,172.2,168.9,14292,38.299,12.6194,0.3294968537037521
87,2020-06-12,165.6,167.66,170.2,165.48,11210,40.004,13.1812,0.3294970502949705
88,2020-06-15,166.8,164.9,169.97,164.8,19004,40.9217,13.4836,0.3294975526432186
89,2020-06-16,166.78,171.8,171.96,166.16,20319,40.6793,13.4037,0.3294968202501027
90,2020-06-17,171.76,168.07,172.55,166.7,23485,40.5124,13.3487,0.32949664793989
91,2020-06-18,167.81,168.15,169.8,166.44,13642,39.5008,13.0154,0.3294971241088788
92,2020-06-19,168.32,169.11,171.28,165.98,26959,40.416,13.3169,0.3294957442596992
93,2020-06-22,169.79,167.04,170.4,166.4,23724,43.3516,14.2842,0.32949648917225666
94,2020-06-23,166.81,168.14,168.65,165.18,20637,44.0972,14.5299,0.3294971109276779
95,2020-06-24,168.3,166.51,170.3,165.59,26564,43.9565,14.4835,0.3294962064768578
96,2020-06-29,165.58,160.89,166.51,160.8,25031,43.6358,14.3778,0.32949550598361893
97,2020-06-30,161.84,164.45,166.1,160.81,18843,45.4165,14.9646,0.3294969889797761
98,2020-07-01,164.56,164.49,167.38,162.69,21949,44.942,14.8082,0.3294957945796805
99,2020-07-02,164.46,167.24,167.8,162.9,26413,44.6616,14.8149,0.33171449298726424
100,2020-07-03,167.1,168.96,170.57,166.85,23974,43.2344,14.3414,0.331712710249246
101,2020-07-06,170.48,169.8,171.73,167.8,45293,43.0156,14.2689,0.3317145407712551
102,2020-07-07,171.79,175.28,176.3,168.2,43603,42.5676,14.1203,0.3317147313919507
103,2020-07-08,173.81,176.18,178.79,173.8,36925,41.8514,13.8827,0.33171411231165504
104,2020-07-09,175.3,178.0,183.8,174.0,42532,41.841,13.8792,0.3317129131712913
105,2020-07-10,175.8,171.17,177.28,170.46,41135,40.9138,13.5717,0.33171448264399783
106,2020-07-13,170.95,172.4,172.8,170.17,37376,42.3775,14.0572,0.3317137631998112
107,2020-07-14,172.8,172.94,174.49,169.17,35192,42.802,14.198,0.3317134713331153
108,2020-07-15,173.81,170.08,174.29,169.01,23925,42.5155,14.103,0.33171431595535744
109,2020-07-16,170.76,158.82,171.52,157.99,33806,43.0547,14.2818,0.3317129140372596
110,2020-07-17,158.8,155.31,160.28,154.51,25672,42.8046,14.1989,0.331714348457876
111,2020-07-20,157.0,159.19,159.29,154.7,18968,42.7838,14.192,0.33171434047466564
112,2020-07-21,159.56,159.83,160.18,158.52,16212,43.7553,14.5142,0.33171295820163504
113,2020-07-22,159.8,160.76,162.9,158.86,20451,41.9582,13.9181,0.33171346721260686
114,2020-07-23,158.8,157.24,160.76,156.58,25918,42.677,14.1565,0.33171263209691404
115,2020-07-24,156.53,150.7,157.65,150.5,24911,43.1302,14.3069,0.33171420489587344
116,2020-07-27,150.72,148.35,152.28,147.71,17949,43.823,14.5367,0.3317139401684047
117,2020-07-28,149.6,152.19,154.68,149.39,20246,43.5183,14.4356,0.3317133251988244
118,2020-07-29,152.2,154.74,155.9,150.3,16780,43.3958,14.395,0.3317141290170938
119,2020-07-30,154.55,153.6,155.1,152.62,11206,45.0315,14.9376,0.33171446654008857
120,2020-07-31,153.35,155.22,156.6,152.48,15998,44.6512,14.8114,0.3317133694055255
121,2020-08-03,156.2,157.66,158.98,155.6,19000,44.4793,14.7544,0.33171385341046283
122,2020-08-04,156.9,155.42,159.64,155.33,16036,44.6564,14.8131,0.3317128116014726
123,2020-08-05,154.8,158.6,158.79,154.4,18255,46.3207,15.3652,0.331713467197171
124,2020-08-06,157.83,162.81,163.67,157.3,27428,47.5083,11.8642,0.24972899472302737
125,2020-08-07,162.3,160.8,164.39,159.18,23951,46.9848,11.7334,0.24972757146992217
126,2020-08-10,160.67,164.39,166.35,158.8,19589,46.9145,11.7159,0.24972876189664178
127,2020-08-11,163.95,162.0,166.93,160.8,18356,46.8025,11.6879,0.24972811281448642
128,2020-08-12,162.05,162.81,164.6,159.4,15095,44.5418,11.1234,0.24972946760121953
129,2020-08-13,162.75,162.12,165.3,161.41,14105,45.3492,11.325,0.249728771400598
130,2020-08-14,161.8,161.1,162.6,158.8,10230,46.3155,11.5663,0.2497284926212607
131,2020-08-17,160.46,165.57,165.62,159.8,17029,44.6173,11.1422,0.24972824442536865
132,2020-08-18,164.31,171.8,173.49,162.16,38680,43.8074,10.9399,0.24972721503672893
133,2020-08-19,170.73,171.65,176.8,169.8,31803,43.7292,10.9204,0.24972787062191856
134,2020-08-20,172.57,168.86,175.3,167.78,15956,43.2604,10.8034,0.2497295448030994
135,2020-08-21,167.7,170.24,171.89,166.82,16757,44.1616,11.0284,0.24972827071482917
136,2020-08-24,170.79,167.78,171.79,167.26,12245,43.625,10.8944,0.24972836676217763
137,2020-08-25,167.21,165.16,168.38,162.96,14850,44.435,11.0967,0.2497288173736919
138,2020-08-26,165.07,164.8,166.45,163.0,10724,41.3305,10.3214,0.24972840880221628
139,2020-08-27,164.72,165.8,166.68,162.8,9461,40.8096,10.1913,0.24972800517525287
140,2020-08-28,165.8,165.79,166.0,162.81,10818,40.7601,10.179,0.2497295148932412
141,2020-08-31,165.31,163.68,166.88,163.6,11037,39.1167,9.7685,0.2497270986560727
142,2020-09-01,163.67,163.62,163.79,160.4,13663,39.1375,9.7737,0.24972724369211113
143,2020-09-02,163.62,172.28,173.48,162.77,27406,38.4942,9.6131,0.24972853053187233
144,2020-09-03,171.0,171.65,175.43,170.8,16061,39.6923,9.9123,0.24972853676909626
145,2020-09-04,169.1,168.68,171.64,167.8,8857,40.096,10.0131,0.24972815243415802
146,2020-09-07,168.8,169.24,173.58,167.68,14298,57.2462,11.2889,0.19719911539979945
147,2020-09-08,170.6,163.75,170.6,161.8,14369,57.5754,11.3538,0.19719880365572795
148,2020-09-09,161.1,156.99,161.1,155.8,16014,53.7468,10.5988,0.1971987169468694
149,2020-09-10,158.8,154.71,158.8,154.3,8542,52.8237,10.4167,0.19719747007498528
150,2020-09-11,153.51,154.74,158.19,152.8,12013,54.3444,10.7166,0.19719787135381014
151,2020-09-14,155.0,156.21,156.6,153.9,12046,54.0975,10.6679,0.19719765238689405
152,2020-09-15,156.8,156.2,158.37,154.2,12254,54.1297,10.6743,0.19719858044659402
153,2020-09-16,156.09,154.0,156.78,153.8,8435,56.0404,11.0511,0.19719880657525643
154,2020-09-17,153.71,154.49,154.8,152.6,6815,57.7507,11.3884,0.19719934130668546
155,2020-09-18,154.29,156.2,156.41,153.81,8158,57.4895,11.3368,0.19719774915419339
156,2020-09-21,156.6,164.59,167.09,156.18,24746,57.0279,11.2458,0.1971982135060207
157,2020-09-22,163.96,164.31,165.95,162.1,12024,56.2837,11.0991,0.1971991891080366
158,2020-09-23,164.55,161.52,164.86,161.32,8788,54.4589,10.7392,0.19719825409620834
159,2020-09-24,160.93,157.61,160.94,157.6,7465,55.1029,10.8662,0.19719833257414762
160,2020-09-25,158.05,156.38,159.17,155.68,6582,53.8613,10.6214,0.19719910213826997
161,2020-09-28,156.59,154.8,157.88,154.38,8583,55.0278,10.8514,0.1971985069364939
162,2020-09-29,155.31,155.1,156.47,154.24,8032,54.2728,10.7025,0.19719822821007948
163,2020-09-30,155.42,154.8,155.8,154.3,7613,55.45,10.9347,0.19719927862939582
164,2020-10-09,157.18,155.99,157.77,155.5,10163,53.8899,10.627,0.19719836184516953
165,2020-10-12,156.8,159.8,159.8,156.8,16017,55.3927,10.9234,0.19719926993990186
166,2020-10-13,159.8,166.96,168.38,159.8,25383,56.3946,11.1209,0.19719795866980175
167,2020-10-14,167.29,171.81,173.8,167.29,28193,54.5089,10.7491,0.1971989895228119
168,2020-10-15,171.8,170.93,173.53,169.81,13905,51.2779,10.1119,0.19719801317916685
169,2020-10-16,171.54,170.8,175.0,169.3,13797,50.8092,10.0195,0.1971985388472954
170,2020-10-19,173.8,169.28,173.9,168.8,12198,54.6378,10.7745,0.19719864269791243
171,2020-10-20,168.81,181.98,185.05,168.0,44454,53.9042,10.6298,0.19719799199320273
172,2020-10-21,183.8,179.9,183.84,177.8,19826,55.1959,10.8846,0.1971994296677833
173,2020-10-22,179.8,177.41,181.9,175.6,19456,57.0566,11.2515,0.19719892177241546
174,2020-10-23,177.96,175.3,181.34,173.81,15862,55.8973,11.0229,0.19719914915389472
175,2020-10-26,173.92,177.6,180.07,171.15,19622,57.0709,11.2543,0.19719857230217153
176,2020-10-27,175.81,182.83,186.29,175.1,23841,58.7275,11.581,0.19719892724873356
177,2020-10-28,184.68,188.18,190.68,182.32,28062,57.2856,11.2966,0.19719789964668258
178,2020-10-29,185.1,203.8,206.62,183.8,59260,59.4968,11.7327,0.19719884094606768
179,2020-10-30,202.32,202.35,211.31,201.3,35345,57.9582,11.4293,0.19719901584245197
180,2020-11-02,204.95,205.3,211.28,203.25,22742,62.9748,12.4185,0.19719792678976353
181,2020-11-03,206.73,211.3,214.78,203.8,25870,65.5617,12.9287,0.1971989744012129
182,2020-11-04,210.29,211.8,213.68,206.07,19111,62.2019,12.2661,0.19719815632641446
183,2020-11-05,212.8,213.57,213.8,204.86,25926,63.9194,12.6048,0.19719834666783478
184,2020-11-06,210.68,207.45,211.74,203.81,25892,64.7996,12.7784,0.19719874814042063
185,2020-11-09,208.0,212.33,214.8,206.46,26272,61.4898,12.1257,0.1971985597611311
186,2020-11-10,211.8,202.75,211.8,200.7,25004,62.9533,12.4143,0.19719855829638797
187,2020-11-11,201.94,198.78,204.8,194.57,21904,61.293,12.0869,0.1971987013198897
188,2020-11-12,199.21,201.8,203.3,196.8,17164,64.3631,12.6923,0.19719839473238546
189,2020-11-13,200.2,202.0,204.8,198.42,12697,62.4702,12.319,0.19719802401785172
190,2020-11-16,202.3,201.57,205.6,198.42,14962,66.1879,13.0522,0.19719918595392813
191,2020-11-17,202.38,200.1,203.9,197.8,19936,65.551,12.9266,0.1971991273969886
192,2020-11-18,199.8,191.71,201.18,190.8,23722,64.3702,12.6937,0.19719839304522901
193,2020-11-19,190.79,192.97,193.77,187.6,17960,65.6727,12.9505,0.19719761788383908
194,2020-11-20,193.3,196.82,198.18,191.8,17424,59.7008,11.7729,0.197198362501005
195,2020-11-23,196.8,193.95,198.32,193.8,11777,54.2728,10.7025,0.19719822821007948
196,2020-11-24,193.57,194.13,195.8,191.4,8918,49.3386,9.7295,0.19719854231777958
197,2020-11-25,194.79,188.59,198.01,188.59,15743,44.8516,8.8447,0.19719920805500807
198,2020-11-26,187.8,189.93,190.09,184.4,10932,40.7726,8.0403,0.1971986088696821
199,2020-11-27,188.98,188.11,190.6,187.05,7261,37.0657,7.3093,0.1971984880900671
200,2020-11-30,189.76,190.78,192.15,184.52,16866,33.6951,6.6446,0.19719781214479257
201,2020-12-01,190.52,191.03,192.6,189.0,12218,30.6322,6.0406,0.19719772004622588
