,日期,开盘,收盘,最高,最低,成交量,pe,pb,roe
0,2020-01-03,128.89,125.54,129.42,123.81,171521,142.8434,8.3054,0.05814339339444455
1,2020-01-06,123.86,121.82,124.34,120.9,200543,136.0621,7.9111,0.058143303682656675
2,2020-01-07,122.31,123.65,124.42,121.27,125562,135.4037,7.8728,0.05814316743190918
3,2020-01-08,122.94,122.88,124.21,121.48,85124,135.6275,7.8858,0.05814307570367366
4,2020-01-09,125.17,128.4,128.99,124.51,179971,134.5741,7.8246,0.05814343175990031
5,2020-01-10,128.65,128.01,130.5,127.73,107715,138.3137,8.042,0.058143191889162095
6,2020-01-13,129.32,130.78,130.95,127.84,126874,141.553,8.2303,0.05814288641003723
7,2020-01-14,131.9,130.08,132.11,130.04,80126,143.6598,8.3528,0.05814291819980259
8,2020-01-15,129.77,132.18,133.82,129.6,97599,140.8419,8.189,0.058143208803630164
9,2020-01-16,133.3,134.27,134.92,131.33,109924,139.4067,8.1055,0.058142829577057624
10,2020-01-17,137.77,136.28,137.78,132.81,124042,153.4171,8.9202,0.05814345336993072
11,2020-01-20,137.12,137.79,139.61,135.48,89499,159.1319,9.2524,0.05814296190770046
12,2020-01-21,138.63,137.99,140.5,136.87,99907,154.9841,9.0113,0.05814338374065468
13,2020-01-22,138.07,138.83,139.64,135.27,89187,154.3257,8.973,0.05814326453727409
14,2020-01-23,138.83,134.69,140.4,133.02,103547,151.2576,8.7946,0.05814319412710502
15,2020-02-03,122.37,129.37,133.44,122.37,151001,158.4208,9.2111,0.058143248866310476
16,2020-02-04,129.44,134.28,135.9,126.66,146774,157.2884,9.1453,0.058143512172544196
17,2020-02-05,134.77,136.45,139.85,132.89,178826,153.2854,8.9125,0.05814317606242995
18,2020-02-06,137.78,147.3,149.68,135.82,238815,153.9307,8.95,0.05814304748825282
19,2020-02-07,146.18,143.91,149.48,142.12,169403,151.4946,8.8084,0.058143326560814716
20,2020-02-10,142.79,147.8,148.21,141.0,152262,149.717,8.705,0.05814302984964967
21,2020-02-11,148.56,146.26,148.81,144.78,104154,150.2437,8.7356,0.05814287054964701
22,2020-02-12,148.71,151.37,154.86,147.41,160735,148.4265,8.63,0.05814325608971444
23,2020-02-13,152.42,151.5,154.08,149.79,95244,148.466,8.7271,0.05878180862958522
24,2020-02-14,152.76,154.23,157.21,152.21,98289,144.3182,8.4833,0.058781913854247074
25,2020-02-17,153.84,160.18,161.97,153.8,128882,142.9356,8.402,0.05878171708097912
26,2020-02-18,161.36,158.63,161.36,156.93,91744,137.8397,8.1024,0.05878132352290378
27,2020-02-19,158.93,155.84,160.0,155.39,106589,137.1813,8.0637,0.058781335356932765
28,2020-02-20,155.25,155.98,157.17,154.3,94614,142.6854,8.3873,0.058781767440817353
29,2020-02-21,154.62,158.37,159.48,153.99,90029,142.6196,8.3834,0.05878154194795106
30,2020-02-24,158.15,159.13,160.88,156.48,102999,141.9875,8.3463,0.05878193502949202
31,2020-02-25,156.3,164.91,166.97,156.02,120635,138.9853,8.1698,0.05878175605621602
32,2020-02-26,162.98,155.35,163.23,153.18,149172,142.7513,8.3912,0.05878195154790184
33,2020-02-27,155.39,154.58,158.42,153.24,97799,143.9364,8.4608,0.05878151739240388
34,2020-02-28,148.35,148.98,152.1,146.85,123771,142.9093,8.4004,0.0587813389331555
35,2020-03-02,151.08,154.71,156.47,150.53,90210,143.5282,8.4368,0.05878147987642846
36,2020-03-03,157.51,161.62,164.63,157.41,113404,141.948,8.3439,0.05878138473243723
37,2020-03-04,161.27,163.93,165.57,158.89,94325,136.5361,8.0258,0.05878152371424114
38,2020-03-05,165.77,162.59,166.24,160.82,98720,133.6524,7.8563,0.058781585665502456
39,2020-03-06,161.47,162.63,167.6,161.02,86418,132.4673,7.7866,0.05878129923384866
40,2020-03-09,160.32,157.39,162.42,157.21,110036,127.2002,7.477,0.05878135411736774
41,2020-03-10,157.39,156.86,159.06,151.65,114046,129.0042,7.5831,0.05878180710395475
42,2020-03-11,156.61,150.6,158.92,150.34,135956,124.2427,9.183,0.07391178717139921
43,2020-03-12,148.81,144.08,149.6,142.41,160489,125.7309,9.293,0.07391182278978357
44,2020-03-13,135.85,140.73,142.79,134.98,180640,121.9173,9.0121,0.07391978004762245
45,2020-03-16,140.86,129.35,140.89,127.84,229796,122.1482,9.0292,0.07392004139234143
46,2020-03-17,130.78,129.49,132.39,123.78,196475,123.9058,9.1591,0.07391986492964817
47,2020-03-18,131.2,127.74,134.97,127.39,172918,122.2183,9.04,0.0739660100001391
48,2020-03-19,127.74,124.94,129.8,120.14,202044,124.8094,9.2317,0.07396638394223512
49,2020-03-20,127.28,129.63,130.99,125.57,196729,126.6053,9.3645,0.0739660977857957
50,2020-03-23,124.48,121.82,126.78,120.53,227785,125.1943,9.2601,0.07396582751770647
51,2020-03-24,126.02,129.17,130.11,124.77,215515,125.9639,9.317,0.07396563618624066
52,2020-03-25,133.86,135.86,136.49,132.12,264427,125.5663,9.2876,0.07396570576659502
53,2020-03-26,135.54,136.46,137.5,133.58,149807,125.9382,9.3152,0.07396643750665009
54,2020-03-27,138.2,131.2,138.75,130.78,175999,129.4016,9.5713,0.07396585513625797
55,2020-03-30,125.18,123.08,125.74,121.64,248372,128.8629,9.5315,0.07396620749649434
56,2020-03-31,124.9,127.27,128.53,123.22,154478,134.9686,9.9831,0.07396609285418979
57,2020-04-01,127.24,127.28,131.86,125.19,116496,138.7014,10.2592,0.07396608830192053
58,2020-04-02,127.98,132.26,132.54,126.9,110635,140.959,10.4262,0.07396618874992018
59,2020-04-03,132.0,131.84,134.35,131.48,99091,138.1242,10.2165,0.07396603926031789
60,2020-04-07,135.96,136.8,137.33,134.32,161003,140.9846,10.4281,0.07396623461002123
61,2020-04-08,137.44,135.57,137.44,133.24,105744,142.3828,10.5315,0.07396609702857367
62,2020-04-09,135.71,143.38,144.44,135.71,163322,138.9195,10.2753,0.07396585792491335
63,2020-04-10,143.18,140.79,145.37,139.32,91540,137.1236,10.1425,0.07396611524201523
64,2020-04-13,140.02,142.12,143.56,137.78,65986,136.5977,10.1036,0.07396610631072119
65,2020-04-14,143.35,143.37,144.16,139.73,129386,135.315,10.0087,0.0739659313453793
66,2020-04-15,142.26,139.53,142.96,138.9,132650,135.3278,10.0097,0.0739663247315038
67,2020-04-16,138.76,137.88,140.16,137.08,111439,135.3406,10.0106,0.07396597916663589
68,2020-04-17,139.95,138.89,141.42,137.78,140557,136.3283,10.0837,0.07396630046732776
69,2020-04-20,140.3,147.51,148.21,139.33,165895,139.9728,10.3448,0.07390578741012539
70,2020-04-21,147.38,145.47,147.38,143.07,90199,137.1882,10.139,0.07390577323705683
71,2020-04-22,143.52,147.79,147.79,142.72,100194,138.4329,10.231,0.07390584174715693
72,2020-04-23,147.58,143.8,148.71,143.11,102236,137.4705,10.7321,0.07806838558090647
73,2020-04-24,143.07,140.44,143.34,139.18,90984,140.0626,10.9345,0.07806866358328347
74,2020-04-27,141.04,145.63,147.58,140.43,117866,145.3238,11.3452,0.07806842375440223
75,2020-04-28,145.69,147.83,148.78,142.23,119634,145.2596,11.3402,0.07806850631558947
76,2020-04-29,147.72,144.12,148.28,143.39,68629,143.5915,11.21,0.07806868790979968
77,2020-04-30,142.68,143.06,144.99,141.28,97959,146.7995,11.4604,0.07806838579150474
78,2020-05-06,140.59,140.92,141.97,139.04,178050,145.8329,14.5935,0.10007001163660602
79,2020-05-07,140.93,142.39,143.6,140.16,131756,142.4177,14.2518,0.10007042663938541
80,2020-05-08,142.93,145.62,146.11,141.99,137519,140.7599,14.0859,0.1000704035737451
81,2020-05-11,146.18,144.5,146.66,142.97,143412,140.8472,14.0946,0.10007014693937828
82,2020-05-12,144.44,149.12,149.12,143.41,162417,137.1328,13.7229,0.10007015097773836
83,2020-05-13,148.98,154.87,155.36,147.5,164400,136.6093,13.6705,0.10007005379575183
84,2020-05-14,153.24,154.89,156.61,152.76,89180,135.7368,13.5832,0.10007013573327204
85,2020-05-15,155.92,153.64,156.23,151.78,80337,133.0943,13.3188,0.1000704012117724
86,2020-05-18,153.52,155.46,157.8,153.18,102737,133.4309,13.3525,0.10007052339450606
87,2020-05-19,156.68,156.29,158.08,151.78,98837,143.3151,14.3416,0.10007040430491972
88,2020-05-20,156.26,153.81,156.26,153.03,76212,136.5096,13.6606,0.10007061774410005
89,2020-05-21,155.25,154.58,157.13,153.85,90342,136.4971,13.6593,0.10007025790291516
90,2020-05-22,154.02,148.49,154.3,147.72,115158,125.5035,13.5366,0.10785834657997585
91,2020-05-25,148.48,150.38,150.77,146.88,66675,127.4978,13.7517,0.10785833167317396
92,2020-05-26,154.43,153.88,154.58,151.35,77160,125.3664,13.5218,0.10785824590958981
93,2020-05-27,154.54,146.78,154.57,146.19,118611,133.1193,14.358,0.10785813927807612
94,2020-05-28,146.74,144.33,147.86,141.99,133029,128.9811,13.9116,0.10785766286688515
95,2020-05-29,144.81,149.68,150.37,144.81,106117,130.8757,14.116,0.10785806685274654
96,2020-06-01,151.78,153.29,155.11,150.8,103397,126.2763,13.6199,0.10785792741789234
97,2020-06-02,153.46,153.46,154.1,150.49,98536,126.2763,13.6199,0.10785792741789234
98,2020-06-03,154.16,158.33,158.33,153.46,147577,120.8045,13.0297,0.10785773708760849
99,2020-06-04,159.91,160.6,162.77,159.87,139823,119.3088,12.8684,0.10785792833386974
100,2020-06-05,159.81,161.32,161.81,157.85,122546,117.1649,12.6372,0.10785824082126985
101,2020-06-08,162.16,156.87,162.71,155.44,217383,119.4957,12.8886,0.10785827439815826
102,2020-06-09,156.87,157.66,159.2,156.4,123641,115.9185,12.5027,0.1078576758670963
103,2020-06-10,157.46,160.42,161.77,157.46,139840,118.1246,12.7407,0.1078581430117012
104,2020-06-11,160.4,160.38,164.18,158.99,142767,120.4056,12.9867,0.10785794016225159
105,2020-06-12,158.64,164.08,165.18,158.24,179394,120.8668,13.0365,0.1078584028037476
106,2020-06-15,163.81,162.85,166.14,162.75,142400,119.5082,12.8899,0.10785787084066198
107,2020-06-16,164.71,166.08,166.93,162.95,158231,116.0182,12.5135,0.10785807743957415
108,2020-06-17,166.08,167.75,171.34,166.06,160625,111.9049,12.0698,0.10785765413310767
109,2020-06-18,167.75,167.06,169.53,164.22,140094,111.1571,11.9892,0.1078581575086072
110,2020-06-19,169.12,175.84,177.69,168.49,243361,105.573,11.3869,0.10785806977162724
111,2020-06-22,175.75,177.02,178.43,173.94,145072,106.0093,11.434,0.10785846147460647
112,2020-06-23,176.47,183.49,183.51,175.49,189491,104.9498,11.3197,0.10785823317433668
113,2020-06-24,183.49,188.98,190.17,180.06,177222,102.8932,11.0979,0.10785843962477598
114,2020-06-29,186.86,191.11,192.07,185.86,179776,103.6785,11.1826,0.10785842773574078
115,2020-06-30,191.11,190.39,193.52,187.64,149642,101.3227,10.9285,0.1078583575052777
116,2020-07-01,192.94,186.8,192.94,180.59,212193,101.3476,10.9312,0.10785849886923815
117,2020-07-02,186.27,183.33,188.23,181.8,174986,99.5902,10.7416,0.10785800209257537
118,2020-07-03,182.76,188.96,189.37,181.59,172896,99.0916,10.6878,0.10785778007419397
119,2020-07-06,186.27,185.29,187.25,183.49,283737,101.921,10.993,0.10785804691869193
120,2020-07-07,184.31,188.66,192.47,182.49,246068,101.4598,10.9433,0.10785848188149395
121,2020-07-08,187.98,191.02,195.17,187.86,172031,100.3202,10.4812,0.10447746316295223
122,2020-07-09,191.88,199.62,199.99,189.21,204557,97.2219,10.1575,0.10447748912539254
123,2020-07-10,199.01,199.62,205.87,196.66,137556,97.1151,10.1463,0.10447705866543926
124,2020-07-13,200.97,206.85,208.75,200.62,183840,94.8181,9.9063,0.10447688785158107
125,2020-07-14,205.66,203.87,205.66,197.72,174750,91.4171,9.551,0.10447717112006397
126,2020-07-15,206.46,210.38,213.61,204.89,228082,92.9751,9.7138,0.10447743535634811
127,2020-07-16,210.77,198.19,216.65,197.44,229752,97.489,10.1854,0.10447742822267127
128,2020-07-17,198.33,201.54,206.38,197.05,179124,95.2632,9.9528,0.10447685989973043
129,2020-07-20,206.83,198.4,206.83,192.31,161830,94.0613,9.8272,0.10447654880381198
130,2020-07-21,202.93,215.69,216.81,201.21,282313,97.9342,10.2319,0.1044772918959873
131,2020-07-22,212.73,215.71,218.69,210.79,182883,97.4445,10.1807,0.1044769073677837
132,2020-07-23,215.28,226.41,230.74,214.69,217415,99.0204,10.3454,0.10447746121001329
133,2020-07-24,224.75,210.87,225.47,208.93,219667,98.4951,10.2905,0.10447727856512659
134,2020-07-27,211.75,210.34,216.36,206.75,137139,97.3377,10.1696,0.10447750460510163
135,2020-07-28,213.75,214.5,215.24,206.66,136405,98.13,10.2523,0.1044767145623153
136,2020-07-29,210.77,215.87,217.89,207.09,204751,98.1211,10.2514,0.10447701870443768
137,2020-07-30,215.67,216.69,224.81,214.91,158438,94.462,9.8691,0.10447693252313099
138,2020-07-31,217.53,222.53,224.49,215.87,146523,91.5239,9.5622,0.10447762824792214
139,2020-08-03,222.65,222.39,225.33,218.73,134991,92.2362,9.6366,0.10447741776005516
140,2020-08-04,223.12,225.0,231.35,222.75,146054,90.1796,9.4217,0.10447706576653701
141,2020-08-05,224.51,230.37,233.21,221.77,146667,89.2447,9.324,0.10447679245938414
142,2020-08-06,230.37,225.28,233.08,223.14,149814,90.6069,9.4663,0.10447659063492958
143,2020-08-07,224.1,220.38,226.98,214.5,178964,91.2836,9.7786,0.10712329487443528
144,2020-08-10,220.1,222.92,225.45,216.06,148415,93.6429,10.0314,0.10712397843296181
145,2020-08-11,222.55,223.02,232.02,222.55,132585,92.2451,9.8816,0.10712330519453067
146,2020-08-12,221.28,214.99,223.98,208.81,187186,88.942,9.5278,0.10712374356322098
147,2020-08-13,215.28,211.03,217.34,208.62,120649,91.0788,9.7567,0.10712372143682175
148,2020-08-14,212.73,212.5,219.55,202.93,209300,93.6162,10.0285,0.1071235534020821
149,2020-08-17,211.34,210.6,212.48,206.62,163939,92.1383,9.8702,0.10712374767062123
150,2020-08-18,211.01,214.85,217.32,209.22,144562,93.4381,10.0094,0.10712332549570248
151,2020-08-19,213.71,209.36,216.02,209.09,95877,87.9538,9.4219,0.10712328517926457
152,2020-08-20,209.16,207.85,211.11,204.85,116126,87.3128,9.3533,0.10712404137766744
153,2020-08-21,209.93,207.83,211.36,206.09,98454,88.3633,9.4658,0.107123658804051
154,2020-08-24,209.65,207.81,210.18,203.91,125528,90.8028,9.7271,0.10712334861920557
155,2020-08-25,207.66,209.77,210.13,205.87,115876,90.0104,9.6422,0.10712317687733862
156,2020-08-26,208.03,210.58,216.42,207.07,193223,89.1646,9.5516,0.10712323051973542
157,2020-08-27,211.56,213.32,213.5,206.6,120072,90.8117,9.7281,0.10712386179313899
158,2020-08-28,214.67,218.61,219.38,208.13,225786,85.8438,9.1959,0.10712363618572338
159,2020-08-31,222.04,216.48,222.3,215.67,191930,86.6272,9.2798,0.10712339773189021
160,2020-09-01,215.32,212.1,217.14,211.77,177861,83.4755,8.9422,0.10712364705811885
161,2020-09-02,212.09,216.44,217.36,209.83,199858,83.7426,8.9708,0.10712349509090954
162,2020-09-03,215.87,212.99,220.73,211.36,237886,80.5731,8.6313,0.10712384157988211
163,2020-09-04,210.26,207.28,210.26,203.03,185244,80.5642,8.6303,0.10712326318637808
164,2020-09-07,205.42,197.95,207.24,197.95,162704,77.9022,8.3452,0.10712406068121312
165,2020-09-08,197.66,198.78,200.91,195.46,133810,83.066,8.8983,0.1071232513904606
166,2020-09-09,195.88,193.48,196.27,191.49,117916,86.4136,9.2569,0.10712318431358027
167,2020-09-10,196.99,192.92,196.99,191.15,141827,86.0307,9.2159,0.10712338734893474
168,2020-09-11,191.76,193.52,194.54,191.39,94174,67.0889,8.5902,0.12804204570353664
169,2020-09-14,193.52,192.35,194.86,190.19,136150,63.2542,8.0992,0.12804209048569107
170,2020-09-15,192.84,194.5,194.9,192.09,108761,67.3299,8.6211,0.12804266752215585
171,2020-09-16,194.52,191.76,196.56,190.39,111889,64.883,8.3077,0.12804124346901347
172,2020-09-17,191.76,187.8,192.11,185.12,158981,66.3439,8.4948,0.1280419149311391
173,2020-09-18,188.23,190.35,190.74,186.49,131592,67.2569,8.6117,0.1280418812047537
174,2020-09-21,192.21,187.66,193.07,187.15,103230,67.1838,8.6023,0.12804128376185925
175,2020-09-22,187.66,187.31,191.19,187.04,110495,73.1221,9.3627,0.12804200098191929
176,2020-09-23,189.06,193.13,195.09,188.35,162777,74.8678,9.5862,0.1280416948274158
177,2020-09-24,192.35,190.86,193.09,189.21,103666,78.2716,10.022,0.12804133299945317
178,2020-09-25,195.09,193.07,196.05,191.58,183767,81.5365,10.4401,0.1280420425208342
179,2020-09-28,194.09,190.39,194.74,189.02,108386,81.8141,10.4756,0.12804149895922587
180,2020-09-29,191.25,198.23,200.62,190.51,170131,84.5459,10.8254,0.12804169096313364
181,2020-09-30,199.52,199.99,204.89,198.62,133959,84.524,10.8226,0.12804173962424872
182,2020-10-09,202.93,204.28,206.17,200.97,116836,85.2252,10.9124,0.1280419406466632
183,2020-10-12,206.83,212.34,213.73,204.64,155299,84.02,10.7581,0.12804213282551774
184,2020-10-13,212.79,214.69,216.65,211.75,100510,80.4117,10.2961,0.12804231225058044
185,2020-10-14,214.69,213.77,217.14,212.91,116252,77.4243,9.9136,0.1280424879527487
186,2020-10-15,214.01,215.3,217.97,213.32,92272,80.346,10.2877,0.12804246633310928
187,2020-10-16,215.89,213.54,220.18,210.77,93118,80.7477,10.3391,0.12804203711065457
188,2020-10-19,216.16,207.93,216.2,206.7,133976,85.7365,10.9779,0.12804231569984778
189,2020-10-20,207.93,212.4,212.73,206.46,99068,82.7198,10.5916,0.12804189565255233
190,2020-10-21,213.89,213.34,216.06,211.75,90268,82.3254,10.5411,0.12804189229569488
191,2020-10-22,214.3,213.44,214.69,210.28,82985,81.0764,10.3812,0.1280421923025689
192,2020-10-23,213.46,205.24,213.71,202.93,139002,81.0033,10.3718,0.12804169706666274
193,2020-10-26,201.7,206.22,207.77,197.05,96168,82.4569,10.5579,0.1280414374054809
194,2020-10-27,207.22,213.81,214.69,203.81,128760,83.2676,10.6617,0.12804139905557504
195,2020-10-28,214.44,215.87,219.94,213.52,140676,80.1634,10.2643,0.12804222375797436
196,2020-10-29,214.3,222.04,223.71,213.57,163440,78.739,10.0819,0.12804201221757958
197,2020-10-30,222.53,221.98,230.84,219.26,197561,78.6733,10.0735,0.12804216932555262
198,2020-11-02,223.85,224.69,226.65,221.16,163005,76.0073,9.7321,0.12804164863111833
199,2020-11-03,225.47,223.9,226.45,222.51,126524,76.8107,9.835,0.1280420566405462
200,2020-11-04,222.73,226.55,227.96,219.45,110927,74.7802,9.575,0.12804191483841978
201,2020-11-05,229.0,230.18,231.35,222.14,142371,76.5478,9.8013,0.12804156357204258
202,2020-11-06,231.35,229.22,231.94,224.49,117911,70.8871,9.0765,0.1280416323985605
203,2020-11-09,231.35,235.17,239.39,228.41,183632,69.7549,8.9316,0.1280426177945922
204,2020-11-10,235.08,236.86,239.37,225.39,141036,67.1911,8.6033,0.1280422555963513
205,2020-11-11,236.27,226.2,239.78,225.43,169200,69.9667,8.9587,0.12804234014181032
206,2020-11-12,228.41,230.76,233.8,226.84,107989,72.1288,9.2355,0.12804178081432105
207,2020-11-13,231.55,231.74,234.15,230.37,107698,71.6905,9.1794,0.128042069730299
208,2020-11-16,232.33,237.92,238.8,230.8,97924,71.5883,9.1663,0.12804187276412485
209,2020-11-17,236.82,229.41,237.82,227.59,109807,70.7994,9.0653,0.12804204555405838
210,2020-11-18,229.0,208.56,230.08,206.58,346135,69.7476,8.9306,0.1280416817209481
211,2020-11-19,206.85,210.69,212.93,205.13,173043,68.6593,8.7913,0.12804237736184318
212,2020-11-20,212.69,214.89,217.49,212.12,88951,67.5637,8.651,0.12804212913147148
213,2020-11-23,214.89,211.75,216.57,209.75,113360,67.9289,8.6977,0.12804123134630474
214,2020-11-24,211.95,206.93,211.95,204.99,132756,66.4826,8.5126,0.12804252541266437
215,2020-11-25,206.89,201.36,206.95,200.38,179840,66.6872,8.5388,0.12804256289062968
216,2020-11-26,204.3,202.93,205.24,200.82,95330,63.8093,8.1703,0.128042464029538
217,2020-11-27,204.25,202.6,204.48,199.17,104349,64.211,8.2217,0.12804192428088645
218,2020-11-30,203.91,203.58,204.87,197.31,209936,63.2542,8.0992,0.12804209048569107
219,2020-12-01,202.93,213.67,213.73,202.54,218420,65.1971,8.348,0.12804250495804262
