,日期,开盘,收盘,最高,最低,成交量,pe,pb,roe
0,2020-01-03,404.0,392.87,404.36,387.8,58964,99.9945,29.3519,0.2935351444329438
1,2020-01-06,390.39,386.43,391.32,385.31,50322,96.3685,28.2875,0.2935347131064612
2,2020-01-07,387.18,395.0,395.0,387.18,40214,97.9848,28.762,0.29353532384614756
3,2020-01-08,395.0,395.61,397.62,391.47,25883,96.8831,28.4386,0.2935351986053295
4,2020-01-09,396.62,401.44,402.2,396.62,35131,96.3685,28.2875,0.2935347131064612
5,2020-01-10,403.28,402.05,404.57,398.6,21766,98.8201,29.0072,0.29353542447336123
6,2020-01-13,404.93,403.28,405.58,400.04,26703,98.3903,28.881,0.29353503343317383
7,2020-01-14,405.36,394.64,407.6,394.28,39366,99.4315,29.1866,0.2935347450254698
8,2020-01-15,394.64,399.93,401.8,393.2,31288,98.6748,28.9645,0.29353492482376453
9,2020-01-16,402.2,403.96,404.03,395.61,32623,97.7608,28.6962,0.29353483195718527
10,2020-01-17,403.92,408.89,409.18,399.57,38986,96.8891,28.4403,0.29353456683982
11,2020-01-20,409.68,416.78,418.22,404.93,42975,98.2814,28.849,0.2935346871330689
12,2020-01-21,414.08,416.42,419.12,405.8,42661,98.5538,28.929,0.2935351046839391
13,2020-01-22,415.16,408.46,415.16,405.87,39104,99.4981,29.2062,0.2935352534370003
14,2020-01-23,409.22,399.35,409.22,395.07,46158,101.2112,29.709,0.2935347076212909
15,2020-02-03,360.76,379.98,380.74,360.76,84424,101.5683,29.8138,0.2935344984606418
16,2020-02-04,382.4,383.04,387.94,376.28,59752,102.2221,30.0057,0.2935343727041413
17,2020-02-05,383.04,387.8,388.52,375.92,47075,102.8456,30.1888,0.29353516339055824
18,2020-02-06,388.41,392.3,396.08,382.4,48135,102.0889,29.9667,0.2935353402769547
19,2020-02-07,389.88,396.8,398.88,385.92,36724,98.1603,28.8135,0.2935351664573152
20,2020-02-10,393.56,394.28,397.05,391.76,28738,97.2765,28.5541,0.2935354376442409
21,2020-02-11,391.4,398.6,398.7,391.4,35314,97.785,28.7033,0.29353479572531577
22,2020-02-12,396.08,398.88,403.24,396.08,29768,96.9739,30.684,0.31641503538581
23,2020-02-13,398.6,390.32,399.93,389.6,33183,101.193,32.019,0.31641516705700984
24,2020-02-14,391.0,390.32,394.74,388.08,22815,100.4485,31.7834,0.3164148792664898
25,2020-02-17,391.94,392.73,395.68,389.6,26878,99.5586,31.5018,0.3164146542840096
26,2020-02-18,391.04,385.56,392.44,383.73,49677,98.3661,31.1245,0.31641490310178
27,2020-02-19,384.2,387.22,389.42,383.84,31247,99.716,31.5516,0.31641461751373906
28,2020-02-20,387.8,394.56,396.36,385.64,47228,102.1192,32.312,0.3164145430046455
29,2020-02-21,392.15,390.93,394.56,388.8,31952,102.1615,32.3254,0.3164146963386403
30,2020-02-24,387.9,387.58,390.93,384.95,48367,102.6942,32.494,0.31641514321159325
31,2020-02-25,383.73,381.21,389.6,377.39,44645,98.7112,31.2337,0.3164149559523134
32,2020-02-26,378.08,376.42,381.96,374.08,43037,101.9073,32.245,0.3164150163923487
33,2020-02-27,377.0,382.22,384.81,376.92,43962,103.5114,32.7525,0.3164144239185249
34,2020-02-28,368.14,371.88,382.18,368.14,43809,103.808,32.8464,0.3164149198520345
35,2020-03-02,372.71,380.42,384.02,372.71,45983,104.4981,33.0647,0.31641436542865375
36,2020-03-03,384.2,386.9,392.01,381.32,42389,104.3226,33.0092,0.3164146599107001
37,2020-03-04,386.86,388.16,391.86,380.06,34295,98.7233,31.2375,0.31641466604134993
38,2020-03-05,391.4,396.47,402.84,386.64,70268,98.124,31.0479,0.31641494435612083
39,2020-03-06,392.26,393.88,396.08,391.4,25679,95.8358,30.3239,0.31641516009674875
40,2020-03-09,386.57,380.24,389.67,380.24,49081,94.9884,30.0557,0.31641442534035735
41,2020-03-10,377.64,388.95,391.4,377.64,46067,95.2487,30.1381,0.31641481721010367
42,2020-03-11,390.86,393.48,399.82,388.95,50850,94.6312,29.9427,0.31641467084851504
43,2020-03-12,389.6,382.97,391.18,380.99,36884,95.8298,30.322,0.3164151443496699
44,2020-03-13,372.03,376.92,379.34,363.93,55563,94.268,29.8278,0.31641490219374546
45,2020-03-16,366.59,366.2,376.89,363.32,57726,95.0368,30.0711,0.31641532543183276
46,2020-03-17,366.2,362.6,369.44,346.68,80724,95.7753,30.3047,0.3164145661772921
47,2020-03-18,362.52,362.6,371.06,359.0,62070,95.4424,30.1994,0.31641492669924476
48,2020-03-19,357.2,349.64,366.16,345.24,75266,96.9739,30.684,0.31641503538581
49,2020-03-20,346.29,373.54,378.36,346.29,86770,98.3056,31.1053,0.31641432431112776
50,2020-03-23,364.04,381.96,389.16,363.39,73090,96.2475,30.4541,0.31641445232343696
51,2020-03-24,381.96,387.87,393.38,381.42,52585,97.5429,30.864,0.3164146237194096
52,2020-03-25,392.58,388.19,400.76,386.64,35755,96.9799,30.6859,0.31641505095385747
53,2020-03-26,395.0,416.6,422.0,394.56,97529,96.1869,30.435,0.3164152291008443
54,2020-03-27,419.3,427.86,433.84,417.42,56421,101.9981,32.2737,0.31641471752905204
55,2020-03-30,423.8,423.04,434.52,420.59,61609,97.8697,30.9674,0.3164145797933375
56,2020-03-31,431.0,464.01,464.01,427.4,94436,103.3843,32.7123,0.3164145813242436
57,2020-04-01,466.06,451.88,466.06,439.64,95125,111.986,35.434,0.3164145518189773
58,2020-04-02,441.8,461.16,461.85,441.8,75541,120.1459,38.0159,0.3164144594197555
59,2020-04-03,463.4,473.84,481.4,457.28,76331,114.2137,36.1389,0.31641475584802875
60,2020-04-07,481.4,495.26,502.56,476.39,79491,110.8964,35.0893,0.31641514061772974
61,2020-04-08,485.0,471.68,488.6,465.92,57597,109.5042,34.6487,0.31641434757753584
62,2020-04-09,471.68,472.32,474.92,462.68,25370,110.7875,38.8178,0.3503806837413968
63,2020-04-10,472.14,469.88,477.47,466.53,23251,104.1168,36.4805,0.3503805341693175
64,2020-04-13,469.52,470.06,470.52,458.36,20950,101.1991,35.4582,0.3503805863886141
65,2020-04-14,467.0,476.0,477.29,463.43,46608,99.9158,35.0086,0.35038102081953004
66,2020-04-15,479.6,463.04,479.6,459.98,46450,100.1821,35.1019,0.35038095627861665
67,2020-04-16,463.65,464.55,472.58,463.04,31495,99.371,34.8177,0.3503808958348009
68,2020-04-17,468.8,466.82,475.49,464.94,36734,99.1712,34.7477,0.3503809573747217
69,2020-04-20,470.24,464.33,470.24,461.09,36293,95.8419,33.5812,0.35038120070658035
70,2020-04-21,461.06,463.36,466.92,461.06,23650,94.0683,32.9597,0.3503805213871198
71,2020-04-22,464.19,468.51,475.02,461.6,44205,93.8261,32.8749,0.3503811839136445
72,2020-04-23,468.98,466.46,477.72,463.04,50757,92.67,32.4698,0.35038092154958456
73,2020-04-24,467.0,470.88,472.4,460.55,35804,93.0513,32.6034,0.35038091891247086
74,2020-04-27,477.0,465.74,481.4,457.28,64981,93.1784,32.648,0.3503816335116294
75,2020-04-28,465.59,473.48,479.67,462.42,61797,92.0162,32.2407,0.35038069383434656
76,2020-04-29,473.66,468.76,474.16,459.83,35837,92.3068,32.3425,0.35038047034454667
77,2020-04-30,467.0,455.94,467.0,451.88,55127,91.2111,31.9586,0.3503806006067244
78,2020-05-06,450.47,471.28,471.42,449.18,71059,90.406,31.6765,0.350380505718647
79,2020-05-07,475.81,482.59,485.01,470.88,71140,89.831,31.4751,0.35038127149870313
80,2020-05-08,482.12,486.95,492.27,474.69,69304,90.4605,31.6956,0.35038055283797903
81,2020-05-11,487.3,480.99,503.41,479.61,68153,90.8479,31.8314,0.3503812416137302
82,2020-05-12,486.31,503.15,508.25,482.98,93676,88.9835,31.1781,0.3503806885546197
83,2020-05-13,501.12,506.22,510.02,494.73,63576,89.952,31.5175,0.35038131447883314
84,2020-05-14,507.6,493.87,507.6,493.13,57592,88.4932,31.0063,0.3503805942151487
85,2020-05-15,499.01,494.21,500.09,489.03,35265,87.7668,30.7518,0.35038078179904014
86,2020-05-18,493.43,504.58,505.88,489.46,53350,82.9726,29.072,0.350380728095781
87,2020-05-19,508.55,510.58,515.03,499.83,57444,85.1699,29.8419,0.35038082702926737
88,2020-05-20,510.63,510.54,514.08,505.7,36152,82.2522,28.8196,0.3503809016658521
89,2020-05-21,511.75,527.43,535.47,510.58,70772,82.0464,28.7475,0.3503810039197332
90,2020-05-22,522.46,506.83,522.68,503.28,56630,79.268,27.774,0.35038098602210227
91,2020-05-25,512.18,518.32,521.0,498.1,52249,78.7534,27.5937,0.3503810629128393
92,2020-05-26,517.97,520.18,523.8,510.54,35576,76.8769,26.9362,0.35038093367448475
93,2020-05-27,518.45,511.28,519.96,505.49,45391,81.2111,28.4548,0.35038067456295996
94,2020-05-28,511.32,508.3,513.82,503.28,33837,79.0561,27.6997,0.3503802995594268
95,2020-05-29,509.42,513.65,517.02,505.49,43587,79.5222,27.8631,0.3503814029289934
96,2020-06-01,520.56,520.3,524.5,511.1,59282,78.8382,27.6234,0.35038090671780936
97,2020-06-02,521.47,513.39,522.29,510.97,49593,77.8696,27.284,0.35038063634589106
98,2020-06-03,512.36,511.23,519.05,509.76,35751,77.343,27.0995,0.35038077136909607
99,2020-06-04,509.76,512.1,514.56,505.44,44464,77.5125,27.1589,0.35038090630543456
100,2020-06-05,514.08,515.68,518.4,506.87,50184,75.3273,26.3932,0.35038027381838993
101,2020-06-08,516.03,506.31,517.54,505.49,61415,75.2728,26.3741,0.3503802170239449
102,2020-06-09,506.44,509.2,511.45,501.12,40949,75.0609,26.2999,0.35038082410416077
103,2020-06-10,511.88,510.28,516.11,508.51,42422,75.6662,26.512,0.35038101556573475
104,2020-06-11,508.86,508.34,515.38,506.52,43782,75.303,26.3848,0.350381790898105
105,2020-06-12,503.72,514.52,514.52,502.85,45919,75.4544,26.4378,0.3503811573612672
106,2020-06-15,510.5,509.81,517.84,507.6,38041,74.9398,26.2575,0.3503812393414447
107,2020-06-16,515.16,519.35,522.38,510.93,62026,73.4265,25.7273,0.350381674191198
108,2020-06-17,522.72,517.76,522.72,507.69,56720,71.3623,25.004,0.3503810835693356
109,2020-06-18,519.7,521.13,522.21,514.34,40050,72.2703,25.3222,0.35038183043380194
110,2020-06-19,522.72,533.05,537.84,521.95,72058,70.5996,24.7368,0.3503815885642412
111,2020-06-22,533.52,526.57,535.12,523.67,47541,70.1275,24.5713,0.35038037859612853
112,2020-06-23,527.69,541.3,541.47,526.22,65240,70.3514,24.6498,0.3503810869435434
113,2020-06-24,543.89,552.1,552.96,540.0,55899,69.0137,24.1811,0.35038115620521726
114,2020-06-29,552.06,555.77,558.58,547.0,50702,69.6735,24.4123,0.3503814219179458
115,2020-06-30,555.73,554.69,556.33,548.04,37871,68.8079,24.109,0.35038127889384796
116,2020-07-01,552.96,557.28,558.54,548.6,42430,69.0803,24.2044,0.3503806439751999
117,2020-07-02,568.08,552.96,570.16,548.64,90277,68.9289,24.1514,0.3503813349698022
118,2020-07-03,553.01,554.48,556.29,547.78,51845,68.5233,24.0093,0.3503815490497392
119,2020-07-06,551.02,554.86,559.44,550.07,82996,69.8369,24.4695,0.3503806726816339
120,2020-07-07,554.91,570.46,586.53,553.01,108625,69.3345,24.2935,0.35038112339455824
121,2020-07-08,575.0,569.25,578.28,564.2,63822,69.2134,24.2511,0.3503815735103319
122,2020-07-09,569.25,573.01,574.91,564.2,51846,69.5161,24.3571,0.3503807031752357
123,2020-07-10,569.25,579.92,589.25,568.08,60833,70.4846,24.6965,0.3503815017748558
124,2020-07-13,578.88,584.8,589.6,576.21,60639,69.5524,24.3698,0.3503804325947056
125,2020-07-14,584.67,581.48,589.04,573.27,51249,68.8018,24.1068,0.35038036795548955
126,2020-07-15,584.07,596.86,603.72,578.97,79041,69.2195,24.2532,0.3503810342461301
127,2020-07-16,595.3,565.92,595.3,561.6,86303,70.4665,24.6901,0.3503806773431347
128,2020-07-17,565.92,579.32,584.54,565.92,53468,70.2062,24.5989,0.3503807356045478
129,2020-07-20,585.15,582.99,591.71,571.97,46782,68.596,24.0347,0.3503804886582308
130,2020-07-21,587.52,602.82,604.76,579.92,59912,71.4834,25.0464,0.3503806478147374
131,2020-07-22,596.94,604.29,608.56,592.28,53842,69.1166,24.2171,0.3503803717196737
132,2020-07-23,600.44,625.11,632.58,596.16,82828,69.1226,24.2193,0.3503817854073776
133,2020-07-24,625.11,609.43,626.27,605.88,64807,68.2812,23.9244,0.3503804854044744
134,2020-07-27,615.3,643.64,645.5,608.39,72743,66.8284,23.4154,0.3503809757528237
135,2020-07-28,647.57,648.82,673.92,643.68,77218,66.78,23.3984,0.3503803533992213
136,2020-07-29,644.29,659.24,660.1,638.46,54572,68.5112,24.005,0.35038066768645126
137,2020-07-30,656.64,652.32,658.03,649.21,44482,68.0815,23.8544,0.35038005919376036
138,2020-07-31,654.01,665.63,673.84,652.76,54518,64.9761,22.7664,0.3503811401422985
139,2020-08-03,668.48,662.86,673.92,657.29,59881,65.8115,23.0591,0.3503810124370361
140,2020-08-04,665.24,658.37,669.47,654.01,49411,65.2001,22.8449,0.35038136444576
141,2020-08-05,657.72,662.48,664.85,652.37,42415,64.1599,18.877,0.2942180396166453
142,2020-08-06,665.28,668.22,673.28,659.24,47267,62.011,18.2448,0.2942187676379997
143,2020-08-07,665.28,676.04,682.56,663.99,58735,63.8068,18.7732,0.2942194248888833
144,2020-08-10,671.68,673.97,682.35,656.21,45944,64.4676,18.9676,0.29421911161575737
145,2020-08-11,675.61,682.26,690.77,675.61,42265,63.3831,18.6485,0.2942188059593172
146,2020-08-12,682.22,681.35,682.22,666.15,45967,64.1044,20.695,0.32283275406992346
147,2020-08-13,685.07,678.63,685.2,672.2,28742,63.484,20.4947,0.32283252473064084
148,2020-08-14,678.63,686.88,687.96,672.2,40173,63.7715,20.5875,0.32283229969500477
149,2020-08-17,690.64,688.61,696.82,682.56,41835,63.0502,20.3546,0.3228316484325189
150,2020-08-18,682.56,701.27,719.28,682.56,58279,63.1864,20.3986,0.3228321284327007
151,2020-08-19,701.27,725.03,730.0,697.04,55137,63.5344,20.5109,0.32283141101513513
152,2020-08-20,720.58,726.46,738.21,709.35,52246,63.2166,20.4083,0.3228313449315528
153,2020-08-21,731.98,732.24,732.81,720.58,47090,63.0048,20.3399,0.32283095891106706
154,2020-08-24,732.24,730.34,738.21,725.76,53114,64.8207,20.9262,0.3228320582776798
155,2020-08-25,730.95,739.5,739.93,730.95,50512,63.9884,20.6575,0.32283195079108085
156,2020-08-26,734.4,760.32,760.32,730.17,63904,63.9632,20.6494,0.3228325036896215
157,2020-08-27,761.14,807.93,809.49,757.65,93360,64.3062,20.7601,0.322832013087385
158,2020-08-28,786.24,798.77,807.89,779.76,84533,64.2154,20.7308,0.3228322178169099
159,2020-08-31,803.52,808.71,816.48,799.33,63788,67.5195,21.7975,0.3228326631565696
160,2020-09-01,808.71,832.38,832.86,807.8,69333,64.5181,20.8285,0.32283188748583724
161,2020-09-02,840.68,874.72,881.2,840.5,107745,62.7424,20.2553,0.32283272555719894
162,2020-09-03,874.72,816.48,894.24,804.6,196433,61.441,19.8351,0.32283165964095634
163,2020-09-04,777.65,755.1,784.26,744.43,165272,63.141,20.3839,0.3228314407437323
164,2020-09-07,745.2,715.74,751.17,708.48,150672,57.4004,18.5307,0.3228322450714629
165,2020-09-08,715.7,745.2,751.08,701.44,128625,58.0764,18.7489,0.32283164934465636
166,2020-09-09,723.65,703.73,724.9,695.52,85901,56.4975,18.2392,0.3228319837160936
167,2020-09-10,716.61,709.39,727.62,708.48,72009,64.4095,18.6629,0.2897538406601511
168,2020-09-11,714.7,713.41,723.56,699.93,58868,64.3538,18.6467,0.28975289726480796
169,2020-09-14,725.33,704.16,725.33,696.39,67075,63.3392,18.3527,0.2897526334402708
170,2020-09-15,704.08,718.85,720.84,697.38,63389,61.8915,17.9333,0.28975384341953253
171,2020-09-16,724.9,709.35,728.18,704.08,49823,57.7836,16.743,0.28975349407098205
172,2020-09-17,709.43,698.42,709.43,686.88,63647,60.0108,17.3883,0.28975284448799216
173,2020-09-18,692.07,700.79,702.0,678.24,70316,60.0108,17.3883,0.28975284448799216
174,2020-09-21,692.2,695.52,707.97,689.26,46905,60.6294,17.5676,0.2897538158055333
175,2020-09-22,691.94,690.04,701.14,688.05,37448,62.4731,18.1018,0.28975350991066556
176,2020-09-23,694.57,701.18,707.97,690.12,42231,63.5124,18.4029,0.2897528671566497
177,2020-09-24,698.12,692.63,707.49,692.63,40859,65.3189,18.9264,0.2897538078565316
178,2020-09-25,699.37,697.04,708.48,696.82,41351,64.5394,18.7005,0.28975323600777203
179,2020-09-28,696.91,695.18,703.9,691.29,26831,63.0423,18.2667,0.2897530705573877
180,2020-09-29,699.84,701.23,704.38,692.5,32791,65.387,18.9461,0.28975331487910444
181,2020-09-30,704.03,717.56,730.52,701.27,64218,65.8324,19.0752,0.2897539813222668
182,2020-10-09,731.64,721.83,736.26,709.69,58251,64.4033,18.6611,0.28975378590848605
183,2020-10-12,727.84,761.79,765.55,722.31,70679,64.1868,18.5983,0.2897527217434114
184,2020-10-13,761.79,763.05,776.96,756.0,38848,63.0732,18.2756,0.28975222439958653
185,2020-10-14,756.09,758.12,771.12,754.71,56875,61.6069,17.8508,0.28975325815777125
186,2020-10-15,761.75,756.0,765.59,744.25,35716,63.3825,18.3653,0.2897534808503925
187,2020-10-16,756.0,744.56,761.66,741.14,30516,62.3865,18.0767,0.2897533921601628
188,2020-10-19,747.36,721.75,748.79,719.37,51347,63.2093,18.3151,0.2897532483352925
189,2020-10-20,725.5,750.17,751.68,722.22,45347,64.3043,18.6324,0.2897535623589714
190,2020-10-21,756.0,746.37,756.35,739.63,29962,64.8797,18.7991,0.28975318936431577
191,2020-10-22,751.47,746.07,751.47,735.44,22720,65.5045,18.9801,0.2897526124159409
192,2020-10-23,743.04,728.92,745.2,728.79,25632,64.2425,18.6145,0.2897536677433163
193,2020-10-26,717.12,719.28,720.75,695.52,26506,63.9579,18.532,0.2897531032132074
194,2020-10-27,713.5,727.79,732.33,713.24,34797,65.189,18.8887,0.2897528724171256
195,2020-10-28,727.79,734.14,738.64,724.9,32287,64.7745,18.7686,0.2897529120255656
196,2020-10-29,730.08,739.46,744.34,723.0,43168,64.7745,18.7686,0.2897529120255656
197,2020-10-30,740.88,709.35,742.18,704.38,72719,66.2469,19.1953,0.2897539356558571
198,2020-11-02,717.12,715.14,727.06,712.8,56688,66.1975,19.1809,0.2897526341629216
199,2020-11-03,716.48,711.51,719.24,701.4,46409,65.4551,18.9658,0.28975282292747245
200,2020-11-04,711.08,717.82,723.13,705.46,46131,65.8881,19.0913,0.2897533849056203
201,2020-11-05,721.92,745.85,745.9,721.92,68765,65.1148,18.8672,0.2897528672436988
202,2020-11-06,747.88,751.25,760.32,736.56,48479,64.3415,18.6431,0.2897523371385498
203,2020-11-09,751.68,746.8,762.48,738.94,63096,63.5248,18.4065,0.2897529783643554
204,2020-11-10,750.78,742.14,751.64,739.37,42965,62.9989,18.2541,0.2897526782213658
205,2020-11-11,741.66,739.59,754.28,737.04,40231,66.3274,19.2186,0.28975355584569873
206,2020-11-12,739.59,727.36,744.34,723.6,41944,67.8926,19.6721,0.2897532278922887
207,2020-11-13,725.76,720.62,726.97,710.69,30976,69.2599,20.0683,0.2897535226011011
208,2020-11-16,725.76,718.68,727.92,715.01,23444,69.3217,20.0862,0.28975342497370954
209,2020-11-17,720.93,708.74,720.93,704.42,33578,67.9668,19.6936,0.28975323246055423
210,2020-11-18,708.74,714.96,715.4,708.48,24826,67.1193,19.448,0.28975272388120854
211,2020-11-19,712.93,721.49,725.25,704.47,25899,66.4264,19.2472,0.28975226717088387
212,2020-11-20,720.58,726.89,733.97,719.28,31518,65.5169,18.9837,0.2897527202904899
213,2020-11-23,725.76,719.46,730.43,714.4,38792,67.0017,19.414,0.28975384206669386
214,2020-11-24,717.12,722.52,725.25,712.8,22656,66.7914,19.353,0.28975287237578495
215,2020-11-25,721.44,705.03,722.52,705.03,35323,66.6862,19.3225,0.2897526024874712
216,2020-11-26,705.68,708.7,713.97,705.68,18172,65.684,19.0321,0.2897524511296511
217,2020-11-27,708.74,716.56,716.78,704.16,20830,65.5788,19.0017,0.28975370089114166
218,2020-11-30,720.75,705.03,721.44,705.03,38958,64.1064,18.575,0.28975266120075377
219,2020-12-01,710.6,730.9,732.07,707.19,57667,65.2138,18.8959,0.2897530890701048
