,日期,开盘,收盘,最高,最低,成交量,pe,pb,roe
0,2020-01-03,358.68,349.56,362.25,348.88,17609,73.4368,13.7612,0.1873883393611922
1,2020-01-06,345.89,340.84,345.89,333.54,27594,72.3946,13.5659,0.1873882858666254
2,2020-01-07,341.04,355.93,356.62,341.04,20389,72.4366,13.5737,0.18738731525223437
3,2020-01-08,355.88,349.12,356.96,346.48,14857,71.4713,13.3928,0.1873871050337688
4,2020-01-09,350.93,348.14,354.85,346.48,14561,69.2261,12.9721,0.18738741601794698
5,2020-01-10,350.79,346.77,352.26,342.7,17727,72.0379,13.499,0.18738747242770823
6,2020-01-13,345.25,355.05,355.69,345.25,16002,72.4646,13.579,0.18738804878519993
7,2020-01-14,355.05,351.57,361.42,347.26,20738,72.5275,13.5908,0.1873882320499121
8,2020-01-15,351.57,350.2,354.81,345.89,13653,69.0302,12.9354,0.18738754921758882
9,2020-01-16,351.38,354.76,360.29,351.38,19030,68.6945,12.8725,0.1873876365647905
10,2020-01-17,358.28,357.21,358.28,352.31,15014,71.905,13.4741,0.18738752520687016
11,2020-01-20,356.67,356.28,362.01,353.73,12074,71.7651,13.4479,0.1873877413951907
12,2020-01-21,356.67,354.56,357.84,352.01,14723,70.4571,13.2028,0.18738778632671513
13,2020-01-22,352.99,355.74,356.37,338.73,21979,70.7509,13.2578,0.18738701557153337
14,2020-01-23,355.44,344.81,359.75,342.95,19391,69.8066,13.0809,0.18738772551592542
15,2020-02-03,310.8,310.61,318.2,310.61,26606,71.3454,13.3693,0.18738839504719296
16,2020-02-04,311.59,326.29,333.64,306.69,33924,68.4706,12.8306,0.1873884557751794
17,2020-02-05,326.34,326.29,330.65,321.39,24422,66.8828,12.533,0.18738748975820388
18,2020-02-06,327.22,326.29,328.49,320.41,25677,67.2186,12.5959,0.18738712201682275
19,2020-02-07,324.23,328.44,329.57,322.37,18310,64.7705,12.1372,0.18738777684285285
20,2020-02-10,327.37,332.02,336.09,325.31,20274,64.5746,12.1005,0.1873879203278069
21,2020-02-11,332.61,333.98,338.59,329.47,21364,64.4207,12.0717,0.18738852573784515
22,2020-02-12,331.63,334.03,335.11,329.72,15284,63.6653,11.9301,0.1873877920939664
23,2020-02-13,330.7,327.61,334.13,325.8,23212,69.0302,13.7046,0.19853049824569538
24,2020-02-14,327.17,336.33,341.97,325.36,20295,66.7989,13.2616,0.1985302153179169
25,2020-02-17,337.75,349.32,350.69,336.77,21290,65.323,12.9686,0.19853037980496918
26,2020-02-18,349.81,357.5,358.14,347.41,24501,63.0218,12.5117,0.19852971511445244
27,2020-02-19,355.79,365.0,369.26,354.76,21257,65.7357,13.0505,0.1985298703748496
28,2020-02-20,367.69,368.92,370.04,361.81,15934,72.0169,14.2975,0.19852978953551179
29,2020-02-21,370.24,372.59,374.41,366.17,16872,73.6047,14.6127,0.19852944173401973
30,2020-02-24,372.64,382.29,383.47,370.39,18645,74.8987,14.8696,0.19852948048497504
31,2020-02-25,372.1,369.8,381.66,361.47,27007,75.5352,14.996,0.19852995689426917
32,2020-02-26,362.06,354.12,366.91,353.29,22993,76.7173,15.2307,0.19853018810620293
33,2020-02-27,355.3,354.12,362.84,353.53,24685,76.1298,15.1141,0.198530667360219
34,2020-02-28,347.16,347.06,354.02,338.54,30035,78.2002,15.5251,0.19853018278725632
35,2020-03-02,350.74,363.33,370.39,347.21,30382,77.179,15.3223,0.19852939271045233
36,2020-03-03,374.8,359.46,375.14,357.99,26045,77.0111,15.289,0.1985298223243143
37,2020-03-04,358.63,359.26,362.35,355.25,14130,71.2825,14.1517,0.19852979342755936
38,2020-03-05,361.08,364.61,367.1,359.02,16447,69.352,13.7684,0.19852924212711962
39,2020-03-06,364.61,367.55,373.82,361.37,14888,68.7364,13.6462,0.19852945455391902
40,2020-03-09,361.32,347.6,364.7,347.36,20468,67.3375,13.3685,0.19852979394839426
41,2020-03-10,344.47,335.3,355.59,325.11,69987,68.2118,13.5421,0.198530166334857
42,2020-03-11,336.53,323.84,336.53,323.25,47761,68.1279,13.5254,0.1985295304860417
43,2020-03-12,317.47,316.88,322.42,308.4,29037,69.8766,13.8726,0.1985299799933025
44,2020-03-13,301.74,316.24,324.67,300.12,25466,69.6387,13.8254,0.1985304148411731
45,2020-03-16,319.13,295.42,320.8,294.19,39150,70.3312,13.9629,0.19853066633300726
46,2020-03-17,296.89,287.97,301.69,276.55,43667,71.3454,14.1642,0.1985299682950828
47,2020-03-18,291.99,287.48,300.56,282.19,28981,71.4084,14.1767,0.1985298648338291
48,2020-03-19,285.91,286.35,291.84,281.31,29549,70.6739,14.0309,0.19853015045158115
49,2020-03-20,291.01,290.96,296.5,286.11,18219,70.8208,14.0601,0.19853065765989653
50,2020-03-23,282.19,286.11,295.66,269.94,51092,69.9465,13.8865,0.19853030530476865
51,2020-03-24,291.99,283.41,291.99,278.27,33499,67.5334,13.4074,0.19852991260620673
52,2020-03-25,288.46,289.88,293.95,282.53,40496,66.673,13.2366,0.1985301396367345
53,2020-03-26,288.75,287.09,291.69,283.76,13929,66.666,13.2352,0.19852998529985302
54,2020-03-27,291.01,290.81,299.34,287.09,17797,70.4361,13.9837,0.19853029909378858
55,2020-03-30,288.07,277.78,288.12,273.12,46589,70.0864,13.9143,0.19853067071500322
56,2020-03-31,279.54,284.15,285.32,278.76,18689,71.947,14.2836,0.19852947308435376
57,2020-04-01,285.13,298.8,304.14,282.24,29775,74.549,14.8002,0.19852982602046976
58,2020-04-02,301.79,311.05,311.39,296.89,25190,75.0526,14.9002,0.19853009755824583
59,2020-04-03,310.71,304.29,312.18,301.25,15421,74.8428,14.8585,0.19852945106276088
60,2020-04-07,309.63,313.16,315.41,307.03,16702,73.9614,14.6836,0.1985305848726498
61,2020-04-08,316.98,315.51,319.48,309.33,22001,74.8637,14.8627,0.19853012875398893
62,2020-04-09,315.75,316.05,317.96,313.06,5697,73.0941,14.5114,0.19853038754153893
63,2020-04-10,315.56,312.22,320.21,310.02,9399,72.1918,14.3322,0.19852947287642086
64,2020-04-13,312.22,304.78,314.23,302.28,16127,73.6537,14.6225,0.19853042006036356
65,2020-04-14,308.65,330.01,331.92,306.69,29011,73.8635,14.6641,0.19852972036256067
66,2020-04-15,332.22,328.93,335.5,326.34,13995,73.8635,14.6641,0.19852972036256067
67,2020-04-16,327.27,320.41,328.93,317.96,16900,75.7521,15.0391,0.19853046978235586
68,2020-04-17,323.98,333.93,340.01,323.98,23573,73.7236,14.6364,0.19853072828782098
69,2020-04-20,334.23,334.18,336.58,331.33,10557,73.3459,14.5614,0.1985305245419308
70,2020-04-21,333.83,332.36,335.45,326.29,11174,66.68,14.4198,0.21625374925014995
71,2020-04-22,331.14,334.47,334.62,327.76,8657,65.9945,14.2716,0.21625438483509987
72,2020-04-23,334.13,328.3,339.32,327.81,16621,65.1552,14.0901,0.21625442021511715
73,2020-04-24,330.16,324.47,330.21,323.45,12397,66.0155,14.2761,0.2162537585869985
74,2020-04-27,328.2,320.9,328.74,319.82,11214,68.1629,14.7405,0.21625400327744274
75,2020-04-28,323.84,321.44,325.55,313.94,22130,69.352,14.9977,0.2162547583342946
76,2020-04-29,338.19,353.29,353.29,338.19,25458,71.0866,15.3728,0.21625454023683788
77,2020-04-30,370.39,388.32,388.32,367.35,46517,69.6947,15.0718,0.21625460759569953
78,2020-05-06,388.27,426.88,426.88,384.3,59859,63.3575,13.7013,0.21625379789290927
79,2020-05-07,428.11,426.88,435.9,410.08,52936,62.1685,13.4442,0.21625421234226336
80,2020-05-08,420.76,428.06,435.07,420.66,36171,61.5529,13.3111,0.21625463625596844
81,2020-05-11,436.05,439.72,451.48,428.31,26978,62.0216,13.4124,0.21625369226205063
82,2020-05-12,443.35,443.89,448.74,435.56,26110,61.3431,13.2657,0.2162541508335901
83,2020-05-13,444.08,448.54,452.36,437.32,21100,61.7348,13.3504,0.21625404148065597
84,2020-05-14,452.22,457.56,463.44,444.52,25806,60.3988,13.0615,0.2162542964429757
85,2020-05-15,462.51,453.69,462.51,444.87,20765,58.2724,12.6017,0.21625503668975363
86,2020-05-18,464.12,449.62,466.92,444.87,27373,57.552,12.4459,0.21625486516541562
87,2020-05-19,458.54,470.1,472.6,451.48,24564,59.4545,12.8573,0.21625444667771151
88,2020-05-20,465.69,453.98,475.3,449.28,22482,60.8535,13.1598,0.21625378983953267
89,2020-05-21,458.44,459.08,470.84,454.57,14214,60.112,12.9995,0.21625465797178597
90,2020-05-22,463.98,451.53,463.98,449.28,17456,58.6362,12.6803,0.21625378179349958
91,2020-05-25,461.38,450.06,461.77,446.93,25490,60.168,13.0116,0.2162544874351815
92,2020-05-26,457.36,450.65,459.57,448.79,24846,56.3769,12.1917,0.21625346551513122
93,2020-05-27,452.61,450.75,454.91,446.34,17597,60.5527,13.0948,0.21625460136377073
94,2020-05-28,453.34,449.52,453.34,443.3,21770,57.7059,12.4791,0.21625345068701815
95,2020-05-29,450.26,456.82,474.76,449.52,29816,57.8528,12.5109,0.21625401017755405
96,2020-06-01,457.12,462.31,466.43,448.3,36378,57.3561,12.4035,0.21625424322783451
97,2020-06-02,463.98,453.74,464.96,445.46,31786,54.4184,11.7682,0.21625406112638373
98,2020-06-03,452.22,466.43,478.78,451.24,22544,52.6697,11.3901,0.21625526631061123
99,2020-06-04,467.41,480.59,482.6,464.12,19273,53.1593,11.4959,0.2162537881424323
100,2020-06-05,481.17,484.8,488.58,462.16,37093,51.9633,11.2373,0.21625454888353896
101,2020-06-08,484.12,467.72,490.63,467.65,41670,51.8304,11.2085,0.21625339569056
102,2020-06-09,465.18,469.23,473.83,460.24,24663,51.5855,11.1556,0.2162545676595167
103,2020-06-10,467.65,477.94,480.0,465.05,22575,52.9985,11.4611,0.21625329018745815
104,2020-06-11,481.85,496.88,502.98,479.18,37549,52.9985,11.4611,0.21625329018745815
105,2020-06-12,496.81,497.63,518.07,489.26,40942,52.4599,11.3447,0.2162547012098765
106,2020-06-15,510.87,508.68,516.22,500.1,31011,52.7397,11.4052,0.2162545482814654
107,2020-06-16,526.85,502.78,526.85,497.7,35321,52.8096,11.4203,0.21625424165303275
108,2020-06-17,487.82,504.77,505.93,487.82,23503,52.5018,11.3538,0.21625544267053698
109,2020-06-18,505.25,514.23,522.33,504.77,21350,53.2992,11.5262,0.21625465297790586
110,2020-06-19,523.56,527.33,531.18,515.81,21710,51.9633,11.2373,0.21625454888353896
111,2020-06-22,520.95,519.51,531.86,514.64,25551,50.998,11.0285,0.21625357857170868
112,2020-06-23,517.73,522.53,525.07,514.92,25701,50.7952,10.9847,0.21625468548209278
113,2020-06-24,522.53,521.85,530.63,517.94,17057,51.3967,11.1148,0.2162551292203585
114,2020-06-29,521.3,519.1,525.89,515.67,26246,50.2706,10.8712,0.21625363532561775
115,2020-06-30,525.83,524.38,534.54,521.98,21443,50.1936,10.8546,0.2162546619489337
116,2020-07-01,527.81,524.38,531.31,516.08,22999,48.2631,10.4371,0.2162542397815308
117,2020-07-02,524.18,510.53,525.89,505.45,40316,47.3748,10.245,0.2162542110995719
118,2020-07-03,510.66,512.93,514.23,505.93,24044,47.2209,10.2117,0.21625381981283712
119,2020-07-06,512.24,514.23,522.88,509.02,41527,48.9626,10.5884,0.21625485574703956
120,2020-07-07,514.23,525.96,534.88,509.5,70955,48.7077,10.1495,0.20837567776758087
121,2020-07-08,528.71,521.16,534.88,515.74,36065,47.2639,9.8486,0.2083746791949035
122,2020-07-09,521.98,538.31,553.06,516.91,55587,45.9698,9.5789,0.20837375842400882
123,2020-07-10,539.68,567.12,573.3,539.68,54403,46.8442,9.7611,0.2083737154226137
124,2020-07-13,575.9,571.99,585.78,561.98,58471,46.2846,9.6445,0.208373843567839
125,2020-07-14,571.99,570.55,580.77,554.64,41485,45.5402,9.4894,0.2083741397710155
126,2020-07-15,570.55,598.47,614.46,569.66,43934,45.6651,9.5154,0.20837357194005923
127,2020-07-16,604.72,557.52,608.76,551.0,52656,45.6551,9.5134,0.20837540603349902
128,2020-07-17,560.61,594.7,601.42,551.48,54948,45.5951,9.5009,0.20837546139826427
129,2020-07-20,596.89,579.68,613.56,567.12,49570,45.745,9.5321,0.20837468575800636
130,2020-07-21,579.68,594.15,597.65,567.12,25248,46.5144,9.6924,0.2083741808988184
131,2020-07-22,593.88,601.42,609.79,587.98,33431,45.9948,9.5842,0.2083757294302834
132,2020-07-23,642.58,587.7,643.06,567.47,82256,47.6386,9.9267,0.20837514116703684
133,2020-07-24,587.7,569.04,594.56,560.26,49366,45.5502,9.4915,0.20837449670912533
134,2020-07-27,567.12,576.11,589.07,567.12,33755,45.9648,9.5779,0.20837466931216933
135,2020-07-28,578.1,596.96,606.09,578.1,33394,46.3595,9.6601,0.20837368824081365
136,2020-07-29,600.6,610.07,621.32,592.57,35638,45.4402,9.4686,0.20837496313836648
137,2020-07-30,604.17,606.22,611.1,591.89,27966,44.9656,9.3697,0.20837484654936217
138,2020-07-31,604.65,612.88,622.69,599.84,30310,44.5409,9.2812,0.20837477464532597
139,2020-08-03,612.54,608.28,612.54,597.99,30265,43.3518,9.0334,0.20837427742331346
140,2020-08-04,609.65,614.32,627.97,604.85,30331,43.2319,9.0084,0.2083739090810258
141,2020-08-05,607.53,625.98,646.7,607.53,38869,43.2319,9.0084,0.2083739090810258
142,2020-08-06,638.54,688.13,688.13,628.86,52723,39.2999,8.1891,0.20837457601673287
143,2020-08-07,697.46,701.78,708.16,670.02,52872,35.7277,7.7312,0.2163923230434649
144,2020-08-10,695.4,684.77,701.51,670.02,36467,46.9206,7.6247,0.16250218454154464
145,2020-08-11,693.35,673.11,710.15,670.57,38110,46.8412,7.6118,0.16250224161635482
146,2020-08-12,676.81,652.05,676.81,642.58,35190,47.3681,7.6974,0.16250176806753913
147,2020-08-13,653.56,643.61,661.1,639.84,22046,47.931,7.7889,0.16250234712399075
148,2020-08-14,646.08,651.84,655.27,637.23,24498,48.8404,7.9367,0.16250276410512607
149,2020-08-17,658.09,658.57,664.81,634.9,25880,48.5301,7.8862,0.16250121058889225
150,2020-08-18,663.85,723.94,723.94,663.85,50552,48.7971,7.9296,0.1625014601277535
151,2020-08-19,718.04,727.65,745.62,700.89,51162,48.761,7.9238,0.16250281987654067
152,2020-08-20,727.65,747.54,765.1,713.65,40399,46.769,7.6001,0.16250293998161178
153,2020-08-21,745.96,729.02,751.52,722.57,29469,48.0249,7.8041,0.1625011192110759
154,2020-08-24,736.56,729.02,742.6,721.88,25549,48.1837,7.8299,0.16250101175293719
155,2020-08-25,731.76,726.96,739.99,721.47,19995,44.4667,7.2259,0.16250137743524928
156,2020-08-26,728.26,712.62,728.26,709.67,21383,45.5637,7.4042,0.16250216729545672
157,2020-08-27,712.55,721.47,729.02,710.5,21044,46.1267,7.4957,0.16250241183522776
158,2020-08-28,721.47,738.83,741.23,713.24,24121,46.0473,7.4828,0.16250247028598855
159,2020-08-31,746.03,729.98,750.97,718.59,29503,45.7009,7.4265,0.16250227019599178
160,2020-09-01,732.86,738.62,741.37,726.34,18154,44.3945,7.2142,0.1625021117480769
161,2020-09-02,741.02,740.68,752.34,731.76,28455,45.3905,7.3761,0.1625031669622498
162,2020-09-03,745.07,735.74,750.9,727.3,20727,43.5861,7.0828,0.16250134790678677
163,2020-09-04,723.46,710.22,727.78,704.32,27121,41.4281,6.7322,0.16250322848501378
164,2020-09-07,711.18,691.97,714.61,689.02,35382,40.4899,6.5797,0.16250225364844073
165,2020-09-08,693.07,695.4,700.89,685.39,19448,42.4097,6.8917,0.16250291796452226
166,2020-09-09,686.01,658.43,686.01,647.45,34684,41.8612,6.8025,0.16250131386582325
167,2020-09-10,669.75,658.5,678.94,651.64,31239,42.2726,6.8694,0.1625024247384831
168,2020-09-11,662.55,666.94,668.65,653.42,15071,41.3199,6.7146,0.16250281341435968
169,2020-09-14,668.65,690.6,698.83,656.3,26374,41.7168,6.7791,0.16250287653894832
170,2020-09-15,692.52,699.18,709.19,687.31,21409,42.4314,6.8952,0.16250229782660955
171,2020-09-16,698.15,697.74,707.68,687.86,16929,41.7529,6.7849,0.16250128733573
172,2020-09-17,700.48,704.94,711.18,693.21,20312,41.9189,6.8119,0.1625018786275403
173,2020-09-18,704.32,704.32,721.4,698.7,19583,41.9911,6.8236,0.16250110142387314
174,2020-09-21,704.39,694.38,710.84,687.86,16699,43.0881,7.0019,0.1625019436921099
175,2020-09-22,684.77,687.58,699.59,682.71,19296,46.1556,7.5004,0.16250249157198693
176,2020-09-23,696.09,689.92,700.07,685.87,21480,46.2494,7.5156,0.16250156758790385
177,2020-09-24,683.06,672.77,686.56,670.09,14714,47.2743,7.6822,0.16250267058422865
178,2020-09-25,674.28,673.59,682.1,666.52,13889,48.9631,7.9566,0.1625019657660565
179,2020-09-28,681.48,665.01,683.74,662.06,17560,50.7747,8.251,0.16250219105184271
180,2020-09-29,665.36,678.73,694.03,665.36,19723,53.7122,8.7283,0.1625012566977335
181,2020-09-30,686.01,684.77,700.82,678.8,22215,53.2792,8.658,0.1625024399765762
182,2020-10-09,694.65,703.71,706.11,682.71,27232,52.4925,8.5301,0.16250130971091106
183,2020-10-12,711.18,759.89,763.04,704.87,42498,52.5213,8.5348,0.1625016897906183
184,2020-10-13,766.13,761.53,771.89,741.57,21646,53.0915,8.6275,0.16250247214714217
185,2020-10-14,762.63,771.55,781.98,752.41,27910,50.6953,8.2381,0.1625022437977485
186,2020-10-15,778.27,751.24,783.56,748.91,33068,51.7346,8.407,0.16250246450151348
187,2020-10-16,759.0,757.01,771.89,750.01,18006,51.7346,8.407,0.16250246450151348
188,2020-10-19,772.92,745.41,776.28,744.8,21354,54.0442,8.7823,0.16250217414634688
189,2020-10-20,748.91,739.17,752.21,731.76,18644,55.8847,9.0814,0.1625024380554964
190,2020-10-21,736.77,726.48,744.32,722.71,15132,54.4556,8.8492,0.16250302999140584
191,2020-10-22,724.08,710.91,725.79,699.31,21918,53.9143,8.7612,0.16250234167929475
192,2020-10-23,707.27,649.31,726.41,640.25,45746,53.3369,8.6674,0.16250288261972481
193,2020-10-26,632.43,622.69,635.72,597.99,42478,52.2326,8.4879,0.1625019623759874
194,2020-10-27,628.86,645.26,648.96,623.65,38252,51.0273,8.292,0.16250124933124035
195,2020-10-28,648.07,659.73,665.84,640.04,29779,49.1147,7.9812,0.16250124708081287
196,2020-10-29,658.91,681.62,695.06,649.44,35578,47.83,7.7725,0.16250261342253816
197,2020-10-30,628.86,629.0,648.07,613.91,84622,48.7755,7.9261,0.16250166579532757
198,2020-11-02,629.41,636.41,648.07,626.8,43128,48.7683,7.9249,0.16250105088756425
199,2020-11-03,642.93,637.92,648.0,624.27,45325,48.4796,7.878,0.16250134077013836
200,2020-11-04,637.99,639.84,643.75,621.45,28218,47.9527,7.7924,0.16250179864741715
201,2020-11-05,651.43,663.85,675.51,636.27,43238,47.6351,7.7408,0.16250202056886623
202,2020-11-06,663.99,660.56,670.09,649.44,25683,47.6351,7.7408,0.16250202056886623
203,2020-11-09,669.75,676.13,683.61,667.83,33513,47.6351,7.7408,0.16250202056886623
204,2020-11-10,669.95,704.32,706.38,662.34,42505,45.3255,7.3655,0.1625023441550562
205,2020-11-11,698.15,689.23,713.31,689.23,33419,50.3633,8.1841,0.16250126580267776
206,2020-11-12,699.59,698.49,710.57,691.15,16951,51.9728,8.4457,0.16250230890004003
207,2020-11-13,695.47,695.61,703.57,683.95,18273,51.7996,8.4175,0.1625012548359447
208,2020-11-16,690.88,708.44,712.14,689.57,15869,52.0522,8.4586,0.16250225734935317
209,2020-11-17,708.44,709.81,715.44,701.58,19029,52.1893,8.4809,0.1625026585909372
210,2020-11-18,718.73,678.32,718.73,674.14,23794,51.8285,8.4222,0.1625013264902515
211,2020-11-19,675.51,681.62,684.43,663.78,22721,51.1572,8.3132,0.16250302987653742
212,2020-11-20,685.25,715.92,718.59,680.04,28384,51.3593,8.346,0.16250221478875296
213,2020-11-23,714.13,715.3,725.93,708.23,18351,51.8718,8.4293,0.1625025543744385
214,2020-11-24,724.77,711.11,724.77,706.93,15300,50.652,8.2311,0.16250296138355838
215,2020-11-25,711.87,683.54,716.6,681.68,22997,50.8541,8.2639,0.16250213847064443
216,2020-11-26,685.87,705.56,721.34,685.87,37771,50.9985,8.2874,0.1625028187103542
217,2020-11-27,703.29,715.02,719.69,697.46,25120,52.0017,8.4504,0.16250237972989345
218,2020-11-30,712.49,714.61,731.15,692.8,34188,49.7787,8.0891,0.1625012304459538
219,2020-12-01,710.43,724.83,724.97,706.04,31562,51.0634,8.2979,0.1625019093910707
