,日期,开盘,收盘,最高,最低,成交量,pe,pb,roe
0,2020-04-29,12.6,12.6,12.6,12.6,1289,354.9733,31.6383,0.08912867531163612
1,2020-04-30,13.86,13.86,13.86,13.86,441,351.8801,31.3626,0.08912865490262166
2,2020-05-06,15.25,15.25,15.25,15.25,334,357.4645,31.8603,0.0891285708091293
3,2020-05-07,16.78,16.78,16.78,16.78,292,357.7552,31.8862,0.08912854376400399
4,2020-05-08,18.46,18.46,18.46,18.46,407,355.2017,31.6586,0.08912851486915743
5,2020-05-11,20.31,20.31,20.31,20.31,731,365.8308,32.606,0.08912863542380794
6,2020-05-12,22.34,22.34,22.34,22.34,701,373.8856,33.3239,0.08912859976420595
7,2020-05-13,24.57,24.57,24.57,24.57,1101,378.7227,33.755,0.08912853652553704
8,2020-05-14,27.03,27.03,27.03,27.03,637,380.3004,33.8956,0.08912848895241761
9,2020-05-15,29.73,29.73,29.73,29.73,1321,379.6568,33.8383,0.08912865514327677
10,2020-05-18,32.7,32.7,32.7,32.7,745,373.7818,33.3146,0.08912847013953061
11,2020-05-19,35.97,35.97,35.97,35.97,817,391.4485,34.8892,0.08912845495639912
12,2020-05-20,39.57,39.57,39.57,39.57,1217,391.5315,34.8966,0.08912846092843105
13,2020-05-21,43.53,43.53,43.53,43.53,717,393.8566,35.1039,0.08912863209604714
14,2020-05-22,47.88,47.88,47.88,47.88,2771,395.0607,35.2112,0.08912858201284005
15,2020-05-25,52.67,52.67,52.67,52.67,2128,412.0838,36.7284,0.0891284733833264
16,2020-05-26,57.94,57.94,57.94,57.94,1730,430.7677,38.3937,0.08912854886752188
17,2020-05-27,63.73,63.73,63.73,63.73,1855,403.9667,36.005,0.08912863362252384
18,2020-05-28,70.1,70.1,70.1,70.1,1601,410.0078,36.5434,0.08912854828615456
19,2020-05-29,77.11,77.11,77.11,77.11,2786,404.8178,36.0808,0.0891284918795567
20,2020-06-01,84.82,84.82,84.82,84.82,1132,404.8178,36.0808,0.0891284918795567
21,2020-06-02,93.3,93.3,93.3,93.3,3225,395.4759,35.2482,0.08912856636776095
22,2020-06-03,102.63,102.63,102.63,102.63,2685,399.6279,35.6183,0.0891286619377676
23,2020-06-04,112.89,112.89,112.89,112.89,2947,405.15,36.1104,0.08912847093669012
24,2020-06-05,124.18,124.18,124.18,124.18,40698,397.3443,35.4147,0.08912849636952136
25,2020-06-08,136.6,136.6,136.6,136.6,14507,361.2221,35.5792,0.09849674203211818
26,2020-06-09,144.02,145.0,150.13,130.5,358313,361.7411,35.6303,0.09849668727164261
27,2020-06-10,136.0,133.06,137.6,131.5,161980,358.461,35.3072,0.0984966286430044
28,2020-06-11,137.5,139.7,143.6,135.7,149055,375.7747,37.0126,0.0984967854408506
29,2020-06-12,141.3,153.67,153.67,140.13,90445,386.9436,38.1127,0.09849678351056845
30,2020-06-15,163.0,169.04,169.04,155.01,137676,379.8644,37.4154,0.0984967267266951
31,2020-06-16,162.0,162.85,165.56,155.0,111059,377.0411,37.1373,0.09849668908774138
32,2020-06-17,163.8,164.95,170.0,159.21,91118,395.642,38.9694,0.09849662068233403
33,2020-06-18,161.54,158.3,162.98,153.88,74345,393.6075,38.769,0.09849659876907832
34,2020-06-19,157.66,159.59,161.48,156.25,61210,399.0051,39.3007,0.09849673600663249
35,2020-06-22,158.0,158.3,159.5,153.2,53584,416.817,41.0551,0.09849670238977777
36,2020-06-23,157.77,150.39,157.95,147.66,72358,412.8727,40.6666,0.09849670370552473
37,2020-06-24,150.88,154.29,159.44,150.88,52765,397.718,39.1739,0.09849667352244555
38,2020-06-29,156.88,166.65,168.8,152.0,70891,383.2275,37.7466,0.09849658492670803
39,2020-06-30,166.89,165.0,175.0,162.0,66755,384.4109,37.8632,0.09849668674847668
40,2020-07-01,166.61,169.06,172.33,164.9,55742,372.64,36.7038,0.09849667239158438
41,2020-07-02,169.0,165.14,169.5,162.5,49793,390.7011,38.4828,0.09849677925145334
42,2020-07-03,163.5,160.1,164.0,156.0,40656,394.5417,38.8611,0.09849681288441754
43,2020-07-06,159.45,164.79,166.8,156.99,50556,417.2945,41.1021,0.09849662528502053
44,2020-07-07,160.86,171.5,176.33,160.86,61890,385.3035,37.9511,0.09849663966198074
45,2020-07-08,172.0,173.0,174.95,166.88,45657,374.3631,36.8735,0.09849661999272899
46,2020-07-09,170.96,190.3,190.3,170.09,68826,382.7293,37.6976,0.0984967704327837
47,2020-07-10,188.4,202.0,204.83,187.25,61385,379.906,37.4195,0.09849673340247324
48,2020-07-13,208.12,222.2,222.2,201.0,40857,370.6678,36.5096,0.09849682114281305
49,2020-07-14,232.0,233.13,239.0,222.2,65681,380.3212,37.4604,0.09849674433084457
50,2020-07-15,223.88,216.12,239.99,215.0,64303,374.3423,36.8715,0.09849675016689269
51,2020-07-16,211.89,200.0,213.95,197.0,60137,371.2283,36.5648,0.09849680102513736
52,2020-07-17,202.46,220.0,220.0,195.57,59203,363.0074,35.755,0.0984966146695632
53,2020-07-20,217.99,201.02,223.2,198.0,63766,367.1594,36.164,0.09849672921352416
54,2020-07-21,196.98,209.79,215.56,188.93,50568,407.9526,40.182,0.09849673712093023
55,2020-07-22,205.93,216.3,221.1,202.02,38785,409.2189,40.3067,0.09849667256326626
56,2020-07-23,211.89,229.25,234.66,211.0,48232,443.971,43.7297,0.09849674866151167
57,2020-07-24,226.0,210.0,238.99,209.5,52549,441.1684,43.4536,0.098496628498324
58,2020-07-27,211.0,222.59,223.33,205.8,39515,441.9573,43.5313,0.09849661946979947
59,2020-07-28,221.88,214.99,221.95,205.5,45873,458.3991,45.1508,0.098496702982183
60,2020-07-29,210.06,221.0,226.49,210.05,40918,451.5899,44.4801,0.09849666699808832
61,2020-07-30,233.0,243.1,243.1,232.58,37139,452.8562,44.6048,0.09849660885729289
62,2020-07-31,254.0,262.71,267.41,235.0,71300,411.6894,40.55,0.09849658504688243
63,2020-08-03,256.0,288.61,288.68,255.03,54492,411.6478,40.546,0.09849682179766295
64,2020-08-04,285.61,260.31,296.8,259.75,67813,425.7438,41.9344,0.09849679549062135
65,2020-08-05,252.5,261.3,268.6,245.5,34618,427.716,42.1286,0.09849666601202667
66,2020-08-06,265.0,255.0,265.0,238.88,43790,439.1755,43.2573,0.09849661467909754
67,2020-08-07,251.0,265.3,271.86,248.0,43344,434.9197,46.6535,0.10726922694005354
68,2020-08-10,268.5,255.6,268.5,239.6,34226,425.7853,45.6736,0.10726908608634446
69,2020-08-11,251.0,249.7,258.44,248.5,19965,453.7074,48.6688,0.10726913424819608
70,2020-08-12,247.02,228.6,253.4,224.8,36413,452.358,48.5241,0.1072692425026196
71,2020-08-13,228.6,215.0,232.0,208.2,38537,431.7642,46.315,0.10726919925274025
72,2020-08-14,213.0,207.98,217.46,203.98,28793,446.3376,47.8783,0.10726925089887117
73,2020-08-17,209.0,217.9,222.0,207.5,22255,474.5711,50.9069,0.10726927956632842
74,2020-08-18,217.49,218.55,225.29,215.13,18886,518.3744,55.6056,0.10726918613264852
75,2020-08-19,218.9,205.1,218.9,203.33,23066,530.6228,56.9195,0.10726923155205544
76,2020-08-20,202.0,209.5,210.48,202.0,15330,550.7599,59.0796,0.10726924745247429
77,2020-08-21,214.3,211.55,218.03,210.0,18074,529.3772,56.7859,0.10726925904629062
78,2020-08-24,212.9,206.03,215.49,202.0,24086,542.4559,58.1888,0.1072691807758013
79,2020-08-25,206.44,205.08,211.0,203.14,14543,540.4007,57.9683,0.10726910605408171
80,2020-08-26,205.17,198.29,210.15,198.09,19683,599.1512,64.2705,0.10726925023266247
81,2020-08-27,196.57,198.31,200.98,191.57,15307,545.383,58.5028,0.10726920347718942
82,2020-08-28,200.2,218.14,218.14,200.05,28499,504.6729,54.1359,0.10726928273739286
83,2020-08-31,221.0,217.53,225.0,213.8,22264,458.7935,49.2144,0.10726917447609872
84,2020-09-01,217.54,220.81,225.5,216.53,15012,446.3169,47.8761,0.10726929677097148
85,2020-09-02,219.8,212.89,220.0,209.81,18802,462.0944,49.5685,0.10726920733079648
86,2020-09-03,210.99,212.51,216.5,205.89,14057,435.9577,46.7648,0.10726912266947
87,2020-09-04,209.16,213.86,220.0,207.6,16718,475.9205,51.0516,0.1072691762594803
88,2020-09-07,214.0,197.12,214.79,196.0,24301,449.0364,48.1678,0.10726925478647165
89,2020-09-08,200.0,196.51,203.99,193.88,13028,435.5217,46.7181,0.10726928187504778
90,2020-09-09,192.0,176.86,192.0,176.86,22462,417.3153,44.7651,0.10726925181032183
91,2020-09-10,177.02,174.86,179.78,166.0,20605,456.7176,48.9917,0.10726913085898157
92,2020-09-11,173.0,178.82,180.69,173.0,12628,415.1978,44.5379,0.10726911366100689
93,2020-09-14,180.05,180.32,186.31,177.72,15464,448.6627,48.1277,0.10726922474277448
94,2020-09-15,178.8,183.2,184.85,177.58,10410,483.9753,51.9156,0.107269110634365
95,2020-09-16,182.17,178.55,185.6,176.0,10790,461.2847,49.4816,0.10726911167875285
96,2020-09-17,176.86,183.0,184.78,175.0,12592,419.3498,44.9833,0.1072691581109613
97,2020-09-18,183.2,184.36,187.88,183.0,14820,395.0607,42.3778,0.10726908548483816
98,2020-09-21,184.38,180.33,185.5,177.99,9789,359.1461,38.5253,0.10726915870727818
99,2020-09-22,179.0,185.6,193.88,179.0,24244,356.0321,38.1913,0.10726926027175639
100,2020-09-23,185.8,201.01,203.96,184.51,25536,342.1022,36.697,0.10726911431730052
101,2020-09-24,197.0,190.05,198.9,189.6,17451,332.3658,35.6526,0.10726915946225515
102,2020-09-25,190.97,188.2,193.91,185.88,10451,342.8288,36.775,0.10726928426083222
103,2020-09-28,191.0,179.5,191.0,176.0,11234,350.9667,37.6479,0.10726915117588079
104,2020-09-29,179.82,185.17,185.29,174.0,12501,342.5382,36.7438,0.10726920384354212
105,2020-09-30,185.17,184.6,187.0,182.29,8519,345.9635,37.1112,0.1072691194302289
106,2020-10-09,187.34,191.58,192.4,183.82,11169,320.3043,34.3588,0.10726924365361315
107,2020-10-12,192.4,198.88,201.85,191.1,17612,312.208,33.4903,0.10726919233331624
108,2020-10-13,201.8,200.78,205.98,197.12,13923,328.629,35.2518,0.1072692915110961
109,2020-10-14,199.32,192.2,203.68,190.21,15718,331.3071,35.539,0.10726905641321904
110,2020-10-15,192.07,189.6,194.87,188.08,7242,328.629,35.2518,0.1072692915110961
111,2020-10-16,190.0,190.58,193.8,186.68,7333,342.4344,36.7327,0.10726930471938567
112,2020-10-19,190.0,181.62,190.99,180.02,12376,338.0748,36.265,0.1072691605526351
113,2020-10-20,180.0,182.98,184.47,178.2,7356,350.9252,37.6435,0.10726929841459092
114,2020-10-21,184.06,186.39,189.99,183.52,9272,319.0172,34.2207,0.10726913783958984
115,2020-10-22,184.8,181.01,184.8,178.95,7936,290.0156,31.1097,0.10726905725071341
116,2020-10-23,181.01,172.67,182.0,168.88,13909,276.2311,29.6311,0.10726923941583695
117,2020-10-26,170.03,174.25,175.3,168.09,6505,301.0184,32.29,0.10726919018903829
118,2020-10-27,174.0,174.0,175.2,171.03,7271,283.5801,30.4194,0.10726916310418114
119,2020-10-28,180.0,191.4,191.4,180.0,21452,257.7963,27.6536,0.1072691888906086
120,2020-10-29,192.1,195.16,201.0,190.01,23005,234.3584,25.1394,0.10726903750836325
121,2020-10-30,195.16,192.5,195.83,188.69,14468,213.0587,22.8546,0.10726902961484325
122,2020-11-02,192.96,190.5,195.02,184.91,9579,193.6898,20.7769,0.10726894240171657
123,2020-11-03,193.9,195.0,195.0,188.0,9866,176.0854,18.8885,0.1072689728961061
124,2020-11-04,195.0,195.0,199.0,190.61,11186,160.0795,17.1716,0.10726920061594397
125,2020-11-05,197.2,197.5,199.5,192.0,14213,145.5268,15.6105,0.10726890167309389
126,2020-11-06,197.0,194.59,197.0,191.0,7303,132.3028,14.192,0.10726908274050134
127,2020-11-09,193.94,207.5,208.25,191.98,20492,120.2828,12.9026,0.10726886969708055
128,2020-11-10,207.65,198.5,217.9,198.0,20294,109.3423,11.7291,0.10726955624675905
129,2020-11-11,196.57,190.3,196.57,185.33,15551,99.3983,10.6624,0.10726944022181466
130,2020-11-12,190.0,189.72,193.58,188.5,5506,90.3678,9.6937,0.1072694034822138
131,2020-11-13,188.01,188.6,191.8,186.37,4870,82.1469,8.8118,0.10726880746564994
132,2020-11-16,191.0,188.56,191.0,186.52,4348,74.6733,8.0101,0.1072685953346109
133,2020-11-17,187.5,180.05,188.56,177.6,10390,67.8848,7.282,0.10726996323182804
134,2020-11-18,180.07,182.88,183.99,180.07,5011,61.7191,6.6206,0.10726987269743078
135,2020-11-19,182.02,183.19,184.0,178.0,4607,56.114,6.0193,0.10726913069822148
136,2020-11-20,181.55,182.43,185.45,180.88,4390,51.007,5.4715,0.10726959044836983
137,2020-11-23,184.59,180.1,185.0,179.8,8245,46.3776,4.9749,0.10726945766921962
138,2020-11-24,178.0,176.22,178.77,176.1,8497,42.1633,4.5228,0.10726864358340074
139,2020-11-25,176.22,171.1,178.45,170.0,12875,38.3228,4.1109,0.10727034559061446
140,2020-11-26,171.1,172.33,175.02,170.11,5410,34.8351,3.7367,0.10726824381155789
141,2020-11-27,172.0,172.19,174.8,169.97,4055,31.6588,3.396,0.10726875307971244
142,2020-11-30,170.01,169.5,172.36,168.8,12705,28.7732,3.0865,0.10726995954568835
143,2020-12-01,169.81,170.99,173.0,169.0,9029,26.1575,2.8059,0.10726942559495364
