,日期,开盘,收盘,最高,最低,成交量,pe,pb,roe
0,2020-01-03,83.33,83.48,83.93,82.23,66958,42.0289,7.6554,0.18214609471102028
1,2020-01-06,82.8,84.23,85.05,82.25,80117,41.8311,7.6194,0.18214677596333828
2,2020-01-07,84.65,84.28,84.68,83.48,42782,43.4744,7.9187,0.1821462745891835
3,2020-01-08,84.38,85.15,86.73,83.4,103565,43.4572,7.9155,0.18214473090765165
4,2020-01-09,85.15,88.75,90.15,85.15,105966,43.1818,7.8654,0.18214618195628712
5,2020-01-10,89.35,90.25,92.25,88.48,124558,44.6187,8.1271,0.18214560262849436
6,2020-01-13,90.2,92.25,93.45,89.73,101510,45.0488,8.2055,0.18214691623306284
7,2020-01-14,91.73,90.23,91.85,89.73,73877,44.8165,8.1631,0.18214496892885434
8,2020-01-15,90.45,90.28,92.75,89.3,74954,43.612,7.9437,0.1821448225259103
9,2020-01-16,91.6,90.23,91.65,89.1,66578,43.7325,7.9657,0.1821460012576459
10,2020-01-17,91.48,89.23,91.48,88.98,42318,44.9886,8.1945,0.18214614368973472
11,2020-01-20,89.23,88.75,89.35,87.15,92323,45.35,8.2603,0.18214553472987874
12,2020-01-21,88.05,85.5,88.68,85.33,89950,43.9132,7.9986,0.18214568740151024
13,2020-01-22,84.48,84.65,85.4,83.33,69218,48.7828,8.8856,0.18214616627171873
14,2020-01-23,84.7,79.88,85.93,79.18,111679,46.3222,8.4374,0.1821459257116458
15,2020-02-03,72.15,72.15,72.73,72.15,70990,46.804,8.5251,0.1821446884881634
16,2020-02-04,70.23,70.88,71.98,67.73,275198,42.614,7.762,0.18214671234805463
17,2020-02-05,71.1,70.83,71.95,69.75,208180,41.8741,7.6272,0.18214600433203343
18,2020-02-06,71.53,71.65,71.85,69.48,140492,43.4227,7.9093,0.1821466652234891
19,2020-02-07,71.9,74.18,74.45,70.65,135997,42.3129,7.7071,0.18214539773922372
20,2020-02-10,73.23,75.6,76.8,72.23,111421,43.5174,7.9265,0.18214553259156108
21,2020-02-11,75.3,77.15,78.35,74.73,106015,43.5862,7.939,0.18214480730139357
22,2020-02-12,76.48,77.5,78.1,76.48,87355,44.6101,8.435,0.18908274135229466
23,2020-02-13,76.98,78.65,79.83,76.98,81921,45.8662,8.6725,0.1890825924100972
24,2020-02-14,78.73,78.6,80.23,77.73,60832,44.5584,8.4252,0.18908219325649037
25,2020-02-17,78.2,78.4,78.6,76.95,113535,43.5002,8.2251,0.18908188927866998
26,2020-02-18,77.98,76.95,78.2,76.63,108724,41.9687,7.9356,0.1890837695711328
27,2020-02-19,76.88,77.45,78.35,75.8,114513,42.8463,8.1015,0.18908283795800337
28,2020-02-20,77.63,82.65,82.78,77.63,209291,45.3758,8.5798,0.1890831676796883
29,2020-02-21,82.43,84.85,85.33,80.9,133052,44.7047,8.4529,0.18908302706426838
30,2020-02-24,84.0,82.08,84.23,80.95,181982,42.7603,8.0852,0.18908192879844155
31,2020-02-25,80.13,82.48,83.45,78.98,126766,40.5233,7.6623,0.1890838110420425
32,2020-02-26,81.73,81.7,84.48,80.93,94009,42.0203,7.9453,0.18908241968762718
33,2020-02-27,81.23,82.15,83.2,81.23,75106,42.3817,8.0137,0.18908396784461218
34,2020-02-28,79.98,76.48,80.58,76.35,149490,41.5988,7.8656,0.18908237737627048
35,2020-03-02,77.23,78.2,78.48,76.85,103452,41.7708,7.8981,0.1890818466488552
36,2020-03-03,79.18,78.48,80.18,77.98,98887,41.0998,7.7713,0.18908364517588894
37,2020-03-04,78.0,79.43,80.68,77.35,73433,38.4326,7.2669,0.1890816650447797
38,2020-03-05,79.95,84.1,85.2,79.8,179743,38.2175,7.2263,0.18908353502976386
39,2020-03-06,83.3,83.48,87.08,82.98,167225,38.2519,7.2328,0.18908341807857912
40,2020-03-09,81.85,79.73,82.08,79.28,95285,37.2281,7.0392,0.18908297764323187
41,2020-03-10,78.78,83.68,84.2,78.78,108921,37.512,7.0929,0.1890834932821497
42,2020-03-11,83.55,83.75,86.48,82.9,132972,37.426,7.0766,0.18908245604659862
43,2020-03-12,82.6,82.08,83.48,81.05,88328,38.5273,7.2848,0.18908150843687463
44,2020-03-13,78.23,80.05,81.1,78.1,90051,38.2347,7.2295,0.18908216881523854
45,2020-03-16,80.7,76.78,81.8,76.6,83295,39.2586,7.4231,0.18908213741702454
46,2020-03-17,76.73,76.45,78.48,73.3,113998,40.3512,7.6297,0.18908235690636213
47,2020-03-18,76.98,73.73,78.38,73.4,104012,39.8264,7.5305,0.18908312074402908
48,2020-03-19,72.33,68.43,72.7,66.63,240490,40.7814,7.7111,0.1890837489639885
49,2020-03-20,69.05,69.98,70.48,68.35,123134,41.7106,7.8868,0.18908383000963785
50,2020-03-23,67.23,65.23,68.23,64.73,148684,41.6504,7.8754,0.1890834181664522
51,2020-03-24,66.53,68.8,69.1,65.55,170958,42.2612,7.9909,0.18908360387305612
52,2020-03-25,70.5,72.03,72.88,69.88,134490,41.5041,7.8477,0.1890825243771097
53,2020-03-26,71.48,71.95,74.43,70.9,101297,41.1686,7.7843,0.1890834276608872
54,2020-03-27,72.98,73.95,74.9,72.98,97395,42.5624,8.0478,0.18908238257241136
55,2020-03-30,72.73,72.88,74.73,71.95,50955,42.8549,8.1031,0.18908222863663196
56,2020-03-31,73.8,73.1,74.7,72.65,63748,43.7067,8.2642,0.18908313828314655
57,2020-04-01,73.0,72.13,74.0,71.65,66201,45.5134,8.6058,0.1890827756221245
58,2020-04-02,71.53,72.2,72.73,71.3,99083,45.3586,8.5765,0.1890821145273443
59,2020-04-03,71.6,70.88,72.88,70.53,56087,46.1243,8.7213,0.18908254434213634
60,2020-04-07,72.08,72.98,73.65,72.08,94382,46.8728,8.8628,0.18908194091242683
61,2020-04-08,72.73,73.38,74.0,72.38,61882,46.2275,8.7408,0.1890822562327619
62,2020-04-09,73.65,74.93,75.53,73.65,74671,43.3539,8.1975,0.18908333506328148
63,2020-04-10,74.53,76.1,78.23,74.43,93375,43.3281,8.1926,0.18908283538858156
64,2020-04-13,74.08,75.53,76.88,73.73,71397,42.8033,8.0934,0.18908355196912388
65,2020-04-14,75.53,76.15,76.75,74.33,75829,41.3148,7.8119,0.18908236273684007
66,2020-04-15,76.15,76.03,77.23,75.0,70990,40.4201,7.6427,0.18908166976331084
67,2020-04-16,76.13,73.18,76.18,72.73,128552,40.4631,7.6509,0.18908338708601172
68,2020-04-17,73.63,74.53,76.25,73.23,113764,40.5921,7.6753,0.18908359015670537
69,2020-04-20,74.63,76.63,76.93,74.53,95823,40.9535,7.7436,0.18908274018093693
70,2020-04-21,76.6,74.4,76.98,73.63,80489,41.6676,7.8786,0.18908216455951385
71,2020-04-22,74.25,75.65,76.05,73.33,87804,42.2526,7.9892,0.18908185531777927
72,2020-04-23,75.73,74.65,76.78,74.43,81013,39.5683,7.4817,0.18908318022255188
73,2020-04-24,81.83,81.85,81.85,78.93,333721,37.3658,7.0652,0.18908199476526663
74,2020-04-27,81.4,83.55,84.6,80.5,182666,38.424,7.2653,0.18908234436810326
75,2020-04-28,83.73,85.43,86.93,81.5,174184,37.3399,7.0603,0.1890819204122132
76,2020-04-29,84.23,83.45,85.48,82.73,127720,36.4624,7.3107,0.2004996928342621
77,2020-04-30,84.08,84.23,84.28,81.33,76481,36.6947,7.3573,0.20050034473643336
78,2020-05-06,83.18,84.55,85.23,82.6,98646,37.6239,7.5436,0.20050021395974366
79,2020-05-07,84.1,84.53,86.48,82.95,110051,37.7701,7.573,0.2005025138932648
80,2020-05-08,85.1,88.23,91.23,84.1,148103,38.2605,7.6713,0.20050182302897243
81,2020-05-11,89.4,91.23,92.88,88.8,127628,37.4002,7.4988,0.2005016015957134
82,2020-05-12,90.4,91.38,92.35,90.0,68772,37.8218,7.5833,0.20050076939754322
83,2020-05-13,91.38,93.73,95.35,90.55,112006,38.0282,7.6247,0.20050120699901652
84,2020-05-14,93.13,92.6,94.35,92.18,73801,37.2539,7.4694,0.200499813442351
85,2020-05-15,93.7,92.38,93.88,90.13,88712,36.0924,7.2366,0.20050204475180372
86,2020-05-18,91.65,95.58,97.33,91.65,132542,36.0494,7.2279,0.2004998696233502
87,2020-05-19,96.8,96.5,96.98,95.25,54829,38.2003,7.6592,0.20050104318552472
88,2020-05-20,95.8,95.18,96.45,94.2,85448,38.5273,7.7248,0.2005019817116694
89,2020-05-21,95.28,96.18,97.73,94.23,64655,38.794,7.7782,0.20050007733154612
90,2020-05-22,96.35,92.88,96.35,91.75,101892,38.1143,7.642,0.20050217372482246
91,2020-05-25,93.28,92.85,93.95,91.35,89287,39.4048,7.9007,0.20050095419847327
92,2020-05-26,93.25,94.93,96.35,91.83,72760,38.6735,7.7541,0.20050163548683209
93,2020-05-27,94.9,92.23,94.93,91.48,69882,42.7689,8.5752,0.20050083121146442
94,2020-05-28,92.28,93.4,95.43,91.75,61117,42.2096,8.4631,0.2005017815852318
95,2020-05-29,93.03,94.38,94.93,92.55,52473,41.289,8.2785,0.20050134418368085
96,2020-06-01,95.23,96.9,99.2,94.83,111381,39.2844,7.8766,0.20050198042989076
97,2020-06-02,96.98,95.08,98.23,94.48,78224,38.011,7.6213,0.20050248612243823
98,2020-06-03,95.48,94.1,96.1,92.98,76048,37.3141,7.4815,0.2005006150490029
99,2020-06-04,93.98,95.83,96.35,93.23,56258,37.0818,7.4349,0.2004999757293335
100,2020-06-05,96.13,97.28,99.05,93.98,77365,35.5332,7.1244,0.20049981425821484
101,2020-06-08,98.63,98.63,101.48,97.35,79619,35.8171,7.1814,0.20050199485720505
102,2020-06-09,98.1,99.63,100.58,97.85,52789,36.4452,7.3073,0.20050102619823734
103,2020-06-10,99.65,100.93,101.23,98.68,63803,36.6947,7.3573,0.20050034473643336
104,2020-06-11,100.43,97.6,101.88,96.48,117445,34.234,6.864,0.2005024244902728
105,2020-06-12,95.23,96.25,100.6,93.5,154415,33.6404,6.7449,0.20049999405476748
106,2020-06-15,98.63,95.33,99.08,94.48,112076,32.7026,6.5569,0.20050087760606192
107,2020-06-16,96.23,97.1,97.98,95.88,64290,33.1155,6.2011,0.18725672268273166
108,2020-06-17,97.25,95.23,97.88,94.48,76816,31.6959,5.9353,0.18725765793052096
109,2020-06-18,95.25,94.48,95.93,93.88,57248,32.0831,6.0078,0.18725746576858218
110,2020-06-19,95.23,95.95,97.33,94.48,90344,31.5755,5.9127,0.18725594210701335
111,2020-06-22,96.73,94.83,97.03,93.35,74810,31.8336,5.9611,0.18725811720948934
112,2020-06-23,94.95,98.95,99.73,94.48,130354,32.4789,6.0819,0.18725695759400718
113,2020-06-24,99.2,98.78,101.18,98.48,116835,31.868,5.9675,0.18725680933852143
114,2020-06-29,99.18,101.5,102.2,98.75,93484,32.1863,6.0271,0.18725668995814987
115,2020-06-30,101.8,103.23,103.7,100.88,92083,32.6509,6.1141,0.18725670655326498
116,2020-07-01,103.7,110.38,111.98,102.88,115169,33.7952,6.3284,0.18725736199223558
117,2020-07-02,108.75,109.65,113.2,107.28,182458,33.3478,6.2446,0.18725673057892875
118,2020-07-03,109.65,107.83,109.7,103.38,134238,33.0037,6.1802,0.18725779230813513
119,2020-07-06,106.5,107.0,109.6,103.83,185766,32.5391,6.0932,0.18725779139558257
120,2020-07-07,106.75,111.5,112.5,106.25,141053,32.0401,5.9997,0.18725596986276571
121,2020-07-08,110.78,112.18,113.65,109.4,101856,31.4464,5.8886,0.18725831891726877
122,2020-07-09,111.5,114.2,114.2,110.93,89148,31.782,5.9514,0.18725693788937134
123,2020-07-10,113.98,117.9,119.5,112.18,90211,32.41,6.069,0.18725701943844494
124,2020-07-13,117.43,123.73,127.95,116.38,116592,31.5411,5.9063,0.18725726116083458
125,2020-07-14,122.0,126.4,127.5,121.5,109975,31.2055,5.8435,0.18725865632660907
126,2020-07-15,125.73,128.03,130.08,125.03,117118,30.8012,5.7677,0.18725569133670114
127,2020-07-16,125.95,116.13,125.95,115.6,141523,31.7304,5.9417,0.18725575473363085
128,2020-07-17,113.0,118.25,120.7,112.5,144989,31.0162,5.808,0.18725698183529896
129,2020-07-20,117.73,114.5,118.5,107.68,137393,31.0249,5.8096,0.1872560427269709
130,2020-07-21,114.78,116.48,119.85,114.0,133232,32.1605,6.0223,0.18725766079507472
131,2020-07-22,115.0,115.7,119.0,113.18,120830,31.8164,5.9578,0.18725562917237648
132,2020-07-23,115.68,114.75,117.43,112.38,100444,32.2724,6.0432,0.18725598344095884
133,2020-07-24,114.13,108.5,114.13,106.6,106321,31.954,5.9836,0.18725668147962696
134,2020-07-27,108.63,108.63,110.98,107.48,123489,30.8528,5.7774,0.1872569102318104
135,2020-07-28,110.13,112.0,114.95,109.0,109488,30.9302,5.7919,0.1872571144059851
136,2020-07-29,113.45,114.25,114.53,109.75,78507,31.3174,5.8644,0.18725692426574364
137,2020-07-30,115.13,113.65,116.88,112.88,86450,30.5086,5.713,0.18725867460322662
138,2020-07-31,113.65,112.43,115.15,110.85,71113,30.457,5.7033,0.18725744492234953
139,2020-08-03,113.4,114.93,115.25,112.28,89628,29.4246,5.51,0.18725828048639573
140,2020-08-04,116.03,113.5,116.23,112.15,80325,28.1512,5.2715,0.18725667111881553
141,2020-08-05,113.3,113.08,114.38,111.78,59321,28.1598,5.2731,0.18725630153623252
142,2020-08-06,112.25,110.38,113.2,109.08,72742,28.048,5.2522,0.18725755847119227
143,2020-08-07,111.7,109.7,112.3,103.75,91847,27.7813,5.2022,0.18725545600817817
144,2020-08-10,110.55,112.25,112.88,108.0,108926,36.0637,5.9501,0.16498861736316575
145,2020-08-11,113.4,115.4,118.15,111.5,170357,35.246,5.8152,0.16498893491460023
146,2020-08-12,114.2,112.33,115.38,109.2,117777,34.5047,5.6929,0.16498911742458275
147,2020-08-13,112.35,118.73,121.25,112.35,208812,31.3649,5.1748,0.1649869758870585
148,2020-08-14,118.83,126.53,127.5,118.13,142550,31.801,5.2468,0.16498852237351028
149,2020-08-17,125.88,124.83,132.0,123.75,183197,31.2559,5.1569,0.16498964995408869
150,2020-08-18,124.8,122.75,125.1,121.63,144524,32.2262,5.3169,0.16498687403417098
151,2020-08-19,121.28,121.7,124.7,119.78,156173,31.3104,5.1658,0.16498671367979967
152,2020-08-20,120.75,121.33,124.13,117.55,134302,30.7217,5.0687,0.16498761461768066
153,2020-08-21,121.4,121.2,123.25,120.0,119515,31.9645,5.2738,0.16498928498803359
154,2020-08-24,121.58,123.8,125.33,121.25,90984,32.0191,5.2828,0.16498902217738787
155,2020-08-25,123.78,128.13,131.25,123.13,148539,31.7465,5.2378,0.16498826642307027
156,2020-08-26,127.35,129.65,133.4,126.0,123122,31.9972,5.2792,0.1649894365757004
157,2020-08-27,128.75,129.73,130.25,126.25,67036,31.4849,5.1946,0.16498702552652225
158,2020-08-28,129.5,138.08,140.75,128.55,124624,30.8089,5.0831,0.16498803917049942
159,2020-08-31,137.5,139.95,146.0,136.38,117047,30.6345,5.0543,0.16498718764791329
160,2020-09-01,139.88,137.78,141.75,134.93,108351,29.7187,4.9032,0.16498702836934323
161,2020-09-02,139.43,135.55,140.45,135.0,92483,30.2965,4.9986,0.16498935520604688
162,2020-09-03,135.48,136.0,139.48,133.03,100368,30.2638,4.9932,0.16498919501186235
163,2020-09-04,132.13,130.75,132.65,127.4,124025,30.689,5.0633,0.16498745478836066
164,2020-09-07,131.28,128.28,133.13,127.75,73882,30.5909,5.0471,0.16498697325021494
165,2020-09-08,128.28,127.43,130.03,123.88,84256,31.0597,5.1245,0.16498871528057257
166,2020-09-09,126.73,123.38,127.38,122.45,91534,30.1875,4.9806,0.1649888198757764
167,2020-09-10,124.48,124.35,129.88,123.75,100000,30.2202,4.986,0.1649889808803383
168,2020-09-11,123.75,126.55,127.43,122.78,82888,28.8139,4.7539,0.16498634339676335
169,2020-09-14,127.45,124.78,127.78,122.65,107473,27.2549,4.4967,0.1649868464019314
170,2020-09-15,124.0,124.95,125.9,123.2,85776,29.3263,4.8385,0.16498842336060124
171,2020-09-16,124.68,122.25,126.8,121.23,79305,28.6503,4.727,0.16498954635728072
172,2020-09-17,121.33,119.48,122.0,117.5,127005,30.9616,5.1083,0.1649882435016278
173,2020-09-18,120.13,121.0,121.05,117.33,80201,32.1499,5.3043,0.16498651628776448
174,2020-09-21,121.25,117.83,121.48,117.63,68289,32.2916,5.3277,0.1649871793283702
175,2020-09-22,117.13,114.85,118.4,114.45,89257,33.7198,5.5634,0.16498911618692874
176,2020-09-23,114.0,115.7,116.73,111.65,92773,34.6028,5.7091,0.16498953841885627
177,2020-09-24,115.33,112.5,116.63,112.0,72876,35.3332,5.8296,0.16498930184642208
178,2020-09-25,113.38,112.75,114.85,112.5,57356,35.3005,5.8242,0.16498916445942693
179,2020-09-28,113.8,111.93,115.2,111.55,72850,33.578,5.54,0.1649889808803383
180,2020-09-29,112.75,114.9,115.43,111.5,70362,35.2133,5.8098,0.16498879684664602
181,2020-09-30,113.75,114.8,116.88,113.33,96849,35.4859,5.8547,0.16498665667208667
182,2020-10-09,116.65,115.43,118.75,113.88,79495,33.4472,5.5184,0.1649883996268746
183,2020-10-12,115.45,123.18,123.18,115.45,130652,33.0329,5.45,0.16498702808412222
184,2020-10-13,122.83,125.13,130.85,120.75,130365,32.913,5.4303,0.1649895178197065
185,2020-10-14,126.45,124.63,128.0,123.38,84530,32.1608,5.3061,0.1649865674983209
186,2020-10-15,124.88,126.9,127.75,124.53,77770,34.6355,5.7144,0.16498679100922464
187,2020-10-16,128.08,125.85,131.28,124.78,98654,34.4393,5.6821,0.16498883542929152
188,2020-10-19,125.3,121.5,126.75,121.18,110024,34.7772,5.7378,0.16498740554156172
189,2020-10-20,121.98,128.0,129.18,121.28,126293,34.6028,5.7091,0.16498953841885627
190,2020-10-21,128.83,133.65,133.75,128.25,149502,35.8129,5.9087,0.16498803503765402
191,2020-10-22,133.65,135.6,137.5,132.08,143638,34.8536,5.7504,0.1649872610002984
192,2020-10-23,135.15,128.25,135.2,128.25,104076,32.586,5.3763,0.16498803167004233
193,2020-10-26,128.03,125.7,128.23,121.6,83542,32.3679,5.3403,0.1649875339456684
194,2020-10-27,125.3,130.15,131.2,124.55,83798,33.0002,5.4446,0.16498687886740082
195,2020-10-28,130.15,133.23,135.0,129.25,102953,33.0874,5.459,0.16498727612323721
196,2020-10-29,131.25,137.03,141.23,130.45,147357,33.1092,5.4626,0.16498737511024125
197,2020-10-30,137.48,133.38,138.73,132.53,123163,32.6078,5.3799,0.16498813167401666
198,2020-11-02,129.53,130.4,133.43,127.8,165675,32.4551,5.3547,0.16498793718090532
199,2020-11-03,131.1,130.2,135.43,128.35,152258,31.7792,5.2432,0.1649884200986809
200,2020-11-04,130.0,126.7,130.75,124.48,176057,31.1578,5.1407,0.1649891840887354
201,2020-11-05,127.0,129.93,131.73,125.25,208383,30.0567,4.959,0.16498817235425045
202,2020-11-06,128.83,125.43,129.08,124.43,151682,29.6969,4.8996,0.16498691782643982
203,2020-11-09,125.4,127.58,127.63,124.75,153728,29.7187,4.9032,0.16498702836934323
204,2020-11-10,128.28,139.75,139.95,126.53,345284,30.2747,4.995,0.1649892484483744
205,2020-11-11,136.03,138.35,144.18,135.7,306361,33.6434,5.5508,0.16498926981220685
206,2020-11-12,136.73,145.5,145.63,134.7,287080,35.7257,5.8943,0.16498766994068695
207,2020-11-13,141.3,131.35,141.5,131.33,244427,36.0964,5.9555,0.16498875234095364
208,2020-11-16,129.53,135.53,136.13,129.05,183230,37.5136,6.1893,0.16498816429241664
209,2020-11-17,135.0,134.48,138.7,132.95,178035,37.7208,6.2235,0.16498854743271618
210,2020-11-18,132.5,130.83,134.73,125.25,182273,38.1569,6.2954,0.16498719759728908
211,2020-11-19,128.75,130.48,131.88,127.38,88818,38.1787,6.299,0.16498728348529418
212,2020-11-20,130.95,133.98,136.0,129.08,135841,38.1569,6.2954,0.16498719759728908
213,2020-11-23,134.78,134.65,138.75,133.0,128682,39.0399,6.4411,0.16498761523467015
214,2020-11-24,134.0,133.4,134.1,128.9,114515,38.1678,6.2972,0.16498724055355563
215,2020-11-25,132.48,129.23,132.98,128.75,104030,37.5136,6.1893,0.16498816429241664
216,2020-11-26,128.78,130.03,131.5,127.8,98348,35.9438,5.9303,0.164988120343425
217,2020-11-27,128.75,130.08,130.75,127.85,64082,35.5622,5.8673,0.16498698055800823
218,2020-11-30,129.98,125.3,130.28,124.5,132399,35.5404,5.8637,0.16498688816107865
219,2020-12-01,125.38,125.88,126.7,125.05,74155,35.2133,5.8098,0.16498879684664602
