,日期,开盘,收盘,最高,最低,成交量,pe,pb,roe
0,2020-01-03,150.57,145.23,150.63,138.26,97976,402.2327,18.5713,0.04617053760174148
1,2020-01-06,141.89,141.73,145.03,139.82,52704,399.562,18.448,0.046170556759651815
2,2020-01-07,140.23,138.13,141.22,137.97,55556,381.6833,17.6225,0.0461704769372933
3,2020-01-08,137.6,138.92,140.75,136.23,59511,376.0638,17.3631,0.046170623176173826
4,2020-01-09,141.43,148.03,148.37,141.2,74624,389.2873,17.9736,0.0461705275255576
5,2020-01-10,149.71,156.55,159.43,145.63,82757,380.5706,17.5711,0.046170408328967086
6,2020-01-13,156.53,167.61,170.23,153.8,75560,371.8538,17.1687,0.04617056488329554
7,2020-01-14,169.23,166.67,170.75,159.24,56366,375.2848,17.3271,0.04617053501767191
8,2020-01-15,165.23,177.28,178.23,164.23,61674,380.5706,17.5711,0.046170408328967086
9,2020-01-16,174.74,174.03,178.23,172.33,38546,375.6372,17.3434,0.04617061356010533
10,2020-01-17,174.43,175.73,179.51,170.11,35732,375.934,17.3571,0.04617060441460469
11,2020-01-20,175.73,188.73,191.47,172.83,47732,370.5555,17.1087,0.046170411719701904
12,2020-01-21,186.24,184.23,198.21,184.11,52146,374.2463,17.2791,0.04617039634059174
13,2020-01-22,179.23,186.2,192.12,171.13,76820,378.6603,17.4829,0.04617040656229343
14,2020-01-23,182.23,185.78,197.83,180.23,76652,375.4147,17.3331,0.04617054153713215
15,2020-02-03,167.23,167.23,176.23,167.23,73181,417.1254,19.2589,0.0461705280953881
16,2020-02-04,170.33,183.93,183.93,170.33,64652,444.0917,20.5039,0.04617041930754392
17,2020-02-05,192.23,190.7,198.23,187.88,72278,406.7394,18.7794,0.04617059473461386
18,2020-02-06,187.72,198.44,199.43,184.99,59032,396.8913,18.3247,0.046170576175391095
19,2020-02-07,196.23,195.46,199.02,191.24,50457,391.3274,18.0678,0.04617054670845946
20,2020-02-10,195.44,183.23,195.45,181.01,71579,399.8402,18.4608,0.04617044509281458
21,2020-02-11,183.13,187.53,189.23,181.41,47757,403.976,18.6518,0.04617056458799533
22,2020-02-12,185.79,188.52,189.48,183.85,45665,367.2543,16.9563,0.046170460087192985
23,2020-02-13,190.21,197.59,201.23,186.73,89361,341.8087,15.7815,0.04617056265683114
24,2020-02-14,194.78,191.23,201.23,187.23,71513,334.1306,16.2393,0.04860165456261713
25,2020-02-17,188.23,193.22,194.23,187.7,47241,336.2448,16.342,0.04860149510118818
26,2020-02-18,192.21,196.23,196.23,186.41,75929,321.0739,15.6047,0.048601583622960326
27,2020-02-19,194.23,192.84,205.23,188.23,102065,319.5531,15.5308,0.04860162520720344
28,2020-02-20,190.23,204.03,204.81,190.23,90499,329.5496,16.0166,0.04860148517855886
29,2020-02-21,200.23,200.25,206.23,198.43,80696,331.4599,16.1095,0.048601655886579345
30,2020-02-24,197.73,220.25,220.25,197.24,113092,335.503,16.306,0.04860165184812059
31,2020-02-25,215.72,213.73,222.1,201.18,121332,333.7967,16.223,0.048601439139452245
32,2020-02-26,208.23,195.21,212.23,194.1,86706,342.1797,16.6305,0.0486016557966472
33,2020-02-27,195.23,183.39,197.23,180.85,91916,343.6634,16.7026,0.04860162589324321
34,2020-02-28,175.23,174.45,185.23,165.68,114868,346.2599,16.8288,0.04860164286999447
35,2020-03-02,180.23,170.14,181.22,169.23,91062,356.3861,17.3209,0.04860150269609281
36,2020-03-03,173.31,174.93,180.85,171.23,85535,355.0323,17.2551,0.048601493441582634
37,2020-03-04,171.73,170.11,174.08,160.23,123380,338.2849,16.4412,0.0486016372590086
38,2020-03-05,174.23,175.02,178.23,166.23,108345,328.9561,15.9878,0.0486016219185478
39,2020-03-06,171.57,172.74,176.23,170.0,45639,324.4865,15.7705,0.048601405605472034
40,2020-03-09,169.13,155.51,169.13,155.49,85708,324.9316,15.7922,0.04860161338570948
41,2020-03-10,155.4,163.03,166.23,152.24,103600,324.3937,15.766,0.048601437080929746
42,2020-03-11,163.83,159.83,166.23,159.6,57165,339.0268,16.4772,0.04860146749460515
43,2020-03-12,155.36,164.23,166.73,154.83,75754,342.5506,16.6485,0.048601578861633875
44,2020-03-13,154.03,162.89,166.81,153.33,63590,344.1827,16.7278,0.04860151309173877
45,2020-03-16,164.23,146.62,164.23,146.62,85383,344.8689,16.7612,0.04860165703547058
46,2020-03-17,145.23,146.61,155.23,136.24,66626,355.7185,17.2885,0.048601633032861656
47,2020-03-18,149.25,144.23,154.73,143.23,69704,357.9626,17.3975,0.04860144607285789
48,2020-03-19,145.78,149.92,151.23,141.75,67161,363.2854,17.6562,0.04860145769689616
49,2020-03-20,152.53,145.97,153.88,142.65,63593,349.6724,16.9946,0.04860149099557185
50,2020-03-23,141.51,136.23,144.09,134.24,68483,354.2348,17.2164,0.04860166194851551
51,2020-03-24,140.2,137.57,140.23,132.24,62488,348.1516,16.9207,0.048601528759310605
52,2020-03-25,145.23,148.93,151.03,142.23,82820,322.91,15.6939,0.048601467901272795
53,2020-03-26,145.23,145.43,147.23,143.0,46131,317.7171,15.4415,0.04860141301805914
54,2020-03-27,147.63,149.53,152.23,145.73,55651,328.3627,15.9589,0.04860143981030732
55,2020-03-30,145.24,158.23,160.11,143.17,90055,337.5431,16.4051,0.0486014971125169
56,2020-03-31,160.22,156.13,162.23,151.23,66195,347.0017,16.8648,0.04860149100134091
57,2020-04-01,153.04,156.21,161.71,153.04,52620,345.1842,16.7765,0.0486015872105386
58,2020-04-02,152.83,166.39,168.73,152.29,73280,316.0293,15.3595,0.048601506252743024
59,2020-04-03,163.93,163.73,166.22,162.03,37004,312.8765,15.2063,0.04860160478655316
60,2020-04-07,169.22,166.21,173.23,163.93,49869,311.2629,15.1279,0.04860168044440889
61,2020-04-08,164.47,167.82,171.23,164.44,36198,325.1356,15.8021,0.048601568084208555
62,2020-04-09,169.23,163.08,170.18,161.23,35149,318.8669,15.4974,0.04860146976685257
63,2020-04-10,163.3,155.73,164.03,154.25,46782,314.5456,15.2874,0.048601538218941864
64,2020-04-13,154.54,148.26,156.22,147.11,46914,334.1491,16.2402,0.04860165716442152
65,2020-04-14,151.23,157.53,157.55,149.23,45045,349.8764,17.0045,0.04860144896883585
66,2020-04-15,161.86,165.92,171.11,156.56,70489,348.6894,16.9469,0.048601706848559204
67,2020-04-16,163.92,170.7,171.94,162.31,51792,339.3977,17.5565,0.05172840004513879
68,2020-04-17,173.38,176.03,183.64,173.38,64040,347.3726,17.969,0.051728317086609604
69,2020-04-20,176.44,179.23,180.92,171.23,47152,338.7671,17.5239,0.05172845887336757
70,2020-04-21,179.02,172.0,179.02,169.43,50548,340.7145,17.6246,0.051728353210679326
71,2020-04-22,171.21,171.23,173.83,168.23,39156,345.4809,17.8712,0.051728474714521126
72,2020-04-23,171.23,168.58,175.13,167.62,43456,339.3421,17.5536,0.0517283296119167
73,2020-04-24,174.23,168.45,176.14,168.18,68156,346.909,17.9451,0.05172855129154908
74,2020-04-27,168.45,167.23,168.45,161.73,51372,346.8162,17.9403,0.051728552472462365
75,2020-04-28,167.23,176.91,179.73,165.44,80770,355.1806,18.3729,0.05172833200912437
76,2020-04-29,174.11,178.71,181.73,173.23,45950,350.1175,18.111,0.05172834834020008
77,2020-04-30,181.23,194.71,195.38,180.61,77860,365.6964,18.9169,0.051728428280945614
78,2020-05-06,194.23,209.64,212.13,193.83,92489,374.5801,19.3764,0.05172832192633832
79,2020-05-07,209.65,208.42,209.68,201.23,59738,366.6052,18.9639,0.05172839883340443
80,2020-05-08,208.33,209.2,218.11,205.23,55550,373.56,19.3237,0.05172850412249705
81,2020-05-11,207.23,206.92,210.73,203.24,38391,381.3866,19.7285,0.05172835123205692
82,2020-05-12,208.23,207.28,208.23,202.24,42848,377.2322,19.5136,0.05172835192753959
83,2020-05-13,204.68,208.7,210.2,204.23,45615,384.2242,19.8753,0.05172839191284671
84,2020-05-14,209.23,207.25,215.73,206.03,49990,370.6297,19.1721,0.05172845025641496
85,2020-05-15,209.23,215.13,219.13,208.7,67183,365.3626,18.8996,0.051728337821112504
86,2020-05-18,215.11,194.33,217.22,194.03,127296,369.721,19.1251,0.05172846551859375
87,2020-05-19,197.23,200.33,201.64,192.23,78631,396.8913,20.3936,0.0513833384606818
88,2020-05-20,197.76,189.23,200.33,183.21,102149,408.2046,20.9749,0.0513833014130659
89,2020-05-21,187.83,186.93,190.82,184.55,62905,400.0256,20.5547,0.05138346145846666
90,2020-05-22,188.98,186.43,191.23,182.73,54688,403.7349,20.7453,0.0513834696975664
91,2020-05-25,185.23,181.23,187.22,177.23,54875,405.1073,20.8158,0.05138342360159888
92,2020-05-26,186.23,192.23,192.78,185.23,63786,386.0603,19.8371,0.051383423781207235
93,2020-05-27,191.02,184.13,191.88,180.58,64017,427.6411,21.9736,0.05138327443269602
94,2020-05-28,180.23,182.91,184.18,176.54,59505,463.1017,23.7957,0.051383313859569076
95,2020-05-29,181.23,183.81,183.81,177.73,39449,455.3308,23.3964,0.05138330198616039
96,2020-06-01,187.23,191.23,194.83,184.88,81978,452.5303,23.2525,0.051383299637615426
97,2020-06-02,189.73,186.04,190.13,184.73,50136,446.6696,22.9514,0.05138339390009976
98,2020-06-03,186.6,183.16,189.51,181.23,63498,429.3659,22.0623,0.05138344707858728
99,2020-06-04,181.74,181.46,183.11,179.73,35800,426.4356,21.9117,0.05138337418358129
100,2020-06-05,180.73,186.73,188.06,180.73,62933,424.3399,21.804,0.05138333680146505
101,2020-06-08,191.21,183.28,191.21,182.51,48457,386.4868,19.859,0.05138338489179967
102,2020-06-09,183.3,190.58,191.12,181.25,61129,398.2452,20.4632,0.05138341905941365
103,2020-06-10,188.23,194.23,195.11,186.83,56623,385.17,19.7913,0.05138328530259366
104,2020-06-11,194.51,190.23,197.43,188.23,54254,374.543,19.2453,0.05138341926027185
105,2020-06-12,181.74,189.8,192.23,181.73,48648,370.6112,19.0432,0.05138322856945499
106,2020-06-15,185.24,180.38,186.73,180.23,67522,383.3154,19.696,0.05138327340879078
107,2020-06-16,183.22,179.44,183.73,175.0,65995,380.1811,19.535,0.0513834064870663
108,2020-06-17,179.41,180.03,180.19,175.79,35979,375.7485,19.3072,0.051383305588711604
109,2020-06-18,180.22,183.08,183.7,178.25,49258,366.8463,18.8498,0.051383372273347175
110,2020-06-19,184.23,198.03,200.11,182.23,97155,339.1195,17.4251,0.051383361912246274
111,2020-06-22,198.03,202.83,206.46,197.23,78488,333.4629,17.1344,0.05138322733953312
112,2020-06-23,203.35,205.22,206.6,198.32,59948,332.3687,17.0782,0.051383298126448124
113,2020-06-24,201.23,206.91,208.68,201.11,72268,334.112,17.1678,0.05138336845129776
114,2020-06-29,205.02,200.06,205.73,198.19,62148,351.5826,18.0655,0.05138337335237864
115,2020-06-30,202.23,202.18,204.81,200.07,43451,352.3801,18.1065,0.0513834351031741
116,2020-07-01,203.23,207.91,212.73,202.92,61994,359.7987,18.4877,0.05138345413699383
117,2020-07-02,208.97,214.96,216.89,206.24,73318,353.0293,18.1398,0.05138327045375554
118,2020-07-03,214.29,208.62,215.92,201.33,72445,339.4904,17.4442,0.05138348536512372
119,2020-07-06,210.18,229.03,229.23,210.18,94348,345.8889,17.7729,0.051383262082131
120,2020-07-07,230.34,230.16,245.05,229.66,88031,336.115,17.2707,0.05138330630885263
121,2020-07-08,229.03,231.74,235.23,223.74,63056,339.2679,17.4327,0.05138328736670932
122,2020-07-09,232.43,241.07,242.36,232.43,57412,344.6092,17.7072,0.05138342214891536
123,2020-07-10,238.23,244.23,246.03,235.98,54989,354.2348,18.2018,0.051383432683632435
124,2020-07-13,245.56,245.74,248.23,239.41,56516,340.4734,17.4947,0.05138345609378001
125,2020-07-14,242.05,249.93,253.03,238.89,81827,338.8042,17.4089,0.05138336537740677
126,2020-07-15,252.23,230.81,252.23,226.23,91927,341.0669,17.5252,0.05138346758363243
127,2020-07-16,227.23,208.39,232.53,208.23,77076,356.0894,18.2971,0.051383444719219386
128,2020-07-17,211.85,218.66,226.27,209.23,82608,335.6884,17.2488,0.05138336624083525
129,2020-07-20,225.93,217.92,226.22,206.72,65780,345.3325,17.7443,0.051383232102394066
130,2020-07-21,217.3,215.92,222.23,213.29,58970,346.2599,17.792,0.05138336838888939
131,2020-07-22,216.13,220.33,223.83,211.24,53962,350.5255,18.0112,0.05138342288934756
132,2020-07-23,216.99,214.23,220.81,210.0,50788,371.1119,19.069,0.051383423705895714
133,2020-07-24,212.3,199.65,214.8,196.8,68155,359.9841,18.4972,0.05138338054375179
134,2020-07-27,204.83,197.3,206.63,194.65,54800,398.5605,20.4794,0.051383416068576784
135,2020-07-28,201.79,200.14,202.0,196.96,39049,383.946,19.7284,0.051383267438650224
136,2020-07-29,198.84,207.47,209.18,197.97,57861,386.6352,19.8666,0.051383319470136184
137,2020-07-30,208.29,203.7,210.63,202.31,44275,384.0016,19.7313,0.051383379652584785
138,2020-07-31,205.3,205.94,209.28,200.47,54005,383.334,19.697,0.051383388898454084
139,2020-08-03,207.29,201.72,208.16,193.31,104779,387.5625,19.9143,0.051383454281567494
140,2020-08-04,200.3,197.97,204.29,196.61,56948,386.1159,19.8399,0.051383276368572234
141,2020-08-05,206.3,202.27,207.67,200.6,82805,388.3786,19.9562,0.051383366642755286
142,2020-08-06,201.3,197.48,201.3,195.3,64386,360.6889,18.5334,0.05138333893834826
143,2020-08-07,196.11,189.08,198.79,184.67,66740,331.0148,17.0086,0.05138320099282571
144,2020-08-10,189.09,191.81,193.2,183.63,50840,327.6764,16.8371,0.051383315978813245
145,2020-08-11,192.3,187.3,193.24,187.3,36207,309.7236,15.9146,0.05138323330866618
146,2020-08-12,188.3,187.35,189.97,181.55,39459,311.9862,16.0309,0.05138336246923742
147,2020-08-13,188.27,183.27,189.18,183.1,32331,312.2274,18.3452,0.05875589394140296
148,2020-08-14,183.74,186.58,186.8,182.41,28918,317.1421,18.634,0.05875599612917994
149,2020-08-17,187.66,184.01,188.29,181.39,59160,318.5702,18.7179,0.05875596650283046
150,2020-08-18,184.01,182.96,184.1,177.31,76563,331.9792,19.5057,0.058755789519343384
151,2020-08-19,182.96,187.6,195.1,182.1,95521,326.0444,19.157,0.05875580135711578
152,2020-08-20,185.3,183.3,185.38,178.56,67993,316.1592,18.5762,0.05875584199352731
153,2020-08-21,190.43,188.31,192.3,183.4,93342,307.294,18.0553,0.05875578436285772
154,2020-08-24,185.55,188.95,190.81,177.6,80847,291.7337,17.1411,0.05875598191090026
155,2020-08-25,186.18,180.47,186.18,180.3,74757,274.5412,16.1309,0.05875584429586525
156,2020-08-26,178.73,169.9,178.8,169.88,73311,288.3953,16.9449,0.05875581190123417
157,2020-08-27,167.38,172.23,174.95,165.38,57712,1013.1774,18.411,0.018171546266231364
158,2020-08-28,171.8,175.61,177.19,170.38,45706,1042.6675,18.9468,0.0181714688527263
159,2020-08-31,175.3,168.13,175.3,167.9,109941,1032.6508,18.7648,0.01817148643084381
160,2020-09-01,168.18,169.0,170.6,167.91,74742,1017.2214,18.4844,0.018171461984578776
161,2020-09-02,168.3,170.7,171.49,167.97,58396,1033.7707,18.7852,0.018171534557905347
162,2020-09-03,169.8,186.42,187.61,167.9,152739,970.4355,17.6343,0.01817153226566835
163,2020-09-04,183.3,187.4,190.8,182.18,150067,969.9377,17.6252,0.01817147637420424
164,2020-09-07,190.3,182.3,191.3,179.1,124383,983.003,17.8626,0.01817146031090444
165,2020-09-08,181.1,177.35,186.18,177.31,83553,928.8756,16.8791,0.018171539870355084
166,2020-09-09,171.41,171.61,177.29,167.23,77305,903.3673,16.4155,0.01817145694779964
167,2020-09-10,174.3,174.41,179.73,172.3,75476,925.1427,16.8112,0.0181714669531522
168,2020-09-11,174.54,188.02,190.46,174.54,142751,854.466,15.5269,0.0181714661554702
169,2020-09-14,190.48,191.3,199.2,190.48,151991,846.1291,15.3754,0.018171458705296864
170,2020-09-15,184.3,188.84,192.99,182.3,124792,906.7269,16.4766,0.018171513385121806
171,2020-09-16,188.88,196.18,197.15,187.68,119584,931.302,16.9232,0.018171549078601787
172,2020-09-17,196.18,193.31,196.6,190.36,105760,895.9014,16.2799,0.01817153092963132
173,2020-09-18,194.41,192.1,198.15,189.09,113205,910.7087,16.5489,0.018171452628046706
174,2020-09-21,191.8,186.25,193.79,186.19,91250,910.7709,16.5501,0.018171529195761524
175,2020-09-22,184.52,185.88,189.7,183.85,82592,1011.9953,18.3895,0.01817152708120285
176,2020-09-23,186.3,185.0,187.2,182.1,76577,1020.4332,18.5391,0.018167872233086888
177,2020-09-24,185.87,183.1,186.68,182.85,67298,993.0557,18.0417,0.018167863091667465
178,2020-09-25,183.0,175.21,183.65,174.28,102303,1012.9666,18.4034,0.01816782507932641
179,2020-09-28,174.3,175.5,178.28,173.06,52661,966.176,17.5533,0.018167807935614216
180,2020-09-29,177.85,175.26,179.6,175.1,50209,1073.3837,19.5011,0.01816787417211571
181,2020-09-30,177.29,177.67,180.8,175.5,69796,1087.5703,19.7588,0.01816783705844119
182,2020-10-09,182.3,182.7,186.25,182.3,79543,1057.0195,19.2038,0.018167876751564185
183,2020-10-12,184.27,191.73,191.79,183.85,144988,1087.0103,19.7486,0.018167813129277618
184,2020-10-13,191.8,192.46,194.18,189.3,91669,1057.2061,19.2072,0.018167886091463147
185,2020-10-14,192.64,187.0,193.6,184.06,84275,1084.0236,19.6944,0.018167870146000513
186,2020-10-15,188.3,185.6,191.28,185.53,65737,1139.6497,20.705,0.01816786333554951
187,2020-10-16,187.8,184.8,192.3,183.31,75320,1213.1955,22.0412,0.018167888027939436
188,2020-10-19,186.59,180.28,187.2,179.65,60072,1328.4298,24.1347,0.01816783995661645
189,2020-10-20,179.11,181.2,181.9,176.3,53139,1368.9983,24.8718,0.018167882312198635
190,2020-10-21,182.3,179.02,182.3,177.25,51085,1244.5552,22.6109,0.01816785627507723
191,2020-10-22,177.3,177.99,181.79,176.88,50739,1268.0749,23.0382,0.018167854280531852
192,2020-10-23,177.8,172.6,180.2,170.23,48598,1198.449,21.7732,0.018167815234523953
193,2020-10-26,169.02,173.42,175.65,167.05,50125,1219.5421,22.1565,0.018167884487136608
194,2020-10-27,171.3,181.6,181.65,171.3,64409,1200.8135,21.8162,0.018167850378097847
195,2020-10-28,181.2,180.46,183.55,178.3,59775,1188.4314,21.5912,0.0181678134724478
196,2020-10-29,179.82,184.6,187.78,179.3,105372,1228.0043,22.3102,0.018167851692375992
197,2020-10-30,185.3,198.32,202.03,185.29,236686,1171.5693,21.2849,0.018167854005734018
198,2020-11-02,205.3,218.12,218.12,200.31,186124,1165.4094,21.173,0.018167864443173358
199,2020-11-03,227.14,215.89,227.14,213.22,164809,1138.6541,20.6869,0.018167852730693195
200,2020-11-04,217.18,211.3,218.73,207.26,140672,1214.7511,22.0694,0.018167837016159115
201,2020-11-05,218.5,214.3,219.38,210.19,123550,1233.2931,22.4063,0.018167862935420623
202,2020-11-06,214.1,219.61,221.29,209.33,171920,1185.1336,21.5313,0.01816782512958877
203,2020-11-09,223.3,239.75,241.54,223.3,210342,1143.0096,20.766,0.01816782641195664
204,2020-11-10,232.3,225.21,234.18,224.21,137504,1039.0997,18.8782,0.018167842796990512
205,2020-11-11,216.3,202.72,219.81,202.72,180054,1154.5206,20.9752,0.018167887173256157
206,2020-11-12,204.68,204.47,208.98,200.88,99643,1157.1339,21.0226,0.018167819644727374
207,2020-11-13,204.17,202.09,208.3,198.6,92030,1144.8763,20.7999,0.018167814287010746
208,2020-11-16,204.3,200.1,204.3,194.41,99713,1172.876,21.3086,0.018167819957096914
209,2020-11-17,200.11,203.0,203.14,190.31,123801,1091.988,19.8391,0.018167873639637063
210,2020-11-18,199.3,202.84,207.88,196.31,94912,1081.4103,19.6469,0.018167849890092593
211,2020-11-19,199.63,205.5,207.25,198.31,64476,1101.6323,20.0143,0.01816785873108477
212,2020-11-20,204.55,202.65,207.1,201.3,50621,1035.6153,18.8149,0.018167846689789154
213,2020-11-23,196.58,200.8,202.33,191.6,99066,1041.4641,18.9212,0.01816788499958856
214,2020-11-24,199.33,205.5,208.86,198.8,74077,972.6471,17.6709,0.018167843198216495
215,2020-11-25,208.3,210.2,214.18,206.3,89904,919.6343,16.7078,0.018167873903789798
216,2020-11-26,210.1,203.07,210.15,202.58,62307,862.9505,15.678,0.018167901866908937
217,2020-11-27,203.68,206.1,208.1,201.32,43902,858.035,15.5886,0.018167790358202172
218,2020-11-30,207.3,215.74,215.74,203.51,104181,880.4348,15.9956,0.018167841616437697
219,2020-12-01,210.3,217.18,217.24,209.78,67433,902.2123,16.3913,0.018167896846451773
