,日期,开盘,收盘,最高,最低,成交量,pe,pb,roe
0,2020-01-03,64.15,62.4,64.15,61.73,68623,56.0621,9.4366,0.16832405493194155
1,2020-01-06,61.59,62.22,62.32,61.47,53348,53.8439,9.0632,0.16832361697425335
2,2020-01-07,62.32,62.85,63.55,62.04,46982,54.6036,9.1911,0.16832406654506296
3,2020-01-08,62.88,62.15,63.34,61.73,41498,52.3398,8.81,0.1683231498782953
4,2020-01-09,62.17,62.74,62.81,61.69,51830,54.3984,9.1566,0.1683248036706962
5,2020-01-10,62.85,62.43,63.16,61.76,51119,56.1988,9.4596,0.1683238788016826
6,2020-01-13,62.43,63.59,64.22,62.31,65410,59.8603,10.0759,0.16832358006892717
7,2020-01-14,63.79,62.42,64.53,62.42,45018,62.9141,10.59,0.1683247475526154
8,2020-01-15,62.32,62.21,62.77,61.91,30279,61.9873,10.434,0.1683248020158968
9,2020-01-16,62.61,63.8,64.0,62.35,64654,59.7844,10.0631,0.1683231746074227
10,2020-01-17,63.65,63.29,64.56,63.01,38992,60.4073,10.168,0.1683240270629543
11,2020-01-20,62.96,61.76,63.44,61.42,54670,61.6379,10.3751,0.16832338544953673
12,2020-01-21,61.06,59.09,61.13,57.25,104183,62.352,10.4953,0.16832338978701566
13,2020-01-22,57.25,58.54,58.93,56.44,60539,64.4106,10.8419,0.1683247788407498
14,2020-01-23,57.98,54.87,58.53,54.23,85861,63.5218,10.6923,0.1683248900377508
15,2020-02-03,49.52,50.42,51.82,49.52,115762,61.6075,10.37,0.1683236618918151
16,2020-02-04,50.42,50.77,53.05,49.72,110137,60.9998,10.2677,0.16832350270000884
17,2020-02-05,50.88,54.96,55.46,50.85,103490,60.1186,10.1194,0.16832394633274894
18,2020-02-06,54.96,55.24,56.16,54.2,56534,61.1517,10.2933,0.16832402042788672
19,2020-02-07,55.24,55.18,55.71,53.92,53782,61.1973,10.301,0.168324419541385
20,2020-02-10,55.17,55.91,56.26,54.34,50011,61.524,10.356,0.16832455627072362
21,2020-02-11,55.53,56.38,57.67,55.33,58284,60.9846,10.2652,0.16832446224128714
22,2020-02-12,56.13,56.38,56.8,55.61,37044,61.6075,10.37,0.1683236618918151
23,2020-02-13,56.33,55.6,56.33,55.25,34123,62.5191,11.0772,0.17718105347005952
24,2020-02-14,55.54,55.21,56.08,54.91,28011,60.4756,10.7151,0.17718054884945333
25,2020-02-17,55.21,55.25,56.55,54.51,81739,61.1593,10.8363,0.17718155701585858
26,2020-02-18,55.08,54.98,55.47,54.65,44409,57.908,10.2602,0.1771810457967811
27,2020-02-19,55.08,57.32,57.91,55.04,94837,60.1262,10.6532,0.17718066333811217
28,2020-02-20,57.34,59.51,59.74,56.72,96383,59.7464,10.5859,0.17718054979044762
29,2020-02-21,58.83,58.39,59.25,57.91,56156,60.8479,10.7811,0.17718113525692752
30,2020-02-24,57.67,57.32,58.33,56.47,55760,62.352,11.0476,0.17718116499871694
31,2020-02-25,56.03,57.98,58.06,55.91,67671,58.7208,10.4042,0.17718082859906542
32,2020-02-26,57.0,57.0,58.55,56.55,42816,60.4149,10.7044,0.1771814568922567
33,2020-02-27,57.63,59.94,60.81,56.79,88697,61.091,10.8241,0.17717994467270137
34,2020-02-28,58.83,58.29,60.75,57.99,71133,62.314,11.0408,0.17718008794171455
35,2020-03-02,58.29,59.11,59.24,57.07,75382,62.2912,11.0368,0.17718072536730708
36,2020-03-03,59.37,58.39,60.39,57.91,62914,63.0584,11.1727,0.17718020121030664
37,2020-03-04,58.26,60.05,60.5,57.98,75027,63.2028,11.1983,0.17718044137285055
38,2020-03-05,60.25,63.85,64.13,60.25,109491,62.3064,11.0395,0.1771808353555975
39,2020-03-06,63.03,62.88,64.53,62.57,58286,62.8305,11.1324,0.1771814644161673
40,2020-03-09,62.6,62.18,65.37,61.14,74797,60.7719,10.7676,0.1771805719419666
41,2020-03-10,61.62,63.8,64.14,60.5,71424,62.7318,11.1149,0.17718127010543297
42,2020-03-11,64.14,65.82,67.54,64.14,86984,60.4377,10.7084,0.17718079940169792
43,2020-03-12,65.68,66.8,68.13,65.43,83601,58.7816,10.415,0.17718129482695263
44,2020-03-13,61.93,67.49,67.92,61.93,48117,58.8728,10.4311,0.17718029378592492
45,2020-03-16,66.49,66.21,70.44,65.54,73327,57.4598,10.1808,0.17718126411856636
46,2020-03-17,66.1,67.46,68.82,64.18,77891,59.6324,10.5657,0.17718052602276615
47,2020-03-18,68.16,67.22,69.46,65.05,69006,61.2125,10.8457,0.17718113130488056
48,2020-03-19,67.22,66.86,68.41,64.69,59713,58.9791,10.45,0.17718140832939125
49,2020-03-20,67.22,66.8,67.64,65.4,50806,59.6324,10.5657,0.17718052602276615
50,2020-03-23,65.68,65.93,67.5,65.47,35505,59.9211,10.6169,0.17718132677804643
51,2020-03-24,66.38,69.73,70.27,65.72,59857,59.8831,10.6101,0.17718020610155452
52,2020-03-25,70.73,71.7,72.09,69.04,56350,57.6573,10.2158,0.17718138032824984
53,2020-03-26,71.31,72.64,73.24,70.38,30487,56.214,9.96,0.1771800619062867
54,2020-03-27,71.7,72.54,73.66,71.7,34487,58.6829,10.3975,0.1771810868242708
55,2020-03-30,72.51,70.37,72.51,69.46,50462,58.4094,10.349,0.17718038534893357
56,2020-03-31,70.61,73.87,75.33,70.61,61545,63.7497,11.2952,0.1771804416334508
57,2020-04-01,74.22,70.86,74.43,70.27,60871,64.4106,11.4123,0.177180464085104
58,2020-04-02,70.02,70.79,71.36,69.08,33211,65.307,11.5711,0.17718008789256892
59,2020-04-03,71.28,70.29,72.57,69.46,39761,65.8995,11.6761,0.17718040349319797
60,2020-04-07,70.65,70.3,71.84,70.08,55830,71.5589,12.6789,0.17718131497270084
61,2020-04-08,70.23,69.52,70.44,68.21,43486,68.3456,12.1095,0.17718038908137465
62,2020-04-09,69.52,72.95,74.18,69.52,60164,68.5963,12.1539,0.17718011029749417
63,2020-04-10,72.6,70.55,73.66,69.85,49325,67.5404,12.5545,0.18588133916885302
64,2020-04-13,71.42,69.32,71.42,68.7,36984,67.8366,12.6096,0.18588195752735248
65,2020-04-14,69.61,72.06,72.47,68.62,49076,66.0818,12.2834,0.18588174050948975
66,2020-04-15,71.28,69.95,72.65,69.6,45321,65.3222,12.1422,0.1858816757549501
67,2020-04-16,70.4,69.45,71.28,68.7,50134,64.1144,11.9177,0.1858817987846724
68,2020-04-17,69.6,67.65,70.48,67.23,65833,64.9804,12.0786,0.18588066555453645
69,2020-04-20,67.77,70.16,70.86,66.8,56983,65.816,12.234,0.18588185243709734
70,2020-04-21,71.06,71.13,71.49,68.93,32519,64.5398,11.9967,0.18588065038937215
71,2020-04-22,71.07,73.65,74.61,70.02,88958,65.5273,12.1803,0.18588130443341938
72,2020-04-23,73.38,73.8,74.63,72.65,49279,63.2787,11.7623,0.1858808730267847
73,2020-04-24,73.37,74.02,76.32,71.91,41480,63.7953,11.8584,0.18588203206192305
74,2020-04-27,73.94,75.02,76.03,71.31,89064,64.8816,12.0603,0.1858816675297773
75,2020-04-28,74.32,77.02,79.19,72.86,75463,65.2766,12.1337,0.18588131122025348
76,2020-04-29,76.88,79.19,80.76,75.79,51823,67.077,12.4684,0.18588189692443016
77,2020-04-30,78.14,75.56,79.11,74.09,77317,66.7351,12.4048,0.18588119295543123
78,2020-05-06,74.88,75.05,75.89,72.29,45642,68.4823,12.7296,0.18588160736423864
79,2020-05-07,74.99,75.55,77.44,74.23,36954,66.0894,12.2848,0.1858815483269632
80,2020-05-08,75.06,78.69,79.54,74.96,35702,66.3933,12.3413,0.18588170794342201
81,2020-05-11,77.79,76.71,79.05,76.05,34515,65.1019,12.1012,0.18588090362954077
82,2020-05-12,76.25,79.68,80.1,75.63,43439,66.7731,12.4119,0.18588173980240544
83,2020-05-13,79.82,82.27,82.8,78.87,39311,67.7607,12.5954,0.18588060631014733
84,2020-05-14,82.2,83.53,85.41,80.74,54420,67.5404,12.5545,0.18588133916885302
85,2020-05-15,83.73,86.15,86.37,82.48,39745,63.3015,11.7666,0.18588185114096825
86,2020-05-18,84.86,87.84,90.15,84.01,53080,60.901,11.3204,0.18588200522158912
87,2020-05-19,87.84,88.64,89.62,85.64,28313,63.8029,11.8598,0.1858818329574361
88,2020-05-20,87.21,86.18,88.47,85.0,38449,61.0985,11.3571,0.18588181379248264
89,2020-05-21,86.19,89.19,90.81,85.14,39738,57.1028,10.6143,0.18588055226713926
90,2020-05-22,89.17,86.9,90.03,86.11,31852,55.8418,10.3799,0.18588046946910736
91,2020-05-25,88.11,92.9,92.9,85.42,39687,58.2271,10.8233,0.18588080120768508
92,2020-05-26,91.72,93.15,94.24,89.9,29625,55.6443,10.3432,0.1858806742110153
93,2020-05-27,93.41,93.83,94.55,91.3,27989,58.8044,10.9306,0.1858806483868554
94,2020-05-28,93.69,93.74,94.23,91.02,30313,53.4565,9.9366,0.18588197880519677
95,2020-05-29,93.54,98.23,98.3,91.79,31619,53.3805,9.9224,0.1858806118339094
96,2020-06-01,98.27,98.02,99.14,94.52,53867,52.9855,9.849,0.18588104292683846
97,2020-06-02,96.19,90.74,96.47,90.15,79332,51.7853,9.6259,0.18588093532334465
98,2020-06-03,90.74,91.89,92.67,87.76,65551,51.4206,9.5581,0.1858807559616185
99,2020-06-04,90.98,92.41,92.83,88.85,63455,51.2003,9.5172,0.18588172334927727
100,2020-06-05,91.44,91.02,92.07,89.35,37365,51.6257,8.9281,0.17293905942195456
101,2020-06-08,90.85,89.62,91.44,87.6,58981,52.6057,9.0976,0.17293943431985506
102,2020-06-09,90.29,90.92,91.37,88.36,31122,52.826,9.1357,0.1729394616287434
103,2020-06-10,91.72,92.08,93.11,91.02,31791,54.2693,9.3853,0.17293939667546845
104,2020-06-11,92.08,90.12,93.15,89.55,40688,53.7376,9.2933,0.17293850116119813
105,2020-06-12,89.68,93.76,94.94,88.33,48870,53.2514,9.2092,0.17293817627329985
106,2020-06-15,93.83,90.66,94.16,90.11,50721,52.4765,9.0752,0.1729383628862443
107,2020-06-16,91.3,95.42,95.7,90.7,34566,54.163,9.3669,0.17293909126156232
108,2020-06-17,96.48,96.87,98.24,94.24,32676,52.4386,9.0687,0.1729393996025828
109,2020-06-18,97.07,97.46,97.88,94.56,21819,53.8591,9.3143,0.1729382778397708
110,2020-06-19,97.45,100.68,101.16,96.79,31472,52.1119,9.0122,0.17293938620545404
111,2020-06-22,100.58,98.06,100.58,97.0,30291,51.7929,8.957,0.17293876187662788
112,2020-06-23,98.57,101.24,103.62,97.59,29391,51.0028,8.8204,0.1729395248888296
113,2020-06-24,100.88,98.13,102.56,97.25,36202,48.42,8.3737,0.172938868236266
114,2020-06-29,98.15,99.56,99.83,96.47,31277,50.1064,8.6653,0.1729379879616177
115,2020-06-30,99.83,100.46,101.51,98.02,33515,48.1313,8.3238,0.1729394385773914
116,2020-07-01,100.43,101.44,102.78,96.59,45494,49.1949,8.5077,0.17293865827555296
117,2020-07-02,100.61,98.78,102.01,97.85,54008,48.5643,8.3987,0.17293979322259354
118,2020-07-03,98.86,98.37,100.82,96.62,37406,47.8579,8.2765,0.17293905499405532
119,2020-07-06,97.32,96.56,98.4,95.92,58792,48.6175,8.4079,0.1729397850568211
120,2020-07-07,96.8,96.52,97.5,94.52,56538,49.3696,8.5379,0.17293840744101635
121,2020-07-08,96.49,96.93,97.89,95.72,49015,49.0885,8.4893,0.1729386719903847
122,2020-07-09,97.18,97.6,98.31,95.75,56485,48.4656,8.3816,0.1729391568452676
123,2020-07-10,97.57,99.81,101.51,96.8,53991,52.4158,9.0647,0.17293831249356112
124,2020-07-13,99.81,100.54,101.14,98.15,54085,52.5297,9.0844,0.17293835677721367
125,2020-07-14,100.83,100.68,102.96,97.75,49242,50.0912,8.6627,0.1729385600664388
126,2020-07-15,100.69,110.54,110.54,100.05,62770,50.1444,8.6719,0.17293855345761444
127,2020-07-16,110.38,104.71,116.96,104.71,80052,49.7722,8.6075,0.17293790509561563
128,2020-07-17,104.33,109.47,111.57,101.72,47195,49.6354,8.5839,0.17293907171091602
129,2020-07-20,110.54,105.08,110.55,100.05,69437,46.3842,8.0216,0.17293819878320635
130,2020-07-21,102.77,107.4,109.96,101.42,36997,47.6224,8.2358,0.17293962505039645
131,2020-07-22,107.4,114.76,116.05,106.06,49349,45.9891,7.9533,0.17293880506467835
132,2020-07-23,114.18,119.75,121.86,113.88,56106,47.3261,8.1845,0.17293839974136893
133,2020-07-24,118.07,114.4,121.16,112.76,44296,46.8931,8.1096,0.17293802286477117
134,2020-07-27,116.12,118.82,121.16,114.86,33609,45.9739,7.9507,0.17293942867583564
135,2020-07-28,118.82,126.64,127.87,117.09,39284,44.5534,7.705,0.17293854116633073
136,2020-07-29,125.36,127.04,127.39,122.86,34180,43.8697,7.5868,0.17293940920498657
137,2020-07-30,126.01,125.22,127.01,121.62,33942,42.4644,7.3437,0.17293780201769013
138,2020-07-31,124.61,122.14,126.59,120.59,47979,40.8539,7.0652,0.17293820173838972
139,2020-08-03,121.89,124.52,124.52,120.62,34509,41.925,7.2505,0.1729397734048897
140,2020-08-04,124.51,123.96,127.42,122.14,22361,40.2234,6.9562,0.17293913493140808
141,2020-08-05,122.83,128.37,129.84,122.83,38560,39.9499,6.9089,0.17293910623055378
142,2020-08-06,128.79,125.15,129.41,124.16,24433,40.231,6.9575,0.17293877855385148
143,2020-08-07,125.12,125.78,127.46,122.56,18164,42.1985,7.2978,0.17293979643826202
144,2020-08-10,125.78,122.46,126.61,121.67,24179,41.021,7.1961,0.17542478242851223
145,2020-08-11,125.08,121.74,126.51,121.19,25602,39.9347,7.0055,0.1754238794832564
146,2020-08-12,121.74,119.73,123.25,116.26,44968,39.3954,6.9109,0.17542403427811368
147,2020-08-13,120.85,118.78,120.85,115.81,21571,39.2738,6.8896,0.17542483793266755
148,2020-08-14,119.27,122.93,123.25,117.1,26619,39.1903,6.8749,0.17542351040946358
149,2020-08-17,123.35,121.11,123.35,117.89,37177,47.303,6.9327,0.1465594148362683
150,2020-08-18,120.04,123.46,124.82,119.2,35205,46.6475,6.8366,0.14655876520713865
151,2020-08-19,123.12,121.92,126.06,121.09,30554,44.9469,6.5874,0.1465596070029301
152,2020-08-20,121.3,120.32,123.19,118.67,25507,46.163,6.7656,0.1465589324783918
153,2020-08-21,121.83,122.55,126.02,120.38,33360,46.505,6.8158,0.14656058488334586
154,2020-08-24,122.7,123.95,125.61,121.44,40085,47.9396,7.026,0.14655942060426036
155,2020-08-25,122.28,127.18,128.46,122.09,39541,46.0775,6.7531,0.14655960067277954
156,2020-08-26,127.08,126.64,127.9,123.96,33305,46.9135,6.8756,0.14655909279844823
157,2020-08-27,122.28,128.58,129.6,118.08,69128,48.5381,7.1137,0.1465590948141769
158,2020-08-28,126.76,128.12,129.95,125.4,32134,46.2105,6.7726,0.14655976455567457
159,2020-08-31,130.96,134.04,136.28,128.18,55255,46.7425,6.8506,0.14656041076108467
160,2020-09-01,129.28,123.61,129.28,120.85,103779,46.733,6.8492,0.14656024650675112
161,2020-09-02,123.79,122.52,127.15,121.48,42658,47.075,6.8993,0.14655974508762612
162,2020-09-03,122.14,120.87,125.19,120.17,34214,47.1225,6.9063,0.14656056024192263
163,2020-09-04,117.4,119.65,121.13,114.5,39818,49.1651,7.2056,0.1465592462946277
164,2020-09-07,119.12,109.81,119.65,108.34,83076,46.79,6.8575,0.14655909382346655
165,2020-09-08,109.95,110.31,111.89,105.82,47171,48.2626,7.0734,0.14656069088693938
166,2020-09-09,108.42,105.76,110.66,104.53,32118,48.3291,7.0831,0.14655973316283566
167,2020-09-10,107.23,108.42,112.06,107.23,33061,47.6926,6.9898,0.14655942431320582
168,2020-09-11,108.56,112.52,113.62,108.28,43567,46.353,6.7935,0.14656009319785127
169,2020-09-14,114.16,112.59,114.16,111.08,27691,43.7784,6.4161,0.14655857683241053
170,2020-09-15,111.61,112.06,114.58,111.17,18961,44.3674,6.5025,0.14656031230137442
171,2020-09-16,112.83,110.86,113.13,107.27,32209,44.4054,6.508,0.14655875186351208
172,2020-09-17,110.73,114.97,117.52,106.92,66208,44.6524,6.5442,0.14655875160125773
173,2020-09-18,116.07,112.06,116.79,110.06,29134,44.8139,6.5679,0.14655943803150362
174,2020-09-21,109.53,108.06,111.21,107.36,40510,43.9684,6.444,0.14655980203964664
175,2020-09-22,107.86,110.66,112.99,106.74,29116,44.8329,6.5707,0.1465597808752055
176,2020-09-23,107.64,110.49,112.76,107.08,94775,44.3674,6.5025,0.14656031230137442
177,2020-09-24,111.33,113.55,117.33,111.1,58721,43.7024,6.405,0.14655945668887752
178,2020-09-25,115.55,117.77,120.21,112.79,52999,42.3343,6.2045,0.1465596454884101
179,2020-09-28,120.45,114.16,120.45,113.62,48542,41.2322,6.043,0.14656021264933716
180,2020-09-29,115.42,117.96,120.92,113.88,35074,41.7072,6.1126,0.14655982660068284
181,2020-09-30,117.87,116.99,119.97,115.83,28285,42.3628,6.2087,0.14656018960030973
182,2020-10-09,120.32,118.64,121.72,117.1,26918,39.7881,5.8313,0.14655889575023687
183,2020-10-12,120.04,118.38,122.46,117.77,35353,38.6576,5.6656,0.14655850337320475
184,2020-10-13,118.66,116.96,119.48,115.98,27045,39.1516,5.738,0.1465585059103587
185,2020-10-14,117.49,117.0,118.12,116.18,18481,38.5911,5.6559,0.14655969899795548
186,2020-10-15,117.65,114.75,117.66,112.76,34309,39.7121,5.8202,0.14655986462564308
187,2020-10-16,115.27,113.5,116.23,112.54,26170,37.717,5.5278,0.14655990667338337
188,2020-10-19,113.73,110.38,113.88,109.89,27971,38.3821,5.6253,0.1465605060692354
189,2020-10-20,110.38,117.07,117.31,109.68,37332,37.9355,5.5598,0.1465592914288727
190,2020-10-21,119.06,114.3,119.29,113.6,25588,38.6576,5.6656,0.14655850337320475
191,2020-10-22,112.9,112.27,114.16,109.4,26575,39.4176,5.777,0.14655889754830329
192,2020-10-23,112.41,112.97,117.91,110.66,29222,37.9355,5.5598,0.1465592914288727
193,2020-10-26,111.7,108.88,111.74,107.16,38377,36.349,5.3273,0.14655974029546895
194,2020-10-27,108.98,114.88,115.28,107.55,34259,36.5295,5.3537,0.14655826113141435
195,2020-10-28,114.86,113.62,115.53,112.78,24292,36.501,5.3496,0.14656036820909016
196,2020-10-29,112.62,117.38,118.87,111.64,29671,36.767,5.3886,0.14656077460766448
197,2020-10-30,117.38,115.7,118.74,111.08,42718,37.299,5.4665,0.14655888897825678
198,2020-11-02,115.14,114.55,117.52,113.18,35842,37.299,5.4665,0.14655888897825678
199,2020-11-03,114.18,115.55,116.16,110.66,37802,36.976,5.4192,0.1465599307659022
200,2020-11-04,116.68,114.95,116.68,111.89,25224,36.482,5.3468,0.1465599473713064
201,2020-11-05,116.25,114.86,120.56,114.33,41643,36.52,5.3524,0.14656078860898136
202,2020-11-06,116.22,112.96,116.22,111.04,36539,36.33,5.3245,0.14655931736856592
203,2020-11-09,112.96,114.58,115.56,112.68,38540,33.4893,4.9082,0.14656024461544434
204,2020-11-10,115.04,115.7,117.63,112.06,37517,33.2518,4.8734,0.14656048695108234
205,2020-11-11,115.55,119.23,122.39,114.16,43737,36.273,5.3162,0.14656080280098144
206,2020-11-12,120.28,120.87,121.97,119.24,25758,38.7621,5.681,0.1465606868564913
207,2020-11-13,119.68,117.07,120.46,115.95,25000,39.1326,5.7353,0.14656066808747695
208,2020-11-16,116.64,115.76,118.25,113.88,24692,40.9472,6.0012,0.14655947170990932
209,2020-11-17,115.56,113.49,115.56,111.39,28851,41.9828,6.153,0.1465600198176396
210,2020-11-18,112.76,112.34,114.44,111.43,16783,42.3343,6.2045,0.1465596454884101
211,2020-11-19,112.2,116.4,118.63,110.68,40143,41.2512,6.0458,0.14656058490419674
212,2020-11-20,117.63,118.11,119.48,116.28,19377,41.3937,6.0667,0.14656095009627068
213,2020-11-23,118.89,112.48,118.89,112.34,51170,42.1918,6.1836,0.14655928403149426
214,2020-11-24,112.76,105.73,112.76,103.98,83904,41.4032,6.068,0.14655872009892953
215,2020-11-25,106.6,102.42,106.6,99.74,94429,41.6122,6.0987,0.14656038373361657
216,2020-11-26,101.32,98.62,102.57,98.05,56403,41.2132,6.0402,0.1465598400512457
217,2020-11-27,100.16,102.79,102.81,97.36,76539,41.6882,6.1098,0.14655945807206835
218,2020-11-30,101.56,101.39,103.06,98.78,43558,41.2607,6.0472,0.14656077090306271
219,2020-12-01,101.56,105.48,107.15,100.86,56349,41.3842,6.0653,0.1465607647363003
