,日期,开盘,收盘,最高,最低,成交量,pe,pb,roe
0,2020-01-03,97.86,95.95,98.08,95.62,18417,84.1183,10.4401,0.12411211353534247
1,2020-01-06,95.77,96.68,97.25,95.13,13774,84.4561,10.482,0.12411181667161991
2,2020-01-07,96.22,98.06,98.97,95.62,18284,84.1765,10.4473,0.12411183643891109
3,2020-01-08,98.26,97.51,99.82,97.14,11326,85.1086,10.563,0.12411201688196023
4,2020-01-09,98.65,104.44,105.41,98.65,24794,84.6833,10.5102,0.12411183787122135
5,2020-01-10,103.85,105.74,107.03,102.63,15483,90.6776,11.2542,0.12411223940642453
6,2020-01-13,106.33,109.96,110.03,105.07,14714,92.0233,11.4212,0.12411204553629353
7,2020-01-14,107.59,108.16,108.74,105.08,18994,90.9339,11.286,0.12411212979977765
8,2020-01-15,108.13,110.53,112.23,107.53,16040,91.2252,11.3221,0.12411153935535357
9,2020-01-16,110.75,112.72,114.36,109.52,13451,89.1281,11.0619,0.12411237308996825
10,2020-01-17,112.81,112.71,114.53,111.65,10883,92.1806,11.4407,0.12411179792711265
11,2020-01-20,116.75,113.56,122.52,110.74,27787,93.6194,11.6193,0.12411209642445904
12,2020-01-21,113.85,117.19,121.33,113.56,22742,86.8032,21.093,0.24299795399247953
13,2020-01-22,117.52,114.91,118.33,113.56,16081,85.3793,20.747,0.2429980100563017
14,2020-01-23,114.15,116.03,121.83,113.53,18503,85.7241,20.8308,0.24299817670876683
15,2020-02-03,116.03,120.17,127.38,116.03,23279,90.1572,21.908,0.24299778608918646
16,2020-02-04,121.37,119.31,122.53,108.41,21858,91.5143,22.2378,0.24299808882327678
17,2020-02-05,119.27,124.74,126.42,115.83,23471,94.0173,22.846,0.24299783125020608
18,2020-02-06,124.33,129.53,134.74,121.64,25527,97.1488,23.607,0.24299836951151224
19,2020-02-07,126.73,125.53,130.03,123.48,16238,98.6673,23.9759,0.24299742670570695
20,2020-02-10,122.4,122.91,124.54,119.53,17712,99.1178,24.0854,0.24299772593822702
21,2020-02-11,122.49,121.57,122.91,119.71,17765,97.4492,23.6799,0.24299737709493766
22,2020-02-12,120.85,120.62,124.03,119.03,22392,96.8373,23.5313,0.24299830747036527
23,2020-02-13,121.78,121.13,123.23,120.1,16781,97.2767,25.5667,0.2628244995975398
24,2020-02-14,121.53,121.27,123.93,120.24,16587,96.7817,25.4366,0.2628244802478154
25,2020-02-17,122.77,124.78,125.51,120.73,13438,95.1687,25.0127,0.26282485733229516
26,2020-02-18,124.7,123.33,125.33,121.29,20280,91.5477,24.061,0.2628247350834592
27,2020-02-19,123.47,118.23,123.96,117.8,16329,89.829,23.6093,0.2628249229090828
28,2020-02-20,119.28,120.45,121.05,118.03,13783,92.9994,24.4426,0.2628253515614079
29,2020-02-21,121.73,119.37,123.07,117.59,19578,93.6947,24.6253,0.26282489831335176
30,2020-02-24,118.03,122.45,124.9,118.03,18137,93.3665,24.539,0.2628244605934677
31,2020-02-25,122.08,125.53,127.91,120.03,19047,93.3053,24.523,0.26282537004864676
32,2020-02-26,123.53,119.83,124.9,118.52,20595,94.7459,24.9016,0.26282509322303127
33,2020-02-27,121.03,122.94,125.03,119.87,15719,95.1854,25.0171,0.26282497105648556
34,2020-02-28,119.53,122.58,122.58,117.32,17746,95.3912,25.0712,0.2628250823975377
35,2020-03-02,122.53,119.41,122.53,116.08,21912,93.945,24.6911,0.26282505721432753
36,2020-03-03,121.53,131.1,131.1,121.53,31315,91.3975,24.0215,0.26282447550534754
37,2020-03-04,131.14,129.43,131.55,124.53,25222,86.0412,22.6138,0.2628252511587472
38,2020-03-05,129.02,137.92,139.2,128.53,24198,89.7289,23.583,0.26282502070124564
39,2020-03-06,140.03,136.68,140.03,134.54,17207,89.7734,23.5947,0.26282506845012
40,2020-03-09,134.83,133.53,137.53,130.86,16669,89.3562,23.485,0.2628245158142356
41,2020-03-10,131.24,131.63,133.83,126.31,18527,89.0781,23.4119,0.2628244203681937
42,2020-03-11,130.43,128.41,132.43,127.55,12227,88.7666,23.3301,0.2628252067782252
43,2020-03-12,127.72,126.53,129.53,123.53,14301,89.1671,23.4353,0.2628245171144963
44,2020-03-13,119.41,123.13,124.41,115.53,24601,87.0257,22.8725,0.26282465984186276
45,2020-03-16,123.53,116.89,125.73,116.89,17883,84.0388,22.0875,0.2628250284392447
46,2020-03-17,119.33,114.97,119.33,109.39,23996,85.7352,22.5334,0.26282553723558116
47,2020-03-18,116.0,112.53,119.48,112.53,13464,85.7686,22.5421,0.2628246234635986
48,2020-03-19,113.22,106.71,113.33,104.03,25255,87.326,22.9514,0.2628243592973456
49,2020-03-20,108.53,107.54,113.77,104.95,28479,86.7698,22.8053,0.2628253147984667
50,2020-03-23,107.36,102.66,108.35,102.64,19728,84.4838,22.2044,0.2628243521243126
51,2020-03-24,104.94,105.18,109.03,103.66,22834,83.2768,21.8872,0.2628247002766677
52,2020-03-25,109.9,114.14,115.11,107.9,32496,80.885,21.2586,0.262824998454596
53,2020-03-26,115.25,118.93,119.39,112.53,24442,81.6526,21.4603,0.26282445384470304
54,2020-03-27,120.03,117.88,122.2,117.03,15750,85.4849,22.4676,0.2628253644795748
55,2020-03-30,116.56,117.29,118.91,112.49,18068,85.0233,22.3462,0.2628244257750522
56,2020-03-31,116.82,119.02,120.53,115.08,11588,87.7154,23.0538,0.26282499994299746
57,2020-04-01,119.48,117.73,121.53,115.73,11845,90.1627,23.697,0.26282487103868896
58,2020-04-02,118.93,119.27,120.21,116.6,10684,89.0114,23.3944,0.26282476177208763
59,2020-04-03,120.53,119.94,122.79,118.08,10697,89.829,23.6093,0.2628249229090828
60,2020-04-07,121.39,122.02,124.53,119.98,13478,89.6566,23.564,0.2628250457858094
61,2020-04-08,120.84,122.42,122.52,117.18,16346,91.2195,25.543,0.28001688235519817
62,2020-04-09,121.38,128.47,131.62,119.12,21336,88.6053,24.811,0.2800171095859954
63,2020-04-10,131.53,128.48,131.53,124.97,12026,83.1989,23.2971,0.2800169233006687
64,2020-04-13,127.37,126.75,130.13,125.63,9377,82.9319,23.2223,0.28001649546193924
65,2020-04-14,124.53,128.93,130.52,124.53,17284,83.9832,23.5167,0.28001671762924013
66,2020-04-15,129.93,128.78,132.76,128.41,16259,83.0988,23.269,0.2800160772478062
67,2020-04-16,128.79,135.03,137.52,127.59,20981,83.1266,23.2768,0.280016264348596
68,2020-04-17,132.55,128.54,134.13,127.93,23216,84.5282,23.6693,0.2800166098414494
69,2020-04-20,128.53,133.05,134.03,127.73,15367,85.3959,23.9123,0.28001695631757495
70,2020-04-21,133.23,130.54,135.28,127.03,20940,83.5994,23.4092,0.28001636375380684
71,2020-04-22,130.07,131.77,132.53,125.83,10572,81.4134,22.7971,0.28001655747088317
72,2020-04-23,132.46,140.23,144.69,132.46,34060,80.5235,22.5479,0.28001639273007256
73,2020-04-24,140.63,135.16,141.04,132.83,20311,82.7094,23.16,0.2800165398370681
74,2020-04-27,135.22,137.03,139.13,131.53,16427,86.158,24.1257,0.2800169456115508
75,2020-04-28,138.0,145.14,147.53,136.83,19653,88.1047,24.6708,0.2800168435963121
76,2020-04-29,139.56,143.65,153.53,139.54,17801,86.7754,24.2985,0.280015995316645
77,2020-04-30,142.73,137.13,143.64,134.12,26570,87.771,24.5773,0.28001617846441307
78,2020-05-06,137.03,137.9,138.03,134.55,14823,87.8822,24.6085,0.28001688624089976
79,2020-05-07,138.23,137.77,141.13,136.78,16029,87.1592,24.406,0.28001633791957703
80,2020-05-08,138.53,139.04,141.02,137.53,14661,88.0491,24.6552,0.2800164907988838
81,2020-05-11,140.52,133.7,140.53,132.54,24750,90.5076,25.3436,0.28001626382756806
82,2020-05-12,134.14,134.79,135.63,132.7,21434,91.8425,25.7174,0.28001633230802736
83,2020-05-13,135.72,138.54,140.4,134.72,15492,92.4488,25.8872,0.280016614601812
84,2020-05-14,138.53,139.04,140.3,137.53,10602,89.4897,25.0586,0.2800165829140113
85,2020-05-15,140.02,140.28,142.02,136.41,14551,88.5497,24.7954,0.28001675895005856
86,2020-05-18,145.53,143.13,151.02,141.73,27159,87.2036,24.4185,0.28001710938539237
87,2020-05-19,146.22,144.33,147.22,141.54,16581,91.1417,25.5212,0.2800167212154261
88,2020-05-20,142.93,142.84,146.49,142.19,11831,87.4818,24.4964,0.2800171006998027
89,2020-05-21,144.22,146.13,153.42,142.54,31785,86.2692,24.1568,0.2800165064704437
90,2020-05-22,146.41,145.83,150.5,144.03,14775,81.9307,22.942,0.2800171364335957
91,2020-05-25,146.92,150.23,152.32,144.03,28029,83.3213,23.3313,0.28001603431535516
92,2020-05-26,151.81,152.37,153.9,149.14,15600,81.8528,22.9202,0.2800172993471207
93,2020-05-27,152.53,147.08,152.53,146.14,11267,87.8822,24.6085,0.28001688624089976
94,2020-05-28,147.69,145.05,148.43,143.53,10169,85.941,24.0649,0.2800165229634284
95,2020-05-29,145.21,148.53,149.97,144.54,18989,89.3173,25.0103,0.280016301433205
96,2020-06-01,151.53,156.53,157.53,151.53,20199,88.9947,24.92,0.280016675150318
97,2020-06-02,158.54,148.73,159.01,147.53,23078,86.2136,24.1412,0.28001614594449137
98,2020-06-03,149.43,154.13,155.03,149.43,19193,84.4393,23.6444,0.2800165325861299
99,2020-06-04,152.63,154.53,155.52,152.24,14264,85.5239,23.9481,0.28001646323425383
100,2020-06-05,153.7,155.53,157.93,152.94,13345,86.0578,24.0976,0.2800164540576217
101,2020-06-08,160.53,155.73,160.53,151.13,19211,85.4293,23.9216,0.28001634099776074
102,2020-06-09,156.73,158.77,160.28,155.73,13615,84.2946,23.6039,0.28001675077644356
103,2020-06-10,157.9,162.98,164.95,157.9,16616,85.8799,24.0478,0.2800166278721796
104,2020-06-11,162.98,164.25,167.31,161.61,16073,90.3518,25.3,0.28001655750079135
105,2020-06-12,161.44,164.87,171.43,161.2,31884,93.6669,26.2283,0.28001674017182165
106,2020-06-15,171.43,169.35,178.41,165.93,26106,92.9716,26.0336,0.28001669326977274
107,2020-06-16,168.8,169.97,172.21,165.23,28131,95.8639,26.8435,0.28001677378032813
108,2020-06-17,169.65,172.63,175.14,169.53,17736,94.5346,26.4713,0.28001705195769594
109,2020-06-18,172.67,168.97,173.43,166.03,15935,95.3745,26.7064,0.28001614687364024
110,2020-06-19,168.93,174.9,176.93,168.93,21614,92.0761,25.7828,0.28001620398778837
111,2020-06-22,174.9,173.39,179.43,171.82,18195,94.1119,26.3529,0.2800166610173634
112,2020-06-23,174.43,175.78,178.04,172.83,19870,92.6323,25.9386,0.2800167975965187
113,2020-06-24,174.93,170.58,177.22,169.0,23552,92.2875,25.842,0.2800162535554653
114,2020-06-29,172.13,171.83,173.15,168.98,19620,89.7956,25.1443,0.28001706096957985
115,2020-06-30,167.93,165.87,169.81,162.83,77040,89.4508,25.0477,0.2800165006908826
116,2020-07-01,164.73,157.83,165.43,155.31,72219,89.245,21.9178,0.24559134965544285
117,2020-07-02,158.43,154.98,158.63,152.31,57240,86.9033,21.3427,0.2455913641944552
118,2020-07-03,154.73,157.02,158.81,151.58,58183,85.2124,20.9274,0.245591017269787
119,2020-07-06,154.54,158.15,158.38,151.54,50802,85.1012,20.9001,0.2455911314999083
120,2020-07-07,155.31,157.19,159.42,153.38,42536,84.5449,20.7635,0.2455913958145317
121,2020-07-08,157.2,155.24,158.03,152.57,36720,84.3224,20.7088,0.24559073271159265
122,2020-07-09,155.28,158.43,160.8,153.43,47383,81.3189,19.9712,0.24559112334278993
123,2020-07-10,158.43,163.43,164.33,158.03,50334,85.6574,21.0367,0.24559115733141562
124,2020-07-13,163.63,164.01,165.43,159.13,60059,81.2076,19.9439,0.24559154561888297
125,2020-07-14,164.01,157.94,164.01,155.63,35714,79.272,19.4685,0.24559112927641535
126,2020-07-15,157.93,161.43,168.63,157.44,61505,80.4011,19.7458,0.2455911672850247
127,2020-07-16,161.43,150.59,161.43,149.44,42913,83.3435,20.4684,0.245590837917774
128,2020-07-17,150.59,153.23,154.73,147.43,29407,82.1532,20.1761,0.24559116382563312
129,2020-07-20,154.93,150.73,155.03,146.34,34736,79.7058,19.575,0.24559065965086607
130,2020-07-21,150.71,158.53,159.0,149.4,43217,79.8727,19.616,0.24559079635469944
131,2020-07-22,159.43,160.71,167.33,159.43,41384,78.0428,19.1666,0.24559088090124906
132,2020-07-23,158.43,167.29,168.93,157.61,43092,78.8715,19.3701,0.24559061257868814
133,2020-07-24,167.29,160.21,167.29,157.43,29160,78.2041,19.2062,0.24559070432368635
134,2020-07-27,160.74,162.63,166.33,160.21,27473,76.6188,18.8169,0.24559116039405476
135,2020-07-28,164.29,164.32,166.79,159.7,25717,75.9291,18.6475,0.24559095261237127
136,2020-07-29,165.31,169.64,172.01,164.33,27954,75.651,18.5792,0.24559093733063675
137,2020-07-30,169.43,168.55,172.3,167.15,21427,73.5652,18.067,0.24559166562450724
138,2020-07-31,168.49,166.15,171.73,163.09,26753,72.9589,17.9181,0.24559169614673465
139,2020-08-03,165.88,161.73,166.23,159.66,41426,75.9291,18.6475,0.24559095261237127
140,2020-08-04,161.43,160.13,164.07,158.53,25675,75.2227,18.474,0.24559075917243064
141,2020-08-05,160.13,161.43,163.21,159.14,23968,75.2951,18.4918,0.24559101455473198
142,2020-08-06,161.44,161.23,162.92,158.93,21003,74.8668,18.3866,0.2455908359913874
143,2020-08-07,159.43,159.44,163.93,155.43,18141,78.4933,19.2772,0.24559038796941904
144,2020-08-10,158.43,161.83,162.4,155.43,23365,109.1565,21.8515,0.20018505540210618
145,2020-08-11,162.43,158.33,164.43,157.63,16803,102.949,20.6088,0.20018455740220886
146,2020-08-12,158.33,152.13,159.03,149.8,18924,101.5176,20.3223,0.20018499255301542
147,2020-08-13,151.03,148.2,151.41,147.31,21702,105.3983,21.0991,0.20018444320259435
148,2020-08-14,147.09,149.8,151.62,143.94,14009,98.9229,19.8028,0.20018418384418574
149,2020-08-17,149.43,153.73,154.18,147.77,14727,97.9814,19.6144,0.2001849330587234
150,2020-08-18,153.73,156.96,158.23,152.45,14150,99.9026,19.999,0.20018498017068623
151,2020-08-19,157.09,155.4,157.93,153.44,10678,96.4505,19.3079,0.20018455062441354
152,2020-08-20,155.28,152.88,156.73,151.89,9084,101.4181,20.3024,0.20018517404684175
153,2020-08-21,156.43,152.83,156.7,151.93,18508,96.6342,19.3447,0.20018482069495064
154,2020-08-24,153.37,154.42,155.11,149.82,12015,96.7491,19.3677,0.20018480792069382
155,2020-08-25,154.48,152.53,155.81,151.43,13595,95.0804,19.0336,0.2001842651061628
156,2020-08-26,152.73,153.01,158.43,152.53,21443,96.4046,19.2987,0.2001844310333739
157,2020-08-27,153.03,162.73,163.4,152.31,27301,96.397,19.2972,0.20018465304936875
158,2020-08-28,163.0,167.43,168.68,163.0,27162,91.7662,18.3702,0.20018481750361244
159,2020-08-31,155.43,164.62,170.43,153.44,24545,91.46,18.3089,0.20018478023179534
160,2020-09-01,165.44,164.93,167.08,163.31,16512,89.8679,17.9902,0.2001849381147217
161,2020-09-02,167.43,163.46,167.43,161.35,13045,89.3551,17.8875,0.20018443267368063
162,2020-09-03,164.44,165.53,168.9,163.0,20482,88.1764,17.6516,0.20018508353709152
163,2020-09-04,163.43,161.13,167.32,159.59,13322,89.1638,17.8492,0.20018437975949882
164,2020-09-07,161.39,156.29,163.38,154.43,14567,87.8396,17.5841,0.2001841993816001
165,2020-09-08,157.53,157.12,159.73,153.43,14639,88.2912,17.6745,0.20018416331412414
166,2020-09-09,155.3,150.23,155.3,149.43,17841,89.0949,17.8354,0.20018429786665679
167,2020-09-10,151.43,148.85,153.02,148.33,20835,85.4285,17.1015,0.2001849499874164
168,2020-09-11,148.85,153.15,155.75,147.93,20692,78.5703,15.7286,0.20018505720354893
169,2020-09-14,157.43,155.32,157.93,153.54,13553,76.6415,15.3425,0.20018527821089097
170,2020-09-15,155.04,159.43,160.43,153.23,13821,80.3767,16.0902,0.20018487944889501
171,2020-09-16,161.43,160.43,164.61,158.05,12691,79.7414,15.963,0.20018459670886138
172,2020-09-17,160.65,157.63,160.93,153.63,14258,84.1962,16.8548,0.20018480644019565
173,2020-09-18,157.86,157.57,161.12,154.93,10496,86.0638,17.2287,0.20018521143616713
174,2020-09-21,155.26,154.52,157.84,152.43,16677,87.5334,17.5228,0.20018415827558395
175,2020-09-22,154.52,159.89,161.93,153.43,21187,92.3096,18.479,0.20018502950939013
176,2020-09-23,160.97,163.74,165.31,158.44,18410,94.9121,18.9999,0.20018417040609154
177,2020-09-24,164.66,163.02,166.28,160.99,13716,96.351,19.288,0.20018474120662993
178,2020-09-25,163.09,163.58,166.42,162.53,12221,98.8157,19.7814,0.2001847884496087
179,2020-09-28,163.86,164.08,165.53,160.8,11226,100.27,20.0725,0.2001845018450185
180,2020-09-29,165.43,164.83,167.68,162.53,12976,102.6811,20.5552,0.20018484414366422
181,2020-09-30,165.52,164.75,168.42,161.7,23445,103.6302,20.7452,0.2001848881889642
182,2020-10-09,165.03,158.12,167.06,157.43,36198,97.1318,19.4443,0.2001846974935088
183,2020-10-12,158.81,167.75,168.19,156.4,34589,98.41,19.7002,0.20018494055482167
184,2020-10-13,168.37,172.33,175.42,167.43,28926,89.4623,17.909,0.2001848823470892
185,2020-10-14,172.33,174.93,179.9,169.93,20789,91.8886,18.3947,0.2001847889727344
186,2020-10-15,177.61,174.56,179.12,172.43,14890,92.1642,18.4499,0.2001851044114743
187,2020-10-16,177.88,173.77,179.36,171.43,16343,89.7837,17.9733,0.20018444327867976
188,2020-10-19,176.93,171.18,178.31,169.93,16238,94.1466,18.8467,0.20018460571066823
189,2020-10-20,170.05,171.29,173.43,169.0,13514,91.7891,18.3748,0.20018498928522013
190,2020-10-21,171.43,171.88,174.43,168.92,17417,89.4316,17.9028,0.2001842749095398
191,2020-10-22,172.83,170.63,172.83,168.13,10869,90.2583,18.0683,0.2001843597763308
192,2020-10-23,170.12,164.93,173.53,163.63,12758,86.3784,22.8087,0.2640555972326415
193,2020-10-26,163.93,168.02,170.43,163.44,11227,90.186,23.814,0.26405428780520257
194,2020-10-27,170.26,174.53,177.53,166.59,23406,91.2685,24.0999,0.26405495872069773
195,2020-10-28,174.53,177.43,179.32,173.0,18030,88.648,23.4079,0.26405446259362875
196,2020-10-29,176.31,178.32,181.33,175.43,20985,88.5435,23.3803,0.2640543913443675
197,2020-10-30,178.79,177.53,181.01,174.53,23120,88.1628,23.2798,0.26405468065896276
198,2020-11-02,178.56,178.63,182.93,175.64,22042,88.872,23.4671,0.2640550454586371
199,2020-11-03,178.63,181.63,184.42,178.43,23000,89.8724,23.7312,0.2640543704185045
200,2020-11-04,180.93,180.82,183.23,179.31,18902,91.8284,24.2477,0.264054475521734
201,2020-11-05,182.19,178.09,182.72,176.33,18304,94.8147,25.0363,0.26405504631665766
202,2020-11-06,176.43,172.46,178.43,168.47,31320,91.2386,24.092,0.26405490658558983
203,2020-11-09,172.46,167.96,173.9,166.11,37838,87.1847,23.0216,0.2640555051517066
204,2020-11-10,166.43,165.52,168.41,158.94,32984,87.8268,23.1911,0.264054935395574
205,2020-11-11,164.59,157.55,166.93,157.21,32821,84.736,22.375,0.26405541918429004
206,2020-11-12,158.43,156.93,160.93,153.09,29208,83.8998,22.1542,0.2640554566280253
207,2020-11-13,156.93,159.49,160.41,155.94,18058,85.602,22.6036,0.2640545781640616
208,2020-11-16,162.92,164.14,167.36,161.41,32337,82.892,21.888,0.26405443227331954
209,2020-11-17,164.01,161.67,164.93,159.43,16200,82.2574,21.7205,0.2640552704072825
210,2020-11-18,162.43,156.43,163.31,155.35,19510,82.2648,21.7224,0.26405461388102813
211,2020-11-19,156.43,160.03,161.24,154.94,17229,80.6298,21.2907,0.26405497719205556
212,2020-11-20,160.52,159.53,160.93,157.44,11699,78.8605,20.8235,0.2640548817215209
213,2020-11-23,160.47,161.4,163.8,158.43,19229,80.2043,21.1783,0.26405442102231425
214,2020-11-24,161.13,159.09,162.42,158.48,11804,77.0538,20.3464,0.2640544658407502
215,2020-11-25,159.09,148.8,159.93,148.36,43596,76.0832,20.0901,0.2640543510262449
216,2020-11-26,148.8,149.53,150.49,144.12,38633,70.9095,18.724,0.26405488686283224
217,2020-11-27,149.43,147.93,150.43,146.63,16515,71.3201,18.8324,0.2640545933053936
218,2020-11-30,147.94,148.41,149.93,139.31,44025,70.2898,18.5604,0.264055382146485
219,2020-12-01,147.37,147.83,149.93,146.83,23245,69.7448,18.4165,0.26405552815407024
