,日期,开盘,收盘,最高,最低,成交量,pe,pb,roe
0,2020-01-03,99.5,97.66,100.04,97.42,41004,65.4047,13.96,0.21344031850922027
1,2020-01-06,97.8,98.24,99.24,96.02,41503,63.655,13.5865,0.2134396355353075
2,2020-01-07,98.24,100.94,101.0,98.14,42623,66.4896,14.1915,0.21343939503320822
3,2020-01-08,100.94,98.72,100.94,98.46,28874,67.2157,14.3465,0.2134397172089259
4,2020-01-09,99.38,100.08,100.56,98.62,30757,66.6208,14.2195,0.21343934627023392
5,2020-01-10,100.1,101.96,102.82,100.1,39786,68.4405,14.6079,0.21343941087513973
6,2020-01-13,102.42,103.0,103.84,101.18,29401,68.8954,14.705,0.21343950394365954
7,2020-01-14,104.08,101.38,104.48,101.32,24838,68.6417,14.6509,0.2134402265678152
8,2020-01-15,101.36,102.38,103.3,101.2,23365,69.4728,14.8283,0.2134403680289264
9,2020-01-16,102.64,103.38,103.92,102.14,22403,67.5394,14.4156,0.21343985880834002
10,2020-01-17,102.94,103.12,104.0,102.32,19411,71.6338,15.2895,0.21343974492488185
11,2020-01-20,103.22,104.58,104.7,101.82,34533,72.5786,15.4912,0.21344032538516863
12,2020-01-21,105.12,103.18,105.2,101.2,31368,73.226,15.6294,0.2134405812143228
13,2020-01-22,103.32,105.82,106.56,101.6,40194,74.1796,15.8329,0.21344008325739156
14,2020-01-23,105.46,102.8,105.5,101.4,36128,73.4885,15.6854,0.21344019812623743
15,2020-02-03,92.78,92.78,96.38,92.78,51358,74.4858,15.8982,0.21343934011583415
16,2020-02-04,91.86,94.6,96.38,91.82,41762,73.8122,15.7545,0.2134403255830337
17,2020-02-05,95.42,98.6,99.16,93.6,45149,71.5638,15.2746,0.21344031479602815
18,2020-02-06,99.1,98.8,100.1,96.84,44761,71.7387,15.3119,0.21343988669992628
19,2020-02-07,97.6,97.1,98.78,95.96,28160,73.5322,15.6947,0.21343982636178435
20,2020-02-10,96.6,97.24,97.5,95.2,32382,73.3922,15.6648,0.2134395753227182
21,2020-02-11,96.78,100.36,101.2,96.2,45535,71.975,15.3623,0.21343938867662385
22,2020-02-12,99.6,102.26,102.82,99.38,36880,70.339,15.0131,0.21343920158091528
23,2020-02-13,102.58,99.58,102.58,99.42,22086,71.3013,15.2185,0.21343930615570825
24,2020-02-14,99.5,98.82,100.16,98.26,23913,71.3013,15.2185,0.21343930615570825
25,2020-02-17,99.18,98.8,100.14,98.3,49538,68.5717,16.1831,0.23600260748967866
26,2020-02-18,99.1,96.98,99.1,96.8,48747,67.2332,15.8672,0.23600245116995772
27,2020-02-19,96.92,96.86,97.66,95.96,30949,65.2648,15.4026,0.23600164253931677
28,2020-02-20,96.86,98.66,98.66,96.02,38695,67.5831,15.9498,0.2360027876791683
29,2020-02-21,98.6,98.68,99.4,96.78,52037,68.5892,16.1872,0.23600216943775404
30,2020-02-24,98.16,97.0,98.2,96.0,58438,68.423,16.148,0.23600251377460793
31,2020-02-25,94.98,93.54,94.98,91.98,75722,66.997,15.8114,0.23600161201247818
32,2020-02-26,93.44,89.38,93.44,89.26,66215,67.6619,15.9683,0.23600135378994677
33,2020-02-27,90.24,93.28,94.3,90.06,70172,67.0407,15.8218,0.2360029056975837
34,2020-02-28,91.6,91.4,93.3,89.98,64283,66.7433,15.7516,0.2360027148792463
35,2020-03-02,91.38,92.18,93.64,90.1,81328,64.7398,15.2787,0.23600165585930138
36,2020-03-03,93.08,94.26,95.3,92.6,53752,64.2849,15.1714,0.23600254492112457
37,2020-03-04,93.3,93.54,94.18,92.34,31403,59.3157,13.9986,0.2360015982277879
38,2020-03-05,94.22,96.86,97.0,93.82,47034,59.4119,14.0213,0.23600154177866722
39,2020-03-06,95.6,94.96,96.16,94.5,31684,58.5283,13.8128,0.23600207079310348
40,2020-03-09,93.6,91.2,94.0,91.16,48731,58.5983,13.8293,0.23600172701255837
41,2020-03-10,89.74,94.04,94.6,89.74,39777,59.2719,13.9883,0.2360022202763873
42,2020-03-11,94.04,94.68,95.86,93.7,34823,58.4408,13.7922,0.2360029294602401
43,2020-03-12,93.56,92.88,93.56,91.02,29545,59.8931,14.1349,0.23600214381957188
44,2020-03-13,89.6,91.4,92.76,89.6,44864,57.8984,13.6641,0.23600134027883324
45,2020-03-16,91.6,86.62,91.8,86.62,58596,58.2571,13.7488,0.2360021353620417
46,2020-03-17,86.6,84.22,88.2,83.22,50242,59.0007,13.9243,0.2360022847186559
47,2020-03-18,84.5,88.0,91.34,84.5,68765,59.7094,14.0915,0.2360013666189913
48,2020-03-19,88.6,85.82,88.9,84.3,50305,60.2518,14.2196,0.23600290779694547
49,2020-03-20,86.6,89.4,89.82,86.6,37816,60.8904,14.3703,0.2360027196405345
50,2020-03-23,87.6,89.54,92.46,87.32,52643,60.3305,14.2381,0.2360016906871317
51,2020-03-24,90.0,91.84,92.8,89.68,47091,60.4968,14.2774,0.2360025654249481
52,2020-03-25,94.0,94.18,94.52,92.02,40561,57.7234,13.6229,0.23600307674184126
53,2020-03-26,93.5,94.76,95.7,93.1,35304,56.6386,13.3668,0.236001596084649
54,2020-03-27,95.02,95.6,97.96,94.06,45790,58.8783,13.8954,0.23600205848334616
55,2020-03-30,94.12,94.7,96.3,93.8,28407,59.3594,14.009,0.23600305933011453
56,2020-03-31,95.46,95.2,96.24,94.42,28975,61.9578,14.6222,0.236002569490847
57,2020-04-01,94.56,94.46,96.04,93.6,23432,64.1712,15.1445,0.2360015084648565
58,2020-04-02,94.84,94.76,95.6,93.8,44477,63.1038,14.8926,0.23600163540072072
59,2020-04-03,94.96,95.5,98.8,94.58,46439,63.2263,14.9215,0.23600147407012587
60,2020-04-07,96.6,97.0,97.2,95.28,45225,60.803,14.3496,0.23600151308323605
61,2020-04-08,96.2,96.86,97.6,95.7,22526,62.4739,14.744,0.23600255466682887
62,2020-04-09,97.36,99.84,100.14,95.76,46206,62.3515,14.7151,0.23600234156355498
63,2020-04-10,99.76,99.9,102.34,98.18,36424,59.1932,13.9697,0.2360017704736355
64,2020-04-13,100.26,99.54,100.8,98.34,15701,57.1373,13.4845,0.23600170116543834
65,2020-04-14,102.8,108.36,109.0,102.8,119683,57.6535,13.6063,0.23600128353005453
66,2020-04-15,108.66,108.34,110.1,106.78,69994,57.1898,14.2976,0.25000262284533253
67,2020-04-16,106.6,107.4,108.3,105.78,49264,56.1224,14.0308,0.25000356363947374
68,2020-04-17,107.68,105.28,107.8,105.04,45974,57.4785,14.3698,0.25000304461668277
69,2020-04-20,106.32,105.08,106.92,104.36,35907,57.4085,14.3523,0.2500030483290802
70,2020-04-21,105.02,105.38,107.48,103.54,47142,56.6736,14.1686,0.2500035289799836
71,2020-04-22,105.3,108.52,109.2,105.16,57273,56.5424,14.1357,0.25000176858428363
72,2020-04-23,108.56,108.76,111.96,107.64,41157,55.8075,13.952,0.2500022398423151
73,2020-04-24,109.16,108.96,111.68,107.96,31231,55.8687,13.9673,0.25000223738873467
74,2020-04-27,108.96,110.6,111.2,107.94,29854,57.8284,14.4573,0.2500034585082762
75,2020-04-28,111.2,110.76,112.96,109.0,42081,59.1407,14.7853,0.2500021136036604
76,2020-04-29,110.58,106.58,110.58,104.84,59793,59.4732,14.8684,0.2500016814296187
77,2020-04-30,106.36,105.42,107.96,104.16,59598,58.782,14.6957,0.2500034024020959
78,2020-05-06,105.4,107.6,108.6,104.58,66680,58.2921,14.5732,0.25000300212207144
79,2020-05-07,108.18,108.68,109.4,106.4,37899,56.6211,14.1554,0.25000220765756936
80,2020-05-08,109.26,108.0,110.98,107.6,47543,56.5161,14.1292,0.25000309646277785
81,2020-05-11,108.56,106.8,108.8,106.56,43063,57.1898,14.2976,0.25000262284533253
82,2020-05-12,108.2,107.0,109.12,106.14,46943,54.9414,13.7355,0.2500027301816117
83,2020-05-13,107.58,110.9,112.56,106.34,61699,54.9851,13.7464,0.250002273343142
84,2020-05-14,111.18,108.4,111.9,107.8,49394,54.9851,13.7464,0.250002273343142
85,2020-05-15,108.4,106.12,108.94,105.6,47176,53.2791,13.3199,0.2500023461357268
86,2020-05-18,106.22,108.2,109.72,105.88,50977,52.8417,13.2106,0.25000331177838714
87,2020-05-19,108.82,108.86,110.28,108.02,30832,55.895,13.9739,0.25000268360318456
88,2020-05-20,110.24,106.0,110.72,105.16,47916,55.3701,13.8427,0.25000316055054983
89,2020-05-21,106.3,105.18,107.22,104.2,45030,55.7288,13.9323,0.2500017944043295
90,2020-05-22,104.8,103.3,105.26,102.14,41176,54.1453,13.5365,0.25000323204414787
91,2020-05-25,103.22,104.14,104.7,102.32,28492,54.4777,13.6196,0.2500032123235746
92,2020-05-26,104.48,107.66,108.44,103.64,34203,53.0954,13.274,0.250002825103493
93,2020-05-27,108.38,107.48,108.94,106.7,26292,55.9037,13.9761,0.25000313038314104
94,2020-05-28,107.4,108.2,108.68,106.36,32999,53.3054,13.3265,0.2500028139738188
95,2020-05-29,108.38,114.86,115.2,108.0,66836,53.0167,13.2543,0.2500023577476531
96,2020-06-01,115.4,114.8,116.8,113.88,49788,51.7656,12.9415,0.2500019317848146
97,2020-06-02,114.36,111.26,114.76,110.72,51991,52.0543,13.0137,0.2500024013386022
98,2020-06-03,111.74,110.8,112.14,109.8,31708,51.5294,12.8825,0.2500029109595687
99,2020-06-04,111.0,111.3,113.18,109.5,46482,50.987,12.7469,0.2500029419263734
100,2020-06-05,110.9,111.48,112.08,110.4,29870,48.4236,12.106,0.2500020651087486
101,2020-06-08,112.48,109.04,112.48,106.38,75345,47.7675,11.942,0.2500026168419951
102,2020-06-09,108.22,107.54,108.68,107.2,51362,49.0798,12.2701,0.25000305624717295
103,2020-06-10,107.54,107.82,107.86,106.6,43247,49.7097,12.4276,0.2500035204396728
104,2020-06-11,107.8,106.4,109.1,105.76,56470,47.7675,11.942,0.2500026168419951
105,2020-06-12,105.0,108.6,109.1,104.62,55822,45.9565,11.4893,0.25000380794882116
106,2020-06-15,108.0,105.82,109.7,105.4,55690,46.1753,11.5439,0.2500016242449968
107,2020-06-16,106.78,108.6,109.0,106.46,52415,46.2977,11.5746,0.2500037798853939
108,2020-06-17,109.0,106.76,109.0,106.2,40068,45.3791,11.3449,0.2500027545720387
109,2020-06-18,106.74,106.72,107.34,105.58,28279,46.0528,11.5133,0.25000217142063025
110,2020-06-19,106.06,108.68,110.6,106.06,54681,45.1954,11.299,0.2500033189218372
111,2020-06-22,108.38,107.14,108.7,106.9,50849,45.2129,11.3033,0.2500016588186115
112,2020-06-23,107.48,109.24,109.24,106.6,52966,46.0178,11.5046,0.25000325960823855
113,2020-06-24,109.02,108.96,110.8,108.22,57013,44.8017,11.2005,0.2500016740436189
114,2020-06-29,108.74,108.46,108.74,106.92,36504,46.0178,11.5046,0.25000325960823855
115,2020-06-30,108.6,112.6,113.74,108.06,60044,45.0554,11.264,0.2500033292346755
116,2020-07-01,112.08,117.04,118.06,111.56,73390,45.6766,11.4193,0.2500032839572122
117,2020-07-02,116.96,115.6,118.72,114.96,55483,45.5541,11.3886,0.25000164639406774
118,2020-07-03,116.2,112.6,116.6,110.6,61466,46.2102,11.5527,0.2500032460365893
119,2020-07-06,112.0,114.1,114.74,111.24,65580,47.2776,11.8195,0.2500021151665905
120,2020-07-07,113.8,119.96,120.3,113.7,68491,47.1988,11.7998,0.250002118697933
121,2020-07-08,118.5,121.2,122.4,117.4,62057,46.9801,11.7452,0.2500037249814283
122,2020-07-09,120.3,122.4,122.4,119.0,55655,47.1813,11.7955,0.25000370909661246
123,2020-07-10,121.5,121.74,123.24,119.8,48691,48.3396,12.6085,0.2608316990624664
124,2020-07-13,121.1,124.6,127.12,120.68,52700,48.3656,12.6153,0.2608320789982963
125,2020-07-14,125.0,125.26,127.8,121.82,35342,45.4757,11.8615,0.2608316089691857
126,2020-07-15,126.02,131.2,135.16,125.54,66528,45.1632,11.78,0.2608318276827151
127,2020-07-16,130.6,124.78,133.46,123.6,64039,45.2413,11.8003,0.26083025907743584
128,2020-07-17,124.8,127.94,129.4,124.8,37477,43.7139,11.4019,0.26083007921965323
129,2020-07-20,128.82,127.18,130.74,123.96,49449,43.3494,11.3069,0.2608317531499859
130,2020-07-21,126.06,130.8,130.94,126.0,32830,44.5123,10.6462,0.2391743405755263
131,2020-07-22,128.8,129.98,134.16,127.64,40285,44.8682,10.7313,0.23917384695619612
132,2020-07-23,128.84,131.18,131.84,128.4,31335,46.1092,11.0282,0.2391756959565553
133,2020-07-24,130.74,124.2,131.18,123.78,46184,45.8228,10.9597,0.23917569419590246
134,2020-07-27,124.22,125.2,128.4,123.74,31543,44.9202,10.7438,0.23917524855187644
135,2020-07-28,126.8,129.1,129.2,125.22,32566,45.9096,10.9804,0.23917437747224982
136,2020-07-29,128.78,129.1,129.8,127.42,41300,46.9944,11.2399,0.23917530599390568
137,2020-07-30,128.1,129.0,130.78,127.5,30058,45.3021,10.8351,0.23917434291125578
138,2020-07-31,130.02,134.14,134.14,128.34,37606,45.2153,10.8144,0.23917567725968863
139,2020-08-03,133.8,132.6,134.12,131.56,28019,45.736,10.9389,0.23917482945600843
140,2020-08-04,132.6,132.84,134.0,130.48,26418,46.0311,11.0095,0.23917525325269218
141,2020-08-05,132.86,136.66,138.4,131.5,32032,45.5624,10.8974,0.23917528488402717
142,2020-08-06,137.0,137.78,138.4,134.66,26471,44.6165,10.6711,0.23917384824000087
143,2020-08-07,136.96,139.36,141.18,136.6,27696,45.1198,10.7915,0.23917437577294226
144,2020-08-10,138.72,138.6,140.72,136.92,22416,46.9337,11.8419,0.2523112390457177
145,2020-08-11,138.22,135.6,140.84,134.88,25680,46.8642,11.8243,0.2523098655263506
146,2020-08-12,135.42,131.12,136.78,129.78,32438,46.1526,11.6448,0.2523108123919346
147,2020-08-13,131.42,130.98,134.16,130.48,21889,46.0658,11.6229,0.25231082495039703
148,2020-08-14,131.46,132.66,133.28,129.78,28227,45.9617,11.5966,0.25231007556291435
149,2020-08-17,132.5,132.96,133.42,130.36,38137,44.5991,11.2528,0.25231002419331333
150,2020-08-18,132.34,134.64,135.4,131.68,25759,44.4689,11.22,0.252311165781029
151,2020-08-19,134.4,134.8,136.6,132.0,32482,44.5557,11.2419,0.2523111521084844
152,2020-08-20,134.26,131.7,134.4,130.58,28292,45.4757,11.474,0.2523105746585539
153,2020-08-21,133.12,134.14,134.74,132.02,27398,45.8835,11.5769,0.25231074351346344
154,2020-08-24,135.0,135.2,137.36,134.6,51408,45.8922,11.5791,0.25231085020983957
155,2020-08-25,136.76,134.02,137.2,133.8,24513,55.2675,11.3273,0.20495408694078798
156,2020-08-26,134.9,138.72,140.22,134.26,44177,55.4727,11.3693,0.20495306700412996
157,2020-08-27,138.48,145.94,146.6,136.5,53581,55.4385,11.3623,0.20495323646924068
158,2020-08-28,145.6,146.22,146.78,143.4,45248,53.7395,11.0141,0.20495352580504098
159,2020-08-31,145.4,142.4,146.2,141.86,47885,53.8194,11.0305,0.20495397570392831
160,2020-09-01,143.46,147.94,150.1,141.84,44872,52.9642,10.8552,0.20495353465170815
161,2020-09-02,147.3,147.66,148.78,143.6,47536,52.5423,10.7687,0.20495296170894692
162,2020-09-03,147.38,150.1,153.88,147.28,48437,52.3712,10.7337,0.20495424966393744
163,2020-09-04,147.36,145.04,149.34,142.76,46752,52.7931,10.8201,0.20495291998386153
164,2020-09-07,144.98,139.1,144.98,138.0,40858,52.5081,10.7617,0.204953140563075
165,2020-09-08,139.4,138.0,140.0,135.5,47231,53.0212,10.8669,0.20495386750959993
166,2020-09-09,138.68,132.88,138.68,131.56,48246,52.5423,10.7687,0.20495296170894692
167,2020-09-10,135.2,135.36,137.38,134.56,30074,52.2116,10.7009,0.20495253928245832
168,2020-09-11,135.68,141.7,142.46,135.0,49347,50.8775,10.4275,0.20495307355903888
169,2020-09-14,143.38,141.32,143.58,140.0,28492,49.5663,10.1588,0.20495376899223866
170,2020-09-15,141.0,142.6,143.3,139.0,17918,49.4864,10.1424,0.20495328009311647
171,2020-09-16,142.2,141.14,144.54,138.78,27248,47.4454,9.7241,0.20495348337246605
172,2020-09-17,140.0,139.9,141.42,136.8,29002,48.6883,9.9788,0.20495272991663294
173,2020-09-18,140.88,138.28,142.4,135.64,39870,46.5332,9.5371,0.20495259298737248
174,2020-09-21,139.44,136.58,140.16,136.16,25837,47.9015,9.8176,0.20495391584814673
175,2020-09-22,135.68,135.76,138.16,135.02,23032,50.6267,10.3761,0.20495311762370447
176,2020-09-23,137.32,140.32,142.0,136.14,35296,51.4705,10.549,0.204952351346888
177,2020-09-24,139.4,137.0,139.72,135.8,21792,52.4967,10.7594,0.20495383519345026
178,2020-09-25,138.66,138.9,140.98,136.8,22835,52.1318,10.6846,0.20495359837949198
179,2020-09-28,139.3,137.36,141.0,136.32,18691,50.5127,10.3527,0.20495241790678384
180,2020-09-29,137.4,137.2,139.34,136.8,14642,52.6563,10.7921,0.2049536332784491
181,2020-09-30,137.26,139.22,141.0,136.5,18225,53.7395,11.0141,0.20495352580504098
182,2020-10-09,140.28,139.0,141.36,136.8,18098,51.8467,10.6262,0.20495422080865322
183,2020-10-12,139.4,150.36,150.5,139.4,46438,52.2572,10.7103,0.2049535757752042
184,2020-10-13,149.62,151.4,155.94,148.52,26886,51.0714,10.4672,0.20495228249078742
185,2020-10-14,151.94,155.98,157.0,150.42,30211,50.6267,10.3761,0.20495311762370447
186,2020-10-15,155.94,156.66,158.94,154.56,24316,51.6985,10.5958,0.2049537220615685
187,2020-10-16,155.58,158.08,160.66,155.58,26639,49.475,10.1401,0.20495401718039413
188,2020-10-19,158.4,156.56,159.62,155.0,20889,51.8467,10.6262,0.20495422080865322
189,2020-10-20,156.54,159.82,160.76,155.5,19390,53.8194,11.0305,0.20495397570392831
190,2020-10-21,160.86,160.2,163.4,158.92,24350,54.7772,11.2268,0.20495388592334038
191,2020-10-22,160.6,157.9,161.18,155.46,20960,54.7658,11.2244,0.20495272597131786
192,2020-10-23,158.24,152.6,159.54,150.44,24590,53.7395,11.0141,0.20495352580504098
193,2020-10-26,152.4,157.1,158.58,149.68,19832,53.808,11.0281,0.20495279512340173
194,2020-10-27,157.2,160.16,163.0,155.84,36994,54.8456,11.2408,0.20495354230786061
195,2020-10-28,159.0,166.4,169.1,158.96,47669,54.857,11.2431,0.20495287748145177
196,2020-10-29,165.74,166.4,169.94,164.76,38285,55.2903,11.3319,0.2049527674836273
197,2020-10-30,168.4,164.2,168.4,163.6,30556,56.8182,11.6451,0.20495369441481778
198,2020-11-02,165.2,167.94,169.0,165.2,24935,55.735,11.4231,0.20495379922849197
199,2020-11-03,168.52,171.18,172.56,165.8,29289,53.9562,11.0585,0.20495327691720322
200,2020-11-04,171.18,171.5,172.78,168.4,21531,53.8764,11.0421,0.20495244671136156
201,2020-11-05,171.58,167.4,172.64,167.0,34071,54.8456,11.2408,0.20495354230786061
202,2020-11-06,169.94,167.0,170.76,164.74,30992,54.7315,11.2174,0.20495327188182308
203,2020-11-09,168.0,172.14,173.28,167.88,33612,52.4511,10.75,0.20495280365902718
204,2020-11-10,172.46,173.68,174.5,170.44,27843,51.4134,10.5374,0.20495435042226345
205,2020-11-11,173.12,171.4,176.28,170.76,26832,57.1261,11.7082,0.20495360264397533
206,2020-11-12,170.82,172.98,175.16,170.72,15382,58.8478,12.0611,0.20495413592351797
207,2020-11-13,173.04,170.8,173.78,169.4,19850,57.3427,11.7526,0.20495372558320413
208,2020-11-16,170.8,169.32,170.94,167.2,20889,58.1409,11.9162,0.20495382768412596
209,2020-11-17,169.0,167.16,169.2,159.4,49407,57.3085,11.7456,0.20495388991161867
210,2020-11-18,166.16,157.8,166.4,156.56,46982,57.4567,11.7759,0.2049525990876608
211,2020-11-19,157.7,162.22,162.54,152.96,41641,56.8866,11.6591,0.20495336335797887
212,2020-11-20,162.1,160.32,164.86,159.78,29607,56.3165,11.5423,0.20495414310193283
213,2020-11-23,159.6,160.9,163.12,157.6,22560,57.2401,11.7315,0.20495247213055184
214,2020-11-24,159.94,159.86,161.8,158.44,22947,56.6471,11.61,0.20495312204861324
215,2020-11-25,160.0,155.7,161.16,154.64,42482,55.5753,11.3903,0.20495255986022567
216,2020-11-26,155.88,157.06,158.64,155.02,26443,54.8,11.2314,0.20495255474452556
217,2020-11-27,155.78,155.4,157.32,154.6,19270,56.0656,11.4908,0.20495276961273934
218,2020-11-30,155.44,148.92,156.12,148.84,50469,54.5263,11.1753,0.20495247247658469
219,2020-12-01,149.54,152.92,152.94,149.04,41216,54.1956,11.1076,0.20495390769730384
