,日期,开盘,收盘,最高,最低,成交量,pe,pb,roe
0,2020-01-03,51.9,51.59,52.1,50.99,28382,101.2667,12.3059,0.12151970983551354
1,2020-01-06,51.29,51.87,52.85,50.41,38002,99.3595,12.0742,0.12152033776337441
2,2020-01-07,51.87,52.9,52.94,51.59,31287,99.4965,12.0908,0.1215198524571216
3,2020-01-08,52.44,52.35,52.88,51.79,25641,100.9355,12.2657,0.12152017872799957
4,2020-01-09,53.06,57.1,57.36,52.87,70941,98.994,12.0298,0.12152049619168838
5,2020-01-10,56.98,56.8,57.62,55.74,44722,106.0748,12.8902,0.12151990859280433
6,2020-01-13,56.69,57.79,58.11,56.04,42375,106.703,12.9666,0.12152048208578953
7,2020-01-14,57.81,57.4,59.01,57.2,31684,105.9949,12.8805,0.12151999766026478
8,2020-01-15,57.86,58.22,59.69,57.29,34610,99.3595,12.0742,0.12152033776337441
9,2020-01-16,58.4,60.58,60.92,57.68,40482,96.1617,11.6856,0.12152031422073446
10,2020-01-17,60.19,60.49,62.36,59.7,36035,97.852,11.891,0.12152025507909904
11,2020-01-20,60.69,61.89,64.71,59.94,30977,99.1539,12.0492,0.12152018226211982
12,2020-01-21,61.79,62.14,63.88,61.11,35809,98.4458,11.9632,0.12152067432028588
13,2020-01-22,55.95,55.95,55.95,55.95,15653,99.1882,12.0534,0.1215205034469826
14,2020-01-23,51.49,50.64,53.98,50.38,200998,100.0904,12.163,0.12152014578820745
15,2020-02-03,49.94,51.51,54.63,46.85,120764,105.8578,12.8639,0.12152056815841629
16,2020-02-04,51.8,51.71,53.01,49.07,133071,115.7938,14.0713,0.12152032319519698
17,2020-02-05,54.34,56.86,56.86,53.47,150465,117.3127,14.2559,0.12152051738643813
18,2020-02-06,57.62,59.19,62.15,56.34,144485,121.3899,14.7513,0.12151999466182938
19,2020-02-07,59.01,56.9,59.09,56.24,89903,122.6005,14.8984,0.12151989592212105
20,2020-02-10,57.07,56.28,57.79,55.29,69367,122.9088,14.9359,0.12152018407144159
21,2020-02-11,55.98,57.67,58.77,55.53,67705,120.8303,14.6833,0.12152001608867974
22,2020-02-12,57.05,57.86,58.79,56.59,51475,120.3049,14.6195,0.12152040357458424
23,2020-02-13,58.04,55.76,58.04,55.54,58139,126.8261,15.4119,0.12151993950771962
24,2020-02-14,55.71,55.74,57.49,55.14,53814,127.0545,15.4397,0.12152029247291517
25,2020-02-17,56.06,56.65,57.62,55.74,57060,128.5278,18.4531,0.14357283015814476
26,2020-02-18,56.79,56.74,57.73,56.42,33922,126.7233,18.194,0.14357265001779468
27,2020-02-19,56.57,55.23,56.74,55.19,48754,123.1144,17.6759,0.14357296953077786
28,2020-02-20,55.23,55.37,55.87,54.13,58781,127.2829,18.2744,0.14357309583612568
29,2020-02-21,55.19,56.59,57.57,54.21,65808,127.3972,18.2908,0.1435730141635766
30,2020-02-24,57.21,58.34,58.99,57.19,61122,128.2729,18.4165,0.14357280454406193
31,2020-02-25,57.18,59.14,60.64,56.49,71856,128.3753,18.4312,0.14357279009279822
32,2020-02-26,58.27,56.26,59.87,56.09,59941,133.1439,19.1158,0.14357248060181502
33,2020-02-27,56.25,56.55,57.39,54.94,55795,131.7213,18.9116,0.14357283142513777
34,2020-02-28,55.99,54.31,56.07,53.34,57467,132.9162,19.0831,0.14357241630440834
35,2020-03-02,54.33,53.89,54.99,52.18,57715,128.7167,18.4802,0.14357266772687616
36,2020-03-03,54.29,57.68,58.18,54.26,83968,123.345,17.709,0.14357290526571811
37,2020-03-04,57.2,56.87,58.46,56.27,61305,118.1554,16.9639,0.1435727863474712
38,2020-03-05,57.23,59.25,60.62,57.12,70907,116.4027,16.7123,0.1435731301765337
39,2020-03-06,59.79,59.34,60.69,58.71,44753,115.276,16.5505,0.14357281654464069
40,2020-03-09,60.77,59.32,62.61,57.2,75594,113.3982,16.2809,0.1435728256709542
41,2020-03-10,58.49,59.07,60.58,57.14,64067,113.6258,16.3136,0.14357302654854798
42,2020-03-11,59.99,59.05,60.77,58.32,55711,112.9885,16.2221,0.14357301849303247
43,2020-03-12,58.19,56.79,58.74,55.74,57369,113.4665,16.2907,0.14357277258045328
44,2020-03-13,53.19,55.34,56.65,52.52,54657,109.5401,15.727,0.14357299290396852
45,2020-03-16,55.69,51.08,55.69,50.49,57802,110.792,16.1731,0.14597714636435846
46,2020-03-17,50.3,51.08,51.5,48.55,55457,120.6364,17.6101,0.14597667039135784
47,2020-03-18,51.19,50.39,53.13,50.3,34806,117.8253,17.1998,0.14597713733807594
48,2020-03-19,50.19,50.01,51.99,48.32,48237,116.6759,17.032,0.14597701839025884
49,2020-03-20,50.49,51.59,51.67,49.39,48170,119.9535,17.5104,0.14597656591929373
50,2020-03-23,51.18,48.81,51.18,48.49,33883,114.8322,16.7628,0.14597647698119515
51,2020-03-24,49.97,53.49,53.65,49.47,84808,119.3845,17.4274,0.14597707407578034
52,2020-03-25,53.84,55.0,55.44,52.99,63809,115.0484,16.7944,0.14597682366725656
53,2020-03-26,55.0,57.25,57.75,54.01,63583,113.1706,16.5203,0.14597695868008123
54,2020-03-27,57.98,57.99,58.93,56.74,58680,117.3473,17.13,0.14597694194923955
55,2020-03-30,57.89,56.53,58.57,55.66,41130,117.4611,17.1466,0.1459768382894422
56,2020-03-31,56.79,56.48,57.0,55.25,43646,124.062,18.1102,0.14597701149425288
57,2020-04-01,56.19,56.36,56.99,55.0,32997,129.1947,18.8594,0.14597657643850714
58,2020-04-02,56.49,58.83,59.54,55.82,48085,126.5771,18.4773,0.1459766419044203
59,2020-04-03,58.79,58.68,59.98,58.26,25490,126.5658,18.4757,0.1459770332901937
60,2020-04-07,59.19,59.79,60.58,59.02,36146,122.5483,17.8892,0.1459767291753537
61,2020-04-08,59.8,59.84,60.19,58.41,26945,122.8898,17.9391,0.1459771274751851
62,2020-04-09,60.69,62.37,64.45,60.25,40727,120.9664,17.6583,0.1459768993704037
63,2020-04-10,62.37,61.2,64.2,60.69,38732,119.4983,17.444,0.14597697205734306
64,2020-04-13,61.7,61.07,62.59,59.95,28971,114.946,16.7794,0.14597637151358028
65,2020-04-14,61.89,64.45,64.63,60.86,51533,110.4392,16.1216,0.14597715303986267
66,2020-04-15,63.41,66.19,66.39,63.39,64239,110.0978,16.0717,0.14597657718864498
67,2020-04-16,68.19,71.29,72.79,65.39,102092,107.1843,15.6464,0.1459766029166585
68,2020-04-17,70.19,67.52,70.19,66.29,70367,105.1585,15.3507,0.1459767874208932
69,2020-04-20,68.7,69.99,72.39,68.29,48678,101.767,14.8556,0.14597659359124276
70,2020-04-21,69.75,67.14,69.75,66.48,42080,99.9006,17.9114,0.1792922164631644
71,2020-04-22,67.29,69.51,70.04,66.19,38410,96.1221,17.234,0.17929279530929934
72,2020-04-23,72.69,75.19,76.44,72.19,141320,95.3141,17.0891,0.17929246564778978
73,2020-04-24,76.59,73.19,76.84,71.94,85858,94.9272,17.0197,0.17929213123319765
74,2020-04-27,73.32,74.24,75.28,70.2,52609,99.3771,17.8176,0.17929281494428795
75,2020-04-28,72.19,75.65,76.43,71.74,42342,99.8664,17.9053,0.17929253482652824
76,2020-04-29,75.2,72.98,76.65,71.87,42465,100.4013,18.0012,0.17929249920070756
77,2020-04-30,72.76,69.19,72.76,67.09,77172,103.7359,18.5991,0.17929280027454333
78,2020-05-06,69.15,69.97,70.46,67.73,69921,106.7518,19.1398,0.179292527151767
79,2020-05-07,69.29,70.92,71.55,69.19,38763,107.207,19.2214,0.17929239695169158
80,2020-05-08,71.02,71.19,73.05,70.55,33004,108.641,19.4785,0.17929234819267126
81,2020-05-11,72.09,68.78,72.2,67.64,76568,109.7336,19.6744,0.17929239540122624
82,2020-05-12,69.47,71.12,73.17,69.47,62359,105.4999,18.9154,0.17929306094129002
83,2020-05-13,72.31,71.69,72.69,69.22,52984,106.9794,19.1806,0.17929246191322815
84,2020-05-14,71.55,69.37,72.1,69.29,60883,104.009,18.6481,0.1792931380938188
85,2020-05-15,69.44,70.54,70.68,68.2,56026,104.6008,18.7542,0.1792930838005063
86,2020-05-18,70.64,69.3,71.17,69.29,83431,103.9635,18.6399,0.17929273254555686
87,2020-05-19,69.2,69.39,69.89,68.63,42988,111.0765,19.9152,0.1792926496603692
88,2020-05-20,69.18,69.46,70.09,68.41,44020,105.4658,18.9092,0.1792922445001128
89,2020-05-21,69.68,68.75,71.1,68.59,47539,103.292,18.5195,0.17929268481586183
90,2020-05-22,68.79,67.44,69.49,66.85,49454,99.7868,17.891,0.17929225107930105
91,2020-05-25,67.19,68.56,69.07,66.85,44113,102.4271,18.3644,0.1792923942979934
92,2020-05-26,69.29,70.49,72.09,68.92,55312,99.616,17.8604,0.1792924831352393
93,2020-05-27,71.0,68.49,71.48,68.19,38169,108.5386,19.4602,0.1792928967206137
94,2020-05-28,67.44,67.01,68.42,65.66,64682,103.053,18.4767,0.17929317923786792
95,2020-05-29,66.39,70.31,71.12,66.39,69463,108.6865,19.4867,0.17929273644840896
96,2020-06-01,71.94,73.47,74.19,70.82,51339,100.6403,18.0441,0.17929298700421203
97,2020-06-02,73.54,71.47,74.84,71.25,43929,98.0227,17.5748,0.17929316372636134
98,2020-06-03,71.91,73.6,73.79,71.29,49313,95.0979,17.0503,0.17929207690180332
99,2020-06-04,74.15,79.34,80.14,73.61,73721,93.7777,16.8137,0.1792931581815293
100,2020-06-05,78.69,78.14,79.46,76.77,40054,92.6396,16.6096,0.17929265670404448
101,2020-06-08,78.47,77.33,79.45,76.19,33556,93.7891,16.8157,0.17929268966223152
102,2020-06-09,77.48,77.99,78.57,76.59,28640,93.2656,16.7218,0.1792922578099535
103,2020-06-10,77.92,78.94,80.46,77.59,31880,96.2815,17.2626,0.1792930105991286
104,2020-06-11,78.19,78.15,79.87,77.83,27490,101.8581,17.7693,0.17445151637425008
105,2020-06-12,76.39,78.93,80.32,76.39,43265,102.4271,17.8686,0.17445187845794718
106,2020-06-15,82.19,84.49,85.89,80.57,81646,98.2731,17.1439,0.17445160476264612
107,2020-06-16,84.5,87.19,88.0,83.29,57302,97.9317,17.0843,0.17445117362406654
108,2020-06-17,87.19,87.15,90.17,86.19,66321,93.038,16.2306,0.17445129946903415
109,2020-06-18,87.09,81.39,87.09,80.76,90460,92.981,16.2207,0.1744517697163937
110,2020-06-19,81.8,81.89,83.79,80.52,64385,92.412,16.1214,0.1744513699519543
111,2020-06-22,82.37,81.94,84.02,81.19,52999,98.9673,17.265,0.17445156127326905
112,2020-06-23,82.19,86.24,86.79,82.19,59071,99.0129,17.2729,0.17445100587903192
113,2020-06-24,85.62,86.54,87.44,84.7,42843,95.9401,16.7369,0.1744515588372328
114,2020-06-29,86.26,90.19,90.57,85.69,58885,89.6123,15.633,0.17445149828762344
115,2020-06-30,89.13,89.69,90.62,88.0,44315,88.7246,15.4781,0.1744510541608528
116,2020-07-01,89.83,84.93,89.83,82.98,68128,89.6237,15.635,0.17445162384503207
117,2020-07-02,83.93,82.28,86.28,81.36,81179,88.5425,15.4464,0.17445181692407602
118,2020-07-03,82.13,82.74,83.67,77.23,78475,87.7914,15.3153,0.17445102823283376
119,2020-07-06,82.63,81.73,82.73,79.44,103479,88.7133,15.4762,0.1744518578386781
120,2020-07-07,80.45,82.73,83.83,79.03,85801,90.0789,15.7144,0.1744515086218859
121,2020-07-08,82.68,83.89,86.13,82.33,70492,83.5464,14.5748,0.1744515622456503
122,2020-07-09,83.33,86.46,87.56,82.63,64109,81.1223,14.1519,0.17445141471580564
123,2020-07-10,86.65,88.76,92.33,86.56,71793,83.3984,14.549,0.17445178804389533
124,2020-07-13,88.76,95.83,95.87,88.76,89669,79.8021,13.9216,0.17445154952062666
125,2020-07-14,96.24,90.88,96.82,89.03,74516,76.0464,13.2664,0.17445138757390224
126,2020-07-15,93.61,95.7,99.51,93.58,79641,77.7308,13.5603,0.1744520833440541
127,2020-07-16,94.35,87.86,95.91,87.23,66665,80.0069,13.9573,0.1744512035836909
128,2020-07-17,88.17,90.33,92.81,86.93,48449,77.8105,13.5742,0.17445203410850718
129,2020-07-20,91.98,88.01,92.33,84.89,62275,76.5358,13.3518,0.17445169450113543
130,2020-07-21,88.02,91.09,91.33,86.33,46036,78.0267,13.6119,0.17445182226084147
131,2020-07-22,90.13,93.0,94.82,90.13,40338,78.8347,13.7528,0.17445109831076924
132,2020-07-23,91.43,97.93,99.51,91.38,72891,78.7551,13.7389,0.17445092444806748
133,2020-07-24,96.53,91.68,99.03,90.63,57463,78.6526,13.7211,0.17445195708724184
134,2020-07-27,92.93,92.24,96.21,90.03,53852,80.0639,13.9673,0.17445190653965145
135,2020-07-28,92.88,91.72,93.99,90.61,39726,78.7323,13.735,0.1744519085559548
136,2020-07-29,90.85,94.33,96.49,90.77,58425,81.3726,14.1956,0.17445184251209866
137,2020-07-30,96.04,93.03,96.09,92.21,46567,80.7239,14.0824,0.17445143259926738
138,2020-07-31,93.21,96.75,98.13,92.83,57126,78.0608,13.6178,0.1744511970156596
139,2020-08-03,98.53,95.79,99.42,94.43,63771,80.8036,14.0963,0.17445138582934422
140,2020-08-04,96.31,94.53,96.78,93.33,51264,80.4963,14.0427,0.17445149652841185
141,2020-08-05,93.33,94.13,95.54,92.38,42629,79.4151,13.8541,0.17445171006521432
142,2020-08-06,94.33,91.48,95.53,90.23,45866,78.5274,13.6992,0.17445121066022815
143,2020-08-07,91.49,88.55,92.82,87.33,42223,82.8408,14.4517,0.1744514780156638
144,2020-08-10,88.55,88.08,89.09,85.0,52882,85.8794,14.9818,0.17445161470620427
145,2020-08-11,88.26,87.65,89.33,86.88,37930,145.3204,15.4943,0.10662164431146626
146,2020-08-12,86.8,83.74,87.56,82.54,54722,143.2598,15.2746,0.10662167614362157
147,2020-08-13,84.4,84.08,85.55,83.72,32302,147.1847,15.6931,0.10662181599038487
148,2020-08-14,84.68,84.79,85.68,82.98,31881,136.0379,14.5046,0.10662175761313575
149,2020-08-17,84.8,88.11,88.31,83.91,51787,131.3869,14.0087,0.10662174082804297
150,2020-08-18,93.73,89.75,95.83,89.33,117172,136.9799,14.6051,0.10662221245598807
151,2020-08-19,90.49,92.73,95.53,90.33,104676,132.1326,14.0882,0.1066216815532276
152,2020-08-20,92.13,94.51,94.99,91.59,67582,139.5311,14.8771,0.10662210790282596
153,2020-08-21,93.82,97.07,97.83,93.33,66043,129.5225,13.8099,0.10662162944662125
154,2020-08-24,96.35,97.37,99.15,94.53,67468,126.1079,13.4459,0.10662218623892714
155,2020-08-25,98.2,101.33,102.93,97.67,79840,119.4747,12.7386,0.10662173665219499
156,2020-08-26,102.13,105.33,106.53,101.63,70802,119.7299,12.7658,0.10662165424008539
157,2020-08-27,105.26,106.62,107.83,102.34,43283,122.0259,13.0106,0.10662162704802834
158,2020-08-28,106.75,108.31,108.83,105.33,63574,117.0609,12.4813,0.10662227951433825
159,2020-08-31,108.88,108.01,109.63,105.68,42811,116.9628,12.4708,0.10662193449541223
160,2020-09-01,108.3,111.54,112.83,108.3,50204,114.7844,12.2385,0.10662163151090218
161,2020-09-02,111.72,111.55,112.61,109.33,36301,115.0788,12.2699,0.10662172354942874
162,2020-09-03,110.32,113.85,116.69,110.32,40442,110.2315,11.7531,0.1066219728480516
163,2020-09-04,109.71,109.34,111.03,107.42,49394,110.467,11.7782,0.10662188707939928
164,2020-09-07,109.34,103.54,110.43,103.41,70306,110.5652,11.7887,0.10662215597674495
165,2020-09-08,105.71,103.44,106.03,102.28,54089,113.4303,12.0942,0.10662230462230991
166,2020-09-09,103.43,99.77,104.42,98.33,48683,111.9781,11.9393,0.1066217412154698
167,2020-09-10,102.33,101.42,104.82,100.41,45671,107.5626,11.4685,0.10662163242614069
168,2020-09-11,104.04,105.23,106.32,101.54,46760,104.5993,11.1526,0.10662212844636627
169,2020-09-14,107.02,101.23,107.32,99.13,69758,95.4149,10.1733,0.10662171212253012
170,2020-09-15,101.23,105.73,105.99,100.93,38827,100.8706,10.755,0.10662175103548507
171,2020-09-16,104.73,102.85,105.28,101.54,35400,97.7699,10.4244,0.1066217721405054
172,2020-09-17,103.68,103.86,105.82,100.01,30513,98.5156,10.5039,0.10662169240201551
173,2020-09-18,104.73,106.33,106.73,103.03,37394,99.8697,10.6483,0.10662192837266961
174,2020-09-21,104.62,97.68,105.32,96.72,92313,99.8697,10.6483,0.10662192837266961
175,2020-09-22,97.13,96.58,98.59,96.41,40572,108.2298,11.5397,0.10662220571413789
176,2020-09-23,97.66,100.03,101.18,96.85,38763,111.0754,11.8431,0.10662216836491248
177,2020-09-24,99.23,99.61,100.53,97.52,26433,115.5106,12.3159,0.10662138366522206
178,2020-09-25,99.31,100.17,103.82,99.31,29735,115.5498,12.3201,0.10662156057388243
179,2020-09-28,101.33,99.97,101.53,99.06,30411,116.0404,12.3724,0.10662148699935539
180,2020-09-29,100.34,101.62,103.13,99.85,38692,116.0797,12.3766,0.10662157121357137
181,2020-09-30,102.39,102.61,106.12,102.13,50975,115.9031,12.3578,0.10662182461038575
182,2020-10-09,103.83,104.15,107.23,102.7,64108,111.2324,11.8598,0.10662181163042422
183,2020-10-12,105.88,108.71,110.0,105.69,61635,112.822,12.0293,0.10662193543812376
184,2020-10-13,108.71,113.43,114.33,107.46,38356,105.3843,11.2363,0.10662214390568614
185,2020-10-14,113.23,117.12,117.53,111.43,49213,106.2085,11.3241,0.10662140977417062
186,2020-10-15,116.33,116.07,116.63,113.2,42798,110.6044,11.7928,0.10662143639855196
187,2020-10-16,116.33,117.32,118.66,114.43,34383,110.0353,11.7322,0.10662214761990016
188,2020-10-19,117.61,113.13,118.21,111.33,51712,115.6872,12.3348,0.10662199448167126
189,2020-10-20,112.82,113.04,114.21,111.34,32835,114.1172,12.1674,0.10662196408604488
190,2020-10-21,113.04,111.88,114.3,111.13,29646,110.6829,11.8012,0.10662170940587931
191,2020-10-22,112.24,111.78,112.62,109.78,26120,108.2887,11.5459,0.10662146650573881
192,2020-10-23,112.73,108.13,114.53,107.83,29771,108.014,11.5166,0.10662136389727259
193,2020-10-26,108.13,111.29,111.98,106.73,27542,110.9773,11.8326,0.10662180463932713
194,2020-10-27,111.62,112.87,113.14,109.4,38290,110.8006,11.8138,0.10662216630595864
195,2020-10-28,115.13,111.58,115.28,107.33,53991,109.0148,11.6234,0.10662222010222466
196,2020-10-29,111.18,111.38,114.97,110.34,79969,109.0541,11.6275,0.10662139250151988
197,2020-10-30,111.83,105.67,112.81,103.76,76213,113.1752,12.067,0.10662229887819946
198,2020-11-02,106.02,106.13,108.6,105.53,68513,112.8024,12.0272,0.10662184492528527
199,2020-11-03,106.45,107.95,108.2,105.61,46158,110.0745,11.7364,0.10662233305624827
200,2020-11-04,108.27,107.68,109.03,106.0,32382,111.2913,11.8661,0.10662199111700554
201,2020-11-05,108.14,106.62,108.82,104.55,49734,115.7853,12.3452,0.10662147958333225
202,2020-11-06,106.34,103.05,106.34,101.0,56294,111.2128,11.8577,0.10662171980203716
203,2020-11-09,103.6,101.72,105.19,99.3,70155,101.1061,10.7801,0.10662165784260297
204,2020-11-10,99.83,93.02,99.83,92.24,156429,100.7136,10.7383,0.10662214437772059
205,2020-11-11,93.63,87.97,93.97,87.62,117446,99.0062,10.5562,0.10662160551561417
206,2020-11-12,89.47,87.18,90.65,86.72,76165,109.4269,11.6673,0.10662186354543535
207,2020-11-13,86.38,86.53,87.41,85.05,79479,121.5746,12.9625,0.10662177790426619
208,2020-11-16,86.62,87.15,88.2,84.08,99822,121.084,12.9102,0.1066218492947045
209,2020-11-17,86.11,86.01,86.4,82.43,87560,118.3365,12.6173,0.10662221715193537
210,2020-11-18,86.11,84.53,86.11,83.55,47598,118.5131,12.6361,0.10662196837311658
211,2020-11-19,84.67,87.33,89.59,83.43,106166,113.8817,12.1423,0.10662204726483712
212,2020-11-20,87.88,93.14,93.53,87.33,115854,112.2725,11.9707,0.10662183526687302
213,2020-11-23,93.84,93.76,94.31,90.93,78884,113.0379,12.0523,0.10662176137384011
214,2020-11-24,93.63,93.21,94.21,92.08,37318,111.095,11.8452,0.10662226022773302
215,2020-11-25,93.21,87.01,93.3,86.63,89055,111.6838,11.9079,0.10662155120080083
216,2020-11-26,88.13,88.71,90.08,87.13,64495,102.3621,10.914,0.10662149369737432
217,2020-11-27,88.53,87.45,88.81,86.43,51417,103.4414,11.0291,0.10662172012366422
218,2020-11-30,87.48,87.33,88.32,84.62,60848,101.4201,10.8136,0.10662186292460764
219,2020-12-01,86.63,89.0,89.43,86.63,71566,100.8706,10.755,0.10662175103548507
