,日期,开盘,收盘,最高,最低,成交量,pe,pb,roe
0,2020-01-03,70.93,68.07,71.06,67.24,16511,56.2854,6.7485,0.11989787760236224
1,2020-01-06,67.68,67.57,68.32,66.42,13164,57.6041,6.9066,0.11989771561399275
2,2020-01-07,67.39,68.27,68.59,67.06,12444,57.6523,6.9124,0.11989807865427746
3,2020-01-08,67.7,68.17,69.3,67.03,10078,55.4733,6.6511,0.11989731997195045
4,2020-01-09,68.61,67.55,68.97,66.64,17087,56.8724,6.8189,0.11989822831461307
5,2020-01-10,68.0,66.89,68.0,66.41,9951,57.7649,6.9259,0.11989806958897187
6,2020-01-13,66.89,67.41,67.94,66.74,15267,60.0646,7.2016,0.11989757694215894
7,2020-01-14,67.52,68.14,69.15,67.1,12105,60.0967,7.2055,0.11989843036306486
8,2020-01-15,68.46,68.33,68.69,66.74,13636,58.9791,7.0715,0.11989840468911869
9,2020-01-16,68.44,67.68,69.35,67.31,8667,57.99,6.9529,0.11989825832040006
10,2020-01-17,67.78,67.29,68.19,66.66,13738,59.1801,7.0956,0.11989841179720885
11,2020-01-20,67.31,68.23,68.33,66.42,11730,59.6867,7.1563,0.11989773266071001
12,2020-01-21,68.33,70.02,70.21,66.53,25250,61.3993,7.3616,0.1198971323777307
13,2020-01-22,70.02,66.97,70.12,65.34,28280,61.0777,7.3231,0.11989809701413118
14,2020-01-23,65.66,66.64,69.93,65.21,31470,59.3007,7.11,0.11989740424649288
15,2020-02-03,60.31,62.03,62.97,60.31,24989,58.5127,7.0155,0.11989704799129078
16,2020-02-04,62.78,67.66,67.91,61.83,24467,57.8936,6.9413,0.11989753616980116
17,2020-02-05,68.27,64.95,69.78,64.37,33511,59.1962,7.0975,0.11989789885161549
18,2020-02-06,64.58,63.52,64.81,62.39,26895,59.8475,7.1756,0.11989807427210829
19,2020-02-07,63.49,65.98,66.33,62.71,26697,58.6896,7.0367,0.11989688121915978
20,2020-02-10,65.27,64.6,65.99,64.15,13084,59.2042,7.0984,0.11989689920647521
21,2020-02-11,64.6,66.29,67.4,64.58,19752,61.9381,7.4262,0.11989712309547758
22,2020-02-12,67.42,72.59,72.59,67.42,53127,61.0777,7.3231,0.11989809701413118
23,2020-02-13,72.03,72.65,73.86,71.32,43708,64.0126,7.675,0.1198982700280882
24,2020-02-14,72.72,68.41,72.72,67.83,44331,64.3101,7.7106,0.1198971856675701
25,2020-02-17,68.41,68.63,68.98,67.58,36125,63.8196,7.6518,0.11989733561476411
26,2020-02-18,68.31,70.91,71.58,67.94,48513,62.1552,7.4523,0.11989825469148196
27,2020-02-19,70.32,72.22,74.13,70.1,52637,59.1881,7.4629,0.12608784536080733
28,2020-02-20,73.4,71.08,73.4,68.46,34389,61.6968,7.7793,0.12608919749484576
29,2020-02-21,71.05,70.86,71.39,69.45,39238,61.5923,7.7661,0.12608881304968314
30,2020-02-24,70.93,69.92,70.93,68.33,36095,61.9622,7.8127,0.12608816342867102
31,2020-02-25,68.53,69.95,70.62,68.18,37230,60.6194,7.6434,0.12608834795461518
32,2020-02-26,69.61,67.29,70.87,67.03,35963,65.9263,8.3125,0.12608776770423943
33,2020-02-27,67.78,69.11,69.71,66.8,35797,67.6631,8.5315,0.1260879268020531
34,2020-02-28,67.14,64.21,68.17,63.24,39312,69.0541,8.7069,0.12608809614490665
35,2020-03-02,64.69,65.08,65.94,64.32,23651,70.3568,8.8712,0.12608873626998385
36,2020-03-03,65.64,66.05,67.8,65.25,29791,67.1404,8.4656,0.12608801854025298
37,2020-03-04,65.41,66.64,66.8,64.77,25953,64.6478,8.1513,0.1260878173735224
38,2020-03-05,66.68,66.88,67.49,66.14,24482,58.77,7.4102,0.1260881402075889
39,2020-03-06,65.77,67.16,68.83,65.77,27152,57.6604,7.2703,0.126088268551727
40,2020-03-09,67.16,64.1,67.16,63.71,21351,57.6925,7.2744,0.1260891797027343
41,2020-03-10,63.88,64.8,65.45,62.29,27228,55.1436,6.953,0.1260889749671766
42,2020-03-11,65.21,64.4,65.44,64.11,20344,54.621,6.8871,0.12608886691931676
43,2020-03-12,63.8,61.64,63.91,61.34,18137,55.803,7.0361,0.12608820314320018
44,2020-03-13,57.12,60.92,62.16,57.12,22710,52.7475,6.6508,0.12608749229821317
45,2020-03-16,60.92,56.93,60.92,56.39,18966,54.0581,6.8161,0.12608841228234066
46,2020-03-17,57.74,56.65,58.42,55.59,22940,54.7737,6.9063,0.12608788524419567
47,2020-03-18,57.41,57.87,59.75,55.59,34440,54.5245,6.8749,0.1260882722445873
48,2020-03-19,57.64,55.93,58.65,54.85,21652,55.0552,6.9418,0.12608799895377729
49,2020-03-20,56.62,56.15,57.19,54.68,23790,53.6882,6.7695,0.12608915925659642
50,2020-03-23,55.33,56.32,57.4,53.81,44891,53.0691,6.6914,0.1260884394120119
51,2020-03-24,57.36,59.1,59.26,55.76,47776,54.9185,6.9246,0.12608865864872493
52,2020-03-25,59.88,58.17,60.03,57.95,39387,49.9252,6.295,0.1260886285883682
53,2020-03-26,58.09,57.12,58.36,55.43,39928,48.9603,6.1733,0.12608787119359974
54,2020-03-27,57.93,56.82,58.19,56.44,25360,50.0618,6.3122,0.1260881550403701
55,2020-03-30,56.31,57.02,57.35,55.15,31109,50.5604,6.3751,0.12608879676584836
56,2020-03-31,57.23,56.27,57.78,56.24,18897,54.0179,6.811,0.12608783384766903
57,2020-04-01,56.49,58.06,58.78,55.62,36065,54.9185,6.9246,0.12608865864872493
58,2020-04-02,58.0,59.16,59.36,57.51,36735,56.591,7.1355,0.12608895407396936
59,2020-04-03,59.87,57.66,59.87,57.52,31524,57.6121,7.2642,0.12608809607703939
60,2020-04-07,58.22,60.4,60.47,58.22,40642,56.4141,7.1132,0.1260890451146079
61,2020-04-08,60.05,60.16,60.87,59.08,18465,58.7057,7.4021,0.12608826740844586
62,2020-04-09,60.7,60.12,62.29,59.39,24547,57.001,7.1872,0.12608901598217576
63,2020-04-10,60.03,59.87,60.83,59.49,13881,54.822,6.9124,0.1260880668344825
64,2020-04-13,59.14,57.97,59.61,57.45,21214,55.2883,6.9712,0.1260881597010579
65,2020-04-14,58.48,59.74,60.37,58.3,29529,54.3637,6.8546,0.12608781227179164
66,2020-04-15,59.81,61.77,62.69,59.51,35523,54.4601,6.8668,0.12608864104179024
67,2020-04-16,61.24,62.33,62.61,60.63,17639,54.1305,6.8252,0.12608788021540537
68,2020-04-17,63.08,62.86,64.8,62.67,28676,53.841,6.7887,0.1260879255585892
69,2020-04-20,63.84,63.64,64.17,62.47,13682,54.6772,6.8942,0.1260891194135764
70,2020-04-21,63.15,64.29,64.6,61.25,16306,56.012,7.0625,0.12608905234592588
71,2020-04-22,64.28,64.54,64.67,63.54,13799,57.0895,7.1983,0.12608798465567223
72,2020-04-23,64.75,64.59,65.36,63.95,11088,56.6874,7.1476,0.12608798427869333
73,2020-04-24,63.13,63.46,64.04,62.16,20589,56.3739,7.1081,0.12608849130537358
74,2020-04-27,63.36,61.82,63.36,61.48,21905,58.7057,7.4021,0.12608826740844586
75,2020-04-28,61.24,62.38,62.87,60.07,15639,58.778,7.4112,0.12608799210588997
76,2020-04-29,62.22,65.21,66.77,62.22,27845,54.2591,6.8414,0.12608760558136792
77,2020-04-30,65.85,66.45,67.92,64.95,35304,51.871,6.6577,0.12835110177170286
78,2020-05-06,67.01,65.77,67.54,64.45,37075,54.3556,6.9766,0.1283510806614222
79,2020-05-07,65.77,66.25,67.01,64.95,23950,56.5427,7.2573,0.12835078621997179
80,2020-05-08,66.64,67.33,68.11,66.01,28391,57.8534,7.4255,0.12835027846245856
81,2020-05-11,67.03,67.11,67.89,66.38,14525,57.5156,7.3822,0.12835126470035957
82,2020-05-12,67.16,67.16,68.49,65.8,18577,57.2825,7.3523,0.12835159079998254
83,2020-05-13,67.87,66.84,68.07,66.15,18034,55.7145,7.151,0.12835078839440361
84,2020-05-14,66.19,66.01,66.94,65.59,23074,51.9836,6.6721,0.128350095029971
85,2020-05-15,67.03,66.14,67.24,65.08,18366,52.9244,6.7929,0.12835100634112057
86,2020-05-18,67.2,66.84,67.99,64.97,21002,48.6467,6.2439,0.1283519745429803
87,2020-05-19,66.2,67.97,71.35,66.2,41447,49.7161,6.3811,0.12835077570444986
88,2020-05-20,69.04,71.66,74.36,68.88,73201,48.4296,6.216,0.1283512562565043
89,2020-05-21,71.15,72.83,74.12,69.61,50759,49.0487,6.2955,0.1283520256398233
90,2020-05-22,72.99,72.3,73.68,70.59,45242,50.6569,6.5019,0.12835171516614716
91,2020-05-25,71.9,70.48,72.97,70.3,37610,48.2366,6.1912,0.12835067148182086
92,2020-05-26,71.7,71.24,73.65,70.44,29079,45.7525,6.1781,0.13503305830282497
93,2020-05-27,71.28,71.24,72.65,70.66,23381,46.3376,6.2571,0.13503288905769828
94,2020-05-28,72.23,69.7,72.23,68.95,23330,44.9855,6.0746,0.13503462226717497
95,2020-05-29,70.97,72.72,73.83,69.39,37725,44.1947,5.9678,0.13503429144218654
96,2020-06-01,74.12,76.69,78.43,73.57,57744,44.5031,6.0094,0.13503328981576565
97,2020-06-02,76.67,76.49,77.38,75.12,36962,44.5031,6.0094,0.13503328981576565
98,2020-06-03,76.49,77.21,77.67,75.63,44972,44.424,5.9987,0.13503286511795426
99,2020-06-04,77.09,77.49,77.67,76.19,27300,41.7118,5.6325,0.13503373146208028
100,2020-06-05,76.9,77.05,78.21,76.65,32695,39.6321,5.3517,0.13503447962636347
101,2020-06-08,77.12,76.3,78.12,75.67,46690,39.2605,5.3015,0.13503393996510488
102,2020-06-09,76.3,77.81,78.63,75.58,38011,38.6437,5.2182,0.1350336536097734
103,2020-06-10,77.56,80.74,80.84,77.25,54353,38.2003,5.7483,0.15047787582820032
104,2020-06-11,80.2,80.14,81.2,78.85,56032,38.1544,5.7414,0.15047805757658356
105,2020-06-12,78.89,81.0,82.24,78.67,55886,37.4205,5.6309,0.1504763431808768
106,2020-06-15,80.91,80.29,81.95,79.76,33247,36.312,5.4641,0.15047642652566645
107,2020-06-16,80.54,82.66,83.57,80.49,44827,34.4773,5.1881,0.15047872078149974
108,2020-06-17,82.78,84.17,84.49,82.07,43532,33.6899,5.0696,0.15047833326902127
109,2020-06-18,83.51,85.24,85.77,83.06,39320,34.0569,5.1248,0.1504775831035708
110,2020-06-19,85.26,85.13,85.53,82.0,92712,34.1027,5.1317,0.15047782140417035
111,2020-06-22,83.49,84.26,85.31,82.33,52845,33.6517,5.0638,0.15047679612025544
112,2020-06-23,84.09,86.13,86.79,82.86,50444,33.0172,4.9683,0.15047611547920478
113,2020-06-24,85.4,90.5,91.14,85.29,70540,32.0234,4.8188,0.1504774633549217
114,2020-06-29,90.28,93.14,96.2,90.28,88138,32.3215,4.8637,0.1504787834723017
115,2020-06-30,93.14,94.89,97.67,91.01,77471,31.9622,4.8096,0.15047775184436615
116,2020-07-01,100.51,95.0,100.51,92.41,56032,32.2145,4.8476,0.15047882164863646
117,2020-07-02,94.83,92.99,95.32,91.96,59569,30.9837,4.6623,0.15047589539015677
118,2020-07-03,92.05,94.41,94.87,90.81,41292,30.3492,4.5669,0.1504784310624333
119,2020-07-06,94.87,95.27,96.87,92.07,67496,30.6626,4.614,0.1504764762283694
120,2020-07-07,95.27,100.05,102.11,94.16,64546,30.8461,4.6416,0.15047607315025238
121,2020-07-08,100.42,106.3,106.86,99.42,67755,30.7315,4.6244,0.15047752306265558
122,2020-07-09,106.72,106.48,107.88,102.88,64283,30.4257,4.5784,0.150478049806578
123,2020-07-10,104.62,106.48,106.75,104.13,34720,30.5098,4.591,0.1504762404211106
124,2020-07-13,106.93,105.77,108.81,103.2,90318,28.8432,4.3403,0.15047914239751484
125,2020-07-14,104.7,107.59,107.7,102.93,49866,27.5742,4.1493,0.15047762038427226
126,2020-07-15,107.43,110.7,116.64,107.43,77893,28.224,4.2471,0.1504783163265306
127,2020-07-16,113.8,109.36,119.22,108.01,81129,28.224,4.2471,0.1504783163265306
128,2020-07-17,109.36,113.23,114.96,107.97,51760,27.9029,4.1988,0.15047898247135605
129,2020-07-20,116.84,118.71,119.07,109.1,87500,28.6674,4.3138,0.1504775459232438
130,2020-07-21,108.86,115.07,118.64,108.86,102206,28.8891,4.3472,0.15047890034649747
131,2020-07-22,113.8,113.67,115.98,110.56,51037,28.3998,4.2735,0.15047641180571697
132,2020-07-23,113.25,116.58,120.49,112.76,64183,26.848,4.04,0.150476758045292
133,2020-07-24,115.18,114.16,119.98,111.63,59942,26.374,3.9687,0.15047774323197088
134,2020-07-27,116.71,123.84,123.95,114.27,69007,26.3795,3.9202,0.14860782046665025
135,2020-07-28,124.19,121.71,125.79,120.26,46650,26.3249,3.9121,0.1486083517886108
136,2020-07-29,121.64,130.16,130.54,120.53,47529,26.6743,3.964,0.14860746111425605
137,2020-07-30,131.45,133.71,135.09,127.37,38748,26.8108,3.9843,0.1486080236322676
138,2020-07-31,132.36,134.23,138.0,128.08,56213,26.789,3.9811,0.1486095039008548
139,2020-08-03,134.73,135.0,137.86,131.5,48159,26.8818,3.9949,0.14860984011487327
140,2020-08-04,133.56,132.03,136.47,127.01,66315,26.4286,3.9275,0.14860794745086764
141,2020-08-05,130.07,127.08,131.09,121.71,74781,26.2266,3.8975,0.14860866448567484
142,2020-08-06,127.92,121.46,129.59,120.09,71247,26.5105,3.9397,0.14860904170045833
143,2020-08-07,122.35,126.86,130.45,122.35,80899,25.9918,3.8626,0.14860840726690724
144,2020-08-10,127.45,137.09,138.73,127.45,86288,24.8014,3.6857,0.14860854629174158
145,2020-08-11,135.36,136.93,141.19,134.51,50856,24.5666,3.6508,0.14860827302109367
146,2020-08-12,138.73,131.65,139.46,127.97,78032,25.2546,3.7531,0.14861055015719907
147,2020-08-13,134.18,132.36,137.55,131.27,48046,25.7297,3.8979,0.15149418765084707
148,2020-08-14,134.16,133.27,136.0,130.29,39206,25.7078,3.8946,0.15149487704120929
149,2020-08-17,134.18,130.83,134.87,127.23,62744,25.6041,3.8788,0.15149136271144076
150,2020-08-18,130.52,127.81,133.05,126.46,92942,25.3311,3.8375,0.1514936185163692
151,2020-08-19,128.28,125.92,132.36,125.35,54813,25.0034,3.7878,0.1514913971699849
152,2020-08-20,126.5,126.57,130.12,122.4,60359,24.7796,3.7539,0.15149154950039548
153,2020-08-21,128.87,127.32,129.76,126.21,39600,24.5448,3.7184,0.1514944102213096
154,2020-08-24,126.66,127.1,128.67,125.55,48761,23.6929,3.5893,0.1514926412553972
155,2020-08-25,127.1,129.19,130.92,126.08,52293,22.9503,3.4768,0.15149257308183336
156,2020-08-26,128.9,128.14,130.61,126.55,23916,23.7475,3.5976,0.1514938414569955
157,2020-08-27,128.85,133.07,135.09,126.63,46873,23.8513,3.6133,0.1514927907493512
158,2020-08-28,133.62,136.93,137.27,131.45,36481,23.8677,3.6158,0.15149344092644035
159,2020-08-31,138.35,131.74,139.46,131.14,53728,23.9714,3.6315,0.1514930291931218
160,2020-09-01,131.25,134.45,134.91,131.12,36563,22.8192,3.457,0.15149523208526153
161,2020-09-02,135.18,132.14,136.16,131.6,39277,23.4472,3.5521,0.15149356852843837
162,2020-09-03,131.09,128.36,132.47,127.45,41193,22.9885,3.4826,0.15149313787328447
163,2020-09-04,127.68,126.32,127.9,123.62,38770,22.235,3.3684,0.1514908927366764
164,2020-09-07,126.01,118.49,127.63,117.95,54936,22.5517,3.4164,0.15149190526656525
165,2020-09-08,118.71,117.36,121.39,116.22,67116,22.4643,3.4032,0.15149370334263698
166,2020-09-09,117.8,114.87,118.71,112.05,49052,22.5899,3.4222,0.1514924811530817
167,2020-09-10,117.09,117.05,123.26,116.18,51416,23.0322,3.4892,0.1514922586639574
168,2020-09-11,119.95,128.36,128.36,116.89,50318,23.4254,3.5488,0.15149367780272696
169,2020-09-14,133.32,124.17,134.11,123.08,71513,22.2568,3.3718,0.15149527335466015
170,2020-09-15,125.26,125.57,126.57,123.46,32525,28.2636,3.5687,0.1262648777933455
171,2020-09-16,125.57,128.67,134.07,125.44,62874,28.1453,3.5537,0.12626264420702568
172,2020-09-17,129.9,127.46,131.6,125.46,45826,29.1818,3.6846,0.12626363007079755
173,2020-09-18,128.1,128.03,129.27,125.35,26393,28.5279,3.602,0.1262623607065364
174,2020-09-21,128.59,126.41,131.27,124.35,43434,28.681,3.6214,0.12626477458944946
175,2020-09-22,127.81,123.44,127.81,122.86,34266,30.8166,3.891,0.12626311792994685
176,2020-09-23,124.81,130.36,131.23,122.59,69734,31.1992,3.9393,0.12626285289366393
177,2020-09-24,131.18,127.68,132.36,126.94,56177,32.6739,4.1255,0.1262628581222321
178,2020-09-25,129.21,128.87,131.61,126.43,37159,32.8896,4.1527,0.12626179704222612
179,2020-09-28,130.98,134.63,137.75,127.23,49240,32.5139,4.1053,0.12626292139669495
180,2020-09-29,135.6,134.56,135.91,130.49,37152,34.1556,4.3126,0.12626333602688872
181,2020-09-30,134.45,137.07,139.39,132.65,36191,34.0026,4.2933,0.12626387393905172
182,2020-10-09,150.38,150.38,150.38,147.19,34543,33.8774,4.2775,0.12626411708100385
183,2020-10-12,150.47,156.02,158.5,145.08,77910,33.5574,4.2371,0.1262642517000721
184,2020-10-13,152.38,163.3,163.79,148.54,49655,33.0426,4.1721,0.12626427702420512
185,2020-10-14,158.75,160.35,163.08,157.38,40870,32.5765,4.1132,0.1262627968013752
186,2020-10-15,162.37,157.2,163.25,150.01,45829,35.1991,4.4444,0.1262645919924089
187,2020-10-16,156.88,153.27,158.2,151.47,34850,34.2252,4.3214,0.12626368874396643
188,2020-10-19,154.51,141.26,154.73,139.64,57808,35.6443,4.5006,0.1262642273799738
189,2020-10-20,141.81,144.3,145.74,139.59,41640,35.6304,4.4988,0.12626296645561094
190,2020-10-21,146.54,143.46,147.21,140.24,34597,36.1312,4.5621,0.12626483482419626
191,2020-10-22,144.19,143.7,144.46,138.38,31428,36.2495,4.577,0.12626381053531774
192,2020-10-23,145.01,138.02,147.76,136.91,33222,36.8616,4.6543,0.12626418820669746
193,2020-10-26,140.09,144.74,147.83,132.72,67271,36.159,4.5656,0.12626455377637655
194,2020-10-27,144.74,148.5,150.43,142.92,61444,34.9417,4.4119,0.126264606473068
195,2020-10-28,148.67,149.61,153.4,147.45,37855,34.8234,4.3969,0.12626280030094705
196,2020-10-29,147.74,148.94,151.07,146.01,38596,37.0912,4.6833,0.126264450867052
197,2020-10-30,149.61,142.3,149.63,141.33,55639,37.0564,4.6789,0.12626428902969528
198,2020-11-02,144.32,144.24,145.3,140.64,70562,33.6895,4.2538,0.12626485997120765
199,2020-11-03,145.28,138.06,145.7,137.29,85219,32.7852,4.1396,0.12626428998450517
200,2020-11-04,139.79,136.89,141.33,134.93,83001,33.5226,4.2327,0.12626407259580105
201,2020-11-05,138.89,139.51,141.26,136.89,58929,32.2078,4.0667,0.12626444525860195
202,2020-11-06,141.15,138.04,141.57,135.13,48547,32.973,4.1633,0.12626391289843203
203,2020-11-09,138.44,135.09,140.55,133.82,101222,34.42,4.346,0.1262638001162115
204,2020-11-10,135.09,136.49,138.17,130.38,89661,31.4079,3.9657,0.12626441118317366
205,2020-11-11,137.27,138.27,143.24,134.65,54035,33.8774,4.2775,0.12626411708100385
206,2020-11-12,139.37,142.3,142.73,136.91,40817,34.0513,4.2994,0.1262624334460065
207,2020-11-13,140.09,143.03,143.94,137.62,39953,35.686,4.5058,0.12626239982065796
208,2020-11-16,139.57,139.15,141.68,136.02,55911,34.726,4.3846,0.12626274261360365
209,2020-11-17,137.82,138.0,138.55,132.76,62035,34.2252,4.3214,0.12626368874396643
210,2020-11-18,138.37,135.31,140.73,135.11,31222,34.4339,4.3477,0.12626220091247287
211,2020-11-19,135.58,137.55,138.55,131.81,40564,34.7817,4.3917,0.12626467366459948
212,2020-11-20,136.44,140.08,140.84,136.44,36311,34.6773,4.3785,0.12626415551383757
213,2020-11-23,139.64,140.0,143.06,137.82,37545,34.2878,4.3293,0.12626356896622123
214,2020-11-24,140.06,134.8,140.88,134.47,61046,34.0095,4.2942,0.1262647201517223
215,2020-11-25,135.8,132.78,136.76,132.63,38791,34.3643,4.339,0.12626475732082423
216,2020-11-26,132.11,129.61,133.25,127.85,45364,34.6913,4.3802,0.12626220406845523
217,2020-11-27,131.92,134.54,134.69,127.88,46506,34.7469,4.3873,0.12626450129364059
218,2020-11-30,133.98,134.43,134.43,128.47,66970,34.3713,4.3398,0.1262623176894677
219,2020-12-01,134.43,131.45,134.43,129.27,59846,34.6426,4.3741,0.12626361762685248
