,日期,开盘,收盘,最高,最低,成交量,pe,pb,roe
0,2020-01-03,118.75,118.29,120.65,116.95,12098,42.3023,7.1935,0.1700498554452122
1,2020-01-06,115.75,115.75,118.75,115.39,16478,41.3621,7.0336,0.17004939304338998
2,2020-01-07,117.25,118.35,119.33,114.77,10414,42.299,7.193,0.17005130144920683
3,2020-01-08,117.01,118.15,119.25,115.75,8825,42.5552,7.2365,0.17004972365304358
4,2020-01-09,118.25,120.75,121.03,118.15,10787,42.8923,7.2939,0.1700515010852764
5,2020-01-10,120.75,121.0,121.23,119.42,5678,44.7306,7.6065,0.1700513742270392
6,2020-01-13,118.25,118.53,119.99,115.63,13081,44.6398,7.591,0.17005004502708346
7,2020-01-14,118.75,115.45,118.75,114.75,14687,43.4532,7.3892,0.17004961659900766
8,2020-01-15,115.45,115.37,116.53,112.96,10512,42.8016,7.2784,0.1700497177675601
9,2020-01-16,116.75,119.3,122.25,116.38,21818,41.0119,6.9741,0.17005064383752033
10,2020-01-17,119.85,122.75,123.26,119.31,19737,41.7544,7.1004,0.17005153947847412
11,2020-01-20,123.03,126.11,126.9,120.22,19096,41.7479,7.0992,0.17004927193942687
12,2020-01-21,125.98,123.85,126.75,122.75,9973,42.9247,7.2994,0.17005127583885268
13,2020-01-22,119.81,121.51,122.86,117.0,18740,42.7983,7.2779,0.17005114689134848
14,2020-01-23,119.49,114.75,120.12,111.89,21875,42.5357,7.2332,0.1700500990932323
15,2020-02-03,103.45,105.15,106.16,103.45,26893,43.5148,7.3997,0.17005018982047487
16,2020-02-04,106.75,108.99,110.63,106.75,19490,42.6686,7.2558,0.17005010710452184
17,2020-02-05,108.98,109.75,113.35,106.36,28156,42.915,7.2977,0.17005009903297216
18,2020-02-06,110.73,112.16,112.75,106.76,22834,42.1661,7.1704,0.17005129713205633
19,2020-02-07,110.43,110.75,112.14,107.46,19370,41.9294,7.1301,0.1700501318883647
20,2020-02-10,109.63,108.75,109.63,106.95,22929,41.174,7.0017,0.17005148880361393
21,2020-02-11,108.75,110.75,113.35,107.75,23066,40.9925,6.9708,0.1700506190156736
22,2020-02-12,110.75,115.6,116.14,109.25,18056,39.8416,6.7751,0.17005090157021807
23,2020-02-13,114.98,113.55,118.37,112.75,14771,41.1092,7.6677,0.18652029229466882
24,2020-02-14,115.41,116.71,117.25,113.66,11957,39.553,7.3774,0.18651935377847445
25,2020-02-17,114.75,116.5,117.94,114.41,15891,38.0617,7.0992,0.18651820596557692
26,2020-02-18,116.75,118.26,119.95,116.61,17554,36.606,6.8277,0.1865186035076217
27,2020-02-19,120.55,123.23,125.06,117.75,17509,36.8686,6.8767,0.18651915179854942
28,2020-02-20,122.75,121.95,124.5,121.01,11231,38.013,7.0902,0.1865204009154763
29,2020-02-21,121.76,119.75,122.62,117.8,18093,38.4183,7.1657,0.18651788340452335
30,2020-02-24,118.42,115.99,119.54,114.73,24669,37.8834,7.066,0.1865196893626232
31,2020-02-25,113.76,115.16,117.44,113.76,19650,37.6305,7.0188,0.18651891417865826
32,2020-02-26,112.75,113.41,119.13,112.75,19674,38.5674,7.1936,0.1865202217416782
33,2020-02-27,114.54,115.74,117.08,112.54,16836,38.1751,7.1204,0.18651948521418413
34,2020-02-28,113.32,111.91,115.68,106.75,21894,38.0552,7.098,0.18651853097605584
35,2020-03-02,111.81,116.78,117.63,111.81,18101,37.8963,7.0684,0.1865195282916802
36,2020-03-03,118.63,118.75,119.69,116.63,16518,36.1035,6.734,0.186519312532026
37,2020-03-04,119.5,121.95,122.21,118.0,18951,35.1185,6.584,0.1874795335791677
38,2020-03-05,122.15,122.57,122.75,119.65,17275,34.8983,6.5427,0.18747904625726755
39,2020-03-06,120.75,120.2,122.4,119.73,10179,34.4288,6.4547,0.18747966818477552
40,2020-03-09,119.75,115.25,119.75,115.25,14778,34.7688,6.5184,0.18747842893628772
41,2020-03-10,115.58,117.43,118.88,114.36,16056,35.5071,6.6568,0.1874779973582748
42,2020-03-11,117.63,116.2,119.25,115.05,13311,34.8574,6.9092,0.19821329186915837
43,2020-03-12,115.05,111.07,116.19,110.8,17628,35.9479,7.1254,0.1982146384072505
44,2020-03-13,106.85,108.2,110.25,105.31,18197,36.2357,7.1824,0.19821336416848578
45,2020-03-16,107.75,103.56,109.24,103.0,18946,36.8721,7.3086,0.19821491046075487
46,2020-03-17,102.81,101.04,105.25,98.96,31006,36.3252,7.2002,0.19821501326902533
47,2020-03-18,101.01,97.06,102.73,96.78,30122,35.5481,7.0462,0.1982159384045842
48,2020-03-19,96.6,93.39,96.94,91.34,39058,34.9405,6.9257,0.19821410683876875
49,2020-03-20,94.67,94.03,95.18,91.83,27266,34.6431,6.8668,0.19821551766441226
50,2020-03-23,90.75,90.4,92.34,89.42,17149,35.0684,6.9511,0.19821548744738857
51,2020-03-24,92.08,92.24,93.23,89.75,16380,34.6911,6.8763,0.19821510416216262
52,2020-03-25,96.05,97.1,97.55,93.75,22854,34.3777,6.8142,0.19821570378472092
53,2020-03-26,95.75,97.37,99.08,94.75,18004,32.9066,6.5226,0.1982155555420493
54,2020-03-27,97.72,99.75,102.75,97.72,17203,34.0515,6.7495,0.1982144692597977
55,2020-03-30,98.17,94.95,98.17,93.39,21596,33.1657,6.5739,0.198213817287137
56,2020-03-31,95.91,96.32,96.43,94.61,13939,33.7765,6.695,0.19821473509688692
57,2020-04-01,96.29,99.75,100.55,94.96,14977,34.0099,6.7413,0.19821581363073693
58,2020-04-02,98.49,100.74,100.75,96.93,9740,34.4097,6.8205,0.1982144569699823
59,2020-04-03,100.35,98.73,100.95,97.81,11505,34.157,6.7704,0.19821412887548676
60,2020-04-07,101.12,102.35,103.5,99.86,13168,32.299,6.4021,0.19821356698349793
61,2020-04-08,102.03,102.3,103.05,100.93,5795,32.702,6.482,0.1982141765029662
62,2020-04-09,103.65,104.14,104.7,102.05,6358,32.0208,6.6993,0.20921713386298904
63,2020-04-10,103.56,101.0,103.75,99.85,8584,31.976,6.6899,0.20921628721541155
64,2020-04-13,100.25,104.43,104.55,99.43,9044,32.4333,6.7856,0.2092170701100412
65,2020-04-14,104.86,106.05,106.55,103.86,13211,32.6188,6.8244,0.20921677069665345
66,2020-04-15,106.47,103.85,106.47,103.82,9074,32.6348,6.8278,0.20921838037922708
67,2020-04-16,103.76,105.64,106.5,102.25,9067,32.6476,6.8304,0.2092159913745574
68,2020-04-17,107.08,107.53,109.59,105.97,14911,33.7701,7.0653,0.20921762150541454
69,2020-04-20,108.12,111.35,112.55,107.46,11949,34.221,7.1596,0.20921656292919555
70,2020-04-21,110.89,109.47,111.23,108.65,10519,33.9364,7.1001,0.2092178310015205
71,2020-04-22,108.29,108.73,109.45,107.57,7472,33.8692,7.086,0.20921663340143848
72,2020-04-23,109.38,110.03,112.16,108.75,9455,32.8843,6.8799,0.20921533984302537
73,2020-04-24,109.11,109.65,111.08,108.43,8127,32.5229,6.8043,0.20921566035009176
74,2020-04-27,109.54,109.2,110.95,108.85,8465,32.7787,6.8579,0.20921818131896627
75,2020-04-28,109.37,109.7,111.74,107.96,18593,32.7627,6.8545,0.20921657860921106
76,2020-04-29,107.88,107.26,109.53,105.31,17819,31.0167,6.4892,0.20921632539889803
77,2020-04-30,107.26,108.12,108.94,106.16,14960,31.3365,6.5561,0.2092160898632585
78,2020-05-06,109.15,109.18,110.3,106.47,13186,31.3716,6.5635,0.20921789134121307
79,2020-05-07,109.85,106.86,110.03,106.63,13877,28.9636,6.0597,0.2092177767957022
80,2020-05-08,107.25,112.04,112.75,106.56,20851,28.5319,5.9694,0.20921845373073647
81,2020-05-11,113.74,116.05,119.25,113.36,24203,28.6502,5.9941,0.20921668958680917
82,2020-05-12,117.75,116.06,117.75,114.15,14220,28.6534,5.9948,0.2092177542630194
83,2020-05-13,115.22,114.46,117.18,113.75,12447,29.0084,6.069,0.20921526178624122
84,2020-05-14,113.73,112.2,114.36,111.45,9440,28.3368,5.9285,0.2092155783292397
85,2020-05-15,111.84,110.55,113.07,110.31,6737,27.4702,5.7472,0.20921580476297955
86,2020-05-18,111.64,111.43,112.55,109.98,7961,27.8507,5.8268,0.2092155672927431
87,2020-05-19,111.94,113.15,113.49,111.0,12862,28.7845,6.0222,0.20921676596779515
88,2020-05-20,113.74,111.31,114.11,109.75,9400,28.9476,6.0563,0.20921596263593528
89,2020-05-21,112.17,111.14,114.2,110.75,10612,29.6607,6.2055,0.2092162356249178
90,2020-05-22,111.73,113.09,114.25,109.89,18763,30.3369,6.0327,0.19885683771248877
91,2020-05-25,113.12,115.7,115.74,110.31,18713,28.9983,5.7666,0.1988599331684961
92,2020-05-26,115.64,118.17,118.75,113.77,21665,27.5821,5.4849,0.1988572298700969
93,2020-05-27,118.55,123.74,124.25,118.35,42376,28.8955,5.7461,0.1988579536606046
94,2020-05-28,121.75,119.95,124.55,118.96,16751,27.847,5.5376,0.19885804574999102
95,2020-05-29,119.75,122.81,122.81,118.18,11932,28.8316,5.7334,0.19885819725578877
96,2020-06-01,121.75,123.87,125.55,121.5,15565,27.5021,5.469,0.19885754178771806
97,2020-06-02,124.73,117.94,124.73,117.81,19685,27.8151,5.5313,0.19885961222501447
98,2020-06-03,118.05,116.37,118.95,114.74,21069,27.4336,5.4554,0.19885833430537736
99,2020-06-04,116.95,116.25,118.5,115.06,7678,28.3245,5.6326,0.1988596444773959
100,2020-06-05,116.25,114.84,117.22,113.68,12716,28.3016,5.628,0.19885801509455295
101,2020-06-08,115.75,114.61,117.22,114.31,14953,27.2509,5.4191,0.19885948720959676
102,2020-06-09,114.62,115.15,116.14,112.89,10358,27.228,5.4145,0.19885779344792126
103,2020-06-10,114.49,115.61,116.02,114.32,8204,27.6368,5.5571,0.20107610142997742
104,2020-06-11,116.1,114.5,117.63,113.65,12756,26.4742,5.3233,0.2010750088765666
105,2020-06-12,113.41,114.61,115.71,110.75,18835,26.1544,5.259,0.2010751537026275
106,2020-06-15,113.0,111.89,114.5,111.24,17168,26.6363,5.3559,0.20107522441179895
107,2020-06-16,112.55,116.75,116.75,112.44,13351,26.0996,5.248,0.20107587855752582
108,2020-06-17,116.75,117.85,118.02,115.42,8948,26.4056,5.3095,0.20107477201805676
109,2020-06-18,117.9,114.9,118.15,114.62,11546,26.7254,5.3738,0.201074633120552
110,2020-06-19,115.44,118.75,120.25,114.72,14771,25.846,5.197,0.20107560164048596
111,2020-06-22,118.83,117.35,120.03,116.7,9138,26.5199,5.3325,0.20107541883642094
112,2020-06-23,116.74,116.01,117.27,115.64,9753,26.2686,5.282,0.2010765705062318
113,2020-06-24,116.05,118.36,120.28,116.02,10715,25.1585,5.0588,0.2010771707375241
114,2020-06-29,117.7,116.25,118.36,115.76,10221,25.7798,5.1837,0.2010760362764645
115,2020-06-30,116.81,117.65,118.24,115.75,7786,25.7546,5.1786,0.20107475946044592
116,2020-07-01,117.67,122.74,123.25,116.88,15638,26.0082,5.2296,0.20107504556255335
117,2020-07-02,122.1,120.95,123.44,119.83,16811,25.9031,5.2085,0.20107631905061557
118,2020-07-03,121.88,121.05,124.43,120.75,16495,25.7798,5.1837,0.2010760362764645
119,2020-07-06,122.25,125.65,126.43,121.28,19157,25.8323,5.1942,0.20107384940558914
120,2020-07-07,124.79,125.75,128.5,124.79,19739,26.1544,5.259,0.2010751537026275
121,2020-07-08,124.95,121.85,125.59,121.25,32260,26.1818,5.2645,0.2010747924130503
122,2020-07-09,121.76,123.52,124.85,121.75,20018,26.5404,5.3366,0.20107458817500865
123,2020-07-10,123.52,122.15,125.3,121.93,16167,27.895,5.609,0.2010754615522495
124,2020-07-13,122.14,127.97,128.41,121.86,17529,27.6528,5.5603,0.20107547879419083
125,2020-07-14,128.34,123.66,128.34,120.86,24251,26.9995,5.429,0.20107779773699513
126,2020-07-15,125.04,128.25,130.25,124.75,23471,27.8653,5.603,0.20107445460841977
127,2020-07-16,128.35,122.5,133.73,121.87,27198,26.5929,5.3472,0.20107622711325204
128,2020-07-17,123.27,128.7,129.73,122.76,19450,26.0287,5.2337,0.2010741988650989
129,2020-07-20,128.7,134.56,137.77,127.86,31207,25.4326,5.1139,0.20107657101515378
130,2020-07-21,136.69,132.69,136.82,132.2,24823,24.9871,5.0243,0.20107575508962625
131,2020-07-22,130.41,129.57,132.48,127.5,40427,25.026,5.0321,0.2010748821225925
132,2020-07-23,129.57,128.85,130.76,124.93,44012,25.4463,5.1166,0.20107441946373342
133,2020-07-24,128.69,124.77,129.76,123.24,36492,25.0534,5.0376,0.20107450485762413
134,2020-07-27,125.05,123.1,126.7,121.14,29784,24.8524,4.9972,0.20107514767185464
135,2020-07-28,123.1,126.89,127.27,123.09,19227,25.2293,5.073,0.2010757333734983
136,2020-07-29,126.88,129.83,131.5,126.01,20375,25.7455,5.1768,0.20107591617952653
137,2020-07-30,130.94,128.28,131.64,127.44,15690,26.111,5.2503,0.20107617479223316
138,2020-07-31,127.17,128.27,130.21,126.26,13378,26.1087,5.2498,0.20107473753959407
139,2020-08-03,128.74,127.75,129.33,126.6,23341,25.1927,5.0656,0.2010741206778154
140,2020-08-04,128.6,129.64,133.18,126.88,37662,24.0095,4.8277,0.20107457464753536
141,2020-08-05,130.52,140.18,141.27,128.41,43509,24.5394,4.9343,0.20107663594056904
142,2020-08-06,140.32,140.03,142.14,137.56,20445,24.2973,4.8856,0.20107583970235376
143,2020-08-07,139.9,138.63,142.14,136.33,13354,24.1009,4.8461,0.20107547850910132
144,2020-08-10,140.04,146.27,149.84,137.97,37832,28.856,5.1727,0.1792590795675076
145,2020-08-11,146.76,146.34,153.84,143.79,42851,28.7223,5.1487,0.1792579285085108
146,2020-08-12,145.64,145.22,149.07,140.74,21285,28.8426,5.1703,0.1792591513941184
147,2020-08-13,145.05,146.8,148.41,142.11,16873,28.9442,5.1885,0.17925871158988677
148,2020-08-14,146.48,151.11,154.74,146.48,26932,28.5967,5.1262,0.17925844590459739
149,2020-08-17,152.64,151.41,156.83,150.55,27503,28.7945,5.1617,0.17925992811127126
150,2020-08-18,151.17,152.65,156.74,149.83,17953,29.297,5.2517,0.17925726183568283
151,2020-08-19,149.85,150.68,153.34,149.14,12196,28.2759,5.0687,0.17925866197008758
152,2020-08-20,150.41,145.77,153.02,144.39,28771,27.7707,4.9781,0.17925727475360723
153,2020-08-21,145.51,145.71,147.88,144.17,18593,27.2922,4.8924,0.17926000835403522
154,2020-08-24,145.01,145.64,149.22,144.24,21352,27.8803,4.9978,0.1792591901808804
155,2020-08-25,144.94,144.83,147.74,144.07,13554,27.4473,4.9201,0.17925624742688717
156,2020-08-26,144.66,142.83,146.59,142.56,17250,26.5304,4.7558,0.17925851099116485
157,2020-08-27,142.7,143.02,144.87,142.14,10737,27.3697,4.9063,0.17926027687552293
158,2020-08-28,144.72,146.0,146.87,143.02,15894,26.8779,4.8181,0.1792587962601245
159,2020-08-31,149.13,144.24,149.83,142.81,24564,26.8913,4.8205,0.17925871936276788
160,2020-09-01,143.93,152.37,152.63,143.55,26004,25.9236,4.647,0.17925751053094477
161,2020-09-02,152.5,153.48,155.3,151.02,20723,26.4609,4.7433,0.17925694137387616
162,2020-09-03,153.27,151.73,153.89,149.87,17304,26.1963,4.6959,0.17925813950825115
163,2020-09-04,148.27,150.71,151.83,147.29,15349,25.2794,4.5315,0.17925662792629574
164,2020-09-07,150.93,148.03,153.31,146.86,23023,24.9132,4.4659,0.17925838511311273
165,2020-09-08,149.17,151.91,152.82,146.83,26071,26.1963,4.6959,0.17925813950825115
166,2020-09-09,149.42,146.9,151.27,144.94,33103,25.5601,4.5819,0.17925986205061797
167,2020-09-10,146.9,153.34,158.23,146.9,39594,25.4879,4.5689,0.17925760851227446
168,2020-09-11,154.74,154.71,156.77,150.96,29272,24.1888,4.336,0.17925651541209156
169,2020-09-14,154.81,156.36,163.28,152.5,39079,23.6968,4.2479,0.17926049086796528
170,2020-09-15,155.44,154.5,158.07,153.06,18808,24.6672,4.4219,0.1792623402737238
171,2020-09-16,153.34,155.8,157.76,152.65,26910,24.4961,4.3912,0.17926118851572295
172,2020-09-17,155.23,158.46,160.34,154.46,20077,25.4771,4.5671,0.179262945939687
173,2020-09-18,158.46,161.87,165.51,157.69,29259,26.541,4.7578,0.17926227346369766
174,2020-09-21,163.84,164.26,167.31,160.1,26249,27.2146,4.8785,0.17926039699279062
175,2020-09-22,162.2,161.47,163.14,159.08,17557,28.4549,5.1009,0.1792626226062998
176,2020-09-23,161.94,160.21,164.11,156.84,24486,29.2221,5.2384,0.1792615862651897
177,2020-09-24,159.64,155.44,159.64,154.56,11845,30.5934,5.4842,0.17926088633496115
178,2020-09-25,154.38,156.35,156.84,147.5,30227,30.9222,5.5431,0.17925956109203098
179,2020-09-28,155.64,153.16,157.95,152.57,17823,30.3394,5.4387,0.17926194980784063
180,2020-09-29,155.41,151.69,156.13,151.55,8530,31.6626,5.6759,0.1792619683790971
181,2020-09-30,151.32,153.72,155.02,149.94,12985,32.2961,5.7894,0.1792600344933289
182,2020-10-09,156.84,154.67,156.84,151.07,14031,32.1304,5.7597,0.1792601399297861
183,2020-10-12,154.04,158.74,159.61,153.17,23820,31.275,5.6064,0.17926139088729018
184,2020-10-13,158.25,166.49,168.01,157.13,21469,30.7484,5.512,0.17926135994067982
185,2020-10-14,167.33,167.17,169.27,165.32,14589,29.4466,5.2786,0.17926008435608864
186,2020-10-15,168.56,167.69,171.9,165.66,20408,30.4704,5.4622,0.17926249737450115
187,2020-10-16,167.42,169.38,170.55,165.45,15283,29.8476,5.3505,0.1792606440718852
188,2020-10-19,169.44,165.34,169.44,163.84,21147,30.3154,5.4344,0.1792620252412965
189,2020-10-20,163.66,166.43,167.76,163.66,10256,30.5373,5.4741,0.1792594630173591
190,2020-10-21,168.08,168.74,169.26,163.28,19685,31.5423,5.6543,0.17926086556782478
191,2020-10-22,168.74,166.99,169.65,164.68,12172,32.1304,5.7597,0.1792601399297861
192,2020-10-23,166.75,162.05,168.01,161.98,7439,32.4726,5.8211,0.17926190080252274
193,2020-10-26,162.17,160.91,162.17,158.66,10645,31.144,5.5829,0.17926085281274085
194,2020-10-27,162.86,167.2,168.04,159.7,19039,30.6736,5.4986,0.17926164519326065
195,2020-10-28,167.86,173.64,173.64,166.01,19033,30.7297,5.5086,0.1792598040332317
196,2020-10-29,170.7,180.36,180.85,169.44,26382,29.885,5.3572,0.17926049857788187
197,2020-10-30,183.92,174.89,185.19,173.63,21661,30.433,5.4554,0.17925935661945913
198,2020-11-02,177.49,179.86,184.67,175.25,31688,29.1366,5.223,0.17925907621342227
199,2020-11-03,181.34,180.64,183.86,178.79,20211,28.6019,5.1272,0.17926081833724333
200,2020-11-04,179.86,183.9,185.79,179.86,12800,29.1366,5.223,0.17925907621342227
201,2020-11-05,183.9,184.92,186.24,180.64,23632,29.5135,5.2906,0.17926033848916598
202,2020-11-06,183.79,188.16,188.31,182.33,14846,28.8693,5.1751,0.17925962874056522
203,2020-11-09,188.2,187.09,190.44,181.17,25804,28.6661,5.1387,0.1792605202660983
204,2020-11-10,184.84,190.75,191.14,182.75,15632,27.6396,4.9547,0.1792609154980535
205,2020-11-11,189.49,186.52,192.47,185.54,13419,30.2058,5.4147,0.17926027451681464
206,2020-11-12,186.66,187.65,190.01,185.82,12868,32.0128,5.7386,0.1792595461815274
207,2020-11-13,188.38,188.2,192.37,186.66,19072,32.6383,5.8508,0.1792617875318261
208,2020-11-16,187.84,183.12,191.07,182.04,18989,33.2424,5.9591,0.1792620268091353
209,2020-11-17,182.59,183.15,187.92,180.36,31884,32.3443,5.7981,0.17926187921828576
210,2020-11-18,186.04,179.94,186.04,176.44,19340,31.422,5.6327,0.1792597543122653
211,2020-11-19,181.66,187.67,188.55,176.86,21276,30.3715,5.4444,0.17926016166471856
212,2020-11-20,187.36,190.48,191.38,185.65,14740,30.3929,5.4483,0.17926226190985392
213,2020-11-23,191.08,195.61,196.1,189.12,24528,31.2162,5.5958,0.1792594870612054
214,2020-11-24,195.61,196.0,197.44,192.67,16004,31.8765,5.7142,0.17926058381566357
215,2020-11-25,197.43,188.06,197.44,186.24,24220,31.8096,5.7022,0.17926034907700822
216,2020-11-26,188.07,186.6,190.16,183.87,17441,31.1146,5.5776,0.17925989728294758
217,2020-11-27,186.24,185.5,187.61,183.43,11178,31.1681,5.5872,0.17926020514564572
218,2020-11-30,185.5,181.45,186.27,177.98,22906,30.4731,5.4626,0.17925974055806598
219,2020-12-01,182.74,185.51,186.24,182.04,16051,31.1521,5.5843,0.17925918316903194
