,日期,开盘,收盘,最高,最低,成交量,pe,pb,roe
0,2020-01-03,629.31,619.23,630.43,603.16,70564,160.9098,9.3172,0.05790324765800467
1,2020-01-06,605.51,634.91,645.55,605.51,64697,160.5368,9.2956,0.05790323464775678
2,2020-01-07,626.51,597.9,637.38,587.31,92439,158.2056,9.1606,0.05790313364381539
3,2020-01-08,596.92,599.91,609.71,591.21,50610,156.7835,9.0782,0.05790277675903396
4,2020-01-09,605.23,634.35,640.21,594.79,80107,159.9229,9.26,0.0579029019608824
5,2020-01-10,626.51,688.11,697.58,626.51,86485,163.6529,9.476,0.057903037465269494
6,2020-01-13,688.2,735.15,743.78,671.87,91996,163.6607,9.4765,0.057903332932096714
7,2020-01-14,719.47,713.29,733.25,700.94,70576,161.3217,9.341,0.05790293556291559
8,2020-01-15,702.42,719.42,732.3,697.3,58920,164.7408,9.539,0.057903081689538956
9,2020-01-16,717.54,708.27,736.33,702.11,46249,163.8083,9.485,0.05790304886870811
10,2020-01-17,715.13,710.54,720.76,699.45,44686,166.7923,9.6616,0.057925935429872955
11,2020-01-20,714.35,774.91,775.42,714.35,70614,155.8044,9.0251,0.0579258352138964
12,2020-01-21,734.31,762.09,779.87,727.31,95119,160.972,9.3244,0.05792560196804413
13,2020-01-22,753.44,812.99,819.83,738.54,69818,158.0392,9.1545,0.05792550202734512
14,2020-01-23,786.11,794.51,856.11,737.25,103076,156.9592,9.092,0.05792588137554218
15,2020-02-03,715.27,715.27,724.51,715.27,46339,168.1712,9.7414,0.057925494971790656
16,2020-02-04,715.55,783.03,783.79,715.27,89219,174.8921,10.1307,0.05792542945050119
17,2020-02-05,786.59,790.29,823.91,774.41,90440,164.8456,9.5488,0.057925719582445634
18,2020-02-06,764.41,794.85,797.54,763.71,72071,160.681,9.3076,0.05792595266397396
19,2020-02-07,788.41,826.66,838.64,778.58,77178,159.2824,9.2265,0.057925420510991796
20,2020-02-10,830.35,790.59,830.66,772.11,80424,157.9615,9.15,0.057925507164720516
21,2020-02-11,781.91,794.23,812.15,781.91,50619,159.7486,9.2535,0.05792539026946089
22,2020-02-12,778.36,818.76,829.6,777.71,60129,151.2794,8.763,0.057925930430712966
23,2020-02-13,832.54,892.4,900.44,830.91,115731,137.5268,8.2167,0.0597461731095321
24,2020-02-14,878.51,874.06,912.11,846.54,79160,140.7513,8.4094,0.05974651743891531
25,2020-02-17,867.31,892.51,905.95,867.31,50583,138.024,8.2464,0.05974613110763345
26,2020-02-18,894.98,917.91,919.53,885.54,54889,135.9573,8.123,0.059746699882977955
27,2020-02-19,912.14,957.28,1000.15,901.22,75331,137.5578,8.2186,0.05974652109876722
28,2020-02-20,956.91,1052.79,1052.79,951.31,75904,140.1064,8.3709,0.05974673533828576
29,2020-02-21,1047.61,1106.66,1116.18,1038.11,82190,138.0318,8.2469,0.05974637728407512
30,2020-02-24,1117.91,1127.71,1143.79,1069.84,85438,141.1864,8.4354,0.059746547826136226
31,2020-02-25,1099.71,1195.36,1201.02,1094.11,112515,140.86,8.4159,0.05974655686497231
32,2020-02-26,1178.11,1080.11,1200.51,1076.03,104844,142.6005,8.5199,0.05974663482947114
33,2020-02-27,1108.11,996.34,1116.51,976.51,151737,144.1856,8.6146,0.059746604376581296
34,2020-02-28,966.46,1018.63,1079.27,919.11,160303,143.1522,8.5528,0.05974620019811082
35,2020-03-02,1046.51,988.67,1066.11,956.91,135934,144.4886,8.6327,0.059746582083292386
36,2020-03-03,998.91,982.95,1051.55,968.11,124638,145.6618,8.7028,0.05974661853691222
37,2020-03-04,954.11,903.13,965.4,884.87,176429,139.7179,8.3476,0.05974610268261977
38,2020-03-05,909.31,914.63,926.11,863.95,151035,134.5043,8.0362,0.059746788764374066
39,2020-03-06,889.8,903.38,920.51,883.83,78770,135.3901,8.0891,0.0597466136741165
40,2020-03-09,882.71,830.69,884.11,820.33,116048,135.1958,8.0775,0.059746678521078324
41,2020-03-10,850.77,883.02,884.11,833.71,130724,138.6922,8.2864,0.05974669087374777
42,2020-03-11,877.06,823.69,880.19,821.14,117211,140.1685,8.3746,0.059746662053171716
43,2020-03-12,809.21,842.67,852.98,804.99,108861,141.9556,8.4813,0.05974614597803819
44,2020-03-13,800.65,871.85,893.07,800.11,141104,137.5268,8.2167,0.0597461731095321
45,2020-03-16,861.43,784.88,861.43,784.88,129268,139.3294,8.3244,0.059746184222425426
46,2020-03-17,808.51,794.82,814.11,746.91,89108,142.0333,8.486,0.05974655239299517
47,2020-03-18,800.39,768.14,818.03,757.36,99169,140.4405,8.439,0.06008950409604068
48,2020-03-19,772.11,774.89,783.29,734.54,96881,138.9098,8.347,0.060089352947020294
49,2020-03-20,787.91,768.75,791.71,713.31,106533,140.2462,8.4273,0.06008932862352065
50,2020-03-23,732.91,692.09,735.71,692.09,112128,138.0953,8.298,0.060088938580820636
51,2020-03-24,710.51,685.62,712.67,649.81,120727,138.7701,8.3386,0.06008931318778324
52,2020-03-25,710.51,705.75,729.69,690.97,113210,135.3571,8.1335,0.06008920108365205
53,2020-03-26,695.56,691.75,723.34,688.95,83451,136.5206,8.2034,0.060089100106504076
54,2020-03-27,709.11,702.31,725.07,696.51,99770,144.1068,8.6593,0.06008946142721926
55,2020-03-30,685.34,709.37,723.39,665.32,115572,143.8974,8.6467,0.06008934143354917
56,2020-03-31,718.91,679.74,721.15,679.74,101188,158.2864,9.5113,0.060089180119075304
57,2020-04-01,665.71,680.53,707.99,662.91,95974,157.053,9.4372,0.0600892692275856
58,2020-04-02,681.25,748.37,748.37,680.89,156493,152.748,9.1785,0.06008916647026475
59,2020-04-03,737.59,723.9,746.91,718.91,109759,155.0052,9.3141,0.06008895185451843
60,2020-04-07,758.11,742.71,763.71,736.53,99634,154.7725,9.3002,0.06008948618133066
61,2020-04-08,739.91,754.33,763.52,733.22,79146,152.748,9.1785,0.06008916647026475
62,2020-04-09,763.71,736.13,768.33,728.43,68036,149.622,8.9907,0.06008942535188675
63,2020-04-10,735.71,693.52,735.71,688.11,77963,148.3654,8.9152,0.06008948177944454
64,2020-04-13,682.37,663.47,695.34,651.71,66636,159.6361,10.0832,0.06316365784430965
65,2020-04-14,673.92,689.01,693.71,664.76,72537,159.7059,10.0876,0.06316360259702365
66,2020-04-15,693.21,716.48,745.01,682.82,106023,159.6361,10.0832,0.06316365784430965
67,2020-04-16,710.96,724.65,732.91,696.65,66832,159.7136,10.0881,0.06316368800152272
68,2020-04-17,744.25,755.31,783.31,744.25,142837,160.4505,10.1347,0.0631640287814622
69,2020-04-20,755.31,749.99,765.0,726.19,86995,165.9812,10.484,0.0631637799943608
70,2020-04-21,735.55,721.77,739.91,699.87,87956,166.7646,10.5335,0.06316388490123204
71,2020-04-22,704.94,718.89,719.7,702.11,57125,164.5229,10.3919,0.0631638513544315
72,2020-04-23,721.15,706.87,726.75,706.26,54741,163.3826,10.3199,0.06316400889690825
73,2020-04-24,704.91,691.17,717.51,687.67,48061,164.0575,10.3625,0.06316382975481158
74,2020-04-27,691.03,690.91,696.23,667.39,50751,167.2843,10.5663,0.0631637278573064
75,2020-04-28,694.86,728.15,729.5,678.31,99719,169.1305,10.6829,0.06316365173638107
76,2020-04-29,738.4,709.28,738.43,704.91,71373,171.3412,10.8226,0.06316402593188329
77,2020-04-30,730.11,780.01,780.01,723.11,123861,178.524,11.2763,0.06316405637337277
78,2020-05-06,800.09,857.79,857.79,786.42,122624,183.2945,11.5776,0.06316392472223663
79,2020-05-07,891.96,889.1,911.72,865.58,179316,181.4328,11.46,0.06316388216463617
80,2020-05-08,885.22,869.54,899.21,857.78,186036,180.3857,11.3939,0.0631640978192839
81,2020-05-11,877.34,867.07,891.72,859.27,131250,179.5712,11.3424,0.06316380354978972
82,2020-05-12,869.5,857.31,869.5,823.83,154692,178.1439,11.2523,0.0631641049735635
83,2020-05-13,842.88,861.66,867.54,839.31,109536,181.4794,11.4629,0.06316364281565841
84,2020-05-14,855.78,844.92,865.58,844.14,109815,174.537,11.0244,0.06316368449096753
85,2020-05-15,850.68,904.78,929.08,845.19,245054,174.281,11.0083,0.06316408558592158
86,2020-05-18,912.34,849.9,939.98,845.98,265334,174.9869,11.0528,0.06316358538839194
87,2020-05-19,858.13,873.1,873.42,835.35,200465,186.0792,11.7535,0.06316396459142129
88,2020-05-20,860.87,852.49,885.1,845.78,142988,188.127,11.8828,0.06316371387413822
89,2020-05-21,857.74,845.98,888.31,841.59,153637,187.1729,11.8226,0.06316405847213993
90,2020-05-22,838.14,806.78,853.86,795.02,152773,186.3119,11.7682,0.06316397395979538
91,2020-05-25,793.61,783.26,812.62,769.46,114777,180.6571,11.411,0.06316386125981209
92,2020-05-26,788.35,798.74,813.72,788.35,96041,188.4916,11.9059,0.0631640879487468
93,2020-05-27,794.23,767.58,797.76,763.27,101148,209.4351,13.2287,0.06316371993042236
94,2020-05-28,767.58,773.42,782.83,752.49,92845,224.0955,14.1547,0.06316369583503462
95,2020-05-29,763.66,761.27,773.42,752.96,78409,212.5378,13.4247,0.06316382309405667
96,2020-06-01,775.46,811.87,824.22,771.5,145853,212.3827,13.4149,0.06316380759826483
97,2020-06-02,815.01,816.97,821.56,803.56,86643,214.7951,13.5673,0.06316391761264573
98,2020-06-03,816.97,816.97,844.02,799.06,119598,208.2716,13.1552,0.06316367666066809
99,2020-06-04,818.54,809.37,826.38,806.78,58687,206.4254,13.0386,0.06316373857093169
100,2020-06-05,857.74,890.0,890.0,849.9,238050,200.0105,12.6334,0.0631636839065949
101,2020-06-08,890.0,879.34,902.03,876.01,161631,181.8284,11.485,0.06316395018599955
102,2020-06-09,885.18,892.94,904.43,873.85,110619,184.8846,11.678,0.06316372483159766
103,2020-06-10,888.12,921.59,935.67,882.94,134733,183.9305,11.6178,0.06316407556114946
104,2020-06-11,924.26,896.55,930.26,887.22,140744,182.992,11.5585,0.06316396345195419
105,2020-06-12,869.46,904.9,918.07,862.83,149659,181.3398,11.4541,0.06316374011662085
106,2020-06-15,865.58,846.8,873.26,846.02,167338,189.3216,11.9583,0.06316394959687642
107,2020-06-16,858.87,855.86,863.62,842.53,91516,184.0547,11.6256,0.06316383118714165
108,2020-06-17,853.82,846.76,856.17,835.98,71146,183.4108,11.5849,0.06316367411297481
109,2020-06-18,843.23,870.71,877.34,840.1,117697,175.5376,11.0876,0.06316367547465615
110,2020-06-19,873.81,890.27,913.01,861.78,121292,171.667,10.8431,0.06316356667268606
111,2020-06-22,903.99,930.06,950.25,903.21,159858,166.9275,10.5438,0.06316394842072157
112,2020-06-23,932.22,933.32,942.37,907.91,122137,168.7271,10.6575,0.06316412716155259
113,2020-06-24,936.18,959.93,971.42,928.3,135192,166.9353,10.5443,0.06316399227724753
114,2020-06-29,947.51,919.6,953.78,905.56,146673,178.4309,11.2704,0.0631639475001247
115,2020-06-30,923.95,927.95,938.65,918.5,114263,176.7787,11.166,0.06316371825338687
116,2020-07-01,926.34,932.69,961.3,909.48,128602,181.7354,11.4791,0.06316380848200186
117,2020-07-02,932.22,937.51,951.35,915.75,120309,176.0651,11.1209,0.06316356847552411
118,2020-07-03,937.31,922.07,939.59,906.07,141349,173.3735,10.9509,0.06316363227367504
119,2020-07-06,922.03,1013.95,1013.95,921.83,218392,175.4833,11.0842,0.06316384522059933
120,2020-07-07,1046.29,1046.37,1108.62,1046.29,220617,152.3372,17.3587,0.113949186410148
121,2020-07-08,1045.9,1055.7,1061.58,1014.11,179081,153.7742,17.5224,0.11394889389767594
122,2020-07-09,1049.82,1088.67,1107.95,1041.98,179889,153.7742,17.5224,0.11394889389767594
123,2020-07-10,1069.93,1076.47,1104.7,1061.58,143922,152.8113,17.4127,0.11394903387380385
124,2020-07-13,1069.5,1077.26,1090.0,1037.63,183720,143.2486,16.3462,0.11411071382198498
125,2020-07-14,1075.26,1135.67,1159.58,1072.95,237714,145.5448,16.6082,0.11411056939169245
126,2020-07-15,1131.75,1061.58,1135.27,1049.07,218213,144.4411,16.4823,0.11411087287482578
127,2020-07-16,1049.82,955.74,1061.54,955.74,202151,150.2917,17.1499,0.11411075927679307
128,2020-07-17,943.55,916.15,963.77,904.82,162812,147.3665,16.8161,0.11411073751497117
129,2020-07-20,932.22,944.72,944.96,884.0,127488,151.8097,17.3231,0.11411062665956129
130,2020-07-21,936.14,949.07,955.35,927.16,104935,159.2151,18.1681,0.11411040786960532
131,2020-07-22,947.98,953.9,980.43,936.53,99364,160.4444,18.3084,0.1141105579253623
132,2020-07-23,938.8,943.55,951.82,912.89,100887,164.3396,18.7529,0.1141106586604811
133,2020-07-24,933.47,887.49,962.79,885.3,118969,159.9556,18.2526,0.1141104156403402
134,2020-07-27,896.31,883.92,914.54,865.58,98603,170.3231,19.4357,0.11411076947284308
135,2020-07-28,896.94,885.22,900.82,883.06,68487,159.0152,18.1453,0.11411047497346165
136,2020-07-29,895.76,920.3,922.1,886.82,104480,162.1772,18.5062,0.11411098477467856
137,2020-07-30,936.14,903.45,939.9,898.9,86595,161.3552,18.4124,0.11411097999940505
138,2020-07-31,896.94,910.66,925.79,892.55,107232,163.1992,18.6228,0.11411085348457592
139,2020-08-03,920.89,914.77,924.3,889.14,156370,163.6657,18.676,0.11411065360671173
140,2020-08-04,916.54,920.07,937.39,905.13,126155,167.361,19.0977,0.11411081434742862
141,2020-08-05,971.38,929.47,971.42,929.47,138382,161.6483,18.0322,0.11155205467672719
142,2020-08-06,918.5,905.37,924.38,900.9,97028,146.954,16.393,0.11155191420444492
143,2020-08-07,900.7,869.07,908.7,849.43,112597,133.5926,14.9025,0.11155183745207443
144,2020-08-10,857.74,857.89,867.15,838.14,96576,137.1577,15.9257,0.1161123290927159
145,2020-08-11,869.5,848.57,885.18,845.98,72021,130.1226,15.1089,0.1161128043860175
146,2020-08-12,848.33,832.26,853.82,809.09,103674,130.1702,15.1144,0.11611259719966628
147,2020-08-13,840.61,828.85,842.84,822.46,51631,133.1377,15.4589,0.11611211550146953
148,2020-08-14,828.81,834.61,836.88,820.34,45765,135.4069,15.7224,0.11611225129590885
149,2020-08-17,836.96,845.94,845.98,826.38,78564,135.9517,15.7857,0.11611256056378848
150,2020-08-18,845.98,841.98,851.31,828.34,73699,141.2836,16.4048,0.11611255658830891
151,2020-08-19,837.2,814.03,837.35,812.7,61263,142.2886,16.5215,0.11611260494516075
152,2020-08-20,806.07,810.31,821.91,798.94,49060,136.4965,15.8489,0.11611213474338171
153,2020-08-21,820.73,809.91,825.91,796.98,65583,134.952,15.6696,0.11611239551840655
154,2020-08-24,807.52,810.27,814.93,782.47,70733,129.763,15.0671,0.11611245116096268
155,2020-08-25,814.62,809.91,821.28,800.04,59307,124.9389,14.507,0.11611275591509129
156,2020-08-26,795.02,752.96,795.02,752.76,147808,130.6146,15.166,0.11611259384479224
157,2020-08-27,747.59,759.31,767.97,732.49,93024,138.6652,16.1008,0.1161127665773388
158,2020-08-28,759.35,775.1,777.38,749.74,74614,142.1034,16.5,0.11611263347675004
159,2020-08-31,783.26,785.34,817.64,783.26,104613,139.9083,16.2451,0.11611248224730056
160,2020-09-01,787.37,786.51,791.1,772.36,48551,136.3537,15.8324,0.1161127274140709
161,2020-09-02,786.98,775.1,787.81,773.61,45452,140.9768,16.3692,0.1161127220932806
162,2020-09-03,773.81,796.86,798.15,760.6,82509,128.1602,14.881,0.11611249046115721
163,2020-09-04,783.26,803.09,813.01,780.71,99367,128.0121,14.8638,0.11611246124389803
164,2020-09-07,779.3,730.38,779.3,723.56,164871,133.6084,15.5136,0.11611245999503027
165,2020-09-08,726.18,731.44,735.87,717.01,57692,132.2755,15.3588,0.11611220520806953
166,2020-09-09,722.11,693.1,722.46,691.33,90396,195.233,15.9667,0.08178279286800899
167,2020-09-10,704.35,687.22,712.74,684.32,61653,199.1963,16.2909,0.08178314557047495
168,2020-09-11,693.06,704.47,707.17,686.83,59666,193.4971,15.8248,0.08178313783514068
169,2020-09-14,710.74,701.06,717.4,696.23,56010,195.3281,15.9745,0.08178290783558535
170,2020-09-15,696.55,710.74,726.81,686.83,81268,217.0312,17.7495,0.08178317218906775
171,2020-09-16,708.31,704.0,719.52,701.33,51786,218.7672,17.8914,0.08178282667602822
172,2020-09-17,702.9,711.72,721.32,689.18,77929,216.8569,17.7352,0.08178296378856287
173,2020-09-18,709.01,719.75,721.83,704.03,62130,224.4109,18.353,0.08178301499615216
174,2020-09-21,724.46,706.11,727.91,705.33,54391,221.597,18.1229,0.08178314688375746
175,2020-09-22,695.88,697.02,711.91,693.96,40281,246.2171,20.1364,0.08178310929663293
176,2020-09-23,700.94,719.36,720.54,700.47,79873,237.9887,19.4574,0.08175766328401307
177,2020-09-24,710.74,710.35,718.58,706.5,48159,232.6138,19.0179,0.08175740218336144
178,2020-09-25,718.54,702.9,718.58,698.94,40151,249.4125,20.3913,0.08175732972485342
179,2020-09-28,697.02,685.26,698.98,683.3,53723,234.5957,19.1799,0.08175725301017879
180,2020-09-29,688.98,686.24,697.72,684.87,44110,255.1759,20.8625,0.0817573289640597
181,2020-09-30,689.18,681.77,691.14,681.53,35911,258.3628,21.1231,0.08175751307850822
182,2020-10-09,693.1,708.07,708.74,690.35,65512,255.1046,20.8567,0.0817574438093237
183,2020-10-12,715.44,738.06,738.49,710.74,93434,277.7064,22.7046,0.08175756842478243
184,2020-10-13,739.94,732.14,740.06,724.89,58572,279.3236,22.8368,0.08175750276739953
185,2020-10-14,729.67,725.4,730.97,717.72,46081,287.8062,23.5303,0.08175744650393216
186,2020-10-15,727.16,730.61,755.35,726.81,84130,281.4958,23.0144,0.08175752533430339
187,2020-10-16,736.22,722.62,740.14,716.62,46348,305.2154,24.9536,0.08175734251941416
188,2020-10-19,724.46,713.83,727.91,712.97,33959,337.8457,27.6214,0.08175744134082512
189,2020-10-20,712.7,715.48,716.42,700.19,33821,318.6924,26.0555,0.08175751916267848
190,2020-10-21,716.62,699.57,716.62,698.98,37200,312.7308,25.5681,0.08175753715336002
191,2020-10-22,699.41,710.03,714.66,691.65,37563,297.478,24.321,0.08175730642265983
192,2020-10-23,708.39,697.17,711.91,697.02,30641,270.4367,22.1102,0.08175739461397066
193,2020-10-26,689.18,689.1,700.9,685.65,28498,259.2904,21.1989,0.08175736548672839
194,2020-10-27,685.26,699.53,700.9,683.38,27646,252.1,20.6111,0.0817576358587862
195,2020-10-28,703.45,713.29,715.76,689.41,40475,246.8757,20.1839,0.0817573378019789
196,2020-10-29,701.41,697.02,708.19,689.18,43307,252.0683,20.6085,0.08175760299886975
197,2020-10-30,712.7,766.4,766.4,712.7,236364,231.2185,18.9038,0.08175729883205712
198,2020-11-02,775.42,809.13,817.24,755.82,227854,224.2739,18.3361,0.08175761869749444
199,2020-11-03,810.7,800.11,816.11,788.04,139190,223.2433,18.2518,0.0817574368413296
200,2020-11-04,802.86,806.78,821.67,795.14,102629,233.4541,19.0866,0.08175739899192175
201,2020-11-05,823.16,813.83,826.57,797.68,94249,224.4483,18.3503,0.08175735793053457
202,2020-11-06,818.54,834.85,835.0,795.02,126017,223.1561,18.2447,0.08175756790874192
203,2020-11-09,849.9,885.53,917.99,849.9,211920,221.1028,18.0768,0.08175744495320728
204,2020-11-10,873.42,851.62,879.22,846.21,114560,201.9178,16.5083,0.08175752707289798
205,2020-11-11,838.14,795.06,845.51,791.57,128431,224.3531,18.3425,0.08175728349641703
206,2020-11-12,811.91,800.51,812.42,790.78,56191,229.5854,18.7703,0.08175737655791701
207,2020-11-13,791.18,815.21,823.63,788.55,75712,215.1729,17.592,0.0817575075671704
208,2020-11-16,807.76,789.14,814.58,778.28,89200,218.8038,17.8888,0.08175726381351694
209,2020-11-17,787.18,844.57,849.31,763.66,153372,200.578,16.3988,0.08175772018865479
210,2020-11-18,830.3,829.51,849.0,821.67,122902,199.9359,16.3463,0.08175770334392173
211,2020-11-19,822.46,834.22,858.84,821.36,103904,203.0911,16.6042,0.08175739852706494
212,2020-11-20,831.94,816.97,840.41,813.29,79810,201.355,16.4623,0.08175759231208563
213,2020-11-23,814.62,828.77,844.02,811.4,95960,207.5465,16.9685,0.08175758203583293
214,2020-11-24,834.22,828.73,845.98,822.46,93762,194.228,15.8796,0.08175752208744362
215,2020-11-25,826.38,809.91,829.83,804.82,79418,179.0068,14.6351,0.08175722933430461
216,2020-11-26,809.91,794.08,816.77,793.02,57958,169.2558,13.8379,0.0817573164405592
217,2020-11-27,791.14,801.25,806.78,782.83,56140,168.685,13.7913,0.0817577140824614
218,2020-11-30,807.17,813.01,832.57,791.29,106232,179.1654,14.6481,0.08175741521521454
219,2020-12-01,812.62,814.89,820.42,805.09,66434,174.7259,14.2851,0.08175719798839211
