,日期,开盘,收盘,最高,最低,成交量,pe,pb,roe
0,2020-01-03,14.53,14.71,14.98,14.23,3113213,53.6197,2.4664,0.04599801938466646
1,2020-01-06,14.65,14.74,15.22,14.59,3306883,53.3871,2.4557,0.04599800326296054
2,2020-01-07,14.62,14.53,14.74,14.38,1834331,53.1544,2.445,0.04599807353671568
3,2020-01-08,14.53,14.65,14.8,14.41,2153188,53.2707,2.4504,0.045999020099229036
4,2020-01-09,14.77,14.53,14.95,14.41,1930606,53.8523,2.4771,0.045998035367105956
5,2020-01-10,14.56,14.41,14.56,13.99,2906159,56.5275,2.6002,0.04599885011719959
6,2020-01-13,14.35,14.44,14.59,14.2,1254019,55.8296,2.5681,0.045998896642641174
7,2020-01-14,14.62,15.4,15.76,14.53,4622908,55.0154,2.5306,0.04599802964260916
8,2020-01-15,15.28,14.95,15.49,14.86,3019234,53.1544,2.445,0.04599807353671568
9,2020-01-16,15.01,14.74,15.13,14.65,1346025,53.1544,2.445,0.04599807353671568
10,2020-01-17,14.74,14.53,14.8,14.32,1405554,52.1076,2.3969,0.0459990481234983
11,2020-01-20,14.5,14.41,14.53,14.2,1418838,53.736,2.4718,0.04599895786809588
12,2020-01-21,14.35,13.87,14.35,13.87,1352237,50.5956,2.3273,0.045998070978504065
13,2020-01-22,13.84,14.26,14.38,13.69,1586857,49.0835,2.2578,0.04599916468874469
14,2020-01-23,13.96,13.63,14.41,13.45,1824796,48.8509,2.2471,0.04599915252329025
15,2020-02-03,12.4,12.4,12.4,12.4,517910,49.0835,2.2578,0.04599916468874469
16,2020-02-04,11.95,12.61,12.85,11.95,2373531,50.4793,2.322,0.045999053077201944
17,2020-02-05,12.85,13.18,13.72,12.67,2733358,49.3161,2.2685,0.04599917673944209
18,2020-02-06,12.97,13.18,13.24,12.76,2415280,48.8509,2.2471,0.04599915252329025
19,2020-02-07,13.03,12.91,13.06,12.73,1436429,48.153,2.215,0.045999210848752935
20,2020-02-10,12.76,13.51,13.63,12.7,2587332,48.7346,2.2417,0.04599812043189028
21,2020-02-11,13.57,14.11,14.29,13.33,3807508,46.8736,2.1561,0.04599817381212452
22,2020-02-12,13.93,15.4,15.4,13.81,4632596,45.9431,2.1133,0.04599820212393156
23,2020-02-13,16.03,16.33,16.81,15.43,7865100,46.7573,2.1508,0.045999234344155884
24,2020-02-14,16.6,17.53,17.83,16.42,8267794,45.7105,2.084,0.04559127552750462
25,2020-02-17,17.2,17.47,17.56,16.99,5307175,45.8268,2.0893,0.04559122609477424
26,2020-02-18,17.26,17.02,17.53,16.78,4872485,45.2452,2.0628,0.0455915765650279
27,2020-02-19,15.97,15.46,16.06,15.46,7489465,45.5942,2.0787,0.04559132521241737
28,2020-02-20,15.61,15.31,15.73,15.04,4604364,45.8268,2.0893,0.04559122609477424
29,2020-02-21,15.16,15.07,15.46,14.86,4286228,46.0594,2.0999,0.04559112797821943
30,2020-02-24,14.86,14.5,14.89,14.05,4626076,46.292,2.1105,0.04559103084766266
31,2020-02-25,14.26,15.07,15.13,14.14,5526913,45.4779,2.0734,0.045591375151447185
32,2020-02-26,14.77,14.41,14.89,14.32,3562477,45.3615,2.0681,0.04559152585342195
33,2020-02-27,14.47,14.41,14.68,14.23,2121864,45.2452,2.0628,0.0455915765650279
34,2020-02-28,13.96,13.48,14.2,13.39,2929729,45.2452,2.0628,0.0455915765650279
35,2020-03-02,13.63,13.93,14.05,13.51,1959451,45.9431,2.0946,0.04559117691231109
36,2020-03-03,14.05,14.08,14.5,13.96,2754018,46.0594,2.0999,0.04559112797821943
37,2020-03-04,14.17,14.14,14.32,13.75,2431996,45.1289,2.0575,0.045591627538007794
38,2020-03-05,14.2,14.23,14.26,13.96,2127440,43.2679,1.9726,0.04559037993524068
39,2020-03-06,14.05,14.26,14.53,13.96,3100883,43.6169,1.9885,0.045590126762791484
40,2020-03-09,14.35,13.78,14.44,13.69,2609100,43.2679,1.9726,0.04559037993524068
41,2020-03-10,13.48,13.93,13.99,13.27,2371561,43.7332,1.9938,0.04559007801853055
42,2020-03-11,13.96,13.51,13.96,13.51,1781246,44.3147,2.0203,0.04558983813497553
43,2020-03-12,13.3,13.06,13.45,12.97,1827870,45.8268,2.0893,0.04559122609477424
44,2020-03-13,12.34,12.82,12.94,12.19,1896947,46.292,2.1105,0.04559103084766266
45,2020-03-16,12.88,12.34,12.91,12.28,1544804,47.3388,2.1582,0.04559050926512712
46,2020-03-17,12.37,12.52,12.61,12.04,1465418,47.8041,2.1794,0.045590231800201234
47,2020-03-18,12.55,12.07,12.7,12.07,1777385,46.4084,2.1158,0.04559088440885702
48,2020-03-19,12.04,11.95,12.19,11.74,1640169,46.9899,2.1423,0.04559064820312451
49,2020-03-20,12.1,12.01,12.16,11.8,1087789,47.1062,2.1476,0.04559060166177701
50,2020-03-23,11.68,11.5,11.77,11.44,1319892,46.8736,2.137,0.045590694975423264
51,2020-03-24,11.71,11.86,11.95,11.65,1546110,46.292,2.1105,0.04559103084766266
52,2020-03-25,12.13,12.07,12.19,11.95,1404459,46.641,2.1264,0.04559078921978517
53,2020-03-26,12.01,11.8,12.01,11.8,1090771,46.7573,2.1317,0.04559074198039664
54,2020-03-27,11.92,11.68,11.95,11.65,1018815,47.6878,2.1741,0.0455902767584162
55,2020-03-30,11.5,11.56,11.65,11.41,1002260,47.9204,2.1847,0.045590187060208176
56,2020-03-31,11.65,11.68,11.74,11.44,1248021,48.502,2.2112,0.04558987258257391
57,2020-04-01,11.59,11.92,12.16,11.59,1829120,48.7346,2.2218,0.04558978631198368
58,2020-04-02,11.83,12.07,12.07,11.8,1133176,49.1998,2.2431,0.04559164874653962
59,2020-04-03,12.01,11.86,12.13,11.8,926186,50.8282,2.3173,0.045590833434982936
60,2020-04-07,12.04,12.16,12.22,11.92,1392063,49.7814,2.2696,0.045591325274098364
61,2020-04-08,12.07,12.19,12.43,11.95,1651314,49.1998,2.291,0.0465652299399591
62,2020-04-09,12.34,12.16,12.34,12.1,943665,48.7346,2.2693,0.04656445318110747
63,2020-04-10,12.16,11.86,12.19,11.83,940709,48.3857,2.2531,0.04656541085486001
64,2020-04-13,11.77,11.74,11.8,11.68,501153,49.7814,2.3181,0.04656558473646784
65,2020-04-14,11.8,12.16,12.16,11.77,1349595,51.1771,2.3831,0.046565749133889965
66,2020-04-15,12.13,11.98,12.13,11.95,927869,52.1076,2.4264,0.046565184349307974
67,2020-04-16,11.89,11.92,12.04,11.86,803666,52.1076,2.4264,0.046565184349307974
68,2020-04-17,11.98,11.98,12.13,11.92,990819,51.4098,2.3939,0.04656505179946236
69,2020-04-20,11.98,11.86,12.01,11.8,799183,51.7587,2.4101,0.04656415249996619
70,2020-04-21,11.8,11.65,11.83,11.62,977909,51.9913,2.421,0.046565483071206136
71,2020-04-22,11.59,11.71,11.77,11.53,590969,50.5956,2.356,0.046565313979871764
72,2020-04-23,11.77,11.68,11.83,11.62,666197,50.1303,2.3343,0.04656465251554449
73,2020-04-24,11.65,11.56,11.74,11.53,654227,50.9445,2.3722,0.04656439851210631
74,2020-04-27,11.56,11.53,11.71,11.47,586979,51.5261,2.3993,0.046564750679752596
75,2020-04-28,11.53,11.32,11.56,11.08,858235,53.1544,2.4751,0.046564348388844566
76,2020-04-29,11.29,11.32,11.38,11.23,467491,55.3644,2.578,0.046564218161851294
77,2020-04-30,11.47,11.71,11.74,11.47,1017201,57.2253,2.6647,0.04656506824778551
78,2020-05-06,11.8,12.22,12.31,11.8,2384655,56.4112,2.6268,0.0465652210908472
79,2020-05-07,12.1,12.1,12.31,12.07,1456490,54.4339,2.5347,0.0465647326390356
80,2020-05-08,12.22,12.22,12.37,12.04,1373494,52.8055,2.4589,0.046565225213282706
81,2020-05-11,12.22,12.01,12.25,11.98,1053165,51.1771,2.3831,0.046565749133889965
82,2020-05-12,11.92,11.89,12.01,11.74,773635,51.9913,2.421,0.046565483071206136
83,2020-05-13,11.83,11.92,12.07,11.77,811048,52.9218,2.4643,0.04656493165387421
84,2020-05-14,11.89,11.68,11.92,11.68,845176,52.6892,2.4535,0.046565520068628866
85,2020-05-15,11.77,11.71,11.83,11.65,611825,51.0608,2.3776,0.04656409613637076
86,2020-05-18,11.77,11.95,12.04,11.62,1119599,49.0835,2.2856,0.04656554646673526
87,2020-05-19,12.01,11.92,12.04,11.86,695490,51.6424,2.4047,0.046564450916301334
88,2020-05-20,11.95,11.92,12.1,11.89,904155,51.6424,2.4047,0.046564450916301334
89,2020-05-21,11.89,11.74,11.92,11.71,649221,51.875,2.4156,0.04656578313253012
90,2020-05-22,11.71,11.53,11.71,11.47,741946,52.3402,2.4372,0.046564590888074554
91,2020-05-25,11.53,11.38,11.62,11.32,920911,47.9204,2.2314,0.04656471982704651
92,2020-05-26,11.41,11.53,11.53,11.38,464401,48.0367,2.2368,0.04656439763763955
93,2020-05-27,11.5,11.41,11.53,11.38,447301,51.2934,2.3885,0.046565445067006675
94,2020-05-28,11.44,11.56,11.59,11.41,663425,54.6665,2.5455,0.046564166354165715
95,2020-05-29,11.5,11.53,11.68,11.44,695816,54.8991,2.5564,0.04656542639132518
96,2020-06-01,11.62,11.89,11.89,11.56,1100387,49.8977,2.3235,0.04656527254763246
97,2020-06-02,11.89,11.83,11.95,11.77,930348,52.5729,2.4481,0.04656581622851318
98,2020-06-03,11.86,11.77,11.89,11.74,738796,51.6424,2.4047,0.046564450916301334
99,2020-06-04,11.83,12.31,12.4,11.74,3195558,50.1303,2.3343,0.04656465251554449
100,2020-06-05,12.25,12.1,12.28,12.01,1389380,50.5956,2.356,0.046565313979871764
101,2020-06-08,12.16,12.4,12.61,12.1,2383063,47.3388,2.2043,0.04656434045645432
102,2020-06-09,12.43,12.43,12.58,12.28,1310646,45.0126,2.096,0.04656473965067559
103,2020-06-10,12.37,12.13,12.43,12.1,1036437,43.6169,2.031,0.046564519715981655
104,2020-06-11,12.22,12.1,12.4,12.04,1092715,42.6864,1.9877,0.04656518235316166
105,2020-06-12,11.86,11.98,12.04,11.8,905440,42.5701,1.9372,0.045506118143955505
106,2020-06-15,11.98,11.83,12.04,11.77,903206,43.0353,1.9583,0.04550450444170251
107,2020-06-16,11.98,12.58,12.85,11.89,3742362,43.5006,1.9795,0.045505119469616516
108,2020-06-17,12.64,12.61,13.0,12.52,2949557,43.9658,2.0007,0.04550582498214521
109,2020-06-18,12.61,12.61,12.85,12.46,1721880,44.0821,2.006,0.045505999033621354
110,2020-06-19,12.67,12.64,12.82,12.55,1902581,43.9658,2.0007,0.04550582498214521
111,2020-06-22,12.67,12.61,12.85,12.52,1697417,43.9658,2.0007,0.04550582498214521
112,2020-06-23,12.61,12.49,12.67,12.4,1271038,43.8495,1.9954,0.04550565000741172
113,2020-06-24,12.43,12.37,12.52,12.31,1147303,40.9417,1.8631,0.04550617096994018
114,2020-06-29,12.34,12.25,12.46,12.16,990982,41.5233,1.8895,0.045504572131791064
115,2020-06-30,12.29,12.41,12.53,12.26,876627,41.9885,1.9107,0.0455053169320171
116,2020-07-01,12.44,12.65,12.74,12.41,1538729,42.1048,1.916,0.04550550056050617
117,2020-07-02,12.65,13.01,13.04,12.56,2727319,43.2679,1.9689,0.04550486619410695
118,2020-07-03,13.16,13.61,14.15,13.13,4047613,43.1516,1.9636,0.045504685805393075
119,2020-07-06,13.82,14.45,14.48,13.73,4643607,41.9885,1.9107,0.0455053169320171
120,2020-07-07,14.69,14.33,14.99,14.15,4406335,42.8027,1.9477,0.04550413875760174
121,2020-07-08,14.3,14.72,14.84,14.09,4231788,40.7091,1.8525,0.04550579600138544
122,2020-07-09,14.75,14.96,15.05,14.6,3590753,40.9417,1.8631,0.04550617096994018
123,2020-07-10,14.75,14.27,14.84,14.24,3252056,41.1743,1.8736,0.045504113002528275
124,2020-07-13,14.6,15.56,15.56,14.57,4644251,39.7786,1.8101,0.045504366669515774
125,2020-07-14,15.56,15.5,15.95,15.14,5629092,39.8949,1.8154,0.04550456323991287
126,2020-07-15,15.74,14.63,15.86,14.39,4451855,39.3133,1.789,0.04550622817214531
127,2020-07-16,14.63,13.79,14.81,13.73,3185033,39.7786,1.8101,0.045504366669515774
128,2020-07-17,13.76,13.76,14.0,13.55,2039103,39.197,1.7837,0.04550603362502232
129,2020-07-20,13.94,14.9,14.96,13.85,3477183,39.7786,1.8101,0.045504366669515774
130,2020-07-21,15.14,14.78,15.2,14.6,2164101,40.5928,1.8472,0.04550560690565815
131,2020-07-22,15.2,14.72,15.38,14.66,2732141,41.2906,1.8789,0.045504303642959903
132,2020-07-23,14.57,14.72,14.99,14.45,2327963,41.2906,1.8789,0.045504303642959903
133,2020-07-24,14.66,14.06,14.66,13.94,2520685,41.407,1.8842,0.045504383316830495
134,2020-07-27,14.09,14.57,14.81,14.06,2922445,40.4765,1.8419,0.045505416723283884
135,2020-07-28,15.05,14.99,15.59,14.78,4678312,40.3601,1.8366,0.04550533819291825
136,2020-07-29,15.02,15.05,15.11,14.69,2694807,41.2906,1.8789,0.045504303642959903
137,2020-07-30,15.29,14.81,15.35,14.78,2797721,41.1743,1.8736,0.045504113002528275
138,2020-07-31,14.48,14.6,14.75,14.33,2834422,41.6396,1.8948,0.04550475989202586
139,2020-08-03,14.69,15.02,15.05,14.48,3083808,42.4538,1.9319,0.04550593821990022
140,2020-08-04,15.47,15.44,15.8,15.17,4998931,41.9885,1.9107,0.0455053169320171
141,2020-08-05,15.35,15.95,16.1,14.99,5969028,42.4538,1.9319,0.04550593821990022
142,2020-08-06,16.01,16.16,16.43,15.74,5633057,40.4765,1.8419,0.045505416723283884
143,2020-08-07,16.1,15.68,16.13,15.5,3738590,38.9644,1.7733,0.04551077393723502
144,2020-08-10,15.35,15.11,15.38,14.93,3651775,38.9644,1.7733,0.04551077393723502
145,2020-08-11,15.05,14.69,15.23,14.6,2452007,39.7786,1.8104,0.04551190841306633
146,2020-08-12,14.45,14.54,14.63,14.0,2655711,39.8949,1.8157,0.04551208299807745
147,2020-08-13,14.45,14.33,14.51,14.21,1342458,40.3601,1.8369,0.04551277127658256
148,2020-08-14,14.27,14.45,14.54,14.21,1083398,40.4765,1.8422,0.045512828431312
149,2020-08-17,14.48,14.81,14.84,14.36,2099393,40.2438,1.8316,0.04551260069874117
150,2020-08-18,14.87,14.75,15.02,14.69,1737563,41.058,1.8686,0.04551122801890009
151,2020-08-19,14.78,14.66,14.96,14.66,1816493,41.5233,1.8898,0.04551179699108693
152,2020-08-20,15.05,14.84,15.23,14.78,2568285,41.2906,1.8792,0.04551156921914431
153,2020-08-21,14.84,14.84,15.02,14.6,1839958,41.5233,1.8898,0.04551179699108693
154,2020-08-24,14.81,14.6,14.81,14.48,1481000,42.2211,1.9216,0.04551278862938199
155,2020-08-25,14.6,14.24,14.63,14.15,1760972,40.5928,1.8475,0.04551299737884551
156,2020-08-26,14.15,13.88,14.36,13.82,1520101,41.058,1.8686,0.04551122801890009
157,2020-08-27,13.91,13.97,14.0,13.7,1313219,42.2211,1.9216,0.04551278862938199
158,2020-08-28,13.91,14.09,14.09,13.79,1415980,42.3374,1.9269,0.0455129507244186
159,2020-08-31,14.21,14.24,14.57,14.21,2053941,42.2211,1.9216,0.04551278862938199
160,2020-09-01,14.18,14.51,14.54,14.12,1743691,41.058,1.8686,0.04551122801890009
161,2020-09-02,14.39,14.09,14.42,14.0,2017961,41.8722,1.9057,0.04551229694164625
162,2020-09-03,14.09,13.97,14.15,13.91,900313,41.2906,1.8792,0.04551156921914431
163,2020-09-04,13.79,13.91,13.94,13.7,801202,40.3601,1.8369,0.04551277127658256
164,2020-09-07,13.85,13.76,14.09,13.7,1214872,39.8949,1.8157,0.04551208299807745
165,2020-09-08,13.76,13.7,13.82,13.43,1371626,16.1683,1.8638,0.11527495160282776
166,2020-09-09,13.52,13.46,13.61,13.4,1140669,16.3546,1.8853,0.11527643598742861
167,2020-09-10,13.61,13.43,13.7,13.4,1087256,16.774,1.9337,0.11527959937999284
168,2020-09-11,13.4,13.34,13.49,13.19,1079743,16.4478,1.8961,0.1152798550566033
169,2020-09-14,13.34,13.49,13.64,13.34,896022,15.8887,1.8316,0.11527689490014915
170,2020-09-15,13.49,13.55,13.61,13.43,744229,16.6808,1.9229,0.11527624574360941
171,2020-09-16,13.55,13.52,13.61,13.37,839696,16.5876,1.9122,0.11527888302105188
172,2020-09-17,13.46,13.37,13.52,13.31,936429,16.774,1.9337,0.11527959937999284
173,2020-09-18,13.4,13.73,13.76,13.37,1489106,17.4729,2.0142,0.11527565544357264
174,2020-09-21,13.79,13.61,13.82,13.55,951958,17.1933,1.982,0.11527746273257605
175,2020-09-22,13.52,13.34,13.55,13.25,1232532,17.9389,2.068,0.11528020112715942
176,2020-09-23,13.28,13.22,13.34,13.19,677921,18.3116,2.1109,0.11527665523493305
177,2020-09-24,13.13,12.83,13.13,12.8,1120420,19.0105,2.1915,0.11527839877962179
178,2020-09-25,12.89,12.68,12.92,12.56,962898,19.6629,2.2667,0.11527801087326896
179,2020-09-28,12.71,12.56,12.77,12.53,620735,19.4299,2.2398,0.1152759406893499
180,2020-09-29,12.65,12.65,12.74,12.62,609528,20.1754,2.3258,0.1152790031424408
181,2020-09-30,12.68,12.56,12.68,12.44,801789,20.1288,2.3204,0.11527761217757641
182,2020-10-09,12.86,13.04,13.1,12.8,1068098,19.989,2.3043,0.11527840312171694
183,2020-10-12,13.16,13.28,13.31,13.07,1058878,19.8958,2.2936,0.11528061198845987
184,2020-10-13,13.28,13.25,13.28,13.13,621616,19.6629,2.2667,0.11527801087326896
185,2020-10-14,13.22,13.07,13.25,13.04,641205,18.9639,2.1861,0.11527692088652652
186,2020-10-15,13.07,13.07,13.19,13.04,516572,20.4084,2.3526,0.11527606279767154
187,2020-10-16,13.1,13.1,13.19,13.04,603570,20.4084,2.3526,0.11527606279767154
188,2020-10-19,13.1,13.13,13.28,13.07,557264,21.4334,2.4708,0.11527802401858782
189,2020-10-20,13.1,13.34,13.37,13.01,1006140,20.5481,2.3687,0.11527586492181759
190,2020-10-21,13.34,13.28,13.46,13.19,687507,21.4334,2.4708,0.11527802401858782
191,2020-10-22,13.19,13.22,13.25,13.07,486784,21.8062,2.5138,0.11527914079481981
192,2020-10-23,13.22,13.16,13.28,13.13,448200,22.0392,2.5406,0.11527641656684452
193,2020-10-26,13.16,13.07,13.19,12.98,513031,24.4621,2.8199,0.11527628453812225
194,2020-10-27,12.95,13.22,13.25,12.95,611833,25.161,2.9005,0.1152776121775764
195,2020-10-28,13.16,13.19,13.25,13.04,616695,25.2542,2.9113,0.11527983464136658
196,2020-10-29,13.07,13.46,13.52,13.01,1499695,23.3904,2.6964,0.11527806279499282
197,2020-10-30,13.37,13.25,13.43,13.22,1385500,21.946,2.5299,0.11527841064430876
198,2020-11-02,13.22,13.49,13.55,13.19,1163736,19.9424,2.2989,0.11527699775353017
199,2020-11-03,13.55,13.97,14.12,13.49,2131494,19.0105,2.1915,0.11527839877962179
200,2020-11-04,13.91,13.82,13.91,13.64,1312537,18.0786,2.0841,0.11527994424347016
201,2020-11-05,13.88,14.0,14.15,13.76,1583630,18.498,2.1324,0.11527732727862472
202,2020-11-06,14.03,14.12,14.33,13.94,1694425,18.498,2.1324,0.11527732727862472
203,2020-11-09,14.27,14.42,14.57,14.06,2742182,17.6127,2.0304,0.11528045103817133
204,2020-11-10,14.33,14.06,14.33,14.0,1732400,17.2865,1.9928,0.11528071038093309
205,2020-11-11,14.06,14.0,14.21,13.97,1157357,19.1969,2.213,0.11527902942662618
206,2020-11-12,13.94,14.06,14.24,13.85,1160787,20.1754,2.3258,0.1152790031424408
207,2020-11-13,14.0,14.45,14.51,14.0,3021051,19.5697,2.256,0.11528025467942787
208,2020-11-16,14.39,15.26,15.41,14.33,5285768,20.4084,2.3526,0.11527606279767154
209,2020-11-17,15.08,14.84,15.29,14.66,3540166,20.5947,2.3741,0.11527723152073106
210,2020-11-18,14.99,15.11,15.35,14.84,3164780,20.9209,2.4117,0.11527706743017749
211,2020-11-19,15.08,15.11,15.5,14.84,2691527,21.2471,2.4493,0.11527690837808455
212,2020-11-20,14.96,15.59,15.65,14.81,3697109,21.946,2.5299,0.11527841064430876
213,2020-11-23,15.77,15.8,16.19,15.56,4583541,20.455,2.358,0.11527743827914937
214,2020-11-24,15.62,15.98,16.04,15.44,3241736,20.4084,2.3526,0.11527606279767154
215,2020-11-25,15.98,15.29,16.07,15.29,2833961,20.5947,2.3741,0.11527723152073106
216,2020-11-26,15.38,15.14,15.41,14.87,2363708,20.7811,2.3956,0.1152778245617412
217,2020-11-27,15.11,15.11,15.26,14.72,2015286,20.5947,2.3741,0.11527723152073106
218,2020-11-30,15.05,15.17,15.62,15.02,2614237,20.9209,2.4117,0.11527706743017749
219,2020-12-01,15.14,15.23,15.29,14.81,1730894,20.8743,2.4063,0.11527572182061194
