,日期,开盘,收盘,最高,最低,成交量,pe,pb,roe
0,2020-01-03,7.08,7.04,7.08,7.02,263510,17.1507,1.6913,0.09861405073845382
1,2020-01-06,7.02,7.01,7.07,6.95,316765,17.123,1.6886,0.09861589674706535
2,2020-01-07,7.0,7.13,7.13,7.0,386929,16.9287,1.6694,0.09861359702753313
3,2020-01-08,7.1,7.09,7.2,7.05,487066,16.8732,1.6639,0.09861200009482492
4,2020-01-09,7.15,7.24,7.26,7.12,538316,16.9842,1.6749,0.09861518352351008
5,2020-01-10,7.28,7.18,7.3,7.15,321902,17.0397,1.6804,0.09861675968473622
6,2020-01-13,7.18,7.17,7.18,7.08,263356,17.0952,1.6858,0.09861247601665965
7,2020-01-14,7.18,7.23,7.28,7.13,436877,17.0952,1.6858,0.09861247601665965
8,2020-01-15,7.19,7.11,7.24,7.1,276761,17.0675,1.6831,0.09861432547238905
9,2020-01-16,7.12,7.14,7.18,7.06,331054,17.0675,1.6831,0.09861432547238905
10,2020-01-17,7.14,7.52,7.6,7.13,1388955,17.0952,1.6858,0.09861247601665965
11,2020-01-20,7.44,7.6,7.74,7.27,962578,17.0952,1.6858,0.09861247601665965
12,2020-01-21,7.5,7.34,7.68,7.34,662899,16.901,1.6667,0.0986154665404414
13,2020-01-22,7.2,7.1,7.2,6.88,1095042,16.9287,1.6694,0.09861359702753313
14,2020-01-23,7.01,6.76,7.08,6.7,660642,16.901,1.6667,0.0986154665404414
15,2020-02-03,5.66,5.42,5.94,5.41,1349109,17.012,1.6776,0.09861274394545026
16,2020-02-04,5.51,5.83,5.89,5.51,904807,17.1507,1.6913,0.09861405073845382
17,2020-02-05,5.88,6.11,6.32,5.85,908850,16.9565,1.6722,0.09861704950903784
18,2020-02-06,6.12,6.23,6.35,6.0,819126,16.9565,1.6722,0.09861704950903784
19,2020-02-07,6.19,6.22,6.27,6.07,722138,16.8177,1.6585,0.09861633873835306
20,2020-02-10,6.22,6.99,6.99,6.17,1496883,16.8177,1.6585,0.09861633873835306
21,2020-02-11,7.0,6.68,7.0,6.61,973573,16.4847,1.6256,0.09861265294485189
22,2020-02-12,6.61,6.85,6.95,6.6,722127,16.7067,1.6475,0.09861313125871655
23,2020-02-13,6.89,6.91,7.17,6.83,1100904,16.9842,1.7132,0.10087022055793031
24,2020-02-14,6.85,6.78,6.91,6.65,740772,17.0952,1.7244,0.10087041976695213
25,2020-02-17,6.8,7.01,7.05,6.78,724922,17.123,1.7272,0.10087017461893359
26,2020-02-18,7.0,7.09,7.13,6.97,700511,17.0675,1.7216,0.10087007470338363
27,2020-02-19,7.09,7.0,7.12,6.93,714904,16.9842,1.7132,0.10087022055793031
28,2020-02-20,6.98,7.01,7.05,6.88,626702,17.0397,1.7188,0.10087032048686304
29,2020-02-21,7.02,6.96,7.03,6.95,535424,17.1507,1.73,0.10087051840449661
30,2020-02-24,6.92,6.81,6.94,6.76,640978,17.3728,1.7524,0.1008703260268926
31,2020-02-25,6.63,6.68,6.77,6.51,658761,17.2617,1.7412,0.10087071377674273
32,2020-02-26,6.6,6.82,7.05,6.56,1076389,17.345,1.7496,0.10087056788699915
33,2020-02-27,6.79,6.71,6.93,6.7,524585,17.345,1.7496,0.10087056788699915
34,2020-02-28,6.57,6.25,6.64,6.24,735040,17.4005,1.7552,0.10087066463607368
35,2020-03-02,6.29,6.94,7.02,6.29,1298253,17.7335,1.7887,0.10086559336848339
36,2020-03-03,7.07,6.96,7.12,6.9,1081337,17.9,1.8055,0.1008659217877095
37,2020-03-04,6.9,6.97,7.02,6.85,576444,17.7058,1.7859,0.10086525319386867
38,2020-03-05,7.08,7.22,7.34,7.03,1226156,17.4283,1.758,0.10087042339183971
39,2020-03-06,7.1,7.04,7.16,7.01,682661,17.5393,1.7691,0.10086491479135426
40,2020-03-09,6.9,6.99,7.24,6.88,895708,17.345,1.7496,0.10087056788699915
41,2020-03-10,6.87,7.11,7.14,6.75,865309,17.456,1.7608,0.10087076076993584
42,2020-03-11,7.11,7.17,7.48,7.08,1491271,17.8445,1.7999,0.10086581299560089
43,2020-03-12,7.01,6.98,7.17,6.92,743618,17.9833,1.8139,0.10086580327303665
44,2020-03-13,6.69,6.85,6.96,6.61,630383,17.567,1.7719,0.10086525872374338
45,2020-03-16,6.96,6.62,7.04,6.62,555763,17.8723,1.8027,0.10086558529120483
46,2020-03-17,6.71,6.64,6.79,6.3,516032,17.8723,1.8027,0.10086558529120483
47,2020-03-18,6.71,6.48,6.84,6.46,513480,17.8168,1.7971,0.10086547528175653
48,2020-03-19,6.48,6.41,6.54,6.26,501040,17.4005,1.7552,0.10087066463607368
49,2020-03-20,6.52,6.47,6.56,6.36,342481,17.5393,1.7691,0.10086491479135426
50,2020-03-23,6.31,6.1,6.35,6.1,463887,17.456,1.7608,0.10087076076993584
51,2020-03-24,6.23,6.23,6.27,6.08,312268,16.9565,1.7104,0.10086987291009349
52,2020-03-25,6.39,6.46,6.49,6.35,468430,16.9287,1.7076,0.10087011997377236
53,2020-03-26,6.43,6.35,6.43,6.32,252541,17.5393,1.7691,0.10086491479135426
54,2020-03-27,6.42,6.46,6.6,6.39,588735,17.0397,1.7188,0.10087032048686304
55,2020-03-30,6.39,6.29,6.45,6.28,314217,16.7622,1.6908,0.10086981422486309
56,2020-03-31,6.38,6.29,6.39,6.27,221833,16.8732,1.702,0.10087001872792356
57,2020-04-01,6.28,6.28,6.37,6.24,198621,16.9842,1.7132,0.10087022055793031
58,2020-04-02,6.26,6.39,6.39,6.22,238802,17.0397,1.7188,0.10087032048686304
59,2020-04-03,6.36,6.29,6.39,6.25,205324,17.123,1.7272,0.10087017461893359
60,2020-04-07,6.4,6.43,6.44,6.37,296227,17.123,1.7829,0.10412310926823569
61,2020-04-08,6.4,6.4,6.43,6.38,173318,17.2062,1.7916,0.10412525717473935
62,2020-04-09,6.44,6.38,6.45,6.38,184653,17.1785,1.7887,0.10412434147335332
63,2020-04-10,6.4,6.31,6.43,6.27,242414,16.9842,1.7685,0.10412618786872505
64,2020-04-13,6.33,6.23,6.33,6.21,132079,17.1785,1.7887,0.10412434147335332
65,2020-04-14,6.24,6.3,6.31,6.24,125852,17.2062,1.7916,0.10412525717473935
66,2020-04-15,6.31,6.28,6.33,6.25,142954,17.2895,1.8003,0.1041267821510165
67,2020-04-16,6.28,6.28,6.31,6.23,118877,17.123,1.7829,0.10412310926823569
68,2020-04-17,6.3,6.39,6.48,6.27,453571,17.345,1.8061,0.10412799077543962
69,2020-04-20,6.4,6.41,6.48,6.37,218239,17.4283,1.8147,0.10412375274696901
70,2020-04-21,6.38,6.29,6.39,6.26,231196,17.456,1.8176,0.10412465627864345
71,2020-04-22,6.27,6.3,6.32,6.25,170487,17.2617,1.7974,0.10412647653475614
72,2020-04-23,6.3,6.26,6.32,6.25,225469,17.1785,1.7887,0.10412434147335332
73,2020-04-24,6.25,6.17,6.26,6.13,289193,17.0675,1.7772,0.10412772813827449
74,2020-04-27,6.14,6.14,6.19,6.13,131803,17.1785,1.7887,0.10412434147335332
75,2020-04-28,6.15,5.98,6.17,5.72,308700,17.567,1.8292,0.10412705641259179
76,2020-04-29,5.98,6.0,6.07,5.95,136099,17.2895,1.8003,0.1041267821510165
77,2020-04-30,6.03,6.16,6.2,6.02,265584,17.7058,1.8436,0.10412407233787797
78,2020-05-06,6.1,6.43,6.44,6.08,551964,17.8723,1.861,0.10412761647913252
79,2020-05-07,6.4,6.29,6.44,6.28,339231,17.8168,1.8552,0.10412644245880293
80,2020-05-08,6.31,6.34,6.4,6.3,276886,18.0388,1.8783,0.1041255515887975
81,2020-05-11,6.34,6.29,6.36,6.27,195063,17.5115,1.8234,0.1041258601490449
82,2020-05-12,6.3,6.25,6.31,6.2,171097,17.3728,1.8089,0.10412253637870693
83,2020-05-13,6.21,6.23,6.27,6.2,124692,17.567,1.8292,0.10412705641259179
84,2020-05-14,6.2,6.18,6.3,6.17,173407,17.234,1.7945,0.10412556574213762
85,2020-05-15,6.25,6.21,6.26,6.19,130528,17.0397,1.7743,0.10412742008368692
86,2020-05-18,6.22,6.17,6.25,6.17,159222,16.9287,1.7627,0.10412494757423783
87,2020-05-19,6.2,6.23,6.25,6.2,144522,18.2053,1.8956,0.10412352446814938
88,2020-05-20,6.25,6.29,6.38,6.19,328906,18.4828,1.9245,0.10412383405111779
89,2020-05-21,6.3,6.19,6.3,6.18,220373,18.8714,1.965,0.10412582002395158
90,2020-05-22,6.18,6.06,6.22,6.03,237622,18.8991,1.9679,0.10412665153367091
91,2020-05-25,6.03,6.02,6.08,5.99,139061,18.3996,1.9159,0.104127263636166
92,2020-05-26,6.01,6.14,6.16,6.01,218208,18.5938,1.9361,0.10412610655164624
93,2020-05-27,6.15,6.04,6.16,6.03,186517,19.7594,2.0575,0.10412765569804752
94,2020-05-28,6.06,6.04,6.09,6.0,153426,20.814,2.1673,0.1041270298837321
95,2020-05-29,6.05,6.05,6.08,6.03,129106,20.592,2.1441,0.10412296037296037
96,2020-06-01,6.09,6.21,6.25,6.08,324151,20.0092,2.0835,0.10412710153329469
97,2020-06-02,6.21,6.21,6.26,6.16,246151,20.7307,2.1586,0.10412576516953118
98,2020-06-03,6.23,6.2,6.28,6.19,200043,19.8982,2.0719,0.10412499623081485
99,2020-06-04,6.2,6.24,6.28,6.18,253756,19.8427,2.0661,0.10412393474678346
100,2020-06-05,6.23,6.22,6.24,6.18,163366,19.9259,2.0748,0.10412578603726809
101,2020-06-08,6.23,6.22,6.27,6.19,161574,17.678,1.8407,0.10412376965720103
102,2020-06-09,6.21,6.19,6.22,6.18,135474,18.1221,1.7839,0.09843781901655989
103,2020-06-10,6.18,6.13,6.19,6.12,148544,17.789,1.7511,0.09843723649446287
104,2020-06-11,6.12,6.17,6.21,6.11,177667,17.789,1.7511,0.09843723649446287
105,2020-06-12,6.06,6.11,6.15,6.05,144906,17.6225,1.7347,0.09843665768194071
106,2020-06-15,6.11,6.06,6.15,6.06,153015,17.8168,1.7538,0.0984351847694311
107,2020-06-16,6.09,6.11,6.13,6.08,136751,17.4005,1.7128,0.09843395304732623
108,2020-06-17,6.13,6.09,6.13,6.07,146332,17.456,1.7183,0.09843606782768102
109,2020-06-18,6.09,6.1,6.13,6.07,155083,16.9842,1.6719,0.09843854876885574
110,2020-06-19,6.11,6.12,6.13,6.1,166981,16.9287,1.6664,0.09843638318358765
111,2020-06-22,6.22,6.29,6.42,6.22,620029,16.901,1.6637,0.0984379622507544
112,2020-06-23,6.3,6.27,6.35,6.25,236258,16.9565,1.6691,0.09843422876183176
113,2020-06-24,6.28,6.42,6.47,6.27,600956,16.8177,1.6555,0.09843795524952878
114,2020-06-29,6.4,6.35,6.55,6.34,510513,16.9565,1.6691,0.09843422876183176
115,2020-06-30,6.4,6.41,6.44,6.35,296802,17.123,1.6855,0.09843485370554225
116,2020-07-01,6.41,6.41,6.42,6.34,281978,17.012,1.6746,0.09843639783682107
117,2020-07-02,6.4,6.53,6.55,6.38,440483,17.1785,1.691,0.09843699973804465
118,2020-07-03,6.59,6.57,6.65,6.53,509997,17.2617,1.6992,0.0984375814664836
119,2020-07-06,6.61,7.38,7.47,6.61,1552630,17.2617,1.6992,0.0984375814664836
120,2020-07-07,7.47,7.35,7.57,7.29,1282720,17.3173,1.7046,0.09843335854896548
121,2020-07-08,7.31,7.37,7.42,7.21,751492,17.2062,1.6937,0.0984354476874615
122,2020-07-09,7.33,7.67,7.91,7.28,1268891,17.234,1.6965,0.09843913194847394
123,2020-07-10,7.62,7.41,7.68,7.38,770600,17.234,1.6965,0.09843913194847394
124,2020-07-13,7.44,7.62,7.76,7.33,888958,16.79,1.6527,0.09843359142346636
125,2020-07-14,7.7,7.7,7.99,7.59,1150025,16.7622,1.65,0.09843576618820918
126,2020-07-15,7.67,7.32,7.79,7.3,868804,16.7622,1.65,0.09843576618820918
127,2020-07-16,7.33,6.9,7.36,6.86,800996,17.0397,1.6773,0.09843483159914787
128,2020-07-17,6.9,6.83,7.0,6.77,382271,16.7067,1.6445,0.09843356258267641
129,2020-07-20,6.89,7.01,7.06,6.8,491350,16.8177,1.6555,0.09843795524952878
130,2020-07-21,7.04,7.0,7.26,6.98,574879,17.1785,1.691,0.09843699973804465
131,2020-07-22,6.64,6.86,6.93,6.61,1098593,17.456,1.7183,0.09843606782768102
132,2020-07-23,6.8,6.76,6.86,6.68,500867,17.2895,1.7019,0.098435466612684
133,2020-07-24,6.66,6.3,6.73,6.21,1196067,17.123,1.6855,0.09843485370554225
134,2020-07-27,6.34,6.34,6.38,6.28,289441,17.234,1.6965,0.09843913194847394
135,2020-07-28,6.37,6.41,6.45,6.36,260409,17.1507,1.6883,0.09843913076434198
136,2020-07-29,6.39,6.53,6.54,6.35,368320,17.2895,1.7019,0.098435466612684
137,2020-07-30,6.51,6.46,6.58,6.46,305794,17.345,1.7074,0.09843759008359759
138,2020-07-31,6.48,6.51,6.58,6.44,334220,17.456,1.7183,0.09843606782768102
139,2020-08-03,6.53,6.7,6.75,6.51,582503,17.5948,1.732,0.0984381749153159
140,2020-08-04,6.72,6.62,6.74,6.6,386100,17.456,1.7183,0.09843606782768102
141,2020-08-05,6.68,6.64,6.68,6.6,279716,17.8445,1.7566,0.09843929502087477
142,2020-08-06,6.62,6.58,6.64,6.51,330679,17.0952,1.6828,0.0984369881604193
143,2020-08-07,6.56,6.43,6.57,6.38,430597,16.6512,1.6581,0.09957840876333238
144,2020-08-10,6.44,6.53,6.6,6.42,441907,16.5957,1.6526,0.09958001168977507
145,2020-08-11,6.53,6.39,6.54,6.38,428614,17.0397,1.6968,0.0995792179439779
146,2020-08-12,6.38,6.35,6.41,6.3,404891,17.123,1.7051,0.09957951293581732
147,2020-08-13,6.39,6.39,6.45,6.38,287193,17.3728,1.73,0.09958095413519984
148,2020-08-14,6.44,6.42,6.44,6.36,260861,17.4838,1.741,0.09957789496562533
149,2020-08-17,6.43,6.49,6.52,6.4,444091,17.456,1.7383,0.09958180568285976
150,2020-08-18,6.5,6.48,6.52,6.47,309110,17.789,1.7714,0.0995783911405925
151,2020-08-19,6.46,6.45,6.58,6.45,428717,17.7335,1.7659,0.09957989116643641
152,2020-08-20,6.41,6.37,6.44,6.36,295672,17.4283,1.7355,0.09957941967948682
153,2020-08-21,6.4,6.43,6.44,6.38,285708,17.4283,1.7355,0.09957941967948682
154,2020-08-24,6.44,6.4,6.45,6.38,209655,17.4838,1.741,0.09957789496562533
155,2020-08-25,6.4,6.39,6.43,6.37,219541,17.2895,1.7217,0.09958067034905578
156,2020-08-26,6.39,6.32,6.4,6.29,306169,17.5115,1.7438,0.09958027581874768
157,2020-08-27,6.3,6.39,6.43,6.28,275159,17.7058,1.7631,0.09957753956330694
158,2020-08-28,6.37,6.4,6.41,6.34,194983,17.7613,1.7687,0.09958167476479762
159,2020-08-31,6.39,6.37,6.46,6.36,304979,17.8445,1.777,0.09958250441312448
160,2020-09-01,6.37,6.37,6.38,6.34,161877,17.456,1.7383,0.09958180568285976
161,2020-09-02,6.37,6.34,6.38,6.31,203715,17.7335,1.7659,0.09957989116643641
162,2020-09-03,6.33,6.32,6.37,6.3,209642,17.4283,1.7355,0.09957941967948682
163,2020-09-04,6.28,6.28,6.31,6.24,218111,17.456,1.7383,0.09958180568285976
164,2020-09-07,6.28,6.24,6.31,6.23,266374,17.456,1.7383,0.09958180568285976
165,2020-09-08,6.24,6.34,6.36,6.22,289511,17.9278,1.7853,0.099582770892134
166,2020-09-09,6.29,6.52,6.65,6.27,1083290,17.6225,1.7549,0.09958291956305859
167,2020-09-10,6.55,6.3,6.58,6.28,474877,20.0702,1.6637,0.08289404191288577
168,2020-09-11,6.29,6.31,6.36,6.28,225934,19.3556,1.6045,0.08289590609436029
169,2020-09-14,6.43,6.49,6.53,6.41,398786,18.9517,1.571,0.08289493818496493
170,2020-09-15,6.5,6.52,6.54,6.44,309763,20.1013,1.6663,0.08289513613547382
171,2020-09-16,6.52,6.47,6.52,6.42,203803,19.9149,1.6508,0.08289270847455925
172,2020-09-17,6.46,6.62,6.7,6.4,861636,20.1323,1.6688,0.08289167159241617
173,2020-09-18,6.62,6.64,6.68,6.55,563771,20.6294,1.71,0.08289140740884368
174,2020-09-21,6.68,6.64,6.71,6.59,341201,20.5673,1.7049,0.08289371964234489
175,2020-09-22,6.59,6.53,6.61,6.5,354979,21.2819,1.7641,0.08289203501567059
176,2020-09-23,6.56,6.68,6.79,6.56,825477,21.6858,1.7976,0.08289295299228067
177,2020-09-24,6.63,6.63,6.74,6.6,515789,22.2761,1.8465,0.08289152948675936
178,2020-09-25,6.63,6.49,6.65,6.46,371774,22.0897,1.8311,0.0828938373993309
179,2020-09-28,6.52,6.45,6.53,6.41,227589,21.7168,1.8002,0.08289434907537023
180,2020-09-29,6.45,6.52,6.57,6.45,261125,21.8722,1.8131,0.08289518201186895
181,2020-09-30,6.54,6.48,6.55,6.46,217186,22.4314,1.8594,0.08289273072567918
182,2020-10-09,6.55,6.58,6.64,6.51,338518,21.6547,1.795,0.08289193569987116
183,2020-10-12,6.6,6.65,6.67,6.57,464266,21.6236,1.7925,0.08289554005808468
184,2020-10-13,6.63,6.59,6.64,6.56,318031,21.5615,1.7873,0.08289311968091274
185,2020-10-14,6.58,6.47,6.59,6.46,317367,19.4178,1.7392,0.08956730422601943
186,2020-10-15,6.48,6.45,6.51,6.44,201742,20.8469,1.8672,0.08956727379130709
187,2020-10-16,6.44,6.45,6.49,6.41,180304,21.1887,1.8978,0.08956660861685709
188,2020-10-19,6.45,6.42,6.5,6.42,195544,20.7537,1.8589,0.08956957072714745
189,2020-10-20,6.45,6.46,6.48,6.41,161619,21.1576,1.895,0.08956592430143306
190,2020-10-21,6.45,6.38,6.46,6.36,227325,21.6236,1.9368,0.08956880445439243
191,2020-10-22,6.38,6.34,6.38,6.33,168641,21.779,1.9507,0.08956793241195647
192,2020-10-23,6.35,6.32,6.4,6.31,182251,21.7479,1.9479,0.08956726856386134
193,2020-10-26,6.34,6.35,6.38,6.3,139271,22.0275,1.9729,0.08956531608217003
194,2020-10-27,6.33,6.37,6.37,6.31,115683,21.779,1.9507,0.08956793241195647
195,2020-10-28,6.35,6.36,6.38,6.31,135326,21.0644,1.8867,0.0895681813866049
196,2020-10-29,6.32,6.32,6.34,6.27,164040,21.4683,1.9229,0.08956927190322476
197,2020-10-30,6.32,6.22,6.35,6.22,301453,21.2819,1.9062,0.08956907043074161
198,2020-11-02,6.24,6.14,6.25,6.12,282194,20.7537,1.8589,0.08956957072714745
199,2020-11-03,6.13,6.26,6.26,6.12,183304,21.7168,1.9451,0.08956660281441096
200,2020-11-04,6.27,6.26,6.29,6.21,118510,19.3246,1.7309,0.08956977117249516
201,2020-11-05,6.28,6.31,6.34,6.27,172186,19.3556,1.7336,0.08956581041145716
202,2020-11-06,6.31,6.31,6.33,6.28,127310,18.9828,1.7002,0.08956529068419831
203,2020-11-09,6.34,6.38,6.41,6.33,308804,18.1129,1.6223,0.08956599992270703
204,2020-11-10,6.41,6.33,6.41,6.32,192219,16.8391,1.5082,0.08956535681835728
205,2020-11-11,6.33,6.29,6.37,6.27,202974,21.0023,1.8811,0.08956638082495726
206,2020-11-12,6.29,6.3,6.32,6.27,136392,22.0586,1.9757,0.08956597426853927
207,2020-11-13,6.29,6.29,6.31,6.23,202127,22.8042,2.0425,0.08956683417966865
208,2020-11-16,6.46,6.36,6.47,6.34,353657,23.612,2.1149,0.08956886328985263
209,2020-11-17,6.39,6.36,6.4,6.33,266681,23.3635,2.0926,0.08956705972992061
210,2020-11-18,6.36,6.35,6.39,6.33,216597,22.1829,1.9869,0.08956899233193136
211,2020-11-19,6.34,6.35,6.36,6.33,160398,22.0897,1.9785,0.08956663060159259
212,2020-11-20,6.34,6.36,6.37,6.33,186579,22.4625,2.0119,0.08956705620478575
213,2020-11-23,6.36,6.36,6.39,6.33,228230,22.2761,1.9952,0.08956684518385176
214,2020-11-24,6.36,6.34,6.37,6.33,193808,22.3071,1.998,0.08956789542343022
215,2020-11-25,6.36,6.32,6.37,6.32,209671,22.4935,2.0147,0.08956809745037454
216,2020-11-26,6.32,6.28,6.33,6.27,151739,22.0275,1.9729,0.08956531608217003
217,2020-11-27,6.28,6.3,6.3,6.24,139947,22.1518,1.9841,0.08956834207603896
218,2020-11-30,6.32,6.37,6.41,6.31,336723,21.779,1.9507,0.08956793241195647
219,2020-12-01,6.35,6.38,6.39,6.34,165302,21.8722,1.959,0.0895657501303024
