,日期,开盘,收盘,最高,最低,成交量,pe,pb,roe
0,2020-01-03,74.95,74.88,76.98,74.26,36937,93.3903,10.9678,0.11744046223215902
1,2020-01-06,74.2,71.91,75.67,71.45,56900,91.5615,10.753,0.11744019047307001
2,2020-01-07,71.05,68.5,71.49,67.22,127256,88.7759,10.4259,0.11744065675481748
3,2020-01-08,68.01,68.84,69.5,67.8,56224,88.8001,10.4287,0.1174401830628569
4,2020-01-09,70.0,70.08,70.45,69.32,55653,88.679,10.4145,0.11744043121821401
5,2020-01-10,70.15,69.35,70.99,69.14,36790,89.2483,10.4813,0.11743977196204297
6,2020-01-13,69.41,75.13,75.31,67.88,100870,89.2119,10.4771,0.11744061050151382
7,2020-01-14,75.15,78.3,81.66,73.66,149688,94.6499,11.1157,0.11744016633931996
8,2020-01-15,77.51,78.61,79.96,75.28,82075,94.5167,11.1001,0.11744062160443604
9,2020-01-16,78.37,81.32,83.6,78.0,117380,93.5599,10.9877,0.11744027088528312
10,2020-01-17,81.5,86.73,88.39,80.1,119903,93.6083,10.9934,0.11744044064468642
11,2020-01-20,86.78,83.49,86.78,81.8,112849,92.8211,10.9009,0.1174398924382495
12,2020-01-21,83.69,80.43,85.6,80.38,75920,93.2934,10.9564,0.11744024764881546
13,2020-01-22,79.0,94.0,96.3,76.8,173920,90.8348,10.6677,0.11744067251758136
14,2020-01-23,91.0,96.62,101.98,90.1,171425,89.3815,10.497,0.11744040992822899
15,2020-02-03,82.0,77.3,85.85,77.3,143781,94.4319,11.0901,0.11744018705543359
16,2020-02-04,80.6,88.04,89.68,80.11,132321,95.9579,11.2693,0.1174400440193043
17,2020-02-05,87.99,87.13,93.6,85.5,131018,90.8106,10.6648,0.1174400345334135
18,2020-02-06,86.0,90.45,92.5,85.0,106926,90.7743,10.6605,0.11743962773604424
19,2020-02-07,90.25,108.54,108.54,88.5,172861,90.2293,10.5965,0.11743967868530512
20,2020-02-10,115.8,109.6,118.86,105.12,156336,90.6411,10.6449,0.1174401016757299
21,2020-02-11,108.0,110.0,114.52,106.4,102275,84.8519,9.965,0.11743991590052785
22,2020-02-12,109.0,116.05,119.85,108.0,115455,83.1442,9.7645,0.11744054305652109
23,2020-02-13,114.91,115.8,126.7,113.11,117928,90.5321,10.9165,0.1205815395865113
24,2020-02-14,115.89,109.16,118.77,105.0,137873,91.6584,11.0523,0.12058141970621351
25,2020-02-17,109.0,111.3,113.2,108.03,69898,90.2656,10.8844,0.12058192711287577
26,2020-02-18,111.33,113.38,116.66,111.33,80870,89.7448,10.8216,0.1205819167238659
27,2020-02-19,113.29,112.88,119.5,109.66,99655,88.8849,10.7179,0.12058178610765158
28,2020-02-20,112.8,107.01,114.75,102.62,123973,93.2813,11.248,0.12058150990605833
29,2020-02-21,105.61,105.43,109.99,104.57,90795,94.5893,11.4057,0.1205812919643131
30,2020-02-24,106.23,109.5,110.5,102.97,94013,99.0584,11.9446,0.12058139440976232
31,2020-02-25,106.0,110.9,113.6,105.2,107918,98.0168,11.819,0.12058136972437379
32,2020-02-26,109.0,98.9,109.9,97.53,118785,98.1258,11.8322,0.12058194684782188
33,2020-02-27,97.9,90.6,99.8,90.0,123103,97.0843,11.7066,0.12058180364899371
34,2020-02-28,85.0,88.5,89.09,83.89,121514,98.8162,11.9154,0.12058144312369835
35,2020-03-02,89.9,91.29,93.42,87.8,83677,100.1727,12.079,0.12058175530858208
36,2020-03-03,93.3,91.82,97.94,90.94,91257,102.2437,12.3287,0.12058151260175443
37,2020-03-04,89.39,87.5,91.5,85.06,72356,100.1848,12.0804,0.12058116600522234
38,2020-03-05,90.28,90.15,93.0,88.9,73325,96.8663,11.6803,0.12058166772138505
39,2020-03-06,89.25,87.81,90.0,86.65,52399,97.1206,11.711,0.12058203923781362
40,2020-03-09,85.47,80.21,87.0,80.02,67832,91.6826,11.0552,0.12058122260930645
41,2020-03-10,79.88,86.08,86.08,79.88,83631,94.8437,11.4364,0.12058154627033742
42,2020-03-11,86.2,82.3,87.65,82.0,77548,97.811,11.7942,0.12058152968480026
43,2020-03-12,80.09,82.98,84.18,79.78,54870,101.0083,12.1797,0.12058117996243872
44,2020-03-13,79.0,86.56,88.96,78.0,110769,96.9268,11.6876,0.12058171733720704
45,2020-03-16,88.1,83.0,89.26,82.86,89527,99.4339,11.9899,0.12058161250841012
46,2020-03-17,84.0,86.95,87.74,81.26,82313,98.356,11.8599,0.12058135751758917
47,2020-03-18,88.88,84.4,90.36,84.38,71626,98.1016,11.8293,0.12058213117828863
48,2020-03-19,85.1,86.49,87.15,83.01,52111,96.1517,11.5941,0.12058133137531628
49,2020-03-20,87.85,85.88,88.2,84.52,40386,98.9736,11.9344,0.12058165005617659
50,2020-03-23,83.3,76.0,83.97,74.39,74500,95.7399,11.5445,0.12058190994559216
51,2020-03-24,78.38,76.2,79.5,70.9,61393,90.3383,10.8931,0.1205811931373515
52,2020-03-25,80.0,79.57,81.0,78.91,55030,88.897,10.7193,0.12058112197262
53,2020-03-26,79.31,77.61,79.99,76.7,31813,88.6427,10.6887,0.12058184148271657
54,2020-03-27,79.01,77.85,79.8,77.6,27625,94.1897,11.3575,0.12058112511240612
55,2020-03-30,75.8,76.97,77.57,72.99,32450,96.5272,11.6394,0.12058155628672541
56,2020-03-31,79.05,79.79,80.79,78.6,45658,101.3596,12.2221,0.12058157293438411
57,2020-04-01,79.0,83.52,86.65,78.81,74210,100.645,12.1359,0.12058125093149187
58,2020-04-02,83.15,89.36,89.96,83.15,73738,100.3786,12.1038,0.1205814785223145
59,2020-04-03,89.0,86.54,89.98,86.16,39599,99.9547,12.0527,0.12058162347543437
60,2020-04-07,89.28,87.61,91.48,87.3,45550,99.9425,12.0512,0.12058133426720365
61,2020-04-08,87.62,87.5,88.88,86.34,28571,100.7177,12.1447,0.12058158595758244
62,2020-04-09,87.9,86.33,88.15,85.93,20753,100.7177,12.1447,0.12058158595758244
63,2020-04-10,86.33,79.85,86.85,79.53,53687,98.4771,11.8745,0.12058133312211672
64,2020-04-13,79.0,80.1,80.6,78.25,22367,101.735,12.2674,0.12058190396618666
65,2020-04-14,80.55,83.58,83.59,80.55,25498,104.6417,12.6179,0.12058194773211828
66,2020-04-15,83.57,84.23,86.99,82.79,34836,104.5206,12.6033,0.12058197140085304
67,2020-04-16,83.81,84.68,85.28,82.01,20649,103.0794,12.4295,0.12058180392978617
68,2020-04-17,86.0,88.0,90.16,86.0,60406,104.448,12.5945,0.12058153339460785
69,2020-04-20,88.25,88.34,89.41,86.9,18200,105.5622,12.7289,0.12058198862850526
70,2020-04-21,87.7,86.9,87.8,85.5,23060,109.0018,13.1436,0.12058149498448649
71,2020-04-22,86.0,89.61,90.57,85.05,31932,107.718,13.6851,0.1270456191165822
72,2020-04-23,91.1,91.99,93.59,91.1,34168,106.8218,13.5712,0.12704522859566117
73,2020-04-24,91.9,91.11,93.87,89.29,28625,103.7455,13.1804,0.12704551040768033
74,2020-04-27,89.7,92.0,93.3,88.61,27029,104.884,13.325,0.12704511650966782
75,2020-04-28,91.9,94.5,97.0,77.8,66178,107.8149,13.6974,0.12704551968234448
76,2020-04-29,94.21,92.23,95.02,91.41,24682,106.7128,13.5574,0.12704567774437556
77,2020-04-30,93.66,98.23,99.96,93.66,47611,107.7059,13.6835,0.12704503653003224
78,2020-05-06,97.8,105.5,108.0,97.1,57287,109.0139,13.8497,0.12704526670452115
79,2020-05-07,104.8,101.99,106.55,100.8,41129,106.7007,13.5558,0.12704508967607522
80,2020-05-08,103.6,101.36,106.0,101.01,34001,110.2856,14.0113,0.12704559797471293
81,2020-05-11,102.23,101.1,104.95,101.01,29674,107.0519,13.6004,0.12704491933351952
82,2020-05-12,102.33,103.5,104.88,100.0,29760,106.301,13.505,0.12704490080055691
83,2020-05-13,102.44,102.99,105.0,102.44,22543,107.6696,13.6789,0.1270451455192552
84,2020-05-14,103.5,102.03,105.0,101.99,22570,102.9462,13.0788,0.12704500020399004
85,2020-05-15,102.6,105.08,106.88,100.88,39489,102.4617,13.0173,0.12704552042372907
86,2020-05-18,107.35,97.64,108.0,96.55,56708,100.1848,12.728,0.1270452204326405
87,2020-05-19,98.55,103.65,104.1,98.55,45328,106.9065,13.582,0.1270455959179283
88,2020-05-20,103.5,99.77,105.8,98.66,36801,112.8169,14.3328,0.127044795593568
89,2020-05-21,99.69,92.0,100.19,91.68,49444,118.4607,15.0499,0.12704550960782773
90,2020-05-22,91.21,91.97,94.39,89.8,30988,115.9537,14.7314,0.12704553627870435
91,2020-05-25,91.8,87.57,92.45,87.49,43225,114.6941,14.5713,0.12704489594495272
92,2020-05-26,88.6,93.39,93.47,88.3,37363,117.2981,14.9022,0.1270455361169533
93,2020-05-27,92.8,90.95,93.98,90.44,24118,127.8955,16.2485,0.12704512668545806
94,2020-05-28,91.03,88.18,91.61,87.0,32151,138.5292,17.5995,0.12704541713949116
95,2020-05-29,87.99,88.87,91.3,87.96,24926,142.3806,18.0888,0.12704539803877776
96,2020-06-01,90.29,95.0,95.89,90.17,36485,141.9446,18.0334,0.12704534022428468
97,2020-06-02,95.0,93.89,95.39,92.41,36786,140.8546,17.8949,0.1270451941221657
98,2020-06-03,94.52,91.6,94.55,91.52,42865,136.8336,17.3841,0.1270455502157365
99,2020-06-04,91.98,90.21,92.22,90.0,27792,133.6847,16.984,0.12704520412582743
100,2020-06-05,90.21,91.93,92.2,90.2,25341,138.6624,17.6164,0.12704525523862273
101,2020-06-08,92.66,90.76,93.4,90.5,23156,123.2932,14.9727,0.12143978743353243
102,2020-06-09,90.6,90.97,92.2,89.53,26912,122.5786,14.8859,0.1214396313875342
103,2020-06-10,91.0,88.5,91.0,88.34,35548,121.1495,14.7123,0.12143921353369184
104,2020-06-11,88.61,89.78,90.5,87.75,39746,123.1478,14.955,0.12143944106187848
105,2020-06-12,87.18,88.2,89.38,87.18,25476,121.8156,14.7932,0.12143929020585212
106,2020-06-15,87.52,84.3,87.89,84.27,42298,128.4768,15.6022,0.12143982415502254
107,2020-06-16,84.99,85.54,86.78,84.89,27086,117.6129,14.2829,0.12143991007789112
108,2020-06-17,86.2,85.37,86.75,84.53,24111,114.0764,13.8534,0.12143966674965198
109,2020-06-18,85.5,88.25,88.79,85.5,39673,108.0571,13.1224,0.12143949819123408
110,2020-06-19,88.99,89.22,89.95,87.01,29079,106.8823,12.9797,0.12143919058628042
111,2020-06-22,90.83,94.19,96.28,90.83,60800,103.3943,12.5562,0.12143996332486413
112,2020-06-23,93.4,97.11,97.11,93.4,53055,103.6002,12.5812,0.12143992000015445
113,2020-06-24,97.5,106.08,111.98,96.02,97377,102.0984,12.3988,0.12143970914333622
114,2020-06-29,104.03,100.58,105.08,98.5,59215,106.8218,12.9724,0.12143963123632068
115,2020-06-30,101.01,101.68,103.93,99.5,48402,108.7354,13.2048,0.121439751911521
116,2020-07-01,101.3,100.03,103.5,96.3,52654,107.1851,13.0165,0.12143945380467994
117,2020-07-02,99.7,101.21,101.5,98.98,40877,110.1766,13.3798,0.12143957972927101
118,2020-07-03,103.03,101.8,103.85,99.0,44558,109.9223,13.3489,0.12143941675165093
119,2020-07-06,104.3,114.79,119.3,104.28,104197,111.3393,13.521,0.12143959949451812
120,2020-07-07,116.31,110.68,122.3,110.54,88076,109.2561,13.268,0.12143944365577758
121,2020-07-08,110.38,113.28,115.67,109.1,56144,110.9396,13.4725,0.12143995471409669
122,2020-07-09,112.3,116.6,118.88,111.8,57039,113.7131,13.8093,0.121439834108823
123,2020-07-10,114.78,117.5,119.88,113.3,51942,115.0575,13.9725,0.12143928035982009
124,2020-07-13,116.8,117.86,117.95,113.48,54669,107.6332,13.0709,0.12143929568200146
125,2020-07-14,117.1,114.68,117.18,110.3,76613,106.7975,12.9694,0.12143917226526839
126,2020-07-15,114.6,105.9,115.3,105.3,60034,110.1524,13.3769,0.12143993231196051
127,2020-07-16,104.3,97.15,104.31,95.1,57111,113.1075,13.7357,0.12143933868222707
128,2020-07-17,99.29,95.0,99.29,93.3,36700,106.0588,12.8797,0.12143923936533318
129,2020-07-20,94.3,96.04,96.55,90.3,36953,111.3877,13.5269,0.12143979990609376
130,2020-07-21,95.18,98.11,100.0,94.18,36526,111.4241,13.5313,0.12143961674359498
131,2020-07-22,97.63,93.45,97.95,93.14,104113,120.8346,14.6741,0.12143955456466939
132,2020-07-23,93.15,88.57,93.28,88.3,96908,125.5337,15.2448,0.12143990020209713
133,2020-07-24,87.97,83.02,88.95,82.99,109390,118.2548,14.3608,0.1214394679962251
134,2020-07-27,83.36,84.9,85.7,80.35,79489,127.2657,15.4551,0.12143963377406482
135,2020-07-28,85.67,85.3,86.81,85.01,47095,123.5717,15.0065,0.12143961764708262
136,2020-07-29,85.69,89.2,89.55,84.68,84360,124.7344,15.1477,0.12143963493631268
137,2020-07-30,89.3,88.07,90.15,87.35,44867,125.3521,15.2227,0.12143952913433441
138,2020-07-31,87.5,88.69,89.58,86.9,61180,122.4454,14.8697,0.1214394334127701
139,2020-08-03,89.66,91.36,94.3,89.66,122444,122.7603,14.908,0.12143991176300481
140,2020-08-04,91.79,88.4,91.86,87.92,64770,123.5233,15.0006,0.12143943693214154
141,2020-08-05,94.3,90.31,94.3,89.47,94348,127.7743,15.5169,0.12143991397331075
142,2020-08-06,90.49,89.23,91.3,87.9,72556,118.9694,14.4476,0.12143963069495181
143,2020-08-07,88.3,88.41,88.75,83.7,72966,111.7026,13.5651,0.12143942934184163
144,2020-08-10,86.82,89.32,90.6,86.82,65317,114.4519,13.899,0.12143966155214549
145,2020-08-11,89.34,86.9,89.64,86.83,45015,111.4241,13.5313,0.12143961674359498
146,2020-08-12,86.88,85.96,87.6,83.88,38637,139.6938,14.0438,0.10053273659962002
147,2020-08-13,86.49,88.5,89.3,86.1,44198,141.043,14.1795,0.10053317073516588
148,2020-08-14,88.51,89.24,89.8,88.2,45714,137.3939,13.8126,0.10053284752816537
149,2020-08-17,91.93,90.3,92.73,89.84,112025,133.2388,13.3949,0.100533027916793
150,2020-08-18,88.81,87.46,88.82,86.3,64561,135.4467,13.6169,0.100533272497595
151,2020-08-19,87.5,86.54,88.3,86.03,38208,134.9254,13.5644,0.1005325906019178
152,2020-08-20,85.48,85.41,86.9,85.35,23820,129.835,13.0527,0.10053298417221858
153,2020-08-21,86.38,86.6,87.5,85.9,25780,129.1451,12.9833,0.10053265667841829
154,2020-08-24,87.35,86.7,88.1,85.3,32364,128.1485,12.8831,0.10053258524290179
155,2020-08-25,87.0,84.3,87.19,84.11,36102,122.8128,12.3467,0.10053268063263765
156,2020-08-26,84.8,81.61,85.51,81.48,47961,122.4295,12.3082,0.10053295978501912
157,2020-08-27,81.95,83.46,84.18,80.33,49679,132.3649,13.307,0.10053269409035175
158,2020-08-28,83.18,83.46,83.9,82.05,26691,134.1588,13.4874,0.10053309958049712
159,2020-08-31,83.91,82.82,84.8,82.68,40901,134.3274,13.5043,0.10053272824457259
160,2020-09-01,82.82,82.83,83.55,81.82,23019,132.6869,13.3394,0.10053290867448104
161,2020-09-02,83.3,83.18,83.4,82.5,24116,137.0106,13.7741,0.10053309743917624
162,2020-09-03,83.1,83.4,83.85,81.9,24850,128.0565,12.8739,0.1005329678696513
163,2020-09-04,82.1,83.99,85.26,82.1,67315,122.3375,12.2989,0.10053254316951057
164,2020-09-07,83.89,80.0,83.98,79.37,60692,118.0137,11.8643,0.10053324317430942
165,2020-09-08,80.28,78.07,80.29,77.64,41959,119.363,11.9999,0.1005328284309208
166,2020-09-09,77.3,73.49,77.3,73.12,51005,118.995,11.9629,0.10053279549560905
167,2020-09-10,75.27,73.7,76.65,73.38,56764,122.0002,12.265,0.10053262207766872
168,2020-09-11,73.72,74.89,75.3,73.06,29765,116.8331,11.7456,0.1005331537038733
169,2020-09-14,76.88,79.35,80.26,76.8,80524,116.5265,11.7147,0.10053249689984682
170,2020-09-15,80.28,82.02,83.58,78.43,80652,131.6749,13.2377,0.10053320716400771
171,2020-09-16,82.29,79.69,82.3,78.3,49975,132.6102,13.3317,0.10053299067492547
172,2020-09-17,79.3,81.3,82.52,78.93,74700,129.4057,13.0095,0.10053266587175062
173,2020-09-18,81.7,81.51,82.21,80.18,54432,133.3155,13.4026,0.10053294628156517
174,2020-09-21,81.8,82.4,83.1,81.21,49248,127.2592,12.7937,0.10053261375209022
175,2020-09-22,81.8,80.33,82.1,79.93,38762,132.7175,13.3425,0.10053308719648878
176,2020-09-23,81.4,83.7,86.24,80.9,97225,127.2285,12.7907,0.10053329246198768
177,2020-09-24,83.75,81.06,83.75,81.01,69490,126.1859,12.6858,0.10053262686243075
178,2020-09-25,81.6,78.61,81.8,78.52,47112,131.9816,13.2685,0.1005329530783079
179,2020-09-28,78.8,76.0,79.27,75.73,53057,122.9814,12.3637,0.10053308874350106
180,2020-09-29,76.96,80.49,81.3,76.9,60857,134.6341,13.5352,0.10053322300962386
181,2020-09-30,80.3,80.28,81.78,79.31,52394,138.2219,13.8958,0.1005325494729851
182,2020-10-09,82.3,83.02,83.89,81.69,58190,134.1588,13.4874,0.10053309958049712
183,2020-10-12,82.96,84.72,85.6,82.96,81442,140.7824,14.1533,0.10053316323631363
184,2020-10-13,84.72,83.01,84.9,82.33,62556,139.9698,14.0716,0.10053311500052155
185,2020-10-14,83.1,81.89,83.1,80.9,58560,135.692,13.6415,0.10053282433747016
186,2020-10-15,82.25,80.46,82.94,80.27,50805,138.9118,13.9652,0.10053285610005773
187,2020-10-16,80.92,81.32,81.69,79.83,43409,151.6378,15.5998,0.10287540441763202
188,2020-10-19,82.19,81.23,82.25,80.31,30771,170.0367,17.4926,0.10287543806719372
189,2020-10-20,80.42,82.09,82.29,79.9,36570,167.8901,17.2718,0.10287563114203875
190,2020-10-21,82.19,78.4,82.19,78.3,55520,161.6498,16.6298,0.10287547525576896
191,2020-10-22,78.28,77.32,79.44,77.23,37043,164.0724,16.8791,0.10287592550605709
192,2020-10-23,77.3,73.69,77.3,73.33,66362,173.0725,17.805,0.10287596238570541
193,2020-10-26,73.39,74.4,74.95,71.84,36368,173.8391,17.8838,0.10287559012903312
194,2020-10-27,73.9,74.83,75.02,73.51,23083,170.65,17.5557,0.10287547612071492
195,2020-10-28,74.86,75.98,75.98,72.88,45389,167.3688,17.2182,0.10287580480949854
196,2020-10-29,74.52,75.05,76.8,73.96,37694,177.5496,18.2655,0.1028754781762392
197,2020-10-30,72.3,68.95,72.52,66.46,143985,177.9329,18.305,0.10287585938294717
198,2020-11-02,68.67,70.36,71.09,66.38,71044,168.6568,17.3507,0.1028757808757192
199,2020-11-03,70.66,75.14,76.1,70.45,86312,168.0435,17.2876,0.10287574348308623
200,2020-11-04,75.65,74.8,76.29,74.5,41602,166.4182,17.1204,0.10287576719373241
201,2020-11-05,76.23,75.25,76.89,74.9,31602,138.6819,14.267,0.10287571773966175
202,2020-11-06,76.0,75.28,76.0,74.4,32681,133.5915,13.7433,0.10287555720236692
203,2020-11-09,75.91,79.53,82.21,75.91,134109,134.9867,13.8869,0.10287606112305879
204,2020-11-10,79.1,78.27,80.0,77.9,45572,118.5197,12.1928,0.10287572445762182
205,2020-11-11,77.89,74.1,77.91,73.55,65150,148.142,15.2402,0.10287561933820254
206,2020-11-12,75.22,75.3,77.15,74.67,42554,144.1249,14.827,0.10287604709526252
207,2020-11-13,74.3,77.33,77.7,73.83,42385,123.3188,12.6865,0.10287563615604434
208,2020-11-16,80.3,76.94,80.3,76.09,46973,128.0105,13.1692,0.1028759359583784
209,2020-11-17,78.13,77.59,78.13,74.7,46388,132.9782,13.6802,0.10287550891800311
210,2020-11-18,77.16,77.55,78.43,76.8,37091,124.6833,12.8269,0.1028758462440439
211,2020-11-19,77.21,78.34,79.08,76.41,39746,120.5283,12.3994,0.10287542427794966
212,2020-11-20,77.81,78.45,79.33,77.5,41238,120.0529,12.3505,0.10287548239151241
213,2020-11-23,77.51,73.96,78.45,72.8,87389,115.1926,11.8505,0.10287553193521112
214,2020-11-24,73.3,73.99,75.38,73.18,42721,106.3304,10.9388,0.10287556521935402
215,2020-11-25,74.0,73.52,74.88,73.32,30536,107.4497,11.054,0.10287604339518863
216,2020-11-26,73.3,73.62,74.6,73.12,17925,105.5485,10.8584,0.10287592907525923
217,2020-11-27,73.45,73.6,74.29,72.5,25048,105.0272,10.8047,0.10287525517199356
218,2020-11-30,74.5,75.9,78.02,74.35,60700,110.2555,11.3426,0.10287559350780687
219,2020-12-01,75.62,77.41,77.5,75.62,36427,114.8093,11.8111,0.10287581232530814
