,日期,开盘,收盘,最高,最低,成交量,pe,pb,roe
0,2020-01-03,105.0,103.96,109.68,102.28,50249,426.3258,19.6047,0.045985253531454114
1,2020-01-06,102.4,103.06,107.31,100.33,33117,420.9648,19.3582,0.045985317537238266
2,2020-01-07,104.52,107.0,107.8,102.5,37276,406.3001,18.6839,0.045985467392205916
3,2020-01-08,105.8,117.97,119.05,104.05,50688,398.8118,18.3395,0.04598534948063222
4,2020-01-09,117.0,118.08,121.87,115.03,38686,407.9169,18.7582,0.0459853465252359
5,2020-01-10,118.5,115.5,125.02,114.06,48500,414.3842,19.0556,0.04598534403580059
6,2020-01-13,113.9,134.0,138.5,113.0,63941,414.6962,19.0699,0.04598522966933384
7,2020-01-14,131.89,135.01,148.88,130.11,75069,422.0427,19.4078,0.045985394368863626
8,2020-01-15,135.09,147.0,147.82,132.5,59456,426.0705,19.593,0.04598534749530888
9,2020-01-16,147.0,171.01,172.66,145.06,73571,424.397,19.516,0.04598524494753733
10,2020-01-17,167.87,196.01,198.0,160.19,91133,427.7441,19.67,0.04598543848997567
11,2020-01-20,188.0,177.61,195.2,175.6,88065,425.4749,19.5656,0.04598532134328018
12,2020-01-21,178.41,170.55,184.79,168.0,71467,452.3081,20.7995,0.04598524766635839
13,2020-01-22,167.75,200.9,200.96,165.13,105343,445.3304,20.4787,0.04598540768831411
14,2020-01-23,190.5,183.38,199.47,168.66,87854,451.0034,20.7395,0.045985240909492034
15,2020-02-03,155.0,150.3,168.78,147.77,80028,494.7422,22.7509,0.04598536369042301
16,2020-02-04,159.98,177.66,179.48,156.65,82629,516.1294,23.7344,0.045985367235425845
17,2020-02-05,180.0,179.21,198.5,172.03,90581,467.8805,21.5156,0.04598524623274532
18,2020-02-06,175.18,183.0,187.38,173.23,60574,468.3344,21.5365,0.0459853045174559
19,2020-02-07,179.54,195.66,200.0,174.76,81968,462.9167,21.2874,0.0459853792269754
20,2020-02-10,192.2,193.11,209.98,188.18,67281,470.2632,21.6252,0.04598531205503641
21,2020-02-11,193.02,204.0,209.88,193.02,70425,440.8771,20.2739,0.045985377784421105
22,2020-02-12,202.03,205.6,214.99,193.08,68104,459.4561,21.1282,0.045985242115623236
23,2020-02-13,210.0,216.0,233.77,203.85,72385,442.8626,20.3652,0.04598536882545513
24,2020-02-14,216.0,205.1,223.98,192.88,78012,445.5573,21.6446,0.04857871254718529
25,2020-02-17,205.0,205.48,209.36,199.0,45079,431.9421,20.9831,0.04857850160935922
26,2020-02-18,205.6,210.0,218.75,204.2,52746,425.4749,20.669,0.048578658811600874
27,2020-02-19,208.44,203.07,215.05,199.88,56287,429.3041,20.855,0.04857861828014221
28,2020-02-20,202.88,192.4,204.98,186.01,76275,443.0612,21.5233,0.048578616227284176
29,2020-02-21,191.0,192.99,200.1,190.3,47572,454.9745,22.102,0.04857854670976066
30,2020-02-24,189.0,197.33,199.99,185.08,54499,472.2771,22.9426,0.0485786839971703
31,2020-02-25,190.11,216.25,217.58,189.16,86406,467.143,22.6932,0.048578700740458496
32,2020-02-26,208.99,195.0,217.0,193.0,66209,471.4261,22.9012,0.048578557699711575
33,2020-02-27,197.0,180.21,200.97,176.75,66212,483.6798,23.4965,0.04857862577680524
34,2020-02-28,165.94,161.6,173.0,160.0,69004,490.3456,23.8203,0.04857859436283307
35,2020-03-02,165.98,160.0,169.0,157.88,60327,508.1021,24.6829,0.048578622288709294
36,2020-03-03,165.0,165.89,172.9,162.0,61202,522.7101,25.3925,0.04857855243279209
37,2020-03-04,161.41,154.3,164.5,148.28,68380,484.0202,23.513,0.04857855106047228
38,2020-03-05,158.5,158.31,160.88,151.55,50337,482.6587,23.4469,0.04857863330755252
39,2020-03-06,155.0,152.73,157.87,151.6,29635,488.9273,23.7514,0.04857859235923214
40,2020-03-09,148.0,140.12,149.99,139.0,45380,462.8883,22.4865,0.0485786743799746
41,2020-03-10,137.0,156.6,156.6,137.0,82329,470.2916,22.8461,0.04857858401043098
42,2020-03-11,157.3,149.45,158.0,147.4,49543,488.0197,23.7073,0.048578571725690585
43,2020-03-12,144.98,151.35,154.55,142.22,40700,499.3373,24.2571,0.04857858605796122
44,2020-03-13,145.0,165.93,172.28,143.56,98715,494.4018,24.0174,0.04857870663092246
45,2020-03-16,168.6,168.0,178.09,161.84,83571,499.1671,24.2488,0.04857852210211771
46,2020-03-17,173.32,174.24,177.95,161.99,74717,498.458,24.2144,0.04857861645314149
47,2020-03-18,177.73,163.03,179.77,163.0,66522,489.5797,23.7831,0.048578607323792225
48,2020-03-19,162.5,165.3,167.5,154.81,57427,473.4401,22.9991,0.04857869031372712
49,2020-03-20,166.18,160.57,169.28,159.22,34469,482.9423,23.4607,0.04857868113851282
50,2020-03-23,154.0,138.18,155.0,134.22,65402,450.7197,21.8953,0.04857852896156968
51,2020-03-24,143.05,142.0,144.44,127.36,60632,448.3087,21.7782,0.04857857989372055
52,2020-03-25,148.0,144.8,151.89,143.53,48481,436.1968,21.1898,0.04857853152521981
53,2020-03-26,143.0,140.03,146.75,139.41,35184,440.3098,21.3896,0.04857852357590043
54,2020-03-27,141.5,140.42,145.16,138.88,25367,458.8321,22.2894,0.048578554115982726
55,2020-03-30,135.2,136.81,140.0,130.88,34093,468.0224,22.7359,0.04857865777364502
56,2020-03-31,139.46,137.8,143.66,136.85,27870,525.8586,25.5455,0.04857864832865717
57,2020-04-01,134.29,139.0,143.3,134.29,31888,505.7194,24.5671,0.04857852002513647
58,2020-04-02,138.5,151.2,152.99,138.45,55432,511.4208,24.8441,0.04857858733942773
59,2020-04-03,149.0,146.5,150.42,145.18,34313,521.8875,25.3526,0.048578668774400605
60,2020-04-07,153.0,149.63,155.0,148.88,28582,526.3975,25.5717,0.04857868815866336
61,2020-04-08,147.01,148.8,151.98,147.01,18693,530.5955,26.4868,0.04991900609786551
62,2020-04-09,149.6,145.75,150.23,144.5,18407,538.9348,26.9031,0.049919025455398315
63,2020-04-10,145.75,137.38,146.5,136.0,26642,498.6565,24.8925,0.04991913270959067
64,2020-04-13,135.01,137.2,142.44,135.01,20007,540.3247,26.9725,0.04991905792942651
65,2020-04-14,139.99,141.6,142.32,138.5,23419,550.0823,27.4596,0.04991907574557479
66,2020-04-15,142.43,150.86,152.89,141.2,51374,560.7191,27.9906,0.049919112796407324
67,2020-04-16,148.0,152.86,153.72,148.0,28042,570.1363,28.4607,0.04991911583247725
68,2020-04-17,158.88,161.0,168.45,155.3,59445,567.2998,28.3191,0.04991910802718421
69,2020-04-20,160.02,161.13,165.6,159.69,31590,598.1042,29.8568,0.04991906092617306
70,2020-04-21,160.7,154.0,160.7,151.7,34026,589.1409,29.4093,0.04991895826618047
71,2020-04-22,150.9,159.69,159.69,150.6,34474,587.439,29.3244,0.049919055425329276
72,2020-04-23,160.07,155.96,161.68,155.02,23920,597.5085,29.8271,0.04991912248947086
73,2020-04-24,155.6,156.07,158.96,153.24,21732,609.8189,30.4416,0.04991908253417531
74,2020-04-27,157.66,156.07,158.6,153.43,17031,601.0825,30.0055,0.04991910428268998
75,2020-04-28,156.07,159.11,162.62,130.07,50926,626.8379,31.2912,0.049919125821843255
76,2020-04-29,155.79,151.0,158.65,150.0,25432,590.5875,29.4816,0.04991910597498254
77,2020-04-30,152.8,168.06,172.88,152.8,49405,624.0298,31.151,0.04991909040241347
78,2020-05-06,170.15,190.9,196.41,170.0,64463,641.6161,32.0289,0.04991910271578285
79,2020-05-07,190.8,183.49,192.6,182.4,39971,648.9059,32.3928,0.04991910229202724
80,2020-05-08,186.0,188.8,199.45,184.0,39514,707.6782,35.3266,0.04991901686387966
81,2020-05-11,191.86,186.28,196.55,183.5,31163,625.136,31.2062,0.0499190576130634
82,2020-05-12,184.45,184.88,187.36,176.66,30153,590.3889,29.4717,0.04991912957713127
83,2020-05-13,191.84,191.2,199.5,189.9,45700,567.8104,28.3446,0.04991912793425411
84,2020-05-14,192.0,194.88,198.7,190.0,34040,533.2618,26.6199,0.04991900788693284
85,2020-05-15,196.0,210.15,213.99,192.5,54416,540.2113,26.9668,0.049918985404414896
86,2020-05-18,221.0,211.7,225.0,200.08,71266,567.2147,28.3148,0.049919016555812115
87,2020-05-19,211.0,249.18,254.04,208.0,79903,582.1347,29.0596,0.04991903076727775
88,2020-05-20,242.0,235.81,248.0,230.0,62176,594.3884,29.6713,0.0499190428346179
89,2020-05-21,235.1,225.8,245.0,219.14,59010,615.5203,30.7262,0.04991906846939085
90,2020-05-22,222.4,225.34,230.2,208.1,56590,595.8917,29.7463,0.04991897017528521
91,2020-05-25,221.0,218.05,229.89,212.5,40814,606.4151,30.2717,0.04991910656578307
92,2020-05-26,221.38,234.51,236.97,221.38,54537,652.3948,32.5669,0.04991900609876105
93,2020-05-27,230.03,231.79,241.58,230.03,38134,760.1818,37.9475,0.04991897990717484
94,2020-05-28,230.08,218.01,232.5,211.17,48575,808.6859,40.3688,0.04991901058247708
95,2020-05-29,216.06,217.11,228.0,213.0,31910,769.8259,38.429,0.04991907910606801
96,2020-06-01,219.2,226.6,232.0,219.2,36767,763.5288,38.1146,0.04991900763926652
97,2020-06-02,231.7,228.81,233.84,223.5,33333,751.3602,37.5072,0.04991906678048691
98,2020-06-03,228.69,220.6,230.81,216.52,43229,737.4898,36.8148,0.04991906328738377
99,2020-06-04,219.78,210.0,222.8,210.0,42079,733.235,36.6024,0.04991905732814173
100,2020-06-05,209.57,213.3,216.78,209.57,26329,754.7357,37.6757,0.049919064382405655
101,2020-06-08,217.87,212.38,218.0,210.31,21532,646.1545,32.2554,0.04991902091527646
102,2020-06-09,212.96,209.47,213.4,206.22,25294,646.6934,32.2823,0.049919018811696546
103,2020-06-10,208.6,202.9,211.28,201.5,28262,643.0627,32.1011,0.0499190825404739
104,2020-06-11,204.0,208.12,215.5,204.0,36380,622.0726,31.0533,0.049919093044766806
105,2020-06-12,202.38,205.81,209.97,198.8,23330,619.7751,30.9386,0.049919075483994116
106,2020-06-15,203.0,195.59,203.0,193.0,32335,658.0678,32.8501,0.04991902050214278
107,2020-06-16,198.8,198.61,202.86,196.3,22605,659.7697,32.9351,0.04991908540207288
108,2020-06-17,198.0,195.22,200.57,191.66,20316,657.8692,32.8402,0.049919041657520986
109,2020-06-18,196.75,206.28,208.8,195.0,37353,603.919,30.1471,0.04991911166894898
110,2020-06-19,204.51,212.91,213.09,201.21,37716,585.113,29.2083,0.049919075460637514
111,2020-06-22,216.0,231.93,235.0,216.0,51579,553.7414,27.6422,0.04991896939618385
112,2020-06-23,229.91,232.6,235.48,224.02,33097,563.3571,28.1222,0.04991895904036712
113,2020-06-24,232.32,232.0,240.85,228.56,34314,554.7909,27.6946,0.049918987496009766
114,2020-06-29,227.6,218.5,227.89,217.67,32233,583.7799,29.1417,0.04991898487769106
115,2020-06-30,222.42,219.31,226.1,217.61,26173,590.3322,29.4688,0.04991901170222462
116,2020-07-01,219.35,226.71,227.98,217.0,37598,575.5257,28.7297,0.049919056612067886
117,2020-07-02,226.0,227.99,231.48,221.28,30863,594.1615,29.66,0.04991908765546067
118,2020-07-03,229.0,227.8,230.0,216.6,32580,602.4157,30.072,0.04991901771484375
119,2020-07-06,235.05,266.08,270.78,235.05,54299,605.0253,30.2023,0.049919069500068844
120,2020-07-07,273.27,258.5,297.7,258.0,66066,595.6648,29.735,0.049919014855334745
121,2020-07-08,256.0,260.0,268.37,255.61,43921,625.7317,31.2359,0.0499189988296901
122,2020-07-09,260.55,264.89,266.21,257.0,46312,649.0194,32.3984,0.049919000880405115
123,2020-07-10,260.9,269.18,274.77,257.37,49832,642.7507,32.0855,0.0499190432620299
124,2020-07-13,267.85,271.4,271.6,260.93,50645,615.8323,30.7418,0.0499191094718481
125,2020-07-14,268.4,285.1,298.0,258.0,56983,618.3852,30.8692,0.04991904722169935
126,2020-07-15,288.0,268.0,288.99,264.0,43513,657.4721,32.8204,0.049919076414040996
127,2020-07-16,260.25,230.0,260.34,220.0,53273,665.1874,33.2055,0.04991901530305595
128,2020-07-17,225.2,213.79,233.33,212.1,32467,618.4986,30.8749,0.049919110568722384
129,2020-07-20,212.5,210.08,216.4,190.27,43889,639.1767,31.9071,0.049919059940701845
130,2020-07-21,207.16,217.0,232.68,207.1,41018,640.4815,31.9722,0.04991900624764338
131,2020-07-22,212.0,209.55,227.5,207.5,70796,668.8749,33.3896,0.049919050632636984
132,2020-07-23,209.8,205.23,214.55,196.81,48228,706.7988,35.2827,0.049919015142640306
133,2020-07-24,196.0,199.97,209.0,195.0,54068,600.4869,29.9757,0.04991899073901529
134,2020-07-27,202.0,190.45,203.88,185.0,68129,596.0903,29.7563,0.049919114603945075
135,2020-07-28,193.1,188.0,194.44,184.0,42523,552.7769,27.5941,0.04991905414281965
136,2020-07-29,188.0,200.18,203.0,187.01,82096,542.3386,27.073,0.04991899894272692
137,2020-07-30,204.0,208.14,215.88,204.0,61685,524.412,26.1781,0.049918956850720425
138,2020-07-31,207.26,220.39,221.7,207.26,89408,528.3831,26.3764,0.04991908333177197
139,2020-08-03,230.45,249.49,256.8,230.45,81259,535.531,26.7332,0.04991905230509532
140,2020-08-04,249.0,228.77,249.0,225.88,80393,520.4692,25.9813,0.04991899616730443
141,2020-08-05,242.0,226.2,243.0,222.99,70032,541.4877,27.0305,0.04991895476111461
142,2020-08-06,223.0,220.0,227.6,216.0,49084,476.702,23.7965,0.04991902698121678
143,2020-08-07,220.0,208.21,222.97,204.8,59613,428.3114,21.3809,0.04991905422083092
144,2020-08-10,206.0,220.99,226.78,205.36,64327,451.3154,22.6873,0.05026927953267272
145,2020-08-11,220.0,211.91,223.87,211.6,47786,442.6924,22.2539,0.05026944216797036
146,2020-08-12,209.0,214.99,216.0,200.05,56831,442.6924,22.2539,0.05026944216797036
147,2020-08-13,214.56,210.65,216.5,208.35,37890,442.3804,22.2382,0.050269406149097015
148,2020-08-14,209.56,207.1,214.48,203.55,29386,452.9605,22.77,0.05026928396626196
149,2020-08-17,209.92,207.7,209.92,204.02,29948,436.8209,21.9587,0.050269343797423614
150,2020-08-18,207.11,210.86,212.0,204.27,42676,457.0451,22.9754,0.05026943730498369
151,2020-08-19,209.52,200.0,211.5,200.0,37340,456.6764,22.9568,0.05026929353038607
152,2020-08-20,198.0,201.0,207.08,195.0,24445,899.7438,21.7962,0.024224896020400472
153,2020-08-21,203.81,197.68,205.0,196.0,22549,887.9717,21.511,0.024224871130465078
154,2020-08-24,197.68,193.93,199.48,191.11,31055,833.4667,20.1906,0.0242248430561173
155,2020-08-25,195.06,190.49,199.44,190.23,22505,807.5681,19.5632,0.02422483007934563
156,2020-08-26,190.88,175.8,191.41,175.8,46686,808.6276,19.5889,0.02422487186932526
157,2020-08-27,177.7,190.0,193.27,176.25,58175,857.8939,20.7823,0.024224790501482758
158,2020-08-28,188.0,187.06,189.87,184.88,26232,875.8464,21.2172,0.02422479558059495
159,2020-08-31,188.03,185.58,196.78,183.82,40239,880.7318,21.3356,0.024224854830948536
160,2020-09-01,185.0,183.99,186.91,181.21,23703,862.3085,20.8893,0.02422485688126697
161,2020-09-02,185.56,180.3,186.88,179.3,28888,889.973,21.5595,0.024224892215831267
162,2020-09-03,180.0,178.29,182.78,177.0,37252,818.163,19.8199,0.024224879394448295
163,2020-09-04,176.3,185.39,187.5,176.05,64927,811.0997,19.6488,0.02422488875288698
164,2020-09-07,185.5,165.0,185.5,164.0,87600,805.2725,19.5076,0.024224843143159612
165,2020-09-08,163.8,161.76,166.8,159.66,32879,826.5212,20.0223,0.024224786974611178
166,2020-09-09,159.43,155.23,159.85,153.5,34642,824.2256,19.9667,0.02422479961796867
167,2020-09-10,158.0,153.78,160.48,153.0,25987,852.3022,20.6469,0.02422485827210114
168,2020-09-11,155.6,158.05,158.2,153.13,26374,835.8212,20.2476,0.024224798318109184
169,2020-09-14,162.5,158.9,165.77,157.86,36091,813.3364,19.7029,0.02422478570982437
170,2020-09-15,159.68,170.26,174.0,156.01,55313,945.1254,22.8955,0.024224827731854415
171,2020-09-16,168.02,166.91,170.6,164.21,33164,972.9665,23.57,0.024224883384988075
172,2020-09-17,167.5,172.6,175.76,164.51,46885,959.6051,23.2463,0.024224860830772993
173,2020-09-18,172.98,175.73,176.88,171.0,32484,1025.5879,24.8447,0.024224837286009323
174,2020-09-21,177.01,175.98,184.26,174.4,40248,988.8589,23.9549,0.024224790816970956
175,2020-09-22,174.5,174.3,178.56,173.08,24789,976.6747,23.6598,0.02422485193893115
176,2020-09-23,175.5,176.04,180.0,174.1,27359,890.8559,21.5808,0.02422479325780971
177,2020-09-24,174.71,172.05,176.48,171.0,25008,879.6724,21.3099,0.02422481369200625
178,2020-09-25,173.72,165.8,173.8,162.88,28153,921.7577,22.3294,0.024224804414435593
179,2020-09-28,164.85,163.19,164.97,157.26,28016,824.7554,19.9796,0.024224879279359676
180,2020-09-29,164.9,172.37,174.17,164.65,38330,898.9786,21.7776,0.02422482581899057
181,2020-09-30,172.37,170.16,174.57,170.0,24134,931.8229,22.5733,0.02422488221742565
182,2020-10-09,175.0,170.64,176.99,168.88,32682,908.2198,22.0015,0.024224862747982374
183,2020-10-12,173.0,184.28,184.5,171.0,61940,976.4393,23.6541,0.024224854530127987
184,2020-10-13,183.0,179.13,183.98,177.8,33917,941.7703,22.8142,0.024224803011944632
185,2020-10-14,179.13,172.87,179.13,171.4,32789,951.188,23.0424,0.02422486406472748
186,2020-10-15,172.0,170.52,176.6,170.0,27910,1060.7277,26.1096,0.024614799820915398
187,2020-10-16,172.3,166.2,174.08,164.08,32760,1147.7826,28.2524,0.024614765897304942
188,2020-10-19,167.4,164.69,168.6,164.0,23513,1272.8615,31.3312,0.024614775448860697
189,2020-10-20,164.89,166.5,166.5,161.0,23763,1161.4971,28.59,0.024614783799288005
190,2020-10-21,166.3,160.4,166.3,159.6,27191,1135.9516,27.9612,0.024614781122716846
191,2020-10-22,159.79,156.2,161.68,156.12,26481,1132.4788,27.8757,0.024614765415476206
192,2020-10-23,156.0,151.35,158.66,151.01,28648,1195.2831,29.4216,0.024614754446038768
193,2020-10-26,151.0,150.0,152.6,147.54,25053,1236.0736,30.4257,0.02461479640047324
194,2020-10-27,151.0,152.28,153.47,148.99,29830,1209.4686,29.7708,0.024614777101282334
195,2020-10-28,152.5,157.08,158.12,149.36,34006,1207.2318,29.7158,0.02461482542126541
196,2020-10-29,152.78,156.13,157.68,150.5,36889,1271.39,31.295,0.024614791684691557
197,2020-10-30,156.13,161.98,167.79,154.65,73573,1210.1749,29.7882,0.024614789151551564
198,2020-11-02,162.11,155.43,164.33,152.02,53535,1200.7572,29.5564,0.024614801393653938
199,2020-11-03,157.0,165.79,170.49,155.0,58339,1136.6579,27.9786,0.024614793949877093
200,2020-11-04,168.2,163.2,170.42,162.5,39145,1151.6674,28.3481,0.024614832372610355
201,2020-11-05,168.9,165.11,171.0,163.55,37465,1077.1498,26.5138,0.024614775029434162
202,2020-11-06,165.66,164.95,166.6,159.0,47340,1054.8416,25.9647,0.02461478576499069
203,2020-11-09,167.14,181.96,185.44,167.14,103141,1045.7182,25.7401,0.024614757589568586
204,2020-11-10,181.96,174.42,181.96,174.38,49029,884.6755,21.7761,0.02461478813418027
205,2020-11-11,174.88,159.0,175.66,156.56,70739,1079.3865,26.5689,0.024614815916263542
206,2020-11-12,160.88,157.0,161.45,155.5,37152,1182.5104,29.1072,0.024614751802605712
207,2020-11-13,157.0,159.46,160.48,153.3,34130,1003.8683,24.71,0.024614782636327895
208,2020-11-16,154.45,150.0,157.8,148.71,70285,1045.4239,25.7329,0.024614799795566182
209,2020-11-17,150.7,150.8,150.83,142.68,55708,1153.7275,28.3988,0.02461482455779203
210,2020-11-18,150.8,149.62,150.98,147.12,26030,1006.5759,24.7767,0.024614835304521
211,2020-11-19,149.0,150.21,153.32,147.69,24931,865.2515,21.298,0.024614808526769383
212,2020-11-20,150.21,148.79,151.62,147.92,19251,794.6776,19.5608,0.0246147620116636
213,2020-11-23,148.79,146.2,148.79,143.5,37331,788.7327,19.4145,0.02461480296176385
214,2020-11-24,145.07,146.09,147.8,145.01,24517,679.8405,16.7341,0.02461474419367484
215,2020-11-25,146.7,143.81,148.48,143.8,27710,695.0265,17.1079,0.02461474490541008
216,2020-11-26,143.55,140.6,145.0,140.04,27400,694.379,17.092,0.024614799698723606
217,2020-11-27,141.0,143.24,146.38,141.0,29576,629.8089,15.5026,0.02461476806694856
218,2020-11-30,145.3,148.41,152.32,145.01,54561,606.6178,14.9318,0.024614839854682803
219,2020-12-01,148.2,150.3,151.36,147.05,31963,611.9153,15.0622,0.024614844570809067
