,日期,开盘,收盘,最高,最低,成交量,pe,pb,roe
0,2020-01-03,48.1,47.61,48.76,47.17,55919,65.2606,12.0342,0.18440222737762144
1,2020-01-06,47.28,50.0,50.68,46.65,73130,61.4776,11.3366,0.18440212370033965
2,2020-01-07,49.88,50.02,51.48,49.05,52865,62.236,11.4765,0.18440291792531655
3,2020-01-08,49.4,51.64,55.47,49.15,83431,62.2181,11.4732,0.18440293097989172
4,2020-01-09,53.1,52.41,55.55,52.15,55150,61.9282,11.4197,0.18440225939071378
5,2020-01-10,52.8,56.64,56.65,52.08,71192,61.897,11.4139,0.18440150572725658
6,2020-01-13,56.8,57.73,57.86,55.26,45867,64.6851,11.9281,0.18440259039562434
7,2020-01-14,57.8,56.01,58.58,55.51,53818,63.0479,11.6262,0.1844026525863669
8,2020-01-15,55.82,55.08,56.88,52.8,52534,64.6851,11.9281,0.18440259039562434
9,2020-01-16,54.9,56.51,56.52,54.18,53117,59.5549,10.9821,0.1844029626445515
10,2020-01-17,57.28,61.9,64.97,57.28,92195,62.3654,11.5003,0.18440192799212382
11,2020-01-20,61.98,67.2,68.8,58.85,88317,64.2702,11.8516,0.18440272474646102
12,2020-01-21,65.01,65.35,68.88,64.09,48954,63.3468,11.6813,0.18440236918044794
13,2020-01-22,63.48,69.91,71.0,63.48,58928,57.9177,10.6802,0.18440304086660897
14,2020-01-23,68.93,73.0,78.68,67.01,85647,57.592,10.6201,0.18440234754827062
15,2020-02-03,59.8,61.19,71.0,59.8,89878,60.6657,11.1869,0.18440238882927254
16,2020-02-04,63.99,72.06,72.18,63.6,87623,60.001,11.0643,0.1844019266345561
17,2020-02-05,74.0,71.16,76.77,68.8,83580,57.1058,10.5304,0.18440158442750124
18,2020-02-06,69.1,71.1,72.89,69.0,55197,58.2211,10.7361,0.18440221843970658
19,2020-02-07,71.8,71.11,71.8,67.4,55794,56.4768,10.4144,0.18440138251459007
20,2020-02-10,70.94,73.96,76.31,69.31,65314,56.3697,10.3947,0.18440225866023768
21,2020-02-11,72.5,69.06,73.9,69.03,46895,56.3608,10.3931,0.18440298931172022
22,2020-02-12,68.75,69.07,71.0,66.67,58344,54.447,10.0402,0.18440318107517403
23,2020-02-13,69.1,68.5,72.25,67.2,49020,52.9972,9.7728,0.18440219483293457
24,2020-02-14,67.86,69.36,71.2,67.7,43828,47.2424,8.7116,0.18440214722368042
25,2020-02-17,69.41,71.45,72.0,67.89,55069,41.8446,8.4916,0.20293180004110448
26,2020-02-18,71.8,74.56,76.88,70.91,54254,40.8051,8.2807,0.20293296671249425
27,2020-02-19,74.61,71.5,75.69,68.68,71006,41.1754,8.3558,0.2029318476566105
28,2020-02-20,71.3,70.0,72.69,68.5,36114,42.6743,8.66,0.20293244411741962
29,2020-02-21,69.12,68.8,70.58,68.62,33766,42.5985,8.6446,0.20293202812305597
30,2020-02-24,68.06,64.08,68.06,63.63,64647,43.3167,8.7904,0.20293327977431339
31,2020-02-25,61.99,64.31,65.98,61.03,46036,43.9279,8.9144,0.20293253262732797
32,2020-02-26,65.31,65.22,68.38,64.0,53037,42.9688,8.7198,0.2029332911321703
33,2020-02-27,66.0,61.78,66.97,60.6,44741,43.6558,8.8592,0.20293294361803013
34,2020-02-28,58.81,57.26,60.4,57.26,42805,43.9056,8.9099,0.20293311103822748
35,2020-03-02,58.6,59.79,60.36,57.0,28856,44.9138,9.1145,0.20293317421371604
36,2020-03-03,61.0,60.9,63.5,60.55,41113,44.4097,9.0122,0.20293314298452816
37,2020-03-04,61.29,59.25,61.29,58.2,28710,45.7971,9.2937,0.20293206338392605
38,2020-03-05,60.5,59.7,61.19,58.5,27625,43.1918,8.765,0.20293203802573637
39,2020-03-06,58.97,58.39,59.35,58.0,19103,39.7033,8.0571,0.202932753700574
40,2020-03-09,57.3,52.61,58.08,52.57,38752,39.2482,7.9648,0.20293414729847487
41,2020-03-10,50.7,54.21,54.49,49.86,39629,38.9984,7.9141,0.20293396652170348
42,2020-03-11,54.05,54.45,56.88,54.05,36431,40.7516,8.2698,0.20293190942196132
43,2020-03-12,53.89,52.38,53.89,51.77,18472,41.9338,8.5097,0.2029317638754418
44,2020-03-13,49.4,50.58,51.95,48.51,34653,43.4059,8.8085,0.2029332417943183
45,2020-03-16,51.35,47.11,51.5,46.51,33833,43.8476,8.8981,0.2029324295970589
46,2020-03-17,47.3,47.79,48.27,45.63,25281,43.6111,8.8501,0.202932281001855
47,2020-03-18,48.24,49.2,52.03,48.24,46141,42.5137,8.6274,0.20293223125721827
48,2020-03-19,50.5,50.15,50.77,48.06,32129,43.0624,8.7388,0.20293341755220332
49,2020-03-20,50.61,50.25,51.29,49.31,21041,45.0431,9.1407,0.202932302616827
50,2020-03-23,48.5,45.99,49.35,45.39,34531,46.3056,9.3969,0.20293225873328496
51,2020-03-24,46.91,46.88,47.34,44.3,23636,47.8134,9.7029,0.2029326506795166
52,2020-03-25,48.6,48.0,49.3,47.78,26031,47.6841,9.6767,0.20293347258310424
53,2020-03-26,47.5,47.46,48.87,46.82,19298,43.4952,8.8266,0.2029327374055068
54,2020-03-27,48.2,46.82,48.47,46.52,13231,43.7762,8.8836,0.20293218689607592
55,2020-03-30,45.0,43.5,45.0,41.51,46385,42.0989,8.5432,0.20293166804833382
56,2020-03-31,43.9,42.81,44.49,42.5,24936,43.2453,8.7759,0.20293303549749914
57,2020-04-01,42.38,43.18,44.24,42.38,24877,42.429,8.6102,0.20293195691626012
58,2020-04-02,42.11,45.42,45.5,42.11,28619,42.6877,8.6627,0.20293199211950982
59,2020-04-03,45.0,43.79,45.26,43.58,23093,46.6937,9.4757,0.20293315800632633
60,2020-04-07,45.24,44.85,45.55,44.62,27160,49.8432,10.1148,0.20293239599383667
61,2020-04-08,44.67,45.18,45.74,44.21,22747,49.6737,10.0804,0.20293233642752603
62,2020-04-09,45.55,46.16,46.84,45.27,28678,49.5354,10.0524,0.20293365956467496
63,2020-04-10,46.5,44.31,46.7,43.84,29419,47.5993,10.5175,0.22095913175193754
64,2020-04-13,43.5,42.22,43.81,41.89,22889,45.1547,9.9773,0.2209581726819135
65,2020-04-14,43.07,42.9,43.18,42.12,20231,44.8825,9.9172,0.22095917116916391
66,2020-04-15,42.97,42.97,43.8,42.84,20326,42.8037,9.4579,0.22095987029158695
67,2020-04-16,42.52,42.88,43.05,41.9,22614,40.8631,9.0291,0.2209597411845895
68,2020-04-17,43.14,43.97,44.65,43.14,31118,42.826,9.4628,0.2209592303740718
69,2020-04-20,44.29,44.06,44.29,43.57,18115,43.5085,9.6136,0.2209591229300022
70,2020-04-21,43.96,43.01,43.96,42.48,17973,43.3747,9.584,0.22095830057614232
71,2020-04-22,42.81,43.65,43.68,42.55,17704,43.2052,9.5466,0.22095951413255813
72,2020-04-23,43.7,50.47,51.38,43.65,88642,42.1613,9.3159,0.22095855678074441
73,2020-04-24,49.86,50.93,52.99,49.02,75699,43.3836,9.586,0.22095907209175816
74,2020-04-27,51.3,49.0,51.88,47.88,47522,45.4803,10.0493,0.22095940440146614
75,2020-04-28,49.0,47.15,50.58,43.1,55588,45.8015,10.1203,0.22096001222667383
76,2020-04-29,46.69,51.12,51.98,46.08,56533,46.8276,10.347,0.22095943417984265
77,2020-04-30,50.96,54.5,54.78,50.7,63050,52.8633,11.6806,0.22095858563502466
78,2020-05-06,53.5,55.94,56.92,53.42,65681,52.6403,11.6313,0.22095808724494348
79,2020-05-07,55.65,53.1,55.65,52.87,55214,47.2647,10.4436,0.22095982837085607
80,2020-05-08,54.0,55.83,57.6,54.0,61062,46.4841,10.2711,0.22095942483558897
81,2020-05-11,56.0,55.74,56.8,54.88,35204,44.655,9.8669,0.22095845929907063
82,2020-05-12,55.88,54.28,56.48,53.0,37558,44.8335,9.9064,0.22095977338374206
83,2020-05-13,53.63,53.68,54.28,52.8,31416,46.0424,10.1735,0.22095937657463557
84,2020-05-14,53.1,53.31,55.0,52.89,28542,45.7703,10.1134,0.22095988009691875
85,2020-05-15,53.3,54.52,55.29,52.66,40439,45.4982,10.0532,0.22095819175264078
86,2020-05-18,54.5,51.68,54.9,51.51,42817,43.1829,9.5416,0.2209578328458719
87,2020-05-19,52.59,52.93,53.33,51.88,31564,46.8008,10.3411,0.22095989812139963
88,2020-05-20,52.93,54.66,55.52,52.68,47370,43.9279,9.7063,0.22095980003596805
89,2020-05-21,54.87,52.75,55.24,52.2,30080,43.2275,9.5515,0.22095888034237468
90,2020-05-22,52.3,49.87,53.5,49.8,30916,38.6326,8.5362,0.22095846513048564
91,2020-05-25,49.89,47.67,50.33,47.0,30793,39.4713,8.7215,0.22095801253062353
92,2020-05-26,48.0,49.58,49.86,47.82,31740,37.6824,8.3263,0.22095991762732733
93,2020-05-27,49.7,47.92,49.76,47.85,27108,42.9375,9.4874,0.22095836972343522
94,2020-05-28,47.85,48.74,48.86,47.28,24084,44.9227,9.9261,0.2209595594209609
95,2020-05-29,48.15,50.0,51.5,48.12,39163,41.9338,9.2656,0.22095779538224533
96,2020-06-01,50.66,52.02,52.77,50.03,33461,36.643,8.0966,0.22095898261605218
97,2020-06-02,51.87,52.03,52.69,51.37,27834,36.6028,8.0877,0.22095850590665195
98,2020-06-03,51.9,53.0,54.0,51.9,42386,37.049,8.1863,0.22095873033010335
99,2020-06-04,53.8,56.65,58.57,53.13,78938,34.0645,7.5269,0.220960237197082
100,2020-06-05,55.93,60.46,61.65,55.66,81487,32.2444,7.1247,0.22095929835878478
101,2020-06-08,61.25,62.3,65.84,60.2,94387,31.1827,6.8901,0.2209590574260728
102,2020-06-09,60.5,61.44,63.4,60.06,48024,30.2816,6.691,0.22095926239036245
103,2020-06-10,61.51,63.1,64.44,61.01,46259,30.1343,6.6585,0.2209608320087077
104,2020-06-11,63.43,58.89,63.47,58.74,58822,31.6734,6.9985,0.22095828044984117
105,2020-06-12,57.17,57.18,58.93,56.68,36829,31.4013,6.9384,0.2209590048819635
106,2020-06-15,56.09,55.09,57.51,55.06,36929,31.089,6.8694,0.22095918170413972
107,2020-06-16,55.88,63.38,64.16,55.88,74164,32.2623,7.1286,0.2209575882686603
108,2020-06-17,63.38,63.88,65.84,62.71,53951,29.0681,6.4229,0.2209604342905109
109,2020-06-18,63.79,63.23,64.56,61.73,29868,27.6897,6.1183,0.22095941812298436
110,2020-06-19,63.68,62.75,66.08,62.25,37813,27.9038,6.1656,0.22095915251686152
111,2020-06-22,63.89,65.84,67.67,63.7,62111,28.1938,6.2297,0.22095992735991601
112,2020-06-23,66.2,73.0,74.67,64.41,74663,27.9707,6.1804,0.22095979006603336
113,2020-06-24,71.18,70.37,74.01,69.35,68785,24.2725,5.3632,0.22095787413739829
114,2020-06-29,70.08,71.07,71.86,68.83,35094,25.2049,5.5692,0.22095703613186327
115,2020-06-30,72.18,71.68,74.57,70.81,43748,25.9677,5.7378,0.22095911459235895
116,2020-07-01,70.68,68.23,70.74,68.08,56758,28.1492,5.8291,0.207078709164026
117,2020-07-02,68.21,68.56,69.46,67.24,44534,27.4086,5.6758,0.20708098917857898
118,2020-07-03,68.59,70.58,72.77,68.58,47959,27.7923,5.7552,0.2070789391306225
119,2020-07-06,70.59,72.96,73.88,68.72,53703,26.9715,5.5852,0.2070778414252081
120,2020-07-07,73.96,77.04,82.5,71.96,68662,25.2718,5.2333,0.20708061950474443
121,2020-07-08,77.48,83.73,84.95,77.04,56239,23.6435,4.8961,0.20708017002558843
122,2020-07-09,84.87,82.73,85.2,81.76,41033,23.2108,4.8065,0.20708032467644372
123,2020-07-10,81.28,82.82,84.05,80.68,31031,23.2063,4.8055,0.20707738846778678
124,2020-07-13,81.68,94.68,94.7,81.3,51075,22.3052,4.6189,0.20707727346089702
125,2020-07-14,92.72,101.38,108.23,92.08,65912,21.7431,4.5025,0.207077187705525
126,2020-07-15,103.68,96.93,104.63,95.18,45892,21.3773,4.4268,0.2070794721503651
127,2020-07-16,95.67,85.15,97.9,83.8,50184,22.1178,4.5801,0.20707755744242196
128,2020-07-17,88.58,89.16,91.68,85.68,30135,21.2658,4.4037,0.207078971870327
129,2020-07-20,91.66,87.28,91.66,79.06,41748,22.2472,4.6069,0.2070777446150527
130,2020-07-21,86.48,97.58,97.8,85.68,43966,23.532,4.873,0.20707972123066465
131,2020-07-22,95.78,99.15,103.78,93.28,53113,24.3841,5.0494,0.20707756283807893
132,2020-07-23,98.68,105.59,106.37,96.68,55805,23.6123,4.8896,0.20707851416422796
133,2020-07-24,101.67,97.48,109.56,97.48,54522,23.0547,4.7741,0.207077081896533
134,2020-07-27,96.31,102.67,106.56,96.23,40710,24.3216,5.0365,0.20707930399315835
135,2020-07-28,102.66,103.28,107.38,100.68,26839,23.7818,4.9247,0.2070785222312861
136,2020-07-29,101.68,103.89,105.13,100.68,24959,23.9469,4.9589,0.20707899561112295
137,2020-07-30,104.68,101.18,105.34,99.8,26442,24.2145,5.0143,0.2070784034359578
138,2020-07-31,101.08,100.78,105.56,100.18,24052,24.8658,5.1492,0.20707960331057115
139,2020-08-03,102.73,104.88,105.48,99.7,39516,24.906,5.1575,0.20707861559463583
140,2020-08-04,104.4,106.63,115.53,104.4,34047,23.6881,4.9053,0.20707865974898793
141,2020-08-05,103.68,118.68,118.68,102.76,40038,24.9551,5.1677,0.2070799155282888
142,2020-08-06,117.86,119.18,124.46,116.74,26808,24.3127,5.0346,0.2070769597782229
143,2020-08-07,118.56,105.65,120.66,104.56,54211,22.8048,4.7224,0.2070792113940925
144,2020-08-10,103.9,103.35,108.55,103.08,22895,21.0338,4.5699,0.21726459317859825
145,2020-08-11,103.35,102.63,106.66,97.18,39187,59.6308,4.79,0.08032761593002274
146,2020-08-12,100.59,97.93,102.53,91.71,45212,61.9796,4.9787,0.08032804342073843
147,2020-08-13,96.39,95.19,98.16,94.22,16161,61.4198,4.9337,0.08032751653375621
148,2020-08-14,94.72,97.53,99.98,94.72,20171,53.1201,4.267,0.08032740902219687
149,2020-08-17,99.1,97.91,99.42,94.79,15041,52.3413,4.2045,0.08032853597445995
150,2020-08-18,97.93,98.21,100.41,96.68,13759,53.6191,4.3071,0.08032771904041656
151,2020-08-19,98.28,96.68,100.33,95.68,12807,53.5095,4.2983,0.08032779226118726
152,2020-08-20,95.56,92.28,97.58,90.73,18935,52.1831,4.1918,0.08032868879004888
153,2020-08-21,92.84,96.63,99.35,92.83,18299,52.2926,4.2006,0.08032876544673624
154,2020-08-24,96.19,101.29,102.16,96.19,22421,52.2074,4.1937,0.08032769300903703
155,2020-08-25,101.04,101.9,103.67,99.2,16910,51.3799,4.1272,0.08032713181613822
156,2020-08-26,100.9,107.38,108.33,99.26,24142,53.9233,4.3315,0.08032705713485637
157,2020-08-27,109.28,111.72,115.11,107.69,31413,56.1747,4.5124,0.08032797682942677
158,2020-08-28,111.67,112.03,112.66,108.76,22237,54.9821,4.4166,0.08032796128194448
159,2020-08-31,111.69,112.41,113.66,108.89,23686,54.5805,4.3843,0.0803272230924964
160,2020-09-01,112.41,105.35,119.28,104.68,35478,53.2905,4.2807,0.08032763813437668
161,2020-09-02,107.66,96.37,107.66,94.93,39268,55.2741,4.4401,0.08032876157187545
162,2020-09-03,95.18,95.79,98.36,92.91,16657,52.5482,4.2211,0.08032815586452056
163,2020-09-04,94.93,97.62,98.58,92.67,15305,52.0979,4.1849,0.08032761397292404
164,2020-09-07,98.29,95.05,98.93,94.25,11795,52.9376,4.2524,0.08032853775010577
165,2020-09-08,95.68,98.81,100.18,95.18,17217,56.9779,4.5769,0.08032763580265331
166,2020-09-09,95.85,98.18,101.68,95.85,18834,57.7567,4.6395,0.08032834285892372
167,2020-09-10,99.68,107.57,109.96,98.24,33701,58.4139,4.6923,0.08032848346027231
168,2020-09-11,109.09,107.86,109.58,103.7,14516,57.0509,4.5828,0.08032826826570659
169,2020-09-14,110.23,104.48,111.56,102.18,24947,55.9678,4.4958,0.08032833164784037
170,2020-09-15,104.48,101.65,104.48,100.19,21670,61.152,4.9122,0.08032770800627943
171,2020-09-16,101.66,97.21,102.68,96.63,20265,61.0303,4.9024,0.0803273128265796
172,2020-09-17,96.6,95.98,97.81,92.98,20884,59.8742,4.8096,0.08032842192463531
173,2020-09-18,96.06,98.44,99.23,95.18,17676,58.1583,4.6717,0.08032731355627659
174,2020-09-21,97.83,98.97,101.43,96.78,11585,57.3308,4.6053,0.08032854940102004
175,2020-09-22,98.29,97.98,100.28,95.76,16794,61.5536,4.9445,0.08032836422240128
176,2020-09-23,99.46,94.68,99.46,94.68,23650,63.7441,5.1204,0.08032743422528515
177,2020-09-24,92.68,92.03,94.47,91.04,17871,66.2632,5.3228,0.08032814593922419
178,2020-09-25,91.2,88.1,92.64,87.39,16144,65.9712,5.2993,0.08032747623205277
179,2020-09-28,88.94,88.66,90.98,86.02,12175,64.024,5.1429,0.08032768961639385
180,2020-09-29,89.04,89.68,93.19,88.68,22646,71.0581,5.7079,0.0803272251861505
181,2020-09-30,89.49,97.5,97.88,88.94,32333,72.6523,5.836,0.08032780792899881
182,2020-10-09,100.68,103.34,104.28,100.19,36195,72.1046,5.792,0.08032774608000044
183,2020-10-12,105.79,100.23,107.13,100.04,30450,74.1126,5.9533,0.08032777152602931
184,2020-10-13,101.18,101.36,103.58,100.39,26100,72.7618,5.8448,0.08032786434640156
185,2020-10-14,101.68,99.1,103.24,98.68,19152,69.6829,5.5975,0.08032817233496309
186,2020-10-15,100.48,98.54,100.48,97.99,15138,75.1835,6.0393,0.08032746546782206
187,2020-10-16,99.68,97.0,99.68,95.94,16520,79.3699,6.3756,0.08032768089666234
188,2020-10-19,98.44,99.15,100.41,96.79,28006,78.2624,6.6443,0.08489772866663942
189,2020-10-20,99.98,97.78,100.19,96.8,28465,77.9825,6.6205,0.08489725258872183
190,2020-10-21,98.3,96.17,98.57,94.98,18044,83.7266,7.1082,0.08489775053567206
191,2020-10-22,96.56,96.34,96.56,94.78,12963,85.1869,7.2322,0.08489803009617676
192,2020-10-23,96.18,92.98,96.85,92.1,20427,87.0123,7.3871,0.08489719269574532
193,2020-10-26,91.65,92.15,94.88,89.7,16612,90.7362,7.7033,0.08489775855722413
194,2020-10-27,92.34,94.48,94.63,90.51,54763,86.9515,7.382,0.08489790285388982
195,2020-10-28,104.69,106.58,108.18,101.94,110124,84.4081,7.166,0.08489706556598241
196,2020-10-29,106.08,119.48,124.23,105.19,88300,83.3615,7.0772,0.08489770457585336
197,2020-10-30,120.22,122.73,129.18,114.68,63094,84.0551,7.1361,0.0848978824604337
198,2020-11-02,127.0,127.02,129.62,120.98,57353,84.043,7.135,0.08489701700320074
199,2020-11-03,127.03,127.04,129.66,124.18,40848,90.0061,7.6413,0.08489757916407888
200,2020-11-04,128.58,127.28,128.58,122.7,43630,86.5377,7.3468,0.08489710265005887
201,2020-11-05,127.7,131.19,131.68,123.03,44121,86.5256,7.3458,0.08489741764287101
202,2020-11-06,132.88,128.69,132.88,127.69,24442,86.5986,7.352,0.08489744637904077
203,2020-11-09,130.61,135.18,139.38,130.18,51089,87.6938,7.445,0.08489767805705763
204,2020-11-10,135.8,136.67,139.18,126.69,37270,74.4655,6.3219,0.0848970328541405
205,2020-11-11,135.67,129.78,137.55,128.38,39597,88.8378,7.5421,0.08489741979202546
206,2020-11-12,131.71,130.51,133.18,127.78,24914,85.0774,7.2229,0.08489798700947608
207,2020-11-13,130.68,142.68,143.68,128.28,45754,79.5281,6.7517,0.08489703639342572
208,2020-11-16,148.0,144.75,150.94,139.56,61455,81.7794,6.9429,0.08489790827518912
209,2020-11-17,148.96,140.48,149.28,140.08,42233,75.3296,6.3953,0.08489757014506913
210,2020-11-18,141.42,134.18,141.78,132.68,46270,68.7702,5.8384,0.0848972374662281
211,2020-11-19,132.68,145.68,145.68,130.99,53202,67.0299,5.6907,0.08489793360873282
212,2020-11-20,143.86,142.01,146.67,138.76,49249,68.1617,5.7868,0.08489811727113615
213,2020-11-23,141.98,145.68,148.5,139.69,49303,70.2549,5.9645,0.08489799288021191
214,2020-11-24,144.48,139.43,147.76,137.78,40515,68.9284,5.8518,0.08489679145316009
215,2020-11-25,139.35,139.5,144.44,135.81,40880,63.7807,5.4148,0.08489715540908142
216,2020-11-26,139.38,140.15,145.67,136.45,32948,62.8436,5.3353,0.08489806440114825
217,2020-11-27,140.07,140.19,144.37,136.29,37707,60.8721,5.1679,0.08489767890379994
218,2020-11-30,142.28,138.49,142.67,137.57,31925,60.8478,5.1658,0.08489707105269213
219,2020-12-01,138.69,146.97,148.76,138.69,45180,57.9393,4.9189,0.08489747028355536
