,日期,开盘,收盘,最高,最低,成交量,pe,pb,roe
0,2020-01-03,155.38,150.0,156.45,148.88,29678,374.0209,22.9584,0.061382666048875885
1,2020-01-06,150.5,152.79,153.89,147.26,23471,369.5096,22.6815,0.06138270832476342
2,2020-01-07,150.02,152.98,156.38,150.02,29093,362.34,22.2414,0.061382679251531715
3,2020-01-08,152.05,148.81,152.5,147.02,22803,357.1382,21.9221,0.06138268043015281
4,2020-01-09,151.02,157.0,162.0,149.0,48900,352.5809,21.6424,0.0613827918642218
5,2020-01-10,158.01,156.27,162.62,154.5,21034,365.3782,22.4279,0.06138269880359584
6,2020-01-13,156.37,154.77,160.0,153.62,23799,366.0456,22.4689,0.061382789466667545
7,2020-01-14,154.51,160.51,161.5,154.0,26896,361.9602,22.2181,0.06138271555822988
8,2020-01-15,160.0,165.18,168.0,158.1,27326,377.9337,23.1986,0.06138272400688269
9,2020-01-16,165.18,168.2,175.13,162.0,28579,361.1776,22.1701,0.061382821083035055
10,2020-01-17,170.0,183.0,188.0,168.0,37624,344.8473,21.1677,0.061382820744138054
11,2020-01-20,184.0,177.9,191.56,173.99,33264,348.0466,21.3641,0.061382872293537706
12,2020-01-21,177.8,170.0,182.1,167.02,26970,340.6467,20.9098,0.06138265833780277
13,2020-01-22,169.0,184.0,187.5,167.08,30970,342.1773,21.0038,0.061382797748418726
14,2020-01-23,179.1,179.5,187.0,172.02,17935,334.5473,20.5354,0.061382650525052804
15,2020-02-03,163.0,171.9,186.0,163.0,32873,346.7462,21.2842,0.06138264817321718
16,2020-02-04,175.0,206.28,206.28,174.58,43322,386.0471,23.6966,0.06138266548304598
17,2020-02-05,210.0,211.95,226.48,202.55,58001,390.1326,23.9474,0.0613827196189193
18,2020-02-06,215.0,214.0,222.05,206.5,40596,395.4379,24.2731,0.06138283659709906
19,2020-02-07,218.81,245.0,246.0,218.81,55864,389.0623,23.8817,0.061382714285090074
20,2020-02-10,239.99,226.92,240.0,220.0,50404,390.1326,23.9474,0.0613827196189193
21,2020-02-11,227.0,214.96,235.0,210.0,47214,374.0209,22.9584,0.061382666048875885
22,2020-02-12,211.0,231.0,239.5,211.0,39973,376.9095,23.1358,0.0613829049148403
23,2020-02-13,237.5,220.5,239.44,219.0,45353,375.1487,23.0277,0.061382859650053426
24,2020-02-14,223.5,218.0,231.0,211.66,28538,368.6235,22.6271,0.061382684500581215
25,2020-02-17,217.0,222.0,228.88,213.99,22641,372.6399,22.8737,0.0613828524535349
26,2020-02-18,222.0,229.7,231.0,217.1,25693,348.6911,22.1933,0.0636474518563852
27,2020-02-19,228.0,229.7,243.5,220.13,28488,345.2501,21.9743,0.06364748337509533
28,2020-02-20,235.0,223.2,237.23,214.75,35206,371.5811,23.6502,0.06364747830285233
29,2020-02-21,216.0,227.6,243.48,216.0,28378,372.8471,23.7308,0.06364753809269268
30,2020-02-24,227.1,236.88,241.5,227.1,24149,385.6904,24.5483,0.06364768218239293
31,2020-02-25,230.0,231.5,240.0,224.6,20623,377.4734,24.0253,0.06364766364994195
32,2020-02-26,229.8,222.0,229.8,217.5,22499,385.817,24.5563,0.06364753237934047
33,2020-02-27,222.38,234.31,237.5,213.0,39679,392.2041,24.9628,0.06364747334359841
34,2020-02-28,222.0,235.52,249.85,222.0,32550,404.9553,25.7744,0.06364751862736455
35,2020-03-02,237.0,249.46,251.0,225.2,31206,404.8978,25.7708,0.06364766615180423
36,2020-03-03,251.01,270.0,292.0,250.3,31138,407.3951,25.9297,0.06364755000735159
37,2020-03-04,264.0,257.25,273.16,248.38,34235,401.6409,25.5635,0.06364765142195429
38,2020-03-05,259.1,249.49,267.0,239.01,28090,379.7751,24.1718,0.06364766937063542
39,2020-03-06,246.0,247.0,252.5,240.66,16467,368.2667,23.4393,0.06364762276904211
40,2020-03-09,238.0,227.81,251.7,227.5,15555,354.0655,22.5354,0.06364754544003863
41,2020-03-10,221.94,229.0,236.3,201.77,42774,353.8583,22.5222,0.06364751088218082
42,2020-03-11,228.0,212.02,228.0,209.76,22444,367.1159,23.366,0.06364747481653614
43,2020-03-12,206.98,215.52,219.0,201.08,25951,378.4746,24.089,0.06364760012957275
44,2020-03-13,204.0,223.03,225.66,201.0,31625,377.8187,24.0472,0.06364745842384191
45,2020-03-16,221.05,210.2,233.05,203.77,20561,378.325,24.0795,0.06364765743738848
46,2020-03-17,215.0,217.0,224.0,204.1,21318,384.3669,24.464,0.06364752011684668
47,2020-03-18,219.0,222.1,236.68,219.0,28083,381.041,24.2523,0.063647481504615
48,2020-03-19,222.5,228.7,229.69,212.36,22989,372.8701,23.7323,0.06364763492701614
49,2020-03-20,229.8,228.0,234.98,222.45,16587,379.9822,24.185,0.0636477182352226
50,2020-03-23,222.39,214.0,233.0,210.0,19791,373.9058,23.7982,0.06364758182408511
51,2020-03-24,220.1,218.0,224.93,204.5,17420,351.1999,22.353,0.06364751242810719
52,2020-03-25,227.0,235.89,241.2,227.0,24247,340.359,21.663,0.06364750160859563
53,2020-03-26,236.0,249.53,254.99,232.5,22324,343.754,21.8791,0.06364755028305125
54,2020-03-27,252.89,245.8,260.2,243.0,15612,354.0424,22.5339,0.06364746143399773
55,2020-03-30,240.1,220.0,243.6,218.5,19926,362.2479,23.0562,0.06364757394038723
56,2020-03-31,224.02,224.5,231.35,221.02,13951,356.8275,22.7112,0.06364756079618304
57,2020-04-01,226.5,226.36,235.8,222.0,11672,371.6042,23.6517,0.06364755834298967
58,2020-04-02,223.61,244.5,246.0,223.51,14272,402.6191,25.6257,0.06364750206833207
59,2020-04-03,244.0,241.96,247.05,235.24,11624,382.6867,24.3571,0.06364762611295349
60,2020-04-07,247.46,250.0,253.96,245.45,10958,380.7763,24.2355,0.06364760621918958
61,2020-04-08,247.5,237.39,254.36,236.67,14012,367.1504,23.3682,0.06364748615281368
62,2020-04-09,238.26,234.64,241.5,226.51,16969,390.5469,24.8574,0.06364766946044124
63,2020-04-10,233.0,223.25,233.0,218.57,15963,379.5334,24.1564,0.06364762626951938
64,2020-04-13,221.0,219.4,226.55,215.81,12305,382.3645,24.3366,0.06364764511349773
65,2020-04-14,223.0,225.2,226.63,217.61,10108,400.4901,25.4902,0.06364751588116661
66,2020-04-15,227.7,237.29,240.0,226.31,18170,409.6968,26.0762,0.06364755594869181
67,2020-04-16,235.93,236.68,239.95,232.03,9657,403.8275,25.7026,0.06364747324043063
68,2020-04-17,239.0,244.31,247.38,239.0,13088,426.9593,27.1749,0.06364751862765373
69,2020-04-20,244.86,251.42,251.47,240.5,10929,435.0151,28.8289,0.06627103289058242
70,2020-04-21,248.68,252.98,258.0,244.0,9895,414.3001,27.4561,0.06627104362272662
71,2020-04-22,248.13,248.34,250.5,241.01,11602,425.7969,28.218,0.06627103203428678
72,2020-04-23,246.0,253.2,256.33,246.0,8838,421.5734,27.9381,0.06627102184340852
73,2020-04-24,253.19,248.01,257.73,245.01,9260,420.0543,27.8374,0.06627095592165108
74,2020-04-27,240.0,247.7,249.7,240.0,6470,435.0151,28.8289,0.06627103289058242
75,2020-04-28,246.0,255.7,256.5,220.95,15873,460.3104,30.5053,0.06627115094510139
76,2020-04-29,258.7,252.19,265.92,250.86,11914,452.2776,29.9729,0.06627102469810577
77,2020-04-30,252.19,262.48,265.45,252.19,10906,460.3334,30.5068,0.06627109829527902
78,2020-05-06,261.0,266.0,275.1,260.0,14716,471.2433,31.2298,0.06627107483544063
79,2020-05-07,269.0,268.23,269.37,260.0,9096,470.5759,31.1856,0.06627113713218208
80,2020-05-08,269.0,274.87,285.01,267.3,12971,489.1043,32.4135,0.06627114094069506
81,2020-05-11,277.0,262.0,291.58,255.55,26733,452.2661,29.9722,0.0662711620437614
82,2020-05-12,259.5,257.1,265.0,253.46,12111,437.2937,28.9799,0.06627102105518556
83,2020-05-13,254.37,263.37,264.6,254.3,7933,439.9637,29.1569,0.06627114918798982
84,2020-05-14,260.6,258.0,264.89,257.11,8848,419.8011,27.8207,0.06627114602605852
85,2020-05-15,258.53,264.68,273.98,258.53,13259,405.1395,26.849,0.06627100048254984
86,2020-05-18,263.0,268.02,273.88,250.5,24695,441.9201,29.2865,0.0662710295367873
87,2020-05-19,266.61,288.86,288.88,265.0,17325,457.8016,30.339,0.06627106589404667
88,2020-05-20,289.0,283.7,294.5,279.11,10936,441.9086,29.2858,0.06627117010169072
89,2020-05-21,285.18,270.0,288.44,265.2,13260,424.2433,28.1151,0.06627117034022695
90,2020-05-22,270.0,273.02,275.68,263.8,10698,406.4744,26.9375,0.06627108619878644
91,2020-05-25,271.18,266.83,273.39,261.2,11832,401.2381,26.5905,0.06627112430250268
92,2020-05-26,266.7,272.49,278.71,265.06,13273,431.413,28.5902,0.06627106739945249
93,2020-05-27,272.38,268.77,274.0,267.08,7219,471.8418,31.2695,0.06627115274653497
94,2020-05-28,270.0,264.25,270.37,258.0,9587,471.8418,31.2695,0.06627115274653497
95,2020-05-29,262.57,267.47,274.77,260.33,9614,500.4515,33.1655,0.06627115714509797
96,2020-06-01,270.0,281.15,285.31,270.0,11451,449.9759,29.8204,0.06627110474138725
97,2020-06-02,282.4,280.3,285.1,275.9,6525,449.6077,29.796,0.06627110701173489
98,2020-06-03,280.08,272.42,280.29,267.3,18690,418.9379,27.7635,0.06627115856550576
99,2020-06-04,272.3,265.52,272.3,264.3,16676,410.8361,27.2265,0.06627095330717044
100,2020-06-05,266.3,259.89,266.3,256.3,15027,392.3652,26.0025,0.06627116777940552
101,2020-06-08,261.3,252.56,263.3,251.87,16867,363.3182,24.0775,0.06627110890673796
102,2020-06-09,254.29,257.55,260.28,252.32,10330,363.6634,24.1004,0.0662711727383069
103,2020-06-10,258.31,258.8,259.1,252.69,9574,378.3941,25.0766,0.06627111786362419
104,2020-06-11,258.3,263.3,267.2,257.06,16176,393.1017,26.0513,0.06627114560939319
105,2020-06-12,262.29,258.97,263.6,253.3,11496,357.8632,23.716,0.06627113377402315
106,2020-06-15,260.3,262.3,269.05,256.3,10913,368.7501,24.4375,0.06627116846883567
107,2020-06-16,265.18,263.3,265.51,261.36,11423,359.3363,23.8136,0.06627106696428944
108,2020-06-17,264.29,262.3,264.61,257.82,8831,331.2559,21.9527,0.06627112151059045
109,2020-06-18,263.3,273.28,275.3,260.39,15922,324.1898,21.4844,0.06627105479567834
110,2020-06-19,272.56,282.0,282.0,270.47,11941,314.1546,20.8194,0.06627119259116372
111,2020-06-22,285.85,288.14,296.9,285.85,16376,301.5184,19.9819,0.06627091414653302
112,2020-06-23,286.3,312.54,318.3,286.3,18065,302.6692,20.0582,0.06627103121163302
113,2020-06-24,315.3,320.72,341.08,312.67,18710,301.5184,19.9819,0.06627091414653302
114,2020-06-29,318.8,311.26,325.8,308.41,15958,297.6861,19.728,0.06627114937513039
115,2020-06-30,311.9,341.88,342.3,311.9,15119,302.6692,20.0582,0.06627103121163302
116,2020-07-01,343.3,329.1,343.72,313.31,17618,297.4905,19.715,0.06627102378059131
117,2020-07-02,328.4,316.3,329.3,313.3,16463,296.0519,19.6197,0.06627115043004285
118,2020-07-03,319.27,316.0,324.78,304.57,20504,290.3093,19.2391,0.06627104264313957
119,2020-07-06,312.28,341.24,349.2,309.03,22744,298.7449,19.7981,0.06627092211448632
120,2020-07-07,339.3,357.29,372.8,329.5,21755,305.2241,20.2275,0.06627097925753568
121,2020-07-08,356.1,364.33,368.95,346.38,13199,313.1648,20.7538,0.06627117734815662
122,2020-07-09,355.3,390.98,398.3,355.3,20987,322.2334,21.3547,0.06627090798160588
123,2020-07-10,390.2,391.3,415.85,380.97,17506,323.5569,20.9628,0.06478860441548304
124,2020-07-13,388.68,435.16,436.3,387.48,15096,307.8135,19.9428,0.06478858139750206
125,2020-07-14,431.78,410.3,434.3,401.3,28797,304.1078,19.7027,0.06478853880104357
126,2020-07-15,410.3,410.3,435.8,401.3,19654,309.3095,20.0398,0.06478882801853807
127,2020-07-16,414.85,375.17,418.27,360.41,32354,313.5906,20.3171,0.06478861292398433
128,2020-07-17,372.5,348.95,376.08,344.19,33192,307.0769,19.8951,0.06478865717349627
129,2020-07-20,355.31,353.5,357.3,322.3,25119,314.2006,20.3566,0.06478854591620767
130,2020-07-21,354.3,368.94,376.18,354.3,18918,310.7251,20.1315,0.06478877953535134
131,2020-07-22,370.3,384.29,398.3,365.49,22752,326.4915,21.153,0.06478882298620332
132,2020-07-23,380.32,398.1,398.8,380.32,14850,332.4298,21.5377,0.06478871629438757
133,2020-07-24,390.3,384.3,398.8,364.16,20088,308.4464,19.9838,0.06478856618200116
134,2020-07-27,384.8,352.34,385.3,350.98,20275,304.6026,19.7348,0.0647886787571741
135,2020-07-28,357.42,365.08,366.9,353.31,11351,296.9151,19.2367,0.06478855403446979
136,2020-07-29,363.39,382.6,389.3,362.32,14027,303.095,19.6371,0.06478859763440505
137,2020-07-30,387.3,380.28,396.3,373.3,12032,295.8793,19.1696,0.06478858101935485
138,2020-07-31,380.28,393.29,394.58,376.26,11842,301.5184,19.535,0.06478874921066177
139,2020-08-03,398.33,425.3,433.68,388.51,17429,316.3296,20.4946,0.06478875198527105
140,2020-08-04,420.3,409.2,430.3,398.8,14934,308.6881,19.9995,0.06478869771785825
141,2020-08-05,428.3,409.78,436.3,405.4,15787,306.1217,19.8332,0.06478861184947034
142,2020-08-06,409.79,400.3,410.9,390.4,11650,302.0708,19.5708,0.06478878461605689
143,2020-08-07,394.3,393.3,400.3,373.3,16831,290.2287,18.8035,0.06478856157230488
144,2020-08-10,399.22,400.28,423.88,385.6,20236,294.2681,19.4243,0.06600885383091133
145,2020-08-11,395.15,378.3,400.2,378.3,13308,285.0615,18.8165,0.06600856306446153
146,2020-08-12,378.3,365.3,379.72,352.59,22692,285.4182,18.8401,0.06600875487267455
147,2020-08-13,370.3,366.62,374.94,360.33,9367,291.3911,19.2344,0.0660088794750423
148,2020-08-14,368.3,370.29,372.3,356.31,12981,285.798,18.8652,0.06600885940419457
149,2020-08-17,366.8,360.3,368.3,351.4,17784,291.1379,19.2176,0.06600858218734147
150,2020-08-18,362.3,378.3,378.88,358.3,15945,289.3426,19.0991,0.06600860018538576
151,2020-08-19,390.41,371.3,392.31,365.8,17086,281.1602,18.559,0.06600863137812536
152,2020-08-20,364.3,351.2,366.1,346.3,18748,272.3793,17.9794,0.06600868715060211
153,2020-08-21,355.3,356.3,368.9,350.92,11843,273.0813,18.0257,0.06600854763764491
154,2020-08-24,363.18,348.3,363.8,343.25,17728,259.1677,17.1073,0.06600861141261043
155,2020-08-25,348.31,332.55,351.98,331.7,23020,252.4929,16.6667,0.06600858875635711
156,2020-08-26,327.3,330.09,345.2,325.98,15761,256.9236,16.9592,0.06600872788642226
157,2020-08-27,335.3,339.66,345.01,330.97,12205,270.0316,17.8244,0.0660085708487451
158,2020-08-28,339.24,319.33,339.3,314.18,27486,273.1964,18.0333,0.0660085564817106
159,2020-08-31,323.3,331.17,342.0,319.81,23686,287.7084,18.9913,0.06600884784733431
160,2020-09-01,329.55,332.83,338.37,323.8,10868,278.4557,18.3805,0.06600870443664827
161,2020-09-02,336.86,350.15,350.28,336.3,18381,281.3788,18.5735,0.06600888197689378
162,2020-09-03,350.31,323.2,350.31,321.18,32007,260.5027,17.1954,0.06600852889432623
163,2020-09-04,313.3,310.36,320.18,306.1,27869,258.3621,17.0542,0.066008907653251
164,2020-09-07,310.3,315.07,324.0,305.41,19691,253.1834,16.7123,0.06600867197454494
165,2020-09-08,311.51,307.94,317.26,295.8,21459,282.8749,18.6722,0.06600868440430734
166,2020-09-09,302.4,299.0,306.3,291.3,14723,287.1675,18.9556,0.06600886242349847
167,2020-09-10,300.46,296.05,305.74,292.53,20087,271.4701,17.9194,0.06600874276761971
168,2020-09-11,296.94,305.47,308.3,294.38,12249,323.4915,16.5537,0.05117197824363237
169,2020-09-14,312.47,325.2,330.8,312.47,31713,317.5559,16.25,0.05117209285042413
170,2020-09-15,320.55,330.48,335.3,320.3,14638,338.3305,17.313,0.051171857104222056
171,2020-09-16,329.68,324.3,330.2,318.71,10276,339.3693,17.3662,0.051171982851719346
172,2020-09-17,322.44,331.4,338.3,316.1,14542,329.5755,16.865,0.051171886259749284
173,2020-09-18,333.3,334.29,337.53,325.31,11371,322.0076,16.4778,0.05117208413714458
174,2020-09-21,335.39,329.04,337.3,326.53,10635,311.917,15.9614,0.05117194638317245
175,2020-09-22,326.3,328.6,334.87,320.08,19067,330.9555,16.9357,0.05117213643526094
176,2020-09-23,332.3,329.17,337.3,325.3,18403,319.8114,16.3654,0.05117203451784396
177,2020-09-24,326.1,319.3,327.3,317.42,13913,314.6177,16.0996,0.05117194614289024
178,2020-09-25,320.35,307.78,320.35,302.3,14341,339.8144,17.389,0.051172051566973034
179,2020-09-28,308.3,307.96,311.18,303.5,12017,338.0486,17.2986,0.05117193208313834
180,2020-09-29,310.18,320.3,322.38,310.17,20377,366.5248,18.7558,0.05117198072272326
181,2020-09-30,321.69,330.3,335.85,318.7,23770,370.2197,18.9449,0.051172047300562344
182,2020-10-09,339.3,349.3,350.16,333.3,24393,381.7348,19.5341,0.051171913066348676
183,2020-10-12,351.3,354.3,355.3,341.31,20593,400.6546,20.5023,0.05117200701052727
184,2020-10-13,351.85,352.13,357.17,349.8,11793,370.1752,18.9426,0.05117198558952625
185,2020-10-14,349.3,352.18,358.3,347.35,11846,349.4895,17.8841,0.051172066685837486
186,2020-10-15,352.29,341.1,354.27,341.1,12507,347.694,18.4017,0.05292498576334363
187,2020-10-16,342.3,335.55,344.55,335.55,8844,329.4271,17.4349,0.05292491115636813
188,2020-10-19,337.98,328.3,341.49,326.88,11246,343.5242,18.181,0.05292494677230891
189,2020-10-20,329.44,335.44,336.29,325.55,7662,351.5076,18.6035,0.052924886972571854
190,2020-10-21,333.3,324.28,337.33,321.88,11724,337.737,17.8747,0.05292490902684633
191,2020-10-22,324.3,323.18,325.21,316.46,7359,331.2078,17.5292,0.052925082078381
192,2020-10-23,323.43,300.3,326.3,297.3,22896,340.8532,18.0397,0.05292513023201777
193,2020-10-26,295.3,303.29,308.4,284.39,15299,340.8532,18.0397,0.05292513023201777
194,2020-10-27,310.3,324.1,325.8,302.48,21800,329.4271,17.4349,0.05292491115636813
195,2020-10-28,325.3,320.61,328.08,319.3,14114,323.4915,17.1208,0.05292503821584184
196,2020-10-29,318.37,326.28,328.39,311.3,16237,327.2012,17.3171,0.05292492814818528
197,2020-10-30,327.42,327.81,337.45,321.41,14943,342.7823,18.1418,0.05292513644957747
198,2020-11-02,325.8,325.3,330.3,311.52,17014,318.9804,16.882,0.05292488190496972
199,2020-11-03,326.54,339.3,340.78,324.17,14619,336.7279,17.8213,0.05292492840658586
200,2020-11-04,339.34,338.37,343.23,334.3,10216,363.5569,19.2413,0.0529251404663204
201,2020-11-05,340.3,343.91,349.18,334.3,13359,317.5559,16.8066,0.05292485511999619
202,2020-11-06,347.6,339.3,347.6,336.53,8250,314.5139,16.6456,0.052924846882760994
203,2020-11-09,340.26,335.75,340.26,324.3,20092,306.1001,16.2003,0.05292484386643454
204,2020-11-10,328.41,301.6,328.41,299.81,34569,255.0834,13.5003,0.052925043338766846
205,2020-11-11,302.01,291.0,303.3,287.3,25218,266.3611,14.0972,0.05292514560121579
206,2020-11-12,294.29,297.63,304.3,291.4,10590,273.0387,14.4506,0.05292509816374016
207,2020-11-13,295.4,296.3,309.3,292.47,14109,252.264,13.3511,0.05292511020201059
208,2020-11-16,307.39,302.73,309.96,295.3,20511,263.9869,13.9715,0.05292497468624391
209,2020-11-17,303.29,299.95,308.2,297.3,11306,271.5548,14.372,0.05292486083840168
210,2020-11-18,303.31,314.14,318.48,302.19,17476,249.593,13.2097,0.052924961837872056
211,2020-11-19,315.97,328.7,337.16,314.27,18984,245.1116,12.9725,0.05292487177269456
212,2020-11-20,330.3,314.82,331.2,312.52,21697,238.1817,12.6058,0.05292514076438282
213,2020-11-23,314.83,318.37,319.67,302.3,14947,229.6641,12.155,0.052925119772746373
214,2020-11-24,308.5,317.79,321.48,307.19,10057,231.89,12.2728,0.05292509379447152
215,2020-11-25,320.94,306.67,320.94,303.33,12099,232.9732,12.3301,0.05292497162763786
216,2020-11-26,305.3,310.63,315.29,305.3,9690,220.82,11.6869,0.052925006792862966
217,2020-11-27,314.3,315.15,327.28,308.29,12286,227.0079,12.0144,0.05292503036237946
218,2020-11-30,314.07,321.38,323.88,310.83,17181,226.726,11.9995,0.05292511666063883
219,2020-12-01,323.0,325.3,333.2,317.18,12934,222.5859,11.7804,0.052925185288016895
