,日期,开盘,收盘,最高,最低,成交量,pe,pb,roe
0,2020-02-21,470.0,500.1,538.88,448.03,112927,73.2861,8.6684,0.1182816386736366
1,2020-02-24,487.13,462.0,494.97,458.0,50303,67.48,7.9816,0.1182809721398933
2,2020-02-25,440.0,468.99,477.0,435.06,34847,66.5816,7.8754,0.11828192773979598
3,2020-02-26,461.0,443.01,465.0,438.0,26776,66.7639,7.8969,0.11828098718019767
4,2020-02-27,446.47,418.16,446.47,417.17,25818,66.7639,7.8969,0.11828098718019767
5,2020-02-28,410.0,433.0,442.5,404.0,25877,69.6592,8.2394,0.11828157659002687
6,2020-03-02,433.39,443.63,447.65,422.0,18853,68.0812,8.0527,0.11828081761191049
7,2020-03-03,449.88,432.1,453.04,432.03,16556,71.1069,8.4106,0.11828106695693387
8,2020-03-04,424.4,421.52,427.0,415.01,13566,68.9933,8.1606,0.11828105047881461
9,2020-03-05,426.68,435.23,444.0,426.68,13441,66.3789,7.8514,0.11828156236394397
10,2020-03-06,429.59,458.03,468.0,426.05,19537,70.4836,8.3369,0.11828141581871528
11,2020-03-09,450.0,438.88,452.14,438.88,12472,71.7899,8.4914,0.11828126240599304
12,2020-03-10,438.89,447.63,447.98,422.2,15281,73.9078,8.7419,0.11828115571022274
13,2020-03-11,445.01,431.0,448.0,430.11,10089,72.2395,8.5446,0.11828154956775726
14,2020-03-12,421.0,416.59,424.4,413.02,9767,72.4192,8.5658,0.11828078741549201
15,2020-03-13,390.0,404.5,412.85,388.01,9841,73.9597,8.748,0.11828063120861766
16,2020-03-16,409.5,374.97,409.66,374.18,12107,75.2141,8.8964,0.11828101379927433
17,2020-03-17,381.0,365.92,384.9,348.28,11200,75.9609,8.9848,0.1182819055593075
18,2020-03-18,367.99,348.5,372.55,348.01,8982,73.832,8.7329,0.1182806912991657
19,2020-03-19,346.0,348.0,353.0,333.39,10543,72.9846,8.6327,0.11828111683834672
20,2020-03-20,351.99,351.19,353.99,345.0,6229,70.8506,8.3803,0.11828128484444733
21,2020-03-23,340.0,326.16,340.0,325.57,8155,72.3817,8.5614,0.118281278278902
22,2020-03-24,335.1,332.09,337.45,319.6,6319,69.1466,8.1787,0.11828058067931031
23,2020-03-25,338.0,345.7,355.1,338.0,9481,57.6221,7.299,0.1266701491268107
24,2020-03-26,340.22,335.2,343.0,332.45,5476,56.6284,7.1731,0.1266696569212621
25,2020-03-27,338.89,329.83,342.99,327.41,6589,53.9944,6.8394,0.12666869156801447
26,2020-03-30,319.5,344.0,345.49,315.11,11441,55.6048,7.0434,0.12666892066871926
27,2020-03-31,343.15,345.5,351.69,343.07,6356,51.1152,6.4747,0.12666877954111497
28,2020-04-01,345.0,340.12,351.51,338.1,5203,57.5668,7.292,0.12667023353738613
29,2020-04-02,340.2,348.5,349.62,335.0,6656,58.2992,7.3847,0.12666897658973023
30,2020-04-03,347.67,338.0,347.67,338.0,5999,57.8103,7.3228,0.12666946893546652
31,2020-04-07,343.0,340.0,347.59,340.0,6001,57.9159,7.3362,0.12666987821997067
32,2020-04-08,338.0,333.59,338.5,333.51,4416,56.7161,7.1842,0.12666949948956294
33,2020-04-09,335.9,335.9,338.58,333.9,3537,57.2994,7.2581,0.1266697382520585
34,2020-04-10,337.0,322.6,337.0,321.0,4888,57.4527,7.2775,0.1266694167550002
35,2020-04-13,319.01,320.0,325.94,315.26,4670,54.077,6.8499,0.12666937884867874
36,2020-04-14,320.05,328.64,329.7,319.0,3250,52.2018,6.6124,0.12666996157220634
37,2020-04-15,328.0,331.44,337.8,327.11,4191,52.1593,6.607,0.12666964472299283
38,2020-04-16,332.5,331.0,333.95,325.3,2051,51.0437,6.4657,0.12666989266060258
39,2020-04-17,332.71,331.02,336.55,328.2,2940,50.887,6.4458,0.12666889382356988
40,2020-04-20,328.0,322.58,330.0,320.08,4391,47.8503,6.0612,0.12667005222537792
41,2020-04-21,320.0,319.2,323.48,318.05,2392,49.2877,6.2433,0.12667054863586655
42,2020-04-22,318.15,326.7,329.48,316.73,3838,49.6156,6.2848,0.1266698377123324
43,2020-04-23,326.7,349.22,355.6,326.7,8352,51.0096,6.4614,0.12667027383080834
44,2020-04-24,350.0,366.57,369.52,343.22,11004,50.0899,6.3449,0.12667024689608083
45,2020-04-27,365.01,360.18,375.66,358.8,5890,50.5838,6.4074,0.12666901260877989
46,2020-04-28,350.0,339.34,351.8,316.2,11076,50.3275,6.375,0.12667030947295216
47,2020-04-29,333.11,339.38,348.6,330.33,5100,46.7509,5.9219,0.12666921920219718
48,2020-04-30,342.52,376.0,380.0,342.0,10745,46.4094,5.8787,0.12667045900184015
49,2020-05-06,368.99,384.7,386.7,366.81,7926,43.3454,5.4905,0.1266685738279033
50,2020-05-07,382.0,368.58,384.0,368.28,5604,44.9821,5.6979,0.1266703866649178
51,2020-05-08,372.0,374.7,376.88,370.0,5958,43.686,5.5337,0.1266698713546674
52,2020-05-11,374.7,365.37,378.0,364.7,4290,42.4342,5.3751,0.12666905467759496
53,2020-05-12,365.37,357.99,367.59,349.0,5844,42.7493,5.415,0.12666874077470275
54,2020-05-13,356.33,372.92,374.97,356.0,6177,43.2432,5.4776,0.12666962666962667
55,2020-05-14,372.5,374.59,376.0,369.8,4065,41.793,5.2939,0.12666953796090255
56,2020-05-15,375.14,376.62,383.0,373.3,4726,41.8747,5.3043,0.12667075823826798
57,2020-05-18,378.83,364.98,382.39,361.13,6145,41.8918,5.3064,0.1266691810807843
58,2020-05-19,371.0,382.7,385.0,365.34,6672,42.0663,5.3285,0.12666909141046395
59,2020-05-20,384.51,392.2,400.0,381.13,10088,41.3016,5.2317,0.12667063745714452
60,2020-05-21,393.01,387.99,404.69,386.03,7630,39.5985,5.3024,0.13390406202255134
61,2020-05-22,388.9,380.08,398.0,373.1,6263,33.8946,4.5386,0.13390333563458487
62,2020-05-25,380.0,377.3,383.3,370.18,4540,34.3008,4.593,0.13390358242373354
63,2020-05-26,384.0,399.62,399.75,381.51,7075,34.1994,4.5794,0.13390293396960182
64,2020-05-27,398.5,388.43,404.0,387.33,5018,35.5875,4.7653,0.13390375834211452
65,2020-05-28,389.0,383.38,391.98,375.65,4846,36.4451,4.8801,0.13390277430985237
66,2020-05-29,383.39,393.5,398.5,382.04,6091,35.0153,4.6887,0.13390432182503076
67,2020-06-01,398.1,405.79,412.88,398.0,7448,34.8151,4.6619,0.13390454142024583
68,2020-06-02,405.97,405.78,408.88,400.11,4235,34.7853,4.6579,0.1339042641575608
69,2020-06-03,408.0,400.0,413.12,398.0,4229,35.8924,4.8061,0.1339029989635689
70,2020-06-04,401.12,404.39,408.3,398.0,3197,35.7229,4.7834,0.13390290261988808
71,2020-06-05,402.0,392.8,403.0,391.05,4849,36.9415,4.9466,0.13390360434741416
72,2020-06-08,393.0,377.55,398.2,377.0,8768,37.4695,5.0173,0.1339035749075915
73,2020-06-09,378.55,377.6,383.0,370.8,4106,36.1164,4.8361,0.13390315756830692
74,2020-06-10,373.36,374.05,385.0,373.36,3311,35.5577,4.7613,0.13390348644597375
75,2020-06-11,373.0,371.68,378.8,370.0,3373,33.8869,4.5376,0.1339042520856142
76,2020-06-12,364.9,367.0,369.88,361.3,3414,34.4609,4.6144,0.13390248078256806
77,2020-06-15,366.65,370.98,377.77,362.01,3318,35.8813,4.8046,0.13390261779812881
78,2020-06-16,375.0,375.48,376.98,366.11,5111,35.6386,4.7722,0.1339053722649038
79,2020-06-17,375.5,373.8,377.0,369.28,3779,33.978,4.5498,0.13390429101183118
80,2020-06-18,372.99,375.88,376.5,371.01,3600,33.8929,4.5384,0.13390415101687966
81,2020-06-19,375.99,383.9,385.6,373.4,4326,33.3308,4.4631,0.13390317664142473
82,2020-06-22,388.0,375.47,388.0,372.01,6317,33.3819,4.47,0.13390490055988424
83,2020-06-23,374.8,371.77,375.45,368.28,4767,33.8137,4.5278,0.13390430505978348
84,2020-06-24,370.26,376.69,379.02,369.0,5684,32.7466,4.3849,0.1339039778175444
85,2020-06-29,373.5,368.99,376.51,366.5,4331,32.5499,4.3586,0.13390517328778276
86,2020-06-30,371.8,376.9,379.52,369.13,4691,32.1216,4.3012,0.13390366606893803
87,2020-07-01,384.4,405.67,408.8,384.0,11901,34.0632,4.5612,0.13390403720143734
88,2020-07-02,400.98,406.5,407.86,399.0,6273,34.4038,4.6068,0.13390381295089496
89,2020-07-03,407.25,400.11,410.8,393.3,5057,34.5997,4.633,0.13390289511180734
90,2020-07-06,395.61,417.0,423.98,395.6,8736,34.6005,4.6331,0.13390268926749613
91,2020-07-07,418.0,437.0,445.99,411.16,11112,32.3668,4.334,0.13390264097779206
92,2020-07-08,433.49,443.0,449.5,431.3,6038,32.8752,4.4021,0.1339033678882562
93,2020-07-09,438.5,454.2,458.0,438.31,7201,35.2682,4.7225,0.13390249573269972
94,2020-07-10,452.0,440.0,454.79,435.0,5770,36.8734,4.9375,0.13390411516160702
95,2020-07-13,439.1,442.36,450.98,439.0,5268,37.5002,5.0214,0.13390328584914213
96,2020-07-14,442.5,435.0,451.99,430.0,6940,37.2992,4.9945,0.13390367621825672
97,2020-07-15,433.5,416.15,441.9,407.8,8953,38.6788,5.0638,0.1309192632656649
98,2020-07-16,421.93,388.05,422.22,386.99,6150,37.725,4.9389,0.13091848906560635
99,2020-07-17,380.0,382.08,396.98,378.0,5255,37.214,4.872,0.1309184715429677
100,2020-07-20,384.2,408.31,414.0,382.08,5490,35.5109,4.649,0.13091754925952315
101,2020-07-21,407.8,408.3,411.08,400.99,3438,34.0726,4.4607,0.1309175114314728
102,2020-07-22,403.8,406.0,414.0,403.0,3067,34.6167,4.532,0.13091946950460326
103,2020-07-23,405.5,402.0,405.5,387.0,6197,34.546,4.5227,0.13091819602848379
104,2020-07-24,399.0,379.2,399.0,378.0,4954,32.096,4.202,0.13091974077766702
105,2020-07-27,380.88,384.23,391.03,378.51,2891,31.4224,4.1138,0.1309193441621264
106,2020-07-28,388.0,386.54,390.95,383.22,2162,32.0782,4.1996,0.13091757018785344
107,2020-07-29,386.5,399.07,401.0,380.89,3738,31.6592,4.1448,0.13091929044322032
108,2020-07-30,398.96,394.0,404.8,392.0,4056,31.9743,4.186,0.13091764323222088
109,2020-07-31,390.55,393.4,398.88,388.5,4740,32.6921,4.28,0.1309184787762181
110,2020-08-03,382.0,400.0,401.78,379.41,7130,32.0092,4.1906,0.13091861089936643
111,2020-08-04,399.0,401.0,403.98,393.1,5214,31.8321,4.1674,0.13091816122718888
112,2020-08-05,403.44,420.5,424.44,395.13,6299,31.9751,4.1861,0.13091749517593376
113,2020-08-06,421.99,423.35,425.93,417.02,4440,31.5919,4.136,0.13091963446326432
114,2020-08-07,423.34,406.67,423.35,405.0,4562,31.253,4.0916,0.1309186318113461
115,2020-08-10,404.67,399.93,410.17,392.01,3330,31.6515,4.1438,0.1309195456771401
116,2020-08-11,402.52,419.55,424.9,397.66,8163,31.8533,4.1702,0.13091893147648753
117,2020-08-12,420.35,426.11,428.66,413.41,5257,32.1557,4.2098,0.13091924604346974
118,2020-08-13,425.88,442.0,446.0,419.0,6538,32.1514,4.2092,0.1309180937688561
119,2020-08-14,441.0,435.8,446.64,432.25,3837,33.4501,4.3792,0.130917396360549
120,2020-08-17,435.39,421.49,440.57,411.66,5456,34.437,4.5084,0.13091732729331823
121,2020-08-18,420.99,423.48,428.0,415.0,2581,34.0632,4.4595,0.13091841048404143
122,2020-08-19,420.0,410.48,424.75,409.78,2231,34.5554,4.5239,0.1309173095956059
123,2020-08-20,406.55,410.83,415.99,403.31,1661,34.5563,4.524,0.13091679375396092
124,2020-08-21,406.5,413.18,418.86,394.0,7162,33.5097,4.387,0.13091731647851218
125,2020-08-24,410.95,429.97,436.9,410.29,4682,32.6479,4.2742,0.13091806823716076
126,2020-08-25,426.65,419.9,433.78,418.94,2486,33.0779,4.3305,0.13091822636866307
127,2020-08-26,415.22,403.6,421.99,400.58,2417,34.0308,4.4553,0.13091963750484856
128,2020-08-27,411.85,404.79,411.85,400.56,1580,32.1301,4.2064,0.13091773757317907
129,2020-08-28,403.01,400.02,405.89,398.8,2328,32.3668,4.2374,0.13091810126425846
130,2020-08-31,429.0,467.0,479.62,429.0,16913,33.0404,4.3256,0.13091851188242273
131,2020-09-01,481.0,487.0,498.0,470.2,13881,33.399,4.3725,0.13091709332614748
132,2020-09-02,480.96,495.98,509.09,480.96,8453,32.59,4.2666,0.13091745934335686
133,2020-09-03,498.38,493.93,504.0,483.01,4882,31.081,4.0691,0.13091921109359414
134,2020-09-04,485.49,493.73,497.98,480.0,2854,32.0722,4.1988,0.13091711825194405
135,2020-09-07,491.15,492.77,508.66,482.88,4686,31.8993,4.1762,0.1309182333154646
136,2020-09-08,492.05,509.8,522.43,492.05,8521,31.7571,4.1576,0.1309187551760079
137,2020-09-09,509.2,504.0,524.96,497.0,6848,30.4857,3.9911,0.13091711851786247
138,2020-09-10,505.71,500.3,514.38,487.02,4757,31.1142,4.0734,0.1309177160267659
139,2020-09-11,500.73,515.0,519.0,495.0,4373,31.9087,4.1774,0.1309172733455139
140,2020-09-14,524.13,530.22,532.5,514.09,4950,31.3875,4.1092,0.1309183592194345
141,2020-09-15,526.98,511.0,540.0,507.4,4443,32.7603,4.2889,0.13091760453964096
142,2020-09-16,516.09,546.98,550.0,511.0,5376,32.0194,4.1919,0.1309175062618288
143,2020-09-17,546.9,550.99,558.48,538.0,4857,28.9009,3.7837,0.13091979834538026
144,2020-09-18,550.99,592.99,597.01,541.99,8284,28.8975,3.8653,0.13375897568993858
145,2020-09-21,599.4,596.0,599.4,572.1,3994,78.0655,4.2439,0.0543633231068782
146,2020-09-22,595.98,590.2,597.98,572.33,4183,79.4505,4.3192,0.05436340866325574
147,2020-09-23,588.88,601.0,605.0,573.0,4328,75.69,4.1148,0.05436385255648038
148,2020-09-24,595.81,584.63,609.01,579.37,3030,70.8091,3.8494,0.054363069153541
149,2020-09-25,582.0,580.78,595.2,578.99,2375,69.1835,3.7611,0.05436411861209682
150,2020-09-28,586.98,563.9,590.07,557.02,3276,69.9161,3.8009,0.05436373024239052
151,2020-09-29,570.49,599.56,609.0,562.21,3730,71.7454,3.9003,0.05436306717921985
152,2020-09-30,609.0,601.4,618.99,592.03,2681,71.741,3.9001,0.054363613554313434
153,2020-10-09,615.0,614.5,616.44,596.4,2205,71.8364,3.9053,0.0543638044222706
154,2020-10-12,612.0,615.0,617.0,598.32,3217,71.2295,3.8723,0.054363711664408704
155,2020-10-13,618.0,637.02,668.68,606.01,4936,69.3569,3.7705,0.054363733096490764
156,2020-10-14,640.33,676.66,683.65,630.0,4001,69.9204,3.8011,0.05436324734984353
157,2020-10-15,674.35,674.86,697.76,663.2,3573,72.8031,3.9578,0.0543630697044494
158,2020-10-16,668.08,668.01,689.72,663.1,3266,72.3024,3.9306,0.05436334063599548
159,2020-10-19,680.65,682.1,706.99,669.01,4614,73.6917,4.0062,0.0543643313968873
160,2020-10-20,689.78,680.86,700.98,671.43,3637,73.2582,3.9826,0.05436388008441376
161,2020-10-21,686.33,686.6,690.87,665.01,2271,75.534,4.1063,0.05436359784997484
162,2020-10-22,683.22,678.0,700.9,671.5,3200,73.7177,4.0076,0.0543641486373015
163,2020-10-23,682.0,602.24,682.0,558.01,10740,74.8838,4.071,0.05436422831106327
164,2020-10-26,605.12,654.96,658.0,592.0,7459,74.5587,4.0533,0.054363877052577364
165,2020-10-27,642.07,636.05,686.99,604.37,6918,71.4875,3.8863,0.054363350236055256
166,2020-10-28,639.0,666.98,668.98,619.01,4809,72.6513,3.9496,0.05436378977389255
167,2020-10-29,649.01,678.65,685.76,648.98,3520,74.9271,4.0733,0.05436350799643921
168,2020-10-30,753.0,813.98,813.98,753.0,10000,71.9773,3.913,0.05436436209749462
169,2020-11-02,803.01,851.97,851.97,802.13,8460,70.692,3.8431,0.0543640015843377
170,2020-11-03,848.21,833.99,867.6,818.1,4672,76.117,4.138,0.05436367697097888
171,2020-11-04,834.0,859.05,868.0,820.0,4667,75.4256,4.1004,0.054363505228993865
172,2020-11-05,877.46,869.0,884.0,843.0,3945,75.534,4.1063,0.05436359784997484
173,2020-11-06,861.8,894.0,894.0,849.0,3403,79.3096,4.3116,0.054364162724310806
174,2020-11-09,892.0,885.23,935.0,872.13,5078,81.2711,4.4182,0.054363728311786104
175,2020-11-10,873.16,870.5,879.7,808.0,5447,87.6715,4.7661,0.0543631624872393
176,2020-11-11,875.26,852.41,921.98,844.08,5098,90.2918,4.9086,0.05436374067191041
177,2020-11-12,829.36,850.3,887.0,825.01,4351,93.4151,5.0784,0.05436380199774983
178,2020-11-13,841.22,869.89,875.0,837.0,2369,97.0195,5.2743,0.05436329809986653
179,2020-11-16,862.2,845.02,880.0,843.5,2302,95.123,5.1712,0.05436329804568821
180,2020-11-17,848.0,829.68,857.5,810.89,3515,99.2736,5.3969,0.05436389936498726
181,2020-11-18,829.99,781.48,829.99,753.0,6777,94.3319,5.1282,0.05436337018548338
182,2020-11-19,794.88,812.18,827.0,762.01,3824,91.3604,4.9667,0.0543638162705067
183,2020-11-20,820.0,837.0,850.88,812.08,3897,93.6535,5.0914,0.0543642255761931
184,2020-11-23,840.0,801.47,840.0,790.88,4563,96.1525,5.2272,0.05436364109097527
185,2020-11-24,802.13,820.0,837.0,792.03,2845,93.8485,5.102,0.05436421466512518
186,2020-11-25,827.33,786.0,827.33,782.95,2825,90.6321,4.9271,0.054363740882093656
187,2020-11-26,794.73,786.0,800.18,752.21,3300,96.0181,5.2199,0.054363708509124836
188,2020-11-27,784.17,783.86,789.94,765.03,1873,101.649,5.526,0.05436354514063099
189,2020-11-30,790.18,794.41,811.0,774.97,3755,100.134,5.4437,0.054364152036271395
190,2020-12-01,793.01,862.59,870.0,787.01,4533,108.3918,5.8926,0.0543638909954443
