,日期,开盘,收盘,最高,最低,成交量,pe,pb,roe
0,2020-04-20,9.5,10.91,11.09,8.96,3200627,0.0,10.5264,inf
1,2020-04-21,10.2,10.38,11.06,10.09,2129745,0.0,10.4965,inf
2,2020-04-22,10.6,11.8,12.31,10.6,1978052,0.0,10.2513,inf
3,2020-04-23,11.71,11.27,12.14,11.11,1553910,0.0,10.3081,inf
4,2020-04-24,11.06,11.3,11.56,10.71,1131735,0.0,10.2364,inf
5,2020-04-27,11.38,11.76,12.5,11.16,1278194,0.0,10.341,inf
6,2020-04-28,11.58,13.5,13.58,11.57,1634033,0.0,10.0181,inf
7,2020-04-29,13.65,13.2,13.84,12.91,1075792,0.0,9.9044,inf
8,2020-04-30,13.4,15.84,15.84,13.21,1197874,0.0,9.9822,inf
9,2020-05-06,16.1,19.01,19.01,16.1,1429353,0.0,9.8715,inf
10,2020-05-07,19.42,17.66,20.1,17.2,2058301,0.0,10.045,inf
11,2020-05-08,17.38,17.72,18.35,16.75,1523566,0.0,10.1676,inf
12,2020-05-11,17.81,18.27,19.01,17.23,1296186,0.0,10.4038,inf
13,2020-05-12,17.86,17.68,18.13,16.76,1151294,0.0,10.2782,inf
14,2020-05-13,17.49,18.28,19.07,17.41,1191287,0.0,10.4696,inf
15,2020-05-14,18.48,19.2,21.8,18.12,1631113,0.0,11.2202,inf
16,2020-05-15,19.45,19.94,20.56,18.9,1310878,0.0,11.2202,inf
17,2020-05-18,21.01,20.6,21.88,20.19,1355229,0.0,10.1018,inf
18,2020-05-19,20.5,22.7,22.7,20.35,1270107,0.0,9.9433,inf
19,2020-05-20,22.0,23.56,24.68,21.97,1338740,0.0,9.6024,inf
20,2020-05-21,23.89,22.49,24.7,21.57,1349742,0.0,9.5874,inf
21,2020-05-22,22.07,22.76,23.1,21.52,1066037,0.0,9.0432,inf
22,2020-05-25,22.9,22.18,23.52,22.1,995397,0.0,9.5934,inf
23,2020-05-26,22.36,26.21,26.22,22.31,1484494,0.0,10.5759,inf
24,2020-05-27,26.5,27.7,29.35,26.0,1408724,0.0,10.7082,inf
25,2020-05-28,27.0,31.32,31.45,26.3,1285528,0.0,10.7512,inf
26,2020-05-29,30.6,30.8,34.75,29.5,1485884,0.0,10.8173,inf
27,2020-06-01,31.45,33.56,33.65,31.45,1204125,0.0,10.6949,inf
28,2020-06-02,34.53,36.3,36.34,33.15,1000986,0.0,10.9464,inf
29,2020-06-03,35.05,35.22,37.99,34.4,1072095,0.0,11.0324,inf
30,2020-06-04,34.75,30.37,35.58,29.85,1531630,0.0,11.5021,inf
31,2020-06-05,31.0,30.59,31.96,29.04,1259460,0.0,11.7436,inf
32,2020-06-08,30.77,28.39,30.77,27.92,1169490,0.0,11.9289,inf
33,2020-06-09,28.4,32.1,32.38,28.2,1301744,0.0,12.1306,inf
34,2020-06-10,31.4,32.44,33.28,30.82,1110789,0.0,12.2067,inf
35,2020-06-11,32.49,33.63,34.9,32.23,1084540,0.0,12.7062,inf
36,2020-06-12,32.89,32.4,33.97,31.8,907452,0.0,13.0437,inf
37,2020-06-15,31.8,30.9,32.23,30.02,776892,0.0,11.5782,inf
38,2020-06-16,31.48,31.55,33.12,31.27,830060,0.0,11.2672,inf
39,2020-06-17,31.67,30.22,31.67,28.9,916112,0.0,11.5087,inf
40,2020-06-18,29.66,29.87,31.6,29.66,829981,0.0,11.297,inf
41,2020-06-19,29.31,29.87,30.77,28.62,776613,0.0,12.2597,inf
42,2020-06-22,29.73,32.97,33.97,29.6,1250342,0.0,12.7228,inf
43,2020-06-23,32.66,32.39,33.2,32.09,671104,0.0,12.9841,inf
44,2020-06-24,32.82,33.2,35.09,32.82,1012791,0.0,12.6732,inf
45,2020-06-29,33.43,34.22,34.22,32.4,715089,0.0,12.8584,inf
46,2020-06-30,34.79,34.28,35.9,33.89,800022,0.0,13.2951,inf
47,2020-07-01,33.98,33.03,34.27,32.42,749931,0.0,13.3513,inf
48,2020-07-02,32.8,33.11,34.0,32.67,641334,0.0,12.6864,inf
49,2020-07-03,33.53,31.98,33.75,31.08,667070,0.0,12.9775,inf
50,2020-07-06,33.2,38.38,38.38,32.9,1367314,0.0,12.9378,inf
51,2020-07-07,40.98,41.5,45.6,40.01,1501937,0.0,12.9411,inf
52,2020-07-08,41.02,46.56,46.85,41.02,1114702,0.0,12.6831,inf
53,2020-07-09,45.9,47.65,50.18,45.1,1024074,0.0,12.4581,inf
54,2020-07-10,46.2,48.14,49.96,45.51,775836,0.0,12.9709,inf
55,2020-07-13,47.99,57.77,57.77,47.99,887045,0.0,13.6127,inf
56,2020-07-14,58.0,63.9,69.0,55.5,1125557,0.0,14.2511,inf
57,2020-07-15,62.77,51.16,68.15,51.12,1380746,0.0,13.8707,inf
58,2020-07-16,49.46,42.31,49.49,41.2,1237951,0.0,13.8938,inf
59,2020-07-17,42.31,44.19,45.77,42.27,886980,0.0,14.39,inf
60,2020-07-20,45.53,45.67,46.48,41.15,780928,0.0,14.1651,inf
61,2020-07-21,44.95,44.34,47.6,44.3,649788,0.0,14.218,inf
62,2020-07-22,44.39,44.9,46.12,44.2,553667,0.0,17.367,inf
63,2020-07-23,44.0,43.21,44.72,41.06,710930,0.0,14.8991,inf
64,2020-07-24,42.0,37.07,42.35,37.0,871937,0.0,16.0378,inf
65,2020-07-27,37.86,38.2,38.95,37.02,493329,0.0,16.7652,inf
66,2020-07-28,38.87,38.77,39.95,37.7,410744,0.0,16.7043,inf
67,2020-07-29,38.4,46.5,46.5,38.28,978954,0.0,16.8833,inf
68,2020-07-30,46.51,47.88,50.52,44.92,1101713,0.0,16.3615,inf
69,2020-07-31,47.08,51.3,52.8,47.0,994746,0.0,18.6238,inf
70,2020-08-03,53.18,50.83,55.84,50.48,989088,0.0,19.1227,inf
71,2020-08-04,51.67,51.95,53.33,48.23,848328,0.0,19.0009,inf
72,2020-08-05,56.06,53.21,59.6,53.18,868551,0.0,18.6543,inf
73,2020-08-06,51.61,52.78,55.0,51.61,731526,0.0,19.0047,inf
74,2020-08-07,52.35,49.14,52.62,47.5,802410,0.0,18.4562,inf
75,2020-08-10,48.07,50.91,52.36,48.06,631585,0.0,19.3893,inf
76,2020-08-11,50.14,48.46,52.15,48.05,565667,0.0,18.7152,inf
77,2020-08-12,48.6,49.9,50.34,47.02,565590,0.0,20.1015,inf
78,2020-08-13,51.5,48.98,51.88,48.41,445013,0.0,20.2653,inf
79,2020-08-14,48.82,49.89,50.19,48.51,325321,0.0,19.7854,inf
80,2020-08-17,50.18,50.21,50.45,48.38,427785,0.0,19.3589,inf
81,2020-08-18,50.17,48.9,50.72,48.6,352403,0.0,19.5379,inf
82,2020-08-19,48.5,42.96,48.68,42.68,796768,0.0,18.2353,inf
83,2020-08-20,43.0,44.33,45.5,42.11,436661,0.0,17.7098,inf
84,2020-08-21,45.08,43.86,45.44,42.68,338577,0.0,14.7658,inf
85,2020-08-24,44.12,44.02,45.55,40.3,481153,0.0,14.5487,inf
86,2020-08-25,43.98,42.11,44.55,41.88,344306,0.0,14.1183,inf
87,2020-08-26,41.98,39.12,42.5,38.34,508163,0.0,16.4568,inf
88,2020-08-27,38.95,45.6,45.62,38.1,893979,0.0,17.1004,inf
89,2020-08-28,44.0,42.98,44.9,41.58,615497,0.0,16.8871,inf
90,2020-08-31,43.19,42.82,45.23,41.88,493938,0.0,17.3937,inf
91,2020-09-01,42.6,43.5,44.45,41.97,361564,0.0,16.83,inf
92,2020-09-02,43.5,42.0,43.5,42.0,296435,0.0,16.114,inf
93,2020-09-03,41.63,41.93,43.52,40.08,437411,0.0,19.4846,inf
94,2020-09-04,40.99,43.08,44.24,40.5,497266,0.0,24.3366,inf
95,2020-09-07,41.6,41.15,44.16,40.86,433806,0.0,22.002,inf
96,2020-09-08,41.49,39.21,41.76,38.74,403562,0.0,18.3344,inf
97,2020-09-09,38.46,37.66,40.1,36.68,430157,0.0,18.1478,inf
98,2020-09-10,38.82,38.34,40.23,37.68,347806,0.0,17.7326,inf
99,2020-09-11,38.12,39.12,39.43,38.0,278988,0.0,15.8055,inf
100,2020-09-14,40.0,39.11,40.39,38.82,278950,0.0,14.6172,inf
101,2020-09-15,38.84,39.23,40.15,37.52,401058,0.0,12.1798,inf
102,2020-09-16,38.5,38.35,40.01,38.1,259644,0.0,12.6101,inf
103,2020-09-17,38.2,40.36,41.8,37.83,548553,0.0,12.5796,inf
104,2020-09-18,39.98,40.19,40.6,39.64,309520,0.0,13.0557,inf
105,2020-09-21,40.58,38.87,40.87,38.83,238322,0.0,13.0329,inf
106,2020-09-22,38.65,38.31,39.66,38.11,204954,0.0,12.6444,inf
107,2020-09-23,38.68,39.25,39.9,38.3,286221,0.0,12.3359,inf
108,2020-09-24,38.7,38.46,39.77,38.41,213393,0.0,12.5568,inf
109,2020-09-25,38.79,37.06,38.88,37.01,224771,0.0,11.3761,inf
110,2020-09-28,36.19,34.15,36.48,33.79,365485,0.0,11.3761,inf
111,2020-09-29,34.6,34.79,36.15,34.44,275347,0.0,11.5094,inf
112,2020-09-30,35.28,34.06,35.36,34.02,169469,0.0,12.016,inf
113,2020-10-09,35.05,35.0,35.56,34.68,191891,0.0,11.7684,inf
114,2020-10-12,35.2,39.43,40.19,35.2,503815,0.0,12.3397,inf
115,2020-10-13,38.5,38.41,39.0,37.53,347540,0.0,12.8082,inf
116,2020-10-14,38.15,36.9,38.48,36.57,288734,0.0,12.3549,inf
117,2020-10-15,36.83,36.67,38.67,36.65,269036,0.0,12.2255,inf
118,2020-10-16,37.7,36.06,37.98,35.43,215276,0.0,10.8125,inf
119,2020-10-19,35.57,35.5,36.65,35.38,206584,0.0,11.6504,inf
120,2020-10-20,34.91,34.77,34.93,31.73,536758,0.0,11.5666,inf
121,2020-10-21,34.38,33.35,34.69,33.17,225333,0.0,13.4137,inf
122,2020-10-22,33.05,33.09,34.2,32.4,204091,0.0,13.825,inf
123,2020-10-23,32.94,32.33,33.45,32.11,164491,0.0,12.7815,inf
124,2020-10-26,31.98,32.7,33.25,31.8,152376,0.0,11.7303,inf
125,2020-10-27,32.77,32.5,33.0,31.95,150298,0.0,11.9284,inf
126,2020-10-28,32.58,32.37,33.2,32.05,174459,0.0,10.5497,inf
127,2020-10-29,31.4,31.97,32.58,30.94,214012,0.0,9.9822,inf
128,2020-10-30,32.66,32.08,34.42,32.01,432224,0.0,8.4474,inf
129,2020-11-02,32.45,30.24,32.8,29.86,360474,0.0,8.6683,inf
130,2020-11-03,30.5,32.06,32.89,30.25,370632,0.0,8.5654,inf
131,2020-11-04,32.2,32.11,33.1,31.8,247907,0.0,8.9729,inf
132,2020-11-05,33.3,33.25,34.58,32.85,312994,0.0,8.6454,inf
133,2020-11-06,33.7,33.78,33.97,32.6,287657,0.0,7.8456,inf
134,2020-11-09,34.96,37.52,38.75,34.7,707529,0.0,7.5943,inf
135,2020-11-10,36.74,37.52,38.75,36.1,476616,0.0,7.3124,inf
136,2020-11-11,37.4,35.01,37.94,35.0,364411,0.0,6.962,inf
137,2020-11-12,35.9,34.37,36.18,34.06,238977,0.0,6.7335,inf
138,2020-11-13,34.09,34.79,35.51,33.68,245663,0.0,6.9582,inf
139,2020-11-16,34.89,34.0,35.34,33.86,176019,0.0,6.7488,inf
140,2020-11-17,34.19,33.59,34.19,32.05,303745,0.0,6.7259,inf
141,2020-11-18,33.3,33.01,33.89,32.82,190527,0.0,7.2401,inf
142,2020-11-19,32.8,33.38,34.11,32.5,201168,0.0,6.0327,inf
143,2020-11-20,33.33,33.12,33.8,33.03,155021,0.0,4.4505,inf
144,2020-11-23,33.23,33.5,33.85,32.8,170250,0.0,4.5516,inf
145,2020-11-24,33.75,34.58,35.18,33.61,297833,0.0,3.965,inf
146,2020-11-25,34.69,34.23,35.17,34.12,207955,0.0,3.8099,inf
147,2020-11-26,34.43,34.47,35.18,34.19,182620,0.0,3.7998,inf
148,2020-11-27,34.47,34.28,34.88,33.85,167336,0.0,3.9784,inf
149,2020-11-30,34.88,35.1,35.66,34.52,288630,0.0,3.4997,inf
150,2020-12-01,35.0,35.2,35.35,34.46,206525,0.0,3.6784,inf
