,日期,开盘,收盘,最高,最低,成交量,pe,pb,roe
0,2020-01-03,86.28,83.36,86.48,82.78,21846,124.2031,15.1014,0.12158633721702598
1,2020-01-06,82.4,84.0,84.5,81.7,19401,121.3753,14.7575,0.12158569330003717
2,2020-01-07,83.9,84.27,84.45,82.88,21691,121.3671,14.7565,0.12158566860376495
3,2020-01-08,83.0,82.22,83.47,81.0,18328,122.5392,14.8991,0.121586398474937
4,2020-01-09,82.4,84.84,85.6,82.4,24384,118.6212,14.4227,0.12158619201289483
5,2020-01-10,84.55,83.64,85.5,83.0,19556,117.9573,14.342,0.12158637066124776
6,2020-01-13,83.0,82.16,83.01,80.6,32673,121.3097,14.7496,0.12158631997276391
7,2020-01-14,82.4,83.79,84.8,81.59,28142,131.1539,15.9465,0.1215861670907232
8,2020-01-15,83.25,83.05,83.9,82.0,16670,131.8014,16.0252,0.12158596190935758
9,2020-01-16,83.14,89.96,91.45,82.66,61044,132.3751,16.095,0.12158631041638494
10,2020-01-17,91.0,91.69,94.83,90.28,53157,137.662,16.7378,0.12158620389068878
11,2020-01-20,90.8,92.4,92.78,89.18,44089,138.5144,16.8414,0.12158591453307382
12,2020-01-21,92.4,89.4,94.0,88.6,34998,132.5391,16.1149,0.12158600744987705
13,2020-01-22,88.4,89.12,89.69,86.5,29673,133.3341,16.2116,0.12158630087876994
14,2020-01-23,87.7,85.0,88.98,84.0,36669,124.4244,15.1283,0.12158628050446696
15,2020-02-03,72.01,77.04,79.87,72.0,42322,127.9982,15.5628,0.12158608480431755
16,2020-02-04,78.0,81.6,82.35,77.0,24331,131.2276,15.9554,0.12158570300759901
17,2020-02-05,81.33,82.86,84.47,80.8,32949,126.3015,15.3565,0.12158604608813038
18,2020-02-06,82.0,83.08,83.7,80.98,43222,134.6702,16.374,0.12158591878529919
19,2020-02-07,82.5,81.77,84.29,79.88,33616,136.5144,16.5982,0.12158570817437574
20,2020-02-10,81.0,83.4,84.39,79.68,31985,128.3424,15.6046,0.12158569576383176
21,2020-02-11,84.06,81.1,84.06,80.2,21415,122.7032,14.919,0.12158607110491007
22,2020-02-12,81.1,82.1,82.99,80.88,20634,114.4246,13.9124,0.12158574292590929
23,2020-02-13,82.08,86.75,87.1,81.5,46161,115.2934,14.5396,0.12610956047787644
24,2020-02-14,87.8,84.7,88.88,83.8,33376,115.5721,14.5748,0.1261100213632875
25,2020-02-17,84.76,86.54,86.9,84.02,23147,112.7771,14.2223,0.1261098219408018
26,2020-02-18,86.59,85.65,87.49,84.2,23888,109.1214,13.7613,0.1261100022543699
27,2020-02-19,86.5,94.1,98.39,86.4,67350,105.9329,13.3592,0.12611001870051702
28,2020-02-20,93.25,92.33,95.84,91.2,40363,111.064,14.0063,0.12611017071238206
29,2020-02-21,92.33,90.12,92.33,89.51,33263,114.1951,14.4011,0.12610961416032737
30,2020-02-24,90.0,89.02,90.0,87.0,31744,111.8427,14.1045,0.126110152920128
31,2020-02-25,87.0,89.25,89.96,86.53,29222,109.8427,13.8522,0.126109427390259
32,2020-02-26,87.68,85.01,88.28,85.0,28344,112.6951,14.212,0.1261101858022221
33,2020-02-27,85.28,87.9,88.1,84.86,22507,112.2607,14.1572,0.12611002781917446
34,2020-02-28,85.51,86.4,89.88,85.05,32624,116.3016,14.6668,0.12611004491769676
35,2020-03-02,86.7,89.6,91.95,86.7,25352,118.5311,14.9479,0.12610951893638042
36,2020-03-03,90.44,91.46,91.6,89.35,22465,113.6869,14.337,0.12610951657578842
37,2020-03-04,90.97,90.99,91.96,89.8,18602,112.6869,14.2109,0.12610960102727115
38,2020-03-05,91.36,93.0,96.36,90.55,33142,109.6624,13.8295,0.12610976962021622
39,2020-03-06,91.93,88.8,91.93,87.89,26032,105.2444,13.2724,0.12611027285062198
40,2020-03-09,86.83,85.12,89.1,85.01,28489,101.5559,12.8072,0.12610985673899794
41,2020-03-10,83.05,86.09,86.57,82.08,22936,103.1706,13.0108,0.12610956997439193
42,2020-03-11,86.09,85.95,88.19,85.52,13996,103.6215,13.0677,0.12610992892401673
43,2020-03-12,84.52,83.28,84.6,82.37,15510,104.5887,13.1897,0.126110182075119
44,2020-03-13,78.0,84.58,85.05,77.0,16016,100.4986,12.6739,0.12611021447064935
45,2020-03-16,84.95,79.0,85.94,78.24,18553,99.1789,12.5074,0.1261094849811805
46,2020-03-17,80.0,78.5,82.85,77.36,19019,102.3674,12.9095,0.12610948407403139
47,2020-03-18,79.8,76.97,80.59,76.8,14240,99.9986,12.6108,0.12610976553671752
48,2020-03-19,76.6,77.05,77.79,75.14,15176,99.5805,12.5581,0.12611003158248854
49,2020-03-20,78.21,80.01,80.5,78.21,14794,99.0887,12.4961,0.12611024264118917
50,2020-03-23,77.88,78.92,79.85,77.02,15272,96.6052,12.1829,0.1261101886854952
51,2020-03-24,80.3,79.75,80.99,77.11,12159,99.4002,12.5353,0.12610940420643016
52,2020-03-25,81.35,81.28,81.98,80.69,8751,96.8429,12.2128,0.1261093998630772
53,2020-03-26,80.77,79.9,81.6,79.68,7384,97.4658,12.2914,0.12610987649000982
54,2020-03-27,80.92,78.85,81.0,78.31,8897,101.7198,12.8279,0.12611015751112367
55,2020-03-30,77.0,77.24,77.78,75.88,11059,103.5231,13.0553,0.1261100179573448
56,2020-03-31,78.0,76.34,78.38,76.1,6627,107.3509,13.538,0.12610979507391182
57,2020-04-01,75.98,76.3,77.37,75.6,5950,110.1624,13.8926,0.12611017915368583
58,2020-04-02,75.99,78.28,78.6,75.7,6606,109.9001,13.8595,0.12610998534123263
59,2020-04-03,78.1,77.96,79.82,77.71,7226,106.0395,13.3726,0.1261096100981238
60,2020-04-07,79.5,79.49,79.77,78.69,7668,106.728,13.4595,0.12611029907803015
61,2020-04-08,79.04,81.0,81.02,78.9,7260,103.6706,13.0739,0.1261100061155236
62,2020-04-09,81.3,81.2,82.22,80.6,8341,101.6379,12.8175,0.12610945326497303
63,2020-04-10,80.55,80.09,81.2,79.5,9949,104.4657,13.1742,0.1261102926606532
64,2020-04-13,80.0,80.26,81.57,78.06,9315,115.6213,15.115,0.13072850763656868
65,2020-04-14,80.65,83.04,83.6,80.46,10372,116.0639,15.1728,0.1307279869106587
66,2020-04-15,82.8,81.28,84.14,81.04,12512,112.1049,14.6553,0.1307284516555476
67,2020-04-16,80.3,80.45,81.74,80.3,8495,109.5722,14.3242,0.13072841468912735
68,2020-04-17,80.9,83.3,83.8,80.9,16573,109.3755,14.2985,0.13072854524093605
69,2020-04-20,83.0,88.2,88.3,82.71,18427,110.1869,14.4045,0.13072788144507197
70,2020-04-21,87.3,87.5,88.2,85.15,12635,106.9165,13.977,0.13072818507901027
71,2020-04-22,86.9,90.3,92.38,86.8,23195,107.5804,14.0638,0.1307282739235028
72,2020-04-23,91.0,90.8,92.28,89.7,12220,107.1296,14.0049,0.13072857548240635
73,2020-04-24,91.0,91.55,91.58,89.0,12280,106.5149,13.9245,0.13072818920169854
74,2020-04-27,91.4,91.03,94.38,90.11,11154,111.7771,14.6124,0.13072802926538618
75,2020-04-28,91.1,91.6,91.9,85.28,14718,109.8263,14.3574,0.13072824997291177
76,2020-04-29,92.58,87.96,92.88,87.96,12915,110.3345,14.4238,0.1307279228165261
77,2020-04-30,87.55,94.86,94.86,87.55,23469,112.3754,14.6906,0.13072789952249336
78,2020-05-06,94.55,96.63,96.88,91.01,27296,114.1787,14.9264,0.13072841081567751
79,2020-05-07,95.58,94.0,96.01,93.8,15635,110.6214,14.4613,0.13072787001430103
80,2020-05-08,94.05,97.56,98.58,94.0,16789,119.7524,15.655,0.13072806891552904
81,2020-05-11,97.99,101.5,104.7,97.11,25280,118.3917,15.4771,0.130727914203445
82,2020-05-12,101.01,109.04,109.23,100.03,29143,116.3672,15.2125,0.13072841831718904
83,2020-05-13,108.0,108.25,111.51,106.95,20909,117.4491,15.3539,0.13072811967056366
84,2020-05-14,107.21,112.0,112.88,106.02,20270,110.6541,14.4656,0.1307280977388095
85,2020-05-15,111.01,106.3,113.0,104.5,33979,109.0558,14.2567,0.1307284894521887
86,2020-05-18,105.22,104.26,108.18,103.8,23073,106.7935,13.9609,0.13072799374493768
87,2020-05-19,106.0,113.83,115.8,103.99,33403,114.4738,14.9649,0.1307277298386181
88,2020-05-20,112.0,104.8,115.5,101.5,38278,116.5557,15.2371,0.13072805534178078
89,2020-05-21,104.0,101.65,107.1,100.65,22474,117.6295,15.3775,0.13072826119298306
90,2020-05-22,102.95,100.0,103.96,99.67,21955,112.0804,14.6521,0.13072847705754084
91,2020-05-25,101.0,104.0,105.0,99.13,21681,115.3262,15.0764,0.13072831672247937
92,2020-05-26,104.72,110.0,111.11,104.36,20605,118.4819,14.8983,0.1257432569869322
93,2020-05-27,109.66,109.0,111.87,107.57,13238,123.6949,15.5538,0.12574326023142426
94,2020-05-28,109.87,113.62,115.78,108.25,20819,127.3752,16.0165,0.1257426877445531
95,2020-05-29,113.65,112.76,114.79,111.18,14690,126.2933,15.8805,0.1257430124955164
96,2020-06-01,113.79,113.61,118.48,112.8,19043,119.2606,14.9962,0.12574312052765121
97,2020-06-02,113.61,110.0,113.97,108.45,23017,121.3015,15.2528,0.12574288034360664
98,2020-06-03,109.75,112.11,114.38,108.96,15981,115.5721,14.5324,0.12574315081235005
99,2020-06-04,113.0,119.45,121.8,110.22,23742,117.3754,14.7591,0.12574270247428337
100,2020-06-05,118.45,124.5,127.5,118.45,21477,113.9738,14.3314,0.125742933902353
101,2020-06-08,124.93,123.25,126.5,119.49,20957,115.7033,14.5489,0.12574317240735572
102,2020-06-09,122.98,130.86,131.0,121.17,19749,120.0311,15.0931,0.12574324487570304
103,2020-06-10,131.52,126.44,134.47,125.1,27554,119.6048,15.0395,0.12574328120610545
104,2020-06-11,127.7,127.3,129.88,124.85,14221,121.2278,15.2435,0.1257426101933715
105,2020-06-12,125.0,127.42,130.0,124.0,15041,118.8508,14.9446,0.12574252760604052
106,2020-06-15,128.0,130.0,132.38,125.12,15232,113.1213,14.2242,0.12574289722625182
107,2020-06-16,129.97,138.6,139.37,129.0,20936,114.4,14.385,0.12574300699300697
108,2020-06-17,138.77,136.6,141.99,135.0,18390,109.5558,13.7759,0.1257432285648044
109,2020-06-18,136.2,130.77,137.86,129.58,24409,108.3591,13.6254,0.12574301558429335
110,2020-06-19,131.66,132.2,136.2,130.3,17820,107.187,13.478,0.12574286060809614
111,2020-06-22,133.68,133.66,139.46,132.0,18763,111.9656,14.0789,0.12574308537622272
112,2020-06-23,133.01,139.57,139.88,132.0,19039,113.6049,14.285,0.12574281567080292
113,2020-06-24,139.16,138.01,142.0,136.18,16964,106.5558,13.3986,0.1257425686823242
114,2020-06-29,138.01,145.0,146.25,138.01,21333,104.4411,13.1327,0.12574264346124273
115,2020-06-30,146.77,147.9,152.6,143.77,18308,104.3428,13.1204,0.1257432232985889
116,2020-07-01,149.0,145.92,149.9,141.2,21054,103.6379,13.0317,0.1257426096051734
117,2020-07-02,146.0,146.44,153.99,143.82,22233,107.2608,13.4873,0.12574304871863717
118,2020-07-03,146.0,141.16,146.0,134.33,29755,101.0231,12.7029,0.12574252819404672
119,2020-07-06,140.0,139.05,140.0,135.56,33955,102.0477,12.8318,0.12574315736660405
120,2020-07-07,138.55,143.2,143.2,137.3,29062,97.9084,12.3113,0.12574304145507434
121,2020-07-08,143.2,141.0,143.8,139.51,22386,91.8921,11.5548,0.1257431269935065
122,2020-07-09,140.14,147.99,148.69,138.0,34675,90.1626,11.3373,0.12574282463016817
123,2020-07-10,146.0,145.5,150.97,145.0,18159,93.1216,11.7094,0.12574311437947802
124,2020-07-13,147.8,154.08,155.0,144.69,24285,92.4249,11.6218,0.1257431709420297
125,2020-07-14,154.0,155.4,159.4,147.1,28453,93.1298,11.7104,0.12574278050634705
126,2020-07-15,155.88,150.91,162.15,148.08,31447,89.343,11.2342,0.1257423636994504
127,2020-07-16,148.5,144.55,149.73,142.04,28362,90.1626,11.3373,0.12574282463016817
128,2020-07-17,144.54,141.07,146.92,139.07,19094,85.2447,10.7189,0.1257427147963451
129,2020-07-20,140.37,137.11,140.65,130.38,25469,81.966,10.3066,0.1257423809872386
130,2020-07-21,137.87,143.88,145.25,135.39,18588,83.3185,10.4767,0.1257427822152343
131,2020-07-22,143.47,142.57,147.35,142.14,17496,85.9004,10.8014,0.12574330270871845
132,2020-07-23,140.96,140.03,145.17,138.05,17978,93.3019,11.7321,0.12574342001609828
133,2020-07-24,137.37,130.66,139.17,129.25,22233,85.4578,10.7457,0.1257427642649354
134,2020-07-27,131.23,133.42,135.65,127.37,14888,87.1299,10.956,0.12574328674771804
135,2020-07-28,134.2,135.37,138.35,133.71,9365,91.802,11.5434,0.12574235855427984
136,2020-07-29,136.57,143.66,144.31,134.56,19357,88.7282,11.1569,0.1257424358884774
137,2020-07-30,144.37,142.34,147.26,141.26,17374,89.3758,11.2384,0.12574321013070652
138,2020-07-31,142.34,144.81,146.01,140.03,18016,83.1955,10.4612,0.12574237789303508
139,2020-08-03,144.81,146.47,147.35,143.87,16772,79.9661,10.0552,0.12574328371647486
140,2020-08-04,146.17,135.33,146.37,135.27,36401,77.0481,9.6882,0.12574223115170913
141,2020-08-05,133.66,139.67,142.57,132.37,18779,79.2038,9.9593,0.12574270426418935
142,2020-08-06,138.37,137.47,141.23,136.27,13234,77.753,9.7769,0.1257430581456664
143,2020-08-07,137.11,134.98,138.29,132.75,13770,72.0973,9.0657,0.12574257288414406
144,2020-08-10,133.88,134.36,136.29,133.37,10867,103.7324,9.652,0.09304710967836471
145,2020-08-11,135.09,136.74,141.57,134.42,20080,103.0869,9.592,0.09304771023282299
146,2020-08-12,136.74,130.32,137.17,127.63,21951,103.6757,9.6468,0.09304784052579342
147,2020-08-13,130.67,131.07,131.87,128.87,9086,102.8264,9.5677,0.0930471163047622
148,2020-08-14,130.37,131.62,133.58,129.03,8763,102.2602,9.5151,0.09304793067097464
149,2020-08-17,131.37,130.81,132.14,130.01,9771,99.0893,9.22,0.09304738251254173
150,2020-08-18,131.17,134.8,135.32,129.71,12323,99.882,9.2938,0.09304779639975169
151,2020-08-19,134.25,133.81,136.37,131.49,9696,94.333,8.7775,0.09304803197184443
152,2020-08-20,132.7,134.05,136.57,130.87,12510,91.1056,8.4771,0.09304696967036055
153,2020-08-21,135.47,137.14,138.6,135.37,11114,92.0455,8.5646,0.09304746022347643
154,2020-08-24,137.14,141.97,143.45,135.92,15085,94.0386,8.7501,0.0930479611563762
155,2020-08-25,140.45,141.43,144.17,139.7,10195,90.8904,8.4571,0.09304723051059298
156,2020-08-26,133.27,127.82,135.36,120.7,56361,90.6979,8.4392,0.09304735831810879
157,2020-08-27,126.36,124.37,126.37,120.47,20775,91.9549,8.5562,0.09304778755672619
158,2020-08-28,124.37,126.85,128.24,122.89,14082,91.7284,8.5351,0.09304751854387519
159,2020-08-31,125.97,130.58,131.87,125.55,16462,90.0184,8.376,0.09304764359286545
160,2020-09-01,131.36,129.74,131.97,128.46,8017,88.2858,8.2148,0.09304780610245363
161,2020-09-02,130.37,134.45,136.25,128.67,14068,88.6481,8.2485,0.09304767953289467
162,2020-09-03,134.37,134.77,136.23,133.03,8607,86.4059,8.0399,0.09304804417290947
163,2020-09-04,130.25,131.34,133.37,129.88,9154,86.4512,8.0441,0.0930478697808706
164,2020-09-07,129.71,126.67,131.84,126.1,12488,87.4704,8.1389,0.09304747663209496
165,2020-09-08,125.47,124.47,128.15,121.98,11644,89.2936,8.3086,0.0930481019916321
166,2020-09-09,124.87,119.28,125.06,119.28,9802,90.4827,8.4192,0.09304762125798634
167,2020-09-10,121.15,118.52,121.82,118.52,6262,92.0455,8.5646,0.09304746022347643
168,2020-09-11,118.52,121.64,122.43,118.39,5445,90.3128,8.4034,0.09304771859581366
169,2020-09-14,125.05,118.23,125.96,117.16,10725,89.3729,8.3159,0.09304722124939438
170,2020-09-15,119.63,121.26,121.27,117.37,7225,90.6073,8.4308,0.09304769041788023
171,2020-09-16,121.04,121.86,124.87,119.87,8907,87.2552,8.1189,0.09304774958970927
172,2020-09-17,121.12,122.37,124.15,119.92,6627,87.1646,8.1105,0.0930480952129649
173,2020-09-18,122.64,125.26,125.47,121.67,6768,88.8973,8.2717,0.09304782034999937
174,2020-09-21,125.68,121.37,125.74,120.95,8449,89.4635,8.3244,0.09304800281679122
175,2020-09-22,120.66,122.98,123.37,120.05,8271,95.7826,8.9123,0.09304717140691524
176,2020-09-23,124.37,127.97,130.34,122.88,13494,94.3104,8.7753,0.09304700223941367
177,2020-09-24,126.04,126.79,129.37,124.5,8664,97.334,9.0567,0.09304765035855918
178,2020-09-25,127.82,126.24,128.37,125.05,5107,97.4926,9.0714,0.09304706203342614
179,2020-09-28,126.17,124.27,127.37,123.07,4560,96.3941,8.9692,0.0930471885727446
180,2020-09-29,126.03,128.77,129.82,125.07,11217,100.5615,9.357,0.09304753807371609
181,2020-09-30,128.43,134.16,135.37,128.01,17683,105.3178,9.7996,0.09304789883571438
182,2020-10-09,134.83,137.85,138.37,133.55,12240,103.0416,9.5878,0.09304785639974535
183,2020-10-12,138.67,139.07,139.27,136.75,12149,103.5738,9.6373,0.09304766263282799
184,2020-10-13,139.01,144.98,145.59,137.28,18451,101.4675,9.4413,0.09304752753344667
185,2020-10-14,143.16,142.26,144.66,140.2,13870,97.8436,9.1041,0.09304747576744929
186,2020-10-15,142.25,137.33,143.35,136.57,11054,99.5423,9.615,0.09659210205108783
187,2020-10-16,138.82,137.86,141.97,136.75,10442,96.2695,9.2988,0.0965913399363246
188,2020-10-19,139.37,134.38,139.62,133.47,9566,101.0711,9.7626,0.09659140941376912
189,2020-10-20,135.33,136.82,137.08,134.27,8443,100.8107,9.7375,0.09659192922973456
190,2020-10-21,137.32,139.69,141.75,136.37,11491,102.0563,9.8578,0.09659178316282287
191,2020-10-22,139.37,135.87,139.37,134.51,7616,104.5591,10.0995,0.0965913057782632
192,2020-10-23,136.36,129.61,137.33,128.07,10586,106.5635,10.2932,0.09659217274207398
193,2020-10-26,127.87,133.5,134.87,126.39,9013,96.9943,9.3688,0.0965912429905675
194,2020-10-27,133.88,137.96,138.92,131.61,9217,98.0022,9.4662,0.09659170916571261
195,2020-10-28,136.47,141.37,143.24,136.47,11437,95.9185,9.2649,0.09659137705447855
196,2020-10-29,138.77,141.03,142.87,138.37,12061,98.24,9.4892,0.09659201954397395
197,2020-10-30,139.37,139.97,143.37,135.62,13835,92.9741,8.9805,0.09659141631916844
198,2020-11-02,140.5,150.07,153.94,139.03,21593,91.8417,8.8711,0.09659119985801656
199,2020-11-03,149.37,156.95,162.16,149.01,23433,94.4463,9.1227,0.09659139638080053
200,2020-11-04,158.27,166.92,168.95,155.28,28582,92.6004,8.9444,0.096591375415225
201,2020-11-05,165.86,164.67,168.16,160.38,22933,94.0839,9.0877,0.09659144657056096
202,2020-11-06,162.32,154.46,162.32,150.09,32336,93.8348,9.0637,0.09659209589619204
203,2020-11-09,155.33,160.47,163.48,151.37,21298,92.4079,8.9258,0.09659130875174093
204,2020-11-10,160.37,156.53,163.57,153.57,13265,87.2439,8.427,0.0965912803072765
205,2020-11-11,157.04,152.17,160.35,151.25,13158,96.2582,9.2977,0.09659125144663001
206,2020-11-12,153.02,163.04,163.47,153.02,32356,100.9239,9.7484,0.09659159029724376
207,2020-11-13,163.25,162.07,163.25,158.87,16851,101.241,9.779,0.09659130194288874
208,2020-11-16,169.07,169.36,174.35,162.08,33540,104.6383,10.1072,0.0965917833145225
209,2020-11-17,170.31,168.32,173.47,166.88,17634,103.8343,10.0295,0.09659139609936217
210,2020-11-18,167.03,161.87,170.22,154.32,27708,101.8752,9.8403,0.09659171221258951
211,2020-11-19,159.29,161.17,162.36,156.37,11836,94.0499,9.0844,0.09659127760901395
212,2020-11-20,159.37,160.38,164.03,158.87,9414,94.8879,9.1654,0.09659187314715574
213,2020-11-23,161.51,148.37,161.52,144.65,42282,93.042,8.9871,0.09659186173985941
214,2020-11-24,145.35,144.28,147.56,143.2,20185,94.7181,9.149,0.09659188687273075
215,2020-11-25,145.36,145.09,146.37,141.27,15237,96.077,9.2802,0.09659127574757748
216,2020-11-26,144.62,149.87,150.52,143.77,17236,93.11,8.9937,0.09659220277091612
217,2020-11-27,150.07,148.44,151.37,145.71,10763,95.4315,9.2179,0.09659179620984686
218,2020-11-30,150.27,148.45,152.36,147.5,11159,95.1258,9.1884,0.09659209173536516
219,2020-12-01,150.24,151.9,152.69,147.88,12689,94.401,9.1184,0.09659219711655596
